-33
-23
-12
-111
-94
30
-47
-74
13
53
29
21
91
53
12
6
-23
-17
-20
-36
-44
-9
-23
30
119
90
94
86
45
2
-24
-21
-16
22
17
1
60
33
-3
16
-12
-22
-11
50
41
-15
20
-15
7
-15
-96
5
6
0
-8
-66
-1
-6
-41
-3
-7
-27
-10
-41
-36
-8
-13
37
29
-28
0
-16
-43
-46
-83
-16
-24
-95
-45
-25
2
-4
-95
-121
-90
-82
-68
-30
-2
37
78
81
44
24
45
17
6
41
13
12
8
-19
10
8
25
20
-8
52
29
2
13
-47
-36
-16
-68
9
87
44
31
8
41
6
-100
-49
19
-4
8
43
22
47
-12
-97
-62
-2
92
81
4
21
50
-18
-92
26
126
9
-73
-19
29
8
33
11
-55
1
-17
-48
18
66
29
-50
-2
73
2
-84
-83
-42
-23
-16
10
-11
-49
-22
51
18
-47
-36
-59
-62
-55
-30
8
-18
-71
-7
-50
-105
31
-15
-14
53
-30
-13
70
61
-16
-27
-19
-15
-6
-42
-80
-74
-118
-159
-21
53
38
29
-35
-77
-49
23
26
3
-3
-11
-39
-54
7
-2
25
9
-56
57
-8
-63
-3
-26
52
69
59
33
37
128
78
34
72
66
90
59
-3
29
20
9
22
66
39
-17
11
-43
-41
41
27
52
40
-26
32
-4
8
74
-14
22
57
-34
-29
62
11
-65
-21
5
8
56
131
111
-9
-7
8
-8
31
-29
-99
-38
24
18
-6
-34
34
98
0
-74
1
29
-7
-46
-35
15
-43
-51
-27
-41
-48
-30
14
-6
-37
-38
11
15
-16
73
129
137
90
18
90
92
48
13
-50
29
53
-35
13
40
-17
-54
-80
-27
10
31
75
32
-16
6
-41
-50
6
-73
-48
21
-65
-130
-110
-40
5
64
69
-33
-40
-60
-63
39
-19
-115
-46
1
-27
37
80
44
45
14
27
11
-75
-42
1
-35
-60
-114
-65
4
-30
0
-16
-8
9
18
110
96
78
81
53
83
56
23
78
71
-3
-8
20
20
19
20
-45
-52
35
36
71
120
76
-31
-74
-8
48
6
-19
91
19
-75
0
32
2
-19
-26
-72
-24
-10
-61
-2
36
98
104
12
30
30
-35
-1
4
-26
-58
-116
-49
-67
-64
21
-38
-28
-24
-120
-108
-46
-54
-34
-15
8
58
12
31
5
-15
59
-41
-42
106
55
-8
-30
-7
110
31
-24
49
-27
-39
41
66
-5
22
119
64
74
41
-43
-2
31
-1
-25
-41
-63
-76
-62
-19
-28
-30
19
-5
-3
73
-2
-63
-5
-12
-12
-13
-63
-30
11
58
118
85
96
107
81
0
-61
27
36
28
56
72
81
4
-31
28
50
16
-22
-12
33
-21
3
105
51
37
47
19
52
32
-39
-3
65
34
37
17
-53
-23
-30
-89
-73
-72
-66
-37
11
27
0
5
34
92
83
48
73
24
-60
-20
-9
-25
-47
-50
-21
-82
-62
25
56
67
-4
-21
48
22
53
63
-52
-55
-57
-111
-13
68
46
43
15
-32
-57
-39
-12
-33
-28
-39
-120
-104
-26
-13
-1
-11
27
56
-30
-29
7
-8
-69
-71
-35
-42
34
45
59
76
7
3
18
-7
-66
-44
27
32
41
26
23
54
16
-17
-2
-26
-22
20
-16
-52
-20
35
-16
-66
19
36
17
9
65
72
-15
-15
47
99
71
88
93
27
18
6
-9
-52
-43
-48
-75
-57
-40
-40
-70
16
84
28
-22
-28
-21
40
24
-57
7
-7
10
20
-34
47
4
-56
-65
-29
25
2
44
-20
-78
-15
34
0
-61
-49
-87
-40
3
-17
-33
9
95
40
74
83
1
-2
38
56
15
17
9
10
-51
-67
-40
-68
-29
7
6
6
47
30
32
-3
-5
75
69
69
-4
32
109
47
82
53
-44
-66
-81
-73
-50
-25
-51
-25
10
-64
-58
-33
-92
-67
21
72
127
111
9
-1
62
41
-20
-8
24
70
64
-45
-104
-70
0
19
-34
-21
-2
-39
-19
-59
6
57
-42
6
57
24
7
27
41
160
141
55
90
3
-8
15
-37
-45
-55
-26
75
46
-50
-47
-30
-57
-80
-122
-145
-29
52
10
14
6
-7
25
-21
-80
-48
-18
-15
37
-38
-131
-85
-13
2
9
99
107
92
33
5
-11
-69
-28
-68
-89
-30
30
0
-29
10
58
121
18
-55
4
20
-34
-79
19
30
-14
-2
-47
37
59
-14
44
19
-17
0
-88
-104
-26
-35
-60
4
118
139
94
93
70
20
-48
-71
-15
-27
-31
-10
-52
-4
22
-36
-6
21
39
28
-14
-22
0
23
-46
-80
-41
6
28
-6
47
96
20
-13
-16
-45
-11
-35
-83
-112
-95
59
33
4
-15
-49
63
33
12
-14
-65
-88
-103
-39
-33
-5
5
-29
-15
0
5
-41
-30
62
9
-59
-9
34
11
0
34
24
14
45
-12
-43
19
34
-2
-52
-39
-45
-5
34
25
76
77
88
55
26
61
28
-31
-38
62
97
33
-13
-5
20
22
51
46
6
-60
-67
6
-60
-125
-37
-2
36
17
-31
75
110
31
-47
-46
-36
-37
33
-20
-79
-18
-73
-133
-20
-1
-50
18
28
-25
-33
-63
-130
-83
12
-40
-42
29
9
41
29
2
35
24
-2
-9
16
-11
-3
56
24
48
20
-47
46
41
-13
-44
-99
-37
-19
-24
66
83
23
8
34
90
117
84
86
80
32
63
71
81
114
21
17
59
62
104
14
1
63
71
87
-4
20
33
-68
-27
-3
23
43
21
4
-68
-64
-69
-90
-63
-47
-51
-45
31
71
34
-10
24
56
-48
-55
-59
-71
-67
-138
-61
-80
-42
80
-17
-54
-26
-39
-54
-51
-7
0
-41
0
6
-83
-79
-88
-121
-79
-76
-60
-87
-53
-26
-69
-19
-40
12
12
-110
-53
-43
-7
71
52
63
23
19
24
-34
-19
32
-43
-36
32
-73
-44
36
22
-16
-48
5
-98
-105
29
17
-9
-67
-43
25
42
42
74
117
26
-62
-34
19
59
69
110
138
132
92
9
43
55
43
-34
-60
90
83
58
105
68
116
206
175
118
91
101
31
1
123
53
0
47
1
46
30
-5
30
29
56
72
29
32
107
70
27
90
44
1
46
48
22
10
10
40
8
-11
53
50
47
-30
-40
7
-79
-89
-2
-76
-138
21
-7
-74
-50
-63
-66
-87
-32
-29
-22
-38
-79
-58
-93
-61
-59
-101
-58
-48
-122
-144
-98
32
102
-59
-90
-126
-135
-20
-88
-94
-82
-80
-19
-15
-94
-142
-114
-95
-50
-73
-48
-36
-51
-15
-50
-82
-66
0
16
-8
-29
-40
-20
-20
46
120
39
-11
0
-29
-5
34
-9
39
13
-42
36
19
63
105
107
101
23
25
-22
-95
30
69
1
66
84
34
31
70
57
50
76
36
44
56
40
27
21
60
70
60
115
102
70
105
99
104
141
163
94
73
81
32
38
40
51
28
-7
57
13
-59
22
44
-13
24
54
-23
-23
-9
-49
-5
-85
-99
34
10
46
69
-2
-44
-16
16
-40
-37
2
-19
-7
63
70
74
71
33
-23
-83
-54
-33
-44
-74
-80
-71
-80
-97
-77
-84
-116
-59
-49
-39
2
-4
-68
-70
12
46
1
-31
27
-23
-64
6
-4
-55
-37
-20
-66
-102
-124
-113
-52
10
-34
-67
15
41
-10
-50
-11
-13
-24
0
-32
23
33
-20
7
-10
-74
-87
-49
6
-19
-67
-21
-52
-5
39
-68
-13
57
58
75
13
-34
3
76
133
109
8
-7
42
104
81
-6
2
12
-32
-3
70
61
66
67
40
31
53
58
-30
-41
6
-3
64
56
-48
-51
-15
-22
-98
-63
69
52
70
98
-29
-10
61
3
-63
-56
-11
-71
-45
72
40
26
7
19
-14
-56
73
81
42
-14
-34
5
-57
-63
-32
-52
-47
18
-22
-48
-33
-19
127
98
23
43
41
98
3
-104
-17
-47
-108
-62
-33
8
29
28
5
-66
-17
43
-3
36
43
-17
14
33
35
78
40
12
19
13
23
1
-56
-77
-24
43
48
54
63
28
10
15
0
-17
9
50
121
121
89
82
32
6
-47
-51
22
-59
-54
78
85
54
25
21
-80
-128
-46
-61
-48
-51
-73
-53
-52
-73
-48
-27
-80
-50
7
-16
-72
-103
-84
-32
6
-4
-1
-9
0
46
20
-28
-58
-55
-29
-2
26
15
-47
-44
34
40
16
-20
-17
32
30
16
-3
20
46
16
-16
0
6
11
8
-20
-4
-49
-90
-77
-40
-29
-15
42
50
20
-71
-9
63
-17
-59
-84
-88
-25
52
-84
-95
-49
-88
37
-22
-21
65
-25
5
35
-10
23
5
3
-5
-73
19
105
42
20
38
22
25
33
14
42
51
63
91
6
21
92
39
78
120
35
-7
52
56
62
87
-17
-2
114
163
149
61
18
38
31
-3
-13
6
3
0
61
94
19
-27
-9
3
-17
-10
59
101
54
-4
7
12
5
-44
-12
45
7
35
-21
-6
79
-8
-39
-77
-86
-54
-34
-51
-156
-90
-49
-64
-23
-50
-13
-18
-35
-55
-82
0
-84
-111
7
-46
-80
-39
50
48
-58
-27
-7
-12
-49
-66
-72
-130
-31
24
66
11
-65
77
22
-63
-18
-34
11
39
4
42
54
-7
0
-15
-53
5
50
56
28
24
27
22
73
52
-22
-63
-44
11
66
128
129
103
61
34
116
48
-19
70
2
5
49
-2
44
27
-42
19
-7
-61
-36
-105
-58
-39
-39
76
17
12
61
-36
-108
-86
-34
-32
-14
1
-42
-51
-14
-46
-79
-54
10
29
9
2
-57
-45
-10
-20
-25
-58
-77
-6
15
-12
-8
-33
6
28
32
30
0
5
-39
-29
-28
-3
103
23
-31
16
-73
-125
-40
13
22
54
63
-7
0
80
35
35
41
0
68
74
35
37
33
-56
-20
87
58
37
-27
-50
-43
20
71
19
27
42
58
90
136
142
42
27
64
18
22
36
-7
-33
9
70
78
30
13
57
43
-6
-62
-52
60
53
-17
10
47
7
-16
1
8
8
25
19
8
-47
-134
-78
-64
-64
-46
-82
-94
-76
14
11
18
56
-6
72
79
-40
1
-6
0
13
-23
-11
-28
-35
-83
-78
-24
24
54
31
71
48
0
2
-40
-45
-38
-29
-7
-33
-13
-49
-118
-48
-88
-105
-46
-89
-46
-33
-17
-1
-7
-8
-49
21
-7
-45
-4
-8
-21
-52
-17
-25
-22
23
-43
-57
12
-8
23
7
-65
-25
-42
-32
-4
-4
88
30
5
100
58
59
98
87
45
46
22
-53
-28
23
60
103
33
36
96
54
36
15
89
51
-17
48
56
88
73
89
97
86
96
53
92
21
17
89
-4
1
-22
-36
-27
-83
-52
-34
-40
-15
-33
41
119
46
61
-17
-78
5
-26
-48
-81
-72
24
-23
-20
26
-61
-30
-4
-46
27
4
-29
-46
-69
-14
-85
-90
-73
-147
-86
-105
-83
-36
-54
-59
-131
-124
-114
-74
-31
-2
5
-85
-104
-139
-130
-55
-58
-25
-37
-60
-10
-49
-23
-11
-95
-38
-30
-70
-25
-11
-24
-23
45
27
-8
-15
-57
-35
-18
-5
14
3
-37
15
45
3
79
87
69
73
22
76
31
-4
80
90
79
104
97
-24
-36
-8
12
89
78
88
54
92
142
35
41
76
88
50
-6
31
49
-4
2
54
54
72
32
37
84
82
6
22
116
-2
-10
6
-3
48
-52
-72
-64
-40
38
-21
-36
-29
-9
34
30
40
72
85
-8
-5
3
-12
16
46
77
-48
-51
-2
-100
-144
-40
-3
-84
-47
-50
-57
-24
-56
8
-8
4
109
-14
-68
-18
-39
-32
-51
-38
20
-37
-64
15
0
-79
-73
15
66
44
-51
-52
39
11
-35
-72
-82
-60
-44
-55
-56
-7
-64
-65
-45
-9
61
-10
-91
-105
-20
40
14
-23
-23
-14
-32
-48
-83
-70
-29
-35
-72
-54
-15
0
49
14
-29
-4
-58
-73
2
54
58
56
41
-10
-25
-26
16
-7
-34
66
21
-25
4
-29
-26
43
97
104
62
16
99
92
1
29
58
67
92
70
-4
4
16
15
41
74
131
89
23
-17
-54
16
58
65
94
37
-13
54
115
125
131
59
84
97
45
82
25
0
-10
-23
61
8
-12
47
-1
-16
58
68
0
8
74
2
-65
-31
3
-9
-37
5
18
-16
-57
-81
-72
-28
0
-6
15
15
-27
-21
86
4
-67
29
-35
-38
-27
-40
-19
-69
-14
-36
-128
-67
-105
-167
-87
-62
-72
-66
-83
-66
-14
0
-10
-19
-41
-34
-64
-40
31
-6
-7
17
-22
-54
52
-12
-73
5
-49
-22
-67
-78
-14
-36
-25
-48
-35
56
54
-19
-115
-102
-37
-2
55
14
15
82
24
-38
-14
-51
-5
38
-8
-26
-32
62
45
-13
39
46
17
-28
17
-2
-38
54
53
43
57
60
87
0
-52
15
22
13
72
60
80
110
106
160
77
34
81
53
44
29
73
69
-7
-20
-28
22
33
0
76
49
-58
28
129
146
104
-6
-6
-25
-15
33
19
25
2
61
43
28
85
60
35
17
2
-9
-5
-54
-3
30
-94
-51
37
-16
-10
-39
-117
-84
-59
-16
-9
-5
84
60
-49
-81
-53
-39
-25
-46
-73
-66
-70
-41
-30
-83
-84
-47
8
32
-13
-1
53
32
-50
-74
-5
-40
-56
8
33
44
16
-1
4
5
-16
-58
-54
23
37
-22
-36
-28
-5
16
51
87
-1
-76
-39
-55
-74
-60
-12
27
-112
-105
-5
-64
-32
-13
0
-16
-2
20
-87
-73
-19
23
-1
-122
-107
-34
2
12
-18
-63
-42
-1
46
115
10
-74
-10
34
10
-50
-42
-88
-85
-66
-27
81
46
-2
-2
8
36
53
36
-35
-23
18
27
5
-47
-11
46
71
77
49
50
30
62
140
151
103
37
33
69
31
-91
-15
31
36
97
-40
7
92
88
104
-33
-8
87
53
83
56
28
8
-68
23
86
-6
-37
15
44
27
1
-30
30
44
-38
0
14
5
40
-7
-67
-43
74
47
2
66
13
-71
-53
52
80
21
45
-25
-92
-18
-42
-3
-1
-21
67
27
-19
29
10
-26
-12
-18
-4
5
11
-16
-60
0
49
-9
-4
-11
-70
-10
-11
-39
24
-46
-127
-59
-24
3
-35
-96
-47
-81
-68
-34
-79
-58
44
80
39
41
-13
-59
-65
-17
14
-102
-143
-36
1
-5
19
26
55
33
-67
-67
-83
-115
0
51
60
45
6
62
44
60
107
5
23
48
-56
-79
14
89
-31
-52
53
12
17
-25
-36
74
24
-9
-28
-48
40
-20
-56
35
-12
-47
-34
-26
46
59
80
115
84
41
-6
-10
48
54
-50
-67
0
-26
-27
10
18
16
19
65
52
-15
1
94
83
42
8
-32
29
-5
-2
12
-48
-35
-63
-2
107
49
3
17
1
12
0
-57
-39
-27
-37
0
23
71
19
-59
-17
23
-1
-72
13
77
-9
26
55
1
-38
-32
55
37
32
-8
11
99
-21
-2
21
-5
17
-25
-42
-62
-51
0
32
-8
-1
3
-20
3
-16
-28
-59
-115
-113
-64
-63
-83
-67
-10
41
-6
-13
39
34
4
47
67
49
63
28
1
9
36
67
96
46
16
60
-8
-10
0
-18
-14
20
30
-55
-51
-8
26
-9
-82
-37
-60
-61
49
49
117
129
3
42
23
10
65
40
55
82
3
-104
-45
69
4
-62
-66
-58
-7
1
47
1
-64
4
-57
-87
-86
-107
-41
-28
-72
-89
-1
44
19
10
-20
-6
-24
-63
-43
-52
-33
-18
-53
-31
-9
-1
-3
24
49
40
-29
-106
-42
-26
-47
-57
-30
26
-19
8
44
44
99
89
17
-8
-1
0
43
74
8
23
58
-5
1
19
63
96
40
82
69
-10
9
45
46
43
100
49
17
29
31
64
-60
-26
85
69
38
-27
22
24
9
5
-53
-21
-13
-20
-4
-41
-49
-36
-19
43
-2
-15
28
22
-3
-83
-107
-62
-33
-55
-65
-10
15
-18
-80
-49
-27
-22
89
51
-69
-19
34
1
0
-45
-20
8
-71
-11
10
37
41
-2
2
-33
10
-17
-76
-78
-35
39
37
3
-71
-83
32
33
-15
-10
54
91
-55
-15
58
17
38
1
25
-20
-18
18
-68
-73
-53
-72
-85
-48
-14
-31
-9
-7
-41
-80
-138
-66
-10
-31
31
91
64
20
13
-40
0
8
-60
22
33
49
53
-52
-4
5
-50
-5
49
50
0
66
115
75
33
-81
-31
61
24
43
107
95
-13
-11
31
85
102
42
1
-7
42
6
-10
5
10
53
-32
-83
43
127
65
-43
-29
72
9
-33
32
-34
-73
5
25
-14
90
147
65
18
-87
-97
-3
0
3
-19
-58
-79
-55
12
21
50
49
-23
-26
6
48
11
-46
-8
-11
-13
-25
-70
-29
-1
21
-8
-99
-7
6
-91
-102
-88
-20
-61
-109
-20
-23
-39
-34
-88
-35
-20
12
105
38
57
59
8
55
6
-24
-10
-22
33
20
-44
-53
-85
-49
14
15
-26
10
54
46
121
98
40
38
6
44
3
-82
-32
30
88
67
15
30
-8
-13
37
47
36
13
31
51
28
3
-28
32
79
45
70
27
-22
7
-40
-10
46
-6
-4
0
1
35
37
65
62
6
3
44
68
77
106
43
-59
-16
-4
-77
-54
0
13
-18
31
54
10
57
42
-3
-31
-39
-56
-16
14
-27
48
73
29
-18
-69
-26
23
-39
-76
-20
-48
-53
-98
-80
31
14
13
-31
-84
6
80
5
-67
-94
-114
-85
-73
-55
-81
-146
-131
-150
-169
-167
-119
-89
-74
-20
-66
-35
-53
-139
-110
-120
-56
-3
-18
1
-56
-65
-32
-19
-11
18
96
82
31
58
53
34
53
15
2
64
85
41
38
77
111
116
92
112
150
159
155
160
118
77
90
90
74
114
168
88
57
111
162
163
66
51
28
28
47
-38
-37
-31
-39
16
35
40
34
42
25
12
56
35
44
25
-21
-17
4
49
3
-7
-44
-80
-80
-89
-13
-40
-63
-36
-109
-170
-155
-134
-154
-119
-79
-143
-126
-62
-75
-104
-160
-82
12
-42
-58
14
31
-69
-54
-30
-37
-5
-98
-70
34
41
37
-4
-16
-11
-32
3
28
-3
-34
30
43
-61
-38
-11
-12
26
38
48
109
132
65
54
63
83
88
86
34
-22
6
20
61
50
38
97
89
33
34
84
75
31
7
42
73
-6
-35
17
8
54
63
29
57
76
69
26
4
1
-14
-105
-90
-117
-148
-50
15
54
-43
-47
-36
-49
33
35
34
27
15
-26
-74
-93
-93
-4
8
-66
-67
-51
-36
-23
0
18
-85
-91
-45
-50
-34
-30
-64
-80
-44
-159
-116
23
-27
-27
2
38
46
-17
-33
20
51
-40
-79
-28
-21
9
60
43
39
108
82
53
54
-12
29
7
-86
-16
45
47
94
103
40
67
62
33
43
43
57
-4
30
103
128
115
59
20
-79
-35
58
69
63
46
91
48
55
106
10
-31
0
17
30
29
-3
-18
-6
-25
-3
25
29
8
37
1
-28
51
33
5
-119
-138
-50
-105
-132
-124
-92
-36
44
20
-60
-61
-62
-83
-117
-166
-156
-63
-20
-54
-128
-199
-155
-72
-40
-70
-3
53
-68
-129
-95
13
98
-19
-139
-92
1
0
-90
-132
-102
0
-1
-71
-3
66
93
92
100
5
-59
-1
-5
76
121
39
25
85
156
139
106
127
92
71
97
111
164
169
146
114
53
67
50
58
162
240
198
103
68
5
39
146
93
30
69
92
117
146
76
43
64
41
41
22
-35
-32
-42
-107
-111
-81
31
90
31
6
-11
24
-28
-86
-43
-4
-33
-92
-113
-175
-164
-159
-123
-104
-116
-58
-159
-72
39
0
-12
-89
-76
-132
-154
-99
-142
-166
-190
-180
-125
-150
-181
-158
-210
-178
-107
-120
-44
-26
-42
-65
-151
-15
117
43
1
-11
72
98
26
37
73
121
121
81
44
20
57
124
78
26
39
64
130
98
78
114
116
123
153
118
102
112
30
50
71
86
116
112
175
200
231
202
121
95
107
135
92
19
-28
-5
45
50
7
-58
-30
-18
-66
8
120
95
57
40
-3
28
-13
-72
-58
-135
-104
-20
-51
-101
-150
-132
-106
-113
-126
-167
-147
-124
-110
-34
-81
-163
-169
-201
-169
-106
-38
-42
-82
-4
35
-23
-13
1
-129
-172
-174
-143
-23
-9
-64
-74
-30
16
13
1
11
-62
-59
54
75
74
92
113
80
23
53
26
40
115
31
43
135
145
98
63
70
67
125
79
35
92
61
103
128
82
130
113
79
48
34
76
65
1
-56
1
87
71
13
33
13
-46
-1
6
-43
-154
-133
63
11
-63
-25
-53
-3
-15
-136
-163
-100
-40
15
-42
-84
9
56
26
-33
49
21
-98
-43
-82
-71
-19
-73
-45
-9
0
90
79
1
-34
-43
25
33
10
34
42
22
53
51
33
60
41
27
59
56
33
18
-9
-11
5
9
56
82
-12
-47
8
-18
-34
-10
-5
27
43
40
0
17
29
-4
48
52
19
0
-30
-141
-120
0
-59
-23
13
-46
29
-30
-138
-96
-87
3
37
-61
-92
-94
-128
-136
-133
-127
-30
-47
-49
-81
-174
-84
-76
-66
-20
-98
-103
-52
-68
-96
-126
-105
-38
-47
-69
-21
-7
-32
-35
21
31
-10
37
-1
-83
-13
64
35
37
34
-19
6
46
92
78
65
123
124
102
79
59
86
125
202
185
116
174
109
96
169
139
180
153
166
201
143
145
181
215
192
199
160
80
100
156
149
88
100
139
114
43
-15
-15
59
31
-42
-60
2
113
59
-97
-130
-20
67
76
29
-12
-70
-90
-74
-110
-95
-80
-90
-132
-245
-252
-218
-271
-315
-318
-311
-259
-236
-314
-287
-213
-270
-361
-377
-278
-163
-141
-138
-167
-275
-295
-191
-175
-154
53
86
-88
-190
-215
-143
-64
-9
91
137
26
-108
-186
-184
-99
-66
5
-10
-110
-125
-221
-279
-194
-120
-84
-45
-58
-111
-130
-159
-180
-78
32
141
155
60
71
35
31
144
240
331
362
317
263
154
136
295
352
351
401
419
319
254
223
173
289
456
491
455
355
148
167
259
276
414
407
319
229
221
278
214
295
277
145
168
183
268
319
369
292
5
-47
15
175
315
314
347
78
-182
-80
8
278
567
507
328
106
8
81
219
412
571
633
496
262
183
181
232
219
234
350
238
151
25
-223
-468
-697
-602
-308
73
145
-489
-1196
-1553
-1533
-1132
-733
-427
-443
-1115
-1908
-2320
-2052
-1160
-374
-193
-602
-1230
-1684
-1715
-1231
-565
33
261
-39
-447
-695
-622
-244
252
618
735
691
473
261
202
223
301
383
592
861
843
434
-230
-631
-471
-66
448
733
531
39
-595
-1024
-881
-210
515
796
446
-229
-811
-941
-528
145
763
890
495
16
-296
-288
159
638
871
880
616
442
374
204
275
556
880
1194
1134
917
705
363
184
314
805
1383
1502
1041
377
104
164
421
873
1254
1320
791
64
-261
-76
321
602
591
360
76
-219
-401
-346
11
370
435
134
-203
-213
-86
63
125
140
344
562
515
389
370
491
721
753
812
1064
1135
994
731
546
731
929
915
810
468
226
64
-204
-257
-225
-392
-865
-1500
-1842
-1728
-1524
-1595
-2093
-2730
-3217
-3495
-3298
-2817
-2411
-2376
-2866
-3554
-3971
-3628
-2712
-1837
-1611
-1901
-2230
-2537
-2358
-1617
-673
109
259
-175
-555
-397
151
621
913
1214
1398
1308
1042
948
1269
1596
1634
1422
1263
1453
1569
1390
1018
720
781
901
932
920
924
868
456
-99
-264
145
661
852
624
236
-60
-199
-41
262
705
932
615
198
28
273
776
1089
1131
1034
900
799
651
760
1170
1462
1386
916
610
659
849
886
759
789
731
429
14
-261
-195
147
268
-33
-369
-582
-764
-996
-1018
-713
-297
-195
-586
-1005
-1213
-989
-532
-320
-77
121
59
-206
-392
-167
369
915
1014
905
935
918
845
771
878
1245
1549
1499
1212
1066
1069
903
661
558
726
1036
931
471
20
-246
-211
-83
93
260
268
-20
-639
-1066
-837
-181
316
278
-163
-502
-599
-611
-307
226
628
537
-41
-512
-526
-15
393
162
-190
-474
-691
-788
-853
-848
-1050
-1580
-2346
-2780
-2540
-2058
-2007
-2819
-3825
-4398
-4378
-3954
-3477
-3053
-3143
-3877
-4818
-5224
-4380
-2871
-1764
-1582
-2203
-2794
-2686
-1920
-849
292
1132
1356
956
555
858
1759
2757
3312
3301
3087
2830
2711
2870
3166
3424
3274
2815
2556
2689
2829
2542
1944
1332
1131
1355
1455
1392
1241
997
548
-147
-437
42
938
1346
801
-6
-239
166
650
953
1154
1334
1285
993
816
960
1434
1720
1570
1304
1304
1609
1882
1777
1264
969
944
970
1090
1203
1223
812
-87
-762
-590
91
527
152
-499
-894
-1249
-1465
-1453
-967
-321
-331
-1051
-1849
-1917
-1305
-883
-913
-1029
-835
-641
-1020
-1509
-1419
-687
-53
-117
-402
-409
-269
-260
-471
-425
181
725
669
94
-213
179
602
632
524
593
779
620
91
-64
365
853
874
330
-39
38
76
113
94
159
385
175
-237
-340
58
500
368
60
51
406
471
-138
-576
-263
131
51
-322
-545
-464
-856
-2077
-3136
-2839
-1516
-822
-1767
-3825
-5302
-5454
-4992
-4289
-3427
-2770
-3258
-5128
-7045
-7161
-4919
-2074
-715
-1235
-2688
-3809
-3746
-2419
-84
2167
2946
2210
1005
620
1476
2797
4069
5159
5638
5056
3788
3093
3651
4844
5250
4192
3110
3369
4102
3856
2350
908
712
1346
1682
1401
1084
865
229
-1055
-1976
-1394
352
1716
1461
-81
-1502
-1761
-846
643
1859
2271
1677
645
253
791
1918
2773
3062
2971
2485
1980
1729
1977
2694
3022
2246
851
176
948
2183
2142
573
-1127
-1610
-1040
-533
-439
-553
-779
-1701
-3326
-4154
-3326
-1434
-352
-1201
-2935
-4078
-3843
-2943
-2110
-1352
-1085
-1591
-2543
-3056
-2486
-1325
-672
-780
-1050
-1056
-895
-974
-1089
-704
91
606
238
-264
0
634
737
134
-145
518
1406
1450
631
44
205
736
937
864
1078
1178
777
73
-224
279
1063
1340
1006
682
506
375
310
848
1850
2278
1709
668
441
1431
2471
2370
1408
778
1041
1352
1004
492
225
181
-602
-2266
-3139
-2243
-580
-453
-2916
-6028
-7021
-5564
-3553
-2865
-3527
-4633
-5993
-7474
-7775
-5872
-2715
-533
-1086
-3472
-5198
-4782
-2480
505
2858
3515
2246
241
-284
1461
3888
5216
5196
4954
4930
4293
2993
2502
3911
5784
5674
3442
1766
2292
3343
2711
547
-751
159
1607
1505
-122
-1525
-1745
-1755
-2145
-2176
-1084
319
385
-1267
-3233
-3532
-1940
251
1717
1842
801
-518
-989
7
2048
3590
3838
3256
2538
2272
2414
2664
3225
3918
4019
3187
2043
1816
2525
2881
1869
-32
-900
87
1417
1126
-731
-2508
-3066
-2678
-2479
-2365
-1814
-1437
-2389
-4636
-5789
-4423
-1921
-711
-1632
-2990
-3475
-3246
-2783
-2040
-698
445
61
-1415
-2163
-1370
108
885
826
740
862
649
-98
-262
848
2136
2208
1149
352
462
695
550
523
1037
1696
1483
242
-629
-332
586
1058
739
630
884
732
24
-696
-420
791
1702
1491
644
230
355
633
813
1141
1747
2006
1595
879
694
1191
1751
1457
360
-150
287
999
1072
109
-1279
-2544
-3546
-3603
-2014
29
144
-2882
-7182
-8986
-7078
-3699
-1493
-1484
-3136
-5717
-8641
-9807
-6893
-1250
2599
1518
-3040
-6336
-5606
-2380
1125
3647
4700
3981
1510
-618
-188
2719
5678
6403
5490
4518
3706
2887
2488
3217
4393
4357
3042
1984
2315
2892
1615
-950
-2066
-672
1438
1808
325
-1309
-2223
-2639
-2899
-2355
-357
1705
1602
-846
-3514
-3828
-1431
1623
3149
2556
1066
-136
-396
459
2063
3781
4397
3532
2143
1475
2108
3195
3717
3465
2813
2124
1595
1544
2008
2499
1844
-298
-2131
-1729
390
1720
466
-2319
-4026
-3916
-3170
-2575
-1752
-621
-892
-3599
-6412
-6259
-3077
3
238
-1553
-2926
-3044
-2846
-2541
-1101
1123
2081
646
-1383
-1520
101
1362
1194
894
1580
2218
1458
49
6
1583
2740
2153
970
975
1840
1728
524
-112
775
1928
1556
80
-575
236
924
305
-545
-175
1001
1052
-526
-1793
-1185
467
1162
473
-304
-350
-200
-475
-625
98
1178
1257
387
-136
360
1224
1078
87
-403
114
995
1432
1316
508
-1249
-3627
-4904
-2862
1511
3806
959
-5208
-9457
-8675
-4418
-380
1174
228
-3107
-8063
-11656
-10263
-3498
3705
5122
-132
-6828
-9276
-6320
-946
3614
5607
4571
1326
-1939
-2573
-74
3597
6081
6243
4807
2934
1337
957
2360
4293
4672
3348
2071
2494
3695
2826
-163
-2142
-977
2054
3606
2354
84
-1334
-1917
-2437
-2077
3
2774
3713
1157
-2785
-4552
-2755
907
3341
3291
1500
-647
-1798
-1409
279
2138
3142
2871
1658
584
132
533
1603
2683
3005
2197
996
472
1102
1743
1273
278
-52
730
1362
586
-970
-1668
-1077
-309
-491
-1308
-1531
-1418
-1786
-2384
-2420
-1508
-728
-1303
-2465
-2659
-1654
-530
-323
-735
-843
-780
-758
-471
249
1237
1446
595
-135
-30
614
1075
1244
1493
1694
1336
495
40
508
1449
1745
1179
642
545
678
631
389
425
744
962
705
178
-76
204
813
928
295
-516
-639
147
727
431
-288
-704
-507
-300
-576
-841
-722
-405
-293
-352
-49
203
-348
-1584
-2294
-1430
283
1438
1298
17
-2153
-4954
-6333
-3906
1422
5069
2541
-4814
-10637
-10432
-5446
-329
2140
1829
-1213
-6826
-12296
-12473
-5441
3667
7174
2439
-5460
-9660
-8073
-2917
2485
6088
6402
3068
-1465
-3478
-1263
2928
6050
6836
5989
4298
1950
497
1609
4640
6343
4773
2215
2087
4202
4881
2241
-963
-1045
1803
4011
3459
1673
484
-316
-1632
-2506
-760
2890
4765
2544
-2003
-4844
-3811
-235
2963
3735
1910
-1239
-3509
-3071
-330
2478
3216
1924
247
-816
-957
-107
1509
3092
3304
1749
-49
-270
940
1991
1970
1410
1284
1335
654
-441
-859
-164
718
743
257
-471
-1605
-2720
-2894
-1632
63
307
-1298
-3052
-3521
-3017
-2316
-1426
-413
41
-1075
-3062
-3561
-1851
282
706
-256
-737
-189
79
-676
-910
431
1978
1948
284
-644
470
1851
1798
779
565
1442
1933
1200
544
1212
2168
1979
681
-155
521
1676
1760
894
298
351
548
282
-178
-180
-26
23
-128
-183
-98
-565
-1365
-1846
-1409
-345
206
-114
-862
-1201
-1074
-1001
-1081
-1051
-478
118
42
-397
-493
-408
-1474
-3619
-4487
-1798
2874
4343
-47
-6857
-9853
-6949
-1615
1825
2141
430
-3465
-9001
-12188
-8882
82
7162
5760
-2239
-9439
-10018
-4922
1085
5149
6063
3718
-526
-3811
-3073
1138
5194
6569
5632
4115
2544
960
727
2815
5399
5403
2889
1287
2603
4604
3400
-503
-2411
-147
3495
4429
2099
-397
-1137
-1275
-1891
-1744
634
3685
4027
562
-3822
-5086
-2272
2096
4664
3809
692
-2023
-2543
-881
1467
3004
3403
2791
1313
-552
-1485
106
3145
4611
3358
751
-554
365
1607
2030
2058
2028
1573
148
-1078
-526
1123
1706
423
-1150
-1632
-1566
-1887
-1905
-587
564
-687
-3788
-5353
-3419
-614
-208
-1874
-2816
-1982
-1678
-3139
-3838
-1574
1615
1807
-1043
-2967
-1685
535
767
-261
177
2310
2804
420
-1690
-719
2145
3295
2018
680
1021
1610
721
-317
435
2494
3037
1173
-696
-514
740
967
110
-290
507
994
64
-1121
-1184
-376
-78
-523
-806
-453
-278
-991
-1781
-1738
-1000
-402
-424
-690
-565
-184
-7
-197
-551
-758
-713
-133
904
1778
1760
461
-1886
-3958
-3688
-399
3876
5018
709
-5843
-9250
-7085
-1756
2224
3087
1109
-3298
-8879
-12029
-8715
-220
6545
5406
-2237
-8921
-9377
-4692
550
3847
5032
3892
666
-2708
-3109
225
4272
5918
5107
3829
2973
2025
1187
1657
3498
4598
3898
3040
3386
3758
1870
-1525
-2399
838
4776
5138
1731
-1410
-2002
-1471
-1193
-509
1712
3776
2703
-1464
-5014
-4414
-457
2981
3556
1834
-602
-2374
-2802
-1540
936
2885
3036
1590
-230
-1235
-1059
75
1751
3158
3036
1368
-181
-450
388
1193
1435
1823
2291
1822
120
-1512
-1391
337
1762
1523
68
-1384
-2206
-2335
-1586
-94
803
-137
-2380
-3832
-3016
-1216
-358
-556
-1016
-1530
-2335
-2852
-1955
177
1556
728
-1237
-1799
-417
959
1032
500
681
1312
1088
55
-291
899
2268
2180
992
364
946
1434
1066
709
1140
1772
1435
231
-495
-73
688
794
290
57
168
-117
-864
-1326
-1043
-493
-415
-846
-1085
-1171
-1634
-2180
-2186
-1288
-56
265
-836
-2161
-2223
-1062
528
1266
724
-188
-718
-515
117
1034
2127
2059
-17
-2954
-3934
-1091
3171
4342
550
-4916
-7134
-5166
-1583
831
1228
-214
-3818
-8312
-10063
-6431
340
4393
2222
-3728
-7861
-7387
-3629
881
4025
4446
2052
-1558
-3295
-1481
2090
4564
5016
4642
4017
2604
818
559
2690
5175
5479
3603
2110
2460
2944
1580
-447
-332
2177
4179
3301
503
-1472
-1488
-851
-540
134
1576
2464
1198
-1814
-4095
-3663
-838
2143
3126
1746
-904
-3095
-3488
-1530
1630
3558
3032
861
-1083
-1657
-835
946
2762
3581
2801
905
-342
164
1659
2463
1745
817
1113
1948
1814
490
-764
-837
-147
368
632
878
514
-1138
-3136
-3479
-1699
526
1046
-468
-2360
-3428
-3270
-2106
-673
260
35
-1176
-2206
-2157
-1448
-685
43
660
694
-348
-1704
-1719
-167
1561
1845
742
-65
-33
179
273
705
1751
2491
1878
486
-271
187
1255
1887
1734
1249
735
167
-182
-149
166
450
289
-165
-602
-872
-1049
-1335
-1488
-1258
-812
-579
-1025
-1863
-2286
-1895
-939
31
439
64
-601
-1255
-1485
-786
663
2088
2615
1604
-957
-3695
-4635
-2004
3110
6071
3167
-3962
-9137
-8315
-3311
1217
2850
1767
-1664
-7289
-12364
-11404
-3360
5427
6919
-89
-8429
-10778
-6693
-639
3785
5357
4276
898
-2763
-3408
-446
3721
6205
6228
5014
3241
1210
443
2222
5004
5594
3577
2075
3179
4706
3151
-775
-2536
135
4182
5016
2185
-914
-1946
-1814
-1985
-1365
1186
3954
3864
-185
-4899
-5823
-2389
2218
4346
2876
-335
-2920
-3372
-1725
676
2619
3172
2253
449
-1121
-1148
333
2417
3661
3094
1591
625
937
2040
2750
2387
1428
771
1074
2186
2660
1697
-26
-1074
-865
-225
207
406
514
-177
-2095
-3883
-3722
-1560
420
213
-1810
-3392
-3278
-2330
-1835
-1613
-856
-166
-585
-1921
-2553
-1427
267
635
-330
-855
-49
784
287
-619
-263
1172
1820
834
-236
83
1226
1566
767
317
952
1628
1010
-315
-359
860
1471
501
-785
-654
298
447
-450
-1173
-817
-354
-700
-1138
-808
-107
-423
-1757
-2172
-996
345
481
-234
-228
687
819
-373
-1191
-37
2061
2437
1103
297
658
454
-1847
-4004
-2362
2489
5368
2020
-4949
-8850
-7100
-2800
53
681
223
-1930
-6779
-11582
-11096
-4082
3774
5345
-300
-7134
-9342
-6608
-1616
2977
5533
4993
1290
-2687
-3357
-79
4146
6228
6217
5355
3667
1338
300
2271
5737
6588
3739
1140
2028
4459
4055
368
-2195
-581
2813
3610
1434
-433
-524
-661
-2197
-3153
-1007
2781
4104
1128
-3393
-5174
-3244
152
2647
3086
1566
-749
-2320
-2133
-199
2080
3179
3125
2098
481
-509
18
2059
3807
3581
1940
626
906
2049
2487
1947
1122
623
655
849
976
965
326
-677
-1429
-1601
-1320
-971
-640
-760
-1589
-2827
-3475
-2731
-1369
-819
-1407
-2243
-2405
-1930
-1641
-1570
-1185
-563
-338
-670
-970
-475
490
693
268
37
560
1291
1194
643
516
1059
1499
1229
759
747
1138
1216
871
749
1089
1368
888
-73
-467
104
855
977
507
-253
-864
-1031
-824
-178
451
378
-271
-981
-1158
-742
-449
-397
-186
-9
-140
-440
-308
395
778
75
-1107
-1125
433
2250
2610
1063
-1263
-3403
-4292
-2646
1163
4382
3227
-2632
-8520
-9670
-5730
-558
2166
1666
-1608
-6973
-11691
-11672
-5521
2481
5218
518
-6496
-9418
-6868
-2262
1337
3487
4256
2805
-554
-2627
-1041
2984
6110
6295
5003
3984
3319
2791
2971
4216
5093
4444
3079
2956
4121
3884
1383
-1190
-1123
1295
2740
1804
128
-592
-909
-2196
-3312
-1813
1795
3673
1345
-2878
-4630
-2556
836
2543
2058
1052
327
-569
-1233
-368
1951
3740
3478
1607
150
396
1411
2173
2392
2211
1986
1547
1071
1075
1465
1514
976
650
956
1478
1146
-351
-1540
-1528
-711
135
249
-473
-1638
-2915
-3597
-2886
-1149
257
-132
-2248
-4246
-4586
-2934
-669
478
-13
-1516
-2528
-2640
-1962
-603
683
1468
1176
-180
-1325
-1167
301
1685
1794
1136
768
763
559
90
92
1020
1869
1646
582
-67
312
800
831
531
399
520
306
-130
-119
471
721
103
-699
-616
179
477
23
-449
-167
304
-50
-907
-1149
-327
525
431
130
518
987
579
-907
-1928
-822
1500
2762
1917
-17
-1930
-3657
-4633
-3174
1050
4650
3246
-3300
-9508
-10115
-5390
46
2357
1441
-1714
-6570
-11282
-11793
-5710
2860
6256
1529
-6108
-9567
-7064
-1853
2284
4490
4908
2865
-697
-2871
-1236
3082
6374
6637
4993
3416
2469
2045
2469
3745
4681
4012
2735
2787
3769
3286
347
-2339
-1737
1315
3309
2444
114
-1388
-2002
-2906
-3027
-808
2708
4065
1270
-3047
-4833
-2827
844
3314
3589
2302
467
-1080
-1386
269
2934
4393
3854
2291
952
578
928
1747
2883
3446
2843
1368
334
643
1389
1488
834
311
587
897
316
-879
-1589
-1409
-996
-827
-975
-1263
-1761
-2524
-2991
-2656
-1743
-1081
-1314
-2178
-2929
-2930
-2154
-1346
-897
-893
-1255
-1622
-1623
-983
-100
392
316
-139
-438
-322
110
793
1164
840
312
133
427
844
887
712
794
1023
1054
782
542
643
883
846
512
291
468
772
707
253
-293
-348
180
657
669
25
-667
-746
-264
299
193
-373
-736
-537
-113
-160
-334
123
956
1028
-69
-1192
-722
1030
1977
1170
-445
-1233
-1168
-1645
-2647
-2404
-188
1523
-162
-4562
-7435
-6315
-3070
-956
-1239
-2645
-4129
-6026
-8014
-7671
-3949
471
1581
-1575
-5281
-5974
-3670
-575
1828
3297
3517
1970
-214
-527
1422
4092
5535
5258
4434
3683
2834
2202
2948
4718
5280
3658
1645
1569
2977
3159
1199
-736
-486
1119
1633
573
-380
-262
-198
-1185
-2118
-1089
1315
2320
857
-1392
-2037
-750
935
1950
2090
1727
1134
376
202
1084
2370
3051
2859
2192
1437
880
721
1219
2069
2539
2131
993
-18
-524
-551
-115
471
924
697
-451
-1885
-2784
-2612
-1413
119
635
-518
-2554
-3940
-3398
-1503
107
455
-359
-1352
-2102
-2554
-1954
-400
1075
1169
-376
-1809
-1823
-716
165
110
2
419
568
-270
-1295
-1146
301
1488
1156
157
-183
181
437
262
342
1158
1850
1356
198
-146
558
1321
1395
1052
1143
1216
566
-298
-459
493
1388
1341
730
22
-540
-1084
-1115
-43
1355
1556
352
-870
-1111
-633
-312
-261
117
840
1072
206
-990
-1867
-2731
-3410
-2736
-168
2204
1075
-3894
-8553
-8915
-5311
-1292
327
-380
-2687
-6491
-10436
-10923
-5925
1429
4771
1188
-5238
-8622
-6897
-2535
1481
4183
4969
3343
88
-2193
-1093
2694
6087
6945
5748
4051
2763
2193
2608
3805
4497
3934
3064
3200
4106
3738
1240
-1424
-1512
884
3034
3111
1493
-194
-1611
-2980
-3309
-1366
2305
4367
2395
-1870
-4613
-3654
-294
2669
3859
3224
1352
-819
-2024
-951
1968
4439
4671
3014
1103
163
423
1379
2555
3457
3295
1998
513
-66
299
820
942
786
797
655
-298
-1817
-2692
-2088
-656
164
-520
-2028
-3101
-3277
-2764
-1958
-1149
-649
-961
-2083
-3018
-2798
-1440
-139
120
-400
-881
-836
-530
-303
-91
359
878
962
562
93
138
681
1056
1066
823
572
593
681
761
901
1007
852
395
194
442
856
994
617
275
287
528
510
98
-24
346
676
439
138
300
486
323
-168
-188
712
1690
1579
409
-459
-418
72
383
509
880
1200
456
-1581
-3341
-3526
-2503
-1319
-687
-690
-1978
-5023
-8324
-8992
-5903
-1793
-377
-2660
-6447
-9119
-9822
-8397
-4835
-494
1766
-282
-5146
-8191
-6339
-1319
2976
4607
4056
2574
739
-580
178
3319
6816
8165
6879
4693
3435
3268
3534
4178
5165
5729
5236
3983
2768
1873
789
-453
-598
944
2726
2680
327
-2519
-3858
-3490
-2191
-326
1569
2024
89
-3074
-4862
-3454
151
3063
3599
2257
478
-844
-1099
272
2826
5042
5250
3530
1547
634
1046
1972
2913
3711
3735
2668
891
-431
-405
442
1126
1207
677
-76
-939
-2052
-2815
-2609
-1597
-674
-759
-1811
-3049
-3525
-3015
-2134
-1478
-1213
-1101
-1213
-1514
-1770
-1755
-1185
-369
156
191
-19
-78
-73
-91
-54
211
1007
1779
1782
951
79
-85
389
1128
1606
1642
1175
485
65
105
599
1320
1858
1641
815
13
-367
23
958
1747
1752
892
-97
-540
-282
321
999
1595
1653
1261
734
206
-67
61
501
1140
1789
2179
1668
-401
-3111
-4721
-3851
-837
1933
1895
-1823
-7101
-10563
-10114
-6398
-2295
-571
-2513
-7302
-12381
-14491
-11722
-5663
-513
161
-3732
-8736
-10717
-8353
-3492
1173
3702
3426
1176
-1151
-1502
868
4622
7597
8234
7123
5928
5325
5575
6233
6649
6627
6349
6302
6518
6314
4778
2187
238
235
1771
3190
3172
1533
-1021
-3330
-4526
-3828
-1316
1138
1498
-834
-3964
-5204
-3858
-1037
1364
2117
1295
-248
-1332
-1111
523
2681
3979
3737
2482
1499
1613
2479
3156
3233
2853
2481
2545
2667
2412
1724
915
493
523
822
1208
1001
-179
-1594
-2384
-1968
-695
80
-309
-1469
-2649
-3070
-2584
-1522
-436
-350
-1379
-2588
-2908
-1985
-764
-81
8
-184
-657
-1385
-1533
-586
894
1702
1143
53
-245
301
855
1066
1342
1932
2164
1565
834
907
1687
2259
2043
1580
1558
1647
1375
859
633
808
832
314
-445
-695
-255
240
305
-145
-883
-1594
-2119
-1929
-710
858
1498
302
-2210
-4255
-4554
-2901
59
2464
2143
-1518
-6541
-9269
-7737
-3519
-3
458
-2229
-6806
-11195
-12930
-10268
-4481
13
-516
-5362
-10009
-10976
-8355
-4568
-1311
844
1134
-653
-3109
-3688
-1322
2243
4794
5837
6001
5751
5127
4430
4550
5809
7279
8120
8424
8503
7772
5699
3374
2677
4046
5932
6471
5255
3206
1069
-845
-1891
-1148
1032
2609
1827
-1139
-4142
-5186
-4153
-1992
23
903
224
-1601
-3058
-2915
-1110
1095
2443
2808
2446
1710
791
451
1633
3664
4939
4532
3209
2511
2477
2240
1901
2310
3447
3800
2249
43
-687
112
768
321
-448
-601
-563
-1310
-2347
-2370
-1559
-1138
-1830
-2775
-2777
-2103
-1935
-2516
-2779
-2309
-1675
-1667
-2138
-2057
-1474
-1086
-1139
-1180
-727
-166
37
-52
16
354
563
621
863
1461
2005
1904
1358
1168
1749
2481
2541
2158
1895
1811
1606
1256
1275
1667
1799
1333
478
-175
-272
-61
-84
-246
-59
-24
-823
-2403
-3912
-4291
-3282
-1302
211
-493
-3635
-7231
-8575
-6788
-3446
-1018
-883
-2884
-6435
-9871
-10731
-7875
-2794
415
-880
-5137
-8408
-8401
-6054
-3054
-438
1205
939
-1185
-3203
-3051
-399
2694
4126
3926
3351
3091
2875
3075
3961
4773
5020
4779
4814
5482
5714
4526
2590
1721
2658
4251
5081
4783
3672
2010
82
-1076
-59
2718
4766
4050
872
-2123
-2710
-1357
427
1619
2008
1500
-53
-1852
-2491
-1234
845
2017
1695
875
456
238
83
200
983
1970
2304
2109
1709
1381
1056
728
1020
1958
2780
2573
1567
965
998
1068
809
792
1646
2390
1915
577
-414
-231
490
648
411
510
682
189
-1149
-2178
-1712
-477
100
-597
-1869
-2400
-2243
-1979
-1629
-1308
-962
-1263
-2262
-2700
-1982
-404
644
429
-357
-827
-663
-324
294
1261
1900
1966
1550
1171
1279
1278
884
587
857
1610
2212
2420
1967
161
-2959
-5496
-4643
-325
3781
3321
-2005
-7902
-10662
-9683
-6248
-1842
1602
1078
-4889
-13019
-16632
-12083
-3002
3048
2129
-3263
-8428
-10692
-9628
-5549
233
4539
4240
-190
-4492
-5093
-2203
1508
3902
4780
4549
3265
1824
1549
2481
3411
3216
2944
4375
6633
6950
4251
714
-737
435
2695
4726
6026
5904
3130
-1650
-4809
-3202
2105
6351
6121
2289
-1978
-4097
-3467
-840
2453
4517
3781
754
-2017
-2595
-1034
1535
3535
4073
3071
964
-586
-225
1639
3289
3278
2410
2221
2340
1739
679
576
1838
3119
2899
1614
1139
1572
1637
722
-60
638
2014
2384
1373
192
-183
-64
32
268
799
1146
630
-591
-1293
-943
-217
4
-257
-366
-365
-636
-999
-916
-249
344
253
-176
-144
374
624
401
151
291
646
955
1481
1915
1415
-12
-1229
-975
401
1532
1922
1861
1014
-1985
-6455
-8303
-4339
2416
4862
2
-7775
-11840
-10898
-8229
-5372
-1514
1728
-553
-9691
-18324
-17320
-7146
2307
3192
-2394
-7513
-9295
-9340
-8036
-3444
3221
6421
3009
-3110
-5545
-2632
1734
3730
4219
4914
4980
3569
1836
1989
3331
3292
2084
2458
5372
7573
5677
765
-2712
-2340
288
2788
4625
5654
4240
-420
-5451
-5993
-929
5200
7246
4372
-142
-3132
-3790
-2005
1735
5240
5696
2535
-1276
-2288
-190
2233
3144
3340
3286
2349
527
-297
1351
3695
3738
1648
699
2181
3963
3402
1309
961
2440
3349
2682
1826
2485
3281
2142
83
-94
2021
3461
2371
184
-527
372
631
-125
-475
282
935
-159
-1863
-2134
-983
-220
-1017
-1956
-1448
-87
307
-598
-1367
-1019
92
993
1347
1534
1681
1650
1743
2166
2789
2880
2533
2644
2790
2688
2727
3582
4449
2450
-2593
-6132
-3595
2902
5702
884
-6897
-10662
-9819
-8421
-7416
-4392
-421
-1658
-10688
-19952
-19396
-9295
-388
-847
-7194
-11033
-10572
-9810
-9704
-6901
-1036
2391
-467
-5411
-6045
-2043
1439
1276
262
1433
3544
3853
2716
2649
3359
2537
576
899
4782
8328
7272
2613
-1119
-1333
545
2363
4163
5794
5498
1899
-2902
-4480
-1343
3413
5689
4515
1864
-367
-1489
-1069
570
2449
3305
2660
1869
1472
976
345
229
1390
2865
3388
3036
2640
2606
1998
617
360
2540
5492
6048
3567
880
648
2478
4002
4244
4352
4720
4026
1933
433
1512
4155
5206
3471
1042
282
890
973
311
408
1541
1806
-119
-2604
-3000
-1179
161
-405
-1393
-1298
-727
-1260
-2417
-2203
-412
1259
1669
1484
1446
1004
-40
-461
952
3360
4761
4945
4633
2752
-1790
-6146
-4612
3196
9250
6331
-2957
-9512
-9461
-7301
-6549
-4360
955
2981
-4880
-17473
-21587
-12678
-1198
955
-4902
-8932
-8269
-8302
-10927
-10638
-3932
2976
2259
-3711
-6387
-3347
-134
-975
-2648
-606
3116
3631
1099
-149
1051
957
-2052
-3629
-192
5125
6313
2081
-2890
-4725
-4003
-2489
-236
3124
5512
3731
-1704
-6327
-5990
-1005
4228
6322
4822
1473
-1290
-2067
-735
1817
4274
5553
5118
3150
880
95
1404
3487
4673
4285
3401
3149
3121
2599
1570
1195
2476
4393
5170
4296
2809
2141
2236
2333
2670
3977
5835
6222
4171
1356
516
2306
4375
4772
4117
3759
3254
1513
-431
-279
2130
4046
3271
932
-498
-314
51
-310
-302
782
2045
2256
1531
784
216
-99
353
1929
3713
4649
4696
3889
1401
-2873
-5451
-2164
5441
9802
5374
-3766
-9065
-8275
-5964
-4918
-2344
2102
2245
-6545
-17965
-20042
-10982
-1487
-1029
-6574
-9579
-8984
-9728
-12416
-11409
-4589
1251
-176
-5303
-6653
-3366
-1104
-2339
-2880
399
4237
4011
1177
248
1522
1494
-906
-1605
1874
5689
5058
406
-3651
-4420
-3352
-2179
-539
1543
2101
-460
-4692
-7189
-6122
-2549
1143
2813
1366
-2076
-4518
-3874
-1145
1125
1885
2332
2985
2123
-225
-1170
988
4106
4844
3283
2371
3350
3805
2198
657
1698
4539
5793
4355
2684
2733
3268
2721
2180
3487
5889
6567
4656
2376
2072
3528
4665
4532
4274
4800
5132
4191
2741
2434
3717
5000
4606
3070
2024
2032
2169
1804
1878
3009
3627
2021
-614
-1551
25
2209
3211
3510
3232
804
-3610
-5934
-2258
4677
7404
3117
-3077
-5377
-4405
-4180
-4038
-531
4281
3404
-5109
-12989
-11775
-4237
110
-2164
-5551
-5300
-4253
-6725
-10068
-8631
-3337
-517
-2715
-5379
-4160
-1505
-1859
-4549
-5233
-2402
550
973
383
622
308
-2374
-5316
-4662
-259
3631
3195
-575
-4003
-5400
-5264
-4195
-2380
-270
509
-1417
-5003
-7400
-6367
-2770
62
89
-1691
-2793
-2126
-1093
-1121
-1253
99
2046
2512
1344
678
1967
3529
3053
1706
2146
4301
5537
4108
2055
1979
3293
3798
3109
2842
3495
3620
2242
801
1331
3163
3934
2959
1698
1581
2214
2430
2360
2737
3405
3506
2813
2168
2355
3081
3495
3366
3041
3078
3550
3878
3700
2929
2189
2105
2694
3457
3969
4410
3859
1560
-1437
-2430
502
4765
5943
2883
-1214
-3258
-3620
-3545
-2179
1539
4557
2161
-4856
-9579
-7379
-2012
31
-1721
-2801
-1577
-1648
-5110
-7565
-4949
-215
852
-2184
-3797
-1305
1202
-563
-4506
-4897
-1041
2074
1372
-551
-456
316
-1199
-4397
-4893
-983
3124
2764
-1344
-4593
-4765
-3872
-4192
-4378
-2292
408
-239
-4700
-8262
-7049
-3118
-1430
-2767
-3563
-2104
-1044
-2774
-4906
-3896
-531
1107
-83
-843
877
2964
2286
-19
-282
2013
4083
4188
3813
4109
4021
2399
645
1328
3922
5671
4828
2725
1534
1189
967
888
1723
3196
3306
1386
-801
-1180
40
980
796
227
272
581
228
-537
-489
576
1322
855
109
380
1383
1827
1455
1426
2068
1947
415
-590
888
3522
4076
2149
474
444
336
-1029
-1296
1249
4034
3035
-1606
-4580
-3146
-387
154
-1028
-777
577
-76
-2914
-4318
-1958
1081
958
-1445
-2260
-492
697
-412
-1609
-800
681
573
-492
-51
1916
2520
512
-1687
-1285
1030
2471
1861
804
755
537
-795
-1860
-869
1451
2410
844
-1450
-2162
-1452
-979
-1207
-1323
-861
-724
-1790
-3102
-3019
-1738
-1148
-1836
-2529
-2111
-996
-750
-1456
-1772
-1184
-326
-156
-473
-291
483
1040
842
285
582
1793
2502
2169
1308
1068
1954
2806
2414
1209
695
1349
1978
1338
128
-184
378
359
-848
-1800
-1319
-143
-226
-1943
-3331
-3005
-1820
-1477
-2090
-2392
-1844
-1521
-2117
-2777
-2459
-1167
-145
-154
-702
-975
-728
-420
-9
682
1307
1415
934
518
736
1408
1776
1715
1800
2051
2153
1785
1161
1075
1482
1787
1737
1423
1315
1216
526
-227
-171
637
1331
1009
49
-736
-1222
-1190
-606
149
383
-230
-1160
-1515
-996
-442
-245
-99
92
17
-505
-684
-63
699
751
217
105
729
1320
1129
496
331
626
928
1129
1278
1510
1294
428
-299
-212
614
1238
1185
654
-84
-707
-929
-599
-7
371
283
88
-8
-363
-877
-1068
-498
330
508
21
-540
-539
-289
-613
-1141
-786
176
443
-326
-1305
-1394
-855
-745
-1307
-1584
-995
-580
-1060
-1924
-2178
-1543
-869
-976
-1255
-1159
-1036
-1058
-1259
-1184
-609
-100
-9
-312
-682
-810
-518
145
555
561
261
-170
-252
64
452
628
750
821
622
193
45
494
1077
1217
809
444
552
964
1151
893
669
708
838
916
729
459
374
242
-26
-198
41
620
798
245
-482
-786
-446
-82
12
319
648
592
16
-594
-556
225
979
949
643
663
768
636
365
361
857
1315
1203
735
384
396
491
416
254
241
474
661
400
-322
-782
-624
-314
-149
-217
-300
-358
-751
-1302
-1555
-1154
-576
-583
-764
-616
-447
-868
-1559
-1512
-729
56
175
-143
-167
-144
-497
-920
-684
330
1121
890
161
-372
-455
-302
-151
228
596
641
337
-71
-324
-480
-391
37
459
469
-1
-532
-679
-618
-453
-140
63
216
19
-543
-706
-584
-309
88
289
381
228
-31
-117
76
336
402
453
558
691
509
9
-278
-30
472
605
397
112
-173
-303
-411
-530
-477
-280
-136
-344
-750
-1043
-1084
-769
-425
-248
-190
-365
-422
-206
-9
195
295
344
482
454
448
587
817
1151
1125
848
731
833
1140
1173
936
933
1023
793
379
115
108
244
125
-206
-281
-106
-80
-354
-815
-1002
-757
-586
-445
-235
-123
-190
-622
-999
-925
-529
52
559
818
629
106
-280
-270
261
831
1057
1231
1210
826
264
-112
116
772
1199
1144
834
639
549
184
-213
-109
530
1019
718
-72
-700
-765
-591
-525
-500
-415
-374
-647
-1114
-1424
-1099
-509
-441
-905
-1348
-1240
-699
-292
-438
-653
-611
-577
-409
-233
9
343
190
-197
-366
-252
116
407
421
234
-163
-522
-409
0
241
38
-408
-578
-428
-304
-466
-558
-266
-86
-380
-817
-808
-458
-217
-283
-524
-541
-490
-576
-622
-363
173
338
-83
-382
-187
139
301
328
592
923
787
307
131
570
1019
1105
857
635
917
1161
929
510
398
791
1074
935
622
534
732
684
378
252
378
698
921
694
368
182
107
266
557
785
793
569
300
171
159
178
269
520
713
597
365
325
456
347
100
154
365
419
225
-8
-58
-107
-460
-800
-622
-140
-46
-481
-795
-741
-631
-696
-831
-766
-437
-401
-821
-1091
-1092
-1006
-982
-832
-437
-164
-245
-630
-842
-766
-618
-424
-173
58
25
-384
-783
-827
-736
-478
-205
-32
45
-184
-534
-653
-519
-472
-466
-376
-264
-287
-550
-635
-548
-579
-723
-765
-444
-191
-260
-470
-552
-367
-205
-202
-284
-196
66
235
208
205
418
547
511
407
451
868
1217
1228
1049
899
905
941
913
940
1027
1040
817
463
484
810
1027
854
434
330
548
681
537
350
414
564
391
71
76
293
492
337
16
72
334
494
421
283
235
277
357
281
261
427
440
221
-60
-170
-48
73
54
-140
-313
-243
-232
-406
-516
-415
-253
-319
-489
-557
-417
-205
-222
-400
-341
-69
-52
-282
-395
-222
85
123
-108
-237
-281
-213
-141
-226
-206
-205
-269
-352
-416
-223
-58
-39
-94
-180
-166
-242
-236
-111
-151
-207
-288
-322
-282
-327
-382
-465
-506
-328
-228
-415
-511
-457
-405
-384
-485
-514
-385
-314
-458
-603
-500
-158
-32
-235
-244
-101
46
-16
-148
107
294
187
0
-75
237
515
494
293
89
222
264
138
137
213
309
122
-69
-71
-33
52
44
-23
-104
-133
-107
-72
48
25
-195
-290
-97
195
309
294
220
107
101
213
325
605
919
812
453
148
137
472
738
742
669
633
585
498
460
641
743
595
373
144
197
380
321
101
23
153
194
85
-73
-137
-50
14
36
63
117
139
-37
-240
-213
-64
86
257
347
148
-82
-49
8
79
165
158
269
420
349
84
-136
-102
119
295
321
120
-129
-228
-308
-274
-142
-50
-82
-241
-439
-666
-679
-463
-260
-226
-464
-730
-655
-531
-654
-709
-643
-416
-276
-425
-541
-512
-429
-563
-770
-661
-401
-266
-222
-309
-427
-573
-686
-530
-265
-61
1
-168
-347
-445
-599
-560
-355
-115
67
-58
-319
-501
-378
-63
85
171
227
171
53
-79
-84
68
348
677
669
380
76
108
374
463
488
522
652
649
330
110
167
323
447
477
546
515
299
5
-181
98
393
427
357
330
399
246
88
91
357
640
378
167
292
489
609
450
336
440
616
649
559
656
782
624
344
307
484
564
459
277
159
138
44
-113
-44
158
179
51
-193
-261
-139
-214
-247
-240
-174
-104
-294
-473
-544
-460
-414
-438
-441
-415
-316
-416
-484
-416
-360
-302
-311
-268
-275
-330
-349
-386
-463
-481
-358
-281
-278
-302
-285
-356
-453
-401
-341
-271
-239
-276
-401
-564
-535
-390
-356
-446
-530
-496
-348
-262
-311
-354
-274
-92
-77
-272
-338
-148
88
269
238
45
37
184
273
244
281
404
453
399
242
246
340
341
372
223
113
297
363
192
42
81
147
253
339
277
233
264
289
211
226
352
368
175
2
64
135
188
220
261
408
438
353
349
304
318
398
351
438
468
394
365
167
21
151
436
565
483
288
52
5
-25
-98
46
232
257
67
-215
-280
-172
-117
-144
-262
-265
-128
-130
-162
-187
-253
-349
-520
-496
-283
-190
-242
-378
-363
-332
-456
-451
-315
-139
-152
-259
-231
-104
34
-63
-224
-194
-57
-79
-81
-62
-121
-51
-217
-395
-417
-364
-215
-190
-216
-273
-274
-234
-235
-265
-250
-93
-48
-91
-169
-222
-62
112
173
89
89
235
222
48
-27
97
300
449
397
337
328
205
151
74
112
351
372
315
246
55
-41
-13
104
249
198
26
-44
-51
-15
-62
-83
-2
57
113
15
-94
-27
24
82
76
-28
73
285
280
153
114
21
107
220
103
101
74
82
1
-154
14
266
319
62
-184
-93
87
114
60
82
142
42
-247
-398
-237
20
87
-43
-93
-54
-35
-112
-105
65
77
-19
-141
-107
-35
-85
-83
-127
-113
-49
-2
-21
48
174
60
-78
-14
75
-49
-23
79
3
28
7
-109
-107
18
142
109
30
10
-57
-91
-100
-113
-9
11
-101
-172
-261
-254
-168
-187
-99
-10
-139
-276
-251
-147
-88
-93
-120
-61
-52
-169
-232
-220
-254
-237
-101
-90
-144
-126
-109
-158
-193
-148
-48
97
70
-24
-113
-154
-22
34
69
88
63
108
132
175
148
37
-21
-18
60
108
14
-26
75
104
-8
-131
7
195
144
15
-52
30
113
93
66
41
61
107
130
174
148
144
174
248
304
235
267
261
179
122
139
206
220
215
192
162
75
68
131
35
13
87
164
174
101
25
-27
52
70
-9
57
193
210
117
-1
3
60
47
-3
97
218
132
-24
-141
-126
-89
-177
-138
105
185
47
-123
-107
-35
-163
-207
-127
-31
-20
-209
-243
-193
-248
-269
-241
-165
-98
-145
-140
-33
-94
-163
-138
-122
-91
-153
-166
-33
7
-46
-102
-126
-170
-164
-25
9
-129
-175
-126
-194
-249
-242
-146
-72
-168
-184
-73
-10
-50
-99
-103
-19
-9
-132
-184
-77
37
-145
-273
-70
-9
-51
-21
55
143
-3
-62
170
302
223
114
179
324
273
83
1
132
215
154
112
188
342
289
119
96
107
154
188
133
145
221
244
190
112
93
156
211
179
176
251
251
130
7
22
22
-48
-54
-46
-14
10
-73
-140
-37
71
91
113
211
260
136
115
197
128
-69
-151
46
205
151
11
-36
62
4
-161
-108
103
170
39
-70
-90
-154
-260
-255
-179
-148
-171
-187
-94
-109
-209
-199
-274
-225
-143
-84
14
-99
-206
-285
-326
-312
-248
-25
106
52
-129
-173
-3
-150
-428
-339
115
324
-28
-188
-1
1
-751
-1468
-819
259
485
-31
-243
286
223
-697
-893
40
764
220
-377
197
636
-67
-706
-199
554
443
14
363
1191
942
-163
-446
110
386
-34
-154
488
771
213
-287
33
383
-19
-290
195
678
468
-121
-84
422
218
-442
-431
209
458
96
26
451
543
70
-275
53
438
264
-8
116
382
115
-358
-247
202
338
90
4
179
156
-134
-165
24
-41
-63
-30
-43
-89
-221
-226
-169
-129
-208
-146
122
220
88
-186
-139
-29
-163
-181
8
107
-155
-351
-332
-186
-88
-131
-63
12
0
-85
-183
-157
-84
-109
-167
-269
-233
-132
-131
29
120
-2
-48
-10
-38
3
147
229
195
94
24
19
-91
-259
-152
107
137
-73
-56
97
-66
-315
-380
-248
-52
66
60
27
16
-119
-271
-306
-211
-63
153
326
259
110
0
-40
-85
-126
-20
304
519
338
106
-32
-144
-182
-147
-1
242
356
253
148
-41
-267
-357
-335
-111
52
50
104
140
-2
-252
-314
-131
118
186
310
529
459
213
-41
-100
-8
-5
48
416
703
437
51
-78
-94
-130
-152
69
429
414
98
-206
-341
-355
-445
-356
82
462
367
-27
-242
-172
-195
-290
-8
487
719
388
-116
-194
-184
-317
-336
-20
445
480
204
29
-85
-159
-174
-160
56
370
347
-86
-470
-486
-513
-492
-225
47
305
241
-210
-460
-405
-271
-207
-105
136
227
188
-37
-295
-298
-267
-285
-143
264
510
302
-48
-186
-267
-365
-310
-141
212
427
196
-179
-349
-292
-251
-243
-56
273
386
236
71
-43
-197
-403
-406
-23
364
427
379
270
5
-329
-531
-350
77
464
481
251
208
5
-466
-496
-119
217
470
438
326
208
-63
-384
-408
72
475
526
442
373
290
-11
-376
-292
103
374
534
529
416
194
-229
-418
-198
136
409
434
333
186
-117
-421
-555
-382
-8
246
234
89
-31
-180
-418
-561
-366
-45
167
158
17
28
-29
-406
-554
-225
83
262
244
176
124
-207
-482
-370
-102
96
151
160
169
-15
-281
-384
-266
-76
-11
12
86
101
-119
-368
-290
-119
-136
-227
-93
247
234
-101
-323
-216
23
-105
-86
246
442
292
-128
-142
44
-12
-123
-30
238
232
-52
-234
-107
86
18
-82
23
185
163
-49
-111
30
63
-52
-54
125
212
109
-14
-23
-57
-67
81
167
266
262
149
132
15
-98
-62
123
266
211
162
168
139
1
-159
-130
49
164
110
24
57
-68
-254
-224
-77
98
84
77
198
111
-74
-112
-87
-52
13
77
132
72
-56
-118
-90
-9
-8
-8
63
134
110
-42
-173
-209
-93
-56
-108
-103
-153
-173
-115
-69
67
61
-94
83
104
-109
-77
28
115
100
14
19
-6
-22
0
-69
2
213
225
125
37
-17
12
0
-63
-43
8
-86
-238
-219
-163
-143
-47
-36
-15
50
-61
-95
-13
113
180
97
75
145
195
38
-150
-125
32
124
38
165
378
218
-70
-192
-54
6
-68
39
131
105
-23
-219
-165
15
-49
-113
7
111
74
-44
-38
-49
-175
-310
-172
145
178
106
77
88
64
-204
-202
85
191
237
191
141
33
-224
-282
-133
59
95
0
96
96
-67
-231
-333
-93
115
118
180
279
191
-133
-247
-191
-162
-22
164
317
344
-25
-412
-317
-180
-54
159
254
289
88
-286
-447
-308
-172
-74
111
271
285
89
-143
-200
-107
-28
119
275
375
334
40
-203
-292
-273
-181
82
364
369
194
-37
-158
-252
-251
0
264
383
269
82
-121
-296
-295
-181
26
179
233
246
182
13
-272
-399
-153
100
166
236
362
372
92
-215
-324
-185
98
187
265
398
185
-185
-349
-298
-90
0
-63
67
126
-105
-359
-442
-234
-62
12
144
263
214
-77
-255
-274
-186
-39
61
230
317
192
-110
-278
-191
-102
32
213
321
284
-10
-283
-335
-300
-180
-5
269
323
29
-195
-241
-284
-257
-78
121
377
282
-61
-183
-248
-278
-271
-105
148
291
268
36
-113
-184
-193
-50
154
364
405
276
61
-76
-152
-270
-214
97
361
294
65
-22
-54
-162
-138
35
245
336
222
87
-25
-201
-274
-113
128
390
443
276
117
-53
-257
-261
-126
98
375
351
232
76
-178
-356
-343
-141
124
241
171
139
61
-150
-310
-258
-5
244
315
190
62
-101
-307
-391
-314
-17
202
267
228
-32
-215
-337
-393
-171
147
346
378
244
-6
-157
-201
-251
-147
137
269
194
6
-169
-227
-331
-362
-208
31
237
237
102
-127
-256
-230
-130
62
224
327
256
64
-104
-158
-167
-117
78
232
220
14
-148
-186
-204
-176
-149
18
231
205
75
-1
-113
-198
-200
-130
163
296
102
-46
-178
-269
-298
-166
96
187
124
21
-51
-94
-124
-117
57
280
270
151
95
74
31
-60
-115
12
169
193
103
-92
-198
-246
-350
-266
-49
178
226
95
52
-56
-141
-125
-52
139
330
364
191
125
54
-145
-143
-63
132
257
154
101
-57
-173
-219
-241
-119
47
158
127
105
35
-71
-167
-238
-108
54
219
258
74
-26
-62
-128
-119
-11
94
196
195
94
52
-8
-89
-49
96
164
89
44
13
50
48
-182
-213
-88
-101
-8
11
-86
-61
-80
-143
-82
-15
-12
-19
-109
-137
-70
-45
-8
84
121
93
17
-33
-4
30
47
3
52
74
-50
-101
-77
-58
-44
-37
-45
-27
-63
-107
-59
-69
-135
-146
-33
66
71
-11
-78
-1
-14
-37
-13
70
174
53
0
25
38
49
-91
-63
47
-10
-93
-151
-97
12
7
-40
-2
131
149
136
127
101
129
45
46
86
58
67
41
15
35
-8
-69
-121
-46
92
68
110
106
17
21
-6
-10
96
158
159
146
53
-28
-112
-225
-209
-35
63
87
110
17
-52
-123
-122
-64
-14
33
98
196
120
41
-46
-54
36
16
114
190
116
-20
-188
-268
-241
-205
-137
-56
-3
148
66
-145
-83
-74
5
131
94
166
194
94
-70
-164
-115
-158
-124
32
72
39
-58
-117
-60
-164
-196
-48
38
179
133
-2
16
-36
-113
-122
-40
74
119
141
128
13
-94
-146
-169
-78
-54
-80
-49
-16
-1
-65
-83
-61
-98
-45
24
54
114
78
44
32
74
88
12
2
-8
16
-19
-65
-85
-95
-18
-15
24
65
13
36
44
48
36
11
72
105
104
69
58
53
47
70
2
-15
-19
-52
55
17
-49
-55
-21
135
41
-83
11
85
93
54
32
123
177
126
53
50
18
-112
-67
-63
-57
47
-23
-115
-170
-184
-24
-7
-98
16
83
103
99
-60
-32
129
97
77
99
123
101
13
-83
-96
-53
-104
-163
-115
30
-15
-104
-77
-82
-4
15
-10
55
64
21
35
82
144
125
127
49
-55
-16
-97
-107
-72
-78
-28
-66
-71
-54
-81
-56
-17
-25
-59
-38
17
106
94
17
46
10
-63
-56
-43
-54
-55
-74
-64
-45
-76
-109
-63
11
36
103
36
-14
88
49
14
83
169
182
75
82
122
-12
-161
-157
-92
-72
-65
-123
-116
-86
-168
-198
-159
-82
65
153
164
198
163
73
-5
-37
29
139
179
133
2
-97
-132
-163
-111
-78
-41
-3
79
141
73
-14
-80
-88
-139
12
189
188
215
104
15
-2
-132
-202
-98
33
62
27
-19
-18
1
-83
-170
-135
59
189
113
94
191
145
-51
-113
-5
184
238
203
173
28
-51
-185
-274
-207
-188
-78
14
21
23
-46
-126
-119
-46
51
122
220
322
225
34
-90
-134
-101
-86
-13
94
92
23
-138
-252
-231
-211
-105
-57
-16
124
106
35
-34
-117
-48
34
113
153
117
67
-27
-85
-187
-149
-9
1
40
68
-17
-83
-67
-84
-25
11
7
103
132
56
-10
21
14
2
56
45
42
56
-9
-97
-134
-109
-127
-117
-72
-151
-83
29
11
47
74
137
198
199
139
5
72
130
47
39
31
49
19
-66
-121
-41
-19
-48
-7
-7
55
37
5
-33
-80
-8
53
91
45
-35
44
134
69
-11
0
82
85
29
-45
-40
-5
-72
-88
-97
-84
5
14
-66
-36
52
71
47
36
42
15
29
-2
-75
-72
-47
41
56
-25
7
46
40
-70
-176
-72
-29
-1
27
-24
39
28
5
-28
-110
18
70
88
137
23
44
22
-109
-57
-9
11
0
-72
-70
-88
-52
-57
-172
-90
-38
29
165
68
15
103
87
30
27
-23
15
36
-29
-63
-128
-56
-40
-85
-97
-121
-64
-87
-88
-7
43
27
20
-40
-100
-2
43
87
134
43
-17
11
-23
-78
-40
58
33
-23
16
-7
1
-22
-128
-118
-5
107
121
79
60
37
-23
-43
-58
-33
72
122
155
33
-48
-59
-69
-44
-16
50
-4
15
67
80
61
-47
-31
37
64
105
126
125
60
33
41
-10
80
101
28
8
-8
-2
-80
-121
-115
-29
66
65
107
92
65
46
-3
-63
-90
-54
59
134
73
87
85
83
16
-67
38
-3
16
98
6
-41
-44
7
18
-83
-93
-20
-34
-52
-65
-47
28
-13
-58
-69
-47
29
-14
-72
26
47
23
24
-55
-81
-97
-15
72
16
19
5
17
35
-91
-139
-88
-18
3
-69
-116
-54
2
-48
-91
-24
33
60
41
3
-5
-36
-35
-75
-44
25
20
23
-13
43
113
68
25
-28
11
108
94
98
87
-38
-17
27
-9
-26
-34
-17
26
71
-1
-105
-136
-67
-56
-92
-10
41
8
0
-5
3
98
103
60
76
78
74
44
4
4
27
71
66
-58
-71
-41
-121
-160
-169
-65
14
-15
-25
-30
3
22
29
-2
20
87
169
180
1
-61
-101
-146
-98
-109
-39
69
73
27
-33
-51
-83
-99
-67
11
90
64
92
81
-75
-107
-130
-87
-7
0
81
86
87
-28
-132
-94
-87
-54
-24
91
167
155
95
2
-61
-81
-38
31
97
75
168
229
58
-63
-140
-103
-61
-91
1
6
15
50
-62
-63
-37
-39
51
81
105
135
128
110
61
40
94
92
-4
-16
46
2
13
79
-44
-93
-62
-102
-86
-31
30
54
33
31
-3
-54
-12
59
82
104
122
54
40
-17
-110
-75
-59
-39
-34
46
87
-46
-14
-54
-162
-85
-49
57
79
57
113
47
15
-70
-125
-68
-40
8
13
-15
14
41
-8
-137
-180
-56
-88
-115
17
5
12
101
84
-4
-25
-1
-17
-55
-21
76
40
35
22
-77
-41
-90
-179
-111
-21
-17
-19
22
-67
-108
-87
-6
126
72
88
189
226
154
-12
-135
-122
-70
-116
-97
12
83
-1
-74
-82
-80
-33
-16
38
76
202
211
43
-11
-38
-1
22
24
48
62
130
67
-60
-46
-98
-77
14
-34
-5
50
73
71
-60
-130
-40
48
69
62
84
69
34
85
12
-19
49
26
-24
-68
2
61
3
-95
-93
-50
-77
-55
-73
-75
43
110
100
50
7
1
-27
-16
-75
-78
79
50
-38
-26
-34
-128
-137
-75
-73
-69
25
102
59
14
-18
31
39
-36
-62
12
112
35
-76
-110
-65
-17
-62
0
37
54
102
-50
-128
-108
-120
-54
-13
80
113
77
126
75
52
62
59
82
0
2
139
125
-80
-179
-184
-144
-34
-20
67
85
9
44
9
-109
-141
-51
29
77
119
101
91
115
22
-57
4
79
29
-21
63
86
58
-2
-75
-77
-40
4
0
22
59
62
54
28
-48
-117
-57
7
38
45
35
45
-19
-74
-89
-122
-117
15
62
3
55
119
106
-12
-79
-14
60
27
-27
14
49
48
-41
-97
-63
-29
-11
13
-6
-36
28
-5
-114
-102
-43
-60
-23
26
-3
27
31
39
60
-30
-22
103
108
91
74
5
0
-41
-84
-58
-13
38
-7
1
7
-36
6
-84
-120
-79
-15
86
17
25
19
35
132
42
42
45
9
22
-71
-31
16
-32
-37
-62
0
-35
-81
30
-10
-37
48
91
35
-43
-15
-26
-55
-20
11
26
-30
6
43
-98
-114
-32
9
15
-17
90
111
12
-53
-103
11
44
-23
33
60
26
-13
-47
-38
-61
-59
-14
25
16
-41
1
-77
-153
-46
-52
-67
21
86
81
35
84
145
87
22
32
60
76
15
-15
5
-21
-71
-107
-2
17
-21
-17
-2
30
-70
-79
6
-11
19
75
38
22
48
39
16
99
117
15
-3
20
35
17
10
-10
21
67
51
42
-24
-14
35
39
55
-18
3
53
-21
-89
-91
-45
-69
-33
10
32
39
-51
-29
-63
-78
44
6
21
71
55
36
-17
-12
2
34
91
104
79
35
30
-81
-152
-71
-180
-212
-48
-22
-30
-7
-28
-11
-25
-94
-44
-31
-4
-11
-14
127
115
70
49
-10
40
73
39
38
-42
20
37
-93
-30
-55
-79
-21
-2
24
-1
-49
-77
-81
-29
10
-39
-26
15
2
25
-24
-74
-44
-55
12
77
29
-15
3
21
26
30
-1
26
74
88
48
56
121
27
6
47
-31
-37
-38
-49
-69
-81
-57
-116
-93
2
22
21
54
94
56
82
73
1
53
46
53
91
63
61
86
55
-45
-41
-9
-55
-45
15
33
13
6
-9
-62
-42
-13
-33
-20
-13
53
44
-11
-12
-26
-19
-46
-11
19
34
17
-53
-11
17
-70
-51
62
26
-27
0
62
49
-82
-85
-23
38
76
1
0
37
24
-32
-91
-62
-77
-1
45
-44
7
1
-76
-85
-33
37
42
81
152
87
41
66
6
-76
-82
-24
24
16
-28
-33
-73
-68
-29
-74
-26
18
6
47
53
-20
-46
6
48
-7
-4
76
7
-56
-81
-54
-2
-8
-39
0
59
26
101
38
-68
0
-38
-11
33
-48
-16
23
0
101
72
-22
23
4
-8
9
30
57
-36
-56
63
3
-15
-9
-78
-17
29
100
92
-22
-15
19
11
-10
-25
-38
-4
-8
-42
-21
-65
-23
-17
-68
56
80
-6
26
56
-12
-41
-37
-57
-97
-57
1
0
25
-20
-5
1
-26
-61
-67
65
36
24
15
-80
-67
-38
23
-23
-27
4
38
97
45
25
-3
-16
-25
14
94
59
42
102
66
0
45
20
-100
-106
-49
-1
65
47
42
49
19
34
5
-47
-59
-28
8
3
25
6
-3
4
-39
-32
7
57
44
11
47
41
51
16
-67
-40
13
55
39
8
-46
-91
-19
5
-52
-55
-45
-13
13
-22
0
40
-1
-66
-14
77
68
53
8
14
33
-10
26
31
0
25
58
25
3
-25
-62
-17
-35
-39
-64
-28
53
-47
-49
-64
-71
29
-8
-32
-31
21
31
-21
13
-18
-75
-4
63
21
76
63
-25
-17
-57
-17
-11
-97
-97
-32
42
49
34
-27
-23
33
-6
19
-12
-86
1
73
93
45
-40
-32
-28
-44
12
18
-57
7
79
53
41
12
0
2
19
70
92
28
0
29
23
9
-68
-59
37
8
36
1
-111
-57
-43
-45
-13
-5
44
1
37
61
-42
-44
-67
-12
43
56
64
0
38
32
-15
39
9
-25
-25
-18
6
0
-45
-102
-65
-50
36
83
-49
6
92
8
-18
-7
-42
-47
10
19
50
108
-18
-46
67
25
0
-12
-21
-2
-27
50
82
-29
-79
-9
34
11
25
-4
-16
23
19
32
-16
-94
-59
30
19
-47
-18
41
-3
-28
21
39
-5
-19
55
13
-38
-25
-28
16
20
-10
-24
11
9
13
55
29
28
-42
-35
43
-25
-25
8
11
-30
-13
73
48
31
61
0
8
46
-49
-14
-50
-123
-59
-22
20
34
17
-19
4
-4
-29
44
26
-35
-24
-21
2
6
4
-8
-11
46
-16
-42
-82
-53
-17
-88
31
15
-20
77
24
-6
9
-19
10
31
-7
-18
-3
0
-17
-33
4
45
-26
-67
15
25
-41
10
82
28
-11
-2
50
64
44
71
36
19
34
0
-1
37
-4
-44
-18
-13
-2
-1
-21
21
31
-52
20
5
-54
17
-70
19
53
-35
65
-19
-44
-20
-64
27
60
53
43
25
-2
-10
-27
-34
3
-71
-88
15
43
20
23
32
-23
-29
11
0
3
-48
-64
-60
-77
7
3
15
81
12
40
32
21
30
-87
-63
-57
-2
101
41
16
-17
-46
-32
18
54
26
9
24
65
9
-56
-24
-14
-30
-42
-40
-49
-66
-41
-38
-20
41
57
83
64
73
60
3
-28
-41
44
10
9
27
-4
51
23
53
3
-62
10
-26
-4
32
5
-6
11
19
-54
-30
44
106
49
-21
19
-17
-16
-5
6
-9
-59
15
28
-12
-5
8
3
-40
37
68
6
7
-44
-20
-27
-74
-11
-34
-67
-55
-21
27
-16
-24
23
-22
-84
-78
-28
25
-4
-1
-24
-33
26
8
43
-10
-61
-5
-20
-15
-9
-20
10
-4
10
54
12
31
-3
-55
22
10
-27
33
13
-6
37
19
28
-32
-40
34
-28
-23
21
6
50
116
106
55
-12
-13
47
9
-38
-8
-30
-31
45
37
51
56
-27
-21
53
-12
-41
17
-15
11
23
27
49
-20
-36
-19
-11
34
47
6
-15
-40
-80
-9
-2
21
77
-27
16
38
-30
20
-10
-59
-15
11
-40
32
61
-78
-44
29
-1
-46
-18
-20
-78
-51
18
54
-3
-14
33
20
18
-15
-36
-15
-64
-118
-57
64
14
2
61
6
16
-29
-23
-6
-53
-1
4
30
5
-45
43
66
-3
48
70
51
43
-42
-77
-112
-105
-48
-20
-1
6
63
127
53
49
91
32
10
32
57
82
46
4
10
-31
-29
18
6
-25
24
16
27
38
-75
-72
-37
-18
-29
-14
48
63
68
37
13
22
63
29
0
-5
-20
7
-43
-59
-7
-57
-72
-31
-42
-16
13
46
17
-31
-22
0
7
-9
-32
-19
-4
-18
35
-26
-57
47
-10
-64
-38
-15
7
-53
-78
-69
-20
51
20
26
23
33
96
87
42
-2
-18
-57
-102
-69
-24
15
75
91
30
-16
33
31
-19
0
-38
-9
5
-9
-12
-69
-33
0
-6
18
112
127
44
4
2
36
29
31
11
-17
1
3
1
-46
-103
-57
-56
-41
63
85
85
49
33
-29
-77
42
-6
-5
19
-16
63
8
-33
-35
-49
24
53
42
27
-16
-31
-90
-109
-41
-39
-20
26
-1
24
18
-32
5
-14
-12
51
69
20
-39
6
15
-30
-52
-28
-30
-35
8
-33
-15
-25
-50
-2
-5
6
-7
-21
-8
-23
-62
-22
24
4
1
39
54
20
28
4
-19
18
47
49
29
41
-11
-21
25
-2
45
26
-28
0
38
33
25
0
28
84
9
41
-38
-144
-34
-36
15
84
28
67
96
60
28
13
20
18
19
47
85
13
-7
-22
-130
-73
-34
-62
-3
7
51
74
58
-29
-99
16
-34
-52
2
-54
-45
-23
19
9
-21
10
40
60
36
-26
-41
-65
-80
-33
-3
2
-21
5
-12
-58
-10
32
33
-1
21
-22
-57
-78
-142
-13
-32
-90
52
60
114
79
-12
2
-84
12
36
1
26
-46
-9
-27
9
10
-64
-56
49
93
0
64
35
6
-24
-86
-20
0
12
-36
8
29
-61
12
95
33
-7
45
23
21
48
27
4
0
73
47
9
41
5
-1
-2
27
68
62
45
-4
2
-46
-28
18
-14
12
20
28
-21
-19
-28
-72
-42
14
62
60
81
53
35
-24
-93
-37
-24
-45
26
79
51
54
18
-13
-30
-36
32
26
-12
-24
-57
-99
-45
-82
-127
-1
3
1
40
-14
-63
-42
-42
-43
-3
-12
40
27
-47
-3
-44
-108
10
87
2
-2
100
76
23
41
7
-11
-35
-46
-39
-11
-95
-125
-42
-47
-14
-21
50
13
-39
33
-52
-41
-5
7
17
-13
3
9
-5
-7
61
30
9
104
119
81
48
12
12
28
21
41
22
-15
-8
-75
-127
-84
-12
-3
-29
-3
-44
-23
13
14
44
-2
44
185
123
47
56
-26
-45
31
101
92
45
46
26
-26
-85
-81
-70
-62
3
39
64
51
33
15
-24
39
23
-75
9
45
-22
-76
-90
-43
-46
46
57
-33
-8
-11
-11
-18
-27
59
52
21
71
19
-29
-21
53
23
-73
-18
29
61
19
-108
-121
-69
13
71
-62
-75
-35
-97
3
35
-18
11
32
78
47
-54
-58
-64
-58
-39
-43
4
40
58
53
-18
-50
37
101
121
120
38
-1
10
-57
-128
-82
-104
-109
-1
-32
-14
-13
-83
-10
-67
-33
66
25
100
68
7
58
52
97
106
-37
-24
23
-76
-53
25
12
-2
35
62
37
-61
-42
-45
-148
-69
-19
3
35
-34
-19
48
33
57
42
36
66
-9
-12
5
-24
-15
10
43
24
21
44
-39
-28
18
-59
-38
56
25
-55
-12
-12
-76
-34
-63
-54
36
23
12
-4
25
80
0
38
93
70
48
-20
-5
-17
-44
-31
-5
7
5
29
-18
-44
-53
-75
6
28
20
28
13
21
4
26
25
42
79
69
81
-8
-31
33
-48
-79
-25
-26
5
0
-88
-53
3
-25
22
66
60
92
87
49
11
-8
42
-8
-72
25
3
-99
-93
-83
-121
-132
-11
41
-31
21
58
38
106
-31
-68
79
27
55
25
-15
-26
-48
33
-37
-105
-94
-42
-38
-66
12
19
63
75
58
113
48
23
-3
-48
-27
-16
32
-47
-114
-37
-99
-85
-12
-36
-10
41
130
127
55
78
64
57
101
48
5
40
33
-25
-33
-50
-87
-94
-129
-78
-78
-105
-25
-8
28
74
126
110
15
95
95
-24
-7
1
24
-6
-27
13
-40
-94
-74
-30
-40
-9
33
66
76
24
-21
11
3
-10
29
-4
50
78
-32
-47
-74
-122
-74
-66
-25
-61
-33
67
64
89
31
81
105
9
77
100
-36
-89
-38
-25
-53
-81
-78
-107
-69
-28
-67
-21
-46
-86
39
92
6
45
95
61
90
87
53
-41
-39
-1
-95
-91
-75
-40
-11
-45
-1
6
-12
-10
0
32
37
100
153
116
85
58
14
12
-1
-58
-56
-50
2
8
-27
-9
-87
-62
49
50
47
53
72
116
93
75
59
27
6
14
48
-39
-60
-46
-63
-48
-102
-79
-69
-43
39
-64
-100
15
41
6
30
67
46
42
37
23
-69
-43
-13
-67
28
-19
-38
40
-18
-55
-33
-14
17
55
92
27
-52
52
86
2
6
7
-12
4
-8
-51
-66
-67
-83
-37
51
74
73
49
96
137
75
84
102
106
20
-19
40
-2
-60
-80
-98
-160
-146
-86
-85
-115
-123
-67
-17
64
73
13
64
26
-3
88
39
-1
-37
-67
9
-84
-172
-144
-162
-147
-132
-86
-6
-1
-1
-2
9
83
81
109
172
122
97
35
-12
27
-46
-126
-81
-80
-58
-36
-70
-26
-82
-38
117
124
168
162
165
195
126
175
155
19
55
76
3
-67
-65
-44
-74
-15
-31
-18
37
1
39
24
-10
-28
55
142
83
93
47
1
-28
-149
-84
-117
-220
-137
-73
-31
-64
-5
23
-53
54
84
101
108
40
82
13
-29
-20
-90
-99
-114
-116
-108
-114
-76
-55
0
-31
-23
61
73
122
106
89
71
139
152
39
37
1
-1
-15
-20
7
-41
-41
-60
-35
21
-42
-34
68
57
46
113
99
60
47
18
2
23
12
-53
-84
-108
-128
-105
-192
-284
-147
-64
-112
-37
14
0
60
72
71
82
20
20
58
11
-113
-169
-188
-138
-113
-200
-137
-83
2
20
-32
8
-14
37
138
145
85
108
137
111
95
18
-8
-32
-29
38
30
12
27
58
75
140
140
100
174
199
198
182
183
160
107
116
109
98
1
-69
-15
-40
-35
-16
-108
-16
89
23
19
47
58
64
68
108
68
0
-3
-48
-80
-139
-197
-195
-150
-161
-209
-150
-149
-142
-95
-77
-40
-14
-14
20
0
-28
-40
-123
-138
-130
-124
-157
-146
-127
-151
-111
-118
-98
-104
-95
-26
10
-2
9
128
136
87
162
152
91
96
75
52
-4
-49
-3
1
-3
22
38
20
49
126
147
142
165
194
139
184
234
154
128
54
-2
-7
-54
-72
-108
-80
-45
-51
81
109
61
84
76
73
107
90
16
-24
5
-13
-76
-34
-75
-110
-122
-184
-152
-204
-234
-142
-124
-106
-66
-15
106
55
-12
47
-20
0
20
-57
-15
-30
-71
-68
-68
-83
-128
-67
-80
-91
-58
-29
31
-32
39
137
89
157
246
185
123
113
110
77
-5
-20
30
-37
-79
-53
-44
36
15
19
137
143
148
177
138
99
92
110
74
38
42
5
-23
-30
-50
-119
-100
-60
-72
-58
-53
13
24
44
104
12
8
3
-64
-58
-129
-146
-73
-139
-168
-120
-161
-131
-199
-202
-140
-134
-45
-5
4
-27
21
50
24
-35
-43
9
-65
-68
-47
-77
-157
-168
-76
-41
-20
-1
33
51
54
29
47
94
72
85
171
223
160
68
49
60
41
63
33
40
143
117
143
124
41
138
147
92
157
149
169
233
186
121
114
152
120
67
81
64
24
68
81
-8
-38
-59
-69
-54
-98
-98
-66
-57
-40
-65
-63
-41
-55
-107
-135
-86
-78
-92
-141
-131
-87
-155
-144
-166
-188
-125
-111
-101
-164
-189
-103
-124
-191
-214
-272
-185
-109
-235
-216
-209
-290
-214
-138
-176
-261
-180
-71
-67
-49
-27
53
118
189
242
222
266
274
208
221
172
114
118
85
140
142
82
122
206
199
171
249
251
261
329
347
400
402
356
331
358
313
190
182
185
124
97
107
121
143
124
115
184
127
98
180
112
64
11
-15
12
-105
-208
-197
-266
-380
-346
-325
-374
-437
-442
-361
-356
-361
-321
-355
-348
-241
-272
-266
-244
-365
-327
-345
-395
-400
-496
-440
-449
-445
-376
-359
-261
-210
-191
-109
-9
33
109
160
115
114
170
200
206
122
110
154
88
159
153
143
241
210
276
374
389
395
372
366
406
478
521
512
447
385
367
342
227
130
153
189
234
267
247
290
301
277
272
204
208
240
220
156
109
-31
-144
-112
-211
-275
-296
-288
-250
-314
-316
-272
-282
-308
-308
-279
-201
-110
-150
-234
-282
-271
-195
-247
-309
-292
-288
-273
-282
-281
-315
-350
-246
-183
-256
-175
-51
-66
6
-36
-56
34
5
19
-8
-61
-66
-4
17
-14
30
12
26
70
50
98
162
168
186
165
192
247
193
191
139
105
170
141
190
161
120
138
76
133
98
101
125
99
143
148
186
127
130
129
81
157
127
88
56
15
56
-16
-118
-99
-107
-99
-87
-122
-118
-130
-114
-34
-20
-42
5
-20
9
82
36
23
-60
-73
-61
-136
-128
-166
-214
-230
-205
-102
-118
-154
-94
-66
-57
13
-14
-102
6
0
-92
-81
-99
-136
-140
-174
-191
-161
-188
-89
0
-24
65
122
112
145
153
187
167
142
186
164
180
156
81
38
-8
-8
-31
-38
4
1
50
174
195
191
198
218
388
370
245
321
263
225
207
38
-10
-53
-89
-22
-45
-85
-80
-75
-8
-8
-15
17
29
124
83
35
68
-39
-51
-40
-84
-96
-190
-202
-156
-220
-302
-320
-289
-244
-205
-179
-150
-78
-9
-67
-69
-15
-57
-92
-103
-88
-195
-259
-188
-213
-229
-256
-279
-183
-109
-126
-77
-34
9
78
137
254
259
225
239
185
153
159
121
16
-18
-39
-68
13
11
-32
-28
59
169
199
200
199
196
200
233
212
169
160
138
108
74
20
-41
-75
-49
-84
-132
-55
-35
-10
42
13
76
71
46
134
104
85
106
80
8
-39
-30
-106
-140
-99
-139
-168
-174
-161
-66
-134
-160
-30
-23
43
100
69
97
67
40
74
31
-25
-16
-35
-60
-94
-98
-51
-77
-123
-75
-89
-33
143
135
134
113
123
255
175
61
76
27
4
-19
-52
-97
-159
-141
-138
-145
-139
-140
-105
-57
-58
-36
71
109
85
127
39
2
30
-59
-51
-104
-114
-77
-162
-145
-130
-117
-84
-107
-83
-34
23
56
62
22
57
143
90
26
12
-17
-15
-20
-104
-119
-64
-143
-119
-24
-65
38
85
79
149
138
159
164
146
195
191
158
170
157
115
75
65
36
13
42
28
21
74
165
151
112
174
106
73
125
69
71
132
117
91
65
10
-42
-107
-124
-125
-133
-135
-160
-59
-64
-120
12
-16
16
54
-7
32
-27
-58
-56
-133
-135
-146
-207
-257
-270
-211
-204
-209
-176
-206
-160
-19
34
6
-14
82
121
41
47
31
-41
-42
-46
-41
-44
-137
-115
-116
-133
-5
7
17
108
125
141
219
225
203
220
203
177
127
110
106
78
38
-42
-28
-31
-69
-49
-77
-42
28
64
80
122
148
98
106
127
54
4
-24
-112
-153
-173
-178
-159
-106
-155
-249
-164
-122
-61
-46
-77
40
83
108
50
10
65
-45
-39
-6
-53
-70
-138
-134
-125
-109
-97
-66
-11
23
94
144
163
194
181
132
164
137
82
96
88
30
46
84
-20
-105
-29
52
-5
29
99
88
87
136
182
143
145
163
117
45
56
4
-138
-159
-101
-128
-177
-173
-195
-177
-138
-134
-106
-69
-70
-51
-24
-46
-55
-85
-87
-31
-99
-171
-147
-157
-152
-135
-157
-154
-178
-211
-82
-50
-78
9
70
129
142
180
174
161
132
100
120
89
46
25
64
11
40
109
57
85
91
126
190
172
256
344
235
206
199
131
146
90
76
71
49
29
-9
-25
-23
2
-42
-42
35
59
38
75
27
-15
79
16
-48
-9
-39
-95
-164
-108
-73
-178
-245
-248
