69
51
27
60
123
132
105
124
76
-10
18
8
0
55
0
-74
-97
-36
-8
-3
19
-22
-16
16
92
109
43
67
116
152
142
84
63
36
49
83
10
-45
-11
33
78
-24
-38
54
8
-14
-80
-103
-71
-36
13
-40
-98
-105
-45
-2
11
49
10
37
65
-41
-16
-25
-20
10
-83
-74
-23
0
-66
-161
-114
-22
12
-14
-75
-36
-25
-33
35
0
15
40
6
62
77
9
-3
42
81
72
-5
-152
-170
-63
-52
-101
-128
-61
-50
-65
-47
-69
13
30
25
24
18
52
11
29
26
20
36
91
149
130
93
40
91
120
43
7
-58
-84
-27
-34
-50
-24
-7
-5
-5
-4
1
10
-4
-37
-20
39
80
32
-30
-39
-55
23
48
45
51
-52
-31
1
-35
-45
10
47
-4
-43
-118
-92
-67
-116
-89
-79
-73
-108
-79
76
139
124
143
130
107
86
-6
-26
31
-2
48
75
7
32
7
-60
-100
-114
-110
-53
-12
20
50
17
-16
-40
20
83
75
51
94
159
140
108
75
-10
-6
45
-4
-39
-112
-148
-44
-15
-19
0
57
91
10
-47
-39
5
-74
-108
7
52
84
-8
-56
9
-8
15
36
63
83
95
98
8
-50
-30
-29
-82
-84
-146
-133
-64
-94
-23
-23
-38
-20
-14
56
27
17
47
33
57
24
-76
-41
23
74
96
1
13
-16
-51
-54
-128
-64
-63
-91
-1
-2
33
92
-15
-57
28
71
55
27
-34
-45
-41
-46
3
-34
-45
-35
-63
-62
-48
-9
-4
-1
13
-29
-20
42
83
43
20
42
5
7
31
19
-9
68
97
34
56
26
16
44
10
28
13
-62
15
0
-56
-1
8
31
-30
-10
20
-1
69
26
23
71
85
53
-15
13
7
10
29
18
-12
-70
4
45
11
20
22
18
-28
40
7
-99
-16
-46
-50
24
-25
-17
24
-88
-40
85
106
118
-10
-18
-72
-199
-112
-63
-56
-80
-164
-110
-16
-61
-43
-27
-78
-65
-11
-19
1
65
65
90
112
144
151
102
81
80
75
29
-3
-14
-8
-25
-70
-13
-44
-91
-103
-87
9
0
-7
-8
55
70
-28
69
106
45
80
85
82
125
111
3
-44
25
110
63
-3
-2
47
3
-156
-126
-88
-88
-35
-103
-157
-77
-21
-6
42
51
30
20
48
77
38
12
0
28
45
6
28
54
43
15
15
4
-69
-96
-53
15
-37
-43
-34
-116
-14
21
-49
-28
19
10
0
43
3
8
29
21
-5
25
45
-80
-83
-56
-38
32
35
72
50
-50
1
47
-13
20
19
-12
25
-25
-39
28
8
19
-37
-36
78
68
59
-35
-61
50
22
43
91
31
-8
-59
-73
-31
-34
-59
-46
-44
-105
-154
-135
-74
-83
-90
4
34
18
-37
-114
-77
-59
-19
12
5
73
78
88
113
103
51
-33
8
93
77
101
81
-34
-91
-130
-81
-12
-11
-4
-76
-123
-32
-64
-93
19
17
-5
67
83
44
79
42
11
111
155
141
26
-32
39
66
40
-6
-13
-35
-19
40
-84
-142
-31
-57
6
7
-88
-3
10
29
47
28
96
108
87
112
129
106
60
16
2
-35
-16
64
-5
-32
-5
-59
-79
-115
-96
-45
-57
3
19
14
88
53
51
61
59
101
65
40
44
24
8
10
27
5
-6
-3
-64
-118
-143
-112
-111
-102
-42
-19
-16
-50
-73
36
70
-32
40
54
50
80
15
32
64
53
-7
-81
-82
-33
3
-78
-136
-43
-43
-98
-101
-54
-60
-88
-42
-24
6
-30
-60
-15
13
33
31
-16
-44
-24
21
49
14
43
21
-63
-35
10
-17
11
53
-40
-12
105
78
27
7
35
109
108
77
50
39
54
52
99
128
80
-26
6
74
27
33
4
33
16
-30
5
-28
-22
-1
18
34
-26
-37
46
124
77
67
102
29
21
18
21
-6
-74
-30
-22
3
-24
-148
-94
-65
-79
-67
-98
-82
-34
-4
5
-1
-26
-20
-17
-62
-32
49
28
0
10
-15
-10
0
-81
-88
-29
-46
20
7
-11
-45
-133
-65
-11
-42
-101
-75
-10
17
32
14
9
10
76
98
31
15
40
48
-4
17
24
-90
-79
27
35
22
59
18
-14
28
33
30
8
3
27
34
29
10
-9
1
21
4
22
53
41
29
-16
-85
0
96
6
-46
-39
-5
3
-12
-31
-62
-45
-12
-10
-61
-56
-67
-81
-41
-61
-30
16
65
121
21
-37
-18
-10
73
79
16
-14
-6
50
40
-10
-93
-144
-172
-152
-83
-98
-44
0
-25
-42
-29
-38
-19
57
41
35
45
80
109
19
-81
-82
-27
16
66
29
52
53
-45
-26
11
14
0
16
51
80
10
3
103
60
59
55
27
108
94
99
124
108
156
172
154
58
11
25
25
31
-18
-52
-42
45
46
4
3
-44
-42
-32
-40
-91
-72
35
30
-29
-49
2
116
57
-14
40
-17
-25
-34
-77
-85
-62
-29
-113
-93
-93
-145
-142
-158
-89
-78
-94
-53
-55
-35
45
42
-41
-80
-67
-75
-68
-20
-7
29
56
55
-18
-96
-48
-5
36
62
71
82
0
-7
31
36
115
124
125
99
35
77
65
63
73
16
-52
-78
-21
-36
-22
29
-4
-26
-12
33
61
130
129
18
4
52
83
90
31
-39
-18
-19
-50
-37
-65
-74
-20
-56
-57
13
11
-21
-58
-91
-86
-49
-10
39
-16
-99
-78
-45
5
54
-1
-59
25
36
2
-44
-120
-69
-41
-53
-28
-48
-78
-70
-27
7
-20
2
27
-3
54
117
80
91
129
58
41
91
63
66
101
101
10
-38
17
27
31
40
59
47
-6
-21
-34
-49
-57
-55
1
49
40
31
46
45
-15
-21
24
-17
37
32
-47
45
36
30
59
-56
-92
-90
-102
-74
-108
-77
-9
-26
-29
-68
-134
-97
-3
34
-8
-31
-11
23
2
-42
5
6
29
43
-38
-12
26
25
-25
-74
-27
-36
-85
-59
-6
-30
-35
-34
-22
90
101
63
33
-3
-21
14
138
181
182
180
144
65
-13
60
118
79
76
30
-35
-28
45
39
50
93
-15
-25
8
23
118
50
35
7
-95
47
-6
-132
-37
2
-3
-57
-116
-52
-34
-75
-91
-93
-29
-36
12
9
-75
-11
4
-25
-67
-120
-111
-111
-47
44
9
-42
-13
14
-3
25
-42
-70
-3
-19
34
42
74
108
54
61
20
38
61
-33
-15
54
102
60
19
101
44
50
95
82
113
103
153
88
56
56
12
70
41
39
3
4
89
73
96
60
71
110
4
14
29
-63
-35
-2
-34
-45
-50
-50
-64
-112
-187
-176
-159
-155
-149
-232
-149
-92
-106
-50
-101
-94
-106
-113
-105
-159
-154
-161
-110
-43
-41
-91
-78
-13
-43
-73
-82
-60
-62
-86
-2
16
-63
-77
-78
-86
-7
37
-10
-7
56
64
47
95
115
104
126
82
33
169
175
69
146
233
257
193
156
149
114
126
136
82
56
134
141
94
153
165
97
45
6
50
57
58
71
28
21
-2
26
-43
-26
55
-31
-30
-32
-13
-34
-87
-106
-98
-1
-25
-92
-117
-155
-161
-123
-124
-157
-47
-41
-83
-14
-51
-53
-93
-85
-40
-66
-6
-30
19
62
24
25
8
48
-37
-130
-10
37
-21
-39
-86
-80
-60
-70
38
63
49
94
59
52
54
55
60
67
75
17
10
15
31
57
75
47
6
16
-54
52
75
-22
71
21
-36
-20
-50
-57
-90
-100
-42
-27
-48
13
77
36
-20
-50
-62
5
-44
-81
-29
-57
-76
-112
-79
-27
0
-44
-108
-62
-30
28
-8
-14
58
-22
-9
30
-2
36
44
-12
4
26
-44
41
139
59
42
46
-23
-30
82
106
-4
0
35
46
54
29
86
90
68
99
116
91
40
60
49
27
45
49
69
60
95
84
-24
-44
-32
-10
-18
-46
-56
-15
30
-5
-12
-18
32
64
-53
-100
-18
27
19
-40
-81
-16
20
14
-57
-185
-202
-147
-146
-131
-96
-125
-81
-93
-114
-17
-21
-11
-2
-36
-60
-26
57
13
1
14
-18
-11
-11
-51
-31
-51
-86
53
51
-82
-110
-88
-27
-26
-70
-75
-23
15
-39
13
67
83
133
113
178
139
79
134
43
63
60
4
47
48
39
-8
4
12
22
66
6
-33
31
43
42
70
43
70
59
50
60
50
73
3
-18
66
43
-25
-75
-146
-70
-19
-35
-22
-62
-85
-33
-17
-45
-44
-55
-25
-30
-13
38
-9
-32
70
78
9
22
-13
-46
-42
-66
-41
-36
-54
48
21
-59
-6
-77
-56
52
19
75
101
69
34
-51
6
37
-17
52
97
54
39
-20
-8
46
8
48
30
9
32
2
11
7
3
-9
26
111
63
69
63
16
41
-14
41
93
80
79
19
19
-10
8
21
-21
7
-106
-170
-83
-76
-86
-97
-54
-33
-152
-95
-39
-64
-14
-36
-37
-22
-22
18
35
6
54
42
-48
-4
44
-22
-125
-94
-76
-38
-53
-165
-97
-74
-59
-1
35
23
22
8
-53
37
100
99
68
53
75
54
102
20
-31
42
64
68
29
56
-2
-61
-4
-31
-87
-84
-24
1
3
-32
-51
-32
32
120
59
36
72
11
29
24
-72
12
17
-69
-2
24
28
-63
-133
-58
-35
-35
-74
-120
-106
-39
44
-35
-41
23
-1
41
-20
-52
14
35
104
113
15
-46
23
49
22
28
14
107
86
34
92
11
-29
17
32
19
5
31
26
11
-17
46
147
116
84
62
93
104
56
16
24
-15
-33
-28
-148
-117
-79
-57
9
-37
-53
30
-53
-121
14
31
48
69
48
82
45
-3
-40
-27
33
-19
-52
-21
-38
-3
-10
-90
-76
-73
-134
-53
-69
-167
-61
-82
-94
36
-22
-34
-5
-15
88
49
38
93
57
41
-13
-35
-49
-50
18
7
-31
-22
-43
-43
-27
-27
-84
-56
11
-46
-63
5
83
46
18
76
33
0
80
91
70
113
73
-9
4
28
33
-53
-65
41
22
24
-16
-59
-65
-56
13
23
-22
-14
48
12
51
57
21
22
0
70
6
-2
17
-91
-5
13
-51
-55
-66
6
-29
-54
-27
-135
-175
-89
2
28
-38
-76
-2
76
62
23
35
63
50
46
-15
-25
32
10
61
19
-26
12
-3
9
-25
-26
43
47
-11
-19
-25
-24
-3
-75
-45
39
-29
16
116
69
96
102
74
79
-38
-36
45
-23
-61
27
10
-70
0
10
-41
-56
-41
4
-34
-57
-37
-46
-82
-14
58
18
-10
-34
12
39
-25
-30
33
28
-20
-41
-56
-32
6
19
-8
-45
-26
-53
-109
-59
-13
-57
-74
38
101
83
91
58
72
36
-2
91
64
8
-43
-75
-25
-35
-8
14
30
30
-14
-2
-22
-29
-85
-137
-12
20
16
68
50
102
120
58
97
94
-18
-17
71
91
89
11
-9
32
-1
15
-29
-42
-14
-13
2
-18
22
82
74
55
89
63
4
-28
-26
23
68
84
-21
-81
-65
-51
27
26
-18
-49
-71
-66
-142
-72
39
-7
37
0
-90
-12
-12
-52
-18
-33
10
74
40
-8
-25
-31
7
121
107
67
75
9
-76
-89
-41
-40
34
58
59
74
1
47
29
3
52
3
25
22
47
65
-3
43
-6
-85
-76
-52
7
-53
-52
2
-26
-73
-123
-49
-68
-88
-19
-25
43
16
-29
39
51
48
19
-5
25
-36
-46
-57
-57
9
-9
64
54
-48
-67
-69
-24
-26
-63
-29
-37
-71
37
70
-75
-106
-30
-10
12
49
48
72
6
-3
48
-76
-73
-58
-83
27
42
-14
-5
9
-26
-20
-35
-37
13
54
71
7
-44
0
131
128
63
49
24
12
55
92
54
122
35
-72
33
22
32
27
-24
44
-21
-97
1
1
-42
-3
0
19
34
-23
-5
55
60
47
27
0
69
86
-28
13
79
27
-16
54
33
-84
-15
32
-37
-134
-146
-93
-132
-87
-7
-56
-32
-35
-65
-25
-7
31
-15
-8
26
-42
3
60
-7
-25
-22
-51
-33
-4
-32
-83
-46
-49
-102
-86
-66
-75
-76
-71
-28
28
35
80
89
111
138
125
164
136
59
75
75
21
9
-21
20
68
37
41
-33
-25
32
4
15
-90
-138
-89
-109
-45
-5
11
24
47
102
122
160
146
163
210
157
83
58
23
-19
-41
-110
-101
-87
-203
-172
-154
-201
-140
-138
-110
-66
-60
-11
2
3
35
71
105
139
110
82
83
-5
-47
-20
-11
-31
-16
-75
-132
-72
-142
-143
-127
-134
-67
-74
-63
-36
9
77
123
139
97
89
167
210
175
89
74
52
9
31
-20
-28
9
-62
-152
-190
-136
-10
-38
-52
20
-4
-16
-23
15
118
137
60
73
99
77
71
68
32
-55
-32
11
-4
-33
-113
-147
-127
-129
-132
-181
-200
-127
-96
-71
4
31
85
155
123
164
116
14
14
-26
-24
2
15
-30
-14
6
-46
-50
-66
-59
-103
-162
-95
-36
-52
-36
37
121
158
142
151
177
119
135
124
77
104
44
28
5
-13
-33
-85
-47
-53
-40
-34
-67
-38
-47
-16
17
-20
58
94
100
162
100
72
109
136
133
85
2
7
27
-66
-100
-60
-28
-20
-63
-109
-42
-21
-74
-45
-92
-82
-12
-40
-48
-33
-70
-37
16
21
54
-1
-26
-30
-35
15
48
20
-81
-107
-70
-46
4
-13
-64
-74
-50
40
62
-11
-11
73
28
-69
21
109
122
125
105
114
67
57
53
-15
-47
-48
-49
-78
-42
-19
-60
-61
-58
-47
-14
-23
-9
-32
-54
-58
-78
40
14
-39
58
51
61
157
102
-16
7
67
16
13
32
-39
-35
-52
-59
-78
-60
33
6
-117
-120
0
-27
11
22
-116
-60
-1
-8
-17
-11
44
53
73
98
94
76
65
61
25
-30
-86
-115
-102
-65
-3
-22
-45
-6
3
-14
19
88
48
46
9
-45
-62
-41
60
41
39
54
56
39
14
43
0
3
3
0
65
28
-21
-36
-14
0
-52
15
42
-37
-25
13
69
31
-31
-12
43
30
-30
72
110
57
58
38
53
22
-28
-30
-7
5
-58
-125
-137
-95
-81
-48
54
122
117
18
-2
24
1
29
-9
26
82
-29
32
60
-12
3
-84
-58
-16
-64
-22
-50
-79
-33
8
23
41
95
78
21
32
59
52
25
-15
-29
-32
28
57
-51
-75
-10
20
-27
-76
-52
-6
-13
-30
-35
-6
-15
-28
49
37
65
13
-69
-20
5
7
-20
-35
-74
-48
-36
-114
-69
-28
-4
-20
-39
-20
12
40
-31
-31
-8
48
40
50
62
-33
47
32
17
118
44
25
11
-25
54
20
-5
-12
-66
-38
-30
-17
-66
-100
-82
-81
0
7
19
52
83
164
154
142
86
26
69
7
-10
-46
-114
-39
-60
-22
-50
-107
-17
-67
-65
-58
-124
-42
30
71
108
41
41
91
104
92
109
127
57
-16
4
34
-55
-107
-57
-60
-29
-35
-111
-40
-33
-100
-114
-94
-2
-54
-44
59
21
30
89
19
-3
101
70
11
22
16
42
-14
-59
-46
-103
-50
0
1
-16
-122
-80
3
1
37
54
91
116
9
16
132
130
117
124
110
111
124
63
18
19
-11
4
-20
-47
-18
-35
-16
-35
-62
-8
-20
-18
-2
-17
15
34
-2
45
66
26
36
10
-7
-8
-3
7
-7
-16
-9
22
37
-40
-80
-81
-63
-25
-43
-6
28
-30
11
41
17
25
18
63
9
-10
40
54
69
9
-9
-6
-41
-26
-46
-40
22
13
-37
-30
-39
-83
-73
-64
-28
11
-25
-4
76
25
-46
-79
-80
20
37
49
61
-24
-6
-5
-25
-85
-101
7
-23
-32
13
-15
-2
1
-36
-20
-3
11
12
56
112
62
18
-39
19
56
-27
5
-10
-51
-39
-46
-33
-43
-17
-2
-60
3
66
11
-10
-21
0
75
49
-9
6
39
86
25
-117
-35
104
61
6
43
84
45
11
10
27
91
31
-43
-47
-29
-12
-109
-55
45
-40
-21
12
-37
21
68
42
44
74
83
52
25
45
32
-2
-19
-27
-38
-47
21
0
-110
-114
-44
-20
22
91
0
-19
-6
-59
-36
-36
-13
91
131
90
78
48
47
47
62
1
-35
-4
-41
-15
-47
-55
-83
-187
-123
-37
-55
-30
-45
15
58
-29
-6
64
83
26
-22
39
133
120
112
146
98
23
-22
17
64
40
39
26
-53
-68
-40
-33
0
16
-66
-64
72
100
32
-9
6
74
112
18
24
138
86
7
26
48
20
-13
-68
-139
-136
-125
-140
-86
-18
-10
-30
-45
-21
23
18
13
41
61
84
58
69
59
-4
-56
-87
-60
-62
-89
-68
-28
-142
-191
-68
-67
-71
-52
-44
-11
-37
-29
74
87
-12
29
83
82
83
45
113
39
-8
92
52
47
7
-9
20
-63
-120
-98
-59
-68
-27
29
7
-35
-74
-40
-7
31
49
47
103
136
116
151
173
67
9
-47
-2
40
-8
-14
-56
-60
-73
-75
-32
-22
-25
-11
26
25
-5
59
75
27
-3
-30
15
16
-26
-36
-42
-45
-36
-40
-78
-97
-82
-37
-19
-51
-38
-70
-84
-34
-45
-40
-19
29
121
106
27
20
64
96
58
19
17
63
81
8
-32
-34
-5
-43
-100
-28
8
-52
-55
-73
-48
14
20
46
14
39
38
54
97
51
64
63
70
42
46
51
-3
0
-17
-88
-118
-82
-131
-142
-118
-108
-39
-68
-53
-45
-39
0
-83
-18
87
26
32
67
9
15
47
-29
-58
13
43
66
20
-18
36
-21
-57
-81
-58
3
-88
-2
40
-24
35
27
9
29
132
184
155
186
130
55
66
57
27
17
-55
-84
-125
-132
-30
-130
-156
-95
-98
-77
-77
-35
-67
-97
-70
-14
77
80
185
178
38
114
143
151
167
115
83
14
-38
-16
71
101
34
26
6
31
111
62
53
88
58
24
-13
74
159
114
129
80
58
44
-79
-83
-111
-122
-174
-206
-159
-245
-243
-308
-376
-309
-329
-319
-303
-365
-307
-174
-153
-192
-103
-49
-49
6
4
51
93
151
193
151
218
243
197
219
202
177
172
177
153
103
169
159
136
212
152
147
200
194
216
213
238
251
230
218
212
185
139
103
-25
-175
-261
-286
-268
-191
-212
-403
-460
-439
-473
-384
-293
-309
-255
-236
-294
-319
-204
-33
60
54
-10
31
53
36
137
219
222
140
20
85
146
97
136
123
97
109
85
148
124
43
70
96
121
161
118
93
114
-1
-50
-61
-101
-83
-173
-189
-231
-328
-246
-243
-266
-229
-221
-240
-312
-315
-268
-106
8
17
64
50
125
210
256
329
335
367
405
381
278
270
316
260
196
94
106
152
122
104
-19
-96
-102
-117
-158
-162
-60
-116
-187
-241
-249
-228
-233
-98
-101
-145
-253
-354
-178
-98
-81
-71
-224
-312
-294
-247
-38
87
31
30
20
-3
48
158
274
269
192
191
133
168
302
362
298
191
151
1
-88
-13
181
210
-109
-374
-434
-306
-155
-107
-90
-195
-382
-469
-368
-81
191
118
-61
-44
-81
44
292
370
415
248
49
30
121
343
445
326
137
-23
-43
-20
22
144
70
-87
-217
-360
-229
-48
30
54
-135
-330
-372
-175
82
117
34
-73
-114
-79
19
192
378
429
313
239
276
435
592
656
661
587
594
577
550
637
650
546
266
-24
-166
-168
-142
-153
-283
-650
-1070
-1363
-1251
-997
-962
-1167
-1473
-1630
-1731
-1628
-1254
-960
-915
-1051
-1168
-1047
-678
-267
-58
72
167
135
269
582
849
1049
1049
949
912
989
1127
1125
1179
1185
1097
931
862
940
903
872
663
410
308
318
416
431
299
17
-267
-374
-392
-278
-141
-283
-469
-582
-641
-594
-482
-323
-303
-408
-460
-511
-426
-170
1
187
226
129
148
187
377
520
524
549
435
232
125
158
242
259
52
-250
-386
-382
-287
-300
-443
-607
-747
-646
-545
-452
-338
-426
-443
-404
-358
-53
223
267
330
393
411
477
696
854
923
1027
1034
1057
1079
1001
1068
1379
1612
1655
1433
1236
1369
1419
1429
1417
1252
1082
809
624
574
467
291
-233
-992
-1295
-987
-714
-1193
-2300
-3152
-3191
-2895
-2769
-2724
-2763
-2988
-3540
-4059
-3627
-2401
-1566
-1701
-2305
-2373
-1814
-1080
-447
109
705
843
484
270
703
1591
2063
1849
1562
1582
1650
1623
1550
1460
1426
1210
893
695
555
447
202
-138
-362
-301
-189
-226
-408
-656
-766
-741
-550
-366
-363
-306
-171
-52
-53
-94
112
461
865
1133
1117
1148
1129
1143
1406
1655
2031
2207
2006
1749
1421
1406
1635
1792
1791
1499
1047
536
191
150
194
234
244
-177
-1040
-1643
-1676
-1356
-1095
-1164
-1513
-1922
-2117
-2177
-1960
-1358
-955
-1200
-1855
-1994
-1244
-386
-242
-585
-615
-204
268
458
563
826
1080
1107
1114
1550
2087
2383
2228
1788
1818
2444
3153
3297
2764
2407
2702
3049
2893
2444
2481
3123
3233
2270
1231
931
1129
1121
677
500
448
-568
-2621
-4026
-2964
-784
-417
-2722
-5535
-6344
-5391
-4370
-3804
-3476
-3700
-5053
-7033
-7162
-4701
-2058
-1657
-3419
-4814
-4307
-2744
-1526
-883
-343
-63
-362
-767
-276
1096
2028
1713
1083
1174
1752
2218
2130
1614
1298
1293
1339
1478
1553
1243
745
235
-181
-303
-152
295
565
148
-508
-987
-903
-411
-49
180
282
467
366
-250
-407
179
968
1448
1425
1346
1224
951
888
1211
2023
2673
2535
2021
1581
1580
1961
2307
2536
2561
2306
1844
1451
1516
1653
1355
839
603
949
1151
571
-388
-1111
-1285
-1135
-876
-571
-647
-1463
-2621
-3146
-2513
-1327
-755
-1153
-1699
-1937
-1990
-1697
-1067
-149
606
655
290
150
553
1118
1502
2021
2749
3153
2708
1719
1395
2256
3428
3788
3292
2562
2164
2036
2015
2435
2924
2915
2120
1140
929
1358
1882
2063
1858
1160
119
-662
-590
294
978
632
-683
-2175
-3478
-4197
-3546
-1611
-423
-2224
-6073
-8731
-7999
-5242
-3357
-3271
-4572
-6555
-8537
-9190
-7186
-3521
-1374
-2746
-5786
-6980
-5340
-2836
-1177
-500
-420
-720
-1190
-1091
81
1568
1982
1465
1323
1944
2733
2680
2133
1896
1798
2044
2588
2989
2859
1929
928
709
1058
1408
1562
1807
1788
940
-232
-752
-27
978
1161
710
375
425
149
-297
-209
662
1754
1869
1217
791
955
1370
1768
2192
2565
2848
2923
2835
2654
2379
2432
2846
3111
2863
2326
2238
2367
1833
666
0
629
1692
1697
360
-1132
-1739
-1573
-1130
-477
13
-463
-1818
-2977
-2680
-1159
-161
-385
-1047
-1350
-1261
-1002
-415
362
592
53
-318
243
1321
1718
950
254
641
1763
2613
2326
1383
735
855
1747
2739
2981
2264
1245
588
746
1625
2529
2843
1994
504
-228
211
1044
1207
792
908
1278
575
-1388
-2706
-1710
260
1075
286
-918
-2461
-5333
-7595
-5828
-249
3373
-199
-8149
-12749
-10315
-4728
-1402
-1361
-3179
-6422
-10772
-12833
-8983
-1680
2123
-1029
-7057
-9508
-7068
-3250
-754
415
526
-604
-2168
-2278
-195
2088
2421
1686
1830
2828
3509
3218
2590
2374
2568
3198
4044
4661
4340
3122
2109
1821
2072
2497
3064
3714
3455
1890
142
-357
588
1292
1161
1148
1462
1277
-222
-1732
-1386
512
2158
2271
1350
469
-12
-128
365
1672
3160
3915
3553
2236
957
811
2123
4146
5124
4132
2259
1195
1271
1677
2027
2521
2730
1880
87
-1251
-792
503
792
-91
-1101
-1433
-1451
-1475
-1251
-938
-1001
-1594
-1966
-1470
-688
-631
-1220
-1350
-590
181
22
-451
-220
464
756
455
517
1280
1861
1798
1259
956
1343
2055
2539
2429
1794
1076
840
1093
1546
1818
1857
1836
1200
-19
-699
-330
265
170
-194
16
236
-1062
-3401
-4308
-2637
-153
327
-890
-2010
-3847
-7450
-10040
-6728
1193
5078
-571
-10806
-15433
-11119
-4009
-250
-22
-1757
-6243
-12968
-15879
-9813
761
5427
-60
-8422
-11082
-7615
-3088
-620
1061
2172
985
-2095
-3615
-1224
2490
3845
2929
2610
3952
5144
4474
2317
1120
2543
5574
7807
7205
4299
1733
1259
2388
3229
3769
5086
5803
3777
-540
-2918
-336
4173
5444
2622
-215
-253
612
2
-838
829
3836
4142
1182
-1392
-570
2059
2925
2057
2050
3412
3848
1879
-302
341
3375
5382
4426
2120
919
980
897
673
1478
3249
3678
1148
-2088
-2452
325
2663
1978
-148
-947
-373
-376
-1428
-1702
-148
1197
501
-1126
-1420
-45
767
-292
-1403
-603
1100
1414
-11
-1141
-572
463
501
107
487
1418
1342
-99
-1054
-319
1074
1263
-10
-840
-138
903
721
-510
-1103
-361
548
544
-247
-1099
-1707
-1902
-1320
-345
1
-1028
-2862
-4003
-3810
-2591
-776
552
-947
-6055
-10999
-9884
-2266
4025
1881
-6640
-13093
-12382
-7365
-2801
-223
157
-3297
-10515
-15224
-11213
-1513
4189
784
-6258
-9368
-7419
-3827
-1127
1053
1963
32
-2796
-2658
856
3525
2418
136
1062
4556
6387
5303
3398
2953
3673
4487
5772
7318
7621
5879
3610
2872
3700
4822
5847
6487
5701
3269
1119
1412
2984
3283
2114
1333
1839
2001
757
-366
93
1024
874
444
1384
2842
2187
-340
-1453
269
2583
3154
2688
2908
2825
932
-995
21
3932
6357
4035
-394
-2089
-123
2411
2955
1822
618
-66
-507
-718
-236
880
1539
600
-1497
-2708
-1530
1124
2372
368
-2903
-3575
-822
2085
1876
-662
-2146
-1238
83
34
-364
320
1263
529
-1532
-1967
482
3075
2643
-284
-2125
-793
1661
2328
1025
-279
-312
-157
-865
-1361
-537
759
824
-896
-2751
-2887
-1717
-777
-963
-1878
-2468
-2291
-1949
-2151
-2598
-2738
-2637
-2750
-3282
-2890
-592
921
-2105
-8612
-11508
-5870
3241
5626
-1698
-10989
-13553
-9525
-4684
-1498
499
-71
-5829
-13910
-15721
-8015
2016
4642
-1047
-7501
-9086
-6621
-3150
56
2519
2809
502
-1389
-343
2301
3436
2537
2620
4848
7150
7327
5550
3772
3108
3950
6125
8545
9404
7749
4990
3049
2616
3673
5689
7602
7580
4605
878
-229
1586
3484
3437
2311
1861
1798
725
-908
-1283
-130
977
1150
1119
1539
1517
211
-1334
-1191
1180
4188
5550
4296
1241
-1346
-1142
2052
5891
7255
5145
1332
-1597
-1981
799
5083
7116
4362
-1427
-4901
-3209
931
3280
2710
674
-1575
-3622
-4339
-1902
1952
2661
-952
-4848
-4315
-462
1231
-990
-3399
-2737
-473
-140
-1763
-2317
-1010
-287
-1689
-3085
-1876
735
1237
-1184
-3218
-2205
424
1467
-12
-1555
-1030
323
425
-602
-1187
-588
-111
-777
-1682
-1631
-814
-861
-1984
-2528
-1985
-1557
-2185
-3413
-3885
-2912
-1503
-1051
-1990
-3590
-4602
-4312
-2911
-1136
422
1146
-485
-4995
-9149
-7870
-461
6390
5295
-3069
-10600
-10935
-5832
-753
1792
1869
-1178
-7433
-12428
-10431
-2527
3255
1462
-4303
-7080
-5617
-3576
-2396
-474
2236
2940
590
-1178
732
4122
4946
3398
3378
6392
9183
8394
5352
4066
6008
8936
9994
8677
6853
6136
6284
6247
5524
4858
5312
6006
5066
2743
1206
1784
2645
1464
-532
-569
1317
1901
-385
-2895
-2681
-587
331
-270
-420
285
95
-1668
-2617
-680
2529
3653
1858
-293
-506
654
1611
2070
2551
2887
2367
898
-374
-47
1509
2474
1748
0
-651
295
727
-589
-2283
-2147
-344
816
-250
-2364
-3056
-2127
-1524
-2043
-2241
-1137
-117
-1046
-3187
-4021
-2383
-141
369
-879
-2333
-2353
-1465
-1165
-1475
-1386
-536
131
-277
-1489
-2049
-1359
-287
146
-128
-402
-581
-1020
-1418
-932
264
755
-259
-1811
-2301
-1340
-106
196
-401
-1428
-2629
-3356
-2677
-931
199
-296
-1826
-3046
-3370
-2862
-1582
-254
-174
-1399
-1983
-527
1015
-731
-4867
-5915
-1013
5087
5192
-1022
-7127
-7729
-3950
-417
1067
1058
-685
-4677
-8869
-8994
-4273
748
1505
-1924
-5663
-6715
-5036
-2035
499
1390
653
-409
1
1634
2767
2861
2894
4239
6434
7528
6927
5697
5026
5648
7193
8282
8356
7460
6434
6022
5951
5558
4781
4690
5043
4673
3500
2316
1947
1867
1018
-139
-462
146
668
335
-673
-1683
-2352
-2508
-1666
-80
818
-40
-1850
-2695
-1834
-479
383
815
1050
793
-418
-1449
-808
1210
2564
1569
-576
-1352
-227
932
587
-694
-1295
-669
-109
-433
-1101
-1334
-1184
-1447
-1969
-1961
-1187
-518
-880
-1869
-2452
-1800
-391
274
-383
-1624
-2089
-1189
20
126
-824
-1641
-1404
-554
-513
-1092
-1210
-906
-613
-896
-1414
-1215
-636
-405
-854
-1290
-879
-218
124
-81
-506
-410
45
363
139
-372
-379
240
657
257
-375
-425
121
350
-227
-919
-804
81
631
273
-386
-473
11
240
-145
-523
-5
1012
1232
480
191
1284
1937
-262
-3957
-4139
937
5859
4270
-3124
-8690
-7479
-2534
620
447
-765
-2629
-6436
-10194
-9406
-3250
2214
1112
-4641
-8512
-7234
-3457
-989
17
802
1016
44
-998
-303
1838
3439
3773
4331
5949
7152
6273
3992
3021
4922
8135
9803
8701
6014
4093
3890
4539
5012
5325
5631
4947
2731
314
-131
1486
2381
764
-1788
-2532
-1152
-308
-1306
-2819
-3354
-3121
-3087
-2721
-1599
-620
-1282
-3275
-3969
-2279
0
776
74
-645
-644
-454
-83
888
1930
2044
848
-252
207
1549
2358
1891
666
-239
-128
914
1655
1399
562
77
97
-111
-526
-500
335
879
-141
-1664
-1802
-487
417
-480
-2028
-2255
-1184
-519
-1165
-2254
-2447
-1698
-1304
-1712
-2214
-2031
-1089
-465
-880
-1672
-1662
-692
19
-228
-486
258
1127
500
-1060
-1051
1178
3023
2396
262
-825
168
1329
1346
1093
1328
1501
734
-219
-16
1100
1681
1073
159
68
580
931
1048
944
718
597
664
692
509
258
193
370
625
1126
1510
69
-3741
-6700
-4506
2038
5791
1384
-7361
-11618
-8199
-2550
-619
-2046
-3270
-4556
-8019
-11253
-9370
-2763
1329
-1603
-7328
-8713
-4707
-913
-712
-1782
-1186
497
896
592
1675
3668
4384
3406
3342
5812
8550
8148
4961
3029
4963
8663
9749
7336
4704
4598
5785
5365
3348
2521
3884
4716
2731
-312
-1006
442
573
-1801
-3845
-2809
-323
-174
-2752
-5000
-4822
-3615
-3180
-2717
-1411
-400
-1440
-3729
-4216
-2099
886
2439
1888
656
-244
-350
641
2540
4261
4288
2643
1007
966
2378
3708
3768
2912
1963
1470
1710
1935
1643
1011
491
505
743
588
-85
-931
-1591
-1859
-1744
-1214
-873
-1466
-2881
-4276
-4398
-3012
-1513
-1411
-2528
-3564
-3744
-3272
-2877
-2354
-1145
-74
-196
-1444
-2251
-1390
99
944
1172
1610
2337
2090
729
-80
716
2496
3670
3321
2031
831
392
812
1784
2643
2628
1586
213
-388
0
828
1271
877
48
-588
-486
17
50
-385
-601
-458
-522
-950
-1323
-1263
-962
-899
-1089
-1268
-1640
-2304
-2565
-2044
-1231
-802
-680
-903
-2421
-5312
-7068
-4396
1412
4068
-118
-7298
-10198
-6532
-1268
646
-535
-2194
-3631
-5572
-6626
-4349
64
2235
77
-3316
-3589
-671
2211
2810
1814
1075
1164
2055
3615
5162
5365
3869
2318
2599
4670
6441
6257
4354
2629
2446
3105
3471
3068
2464
2415
2413
1627
162
-867
-450
624
1069
616
-103
-445
-947
-1779
-1940
-933
654
1415
740
-417
-1255
-1445
-717
784
2440
2903
1504
-140
-298
875
1919
2097
2164
2617
2645
1438
39
257
2000
3093
2030
196
-220
896
1504
254
-1510
-1663
-283
415
-601
-2117
-2490
-1740
-1458
-2282
-3121
-2700
-1559
-1483
-2615
-3435
-2800
-1370
-979
-1995
-2682
-2058
-747
19
-486
-1090
-800
-171
144
-22
-57
608
1357
1404
853
414
671
1345
1682
1640
1796
2061
1828
907
83
525
1915
2721
2144
820
-51
-151
-114
-54
479
1217
1131
-265
-2057
-2673
-1631
-337
-275
-1119
-1697
-1799
-1949
-2457
-2730
-2273
-1541
-1077
-1372
-2081
-2501
-2586
-2459
-2021
-1252
-594
-767
-1787
-2662
-2621
-1559
-310
231
-215
-1311
-1865
-1328
-124
976
1161
538
42
434
1439
1983
1484
530
533
1878
3212
3242
2096
878
424
745
1330
1991
2406
2029
838
-695
-1353
-592
703
1293
621
-663
-1512
-1429
-733
-80
-191
-858
-1224
-1027
-526
-373
-414
-262
-134
-325
-555
-71
904
1318
819
170
202
1005
1806
2237
2231
1728
1136
839
1606
3275
4091
3083
1102
23
901
2531
3128
2337
1159
442
103
-105
0
518
889
352
-1213
-2337
-1732
-452
-253
-1486
-2578
-2040
-726
-496
-1609
-2226
-1432
-496
-472
-1153
-1120
6
543
-149
-950
-699
457
1315
1358
978
495
126
212
783
1435
1620
1321
1026
676
185
-116
159
947
1380
777
-405
-1031
-806
-338
-371
-689
-859
-989
-1069
-1342
-1558
-1596
-1530
-1347
-1174
-1125
-1465
-1725
-1516
-1212
-1221
-1223
-799
-411
-641
-1172
-1156
-513
-18
-194
-649
-595
40
316
-219
-793
-718
-312
-97
-65
-31
55
-157
-631
-766
-417
9
153
13
-142
-120
-27
50
24
-69
-49
81
265
414
452
548
631
440
-28
-219
391
1326
1604
845
45
79
690
1228
1150
829
783
872
886
810
967
1323
1428
1122
625
406
609
984
1215
1117
762
515
548
718
835
605
133
-98
84
546
963
849
158
-694
-1074
-445
568
1025
556
-367
-920
-1103
-945
-477
208
629
12
-1379
-2400
-1827
-127
669
-322
-1893
-2337
-1469
-628
-817
-1491
-1648
-1226
-903
-944
-1005
-906
-1025
-1493
-1724
-995
273
817
305
-872
-1534
-968
105
1001
1285
1150
827
293
-47
136
753
1502
2114
2249
1797
1010
348
452
1328
2220
2445
1817
968
498
420
541
789
1250
1438
883
7
-509
-216
246
95
-328
-615
-571
-448
-711
-1134
-1186
-935
-769
-839
-981
-1007
-1049
-1079
-933
-749
-545
-555
-737
-625
-410
-180
-141
-103
231
402
150
-190
-142
289
707
588
291
165
184
382
305
287
598
703
379
-283
-645
-137
612
797
313
-562
-1118
-996
-435
75
143
-189
-788
-1274
-1352
-988
-438
-145
-231
-519
-594
-436
-206
72
209
294
407
432
522
814
1015
859
437
256
635
1192
1402
1091
615
307
77
-121
-62
238
373
125
-387
-870
-994
-789
-533
-374
-366
-614
-867
-904
-795
-642
-602
-543
-435
-346
-295
-295
-331
-482
-592
-414
142
569
293
-352
-665
-238
387
581
405
352
545
416
-110
-301
298
1088
1257
595
-9
-24
60
309
619
851
992
559
-60
-217
114
560
672
569
511
503
438
244
127
265
492
524
299
130
135
284
362
33
-213
-119
145
248
-223
-614
-466
-85
27
-360
-628
-584
-459
-415
-504
-419
-267
-290
-368
-352
-264
-226
-250
-210
-119
-56
-114
-182
-63
120
126
-80
-141
-28
66
140
241
437
426
86
-193
-126
279
603
555
241
-46
-63
86
143
23
-157
-301
-254
-167
-149
-201
-373
-534
-689
-748
-610
-368
-315
-500
-683
-746
-671
-526
-336
-304
-419
-393
-167
26
-125
-356
-208
202
540
420
-4
-94
193
330
252
250
318
409
161
-361
-372
98
363
123
-352
-471
-157
61
-140
-567
-661
-331
31
211
82
-139
-185
-238
-299
29
561
807
603
-1
-361
-18
588
970
957
553
203
121
194
387
637
793
558
101
-138
59
414
502
338
66
-132
-176
-156
-23
202
69
-217
-326
-335
-143
-56
-101
-78
45
252
154
-130
-254
-151
283
606
620
518
376
380
433
453
452
357
320
450
545
398
27
-255
-215
1
213
88
-173
-258
-386
-595
-796
-714
-469
-371
-469
-647
-745
-568
-323
-430
-397
-253
-238
-160
-136
-40
48
67
85
91
155
262
415
463
392
244
83
75
231
489
538
234
-36
-56
54
276
403
244
-77
-290
-208
-12
82
-44
-369
-657
-678
-464
-231
-140
-240
-538
-782
-745
-542
-321
-270
-464
-603
-562
-511
-420
-239
-150
-172
-255
-245
-100
-29
25
99
182
210
48
-136
-122
105
356
516
486
271
154
82
3
104
344
480
417
205
-36
-38
106
261
232
143
222
282
292
74
-225
-256
-124
42
172
226
149
-17
-154
-267
-58
318
441
341
7
-173
-59
325
757
425
-146
-67
459
661
183
-230
17
470
342
-177
-355
32
311
-82
-501
-420
63
382
61
-312
-428
-442
-320
-156
24
163
51
-237
-363
-370
-251
18
186
308
214
-99
-245
-276
-174
132
283
124
-109
-198
-70
167
187
3
52
316
389
163
-53
26
278
354
243
176
217
174
0
-95
58
279
241
37
-134
-167
-84
-89
-68
23
50
-61
-134
-20
20
-72
-241
-230
24
159
154
-81
-324
-213
59
279
169
-73
-220
-264
-103
15
56
52
-34
-157
-376
-440
-192
162
213
-74
-281
-321
-142
34
14
-11
-68
-201
-315
-222
28
195
213
16
-160
-153
-116
-16
88
28
-80
-57
-21
-54
-111
-76
11
25
67
111
145
172
53
1
181
291
333
310
100
44
196
354
494
469
257
57
45
145
213
287
233
165
-20
-220
-97
40
90
-76
-235
-131
-29
-67
-212
-258
-135
-25
-126
-362
-349
-54
243
178
-117
-285
-398
-169
96
74
10
-115
-148
-95
-70
-12
140
171
-82
-311
-310
-89
130
120
-119
-354
-386
-272
-16
82
-70
-297
-553
-564
-320
-52
16
-88
-255
-345
-276
-241
-68
76
163
204
-6
-23
80
188
274
120
101
304
391
256
116
277
490
426
224
216
332
376
261
-7
61
373
544
522
285
118
39
-51
118
380
360
205
-40
-261
-255
-176
21
118
-89
-250
-295
-267
-206
-190
-187
-194
-126
-162
-262
-159
-9
-3
-99
-81
26
197
297
120
-16
122
317
293
87
-17
123
342
417
267
57
6
27
82
121
32
18
118
39
-99
-280
-297
-20
24
-49
-117
-141
-96
-190
-272
-248
-166
-104
-134
-178
-167
-180
-303
-289
-37
41
-3
-36
-69
8
-10
-124
-77
63
205
171
11
-22
25
106
120
128
89
-16
-71
-10
96
-3
-18
-13
19
126
-50
-143
-93
-38
-6
-48
-36
-40
-69
-97
-175
-228
-221
-171
0
137
50
-179
-329
-385
-244
9
102
58
-37
-142
-177
-59
39
126
126
43
52
-13
-91
-59
21
125
165
183
197
92
4
-6
101
322
368
324
242
94
38
11
72
277
349
178
36
34
82
118
12
16
86
52
43
-110
-144
-48
-127
-202
-164
-36
110
75
-55
-144
-203
-110
-33
-73
-60
-13
116
134
-30
-128
-70
118
93
3
57
110
135
34
-72
-24
93
74
-7
-40
-14
-49
-155
-142
-73
-25
-47
-178
-207
-153
-85
8
-27
-130
-239
-368
-359
-245
-179
-103
-107
-99
-98
-152
-155
-89
47
35
30
33
26
25
21
139
147
49
-72
-70
16
64
184
212
109
45
122
113
122
162
45
68
102
99
5
-122
3
126
189
180
69
95
121
7
-45
29
129
100
23
-14
-84
-36
150
173
42
-117
-131
-41
-37
-3
-47
-66
-20
-87
-123
-43
43
98
30
-201
-232
-106
-69
-12
-110
-218
-110
-94
-94
26
84
26
-104
-195
-89
161
222
43
-92
-51
111
160
61
60
146
189
143
-1
23
162
172
139
15
-66
38
145
138
15
-84
-14
95
138
77
-101
-185
-102
18
82
78
48
-31
-169
-279
-246
-132
-22
134
96
-91
-153
-119
24
82
3
-75
-132
-41
81
24
-39
-33
60
214
191
62
-6
78
226
252
183
198
287
194
6
40
160
198
143
-5
13
98
28
-118
-245
-160
28
135
82
-100
-233
-285
-255
-169
12
137
49
-145
-283
-213
-144
-12
84
-20
-70
-147
-65
49
10
1
-101
-143
-83
-5
14
-46
-82
-118
-35
31
-53
-102
-75
-81
-37
-19
-101
7
79
24
72
89
27
-20
17
137
255
149
-46
-28
12
72
88
-49
-81
0
79
82
42
111
129
3
-152
-199
-5
110
-34
-275
-273
-68
5
30
-23
-19
41
-36
-97
-67
16
122
157
93
18
58
127
57
30
95
141
169
49
-28
44
69
164
193
114
69
-71
-118
14
74
59
97
12
-81
-51
-56
-60
-52
-39
44
58
-48
-50
-19
-63
-89
-59
15
45
-27
-109
-100
-83
13
44
-21
39
-9
-21
40
28
69
118
106
29
-39
-8
133
200
196
156
130
159
138
63
0
7
72
165
118
-10
-51
-15
71
16
-52
-98
-134
-32
-55
-44
-41
-155
-170
-190
-139
-78
-152
-212
-159
-49
1
-71
-148
-126
-61
-13
-12
-41
-72
27
123
4
-96
-27
67
146
129
58
72
41
-7
15
-55
-76
-8
34
142
183
100
-78
-132
-113
-76
50
-31
-52
94
78
12
-29
-27
77
107
-28
-83
54
267
355
179
-77
-124
-6
15
14
105
161
113
31
13
-51
-170
-210
-153
13
151
97
-24
-75
-152
-152
-75
-183
-205
-69
-14
0
-79
-78
-28
-258
-616
-886
-580
312
737
326
-390
-542
-22
75
-198
-219
-164
17
252
390
466
165
-350
-503
-279
147
610
734
439
70
-116
-270
-432
-328
-79
168
270
101
132
420
316
-270
-640
-396
181
660
612
107
-374
-421
-114
-22
-138
-164
49
401
553
388
159
-39
-279
-362
-170
250
567
449
159
33
4
-128
-236
-102
110
211
185
141
148
89
-64
-327
-364
8
347
395
179
-4
-55
-45
-73
-140
-60
2
95
139
43
72
-26
-178
-273
-210
65
145
146
-23
-198
-155
-133
-73
-95
-128
4
17
-37
-66
-106
-115
-242
-226
15
220
293
171
-11
-128
-172
-56
58
33
11
61
98
55
-104
-167
-120
-97
-47
-36
40
32
-42
-118
-265
-316
-289
-159
-4
133
151
8
-93
-227
-239
-150
-80
-30
36
100
24
-40
-92
-76
-108
-169
-26
120
251
185
-24
-77
-83
-185
-249
-102
23
143
193
94
-2
-119
-115
-86
-41
74
146
211
138
62
22
2
122
195
150
54
114
356
339
155
68
-1
45
33
72
200
258
276
120
14
-21
-55
-64
-58
-70
-140
-13
90
110
140
2
-123
-105
4
99
49
-93
-22
140
55
-80
-141
20
186
165
102
48
44
-80
-88
-74
-63
74
88
85
58
14
-21
-136
-159
-84
69
248
235
129
-50
-107
-53
-139
-102
78
179
77
-152
-191
-118
-69
-74
-214
-194
31
228
179
-81
-174
-157
-193
-251
-283
-169
-50
-1
44
50
42
-98
-242
-168
7
123
141
129
116
70
-72
-187
-138
109
287
186
5
9
133
139
64
-74
-119
40
168
178
80
-19
35
16
-78
-30
-102
-199
-169
-156
-58
-46
-11
6
-112
-91
-34
39
9
-111
-10
135
207
112
-64
7
-21
-18
80
110
263
191
-24
-168
-161
-26
19
74
1
-16
84
-26
10
26
-32
-25
12
216
213
165
141
-23
-55
-1
96
201
254
371
385
187
-6
-101
13
96
44
87
44
4
14
-40
-221
-323
-152
28
129
117
44
-4
-109
-237
-302
-171
51
249
293
71
12
60
13
-36
-32
10
61
188
350
350
-13
-325
-300
-188
-134
-127
-9
213
226
25
-212
-364
-303
-273
-246
-155
-82
79
120
-109
-411
-493
-283
-23
92
162
149
2
-26
0
3
-98
-164
-106
24
332
300
-15
-211
-326
-220
-116
-17
166
139
79
5
-45
16
-66
-119
-100
-104
11
116
105
84
-65
-207
-115
3
119
201
176
78
-41
37
193
174
11
-33
88
168
193
37
-147
-222
-138
84
132
147
59
-62
-101
-135
-61
0
85
75
9
74
109
50
-38
-60
16
173
285
226
195
121
-64
-65
-1
31
176
139
-7
22
-12
14
6
-164
-124
49
89
144
110
-85
-221
-221
-67
120
202
211
226
127
51
24
-62
-55
-1
127
243
227
140
-86
-262
-285
-203
-22
53
126
146
-51
-308
-381
-261
-164
-141
-168
-103
24
6
-136
-178
-161
-145
-21
67
114
146
59
8
-32
-37
34
11
1
23
66
34
-60
-77
-71
69
130
-60
-147
-156
-98
29
-77
-170
-34
125
191
146
-20
-206
-217
-104
23
132
210
114
-43
-131
-194
-52
2
-37
146
270
239
103
-44
-115
-137
-186
-210
53
289
340
211
-71
-180
-148
-91
-55
20
105
156
143
-6
-72
-77
-196
-177
23
197
328
344
170
-116
-255
-167
-152
-128
16
114
199
197
105
86
-38
-214
-206
-51
173
206
58
-123
-284
-139
39
9
20
13
101
171
71
-15
-90
-169
-197
-45
125
244
255
162
25
-95
-46
-66
23
123
44
61
47
11
-30
-91
-128
-139
-43
101
165
121
-30
-176
-140
-101
-86
-29
-26
8
84
188
142
-41
-71
-68
-13
98
74
111
169
-15
-138
-80
-24
64
89
73
46
77
22
-156
-132
-158
-156
6
82
116
52
-86
-188
-148
-58
-78
-98
-66
26
97
0
-95
-174
-225
-22
139
137
168
132
155
134
-67
-116
-82
79
178
45
69
93
39
-6
-91
-108
17
123
96
63
71
47
-15
-34
-182
-212
-26
0
76
170
91
-72
-121
-83
-69
-34
-20
83
104
19
-2
-85
-88
-71
-147
-150
-35
75
29
-9
-84
-130
-54
-73
-8
23
16
81
84
19
-58
-44
-97
-46
0
-32
182
223
101
21
-94
-44
-15
-101
-12
150
185
234
137
-78
-187
-261
-155
-80
-75
57
71
-57
-191
-167
-99
-145
-75
98
153
178
156
13
-1
-12
-110
-46
60
239
333
179
73
-9
-70
-62
-31
78
170
152
96
-18
-55
-34
-70
-61
-20
67
111
71
76
-20
-117
-86
-63
34
146
142
116
24
-40
21
78
123
83
-1
-55
-43
-39
-149
-191
-108
-92
-45
-8
-34
-13
-108
-160
-77
-78
-38
62
39
-83
-97
12
14
-31
-47
41
146
142
62
-37
-93
-207
-193
-82
49
191
129
19
-44
-71
-47
-43
-65
-76
-14
89
75
-56
-120
-212
-272
-185
-50
166
255
150
26
-83
-83
-27
-51
-78
-51
39
165
213
44
-171
-144
-65
-28
30
-2
-1
-4
-48
-48
-29
-20
-42
-2
16
60
109
23
54
51
-62
-73
-1
90
65
11
-52
-72
14
78
77
-5
-11
67
72
32
2
9
15
63
90
27
15
65
23
-46
-11
37
82
48
-17
-7
38
3
-55
-84
-156
-53
79
90
108
23
-41
-4
-28
-46
1
65
87
105
101
8
-10
-57
-103
-17
3
19
62
81
52
-80
-143
-88
-14
-36
-92
-17
23
-9
-34
-83
-76
-60
-38
6
28
27
57
63
24
57
37
-28
20
6
-62
-7
14
13
-30
-78
35
-9
-41
75
0
-61
-41
-69
-15
0
-48
-29
-116
-125
14
-10
-60
14
75
-12
-48
-29
-49
45
52
128
245
157
144
42
-29
13
-42
-53
-35
15
33
58
67
-38
-51
24
48
52
112
104
-1
-38
-84
-98
-26
-25
-5
49
56
9
-36
1
-41
-78
-77
-57
38
36
-24
-138
-122
-60
-12
56
26
1
-7
91
131
22
-56
-45
1
39
1
-41
1
29
1
-65
0
85
45
71
-18
-130
-25
41
83
83
-1
-49
-9
26
-63
-69
-57
-55
84
167
165
117
25
-44
-87
-35
15
-36
-78
-79
-70
-40
-31
-90
-56
8
31
52
52
44
-62
-167
-136
-46
0
186
232
51
35
-7
0
12
-58
36
115
139
166
90
-1
-65
-113
-135
4
176
120
95
93
-7
-105
-209
-190
-46
29
45
91
91
39
-23
-66
-46
30
110
192
230
166
80
80
6
-119
-88
-35
55
137
107
69
10
-61
-149
-194
-153
-48
14
12
62
59
14
-33
-115
-34
23
41
132
82
38
-17
-92
-83
-117
-100
-23
62
76
2
-6
-55
-56
-17
-100
-61
48
-49
-106
68
86
9
27
12
42
-8
-19
-7
-67
-37
-43
-19
20
-6
43
22
-57
-46
-30
-49
-85
-49
-14
-50
-88
-22
-17
-47
14
-38
-10
42
54
55
-40
-16
39
51
88
45
29
55
60
-13
-36
18
-7
24
16
14
52
-7
-73
-66
-40
-71
0
74
0
-4
53
23
-47
-73
-37
17
44
13
32
80
0
-56
8
68
56
27
61
57
42
14
-58
-19
-9
-22
0
30
61
33
26
-33
-93
-22
-8
15
49
-64
24
45
-50
-35
-141
-70
42
46
46
0
-1
-41
-25
-6
-35
79
150
108
93
69
20
-39
-84
-85
-12
42
65
30
-104
-93
-101
-130
-27
-36
-1
13
-11
-42
-95
-107
-78
-25
-72
44
107
41
-13
-141
-157
-156
-94
40
31
30
57
-11
6
27
-115
-174
-82
1
102
118
56
72
-9
-27
67
12
-5
95
123
65
10
21
15
-51
-2
-28
0
106
52
58
-61
-120
-55
-74
31
4
-69
46
32
2
87
26
18
80
-5
-17
51
-1
-4
55
35
41
11
16
110
69
-55
-38
26
81
98
37
26
-12
39
57
-32
-19
-18
-11
53
22
-9
7
-42
-48
-34
-51
-94
-83
-101
-168
-75
1
11
15
16
-49
-100
14
46
-50
-14
35
13
116
116
40
-18
-90
-48
-61
-36
20
-4
-12
-8
-41
-76
-66
-81
-29
5
-5
71
5
-36
-17
-86
-45
-71
-107
-36
-7
61
70
-8
8
40
25
63
71
17
7
52
43
-23
11
27
-52
-42
36
53
-4
-30
61
84
39
25
-59
-11
40
-1
-17
-70
-28
14
27
52
50
21
-30
37
38
-1
56
13
-19
-58
-82
-7
-61
-89
-54
-68
16
12
-7
-18
-37
57
21
10
26
-54
-45
12
80
51
-53
12
72
69
85
42
-9
13
55
25
-26
-123
-107
-31
-28
-45
-11
12
0
15
-41
-48
-45
9
39
-4
-33
-63
-23
-111
-137
-28
24
80
91
111
139
76
39
16
-8
8
6
28
79
51
6
-16
-84
-97
-73
-13
85
41
-3
82
74
4
-39
-43
-47
-66
29
65
28
13
-32
-62
-92
-28
-12
-41
45
7
-1
-10
-74
-31
-47
-26
19
26
65
63
8
3
31
11
46
22
-33
15
6
-26
49
77
2
-34
38
0
-140
-92
-72
-103
-53
-28
46
44
-5
49
30
5
19
57
109
67
-2
-8
13
-33
-35
34
-52
-39
74
2
92
52
-74
-26
-100
-65
-33
-65
0
40
-35
-25
42
-30
-28
10
-31
1
71
80
67
12
0
8
33
25
10
7
-52
-49
-44
-72
-90
-50
42
66
56
81
29
-33
23
46
45
15
-6
62
57
39
-18
-113
-49
-5
13
32
28
37
6
14
5
-46
-85
-27
44
-5
-25
-15
-55
-88
-87
-52
13
13
58
109
45
54
21
28
43
-85
-20
44
0
77
43
-100
-117
-97
-26
-31
-97
4
30
-6
24
76
66
41
26
52
99
13
31
62
52
38
-27
-16
-9
-51
-85
-59
-63
-77
-41
0
25
-28
20
64
20
61
20
-9
38
-25
-36
5
11
49
32
15
24
1
-19
-24
-48
-45
25
24
-24
-31
-43
-42
-21
16
7
-16
7
7
67
34
0
80
54
43
49
51
-8
-23
17
-34
-77
-66
-50
-88
-31
-31
-54
10
4
68
54
0
45
39
-39
-15
92
65
33
35
9
-49
-31
8
-38
-10
-16
-3
18
-36
-69
-90
-74
-112
-31
89
80
135
136
109
49
-12
6
-23
-39
27
52
47
19
-20
19
-56
-97
-31
-16
19
14
13
13
-20
-19
-31
-35
5
-36
17
93
12
1
-27
-52
-36
-24
12
6
-23
2
28
39
65
60
69
13
1
12
-18
-14
-98
-80
-11
-18
35
27
7
26
4
-52
-46
3
-16
12
48
2
-14
-26
-66
-71
-124
-145
-9
0
-37
-16
-37
69
93
-31
18
86
30
27
55
5
-42
-28
37
86
34
21
86
48
-12
2
-1
0
-5
34
59
-25
-20
8
-14
22
9
-1
-8
-2
43
35
9
22
41
-6
59
50
10
43
19
67
64
86
50
-37
33
-28
-57
22
-12
11
-13
4
59
-26
-1
40
0
-4
26
-12
-77
-73
-92
-92
7
30
17
86
-5
-18
16
-74
-52
-73
-32
17
-12
26
-27
-25
-23
-85
-45
-58
-29
2
-9
32
23
34
48
57
86
64
37
27
60
47
7
42
-3
-20
94
93
72
-9
-38
43
-60
-55
-46
-64
-33
-71
26
3
-84
0
35
41
89
90
83
111
70
23
22
3
-27
15
50
-3
-36
-50
-32
-85
-111
-62
-93
-22
29
28
38
9
13
-9
-20
-5
-14
-75
-56
13
-21
-42
-62
-64
-60
-89
-90
-76
-57
-66
-46
-46
-54
-1
13
-42
-30
19
-20
0
78
35
-1
43
64
63
-28
35
149
78
78
50
85
22
-77
-3
-44
-79
-56
-10
28
-10
14
45
-23
40
120
77
128
160
95
86
36
27
48
-11
-1
0
51
41
-35
-20
-19
0
-44
-15
20
-59
-20
-12
18
59
-22
-13
88
37
-25
9
0
-37
-60
-33
-30
-47
-44
-33
-94
-93
-79
-108
-59
-106
-85
-52
-58
42
11
-28
25
6
-37
-56
-22
16
-46
-39
39
-25
-24
28
-47
-8
23
-3
17
-6
-4
-31
-11
6
-43
9
25
-17
-11
-13
-23
-20
-20
-13
31
85
70
55
60
67
67
25
36
33
22
66
25
20
37
7
38
38
66
30
28
102
76
28
30
57
16
33
20
-3
13
-23
-27
-2
-31
-44
-21
-60
-27
-39
-95
-62
-29
-34
-68
-1
33
-9
-27
-22
-32
-31
-50
-74
25
28
-37
9
69
13
-19
26
-21
-5
-43
-57
0
-57
-59
-92
-115
-66
-73
-120
-76
-14
8
34
-26
-7
32
0
-19
-11
57
61
33
81
122
63
-9
8
39
0
-11
29
-26
-53
-16
-35
-59
-40
-23
-24
39
49
46
51
19
54
44
29
18
35
76
62
78
60
3
0
-24
-43
-34
-60
-55
-31
8
-15
-69
-53
-1
7
-10
24
35
-5
29
40
-55
-15
-1
-37
74
75
6
-12
-30
-2
6
-50
-42
15
-45
-52
-26
-97
-128
-116
-37
-16
-13
34
17
40
-2
-62
-47
-18
2
-8
85
135
63
17
1
-3
-59
-127
-83
-45
-48
33
10
48
100
-50
34
138
80
35
4
76
47
6
-1
-24
-2
5
59
73
21
-26
-23
-30
-21
-3
-38
8
11
23
71
0
-43
11
10
-9
85
60
-19
-30
-26
-27
-94
-41
5
9
79
98
34
28
-17
-41
12
-52
-63
-22
-19
-27
-25
-64
-93
-53
-27
84
90
-35
-12
18
-22
-55
-82
-51
-12
17
49
27
23
5
-71
-22
43
19
5
13
44
89
71
-32
19
81
-33
-34
27
-9
-59
-84
-46
-8
5
9
20
36
28
6
9
32
-11
-12
-3
7
58
-11
-3
69
33
18
2
22
-14
-26
9
-32
-12
8
38
50
-29
-25
-11
-98
-106
-40
-58
-46
68
34
-11
44
14
-28
-7
-8
-7
-26
-42
52
-6
-56
-4
17
23
26
58
9
9
0
-56
-48
-31
-32
-15
33
23
11
39
-23
-24
71
-4
1
115
33
18
46
26
24
3
-1
-4
21
-1
3
27
-27
29
36
-25
55
22
-5
-4
-57
35
41
0
35
62
33
-52
-47
-44
-18
-52
-10
113
52
43
24
-2
-4
-78
-47
5
46
23
17
73
-20
-54
-67
-93
-23
-26
-27
11
20
0
-27
-55
-23
29
-20
-2
58
34
-8
-3
0
-59
-37
-20
34
74
21
95
90
49
50
-27
-44
-20
-32
-11
-11
-33
36
34
22
62
-2
-36
6
17
47
13
-12
68
67
83
63
52
33
-56
0
-6
-54
-62
-66
0
10
-8
12
21
8
-37
3
49
8
34
9
49
114
43
5
-15
-11
-71
-51
15
-9
-10
-50
-20
17
-62
-99
-79
-105
-70
-5
-30
-65
-68
-78
-37
-39
-74
16
15
4
101
76
8
25
-6
-12
17
-4
-10
-65
-78
-60
-74
-102
-120
-72
-30
17
41
35
21
-24
-11
63
13
0
38
31
65
45
19
-11
19
40
56
104
42
75
60
18
43
-10
-3
-7
-31
-33
-33
-40
-53
13
55
42
122
156
40
46
60
-42
39
47
-15
56
48
58
24
-41
-33
-36
-55
-28
57
-9
-24
55
22
18
-17
-54
0
-5
-39
12
24
-27
-11
54
11
-36
-4
-70
-102
-37
-66
-71
-35
-32
31
56
33
29
23
-21
4
16
-67
-3
6
-49
-1
-67
-118
-61
-52
-76
-29
29
11
26
50
83
36
-11
42
27
49
-5
-52
45
44
23
19
43
62
24
-6
-12
16
-60
-9
81
7
30
32
16
32
-5
-29
17
39
14
54
82
6
5
66
35
15
-14
11
68
25
56
49
30
17
-7
28
-19
-46
-33
-44
-50
-56
-54
-35
-73
-59
21
13
-8
13
25
5
-44
-68
18
-24
-127
-10
-2
-71
-42
-51
-33
-50
-89
-70
-29
-35
-74
-55
-4
38
-13
-42
-18
-52
-30
-36
-19
14
-30
-20
5
-6
-19
-25
-46
8
55
5
-16
-19
-55
-44
-14
-8
3
6
51
28
-11
-4
-23
-42
9
61
60
68
55
48
30
74
54
-28
35
69
34
15
-14
26
17
-54
-5
54
70
23
15
86
40
-32
-19
3
-13
-87
0
80
-38
22
36
-7
80
13
51
92
33
87
27
38
54
-48
-12
13
-31
-55
-80
-76
-82
-76
-40
-29
44
90
34
60
96
42
58
12
4
42
-34
-1
-45
-29
46
-53
-50
9
45
-19
-36
-23
-50
36
-14
-29
-1
-32
-23
-51
17
-4
-50
5
40
84
19
-1
25
7
49
37
-31
-1
33
21
21
43
44
-29
-17
18
17
-5
-32
38
23
5
54
30
-15
-39
26
39
-24
18
-3
-33
39
-8
47
58
6
116
75
83
51
-49
16
-38
-74
-10
-62
-55
-18
-39
-9
-22
-32
15
0
-22
34
46
45
76
-3
-12
23
-44
-60
-36
-63
-57
-7
-14
-46
-59
-80
-105
-91
-64
-75
-63
-21
44
49
6
35
30
-5
-16
-21
-30
-48
-36
-7
-11
-26
-45
-29
-9
-99
-66
-9
-32
6
-20
-14
15
-19
-27
-27
-9
9
-9
1
24
20
-20
-15
-7
-40
17
9
-23
52
49
-7
-3
25
36
-23
-58
23
69
48
11
11
74
52
3
9
20
5
2
35
43
19
-13
4
45
54
83
80
41
13
40
36
-56
-81
-47
-10
13
13
11
26
44
5
41
117
36
5
42
31
0
-90
-129
-77
-53
-60
-27
13
16
17
33
26
25
-15
10
46
-6
39
30
-43
0
5
-90
-66
-15
-75
-50
-20
-16
24
-34
-24
64
3
17
36
-50
59
34
-43
25
5
-4
-30
30
62
-14
9
32
62
84
28
-3
21
39
6
-40
-20
12
-30
8
-7
-35
-7
-64
-18
30
36
50
33
69
89
68
10
3
28
-21
-36
-67
-71
-49
-93
-47
-32
-14
61
35
1
-14
45
38
-36
6
25
47
5
-40
-2
-40
-91
-103
-49
12
-7
-39
-8
34
41
5
-7
2
-5
-21
12
-4
-31
-38
-94
-10
18
-51
-31
-23
-34
15
51
-48
-42
22
26
38
-9
-24
-19
-11
-33
-50
-54
-63
-11
8
30
23
17
68
43
11
13
-31
-37
-39
-66
-67
-57
-12
-18
-33
57
37
-22
52
24
12
23
8
-14
-40
4
2
-3
46
74
49
82
82
17
-40
-64
-47
-13
27
-5
69
138
98
54
-14
43
-8
-43
31
-27
34
55
10
42
12
-18
31
32
6
36
4
82
114
49
36
-3
44
1
-53
-42
-76
-44
-16
29
13
0
-11
35
119
11
16
53
14
20
16
-16
-69
-49
-26
-52
9
-1
-80
-6
6
-23
8
10
2
-3
44
61
6
-26
-29
-47
-42
-10
-42
-4
-11
-77
20
31
-79
-31
13
0
63
80
55
1
-20
35
6
-30
-69
-52
45
-15
-68
-30
2
9
-44
14
89
12
-52
22
34
-12
-23
-43
97
75
-87
-2
38
8
-22
-37
11
36
42
31
44
8
-17
2
4
-23
-50
-19
-7
-17
9
35
8
0
4
7
68
14
-7
56
-10
41
7
-99
-6
-77
-122
-16
-23
-23
-24
-60
2
69
-5
-61
-17
-8
20
-3
-38
-7
-38
4
36
0
-14
-41
-8
8
-31
-70
-61
-18
-54
-51
45
25
-32
3
61
47
2
-2
-30
17
69
-24
-38
28
-38
-64
6
-5
22
25
-14
88
92
38
14
-21
61
62
45
30
-36
46
89
-28
-56
16
-7
-20
7
-35
12
58
-5
76
106
18
94
51
21
30
-47
5
-4
-29
-30
-4
-4
-75
50
25
-74
45
64
51
18
30
35
-2
17
-53
-48
-16
-28
9
-24
-10
35
36
22
-22
6
18
-25
-29
-17
-22
-29
-1
3
-19
16
12
-5
-11
-36
-10
-42
-82
-25
-24
-82
16
37
-21
49
11
64
59
-86
-51
-55
-61
-55
-65
22
41
36
26
21
33
-52
-73
-25
-6
-34
-8
27
16
14
-30
11
-14
-63
-4
-16
-6
44
3
-53
22
63
-5
-17
10
8
-18
12
20
-26
-42
-28
-4
-26
-11
0
15
62
14
-25
38
31
-17
-27
-16
35
19
-29
-67
-17
35
-23
-43
-35
15
54
32
-3
5
-42
-53
39
-12
-67
-19
14
29
9
-27
-17
46
49
30
-14
-15
51
10
-19
-62
-31
-14
-42
45
22
-33
31
98
18
-13
7
20
52
-21
-44
-19
8
15
5
17
12
19
-3
-27
-35
10
24
-20
-8
-17
57
80
-29
-28
-7
29
74
-30
-52
77
17
-45
5
-45
-26
12
-15
43
-11
-45
36
23
40
-6
-36
41
24
-19
-52
-10
69
17
-6
-17
-36
43
57
-39
-76
-8
18
37
56
-28
-7
24
-18
11
-8
-45
-26
30
-43
-54
28
-50
-16
64
63
47
-13
3
26
-35
-24
-5
-29
19
33
24
-1
-1
-46
-104
-52
-62
-43
5
18
62
-23
-54
49
34
-5
-32
-25
-29
25
89
-19
-48
29
42
5
-52
-68
-17
-13
-55
-11
11
-52
-33
41
-2
-70
-34
-10
-3
-5
27
55
5
27
-23
-38
11
-29
29
-47
-76
43
-16
-33
32
-38
-70
-37
-12
36
-51
-76
-9
11
10
-85
-48
58
7
-26
3
11
0
-10
41
74
25
33
17
2
30
22
-50
-74
-17
-43
-44
-22
-42
22
39
-17
-1
55
78
52
31
-27
64
71
-41
54
24
6
49
2
-10
29
46
29
49
-11
-31
19
-13
-18
-6
25
15
-50
13
57
-10
-29
17
44
14
33
66
20
24
8
-45
-5
-16
-42
61
34
-42
23
-36
-17
27
-67
-3
0
-72
-44
-14
7
-44
-43
52
41
41
53
14
58
35
-30
-8
-5
13
29
-29
-84
-78
-95
-139
-117
-19
17
21
33
15
42
27
3
-25
-41
-1
21
70
70
-18
5
50
35
-37
-53
18
-54
-20
-8
-67
9
10
52
94
79
47
-45
-12
57
52
-2
46
126
74
85
129
67
34
55
28
-12
30
50
-30
-61
-56
-35
-60
-61
-31
9
74
29
21
61
38
7
-8
-27
-32
-1
-7
-51
23
42
-24
-9
-24
-58
-30
-13
-46
-31
-1
-15
-46
-34
47
40
-18
-35
-48
9
10
0
19
-29
32
74
34
90
56
-34
-10
-5
18
32
-75
-64
40
-12
-17
-10
-56
-33
-76
4
42
-80
-90
-39
69
26
-18
16
-19
-11
-46
34
67
-56
-36
25
71
64
-6
-27
-17
-3
24
26
18
3
55
69
-39
5
18
-4
31
10
68
87
54
29
87
124
36
52
37
64
37
-54
15
-22
-28
1
-16
-13
-9
18
-18
-45
-73
-97
-23
-11
-56
-59
-84
-31
-30
-42
5
-12
27
39
-25
3
62
-16
-102
-45
-46
-80
-78
-103
-53
-47
-59
8
-34
16
63
-19
38
15
-18
2
-38
-10
-35
8
29
-5
41
14
73
57
-59
-43
-51
-75
-11
-6
4
78
36
26
48
13
20
-36
-77
-45
-23
-6
0
-7
36
40
-3
79
46
9
32
-14
26
9
-2
20
24
63
44
54
41
21
8
0
44
15
22
30
18
63
62
46
-5
-65
-83
-60
-9
-29
-61
-5
20
19
63
11
-20
22
31
32
35
71
47
-3
-4
-32
-107
-128
-137
-104
-41
-48
7
-15
3
89
23
21
14
-74
-36
5
-56
-85
-34
-4
-21
48
64
0
29
37
11
-34
-46
16
2
5
51
11
-4
-32
-77
-14
-5
-29
-3
-7
29
40
35
30
4
13
20
40
72
55
-10
10
4
-52
24
40
-21
40
92
3
35
42
-40
29
-1
-1
49
33
44
-43
-87
28
-5
-106
-84
-42
17
-1
16
-10
-44
24
6
69
54
-72
15
-3
-57
22
-55
-61
0
19
9
-85
-39
22
-55
-87
-78
-13
15
-60
-48
13
27
13
0
-1
77
55
21
44
-13
13
33
-7
-28
-57
-62
38
14
-66
8
-1
31
43
-81
-57
3
-6
18
25
6
-30
-19
16
-17
-82
-33
65
12
38
23
26
43
-83
-30
-5
-30
16
48
11
-43
27
36
4
44
61
80
106
75
31
0
-9
-14
-3
30
7
52
74
17
15
2
-2
34
60
72
19
28
73
11
-93
-128
-51
-1
-15
-54
-44
42
1
-62
-21
-20
-31
-44
-32
27
32
-31
-53
-27
-21
-25
-53
-77
-30
-22
-7
-42
-26
11
-76
14
1
-67
21
28
29
33
43
84
94
64
47
66
85
34
-5
0
-3
23
0
-45
5
47
-54
-76
-6
-24
-43
-9
55
55
35
70
51
-12
26
0
-62
10
31
15
1
11
29
14
42
14
-50
-55
-2
-40
-104
-98
-71
-1
-44
-44
14
-28
-29
6
34
39
52
68
84
89
54
23
2
-5
9
0
22
-12
-52
-20
-54
-58
-80
-75
-65
-96
-48
8
16
-33
42
78
46
79
47
12
-30
20
53
-16
-2
30
-15
-51
-53
-76
-60
-77
-75
-8
21
0
-50
-21
-1
-1
49
51
48
44
80
46
-19
2
-12
7
-28
11
95
31
15
-17
-8
28
-32
-27
-5
-1
11
-4
28
62
39
18
57
40
16
59
-3
-7
45
47
42
27
46
51
-16
-23
13
-31
-48
-54
-22
-11
-18
10
-75
-51
5
-18
45
0
9
65
37
79
9
19
42
-80
-16
36
-53
-45
-6
-40
-40
-48
-36
-7
-22
-50
-26
13
-13
5
-50
-16
66
71
88
-4
65
118
39
-26
-29
30
3
28
-24
-6
73
-35
-60
-50
-58
-1
-37
-73
-24
-35
7
0
-19
62
22
17
83
41
12
97
48
0
5
-42
21
-51
-128
-31
-32
-28
-17
-21
-8
-28
-33
-40
-10
-25
0
46
17
62
35
56
50
23
112
63
-23
-20
13
-7
-88
-88
1
-12
-76
-21
-20
-42
35
12
-48
-8
37
-6
0
7
-14
53
9
-27
23
11
-24
-39
13
-8
0
40
-17
-21
-46
-35
-35
-95
-35
-4
-33
-28
-15
35
-26
-23
107
55
7
14
66
88
7
15
6
59
38
-59
31
-19
-25
26
-46
-47
-95
-77
-29
-84
-48
-52
-10
117
55
26
24
39
47
-1
72
37
9
70
43
-14
-40
-80
-78
-43
-66
-12
-15
-48
22
-1
13
-12
-64
44
17
29
90
19
22
46
60
69
54
73
139
126
24
-7
-20
-30
-68
-83
-56
-34
29
21
-29
-34
-11
8
29
20
41
60
68
68
8
27
-16
8
83
-20
0
18
-46
-10
-16
-78
-88
-10
-15
-76
-27
8
11
36
29
12
16
7
25
25
-13
-33
15
38
1
-2
1
31
47
-2
-5
-11
-22
-20
-43
-44
3
43
-15
7
13
-37
-30
-40
-22
-9
12
23
15
28
-12
6
36
-26
-56
18
15
-72
17
-2
-55
45
-23
-5
-9
-83
22
7
-68
-20
-49
-61
-47
-65
32
24
-7
65
71
83
-16
-68
22
-27
8
53
-5
-22
-2
-39
-81
-16
-44
-49
85
49
8
53
-8
26
12
1
93
15
-27
49
1
0
3
-46
18
-40
-59
15
-35
-35
7
11
39
23
-16
0
-37
-18
17
-2
58
26
-23
12
-19
-56
-54
-2
23
-31
-2
48
23
29
-10
6
32
-22
-12
-58
-75
-69
-38
35
29
35
50
20
-22
-11
13
-51
-99
-18
24
22
57
13
4
12
33
101
-25
-97
9
31
11
37
70
-22
38
99
-5
27
-19
-43
-24
-50
-13
-52
-125
-71
-5
-36
-66
-32
6
46
24
19
66
41
48
-2
-34
20
35
42
25
36
100
79
1
21
10
-12
44
-6
23
9
-52
17
-52
-21
32
-55
-6
13
-15
11
6
-46
20
64
26
94
29
16
44
52
143
4
-40
37
16
20
-51
-59
11
8
-13
18
22
-117
-79
3
-68
-26
-39
28
63
-4
34
3
-14
-25
-45
-56
-82
-72
-35
-22
-45
-26
34
43
15
42
67
50
36
0
-1
0
-36
-37
4
18
16
19
3
-20
-61
-47
-9
-15
-45
11
32
-42
-43
-55
-69
-61
-34
18
-3
17
25
19
0
-31
70
84
49
81
88
70
87
49
12
36
-23
-34
-28
-65
-70
-64
-11
-50
-62
0
-8
-28
-57
15
-11
-42
49
32
29
34
7
84
68
-4
50
58
47
28
53
52
13
13
-18
17
-8
-86
-37
-23
-36
22
7
-37
-79
-65
1
-49
-31
-12
-38
81
75
-22
0
13
-12
-25
-27
-16
-34
-61
-3
2
-18
-13
-67
0
48
8
2
-32
0
29
2
1
2
20
45
44
10
12
39
-44
-11
33
-66
-46
-29
-35
-17
-78
-101
-26
24
20
25
-4
47
135
85
119
124
31
106
152
29
-16
-46
-52
41
-18
-89
-50
-32
-27
-50
-3
-6
-74
-50
-41
-24
19
7
36
39
25
118
63
0
23
-63
-52
29
10
-31
-92
-58
49
9
-13
10
17
21
-6
21
-26
-101
-1
15
10
87
2
-50
8
-29
-83
-84
-55
-61
-79
-47
-18
4
28
30
-7
44
51
-14
7
-46
-60
31
0
25
62
-17
-16
-1
8
-49
-58
45
22
-1
-12
4
-3
-77
-35
24
21
-30
-30
41
20
-12
-9
-29
-5
16
42
68
24
1
20
30
-16
-49
-31
24
13
-26
52
34
-42
-21
101
94
-18
25
34
10
1
-21
-25
-45
-80
-34
31
-7
-21
-1
-26
22
45
2
42
-23
-6
88
46
59
42
9
57
37
-30
-39
-58
-44
0
-3
-24
-57
-61
-12
4
15
11
17
23
33
5
-55
35
22
14
38
-41
-11
-8
-20
-69
-75
32
83
50
-26
-2
4
-23
-53
-85
-8
15
41
37
-42
-19
19
37
51
82
103
29
-57
5
36
-42
-3
1
45
143
41
-26
-30
-46
-27
-42
-45
-47
-40
-51
-29
44
19
-62
22
105
43
74
46
-1
24
-31
-47
-48
-37
4
-9
-57
0
64
-8
-15
-29
-24
-9
-32
24
-23
-87
-51
-28
0
-34
-50
28
-26
-21
27
-19
-15
-50
12
48
-36
10
36
-28
-46
-47
37
37
-106
-97
-49
-22
1
-21
-4
14
48
48
-32
-53
-9
-30
-23
2
1
1
-44
-38
-54
-74
-73
-23
49
-24
-40
36
23
-31
-16
-24
-17
-18
1
-18
-74
20
58
77
84
42
49
11
-7
-10
-52
0
72
71
45
-41
-67
31
0
-67
-50
-41
40
2
-23
20
-27
2
68
94
50
23
79
61
11
42
6
-39
-20
-42
4
14
-12
3
18
72
43
-13
1
-7
-18
-52
-15
38
41
-21
-30
76
47
39
13
-11
68
47
-4
-30
-44
-79
-73
-9
14
32
28
17
90
105
13
-9
34
54
35
26
41
20
-12
-23
-23
-28
-32
10
67
22
-9
19
-4
-5
-56
-72
14
28
34
40
7
-40
-17
41
56
17
18
121
42
-31
3
-15
-9
-19
22
41
50
61
-15
-37
-9
27
-7
-56
-4
-11
-8
-24
-54
43
50
3
0
-18
23
31
-13
-18
-37
-6
32
21
41
-19
2
15
-18
25
-62
-61
-31
-42
57
59
-18
-49
-48
-10
0
-60
-108
-44
44
41
5
8
-5
-14
6
2
18
-24
-38
-8
-65
-50
-8
-72
-58
17
-63
-97
9
9
-49
12
66
27
47
22
-10
-41
-63
30
2
-52
-38
-20
37
-9
-31
18
-34
13
23
-47
0
-32
-32
5
-6
44
5
-34
13
9
-3
-4
29
25
-7
5
-6
1
43
11
16
46
16
35
17
5
14
61
67
37
29
-56
-6
-8
-66
-31
-76
-39
5
-38
-15
-13
-36
27
48
-1
15
92
72
4
31
64
57
-7
0
25
-46
-14
12
22
62
-8
-3
4
-84
-20
-24
-40
46
40
36
-3
-16
-6
-3
34
40
36
5
19
9
7
-16
-30
34
5
-25
-16
39
51
4
-42
57
94
-29
58
9
-7
13
-71
21
-31
-70
-4
10
-3
-25
22
24
30
77
43
-21
-8
14
-39
-42
31
16
-45
-6
36
-31
-8
46
51
83
28
42
9
-25
59
-6
-6
-10
-31
69
-19
-52
8
-27
-22
-43
-62
-22
-40
-50
55
36
19
40
-31
-3
-24
-56
29
33
10
6
-11
44
14
-47
-26
-21
15
31
7
-28
-51
-36
-59
-39
-35
-78
-13
59
13
-59
-46
0
-28
-85
-39
27
49
27
11
26
1
15
-8
-59
-77
-23
26
9
-13
-43
-2
5
20
-34
-97
0
-11
-37
27
7
32
79
21
-15
-9
-47
-68
-65
-103
-21
23
-47
-28
-25
15
19
36
77
-24
45
68
3
18
-24
-6
-42
0
69
-44
-39
6
-42
-80
-66
-13
-27
-30
5
19
-24
-1
49
30
28
-10
17
-4
-104
-52
-15
-14
53
2
-10
24
-3
60
15
-9
3
-85
-12
-16
-44
8
-52
-45
30
-10
-39
-2
11
59
48
-3
34
12
-54
47
44
-62
-54
-25
20
2
-39
-52
-67
-83
-32
64
112
138
105
51
3
-28
-61
-11
4
-114
-96
-9
43
41
65
41
4
44
-88
-90
-13
-16
77
83
53
37
-14
5
20
-28
-7
35
19
-35
5
-27
-62
21
-56
-27
25
21
95
56
48
60
9
-54
-25
69
27
4
64
-1
-41
9
-16
-37
-26
-46
-21
-24
-62
-16
-9
-21
-1
42
66
20
55
30
-17
46
17
-33
-9
-2
-42
-16
80
61
-42
-66
-34
-22
-52
-55
-9
-80
-81
30
-34
-7
68
19
74
65
12
25
-24
-27
23
0
-6
-5
-8
-24
-38
-29
-23
-1
7
-7
-45
-58
-18
-5
28
102
36
8
45
9
-20
-75
-70
-13
-32
-47
-6
4
0
32
68
67
17
-17
17
-7
-33
3
-70
-63
7
-51
-40
23
-3
-26
8
-25
-6
79
66
-8
10
54
-24
-7
43
-31
-27
0
18
41
44
0
-51
23
-16
-31
-5
-83
-69
-30
-33
-66
18
82
18
-19
15
54
13
31
65
53
20
13
34
21
-16
-10
67
6
-70
-68
-69
-34
-13
0
-11
41
44
-35
-20
44
72
-12
-18
-7
-61
45
100
63
58
10
2
78
57
30
24
-69
-3
-11
-66
11
-8
-10
3
10
30
31
52
-11
-21
89
65
21
21
-14
-11
-5
-5
19
23
35
-18
-69
-30
-44
20
68
5
9
12
45
20
-51
28
68
6
8
9
9
30
-43
-34
20
-41
-80
-86
-28
60
54
-14
-15
-22
-18
67
24
-1
19
40
28
-51
-45
-44
-51
-26
32
12
-77
11
25
-34
64
-4
-44
21
-8
48
-16
-57
12
-26
-30
-50
-85
-38
13
20
-14
22
14
-53
-46
-46
9
51
15
-2
-19
-15
43
40
2
-10
-52
-54
-28
-23
-49
-55
1
-10
-1
27
28
38
17
16
-14
-47
-46
-69
-24
58
20
-72
-28
10
2
2
57
81
-37
-16
-8
-51
-79
-47
16
-68
19
61
10
28
-5
47
89
20
4
43
-24
-82
-58
-72
-29
-11
-44
15
2
12
36
46
83
-20
-12
20
-16
30
-15
-25
-6
-5
10
-5
25
-30
-5
66
-24
24
86
36
44
-6
-69
-7
-6
-13
60
38
42
50
-21
-18
1
11
61
53
62
15
7
60
-20
-21
27
-2
-56
-24
0
-34
5
22
-42
-47
18
63
81
13
35
58
-11
47
9
-5
97
27
-23
-3
23
56
48
50
43
59
46
-36
-69
-32
-68
-50
-40
-49
29
-31
-49
3
63
63
14
13
16
90
-15
-98
-17
-44
-26
14
44
47
40
30
0
8
12
-22
-41
20
77
12
-10
8
-28
-44
-44
0
-24
-36
-4
-48
-37
-24
-5
-23
-39
41
-39
-58
23
-7
36
10
-36
-14
-22
-17
-15
-27
-53
22
110
33
-10
12
-5
-18
-13
16
5
-38
-22
36
27
-12
12
20
20
-18
-20
-61
-131
-62
2
32
-47
-63
-18
-51
-78
-63
7
17
34
87
56
49
77
52
97
79
-22
-32
-9
-8
16
44
-76
-81
-30
-62
-50
-105
-30
72
51
40
13
-9
6
14
-29
5
38
20
12
-5
36
24
-31
-45
-26
2
48
24
-40
-17
-16
-23
-27
34
76
38
70
55
28
25
17
22
24
29
45
17
-66
-66
-53
-25
19
1
79
57
-31
-27
-40
11
1
23
73
-63
-51
-8
-51
-14
25
85
81
98
88
36
2
-45
15
6
32
61
13
28
-7
-23
65
74
-55
-30
6
-73
-12
23
5
37
0
-26
9
-9
-20
-23
-20
22
-53
-57
61
53
0
-11
-23
23
97
68
18
0
-10
61
58
-2
32
44
-31
1
2
-89
-22
-36
1
11
-110
-64
-51
-29
20
4
-37
-4
31
-24
2
32
18
-36
-9
30
4
-3
-22
36
21
-7
10
10
2
-19
-39
-42
21
-2
-54
-60
-65
46
89
19
9
-14
-3
20
1
-5
-37
-58
-38
1
7
14
-2
-33
-49
-69
-50
-46
20
-13
-75
55
63
4
-15
-33
43
44
35
77
10
-24
-71
-84
35
45
41
20
0
67
-19
-20
26
-80
-53
-26
-108
-62
-32
-48
-22
-70
-42
30
33
40
17
15
61
76
40
29
56
54
-6
-56
-35
47
37
-68
6
16
-22
6
-39
-32
-65
-50
48
39
-4
-11
-47
-8
49
50
69
-15
-49
-34
-29
25
28
42
5
7
33
-46
1
13
0
24
-34
59
41
-79
-42
31
113
97
-36
-46
-6
-28
33
64
42
53
-21
-38
26
-47
0
-60
-142
38
-4
-25
23
23
30
-37
17
78
0
-29
74
73
27
1
-13
0
-55
-22
-35
-24
43
5
5
59
97
47
-20
-39
4
19
-27
-61
-79
-11
-3
-16
28
-22
-24
44
8
-21
-8
-94
-89
44
47
-14
17
69
41
-2
-9
-51
-27
36
74
75
-34
-73
-20
-19
-44
-2
-6
30
54
-35
-1
35
-2
-25
-53
-82
-11
59
14
36
22
-43
-15
-17
-51
-9
-9
-70
-13
-6
-52
-28
-19
60
46
-29
17
13
36
113
39
-36
13
57
40
-60
-52
44
41
-4
-49
-57
-17
10
-34
-17
-4
-3
18
-51
-72
-56
-73
-83
-54
0
33
115
128
103
87
40
10
-41
-13
7
21
-32
-60
52
-12
-7
22
-69
-12
20
-38
-49
-4
29
38
30
20
-13
-66
-32
-21
-31
22
68
47
-4
10
4
24
22
-7
-1
33
48
-31
-24
-19
-42
-45
-62
-4
10
25
99
44
0
31
-9
-17
31
-5
-21
33
32
51
58
44
11
-35
3
-55
-101
-29
0
36
11
-23
-38
21
7
6
30
-71
-15
-36
31
100
23
62
67
111
4
-41
58
5
0
-12
-39
-39
-43
-25
-84
-32
35
-31
34
20
-29
69
111
140
-4
-107
13
26
-3
-56
-51
40
0
-60
-56
-33
8
-8
8
-18
4
94
10
-1
35
-18
-43
4
69
56
8
81
60
-60
16
-1
-59
-25
0
36
-25
-34
-38
-84
-50
-38
-29
-50
-33
22
30
49
15
42
1
-30
52
20
62
47
-8
32
20
77
0
-99
-52
-27
0
-1
41
48
2
-59
-88
-58
-40
-23
8
41
1
11
-5
-8
24
22
44
22
17
-18
-75
-69
-2
37
-25
-6
107
28
-32
8
-17
52
70
18
21
15
-5
-55
-47
9
38
50
24
-21
-14
-44
-98
-24
49
63
28
-51
-46
-21
26
72
-19
-36
-42
-20
53
69
48
-63
-23
-27
-57
33
-7
9
49
22
26
-26
-41
8
58
21
-47
0
18
-46
-95
-51
-18
-19
-26
-13
9
7
12
-46
24
40
-41
22
-30
-86
-47
-4
70
1
-82
41
127
57
23
16
-8
60
74
-3
-7
-65
-66
-21
-35
7
-25
-22
53
13
4
0
14
-1
-46
43
62
34
-82
-94
30
-12
9
68
33
31
2
-5
-13
-60
31
4
-11
66
36
52
15
-12
-51
-103
-42
-31
-4
-18
-57
-35
-79
-26
23
-26
-12
6
46
55
-41
14
104
48
9
-1
8
0
-16
-18
-82
-64
-20
-100
-70
16
18
18
5
29
39
18
29
-40
-60
31
97
66
-26
29
14
-35
21
22
0
-16
9
-17
-40
-1
52
48
12
-3
-31
-2
-53
-102
-49
46
65
-10
8
36
49
16
-28
-9
-60
-37
24
-8
16
44
35
12
-11
-41
-29
57
44
-5
-53
-76
-15
-32
-39
-64
-69
29
84
55
3
-1
-28
-11
-30
-41
6
-31
-21
-10
-2
38
22
45
6
-18
52
58
125
54
-77
-64
-123
-70
33
45
57
37
8
20
46
13
-61
-66
24
98
38
-46
-2
46
-20
-53
21
23
-10
-69
-102
16
66
51
17
10
19
17
55
-52
-85
9
-26
-31
5
63
64
-15
-7
-33
-4
52
-9
-26
-57
-68
-23
-11
-26
-55
-12
-64
-79
6
-23
-39
3
38
25
18
14
59
74
14
35
-1
-58
-65
-64
-26
18
36
-24
25
67
31
73
-3
-3
23
-36
-30
-60
-31
6
-3
-2
-40
-10
-3
-24
26
55
21
-21
43
3
-28
42
28
99
99
38
59
-29
-44
0
2
75
-13
-74
27
-17
-20
30
-36
-44
-36
-27
-8
-51
-39
18
31
35
59
89
30
-24
-36
-18
-49
-99
26
22
-1
17
-13
34
23
32
11
-28
29
-2
-41
-41
-95
5
82
-30
-17
53
-30
-96
-25
18
-24
-6
9
-34
-42
16
9
-38
8
18
43
-4
-41
-21
-22
36
22
68
36
-9
29
-58
-63
5
25
58
65
49
23
4
-1
1
60
4
-74
-82
-115
-69
-36
0
53
10
-18
0
55
40
38
95
24
33
19
-9
54
30
31
19
-76
-102
-28
9
8
-6
-27
2
11
-55
-48
37
15
-41
10
59
45
-4
-25
1
5
-1
-32
-3
0
-98
-23
93
29
-9
-31
-16
37
22
-31
-46
1
-33
-101
-15
46
33
23
20
62
17
-27
-24
-17
21
18
10
-18
-16
8
-27
-25
-16
2
79
64
-16
-25
-40
-70
-22
-7
-44
-11
14
24
41
110
57
4
21
24
96
43
-92
-140
10
50
0
44
-15
-15
-23
-43
54
57
24
51
1
-56
-40
32
47
-14
46
72
44
66
27
9
0
-9
-19
-54
5
-14
-49
-18
-67
-38
3
27
-3
-47
6
37
32
-39
-73
8
85
89
22
-45
-24
23
9
-12
-24
-59
-119
-76
12
45
45
-31
-46
49
18
-121
-118
-9
33
-4
-43
-61
-61
-26
-7
22
37
66
116
76
58
47
-21
20
43
-17
38
0
-52
-66
-62
-28
-59
34
-6
-64
-5
51
116
13
34
81
56
17
-58
3
35
39
62
86
78
-36
-31
40
-25
-38
-7
0
34
-20
-71
-91
-38
62
-15
-57
-18
-16
17
44
78
63
-2
39
45
9
-15
-43
-47
-37
-1
-45
0
67
14
4
0
35
30
-29
0
-60
-139
-46
6
22
-46
-76
81
54
45
-10
-89
14
-16
85
96
20
163
55
-39
-2
-52
-34
-50
-47
-1
3
2
-6
1
21
-26
-73
-1
0
-20
-45
-47
46
26
-15
-1
33
92
75
-23
-7
25
-25
-28
-70
-47
-30
-30
38
-10
-60
-5
27
28
39
42
-24
-19
42
0
-1
20
-38
-43
18
36
34
22
-28
-32
0
-3
11
26
-1
5
39
18
-49
-34
3
27
74
41
32
28
59
58
-64
13
67
-9
-35
-22
62
37
-5
16
26
11
-50
-76
-54
-51
-31
-1
-17
36
61
61
40
-37
5
-3
-34
-29
-23
26
-49
-55
25
-44
-29
35
-32
-46
-34
-16
-39
-21
34
-23
-51
-13
71
65
29
17
1
6
10
29
-45
-70
-68
-112
21
90
6
-22
-69
-76
15
69
42
19
48
85
55
9
47
34
12
34
25
16
25
56
50
-27
-45
17
46
76
8
-84
-90
-65
-6
-36
-22
30
25
36
2
-19
-18
7
3
-28
-74
-82
10
46
69
113
48
-23
-42
-67
-34
11
25
-17
-97
-90
-36
-6
-17
-25
-5
-31
-37
17
0
-15
8
0
4
-36
-11
33
12
25
40
59
-7
-38
14
-11
3
-15
22
135
98
52
-2
-32
-21
-2
53
35
14
5
-30
-45
-9
-28
23
60
-12
40
-8
-37
29
12
8
-2
-38
54
67
-32
46
29
-25
4
-25
-14
-36
-66
12
-1
-25
-18
-102
-9
44
78
154
37
-5
-13
-12
3
-56
-39
-9
-93
-92
-23
-20
37
18
-37
-28
3
31
43
89
49
-7
0
11
-15
17
50
-7
15
-20
-110
-29
48
23
32
29
-43
-69
-70
-41
10
-19
-40
-59
-96
-54
18
5
-13
13
72
39
-1
39
-42
-44
10
-3
20
3
-18
-39
-63
-46
-25
-7
27
1
-34
-47
-68
53
75
-15
9
-49
-75
8
37
55
47
59
73
47
42
39
1
-35
0
68
29
-44
-37
-43
-13
23
-14
15
67
44
37
9
50
86
18
-5
4
-3
-50
-12
-29
-71
22
61
44
1
11
20
-42
42
85
-17
18
-7
-4
29
-87
-47
-13
-3
15
-11
38
33
39
80
6
-51
-6
16
35
59
6
-39
-46
-45
-13
-11
-22
12
13
20
37
-55
-88
-40
9
33
-18
-50
6
52
3
-67
-33
24
-2
2
-3
-15
6
-24
-43
-44
-50
-71
