12
-21
-22
-88
-44
39
-56
-130
-108
-93
-132
-141
-84
-50
-89
-129
-44
-87
-122
-125
-112
-1
-75
-76
-99
-55
79
17
-58
-68
3
49
94
156
54
3
96
11
22
106
66
82
-15
-31
65
29
60
161
174
145
139
116
118
120
63
57
69
132
154
58
5
-5
23
21
55
83
-24
-42
-112
-187
-109
-72
11
17
-70
-12
-1
-55
9
5
-52
15
-8
-142
-92
-36
-59
-12
-45
-34
-7
-1
-11
-102
-157
-97
-2
-38
-50
-57
5
45
-106
-110
-84
-80
-42
-29
11
-8
53
118
79
51
26
43
54
12
-7
12
9
27
9
-25
66
56
2
-10
-21
-6
-23
18
5
17
70
33
-85
-73
21
27
64
32
40
88
97
84
47
35
13
-44
-76
-10
20
54
119
44
-28
-1
-9
-41
-78
-65
-53
-71
0
19
-32
-39
-2
35
27
54
29
-57
0
-13
-99
-17
-24
-176
-157
-46
-73
-64
-2
-25
52
62
-39
-4
-53
-49
-20
-29
34
42
50
-14
17
-13
-90
-25
2
50
5
9
45
26
-26
-73
-5
30
78
96
54
92
121
75
64
85
14
-49
-33
-5
105
118
90
159
140
93
3
-66
-3
26
14
25
64
82
37
14
13
-73
-164
-86
-116
-160
-47
-47
-45
-46
-79
-40
-70
-73
-107
-119
3
3
-31
-99
-78
-40
-111
-76
-58
-60
-46
8
57
10
-14
87
55
-65
-43
-102
-103
-45
-4
59
91
81
88
81
37
65
13
-6
82
98
107
75
-27
30
74
51
26
-9
30
37
78
86
30
38
22
33
34
4
-36
-52
21
16
43
68
27
43
1
-38
-34
-20
-24
-3
-7
-41
-2
46
72
-35
-104
-71
-97
-55
-19
-34
57
62
-34
-98
-110
-50
-64
-101
-100
-96
-48
-34
-55
-8
11
-37
-60
-96
-87
28
86
15
-11
82
79
37
38
17
15
46
80
33
70
61
-7
65
4
-68
-13
7
24
10
14
47
20
94
109
5
-13
19
66
64
36
69
40
22
43
-35
-14
15
-60
-84
-61
-8
63
49
18
28
18
62
67
19
20
29
24
42
66
59
-27
-83
-35
-103
-112
-55
-49
-43
-94
-77
5
38
-31
-97
-111
-49
-28
-93
-11
12
20
69
-35
-82
-82
-120
-84
-10
22
32
21
33
75
47
1
-49
-68
6
42
53
69
47
60
46
-32
-93
-36
37
23
22
14
66
137
93
21
-20
-83
-110
-19
-9
34
81
30
134
170
79
8
-78
-62
2
15
25
-2
17
112
59
15
-2
-70
0
-26
-30
25
61
100
26
-39
-83
2
-31
-121
-99
-113
-2
-27
-48
33
-62
-95
-61
-16
-58
-60
46
17
-19
29
97
44
-20
-2
-22
45
25
-45
66
80
64
113
81
31
0
-53
-36
-11
-35
83
116
58
116
74
-16
-22
-5
12
-24
-49
-8
-31
1
60
-8
-56
-102
-97
-53
-56
12
0
21
77
-42
-101
-83
-78
-102
-43
39
19
3
-36
-8
-42
-132
-103
-100
-36
14
-11
8
7
41
-4
-80
-54
-49
-68
-73
-18
1
33
66
20
65
93
40
-30
-81
19
13
-18
141
109
67
130
13
-56
37
102
106
63
53
95
98
82
24
23
10
12
87
74
89
118
120
97
60
-4
-87
-90
-125
-111
-97
-108
0
-25
-16
-23
-135
-47
-12
-20
22
-24
-33
10
42
43
35
-37
-79
-62
-116
-33
51
3
-19
8
92
42
-86
-73
-46
-60
0
15
-52
-25
77
42
-90
-87
-77
-57
31
79
83
10
-23
48
-21
-50
-17
-39
98
63
26
108
51
58
54
21
-54
-98
5
77
71
67
79
22
15
29
-52
-60
-68
-141
-60
40
-8
25
48
-4
-58
-116
-84
-98
-49
50
30
56
33
9
63
0
-33
-27
-22
-26
-55
-15
-18
-32
-28
-63
-73
-46
-23
6
25
-30
-44
-29
41
96
-12
-92
-119
-68
4
2
58
67
61
101
33
-32
-16
19
-8
-53
15
93
76
55
72
55
44
57
6
-32
-29
89
153
32
11
32
5
-20
-45
-6
-21
-39
95
86
63
92
46
55
39
11
0
-2
14
-27
-4
1
-85
-76
-72
-37
-32
-112
-42
-10
-45
-4
6
57
84
44
-54
-144
-67
7
10
-38
-19
10
6
-10
-119
-85
-28
-45
-40
-17
68
126
71
-3
-77
-116
7
-12
-114
-27
50
33
12
-8
-14
25
-18
-40
-60
-74
-2
-11
13
63
31
35
13
-33
-26
-12
12
21
17
-14
-17
-18
-55
-11
-12
-61
11
90
88
75
48
45
6
9
30
28
64
-36
-61
-10
-27
-36
-23
12
-7
-51
-15
-18
-70
-41
-14
-13
-41
-59
-79
-117
-107
-88
-68
-31
6
10
18
67
91
65
12
15
71
70
42
80
70
20
90
31
-78
-51
-56
-48
-15
48
99
70
132
119
22
29
51
60
-3
-14
66
106
58
38
49
44
31
-15
45
65
94
100
28
70
76
26
20
69
46
-36
-87
-75
-29
-87
-64
13
-28
-41
-64
-106
-118
-100
-82
-105
-112
-92
-63
-93
-98
-94
-86
-65
-90
5
42
14
43
34
2
-71
-103
-81
-79
-75
-27
1
-102
-55
46
-22
38
41
28
66
0
16
34
21
51
80
30
-24
6
51
84
7
-53
51
87
65
57
99
71
-42
19
16
-19
46
33
83
59
5
80
24
-75
-64
-31
32
60
-13
-20
45
35
19
21
21
4
-53
-48
-21
2
-38
-81
10
12
-52
-72
-101
-76
-70
-79
-75
-52
30
39
29
-16
-38
32
56
76
58
24
71
87
14
0
9
-16
14
28
46
53
57
83
-18
-35
-15
-60
-16
-41
-23
6
-90
-46
-16
-25
65
-14
-56
-14
-51
3
-21
-56
-10
23
61
-24
-13
27
31
27
-39
-27
-7
15
-19
-23
-26
-25
23
2
32
47
69
52
-37
6
50
75
100
50
46
33
38
39
38
88
3
-9
40
32
36
-3
29
-13
9
111
27
-12
-11
-45
-53
-73
-110
-68
-6
17
32
9
-80
-129
-118
-92
-56
-83
-76
-90
-72
10
44
-38
-41
57
-72
-16
33
-53
50
6
-49
-6
38
-42
-123
-56
-24
33
70
127
147
104
134
34
-35
28
14
28
-23
-6
88
128
151
40
16
69
36
34
19
48
67
31
44
42
-17
-45
-28
-60
-50
-36
3
14
14
116
53
-17
-4
-100
-90
65
-13
-79
-15
-37
-15
-62
-116
-70
-83
-90
-28
-70
-104
-26
-32
-35
-56
-55
-19
-88
-72
-13
16
61
98
76
9
-2
-4
-15
20
116
108
68
138
72
-8
17
-17
2
89
152
137
90
114
60
8
60
57
43
51
-4
-45
-29
-14
-12
-10
12
9
-5
-10
0
-1
55
52
-35
-6
-21
-54
-97
-100
-113
-189
-102
-28
-45
-134
-123
-69
-80
-83
-73
-25
-161
-233
-121
-55
-58
-54
-39
-17
41
66
19
-4
18
-3
18
59
58
92
52
-6
-13
-34
57
119
78
59
-15
42
115
70
79
35
24
37
50
83
55
46
78
94
96
55
14
24
38
71
29
-25
38
77
88
96
10
11
59
-31
-90
-65
-39
-50
-21
-23
-68
-40
-66
-111
-55
-10
-81
-57
-39
-50
-35
-57
-28
-49
17
52
-15
-13
3
11
56
117
58
21
24
-11
-11
-31
8
94
134
114
78
16
-42
-14
-12
63
85
63
73
-10
-12
-41
-51
-26
-51
-13
-13
-56
-23
-39
-40
-7
-67
-52
-30
5
-13
-63
-40
-103
-73
-38
-86
-46
-61
-84
-71
-80
-56
-59
-34
9
-11
-73
-74
-57
-45
-22
-67
-83
-33
-16
-6
3
-16
42
77
82
71
59
141
154
132
73
59
125
75
34
72
67
61
92
61
61
86
37
52
65
18
63
53
-49
9
7
-72
-18
-13
3
-17
-86
-44
-68
-84
-84
-154
-140
-142
-190
-133
-89
-104
-48
7
9
-64
-95
-20
-7
0
-44
-36
70
7
-9
78
47
45
43
39
68
42
80
89
85
136
67
53
107
85
154
177
87
47
43
66
43
43
37
33
107
52
-1
-27
-19
13
-46
21
59
-28
-35
29
-8
-58
-69
-112
-111
-136
-142
-61
-11
-3
-95
-175
-131
-121
-83
-37
-41
-50
-55
-84
-55
0
-59
-48
-26
-23
9
12
59
51
60
31
-7
57
24
-11
-11
4
27
39
96
46
-16
-64
-76
-24
-19
37
26
28
41
13
16
-16
0
70
149
87
32
0
-12
103
142
96
7
-67
-55
43
31
-12
-21
-65
-35
-30
-34
-39
-19
32
-48
-47
34
7
19
8
19
80
123
91
-23
19
106
48
35
69
11
21
4
-42
-5
27
-12
-104
-42
-14
-35
-41
-38
-24
8
-9
-37
71
24
54
56
-91
17
19
-8
66
3
5
14
-60
-66
12
-34
-22
33
22
69
-7
-77
-78
-134
-138
-17
-14
-17
14
-78
-57
-62
-112
-79
-113
-92
-19
4
-2
8
97
16
-43
31
3
22
133
140
76
61
17
-16
38
19
-29
19
16
10
5
-23
5
0
-43
-55
-60
3
58
-67
-90
-35
-56
-21
-40
-97
-75
-28
-20
-40
-67
-36
17
-29
-62
-13
40
119
80
26
81
1
-38
14
-40
10
71
0
21
23
41
39
29
96
-1
18
78
23
41
37
59
91
52
20
68
144
95
107
132
-12
20
107
29
20
70
58
-1
26
102
66
56
22
-42
-29
-38
7
6
13
57
-15
-20
12
1
-8
8
-20
-33
-19
-88
-67
-30
-13
-31
-80
-65
7
37
-32
-24
43
16
-62
-12
31
37
32
-30
-16
-34
2
8
-51
-31
6
12
-15
-38
-35
53
73
68
33
-59
-4
-5
-54
-23
-15
41
99
23
-86
-98
-109
-128
-90
-43
-36
-61
-29
-18
1
-48
-127
-140
-118
-50
-75
-29
-55
-95
-14
-7
-41
-51
-9
-6
22
52
45
37
57
36
0
-20
-94
-48
-33
-67
-55
-114
-55
43
2
-11
-19
-31
-39
-97
-73
-42
-62
-11
-68
-61
42
-24
-79
-77
16
23
-2
87
115
93
44
-12
-77
-50
-10
-10
23
32
57
97
71
20
28
-3
32
49
17
21
-32
71
134
95
51
-35
41
52
46
126
67
70
60
25
127
79
87
98
-21
54
49
-2
105
108
33
68
48
-6
28
26
47
30
-38
-5
0
3
19
7
16
-57
-71
-43
-41
-73
-90
-83
-115
-103
-126
-123
-106
-132
-99
-13
-26
-62
-14
4
-30
-59
-44
-48
-5
41
19
30
42
29
41
-32
-4
88
-13
-20
23
5
8
-1
10
20
-16
-44
-39
-29
12
70
71
71
39
16
-8
-60
-10
36
34
8
-37
15
45
6
62
56
22
60
11
35
117
26
5
-4
-18
-13
-66
19
-24
-46
21
-18
54
44
-46
-45
-51
-74
-48
-55
-63
5
-57
-135
-89
-51
16
-13
-93
-92
-21
15
-91
-25
-21
-57
30
-19
61
-6
-138
-117
-135
-29
2
-52
-23
8
34
33
-5
23
40
24
24
-23
1
88
85
83
74
67
93
77
90
131
143
198
175
92
134
175
175
134
102
169
181
173
193
159
101
3
3
27
-5
14
31
59
66
23
-17
-31
-24
9
-53
-121
-88
-124
-119
-89
-102
-180
-268
-272
-201
-123
-208
-204
-146
-199
-212
-144
-63
-106
-135
-157
-189
-131
-10
-3
-63
-40
5
-1
-91
-44
-61
-25
30
-44
18
36
105
114
34
4
-33
-39
-43
-2
-7
0
17
74
142
66
3
-29
-8
39
-8
-46
28
57
52
121
99
73
137
119
82
104
77
103
92
49
116
127
139
164
195
271
196
146
214
219
248
171
79
164
206
143
132
138
131
151
132
119
71
-24
-16
53
105
149
129
63
-22
-83
-51
-2
-60
-93
-45
-92
-153
-152
-99
-41
-88
-164
-223
-223
-220
-234
-189
-237
-258
-238
-280
-264
-277
-246
-186
-212
-190
-173
-149
-120
-182
-197
-128
-99
-99
-60
-95
-152
-59
-8
-57
19
74
52
77
70
3
3
104
93
74
89
63
116
140
155
162
139
111
79
41
30
91
110
160
101
101
134
10
32
63
99
169
99
74
117
101
106
96
77
131
100
50
81
97
116
89
69
57
27
-6
-53
-30
4
11
-3
-53
-65
-36
-14
-87
-228
-187
-115
-118
-92
-99
-90
-137
-190
-173
-126
-56
-87
-162
-90
25
53
38
-44
-37
22
-2
120
141
61
134
136
112
133
151
56
45
76
26
39
49
104
107
87
62
32
0
-77
-81
-74
-80
-80
-38
-12
-50
-63
-104
-80
-105
-133
-111
-160
-66
-56
-138
-108
-110
16
19
-60
13
-39
3
38
-66
-10
47
-1
-1
-42
-43
-17
-53
-39
-7
52
67
23
-50
-169
-141
-62
-108
-115
-100
-69
-48
-85
-44
-4
-50
-60
-34
-27
31
60
70
76
63
79
41
56
138
88
-36
11
97
98
103
126
152
151
136
93
40
54
62
11
43
-54
-131
-32
-24
31
-18
-90
-36
-64
-29
-56
-97
-44
-21
-27
-21
5
-21
-109
-101
-38
-27
18
28
31
25
23
155
160
80
104
59
60
107
46
37
54
66
99
93
130
139
120
104
75
82
56
54
132
111
37
17
90
98
-39
-8
78
62
38
83
41
27
67
30
61
-44
-65
-42
-144
-128
-136
-130
-140
-143
-108
-114
-102
-143
-152
-188
-239
-180
-215
-215
-148
-169
-159
-201
-247
-201
-90
-7
-94
-141
-61
-22
7
-1
10
74
100
22
-80
110
193
115
203
175
182
205
174
225
172
69
-14
34
197
169
92
30
-1
49
12
-33
-29
-73
-70
-75
-78
-19
-32
-11
-58
-134
-54
-88
-64
49
16
-16
-69
-109
-17
11
-80
-27
33
0
72
139
144
123
143
111
31
97
144
128
99
135
111
13
0
-56
-49
7
3
-35
-101
-72
-68
-107
-94
-175
-196
-163
-201
-219
-216
-181
-236
-253
-226
-197
-182
-235
-223
-215
-221
-233
-175
-132
-153
-113
-96
-91
11
10
-78
-33
3
43
72
-7
64
132
81
135
227
235
143
172
192
221
302
268
240
253
379
441
327
318
357
384
443
420
396
359
323
325
337
374
382
358
305
319
345
287
239
247
222
170
95
30
42
60
143
181
40
-26
0
-60
-58
-113
-202
-158
-271
-327
-259
-350
-458
-443
-366
-407
-518
-483
-520
-650
-559
-537
-600
-590
-636
-618
-619
-666
-592
-524
-527
-532
-529
-455
-437
-389
-327
-370
-310
-262
-220
-248
-285
-237
-238
-136
-54
7
53
104
201
159
243
311
278
268
273
415
432
402
485
482
407
444
487
532
584
549
573
595
617
572
534
487
404
417
281
238
248
224
231
140
203
208
187
227
162
178
208
107
81
93
39
106
87
80
148
123
124
199
183
79
48
18
-3
-38
-38
-19
-86
-154
-227
-272
-207
-197
-267
-249
-181
-200
-234
-302
-284
-236
-359
-389
-372
-353
-301
-273
-285
-251
-187
-197
-194
-205
-217
-198
-236
-253
-213
-289
-308
-249
-270
-284
-294
-204
-157
-190
-120
-104
-166
-99
20
-41
-31
46
-8
-22
-31
82
215
215
300
369
378
382
400
433
391
334
338
306
239
269
283
236
253
269
266
311
286
253
242
293
348
258
239
229
158
132
118
148
186
93
48
86
95
114
118
76
23
-19
-97
-165
-231
-280
-352
-344
-343
-438
-401
-385
-354
-291
-317
-289
-296
-313
-288
-341
-401
-409
-331
-292
-295
-309
-357
-325
-257
-166
-203
-225
-207
-196
-135
-277
-268
-233
-334
-265
-270
-272
-175
-106
-76
-61
27
82
98
151
136
158
231
243
272
338
357
357
428
491
510
588
603
629
688
646
639
598
545
534
517
520
451
375
361
299
225
183
248
264
173
145
73
80
114
87
71
-19
-50
28
8
11
131
171
119
63
90
97
163
208
90
8
-128
-133
-50
-105
-30
-29
-103
-61
-110
-68
21
43
-2
-106
-170
-235
-181
-75
-18
9
-26
-105
-165
-110
-65
-130
-160
-199
-295
-508
-743
-704
-478
-461
-747
-1020
-1211
-1218
-1003
-962
-1044
-978
-1030
-1252
-1341
-1227
-994
-824
-825
-915
-904
-694
-413
-187
-73
-16
-33
-55
27
242
437
436
321
191
217
332
410
482
468
421
428
442
532
662
663
632
572
501
575
691
832
905
915
961
996
1064
1106
1137
1161
1173
1175
1093
1041
1036
900
800
823
706
590
446
251
242
267
228
135
-11
-133
-222
-310
-323
-318
-372
-462
-632
-590
-368
-237
-189
-383
-497
-416
-350
-211
-133
-220
-338
-493
-579
-482
-406
-385
-493
-682
-788
-684
-507
-484
-502
-664
-860
-805
-650
-435
-316
-380
-374
-282
-133
114
371
454
540
745
829
963
1128
1073
1061
1096
1131
1189
1204
1078
903
860
946
1126
1105
896
649
425
409
479
632
560
129
-197
-333
-114
250
356
187
-179
-550
-567
-200
176
258
-322
-1241
-1848
-1675
-787
-244
-707
-1776
-2664
-2804
-2251
-1582
-1283
-1551
-2221
-2736
-2831
-2420
-1688
-1229
-1384
-1888
-2143
-1785
-937
-231
-59
-297
-580
-425
120
722
1213
1206
751
467
614
989
1232
1171
957
818
778
672
637
740
904
992
729
293
131
355
516
485
451
471
646
776
760
728
847
1190
1552
1560
1249
1059
1176
1430
1547
1502
1311
1085
946
954
1027
963
938
854
611
459
399
304
224
136
10
-155
-339
-405
-366
-261
-210
-285
-330
-356
-349
-410
-466
-249
-85
-122
-490
-1039
-1139
-818
-407
-250
-557
-1111
-1391
-1277
-910
-399
-288
-604
-1137
-1542
-1354
-772
-144
-8
-264
-413
-328
0
391
768
920
907
845
835
1079
1289
1416
1309
795
620
1131
1642
1607
961
255
183
712
1270
1235
589
-40
-285
-79
460
706
492
-95
-567
-365
179
771
796
180
-578
-1091
-770
99
726
477
-975
-2833
-3722
-2678
-463
485
-966
-3625
-5398
-4970
-3136
-1819
-1908
-2942
-4031
-4656
-4645
-3827
-2508
-1536
-1633
-2477
-2938
-2088
-359
848
917
267
-99
510
1702
2675
3021
2561
1817
1692
2369
3151
3370
3032
2540
2353
2218
1777
1290
1149
1622
2029
1459
269
-475
-196
493
779
558
347
508
536
114
-244
13
904
1643
1471
690
248
509
1151
1649
1662
1422
1238
1157
1040
994
1144
1224
1107
855
530
283
147
224
434
375
-7
-609
-975
-611
127
431
-97
-945
-1339
-1129
-633
-195
-121
-427
-929
-1537
-1769
-1235
-354
55
-406
-1276
-1790
-1598
-961
-527
-446
-594
-862
-1041
-1117
-863
-365
-4
-31
-296
-292
182
801
788
314
107
523
1292
1601
1339
916
890
966
841
853
1046
1468
1576
1020
218
-269
-109
507
1018
999
511
-100
-401
-158
485
975
892
364
-36
216
753
950
664
306
246
247
191
277
705
797
-497
-2655
-3797
-2429
399
1469
-805
-4674
-6839
-5895
-3405
-1806
-1987
-3228
-4622
-5703
-6032
-5001
-3157
-1751
-1746
-2851
-3566
-2883
-1270
-41
309
20
-81
441
1493
2769
3096
2334
1395
1457
2978
4427
4318
2956
1972
2148
2733
2421
1459
1515
2510
3009
1795
-410
-1263
-200
1283
1521
685
266
425
339
-473
-1224
-451
1404
2533
2009
559
-99
461
1431
2174
2462
2480
2351
2001
1610
1667
2046
2260
2139
1940
1914
1726
1235
858
919
1042
749
161
-52
459
898
337
-1190
-2339
-2079
-942
-80
-327
-1266
-2043
-2606
-3011
-2943
-2074
-767
-407
-1548
-3164
-3929
-3192
-1936
-1409
-1607
-2011
-2108
-1942
-1907
-1760
-1246
-555
-184
-199
-188
-86
355
769
829
1047
1408
1752
1975
1828
1620
1567
1742
2162
2425
2374
1869
1250
1019
933
731
479
460
829
1065
537
-585
-1492
-1261
96
1201
982
-264
-1254
-1108
-37
913
901
503
302
479
706
586
560
733
780
413
-19
220
1060
1328
-346
-3492
-5454
-3878
143
2495
253
-5093
-9160
-8801
-4986
-1464
-756
-2719
-5372
-6965
-7073
-5675
-3298
-1298
-912
-2111
-3351
-3167
-1279
1123
2250
1647
496
606
2495
4761
5486
3942
1892
1853
4012
6018
5731
3694
2267
2554
3510
3392
2028
1325
2110
2835
1783
-551
-1805
-924
615
868
-55
-653
-383
-257
-1060
-1887
-1285
831
2448
2011
240
-1074
-760
680
2162
2940
2686
1586
556
571
1423
2506
2842
2197
1693
1539
1380
1107
1038
1465
1748
1021
-321
-725
309
1469
1016
-917
-2326
-1978
-507
296
-459
-1695
-2356
-2670
-3021
-3178
-2562
-1395
-1205
-2502
-4220
-4809
-3621
-2038
-1417
-1820
-2362
-2573
-2704
-2611
-1989
-823
159
310
-149
-508
-236
536
1263
1824
2211
2085
1681
1463
1773
2415
2604
2204
1674
1608
1991
2239
2032
1466
934
605
377
414
978
1460
1166
-2
-1258
-1305
-162
1097
1294
329
-645
-845
-222
644
1110
1080
786
513
395
467
671
988
1312
1484
1382
822
2
-614
-756
-468
-61
315
411
-247
-2129
-4867
-6343
-4745
-1053
1190
-728
-5567
-9243
-8785
-5069
-1624
-1028
-2907
-5111
-6049
-5614
-4143
-2223
-701
-150
-750
-1567
-1297
248
2119
2926
2247
1388
1780
3560
5270
5202
3409
1594
1739
3845
5528
5116
3167
1550
1583
2195
2042
1359
971
1314
1540
793
-468
-1166
-680
170
369
15
-186
-6
-43
-540
-990
-507
892
2066
2109
836
-607
-808
461
2354
3412
2916
1593
621
465
838
1282
1803
2529
2756
1867
119
-1134
-670
944
1785
828
-698
-1352
-948
-563
-924
-1463
-1567
-1586
-2182
-3042
-3136
-1877
-760
-1489
-3548
-5082
-4367
-1908
-105
-380
-2075
-3534
-3495
-2142
-579
315
127
-675
-1227
-1055
-167
966
1800
1968
1349
518
506
1622
3085
3452
2219
731
766
2229
3555
3523
2280
1328
1152
1465
1781
1999
2421
2345
1379
53
-493
193
1091
1188
485
-106
-193
-237
-556
-1110
-1043
-135
591
550
-381
-1502
-1880
-1343
-119
875
857
39
-783
-890
-315
151
65
-152
-69
-67
-253
49
698
525
-1952
-5788
-6927
-2909
3222
4934
-512
-8584
-12041
-8237
-1522
1931
431
-3291
-6339
-7598
-7198
-4934
-1186
1478
784
-2595
-5185
-4056
15
3624
4058
1911
-117
93
2312
4447
4877
3329
1821
2406
4406
5596
4434
2040
1081
2298
3464
2782
1334
1492
3123
3047
33
-3175
-3029
695
3830
2974
-336
-2341
-1527
87
236
-308
263
1784
2235
626
-1151
-1070
598
2065
1996
1130
683
815
1119
1148
970
835
907
1169
1434
1388
720
-251
-498
444
1358
975
-193
-709
-183
234
-404
-1399
-1354
-240
390
-734
-2566
-2935
-1555
-250
-783
-2449
-3134
-2284
-1027
-870
-1642
-1976
-1602
-1252
-1315
-1256
-544
333
392
-432
-976
-438
747
1705
1670
1093
748
970
1718
2359
2335
1654
1061
1135
1818
2398
2189
1350
721
871
1573
1887
1322
375
-258
-65
490
701
581
145
-507
-970
-1115
-925
-384
-52
-312
-934
-1456
-1424
-876
-386
-397
-770
-1100
-1164
-973
-567
-139
229
351
-3
-523
-588
-29
720
1118
830
73
-587
-656
7
1088
1538
374
-2216
-4629
-4430
-1320
2071
2435
-1125
-5681
-7617
-5819
-2406
-457
-749
-2093
-3477
-4555
-4959
-4272
-2629
-924
-301
-795
-1286
-876
130
721
682
561
1054
2229
3415
3801
2941
1522
967
2165
4205
5004
3801
1926
1308
2328
3175
2361
894
864
2377
3071
1518
-820
-1533
-82
1451
1230
-7
-424
101
-26
-1225
-1930
-687
1492
1878
-77
-2049
-2071
-310
1215
1156
423
99
258
411
505
918
1304
1124
662
629
1466
2386
2215
1070
108
139
509
657
1060
1997
2452
1093
-1507
-3140
-2214
414
2129
1439
-637
-2404
-3124
-2808
-1848
-492
575
122
-1674
-3216
-3112
-1534
-185
-79
-606
-850
-648
-382
-258
-60
212
143
-134
161
1287
2098
1340
-318
-1125
-114
1874
2765
1865
551
81
387
729
687
954
1721
1893
877
-621
-1044
-61
1139
1455
835
216
-57
-526
-1245
-1576
-809
533
816
-272
-1915
-2728
-2202
-1072
-297
-598
-1389
-2001
-1814
-937
-198
-152
-780
-1023
-496
403
974
737
264
179
455
923
1649
2349
2076
-73
-3225
-4241
-1135
3764
5301
961
-5860
-9289
-6667
-1268
1614
276
-3019
-5277
-5808
-5619
-4933
-3194
-949
28
-1162
-3068
-3353
-1296
1253
2097
1196
283
951
2772
4056
3840
2578
1811
2578
4160
4964
4176
2698
1956
2323
2817
2312
1378
1320
2318
2718
1069
-1546
-2489
-624
1999
2656
808
-1534
-2239
-1585
-981
-684
-77
1004
1550
301
-2006
-2902
-1294
1401
2866
2081
322
-673
-317
754
1433
1668
1881
1987
1779
1224
737
931
1785
2387
2061
1112
513
894
1607
1333
-79
-1349
-1226
-1
717
89
-1151
-1829
-1826
-1982
-2602
-2831
-1877
-613
-629
-2028
-3330
-3281
-2169
-1238
-1120
-1259
-975
-413
-367
-1040
-1242
-416
664
1087
424
-245
30
895
1545
1256
411
6
463
1433
2210
2120
1125
174
165
1009
1846
2008
1348
420
-137
-211
210
866
1459
1484
470
-914
-1564
-933
322
918
244
-1215
-2285
-2235
-1409
-636
-448
-948
-1547
-1538
-961
-484
-511
-750
-471
662
1722
1652
464
-643
-455
725
1960
2668
2974
2541
597
-2405
-4394
-2770
1867
5174
3254
-3007
-8296
-8375
-4166
-509
-492
-2976
-5157
-5693
-5466
-5375
-4969
-3663
-2172
-1632
-2100
-2356
-1289
428
1149
371
-448
686
3592
5698
5134
2664
941
1908
4594
6350
5586
3394
2140
2473
3118
2768
1585
1093
1828
2312
1364
-567
-1707
-977
341
597
-220
-772
-226
202
-743
-2246
-2303
-205
2196
2614
650
-1620
-2034
-639
1161
2128
2277
1915
1163
196
-626
-325
1130
2703
3216
2237
691
-186
96
909
1445
1416
1071
774
673
549
9
-820
-1327
-1116
-529
-144
-171
-424
-886
-1918
-3207
-3647
-2572
-529
653
-410
-2782
-4330
-3749
-1745
-226
55
-294
-571
-863
-1355
-1467
-415
1343
2171
1461
69
-376
622
1762
1958
1388
1006
1156
1532
1806
1870
1805
1443
749
248
718
1899
2450
1738
264
-797
-707
157
876
1131
1084
506
-491
-1485
-1698
-793
397
987
381
-1010
-2144
-2316
-1557
-512
142
-98
-807
-1064
-553
143
118
-347
-402
5
523
768
1255
2235
2121
-541
-4542
-5976
-2264
4111
6905
2581
-5353
-10139
-8607
-3644
-54
302
-1344
-3504
-6061
-8373
-8571
-5777
-1685
158
-1561
-4302
-4825
-2439
312
923
-204
-774
685
3446
5251
4528
2251
798
1656
4282
6436
6479
4847
3232
2407
1792
1233
1563
3424
5182
4347
585
-3143
-3408
-437
2475
2357
124
-1279
-877
-96
-556
-1404
-883
909
2139
1381
-194
-474
620
1698
1504
718
804
1887
2905
2560
1231
124
206
1417
2438
2489
1793
1066
688
518
154
-442
-447
443
1480
1473
0
-1728
-2235
-1475
-644
-472
-865
-1192
-1184
-1511
-2334
-2800
-2365
-1425
-959
-1602
-2416
-2233
-1524
-1242
-1750
-2270
-1660
-459
183
-143
-892
-953
-396
117
569
1009
1399
1525
936
149
168
966
1939
2228
1665
1254
1333
1509
1604
1443
1337
1484
1464
1136
800
752
939
865
271
-206
-175
107
194
-81
-254
-226
-490
-1169
-1724
-1480
-548
-111
-881
-2120
-2446
-1489
-348
-278
-1162
-1479
-548
701
853
-231
-1175
-1190
-303
849
1807
2738
2667
257
-4014
-6788
-4421
1945
6833
5265
-2126
-9046
-10191
-5868
-623
1454
8
-2788
-5291
-6802
-6782
-5131
-2530
-876
-1230
-2529
-2946
-1427
701
1360
242
-1009
-208
2729
5396
5389
2799
560
1228
4095
6219
5608
3415
2379
3105
3685
2765
1403
1597
3201
3716
1768
-790
-1400
101
1446
951
-260
-321
792
1126
-354
-1940
-1683
252
1889
1885
729
-292
-691
-569
133
1237
2343
2494
1420
124
-405
-30
749
1793
2761
2769
1575
-133
-881
227
1866
2172
1105
118
366
996
532
-707
-1354
-669
139
-113
-960
-1180
-697
-894
-2225
-3587
-3089
-1003
284
-504
-2739
-4112
-3573
-2197
-1098
-649
-627
-792
-1301
-2009
-1904
-788
567
1240
905
318
20
71
387
844
1459
1853
1497
925
890
1468
2114
2046
1385
853
864
1161
1269
1067
863
815
601
246
63
340
700
360
-449
-1146
-1129
-426
35
-125
-563
-1070
-1430
-1664
-1947
-1882
-1303
-589
-241
-370
-806
-1238
-1254
-835
-217
36
-389
-858
-558
649
2059
2097
-103
-3176
-4812
-3451
342
3621
3568
87
-4459
-7085
-6242
-3035
136
1134
-671
-3784
-6062
-6083
-4004
-1566
-533
-1351
-2793
-3195
-2071
-43
1485
1441
413
-209
421
2062
3425
3680
3188
2826
3207
3804
3873
3557
3547
3966
3931
3157
2418
2566
3291
3226
2034
570
117
920
1477
976
76
-219
94
10
-704
-1299
-937
-64
128
-470
-1034
-797
-301
-345
-680
-678
50
808
963
711
215
-46
-38
292
1381
2652
2855
1593
74
-218
902
2146
2254
1500
1063
1314
1403
734
-184
-371
297
728
329
-360
-712
-706
-923
-1648
-2221
-2072
-1494
-1013
-1109
-1798
-2476
-2649
-2429
-2017
-1642
-1401
-1157
-1030
-977
-1093
-1284
-1064
-427
442
858
410
77
508
1275
1567
939
142
246
1281
2291
2261
1518
981
758
528
60
-171
533
1632
1784
641
-852
-1385
-862
-428
-578
-844
-639
-242
-565
-1608
-2374
-2146
-1145
-399
-711
-1516
-2054
-2214
-1952
-1335
-585
-222
-586
-1167
-1357
-1094
-561
-150
-41
87
322
622
1070
1395
1018
-489
-2410
-2795
-500
2912
4288
2217
-1543
-3937
-3670
-2056
-803
-298
-35
-185
-1354
-3001
-3752
-3049
-1985
-1697
-1963
-1553
-76
1043
746
-625
-1668
-1342
-283
942
2129
2897
3094
2459
1445
1137
1647
2466
2987
3127
3413
3683
3395
2490
1633
1491
1855
2091
2044
2070
2246
2139
1347
178
-381
146
1048
1308
751
0
-357
-272
-129
-361
-888
-1196
-1025
-339
345
378
-132
-966
-1686
-1609
-777
436
1358
1279
164
-1197
-1581
-564
1158
2042
1383
15
-741
-302
608
1216
1156
601
9
-387
-525
-278
429
959
678
-263
-1189
-1346
-660
-33
-86
-501
-905
-982
-985
-1132
-1164
-1000
-658
-557
-679
-879
-901
-590
-601
-818
-932
-660
82
489
297
-478
-1286
-1317
-668
492
1404
1334
489
-535
-894
-534
158
674
690
557
275
-53
-347
-513
-184
230
296
-161
-704
-678
-310
-33
-251
-743
-1084
-1146
-1124
-1270
-1318
-1246
-1079
-993
-1329
-1620
-1427
-957
-668
-961
-1430
-1331
-672
16
214
0
-162
-153
-58
144
465
941
1536
1860
1686
1331
1059
1039
1268
1464
1582
1673
1639
1501
1408
1213
860
614
584
756
1092
1144
705
301
-27
-155
-49
8
182
189
-99
-622
-1080
-878
-151
454
250
-605
-1325
-1409
-915
-318
7
0
-266
-774
-1246
-1288
-704
102
366
-44
-622
-651
-165
310
384
-57
-447
-431
63
775
1113
927
309
-199
-143
350
1027
1436
1308
772
173
11
424
1166
1678
1419
486
-204
7
659
1075
944
567
414
462
340
24
-64
259
730
570
-316
-835
-363
606
1038
449
-399
-687
-304
240
392
339
308
246
-57
-642
-808
-149
649
873
324
-465
-672
-286
89
-4
-368
-613
-573
-316
-164
-322
-730
-1056
-1138
-963
-478
-60
-1
-405
-1060
-1467
-1534
-1168
-584
-259
-122
-380
-898
-1166
-1176
-887
-485
-242
-179
-284
-415
-333
-104
6
-171
-613
-900
-760
-255
332
488
168
-377
-891
-968
-542
175
623
340
-410
-871
-567
135
655
472
-137
-581
-447
246
871
1224
1090
573
163
100
430
883
1187
1110
729
435
447
657
778
632
444
408
416
457
427
316
30
-266
-257
-50
300
422
144
-317
-564
-390
85
492
451
301
102
-108
-119
126
521
637
439
9
-233
-22
453
807
644
292
11
-61
35
148
361
511
488
221
-128
-165
51
246
307
157
23
73
37
-39
34
179
289
183
-104
-141
-10
49
81
0
-121
-120
46
35
-178
-384
-546
-522
-419
-236
-85
21
-40
-451
-921
-986
-479
76
379
95
-451
-549
-376
-126
-98
-143
30
239
237
-55
-217
-121
170
344
101
-72
24
275
371
41
-260
-248
-41
156
116
-25
-208
-332
-373
-308
-110
-4
-83
-243
-278
-333
-297
-125
-53
-167
-439
-699
-680
-246
259
320
-278
-945
-868
-229
287
328
-52
-414
-450
-381
-364
-104
215
208
-92
-378
-245
57
179
68
-258
-473
-339
-132
-67
37
150
20
-389
-765
-627
-19
418
377
146
19
53
155
261
361
487
519
295
142
365
731
883
630
142
10
315
609
618
387
156
77
167
327
522
583
287
-232
-498
-170
525
1068
1020
412
-173
-300
-47
325
575
670
557
356
133
-100
-74
25
177
168
-77
-206
-168
15
9
-277
-561
-622
-267
170
69
-388
-676
-597
-290
-101
-177
-215
38
221
35
-323
-452
-114
534
880
609
117
-242
-355
-225
-40
166
363
342
59
-307
-453
-375
-262
-242
-325
-366
-303
-230
-227
-376
-615
-739
-703
-384
-14
61
-4
-208
-473
-499
-308
-37
194
323
329
41
-236
-115
208
460
381
95
-47
-76
49
283
484
481
44
-405
-468
-151
381
514
86
-303
-442
-394
-236
-139
-71
-65
-147
-229
-242
-110
27
-66
-314
-467
-402
-42
197
133
-14
-193
-267
-246
-76
167
445
602
365
36
-125
-18
322
602
617
454
310
293
336
363
439
356
233
209
275
522
603
385
94
-60
-9
184
240
288
257
-42
-165
-227
-161
-8
-157
-384
-477
-403
-143
-52
-331
-641
-792
-558
-118
70
99
10
-194
-386
-438
-175
237
434
319
-26
-278
-99
218
350
412
415
268
84
-41
7
206
289
226
2
-185
-172
-143
-24
57
4
-76
-167
-175
-151
-130
-66
-51
-110
-157
-148
-114
-174
-141
57
109
203
308
207
182
174
191
249
295
386
338
242
179
190
366
521
472
246
57
-44
-32
59
157
199
106
13
-160
-425
-486
-323
-197
-239
-368
-465
-330
-212
-212
-265
-411
-331
-105
-71
-221
-299
-169
38
92
-50
-188
-256
-89
66
0
10
91
164
67
-66
-75
-85
15
42
-23
43
107
107
-11
-120
-43
110
147
156
239
103
-145
-253
-137
155
243
93
-166
-334
-244
-135
-118
-256
-351
-194
-194
-286
-221
-91
-58
-242
-441
-471
-238
78
201
85
-18
35
69
56
134
267
341
350
301
297
391
421
402
268
170
270
291
366
426
384
405
244
8
-72
15
192
243
159
68
6
-11
-40
-34
51
136
216
118
-93
-89
14
28
16
-64
-110
-64
2
86
194
184
-7
-87
-93
-16
123
144
110
-25
-83
-59
-107
-47
30
27
-75
-315
-355
-141
-32
-75
-292
-543
-463
-163
-57
-92
-157
-295
-302
-189
-16
66
-72
-143
-153
-60
106
188
229
35
-153
-179
-177
23
256
307
115
-202
-339
-216
61
127
-148
-376
-230
20
49
4
-75
-135
-171
-218
-167
62
356
452
260
9
-156
-195
28
237
368
547
452
193
-40
-137
17
194
208
125
152
222
246
128
-34
-217
-284
-70
118
219
202
-1
-273
-276
-175
-44
177
113
-6
-79
-211
-175
11
121
150
100
40
33
-97
-182
-167
-86
74
89
52
-40
-219
-240
-222
-184
-51
-38
-65
-104
-206
-149
4
15
-84
-122
13
248
335
215
136
189
294
321
215
274
442
466
324
106
115
300
362
335
166
-149
-179
-38
-15
6
-9
-12
-34
-102
-135
-124
-216
-299
-294
-283
-232
-203
-90
-32
-132
-282
-315
-130
80
146
41
-117
-235
-30
159
1
-69
-47
62
99
-14
-155
-116
106
103
1
-90
-225
-260
-145
-23
-34
-59
-78
-172
-230
-218
-167
-30
116
80
6
-59
-108
-9
12
17
95
92
177
303
255
157
68
70
171
224
255
212
198
191
129
79
15
-35
23
160
39
-73
-7
-38
-96
-166
-185
-111
-61
-30
-25
-11
26
31
-34
-206
-257
-106
108
236
181
32
-147
-164
-78
11
85
33
-3
-64
-175
-197
-160
-52
-27
-153
-182
-229
-192
-111
-104
-34
-6
-21
-164
-276
-198
-39
158
215
72
-51
6
121
162
182
159
54
56
145
193
281
189
35
-14
-22
74
263
334
197
120
49
38
99
61
132
149
62
59
50
99
190
246
134
41
56
27
110
129
97
127
118
96
9
-54
-81
-66
26
46
-55
-166
-168
-130
-125
-186
-206
-217
-183
-26
-126
-318
-417
-353
-90
-13
-37
-77
-125
-73
-66
-55
85
149
149
89
-49
-50
33
100
2
-123
-75
-16
4
4
14
-12
-268
-455
-379
-340
-246
-119
-185
-306
-347
-279
-234
-278
-237
-127
-115
-110
-61
-12
173
170
-67
-30
94
101
215
326
355
335
205
147
172
234
324
230
174
319
432
418
286
209
238
279
272
236
306
317
202
149
36
35
231
338
330
150
-64
-65
-22
-4
59
106
139
27
-129
-134
-15
22
-153
-231
-226
-216
-150
-203
-270
-272
-272
-295
-327
-316
-311
-283
-238
-277
-344
-267
-139
-146
-266
-316
-283
-220
-91
-24
45
13
-123
-117
-65
-18
59
164
178
99
94
157
128
97
85
-14
-41
82
245
268
184
57
-22
-23
20
188
266
142
91
49
16
42
3
44
37
85
167
15
-62
-13
20
73
34
-33
-50
-37
38
62
70
57
-2
24
-39
-131
-148
-134
-82
-157
-153
-29
-54
-95
-128
-223
-190
-61
60
98
48
-41
-125
6
103
62
63
99
189
196
188
171
119
165
190
196
212
160
152
208
180
141
103
84
135
127
114
113
189
241
62
-129
-147
-15
140
147
19
-97
-186
-205
-105
8
3
-60
-107
-158
-109
-83
-166
-208
-279
-256
-124
-56
-6
-107
-220
-193
-180
-207
-143
-39
5
22
-139
-224
-175
-123
12
87
73
1
-17
-109
-160
-53
-3
65
60
-62
-62
-41
-140
-135
-121
-149
-90
-77
-108
-57
-21
-54
-7
-22
-139
-143
-75
3
82
71
23
23
-48
-150
-110
35
178
226
161
0
-81
55
103
102
110
48
129
241
207
161
187
182
185
249
299
373
345
247
202
177
185
262
309
209
199
216
160
189
42
-125
-59
72
161
76
-13
-80
-126
-189
-182
-66
-58
-56
-119
-129
-124
-114
-17
-144
-235
-199
-112
53
-41
-225
-328
-363
-280
-241
-179
-62
-14
-38
-46
-87
-179
-182
-178
-99
-51
-27
7
3
65
-20
-111
-86
-66
2
24
39
125
168
202
165
82
-1
-35
28
101
237
182
83
137
35
-47
17
62
74
129
172
131
92
46
-16
-89
-117
-45
28
109
134
24
-55
-128
-185
-234
-263
-207
-148
-78
-53
17
-25
-162
-304
-555
-571
-116
343
378
134
-34
-29
-84
-104
40
137
99
88
177
327
295
35
-141
-190
-169
-21
252
393
292
120
0
-158
-277
-208
-171
-98
145
317
346
236
-18
-378
-656
-374
253
555
470
270
142
-79
-377
-441
-242
-29
133
403
640
471
14
-254
-295
-263
-103
267
576
570
367
121
-177
-452
-450
-247
-1
331
507
517
345
-86
-415
-525
-422
-194
68
307
297
94
-60
-263
-498
-510
-391
-77
288
440
435
244
-73
-404
-541
-357
-26
200
339
369
149
-103
-284
-376
-364
-163
85
142
310
371
141
-155
-360
-343
-209
-5
216
337
262
123
-74
-224
-228
-161
0
106
252
252
153
59
-212
-335
-347
-268
-46
87
97
-18
-188
-197
-208
-266
-169
-53
-8
-21
68
102
-14
-75
-153
-60
105
224
297
193
185
124
-3
-37
-108
-71
46
204
405
308
113
-29
-202
-254
-147
168
283
116
89
-13
-157
-98
-40
-13
7
42
183
230
164
163
62
-116
-120
-38
16
98
151
168
186
67
-73
-96
-107
-28
75
186
276
139
-89
-175
-173
-151
-40
-40
-53
78
176
152
26
-92
-196
-195
-90
14
87
100
43
-23
-99
-168
-121
-92
-23
69
141
173
65
28
-41
-69
-50
-22
150
157
91
42
-61
-119
-203
-196
-77
-35
-16
8
-8
-84
-160
-277
-339
-244
-89
23
46
-26
-125
-157
-238
-204
-106
-76
-12
86
223
152
9
-20
-70
-142
-126
11
188
298
191
103
92
10
52
36
3
156
223
213
186
111
53
-42
-155
-158
21
178
240
224
74
13
-1
-19
27
47
39
75
109
109
49
-41
-123
-207
-229
-139
16
139
158
46
-25
-70
-95
-40
-105
-133
-67
2
7
-75
-23
-48
-146
-118
-63
16
-88
-228
-220
-112
57
59
-56
-134
-124
-83
-24
0
56
106
41
163
249
123
79
81
139
137
149
278
287
200
51
-2
58
171
202
193
183
63
75
11
-103
-144
-230
-84
57
71
164
88
60
1
-166
-140
-113
-32
51
64
89
-63
-207
-215
-237
-174
-144
-132
53
121
18
-72
-236
-368
-323
-250
-147
29
55
36
33
-44
-74
-120
-115
18
78
132
228
215
208
66
-103
-76
-73
-4
147
260
335
199
-39
-79
-135
-215
-28
85
162
264
153
74
-33
-171
-237
-257
-128
113
248
202
51
-64
-198
-384
-315
-148
9
115
120
40
-115
-146
-162
-202
-107
38
77
135
177
103
0
-59
-83
-104
-29
84
178
165
2
-152
-182
-175
-148
-29
18
49
55
5
-2
-8
-7
25
83
73
147
252
164
63
78
124
93
112
139
158
246
158
46
45
-26
-59
-56
-27
7
-29
-73
-72
-58
7
64
31
-4
-124
-188
-107
-66
-4
3
-25
11
-91
-82
4
-64
-6
11
16
116
94
19
-101
-174
-80
9
-14
-46
27
55
0
39
87
17
-60
-69
-56
19
112
31
-90
-128
-132
-83
-55
27
100
28
19
8
-82
-125
-58
37
81
142
162
89
-8
-48
-8
28
45
100
89
79
44
14
38
-42
-12
-37
-59
24
-38
-64
-90
-81
-69
-119
-85
69
139
67
16
-80
-149
-172
-116
18
41
-8
-21
-37
-24
-27
-145
-150
-89
-137
-135
7
93
104
93
26
-45
-80
-25
44
123
92
97
163
112
31
-35
-70
-78
-20
22
40
46
39
28
30
-1
-65
48
28
-43
91
156
142
34
-31
16
24
-19
42
173
99
8
0
-64
-16
-13
-80
-66
-152
-125
-47
-34
52
44
0
-54
-47
33
94
100
121
192
109
87
67
-43
-12
74
136
124
112
120
65
-24
-53
-6
19
29
-49
-78
-3
10
-2
-71
-75
-146
-106
72
99
46
-104
-161
-239
-263
-194
-154
-27
-51
-68
-74
-178
-181
-148
-144
-60
89
87
37
-37
-61
-68
-159
-105
-54
35
177
117
80
40
-55
-159
-199
-40
65
195
214
21
-34
-101
-156
-36
66
140
190
121
112
118
30
27
42
63
181
199
146
178
110
8
24
19
57
138
87
45
40
-58
-57
2
-45
-66
-21
-24
-13
-9
-70
-120
-153
-115
8
60
27
22
-19
-132
-152
-88
-72
-11
-1
-19
28
23
3
-77
-103
-22
17
46
56
95
104
79
104
-15
-56
56
13
37
7
2
58
10
84
97
78
62
-15
-6
81
116
48
18
60
77
45
-13
-67
-55
-22
42
33
-78
-50
-78
-114
-8
-18
-86
-114
-85
-32
-65
-40
-24
-142
-235
-248
-185
-78
-28
-21
25
13
35
18
-82
-23
-23
-38
-10
-10
68
52
6
25
17
16
46
97
113
106
127
79
46
69
0
-14
13
27
78
88
45
12
-25
-16
19
-25
-23
-44
-59
-36
1
66
-30
-62
13
-11
-7
23
-11
-37
-95
-50
86
28
22
21
-33
-67
-180
-98
-6
-2
50
20
40
-10
-65
-36
-86
3
73
23
65
168
143
63
89
-3
-72
1
7
100
139
88
75
8
8
-28
21
125
87
74
132
142
2
-33
5
-27
29
40
14
-5
-68
-45
-73
-80
-45
-121
-107
-73
-108
-116
-149
-108
-98
-155
-65
-48
-20
10
-53
-31
-67
-39
30
11
19
12
-38
-64
-49
-2
50
23
5
81
84
58
-6
-85
-64
-6
98
119
49
25
57
4
-85
-14
-19
-105
-38
87
50
-3
-3
-62
-26
51
90
132
134
108
39
-65
-37
43
23
88
106
71
99
36
18
-28
-56
-63
-75
54
38
-25
-39
-96
-147
-196
-141
-64
-47
25
44
10
-36
-160
-175
-173
-26
145
122
141
79
47
4
-125
-137
-84
39
86
71
109
57
-6
-78
-114
-39
2
111
203
206
170
66
-8
-61
15
121
129
84
15
22
79
40
-77
-117
-53
-6
43
115
48
-34
-33
-33
-40
-15
18
54
84
47
29
-1
-94
-112
-17
-1
-40
-2
-7
-8
-78
-179
-170
-109
-54
-33
61
61
-44
-47
-106
-162
-115
-103
-93
2
100
74
82
14
-71
-46
-48
54
119
176
183
80
23
-51
-98
-26
8
73
126
71
36
-33
-23
-40
-89
-13
38
96
87
33
-52
-152
-145
-177
-162
-101
-11
94
95
42
-50
-119
-179
-153
-34
53
45
-4
-27
-96
-137
-134
-47
17
35
56
32
37
16
33
38
86
183
116
130
164
59
36
-21
-61
36
78
151
166
81
92
72
63
55
15
98
139
184
212
124
53
6
82
125
72
66
8
-12
58
42
53
67
-21
-105
-165
-121
-81
-98
-152
-158
-84
-114
-167
-158
-176
-195
-171
-154
-163
-154
-161
-192
-167
-138
-150
-88
-53
-90
-19
29
-21
-18
-47
-20
76
33
80
143
140
126
113
96
84
202
143
82
118
101
98
30
115
133
71
83
54
47
32
65
18
-25
-3
-34
-11
-13
3
-7
-12
-4
-116
-85
-62
-44
-40
-112
-25
-50
-27
-14
-109
-2
-42
-85
-61
-131
-76
-104
-63
69
29
-10
-12
2
3
-7
52
105
47
56
21
-57
2
3
52
116
124
149
120
102
52
29
54
80
154
219
224
147
95
-3
-29
56
122
170
157
143
66
0
-49
-147
-117
-31
-54
-65
-34
-100
-149
-198
-259
-271
-201
-122
-141
-71
-68
-155
-207
-268
-199
-138
-135
-46
-20
-96
-167
-177
-180
-210
-163
-34
47
42
73
31
-20
9
-11
55
139
187
299
277
236
187
96
197
175
210
295
241
287
152
56
88
23
37
112
156
170
153
97
50
53
15
-51
6
36
-15
81
72
-62
-22
-14
-59
-17
-28
-61
-78
-138
-106
-61
-113
-157
-111
-79
-117
-78
-95
-135
-100
-105
-82
-57
-66
-131
-184
-146
-133
-175
-186
-132
-78
-12
-6
-99
-86
-103
-143
-62
26
67
68
86
62
28
52
101
64
37
137
153
162
176
89
88
118
94
75
148
194
118
57
41
-1
-45
-61
-73
-28
-42
-9
51
13
-24
-86
-98
-120
-100
-59
-42
23
-6
-69
-111
-179
-143
-29
0
19
35
36
65
-1
-20
18
-29
35
97
93
183
201
104
66
41
52
126
105
95
130
95
32
15
-6
-39
14
69
35
47
65
61
8
-92
-61
-97
-148
-49
-21
0
-33
-97
-61
-88
-146
-101
-42
-13
13
-32
-112
-188
-222
-160
-147
-116
-47
-80
-55
-9
-13
3
-33
-78
-95
-90
-81
-75
-67
-70
-16
18
29
75
51
61
138
114
82
150
178
186
142
69
60
82
129
93
78
151
150
105
54
47
105
112
72
109
110
47
19
-11
8
-9
-50
-20
-71
-121
-96
-140
-144
-60
-94
-118
-54
-27
-73
-140
-103
-82
-80
-74
-108
-39
5
-46
-35
-40
-67
-44
-11
-43
-28
26
12
83
86
13
45
48
108
143
102
103
32
-1
10
8
116
170
147
127
70
103
45
-12
55
18
50
89
77
57
-23
-59
-69
-84
-99
-81
-59
-41
-91
-189
-189
-201
-253
-225
-218
-229
-154
-200
-224
-203
-287
-199
-160
-211
-158
-102
-42
16
78
53
16
46
60
53
136
181
157
191
132
128
125
94
166
208
281
260
231
298
253
164
111
100
84
83
124
156
183
143
97
9
3
35
-21
33
41
85
119
31
13
4
-1
-4
-1
1
17
-4
-65
-69
-127
-126
-106
-102
-24
-10
-64
-137
-145
-163
-176
-171
-235
-192
-95
-191
-259
-171
-153
-168
-189
-162
-179
-247
-218
-214
-129
-112
-75
18
-55
5
0
-70
-5
-36
33
122
156
153
98
146
94
32
75
74
97
166
176
207
230
235
181
125
158
167
123
125
170
113
65
-5
23
111
31
73
77
24
54
-53
-50
-23
-74
-13
-61
-56
-19
-129
-98
-36
-68
-35
-14
12
21
-1
44
-58
-125
-17
42
71
9
8
4
-41
-6
-9
52
103
74
75
106
46
-30
-31
-40
35
109
43
19
-35
-57
28
6
-36
-19
40
24
0
20
-49
-59
-6
-28
1
73
27
-10
17
-43
-124
-117
-181
-162
-98
-139
-78
-172
-175
-131
-225
-187
-230
-262
-236
-174
-105
-124
-98
-85
-92
-49
-57
-65
-48
-74
-26
40
65
40
28
127
171
172
99
82
190
174
213
281
203
174
178
179
235
229
206
236
251
199
180
189
107
57
94
110
67
45
8
-20
14
37
65
22
-26
43
13
-78
-75
-78
-48
-36
0
28
-42
-51
-75
-115
-106
-113
-97
-107
-83
-36
-64
-97
-79
-2
-29
-37
-24
-49
-24
-88
-60
9
-21
-13
-19
-21
-2
-25
-45
32
58
2
42
32
25
36
-29
-45
-1
38
35
35
32
21
5
4
-62
-92
31
-36
-29
44
-51
-3
-51
-155
-109
-113
-120
-62
-98
-111
-114
-179
-164
-147
-206
-172
-28
-59
-80
-8
11
-26
-36
-42
-79
12
51
55
42
29
143
127
151
236
180
200
244
245
188
132
225
223
172
190
133
95
174
154
96
136
120
81
51
79
121
106
139
117
35
15
-2
-57
-80
-89
-53
15
-13
-51
-41
-60
-56
-123
-144
-70
-136
-111
-51
-130
-178
-183
-177
-171
-140
-69
-76
-76
-86
-142
-180
-187
-108
-111
-141
-58
-53
-79
-46
-18
-98
-146
-26
-34
-41
-19
-25
13
-16
3
-23
-36
68
130
105
87
103
42
59
63
121
189
61
89
52
-24
59
52
71
61
46
123
102
43
-17
-51
68
57
14
70
59
112
85
30
-8
-62
-36
-8
18
39
31
-39
-59
-30
-63
-54
-14
8
29
31
21
50
43
6
31
42
61
47
31
10
37
115
42
23
40
56
44
-34
21
-9
-23
33
-44
19
129
105
33
25
0
-47
-34
-42
-36
-71
-13
-18
-82
-28
-19
14
-40
-73
-57
-62
-66
-180
-192
-105
-51
-124
-166
-86
-108
-53
-49
-116
-56
-87
-92
-56
-38
35
14
-21
17
-20
3
64
21
47
31
10
100
87
62
142
145
99
139
184
118
70
105
142
150
132
126
102
166
162
72
93
-5
-43
15
-45
-4
26
-63
-101
-62
-43
-114
-77
-8
-84
-96
-13
44
4
-83
-63
-25
-86
-159
-171
-123
-74
-47
-50
-93
-59
15
-2
-13
5
11
12
-65
-79
-9
-9
-19
-36
13
79
-14
-71
-5
59
8
-74
-73
-27
21
0
-1
-15
-15
42
69
78
55
83
49
-6
-22
8
73
-4
11
32
35
86
-30
-82
-13
14
0
1
-19
-65
-64
1
-60
-141
-87
-61
-12
-69
-52
43
-17
-70
-114
-95
-76
-71
6
18
1
-1
28
45
38
67
97
91
111
159
120
107
101
121
157
144
147
126
90
57
64
97
69
0
44
90
114
149
92
68
35
47
71
65
-8
-48
29
-23
9
11
-48
-14
-28
-5
-51
-75
-18
-84
-84
-16
-111
-148
-127
-157
-121
-78
-42
-44
-84
-92
-120
-151
-150
-142
-107
-139
-121
-52
-67
-74
-114
-88
-111
-147
-93
-68
-21
-22
-17
7
-27
-46
26
59
44
37
109
165
27
9
63
58
116
30
-28
45
36
35
38
115
116
60
153
157
86
71
46
4
-20
-85
0
68
-23
20
-12
-35
-7
-82
-54
-37
-68
-8
-28
-40
-18
-43
-24
-35
-4
12
-67
-38
50
-3
-77
-2
27
-83
-65
-5
21
119
40
-22
64
30
-18
31
30
33
49
57
139
153
90
76
56
17
98
82
-6
138
156
72
57
14
38
21
-45
11
82
20
-29
-88
-45
18
-64
-21
9
-9
-42
-78
-50
-112
-207
-194
-108
-82
-89
-40
-34
-66
-18
-32
-79
-73
-84
-22
-33
-57
-54
-68
-8
8
7
77
119
78
25
35
25
7
8
-62
-11
27
39
77
-19
-25
9
18
-26
-82
2
20
8
2
-33
21
-6
-43
3
22
28
20
-37
-25
-2
-26
15
-22
-41
25
13
10
54
24
30
59
8
13
-11
-15
43
37
10
64
77
17
50
21
47
129
47
22
107
93
68
57
22
22
14
23
58
48
18
54
43
-22
-2
6
-9
16
25
20
-7
-13
-8
-52
-31
6
-75
-103
-81
-99
-83
-83
-109
-176
-123
-64
-176
-159
-83
-113
-162
-173
-152
-141
-122
-128
-73
-30
-68
-71
-114
-62
16
-48
-38
-25
-25
32
38
0
29
99
54
78
110
104
106
103
164
181
149
167
215
166
176
200
112
107
102
87
147
164
158
115
98
134
110
41
0
18
23
5
26
41
22
23
-3
-40
-75
-75
-73
-4
36
-44
17
10
-67
-73
-91
-45
-96
-98
-91
-86
-57
-118
-62
-66
-81
-46
-76
-90
-89
-46
-77
-91
-44
-92
-61
10
22
37
15
-8
16
-6
-75
-38
4
-26
37
105
80
85
54
83
125
14
25
44
16
37
21
31
7
32
76
30
50
51
2
9
-21
-71
-57
-39
-49
-62
-12
-19
-87
-6
5
-80
-62
-62
-52
-61
-79
10
11
-45
-27
-9
1
-72
-61
28
-12
19
48
34
59
50
74
112
98
68
47
37
54
86
23
-27
68
93
82
63
88
118
60
71
45
37
-68
-96
30
-22
-34
-42
-71
-50
-44
-23
-58
-68
-24
-3
5
-55
-87
-74
-152
-152
-83
-72
-46
-41
-34
-39
-47
-8
-80
-124
-40
17
-24
-74
-62
-48
-28
-18
0
19
-37
-10
81
16
-4
49
-8
19
68
65
125
68
126
166
72
107
60
87
90
50
82
77
64
22
41
38
109
118
25
60
65
4
-52
-6
-35
-99
-30
-15
11
-33
-99
-36
-54
-126
-100
-50
-21
-44
-129
-78
-48
-101
-111
-137
-129
-140
-35
-20
-137
-47
54
89
6
5
61
-20
54
51
44
79
-22
18
50
7
67
107
44
83
79
75
76
-34
75
60
24
104
71
82
73
79
82
48
41
65
27
-59
-18
-19
-85
-55
-49
-65
-24
-15
3
0
-9
-22
-60
-65
-60
-18
-68
-120
-80
-64
27
-62
-143
-33
-29
15
-42
-88
-47
-37
-44
-122
-81
24
2
-17
65
82
39
-22
-59
10
50
48
37
46
119
132
67
74
82
58
106
57
19
53
41
74
104
85
50
67
86
61
52
51
18
36
3
-72
-41
-57
-99
-118
-96
-37
-38
-78
-65
-34
-36
-43
-98
-101
-72
-51
-73
-137
-59
-79
-137
-98
-99
-88
-110
-57
-37
-96
-21
4
-1
9
-53
25
62
3
69
49
22
101
96
52
55
89
115
74
13
90
129
89
111
128
189
131
75
132
78
104
116
90
108
57
68
45
9
-20
-90
-24
3
-51
-32
19
-23
-44
17
-71
-98
-79
-112
-69
-113
-145
-115
-109
-112
-81
-45
-33
-24
-54
-16
-29
-76
-49
-88
-83
-34
-27
5
14
9
43
-3
3
63
-7
-8
65
50
36
3
19
96
4
-44
94
113
96
92
26
74
107
109
4
-32
81
50
36
51
39
-1
-52
-21
-38
-45
-39
-23
16
-5
41
15
-55
-46
-79
-125
-75
-14
-82
-92
-59
-45
14
-58
-61
-27
-56
48
33
-24
53
68
62
31
7
91
47
18
82
40
51
78
72
44
-24
0
9
0
18
-34
-16
0
33
39
-27
35
-27
-32
22
-34
-5
-42
-31
0
-93
-49
-49
-136
-93
-112
-79
-11
-21
-39
-67
-44
-74
-95
-78
-99
-54
-69
-33
-3
-44
22
-32
-84
-42
-41
-7
-37
-49
31
38
54
78
21
52
60
29
104
94
90
126
88
86
129
133
83
101
109
87
116
160
138
56
95
179
75
-32
95
60
-20
39
36
98
16
-19
61
-26
-54
-65
-48
-8
-53
-114
-84
-41
-81
-116
-129
-132
-132
-88
-83
-104
-99
-90
-69
-98
-81
-40
-89
-111
-99
-64
-40
-67
-99
-130
-98
-61
-38
-16
-62
1
110
69
72
73
-8
-2
50
34
38
54
29
93
112
86
98
55
97
82
27
115
97
40
75
66
22
-56
-2
71
35
37
53
112
98
11
-27
-17
-71
-112
-58
-6
10
-44
-26
60
18
-55
-7
-60
-105
-47
-51
-14
-42
-58
-17
-39
-13
18
-42
-62
-6
26
27
18
74
41
-1
51
80
74
45
37
27
36
30
36
59
39
45
76
60
49
41
-25
4
47
43
19
-15
17
27
-25
-56
-9
-73
-103
-120
-169
-82
-106
-149
-131
-103
-30
-99
-89
-81
-113
-34
-96
-118
-80
-29
-46
-56
24
-64
-71
-9
-84
-93
-92
-55
-15
-36
27
48
0
31
31
38
38
22
108
102
93
96
108
152
61
100
153
71
99
76
57
93
54
82
86
80
121
130
143
118
123
141
104
47
61
68
-4
-20
20
49
-15
-43
-8
5
-11
-60
-36
-37
-22
-41
-97
-59
-80
-81
-64
-84
-71
-61
-11
-6
-37
-29
-29
-15
-28
-36
-58
-21
-26
-80
0
-12
10
2
-65
-17
-38
-41
-17
-70
-74
-18
-21
-36
-39
-43
9
-29
-78
9
-41
-32
-20
-76
48
24
-21
-67
-92
-51
-170
-132
-43
-31
-41
-98
18
82
2
14
-46
-31
38
-63
-33
7
-23
39
23
-14
55
98
43
56
76
61
74
91
100
18
40
117
119
188
136
53
105
154
157
146
107
82
119
99
101
90
17
54
80
59
124
119
59
34
6
30
-7
-22
-27
-101
-31
1
-78
-76
-96
-110
-82
-120
-142
-107
-40
-33
-138
-147
-91
-132
-159
-135
-140
-164
-126
-124
-108
-111
-165
-88
-101
-101
-58
-69
-91
-98
-10
-2
-22
-35
-19
-8
5
57
68
50
19
62
86
37
25
45
119
146
99
90
108
139
96
97
153
35
37
174
116
71
118
64
47
71
14
-7
47
62
42
81
81
66
30
-15
-28
-12
12
-46
-58
-24
-51
-114
-93
-9
-13
-97
-92
-14
-3
-55
-66
-12
-28
-108
-123
-11
37
-70
-99
-42
-8
-36
-91
-122
-97
-18
13
-52
-41
84
19
-48
40
73
59
52
39
35
39
20
-13
-37
-42
-57
-58
-4
27
67
149
62
-7
91
77
3
-52
-60
-4
-15
21
43
-18
11
6
0
44
-6
13
-13
-53
22
21
73
10
-102
-13
-10
15
4
-36
22
-15
54
72
31
40
0
28
16
8
7
-52
-66
-1
66
58
16
4
66
37
-17
24
-75
-88
-41
-90
-27
0
30
-12
-70
52
25
-27
-21
-83
-14
7
-55
-44
-62
-50
-32
-81
-94
-29
-36
-57
-18
-50
-65
13
18
-27
12
-20
2
87
27
-6
-28
41
120
46
16
12
38
37
63
150
100
98
125
123
141
122
87
43
56
86
107
70
92
122
53
85
101
23
-11
-16
-16
-55
21
41
-63
0
-25
-26
52
-8
-67
3
-29
-167
-116
-116
-150
-150
-142
-123
-131
-123
-153
-89
-86
-143
-134
-97
-76
-109
-70
-43
-37
-45
-63
-79
-85
-91
-122
-102
-83
-16
-2
-20
26
81
117
86
57
95
83
101
150
111
92
93
138
158
112
137
120
111
157
71
62
90
99
136
58
122
133
21
124
118
47
68
-5
-12
-18
-11
18
-42
-51
-94
-61
-33
-115
-143
-83
-38
-25
-5
-65
-60
-117
-115
-43
-88
-87
-121
-106
-72
-56
1
-41
-110
-114
-112
-104
-121
-142
-76
-17
-6
-13
-23
-45
-94
-11
-34
-64
32
-52
-17
34
29
125
26
16
94
23
56
34
52
121
35
28
29
15
106
135
86
79
95
158
90
27
74
63
111
42
-4
10
-6
31
-9
-8
27
-10
-27
-32
10
56
-27
-53
-95
-126
-46
-78
-106
-71
15
19
-63
-2
-20
-36
8
-50
-78
-40
-52
-62
39
52
35
92
52
7
-33
-67
34
14
-40
9
-52
-82
-73
-73
7
13
-41
-4
22
37
29
60
20
-66
14
9
-18
-16
-26
18
23
47
-2
-72
-58
28
105
91
72
29
22
30
22
-14
-28
-20
-3
65
-8
-41
87
78
23
11
-23
-35
-24
-26
-41
0
29
20
0
42
70
-15
-9
-1
30
27
-32
-25
-16
41
51
37
28
6
58
103
73
60
41
48
96
28
6
-2
-59
48
21
-54
-5
-66
-50
-35
-75
-64
-89
-74
-9
-27
-77
-61
-37
-20
-15
-73
-100
-50
-73
-89
-58
-64
-17
0
-14
18
-5
-45
-13
-25
-18
25
-11
14
35
19
63
34
-21
5
48
55
20
3
73
90
35
17
-55
-73
-34
14
20
-22
7
29
43
38
16
-12
-15
42
39
8
-16
0
-3
-29
-8
-43
-9
9
-13
18
12
-13
11
-3
-17
12
-14
59
69
-6
-47
-35
25
-8
-56
-23
37
30
23
3
20
11
-2
34
-23
-55
-4
44
50
52
53
110
99
36
70
13
-31
26
50
70
90
12
-30
71
102
8
-57
-51
-39
-60
-32
-39
-62
-16
-33
-12
-22
-75
-38
-43
-51
6
-39
-67
-34
-119
-119
-62
-50
-23
-10
-37
-64
-4
12
-29
-82
-51
-8
-44
11
-13
-37
16
38
33
-23
-19
-43
-35
47
60
79
67
6
-44
-67
-22
-8
-23
17
74
62
66
83
0
-14
36
58
89
67
-7
73
140
57
25
63
77
45
43
38
58
40
-32
16
1
-22
46
30
53
117
97
21
-6
-46
-55
-9
-43
-110
-100
59
54
3
68
32
37
42
26
-2
-54
-61
-26
13
-62
-49
18
-52
-6
7
-40
63
7
-71
-47
-64
-12
-96
-177
-94
-100
-77
-20
-6
32
-29
-58
-51
-124
-74
-83
-132
-85
-89
-127
-157
-111
-34
-78
-84
-20
-28
19
43
-1
-40
15
83
70
103
11
3
117
24
-14
34
-5
-13
12
58
136
102
82
55
17
91
93
33
6
93
129
111
111
87
104
99
74
96
60
5
81
83
29
-17
-15
13
49
65
-36
26
77
18
-2
-23
28
-11
-53
31
19
5
-20
-67
-73
-87
-10
-81
-158
-66
-61
-56
-61
-72
-61
-61
-68
-67
-36
-49
-12
-16
-52
-15
-41
12
87
5
-56
39
84
-32
-40
12
27
16
-4
12
46
48
16
56
34
7
52
-32
-9
43
-42
-14
-3
-23
-20
-25
-62
-39
-15
-74
-70
-89
-79
-63
-93
-18
19
-24
0
3
-3
25
0
18
-17
-66
-13
8
-12
-56
-39
28
51
-53
-65
52
22
-11
21
95
109
-1
17
113
51
37
111
90
85
76
31
-24
39
54
3
112
74
75
181
112
62
75
41
24
-8
22
47
-18
52
80
12
29
29
-31
-11
48
-6
0
18
-44
-9
-33
-108
-131
-103
-78
-129
-75
-102
-127
-48
-76
-37
-41
-84
-31
-3
-32
-47
-48
-84
-78
-49
-47
-40
0
6
-18
-48
4
41
-10
-27
-20
58
39
-31
-13
0
-20
-18
30
38
56
55
24
84
89
29
61
0
-87
23
44
3
17
-28
47
56
1
21
40
56
31
26
-32
-20
15
42
87
31
26
71
118
73
-37
-80
-34
61
8
-17
31
-38
0
-12
-24
7
-84
-24
1
15
42
-15
33
32
-25
-18
9
7
-24
-26
7
25
9
24
-23
-85
-31
9
37
13
-29
-11
11
12
-95
-131
-32
18
32
4
-26
-29
-29
-21
-76
-69
-66
-83
-30
-45
-25
-71
-71
-16
-64
-87
-88
-91
16
50
-24
60
24
-20
16
-22
-5
1
66
42
28
119
19
3
89
44
50
26
-6
88
87
47
68
54
91
104
65
66
33
21
-2
8
11
-32
40
17
-7
62
10
-9
-7
-14
92
65
-17
3
-83
-16
58
-40
9
2
-37
-10
-44
-57
-29
5
0
31
-25
-117
-32
15
-39
-127
-55
-41
-164
-80
-22
9
19
-76
-52
-34
-67
-100
-100
20
82
95
72
17
-8
-3
71
52
22
32
2
-40
-62
24
45
34
94
95
43
-39
-9
82
28
-7
-18
-25
45
11
-37
-10
-8
26
30
-20
-76
-74
-10
-42
-69
-37
-89
-115
-43
43
36
10
56
17
-50
5
-17
-55
-7
-39
29
31
-68
4
-10
-71
27
80
43
32
27
9
9
21
-50
23
83
-3
56
-9
-2
65
2
45
-2
-16
23
52
57
54
123
86
63
47
110
73
-2
97
5
-17
87
98
53
-33
-17
17
16
-16
-72
-83
-75
-33
-6
-10
10
-78
-108
-47
-95
-51
-69
-106
-84
-80
-22
-99
-138
-85
-38
5
-8
-51
-45
-2
-14
-18
32
1
-16
44
-12
-18
65
6
-26
9
-35
-9
19
2
46
67
61
12
-78
-21
88
67
20
33
125
111
42
59
-8
-38
35
0
20
7
-9
83
74
68
40
38
74
48
28
10
20
66
38
17
28
-2
54
60
30
62
2
-64
-86
-39
3
-24
-16
-21
-64
-87
-73
-88
-82
-39
-12
3
1
50
75
3
0
81
-8
-44
12
-10
41
12
37
37
-64
-27
-46
-40
-23
-6
65
-2
-81
-87
-100
-38
-32
-96
-30
-23
-84
-56
-55
-51
-25
-35
-65
-62
7
-51
-81
-8
-50
1
-6
-72
-15
-39
-42
105
119
60
79
32
41
33
46
78
7
33
42
44
59
-7
33
57
30
10
33
64
6
38
97
39
13
41
72
99
6
22
89
65
25
-29
6
61
98
69
43
100
64
-6
26
31
-2
0
-24
-60
-8
-31
-95
-80
-65
15
26
-82
-123
-95
-119
-137
-164
-128
-62
-53
30
0
-18
-7
-63
-76
-119
-52
31
-33
-32
10
-12
-18
-50
-31
3
-22
79
86
-2
64
11
-4
28
-3
74
81
39
0
-5
-45
-1
119
-4
-80
-23
0
9
-1
-5
-10
-5
-10
43
32
-38
46
30
-11
44
15
29
19
-33
-42
-20
79
114
47
-16
-16
8
16
-10
-47
-73
-49
-43
-39
53
81
-5
-100
-50
57
39
-16
24
24
-53
-42
42
78
35
9
49
84
73
98
54
-29
8
68
28
-44
3
76
55
54
73
61
49
71
31
16
65
17
21
55
36
-10
-14
-32
-99
-43
-22
4
54
-37
-143
-96
-27
-83
-65
-18
-15
-46
-56
-14
-42
-82
-177
-192
-64
7
29
23
-47
-66
-4
-17
-18
-39
-110
-96
-97
-48
39
29
-13
6
31
-9
7
13
7
1
-49
-46
-15
37
51
66
58
-37
-68
-1
86
98
16
-27
49
21
-25
39
28
50
-2
-24
-1
-35
9
6
93
42
-58
16
-51
-80
-110
-122
-14
-14
-23
8
22
-4
-53
-1
58
22
-8
-27
0
-10
-18
20
33
111
4
-77
-8
11
29
21
66
42
6
52
-1
51
100
85
157
57
63
112
26
55
105
73
-6
-4
-29
8
71
-10
27
72
28
-27
-40
-38
-43
60
19
-100
-115
-70
28
11
-42
-18
-20
-51
-36
-47
-2
76
76
94
21
-8
29
39
80
19
26
87
35
-52
-98
-116
-88
4
35
60
8
-67
-27
-3
-4
29
48
-33
-21
20
-27
11
11
43
-3
-66
4
-10
22
-31
-70
-10
-84
-3
18
-64
17
-15
-17
46
44
84
69
89
97
7
12
6
-29
-10
-28
-38
-51
-111
-41
6
-15
21
-10
-20
-19
5
15
-47
-38
-18
-31
-3
27
-22
-28
-21
-69
-65
-20
14
26
-35
-91
-3
43
-30
-136
-112
-11
-41
-40
-2
-9
21
34
30
54
61
48
0
-60
-124
-66
-6
-9
37
-33
-57
18
46
68
16
-46
-4
86
35
-35
25
19
14
51
-16
32
57
28
122
52
-6
30
-20
-52
-75
2
39
-67
-43
0
-29
-59
-37
12
22
38
6
7
-9
-26
13
-45
-11
46
-2
56
112
107
152
125
93
141
136
159
88
17
73
19
31
42
-14
-5
-21
-13
39
40
-10
43
118
106
93
-18
-73
-34
-84
-88
-97
-123
-55
-13
16
17
-26
-41
-32
-10
-107
-92
-9
-57
-17
-29
-96
-75
-74
-98
-85
-87
-27
29
20
-5
-7
72
42
-8
-35
-77
22
83
3
-59
-57
5
36
-21
-1
35
-38
6
52
-62
-67
16
37
-14
-12
39
53
98
68
83
173
136
81
62
67
6
-54
9
-9
-12
96
105
68
49
39
65
7
-21
15
19
16
-44
-8
50
27
20
-26
-45
-16
-23
-10
24
-20
-47
-18
5
38
14
-12
-27
-51
-7
-74
-134
-64
-81
8
36
-80
14
24
-83
-40
-40
-112
-76
-27
-42
-64
-136
-133
-96
-92
-17
-51
-80
-91
-90
-38
-82
-118
-148
-84
-30
-48
15
-38
-67
-2
33
34
32
111
61
32
116
118
71
35
3
4
42
3
31
28
-2
37
-5
2
24
101
128
59
83
40
29
-9
-24
60
43
59
90
76
102
121
49
-39
27
58
59
118
12
-26
59
7
-17
67
61
86
103
33
12
-29
8
29
-55
-27
2
-1
18
3
29
15
-42
-18
24
27
30
-1
-42
-62
-85
-47
-90
-123
-61
-9
2
-31
71
141
54
23
5
7
-29
-89
-33
26
23
-64
-51
-1
-24
-2
-52
-50
23
-4
-7
67
26
-24
12
35
61
45
4
42
84
20
-12
-31
-65
0
6
-33
-49
-8
73
44
66
87
-53
-64
-25
-34
58
16
-34
-6
-77
-113
-131
-128
-67
-66
-100
-95
-99
-109
-87
-57
-1
10
-29
-44
-54
-13
3
-97
-115
-11
19
24
42
50
78
38
0
79
116
61
79
35
16
64
39
39
21
76
50
-34
-31
-14
80
52
-7
1
-27
-28
10
41
25
5
22
59
1
-19
46
53
16
22
59
47
59
39
62
57
37
68
-12
-28
-1
-32
-25
-81
-37
0
-94
-60
15
43
1
-36
-65
-66
4
20
-10
-58
-109
-33
50
-5
-53
-62
-33
-40
-35
4
24
80
59
26
18
-9
-4
-50
-15
-20
-127
-121
-82
-41
-64
-52
-10
-42
-52
-76
-35
-21
-49
-3
-32
5
63
-21
-31
-1
-9
30
-15
-51
69
91
91
125
78
54
65
100
23
24
104
40
27
30
58
41
79
181
146
97
19
40
93
49
68
18
-38
18
34
30
43
15
-64
-107
2
40
-14
5
-95
-78
27
-100
-143
-21
49
13
-8
-11
-33
-79
-65
-29
-37
-48
-101
-133
-102
-65
-101
-71
-43
-73
-72
-52
-38
-72
-45
-9
0
13
-75
-40
139
89
28
12
-7
77
58
40
45
0
1
20
104
117
45
27
-25
36
71
46
71
8
-13
4
31
78
54
53
33
-24
-32
-1
77
39
-3
-41
-104
-42
-26
-41
-37
-96
-111
-59
-72
-115
-57
-33
-28
24
-16
6
32
-28
-13
25
3
-7
31
13
-33
-124
-103
-32
-15
45
-15
-31
2
76
166
108
84
15
1
39
66
102
73
43
-2
-26
18
22
18
19
-26
48
39
-13
18
32
8
-57
-35
-39
7
43
-29
-21
-23
-27
21
-6
4
46
-91
-122
-35
-62
-28
25
-23
-52
-92
-69
55
-9
-20
81
-19
-46
63
28
7
81
49
2
8
-22
-39
2
-24
-57
-5
-16
-17
73
60
1
-4
-20
-13
16
9
-11
20
79
82
35
38
53
-19
-44
16
-13
-16
65
75
100
111
37
6
14
-33
-55
14
41
-2
-65
-53
21
-55
-98
-49
-80
-3
38
-15
-10
-72
-79
-26
-12
11
14
32
50
-21
0
49
28
111
40
-41
11
25
99
19
29
84
45
127
80
49
35
71
132
-21
-65
-6
-61
-48
-20
-49
-68
-105
-124
-55
-22
-116
-112
-56
-90
-77
-91
-116
-23
-34
-44
-7
-67
-35
-2
-91
-87
-8
10
-34
-67
13
-3
-36
-1
-34
5
-4
-110
-78
37
75
-58
-28
47
0
55
-12
18
80
76
113
81
64
1
19
64
53
93
103
86
77
76
74
87
72
24
49
35
68
118
35
31
87
49
65
39
-52
-41
-21
11
-9
-8
-6
-98
-99
-86
-93
-104
-134
-108
-97
-122
-126
-75
5
-20
-119
-122
-70
-82
-158
-10
72
-19
30
51
55
-25
-36
35
-33
-15
42
19
37
34
17
93
86
15
17
25
56
29
-28
-22
33
59
1
11
17
45
67
0
17
73
87
6
7
37
-7
16
16
28
83
-10
-27
99
25
26
55
11
61
8
-16
-23
-9
0
-34
-9
-96
-130
-31
-4
-23
-101
-159
-91
-70
-172
-135
-74
-96
-42
-89
-110
-35
-32
-78
-57
31
49
121
156
65
57
82
125
99
22
81
64
-25
7
12
-1
50
22
15
63
-2
-42
-11
-12
-56
35
120
-1
-21
-48
-32
21
15
72
10
-28
6
-33
-40
-27
-30
-50
-58
-60
-28
9
-2
-36
-52
2
58
82
10
51
53
-36
10
1
9
-5
-16
67
119
48
-5
57
9
10
51
24
42
47
29
-41
-13
17
8
68
23
24
55
49
36
32
44
-17
29
25
-7
72
49
51
-65
-63
56
-41
-4
-41
-70
-38
-76
-101
-127
-58
-100
-130
-110
-137
-53
-26
-108
-83
-80
-69
-17
-45
26
46
-13
45
132
82
1
38
79
94
38
20
67
60
74
86
53
13
55
80
25
16
30
0
-19
-44
-69
43
119
41
5
3
-20
26
23
-32
0
-68
-146
-78
-30
-54
-57
-37
5
56
0
-37
-52
-95
-67
-65
-71
-53
-25
-8
8
12
-9
7
-14
22
15
-47
-47
-78
-27
-47
-26
50
21
62
11
-46
11
12
40
46
-26
23
58
-3
13
-7
2
35
64
64
17
59
82
126
90
34
150
136
74
95
-10
9
61
14
10
-37
-36
-26
-70
-28
24
42
37
59
48
-127
-123
-70
-91
-60
-63
-38
-28
-42
-59
-50
-41
-84
-53
-10
-15
-16
-8
46
72
106
54
-35
5
16
-3
-27
-5
-24
-37
1
-67
-55
20
-34
-44
47
42
-7
3
53
33
-65
-82
-40
-9
12
64
68
73
61
48
75
28
23
39
41
-35
-39
41
45
41
-52
-49
4
-32
-3
13
35
-7
-64
-20
-4
-12
-33
16
57
-11
-25
15
21
-1
-59
-13
103
82
49
24
34
-9
-118
-77
-42
46
60
-47
-28
23
42
0
-35
23
51
-13
-33
16
43
-13
-14
45
-31
-47
55
54
56
44
-25
-68
-99
-42
-19
-48
-40
-33
26
-1
-14
4
-61
8
30
7
2
-28
-6
-23
-32
-38
0
31
10
2
-26
-57
-63
28
0
-43
34
13
-28
-71
-35
-15
43
37
-72
-9
7
0
-1
-31
19
61
63
40
-9
19
80
48
68
91
6
-45
-26
23
61
61
98
77
30
-31
-77
2
-12
25
-14
-62
80
85
57
-3
-3
19
-22
-2
-24
16
1
-101
-69
-36
-104
-77
-14
-27
-11
-62
-86
-61
-61
-28
-36
-3
61
2
15
30
-47
-53
-76
-125
-132
-20
37
-34
-7
64
102
55
20
87
65
40
57
75
112
29
-29
41
74
70
51
12
14
51
31
42
59
71
86
-8
33
28
-92
-74
-83
-7
40
-62
-43
41
12
-107
-137
0
16
-65
-18
21
56
19
-11
21
-39
-63
-77
-86
19
-14
-136
-87
-88
-123
18
37
24
100
34
10
45
9
-3
6
8
-31
-4
126
109
92
53
-39
19
44
89
132
88
43
22
50
63
86
51
36
56
69
46
-64
6
19
-72
-17
-16
-77
-105
-47
13
-32
-145
-183
-109
-118
-122
-22
-8
-46
-70
-49
-60
-128
-137
-86
-5
2
-38
-50
-33
-17
23
24
38
25
31
100
55
49
35
28
80
47
21
29
32
89
16
-7
80
35
67
60
-24
-44
-39
4
7
-69
-84
-26
16
36
-34
18
30
0
-2
-49
72
55
5
22
-24
15
-39
-129
-17
36
36
51
-50
33
127
48
71
49
39
90
60
47
45
26
-38
-53
-3
15
36
0
-8
36
-15
-41
-55
-43
8
-17
-5
23
54
44
-19
-18
9
17
-38
-24
13
-39
-112
-100
-24
-31
-71
-42
24
-7
8
4
-9
22
-11
0
-73
-71
-25
-44
-3
-82
-134
-77
-53
-33
-21
8
-1
15
17
-19
-25
-65
-45
-38
-51
-24
-23
-28
-27
-12
-46
-69
37
106
21
-23
50
0
-44
-53
-47
34
72
31
-37
56
86
30
65
92
69
23
36
42
46
31
63
112
69
39
10
41
14
0
47
69
93
53
-10
18
95
121
108
-27
-52
-20
-81
-19
37
7
-15
-51
-71
-76
-53
-37
-36
-34
-94
-62
-53
-22
-8
-80
-34
-88
-98
23
-16
-81
-42
-11
-5
8
17
45
47
2
19
37
-6
3
1
-2
-37
-19
109
45
-4
91
104
73
29
-2
34
72
67
100
81
69
46
-26
24
-26
-80
-83
-127
-76
-148
-179
-76
-80
-42
-47
-134
-97
-45
-48
-51
-104
-67
37
-39
-85
-16
-1
-75
-137
-36
-42
-122
-58
-98
-123
-19
-70
-37
0
-94
38
123
64
50
26
89
86
25
37
40
84
168
234
250
189
127
135
149
165
152
76
64
132
109
50
41
18
38
90
18
-39
23
-26
13
48
-60
-80
-103
-102
-126
-186
-119
-62
-113
-131
-116
-136
-99
-85
-159
-147
-83
-78
-30
-23
-37
-6
-25
19
13
36
100
27
53
115
81
98
131
98
103
113
69
78
74
77
95
70
141
126
35
93
80
50
81
88
64
-41
-45
29
23
15
24
0
-29
3
45
-51
-120
-70
-84
-104
-86
-95
-99
-47
-57
-91
-69
-52
-95
-156
-89
-57
-97
-126
-123
-113
-135
-107
-105
-108
-94
-53
-36
1
83
43
6
-7
32
68
57
76
77
119
132
120
85
110
153
112
136
147
135
92
86
124
113
51
-19
3
-13
-23
32
-8
-37
-94
-106
-50
-129
-160
-184
-174
-161
-199
-137
-120
-67
-25
-67
-75
-70
-37
-50
-83
-80
-90
-30
2
66
48
24
78
-56
-31
29
-4
30
54
127
190
192
169
134
56
78
164
124
124
98
79
141
130
124
100
98
134
117
93
106
190
177
103
101
61
60
42
39
101
43
-23
-54
-88
-34
-47
-101
-102
-96
-74
-111
-116
-60
-116
-206
-197
-150
-156
-139
-122
-138
-147
-200
-134
-45
-138
-166
-139
-139
-87
-105
-98
-17
-17
6
45
56
69
51
37
86
101
62
151
162
88
95
73
121
173
200
227
137
123
171
113
131
80
-55
-11
-21
-24
21
-49
-17
-13
-67
-14
-64
-188
-159
-163
-207
-149
-116
-154
-196
-163
-136
-117
-95
-134
-137
-88
-45
-22
-26
-60
-52
0
70
58
-22
50
36
57
135
84
77
24
103
148
32
92
186
168
164
184
130
78
141
142
123
94
40
112
155
180
156
122
136
136
128
26
-12
-1
18
8
-26
63
47
-16
-24
-71
-96
-127
-173
-205
-123
-127
-209
-155
-144
-136
-172
-192
-194
-272
-226
-139
-169
-176
-79
-86
-144
-118
-85
-63
-104
-53
58
-11
-9
93
116
126
91
133
121
66
126
125
161
177
200
246
138
148
121
56
195
162
84
82
3
-34
16
37
-4
6
-43
-46
-7
-78
-87
-73
-67
-55
-78
-70
-52
-78
-59
-42
-78
-94
-87
-74
-87
-92
-51
-25
-75
-117
-60
10
-2
-38
-33
-21
-7
-24
-39
-28
-16
49
49
10
22
91
168
76
78
136
88
66
35
72
132
96
127
154
98
153
149
132
113
75
166
154
78
59
84
73
-62
-66
40
22
-8
-107
-179
-112
-83
-99
-195
-269
-216
-169
-201
-206
-201
-275
-261
-209
-185
-157
-173
-144
-166
-166
-120
-80
-71
-133
-83
-88
-15
82
23
77
89
149
215
98
91
208
229
196
219
202
180
159
177
208
181
241
194
162
180
94
108
143
201
171
91
109
94
31
-22
27
33
-3
42
15
-11
-41
-141
-84
-23
-78
-76
-93
-100
-80
-44
-107
-154
-67
-114
-203
-186
-104
-88
-160
-152
-71
-43
-84
-99
-126
-151
-148
-155
-77
-69
-96
41
49
-40
11
37
52
59
10
76
93
-14
-6
93
169
138
151
214
189
117
102
156
174
153
128
-8
-25
158
50
-29
19
21
-19
-101
-48
-93
-117
-118
-169
-160
-226
-231
-198
-187
-185
-255
-251
-229
-173
-148
-193
-135
-112
-106
-44
-70
-66
-17
5
58
30
23
66
70
43
12
103
135
150
249
190
106
122
173
217
205
202
144
130
183
178
203
224
186
173
202
123
103
75
-31
11
-8
2
11
-54
61
50
-70
-39
-63
-57
-19
-59
-77
-100
-85
-70
-41
-73
-193
-153
-101
-135
-135
-141
-173
-187
-176
-81
-93
-218
-179
-197
-183
-136
-105
-7
-83
-80
-16
-1
47
62
73
80
106
109
98
146
172
117
120
166
153
147
184
252
247
177
164
149
130
120
83
154
133
4
7
-8
-28
-41
-42
-36
-69
-89
-88
-78
-97
-129
-103
-59
-167
-201
-89
-70
-130
-187
-140
-78
-12
-8
-29
-35
-119
-91
-29
16
77
-5
-53
7
39
27
39
92
73
83
124
82
78
77
91
142
129
142
204
173
143
166
137
135
162
125
89
131
123
47
80
102
55
33
-5
-38
-73
-44
-97
-172
-72
-47
-107
-130
-186
-187
-155
-219
-201
-190
-244
-223
-246
-277
-288
-309
-218
-205
-237
-152
-163
-208
-167
-99
-102
-165
-114
-67
-17
69
39
40
30
32
103
116
150
176
139
170
216
176
174
225
241
231
225
199
212
267
248
215
214
164
164
149
129
119
14
26
108
75
5
-56
-114
-16
27
-61
-51
-87
-65
-12
-44
-35
-82
-72
-9
-63
-86
-134
-166
-121
-172
-155
-135
-110
-64
-131
-92
-76
-130
-89
-71
-115
-22
56
15
40
61
87
68
38
69
130
188
192
253
162
75
102
85
148
167
178
119
108
137
59
57
10
45
98
18
-36
-38
-38
-90
-73
-57
-74
-111
-147
-76
-94
-174
-134
-81
-93
-167
-204
-147
-165
-162
-159
-197
-115
-123
-118
-37
-77
-89
-59
-92
-46
-31
-49
56
62
57
113
82
93
129
111
144
153
154
221
172
128
155
150
184
133
114
190
133
113
169
171
176
187
154
122
95
30
68
63
-47
-46
2
25
30
5
-38
45
3
-202
-191
-147
-151
-133
-190
-211
-193
-166
-193
-286
-297
-235
-158
-165
-116
-69
-131
-125
-161
-224
-220
-145
-73
-110
-101
8
26
24
12
-8
54
64
75
78
120
165
128
125
113
132
197
200
134
149
174
151
95
63
98
90
104
84
60
73
37
-39
-50
-53
-49
-45
-81
-25
-65
-107
-74
-69
-30
-56
-140
-147
-107
-132
-135
-101
-106
-79
-6
53
38
-32
-21
21
-41
-27
47
75
52
35
140
139
98
139
167
121
59
149
191
151
134
125
107
91
136
125
126
141
42
34
63
-20
2
31
22
35
23
29
-11
-93
-113
-37
-59
-117
-33
-69
-71
-75
-180
-174
-240
-243
-235
-218
-155
-133
-135
-200
-152
-155
-212
-245
-215
-125
-192
-194
-150
-150
-64
-111
-90
1
-69
-64
-67
-6
33
1
17
-23
47
83
163
237
133
105
100
147
178
127
188
224
205
264
229
136
207
249
162
149
221
155
110
189
156
214
156
60
104
95
125
14
-15
48
25
46
16
-42
-67
-40
-64
-154
-192
-155
-93
-109
-126
-1
-25
-205
-198
-90
-110
-167
-235
-256
-180
-205
-157
-75
-102
-76
-101
-122
-64
-69
-41
-14
-28
-12
-19
-51
-11
3
-10
20
70
102
42
81
118
143
183
89
54
32
36
115
34
-42
43
73
23
-5
-39
-37
10
-66
-110
-75
-124
-141
-184
-193
-86
-79
-123
-91
-147
-204
-144
-127
-168
-181
-162
-123
-101
-105
-33
-19
-64
-51
-22
63
7
2
151
129
92
132
128
87
131
174
149
174
133
174
225
123
151
191
164
179
185
252
200
104
200
247
190
108
111
125
24
-25
61
91
17
45
2
-26
8
-110
-56
36
-5
-91
-141
-7
-40
-86
-63
-196
-156
-119
-201
-147
-104
-162
-153
-143
-113
-20
-55
-70
-75
-100
-64
-59
-6
42
-4
-35
4
14
-31
25
30
-31
17
30
57
62
67
96
50
33
33
37
84
106
42
-19
-51
-52
0
35
21
-7
-16
-42
-94
-85
-61
-71
-83
-103
-158
-188
-82
-15
-119
-164
-123
-140
-159
-87
-92
-177
-144
-121
-105
-116
-124
0
19
16
28
-3
49
50
89
75
89
157
102
166
220
201
247
206
195
205
207
280
229
228
263
228
198
140
166
214
236
219
180
157
109
117
94
56
59
-18
-25
93
65
-49
-39
-61
-82
-103
-161
-167
-197
-162
-185
-242
-234
-242
-238
-254
-278
-282
-244
-238
-223
-257
-312
-241
-251
-226
-130
-119
-118
-90
-18
-8
-39
-5
39
44
0
-6
113
161
87
70
86
108
118
107
156
169
152
173
196
219
191
162
179
234
139
131
200
90
117
105
47
53
49
47
19
45
-29
-55
-13
-47
-36
-51
-101
-130
-160
-155
-91
-91
-148
-202
-199
-182
-142
-93
-108
-92
-115
-177
-115
-55
-107
-69
36
-15
-82
-62
-17
67
60
44
42
-23
33
13
-46
12
51
79
106
184
188
106
129
148
114
107
73
114
118
85
136
113
69
33
11
131
110
-62
-5
50
0
-60
-87
-45
1
27
-59
-69
58
10
-146
-116
-58
-73
-72
-56
-26
-13
-48
-32
-9
-12
61
0
-23
-5
-56
49
62
57
187
92
27
54
28
129
95
40
73
47
106
62
-4
31
-6
38
58
19
68
23
-12
35
-15
-20
-14
-72
-47
-25
-43
-42
23
-8
-103
-73
-154
-176
-72
-74
-49
-71
-145
-90
-47
-160
-184
-126
-166
-172
-172
-160
-50
27
23
17
-20
-67
-14
3
-51
-54
-32
2
43
61
82
90
