28
10
21
100
103
20
-1
6
-57
-26
10
-59
27
27
-26
50
30
1
19
-26
-45
-73
-123
-160
-208
-136
-67
-25
64
97
76
49
10
-30
11
12
-49
-50
-63
-30
21
-41
-3
93
122
106
21
45
13
-50
-68
-109
21
86
35
39
1
38
54
-23
-47
-29
-2
18
12
-62
-40
43
56
97
60
-34
-9
6
55
58
-57
-54
-67
-65
-81
-107
-57
-35
61
82
40
87
41
-39
-28
-41
-112
-119
-167
-153
-59
1
99
31
17
53
-28
21
11
-56
-19
-49
-38
33
33
71
82
11
29
75
68
8
-53
-18
17
25
41
76
103
51
93
86
-45
-68
-76
-63
-37
-37
21
-28
-83
37
69
66
43
-33
13
52
37
-8
-47
3
49
88
84
6
-26
3
-5
-17
20
-11
-11
40
-12
-56
8
10
-55
31
18
-104
-39
-9
-34
-12
-60
-38
1
-11
52
11
38
79
-35
33
9
-76
-37
-33
-24
-47
-24
-46
-46
16
0
-47
-75
-38
-46
-45
-46
-74
-39
-76
-1
95
17
-12
-13
6
23
-54
-93
-47
-2
78
94
-36
-33
5
-54
-61
-89
-88
-66
-70
49
83
25
22
-18
57
87
0
-22
-21
-34
-104
-107
-22
0
17
69
76
56
28
-17
2
-18
-31
49
49
7
-19
30
55
98
100
5
73
124
92
54
17
44
-12
-36
58
-8
-12
58
37
61
45
38
5
-49
-43
-119
-136
-54
-57
-9
61
30
32
55
9
39
29
-52
49
47
-51
-4
45
70
35
50
83
-26
-61
-30
-77
-73
-39
-58
-90
-67
33
53
54
64
-11
15
48
2
-13
-70
-34
-15
-3
83
58
67
31
34
64
14
33
-30
-63
-51
-29
56
-36
-54
26
32
68
43
68
16
10
50
-56
-55
-63
-47
-4
-42
-34
-43
19
53
15
-12
-97
-136
-100
-109
-113
-2
0
14
29
-51
34
71
-25
54
92
-11
2
11
23
31
-36
-12
46
12
1
75
23
-29
25
-69
-52
17
-37
50
70
33
119
131
105
103
116
88
59
15
-46
-7
13
88
27
-37
19
36
60
-12
-11
6
-39
-39
-29
-2
44
7
-65
-2
49
66
19
-32
45
7
-23
33
52
5
10
6
-41
22
-115
-125
11
-38
-10
-27
-53
4
-70
-103
-10
-56
-90
20
50
7
0
-4
-59
-49
-51
-82
-5
-1
-32
-26
-81
-61
11
32
29
3
-12
-4
11
-34
-30
21
-62
-90
-25
12
-3
-77
-57
-3
-2
47
50
-85
-68
30
-13
-38
-68
-14
24
-29
19
58
55
-15
-77
10
36
-35
-23
2
-42
-2
29
5
83
113
22
39
35
1
17
-12
68
50
59
136
26
3
42
66
76
47
38
104
90
-6
77
94
32
137
124
8
4
24
47
51
19
-74
-62
17
-42
-36
38
-7
-4
5
20
42
-40
-8
-11
-51
-17
4
63
20
-9
46
54
3
12
52
-36
0
76
-18
-53
-43
2
50
68
86
67
30
-43
-30
-59
-74
25
49
64
8
-45
-15
-75
-122
-59
-21
26
33
-58
-21
3
-26
-19
-72
-38
-5
-41
-46
-34
-47
-110
-99
-61
-79
-75
-16
21
-30
-38
40
9
29
-5
-110
-40
-74
-91
-32
29
-33
-81
59
-3
-62
-43
-19
1
9
67
48
10
-21
-16
3
1
-15
-5
-2
25
85
89
41
-17
0
17
33
45
3
43
38
5
34
-24
23
45
-47
18
39
32
24
-7
71
107
95
74
67
26
-13
-21
-76
-43
-29
-75
-107
-16
20
-62
-84
-106
-45
1
-22
-33
-4
-7
25
-21
-117
-45
-7
26
47
15
28
46
87
33
-23
36
-3
30
82
-7
-4
36
-20
-61
-37
14
42
16
-3
-21
4
48
79
28
-31
37
71
38
39
39
10
11
-26
-39
-55
-63
43
36
0
13
29
35
45
59
10
42
40
-32
-30
0
75
98
63
58
66
-7
-55
-75
-104
-85
-116
-68
-31
-20
4
56
71
0
30
16
46
11
-52
13
-118
-110
23
-34
3
24
31
98
8
-49
-32
-44
-72
-128
-111
-56
-68
-135
-131
-68
-31
21
18
36
66
64
63
-53
-85
-49
-69
-11
74
76
57
98
118
91
65
14
-36
-55
-113
-114
-52
7
79
46
30
109
100
9
-70
-44
-41
-32
20
-1
22
21
45
133
104
76
59
-53
-56
-68
-127
-122
-118
-46
-70
-74
-1
36
43
9
-10
-47
-44
-11
8
14
88
94
106
206
144
138
57
-22
51
17
-15
-84
-98
-60
-65
-4
47
38
7
11
27
11
3
4
-42
-86
-90
-56
46
100
41
26
13
-33
26
22
26
-2
-126
-85
-34
-8
-13
-77
-70
-32
-65
-59
-14
-7
16
-32
-45
24
0
-44
38
78
88
140
103
56
-3
-22
18
5
-56
-126
-104
-79
-145
-106
-2
7
-59
-58
-9
27
101
56
38
102
50
-2
54
72
22
80
108
89
32
17
32
-28
-3
-36
-82
-60
-44
-41
-93
-53
-52
-31
9
-63
7
-19
-107
-14
19
47
39
24
102
166
200
125
88
42
-54
-85
-93
-86
-82
-87
-93
-41
24
75
73
22
-15
-11
53
53
25
0
-8
130
124
49
146
85
33
93
23
-24
8
-45
-97
-89
-100
-122
-70
-10
-51
-67
-34
-70
-35
-5
-57
-94
-89
-56
-83
8
42
-23
24
64
104
68
-37
-88
-135
-148
-147
-161
-162
-128
-10
-4
1
52
-15
-38
-83
-42
25
-78
-106
2
39
55
55
-19
34
8
-44
-3
-15
-48
-141
-144
-135
-110
-29
-2
34
50
48
43
50
26
32
61
4
34
99
95
106
57
90
153
64
71
54
-20
-13
-66
-67
-54
0
32
-3
97
62
44
88
54
30
-25
4
7
39
103
82
144
137
73
77
6
-21
-33
-9
61
99
56
-64
18
79
2
14
58
116
74
49
39
-37
13
-5
22
124
8
55
151
42
55
106
45
70
68
-1
5
-133
-160
-108
-175
-89
-63
-68
-28
-39
15
-38
-144
-99
-85
-115
-60
24
50
10
-31
-28
36
21
-43
4
-27
-106
-109
-174
-132
-79
-160
-189
-149
-61
-20
-17
-88
-156
-128
-82
-14
36
49
53
16
0
-11
-22
13
8
10
-23
-47
-65
-90
-101
-143
-156
-223
-171
-68
-34
4
-52
-71
-34
33
54
31
121
161
200
217
149
137
117
107
118
98
93
13
-17
17
-21
88
115
-6
-44
-45
16
45
-5
-11
63
105
104
178
216
196
174
99
110
151
161
154
131
123
102
71
-13
-15
-43
-111
-69
-118
-141
-146
-135
-59
-23
29
87
84
101
153
127
98
91
9
8
68
92
123
126
63
-18
-56
-60
-70
-72
-71
-209
-231
-146
-139
-77
-74
-110
-84
-5
14
-34
-9
-38
9
114
59
66
39
16
-14
-47
45
-18
-39
-43
-113
-103
-107
-131
-173
-198
-202
-146
-150
-143
-24
-1
-45
-1
68
46
29
50
93
118
156
119
45
79
89
109
-22
-104
-28
-105
-107
-114
-145
-156
-223
-159
-116
-105
32
64
-1
24
27
48
93
34
26
87
130
202
173
148
165
111
55
-43
-140
-165
-142
-102
-59
-63
-84
-67
-47
-9
42
53
71
101
170
235
185
104
89
160
195
200
240
167
98
88
45
4
-69
-79
-94
-197
-172
-111
-102
-69
-84
-29
6
-10
44
96
136
130
105
88
116
125
111
148
139
147
130
19
-38
-93
-150
-123
-164
-227
-229
-210
-184
-159
-83
-87
-104
-45
-16
68
88
-1
32
57
7
60
88
25
50
88
86
46
-52
-43
-93
-137
-110
-164
-179
-190
-164
-153
-138
-20
44
64
83
76
49
48
90
95
95
146
158
108
62
75
88
100
32
-145
-166
-170
-183
-149
-214
-193
-183
-167
-11
43
34
68
69
10
1
58
78
107
95
66
110
158
182
146
118
118
41
-68
-124
-131
-184
-216
-141
-112
-98
-1
0
9
74
96
75
34
106
114
68
104
94
132
168
100
125
81
48
76
-60
-84
-82
-173
-202
-230
-224
-210
-208
-165
-137
-70
8
62
134
188
125
32
113
168
96
89
151
124
61
31
20
5
-87
-87
-137
-215
-160
-225
-223
-121
-89
-53
-33
-26
76
124
61
44
98
130
156
206
174
201
160
72
100
62
11
52
27
-106
-185
-175
-172
-217
-232
-247
-167
-47
-56
-33
48
95
118
198
175
128
148
109
148
140
87
127
118
54
41
-17
-46
-59
-93
-42
-72
-101
-72
-138
-189
-196
-154
-22
7
49
112
38
56
145
88
118
182
96
113
165
180
149
65
45
-29
-133
-155
-122
-125
-148
-160
-205
-145
-94
-96
-44
-29
-21
31
52
127
183
111
115
152
146
99
82
142
108
11
-35
-47
-113
-164
-176
-158
-143
-202
-190
-204
-220
-104
-64
-77
-60
-32
8
45
125
184
158
206
246
199
189
136
75
24
-50
-121
-161
-159
-135
-153
-190
-105
-117
-175
-149
-71
22
-29
-10
35
32
26
25
162
240
274
212
112
173
136
94
40
-66
-71
-112
-95
-54
-101
-137
-148
-149
-137
-129
-74
-86
-140
-52
-22
4
-14
-8
123
188
201
205
165
118
222
200
30
-43
-92
-97
-147
-180
-115
-121
-75
-47
-134
-116
-77
-28
-44
-31
55
80
141
186
230
281
256
245
252
254
208
93
104
131
13
-28
-72
-188
-136
-84
-73
4
-40
-48
-52
-126
-58
-41
-76
-3
55
86
154
191
191
205
183
138
133
81
-31
-56
-62
-165
-214
-148
-158
-197
-230
-234
-194
-226
-178
-132
-84
-82
-125
-55
-77
-80
20
64
94
108
94
100
80
76
-10
-155
-179
-241
-328
-308
-308
-320
-262
-206
-122
-100
-159
-78
47
-1
1
24
18
120
214
278
300
327
278
232
227
158
77
1
-19
-96
-136
-104
-175
-211
-137
-96
-22
89
81
-9
41
94
50
148
264
279
260
285
293
238
272
328
262
211
190
85
-16
-140
-236
-231
-183
-193
-217
-170
-172
-174
-110
-123
-53
114
144
118
192
189
109
146
227
216
200
209
126
52
-12
-103
-185
-285
-328
-312
-318
-387
-408
-486
-487
-312
-298
-309
-291
-260
-159
-121
-61
-21
41
123
177
182
180
282
193
119
107
17
-18
-91
-103
-136
-230
-198
-218
-252
-165
-132
-149
-77
11
8
18
103
137
195
309
321
372
435
433
450
412
353
294
284
223
52
-51
-64
-2
-83
-169
-102
-142
-156
-130
-122
-42
42
85
108
119
165
223
234
300
337
345
416
359
340
321
217
204
176
32
-61
30
97
111
84
59
124
89
76
105
122
139
92
76
21
-22
-1
-14
-93
-230
-333
-266
-185
-385
-563
-577
-576
-581
-652
-633
-548
-550
-605
-574
-414
-254
-127
-104
-81
-121
-162
-18
-2
-5
57
-2
-56
-117
-158
-152
-203
-276
-324
-410
-454
-496
-516
-499
-532
-448
-412
-298
-98
-32
134
223
303
501
476
526
610
538
603
526
455
493
371
360
335
240
157
-8
-117
-233
-303
-341
-385
-329
-298
-177
-55
46
184
155
192
348
455
534
560
548
596
676
658
712
762
653
641
564
430
299
120
-13
-114
-194
-242
-229
-276
-248
-215
-174
-110
-145
-79
-86
-80
-20
15
93
156
214
177
202
259
237
185
92
-6
-136
-151
-134
-218
-260
-306
-283
-228
-246
-157
-109
-139
-104
-170
-236
-251
-215
-145
-85
-65
-107
-81
-21
-46
-142
-194
-185
-157
-155
-171
-98
-97
-148
-259
-322
-94
50
12
45
112
135
225
338
298
205
103
38
110
88
31
92
39
-90
-171
-242
-263
-253
-277
-385
-480
-471
-346
-116
12
-31
-126
-65
86
239
422
473
440
371
385
499
515
478
422
360
313
268
238
178
59
-92
-188
-252
-308
-264
-280
-299
-278
-275
-100
4
9
37
106
200
223
360
468
378
315
313
268
200
227
185
100
-6
-168
-244
-278
-227
-251
-349
-515
-705
-679
-548
-374
-239
-255
-300
-312
-265
-119
-11
-30
-63
8
12
93
258
295
377
266
125
153
152
157
138
132
-15
-66
15
-26
-43
-30
39
75
34
43
34
-20
-34
-146
-172
23
52
-17
-169
-211
-142
-224
-118
-73
-146
-137
-287
-264
-177
-115
55
30
-30
-70
-23
80
47
53
85
62
-25
-134
-118
-34
25
38
-5
-3
-24
-170
-255
-218
-250
-244
-186
-192
-207
-236
-216
-22
202
230
147
66
-40
-15
156
312
382
312
226
241
326
445
472
374
232
13
-58
59
142
146
122
175
168
177
277
355
431
412
354
358
404
459
395
339
420
414
477
631
637
570
403
239
226
405
483
333
190
19
-134
-90
96
217
255
24
-331
-504
-417
-105
-64
-352
-740
-1134
-1233
-1121
-895
-665
-743
-1154
-1545
-1600
-1434
-1069
-856
-945
-1102
-1241
-1114
-792
-393
-140
-161
-204
-36
179
368
656
695
601
563
530
662
757
782
609
356
269
192
267
247
42
-131
-309
-342
-294
-216
-154
-299
-400
-336
-276
-49
227
279
221
75
12
254
577
769
779
603
428
337
355
425
425
448
339
47
-276
-445
-227
-74
-128
-195
-366
-641
-753
-471
-159
-35
-60
-184
-279
-231
37
413
683
614
414
417
598
863
1008
996
871
698
698
700
714
791
679
596
582
496
424
431
458
422
495
656
693
679
694
731
839
1032
1307
1532
1612
1554
1475
1505
1536
1650
1789
1646
1304
847
270
-286
-492
-249
-77
-329
-1431
-2923
-3587
-3384
-2721
-2395
-2930
-3838
-4796
-5258
-4837
-3835
-2876
-2784
-3410
-4014
-3873
-2869
-1598
-763
-705
-943
-1023
-506
573
1479
1768
1560
1241
1242
1598
1920
2123
2073
1554
923
600
823
1142
1002
465
-293
-840
-973
-765
-500
-456
-572
-811
-1011
-964
-595
-78
368
461
265
196
451
1076
1477
1427
1286
1246
1468
1778
1977
1933
1805
1631
1385
1401
1525
1678
1693
1328
951
769
839
1104
1281
1111
662
376
392
601
709
644
415
40
-213
-315
-235
-117
-108
-496
-1207
-1555
-1404
-969
-881
-1443
-2203
-2618
-2381
-1808
-1361
-1283
-1589
-1971
-1922
-1421
-723
-88
93
-93
-211
144
1043
1942
2295
1984
1553
1631
2235
2923
3186
2914
2465
2185
2167
2351
2445
2416
2191
1690
1246
1095
1294
1614
1598
1145
556
374
643
934
1126
963
578
345
279
553
900
914
335
-918
-2235
-2593
-1573
-121
137
-1767
-4781
-6452
-5685
-3662
-2291
-2672
-4735
-7137
-8262
-7461
-5162
-3014
-2759
-4634
-6729
-6896
-4918
-1986
-102
-298
-1730
-2695
-1985
111
2218
3045
2619
1834
1590
2087
3162
4295
4588
3813
2488
1679
1999
3029
3519
2662
1229
252
33
256
497
501
155
-564
-1287
-1562
-1285
-597
-204
-534
-1194
-1408
-768
292
1026
879
211
69
768
1824
2520
2525
2263
2077
2057
2301
2873
3589
3872
3292
2307
1909
2278
3018
3322
2653
1549
786
783
1214
1452
1224
646
-30
-710
-1028
-812
-358
-175
-947
-2354
-3128
-2575
-1334
-820
-1480
-2553
-3242
-3074
-2144
-1175
-913
-1403
-2070
-2221
-1579
-727
-114
-29
-404
-537
-77
990
1974
2048
1254
474
657
1799
2883
2879
1894
958
1051
1890
2524
2490
1884
1246
942
952
1246
1626
1699
1355
737
271
306
826
1362
1383
1111
677
202
121
324
514
694
654
-33
-1508
-3234
-3448
-1279
1087
559
-3228
-7112
-7827
-5464
-2817
-2111
-3511
-6072
-8603
-9644
-7912
-4289
-1922
-3029
-6579
-9118
-7994
-3975
-291
609
-1145
-3378
-3806
-1744
1393
3432
3550
2535
1800
1972
2896
4481
5924
6012
4343
2421
2408
4238
5858
5294
3111
1558
1412
1781
1816
1648
1403
819
-316
-1463
-1573
-542
409
85
-1135
-2132
-2072
-1030
99
475
-97
-602
-315
477
1219
1573
1811
2137
2329
2240
2318
3066
3908
3895
2960
2068
2294
3252
3792
3457
2544
1881
1839
1993
1872
1405
936
565
262
0
-337
-554
-724
-1293
-1986
-2075
-1501
-988
-1398
-2656
-3776
-3753
-2655
-1557
-1253
-2158
-3453
-3722
-2828
-1531
-639
-595
-1114
-1500
-1472
-735
462
1317
1289
383
-106
577
1939
2851
2545
1757
1412
1693
2265
2594
2282
1485
742
695
1301
1583
1002
-5
-410
-101
174
166
-17
-119
-335
-665
-559
-122
59
-110
-55
553
1085
741
-122
-404
316
1504
2234
1755
-345
-3384
-5051
-3006
1372
3193
-450
-6629
-9665
-7880
-4011
-1368
-1412
-4096
-8575
-12110
-11360
-6163
-1071
-906
-5338
-9625
-9720
-5811
-871
2061
1459
-1304
-3292
-2350
1239
4546
5352
4383
3417
3151
3692
5126
6983
7884
6425
3845
3116
4715
6388
5868
3556
1973
1995
2268
1879
1283
1122
921
-31
-1037
-1050
-172
411
-258
-1855
-2770
-2010
-313
1064
881
-543
-1379
-655
787
1748
2037
1993
1817
1279
871
1523
3116
4250
3728
2273
1557
2292
3423
3689
3212
2593
2156
1961
2067
2152
1818
1293
662
121
-127
-123
173
396
-128
-1654
-3172
-3423
-2463
-1443
-1495
-2520
-3729
-4409
-4323
-3676
-2730
-2092
-2440
-3450
-4083
-3446
-1936
-890
-814
-1543
-1924
-1129
179
960
897
522
467
980
1759
2421
2474
1485
61
-117
1464
3355
3675
2081
130
-689
-135
943
1887
2285
1606
192
-801
-568
469
1289
1607
1730
1420
322
-579
10
1656
2749
2247
830
-586
-2369
-3925
-2850
1224
4094
1169
-5887
-10147
-8045
-3038
-495
-1753
-4654
-7971
-11022
-11226
-6936
-1457
-501
-5349
-10718
-11078
-6522
-1231
1176
373
-2192
-4394
-3809
-81
4204
5545
3885
2359
2740
4250
5536
6793
7848
7024
4458
3104
5054
8018
8024
4892
2420
2879
4214
3907
2561
1911
1621
356
-1180
-1106
577
1644
198
-2398
-3551
-2580
-735
419
449
-540
-1834
-2215
-1227
201
1103
1451
1240
544
76
592
2235
3933
4032
2608
1464
1718
2665
2892
2536
2565
2964
3021
2298
1410
942
977
1090
989
720
291
-194
-863
-1494
-1920
-1910
-1559
-1742
-2588
-3468
-3522
-2869
-2476
-2776
-3624
-3953
-3476
-2994
-2928
-3117
-2953
-2291
-1620
-1432
-1583
-1550
-1235
-748
-275
193
751
1056
934
663
710
1366
2052
2044
1547
1410
2196
3038
2855
1712
582
543
1512
2437
2604
2104
1295
810
887
1231
1595
1841
1934
1757
1133
263
13
664
1650
2161
1695
661
-733
-2530
-3580
-2222
1210
3238
445
-5551
-9296
-7866
-3613
-735
-1132
-4024
-7763
-10602
-10411
-6432
-1720
-885
-4937
-9785
-10613
-6919
-2005
787
308
-2262
-4524
-4145
-886
2906
4506
3480
2107
2092
3110
4373
5588
6373
5890
4418
3863
5287
7042
6658
4205
2282
2575
3932
4292
3371
2053
730
-508
-1109
-402
992
1476
278
-1931
-3695
-3820
-2090
297
1216
-132
-2308
-3195
-2243
-587
797
1736
2041
1181
-309
-492
1470
3718
4084
2832
1924
2317
3031
3096
2885
3094
3428
3182
2576
2148
1714
871
273
762
1733
1669
235
-1301
-1940
-1683
-1121
-889
-1361
-2451
-3575
-3651
-2530
-1701
-2249
-3687
-4345
-3502
-2123
-1407
-1651
-2157
-2361
-2110
-1495
-771
-142
-193
-910
-1073
11
1691
2443
1582
209
-135
995
2278
2517
1999
1523
1458
1452
1446
1719
2122
2202
1678
881
662
1329
2091
2232
1637
846
592
875
1449
1703
1143
560
852
1647
1872
1109
41
-844
-1843
-2693
-2196
115
1881
-156
-5209
-8698
-7374
-3253
-717
-1654
-4755
-7857
-10076
-10174
-7190
-2930
-1272
-4369
-9200
-10778
-7815
-3196
-309
-175
-1764
-3646
-4126
-2149
1304
3746
3530
2138
1852
2897
4136
4956
5766
6011
5189
4326
4807
6518
7045
5143
2835
2586
3964
4719
4018
2815
1957
797
-476
-510
801
1868
1068
-1205
-3103
-3240
-2048
-555
472
183
-1505
-3177
-3146
-1475
323
1046
945
620
42
-402
90
1681
3181
3156
2099
1699
2281
2969
2990
2750
2976
3272
2949
1915
1109
1094
1503
1912
1679
806
-119
-799
-1044
-831
-362
-305
-1243
-2646
-3167
-2351
-1291
-1234
-2319
-3406
-3495
-2604
-1408
-740
-852
-1626
-2327
-2057
-925
105
167
-435
-802
-452
389
1191
1343
715
46
161
1265
2410
2370
1098
-45
293
1372
1873
1709
1278
1011
797
636
995
1796
2343
1864
796
420
995
1982
2493
1948
915
240
594
1685
2344
1962
672
-881
-2240
-2933
-1954
740
2474
170
-5328
-9354
-8271
-3682
-478
-1167
-4513
-8147
-10502
-10686
-7889
-3424
-1369
-4088
-9080
-11399
-8891
-4216
-964
-614
-2412
-4264
-4571
-2888
50
2405
2829
2128
1868
2444
3460
4504
5588
6117
5361
4525
5233
7013
7661
6112
3972
3415
4270
4642
4114
3716
3441
2203
78
-1057
14
1768
1692
-359
-2406
-3090
-2601
-1594
-501
58
-740
-2469
-3327
-2443
-723
513
877
806
412
-203
19
1482
3059
3319
2251
1737
2532
3537
3731
3272
3006
2774
2160
1567
1856
2940
3402
2342
314
-1057
-820
463
1477
1334
-2
-1736
-2758
-2626
-1344
12
59
-1258
-3176
-4156
-3211
-1185
219
-136
-1751
-3067
-2842
-1393
-125
-13
-824
-1220
-581
363
732
200
-507
-506
88
970
1821
1794
872
-380
-716
901
2907
3060
1052
-956
-985
784
2632
2985
1877
270
-739
-468
892
2290
2626
1781
569
-258
-435
224
1471
2239
1638
50
-1394
-2051
-2272
-2195
-1074
699
948
-2199
-6976
-8858
-6399
-2595
-1180
-2931
-6087
-8943
-10321
-9479
-6318
-3010
-2887
-6192
-9655
-9874
-6772
-3097
-1264
-1707
-3175
-4113
-3434
-1197
1246
2549
2598
2432
2761
3475
4384
5409
6211
6082
5341
5218
6267
7604
7558
5835
4110
3743
4495
5119
4841
4113
3096
1536
-55
-361
897
2088
1589
-534
-2659
-3116
-1871
-313
164
-645
-1877
-2702
-2438
-1219
64
912
877
159
-387
-102
1278
2746
3146
2413
1576
2008
3422
4240
3659
2400
1952
2538
3173
3192
2742
2337
1758
862
258
693
1666
1487
-101
-1566
-1507
-487
-68
-615
-1516
-1954
-1913
-1972
-2174
-2146
-1836
-1573
-1530
-1688
-1698
-1609
-1651
-1583
-1261
-796
-575
-488
-350
-432
-673
-597
-141
201
28
-481
-520
175
750
391
-349
-256
516
796
185
-308
368
1328
1370
484
-272
193
972
1165
1111
1188
1370
956
139
75
1053
1936
1663
663
-85
25
411
271
-415
-1466
-2306
-2344
-1427
-851
-2147
-4807
-6757
-6320
-4444
-3332
-3939
-5792
-7692
-9018
-8817
-6426
-3663
-3160
-5822
-9105
-9387
-6338
-2476
-390
-887
-2480
-3602
-3363
-1164
1996
4315
4438
2994
2228
3049
4963
6781
7542
7235
6268
5666
6270
7521
7791
6448
4905
4685
5645
6093
5142
3621
2306
1193
426
761
2052
2681
1099
-1998
-4088
-3434
-1005
487
201
-1091
-2549
-3279
-2857
-1351
432
1302
842
-214
-764
-113
1420
2714
3030
2653
2468
2923
3474
3343
2525
1977
2429
3255
3642
3375
2626
1412
70
-322
638
2143
2506
919
-1296
-2508
-2272
-1158
-244
-212
-1049
-2535
-3764
-3802
-2819
-1578
-1136
-1704
-2571
-3171
-3170
-2611
-1868
-1473
-1501
-1695
-1722
-1560
-1570
-1603
-1209
-421
149
32
-480
-656
-492
-325
-4
485
974
901
105
-447
-6
985
1448
843
-37
-149
430
998
1146
1193
1194
798
235
97
689
1681
2312
2212
1555
619
-31
245
1529
2791
2749
1183
-998
-2623
-2813
-1277
1060
2141
-92
-4788
-8304
-7989
-4569
-1669
-1793
-4454
-7932
-10252
-10206
-7651
-4255
-2951
-4879
-8150
-9384
-7444
-4100
-1610
-938
-1614
-2532
-2462
-930
1606
3532
3831
3604
3960
4960
6026
6573
6809
6968
6820
6834
7540
8337
8106
6470
4785
4552
5517
5962
5021
3557
2271
1217
383
406
1279
1606
315
-2028
-3482
-3111
-1856
-1114
-1274
-1942
-2739
-3227
-2899
-1708
-544
-118
-323
-476
-77
770
1700
2213
2329
2224
2289
2847
3625
3962
3289
2375
2174
2779
3436
3312
2508
1527
693
18
-9
704
1088
235
-1691
-3135
-3042
-2035
-1451
-1946
-2759
-3433
-4055
-4209
-3692
-2722
-2074
-2635
-3617
-3715
-3014
-2281
-2062
-2101
-1915
-1680
-1652
-1540
-1002
-491
-408
-423
-129
365
678
546
345
736
1315
1616
1610
1600
1733
1470
1053
1082
1625
2196
2022
1367
1214
1522
1507
1092
821
1149
1769
1763
1282
935
876
910
776
1049
1955
2470
1600
-158
-891
399
2027
2125
783
-1006
-2477
-3385
-3016
-1229
179
-1073
-5016
-8406
-8349
-5617
-3455
-3641
-5732
-8437
-10144
-9892
-7446
-4294
-3289
-5367
-8211
-8507
-5649
-2054
147
470
-541
-1731
-1699
654
4483
7001
6455
4345
3560
4713
6548
7975
8730
8715
7503
5788
5226
6414
7703
6982
4824
3541
3650
3709
2693
1380
788
329
-631
-1328
-1001
-537
-1494
-3617
-4762
-3728
-1870
-1110
-1753
-2860
-3485
-3442
-2498
-601
1214
1635
479
-531
-129
1574
3481
4484
4640
4080
3356
3193
3755
4480
4495
3980
3790
3937
3488
2149
813
398
599
806
810
164
-1075
-2734
-4163
-3920
-2399
-1447
-2192
-4286
-5730
-5530
-4428
-3225
-2697
-2940
-3627
-4347
-4401
-3659
-2581
-1909
-2002
-2220
-2063
-1711
-1369
-1102
-693
-111
442
977
1221
1061
798
860
1555
2409
2759
2463
1954
1796
2011
2286
2325
2357
2484
2314
1845
1338
1296
1465
1418
1248
1138
1335
1216
477
-159
-25
848
1706
1819
1148
169
-325
127
1148
2275
2495
1345
-114
-819
-127
1118
1555
668
-1405
-3576
-4557
-3461
-1173
-477
-2946
-6894
-9000
-7777
-5149
-3682
-4261
-6369
-8608
-9602
-8474
-5458
-2646
-2455
-4884
-7021
-6121
-2574
890
2132
1469
462
152
1119
3563
6252
7319
6397
5064
5049
6243
7326
7479
6977
6401
5778
5253
5287
5548
4889
3024
1404
1450
2302
1985
168
-1714
-2368
-2382
-2493
-2267
-1607
-1516
-2996
-4952
-5056
-3030
-854
-196
-881
-1503
-1585
-1301
-258
1469
2996
3327
2477
1929
2668
3854
4533
4576
4412
4293
3939
3758
4035
4096
3223
1753
1057
1583
2394
2082
397
-1379
-2317
-2236
-1534
-968
-1130
-2588
-4593
-5411
-4648
-3309
-2721
-3360
-4562
-5469
-5756
-5190
-3913
-2931
-2948
-3673
-4050
-3463
-2393
-1691
-1619
-1564
-1020
-203
270
377
637
1091
1525
1865
2270
2775
3069
3095
3084
3383
3754
3704
3295
2804
2738
3083
3394
3322
2640
1780
1281
1355
1849
2041
1470
687
301
129
66
103
216
458
322
-144
-361
-238
30
-57
-290
-120
294
633
587
169
-198
-562
-721
-185
513
644
-260
-1821
-2905
-3171
-2916
-2243
-1429
-1617
-3518
-6239
-7587
-6311
-3952
-2795
-3557
-5515
-7359
-7982
-6864
-4382
-2283
-2083
-3614
-5202
-4941
-2735
84
2022
2299
1456
461
567
2366
4706
5939
5622
4673
4157
4295
4613
5083
5536
5270
4129
2987
2747
3078
2970
1931
907
628
481
103
-474
-765
-826
-1222
-1574
-1291
-649
-447
-955
-1478
-1239
-493
295
1038
1333
976
418
347
1120
2296
2980
2971
2753
2279
1732
1780
2682
3858
4084
2957
1501
1101
1696
2402
2621
2165
1242
-231
-1299
-922
440
1211
-82
-2540
-4019
-3617
-2280
-1487
-1816
-3180
-4925
-5935
-5235
-3283
-2109
-2942
-4839
-5744
-4817
-2883
-1189
-684
-1278
-2190
-2430
-1237
972
2452
2100
860
577
1818
3268
3720
3131
2492
2392
2661
3348
3882
3510
2258
1082
1306
2575
3311
2641
984
-193
-353
214
1239
1849
1227
-537
-2135
-2132
-681
727
917
-18
-1294
-2086
-2059
-1290
-80
488
-187
-1272
-1792
-1327
-452
-10
190
236
-48
-400
-211
555
827
174
-636
-502
508
1042
346
-1028
-2343
-3179
-2997
-1549
276
102
-2938
-6559
-7722
-5579
-2717
-1529
-2431
-4748
-7015
-7989
-6537
-3072
-465
-937
-3561
-5144
-3950
-1245
1075
2089
1842
951
345
1119
3401
5391
5368
3875
3004
3859
5370
6027
5604
4667
3622
2827
3175
4629
5365
4050
1355
-233
475
1752
2215
1745
765
-518
-1925
-2195
-748
1011
995
-885
-2440
-2169
-749
299
408
194
-58
-573
-730
22
1156
1732
1277
641
782
1409
1804
1804
1812
1885
1661
1391
1484
1653
1532
972
507
539
464
-6
-680
-802
-510
-790
-1611
-2379
-2344
-1744
-1714
-2311
-2759
-2865
-3091
-3296
-2728
-1553
-1007
-1938
-3134
-3080
-1711
-82
427
12
-486
-649
-330
326
1333
2061
1947
1370
1022
1485
2283
2360
1742
1183
1194
1793
2257
2118
1543
741
190
288
929
1449
1182
229
-614
-829
-634
-153
373
540
343
-202
-819
-955
-619
-189
100
406
618
274
-544
-1315
-1237
-257
721
879
209
-511
-815
-732
-433
-25
341
369
-23
-502
-598
-461
-539
-835
-784
-132
346
-20
-1148
-2336
-2905
-2744
-1767
-321
249
-1225
-4171
-6204
-5354
-2543
-427
-562
-2496
-4602
-5671
-5057
-2755
-135
764
-870
-3268
-3940
-2081
799
2552
2513
1274
108
-50
1304
3474
4604
4020
2479
1791
2503
3534
4201
4179
3514
2429
1481
1578
2672
3290
2379
810
209
795
1235
873
360
193
106
-234
-322
378
916
268
-992
-1602
-808
520
969
442
-313
-857
-1073
-584
629
1687
1582
504
-329
-338
210
910
1498
1921
1707
771
117
459
1470
2074
1752
1174
936
857
684
665
1053
1240
523
-602
-862
-45
543
-11
-1055
-1552
-1631
-1723
-1503
-847
-638
-1598
-3112
-3507
-2241
-958
-834
-1640
-2211
-2096
-1851
-1345
-770
-486
-568
-814
-459
430
1029
712
-150
-252
733
1852
2206
1823
1205
494
123
809
2255
3176
2677
1241
200
392
1234
1896
2167
1866
1156
273
-115
186
458
328
-161
-515
-479
-433
-656
-1244
-1874
-2154
-2132
-1732
-1359
-1492
-2052
-2626
-2700
-2128
-1210
-609
-689
-1207
-1417
-866
15
407
217
167
595
1209
1531
1468
964
125
-632
-607
844
2497
2266
-164
-2873
-3493
-1970
-328
133
-814
-2624
-4435
-5273
-4169
-1979
-875
-1938
-4092
-5194
-4178
-2034
-352
244
-427
-1881
-2439
-1207
1294
3257
3056
1679
734
977
2026
3237
4528
5016
3885
2002
1382
2570
4020
4146
3021
2095
1864
1667
1402
1421
1575
1201
208
-215
503
1253
769
-720
-1754
-1546
-657
80
383
14
-1123
-2347
-2509
-1158
547
1143
514
-266
-565
-629
-227
890
2143
2611
1977
1318
1360
1681
1697
1524
2075
2881
2655
1528
841
1041
1204
870
517
496
386
-236
-1044
-1354
-1205
-1462
-2178
-2321
-1629
-1172
-1738
-2619
-2872
-2400
-1888
-1700
-1227
-707
-757
-1232
-1576
-1111
-241
138
212
410
820
973
565
338
713
1368
1692
1788
1938
1698
1045
539
895
1815
2247
1800
973
419
193
221
403
827
934
115
-1004
-1570
-1198
-660
-847
-1456
-1829
-1978
-2227
-2466
-2346
-2015
-1953
-2280
-2620
-2471
-2008
-1721
-1611
-1425
-1141
-899
-708
-550
-299
164
627
889
1030
1100
1231
1567
1805
1778
1612
1416
1363
1451
1503
1388
843
-75
-778
-847
-238
246
-288
-1717
-3034
-3370
-2840
-1965
-1337
-1551
-2703
-4070
-4514
-3525
-2031
-1283
-1474
-2142
-2539
-2407
-1792
-615
491
869
430
-168
0
796
1617
2222
2548
2715
2523
2099
2176
2617
2929
2853
2562
2576
2760
2653
2143
1722
1555
1335
1280
1569
1847
1525
491
-458
-503
231
853
842
376
-400
-1212
-1502
-849
188
570
1
-897
-1382
-1355
-869
-265
223
467
143
-317
-220
238
635
873
911
1067
1292
1288
1259
1335
1442
1441
1436
1643
1867
1803
1418
1151
1176
1139
900
641
657
645
85
-506
-542
-320
-444
-985
-1298
-1136
-933
-1039
-1403
-1646
-1572
-1505
-1544
-1384
-1075
-1020
-1370
-1624
-1389
-872
-445
-360
-506
-532
-461
-299
107
378
355
246
217
440
588
502
529
624
641
628
536
506
468
275
149
104
108
-34
-499
-978
-1185
-1010
-698
-757
-1189
-1757
-2145
-2107
-1881
-1616
-1549
-1618
-1649
-1817
-1966
-1878
-1447
-941
-742
-734
-743
-628
-535
-405
42
602
1033
1085
790
667
814
1077
1449
1674
1648
1451
1012
676
744
946
1061
995
881
648
178
-121
-159
36
262
155
-160
-509
-709
-792
-778
-730
-743
-697
-953
-1270
-1302
-1324
-1261
-1153
-988
-775
-725
-861
-976
-922
-535
5
222
333
428
455
659
1067
1483
1675
1628
1492
1507
1773
2044
2009
1817
1630
1409
1276
1258
1350
1202
771
438
380
541
404
0
-214
-87
85
-86
-249
-275
-291
-255
-161
28
126
81
-34
-2
252
442
588
686
706
636
488
691
1107
1296
1085
716
767
981
980
856
784
869
774
449
200
294
536
400
15
-250
-304
-439
-713
-806
-802
-911
-1170
-1303
-1173
-1202
-1476
-1656
-1458
-1067
-1034
-1291
-1389
-1299
-1227
-1149
-888
-382
-122
-459
-893
-906
-451
147
441
389
289
83
-195
-145
197
462
460
223
-43
-237
-341
-278
-100
-127
-384
-587
-586
-401
-314
-550
-895
-919
-785
-633
-312
-88
-197
-634
-1100
-1052
-465
133
470
273
-148
-368
-416
-23
551
878
745
358
224
432
754
930
965
894
846
857
961
1083
957
644
443
522
797
1017
872
370
-114
-373
-438
-132
301
226
-362
-916
-959
-543
-146
-137
-251
-313
-340
-364
-446
-291
46
187
161
82
30
189
279
244
445
674
710
682
502
402
584
746
952
975
741
448
186
419
793
775
471
-8
-272
-261
-317
-289
-111
-162
-581
-1064
-1319
-1272
-1161
-1166
-1211
-1232
-1309
-1467
-1471
-1313
-1019
-752
-687
-562
-386
-288
-75
97
250
582
820
1051
1258
1270
1230
1193
1214
1414
1695
1850
1821
1437
944
745
943
1251
1232
1103
889
535
179
-35
22
246
363
208
-70
-373
-598
-777
-842
-688
-473
-406
-632
-869
-1070
-1180
-1032
-783
-352
-110
-350
-723
-937
-749
-362
-88
79
199
227
17
-173
-74
238
508
479
371
287
174
23
-123
-81
100
148
-110
-361
-421
-480
-516
-598
-658
-612
-723
-839
-735
-593
-640
-858
-1030
-931
-633
-586
-608
-539
-529
-475
-534
-531
-107
233
105
-70
-61
232
511
454
437
580
688
693
658
656
699
633
497
642
858
867
793
559
393
288
49
98
330
361
147
-185
-449
-457
-388
-407
-308
-217
-278
-448
-580
-546
-424
-302
-156
57
257
248
63
-1
159
518
814
951
988
804
611
468
544
879
997
887
760
608
366
237
205
207
207
177
196
121
7
-194
-440
-523
-311
-41
-93
-228
-408
-639
-641
-534
-370
-178
-181
-310
-452
-513
-463
-427
-403
-223
51
93
-81
-143
-129
-11
202
289
376
459
390
294
245
267
406
502
555
589
493
282
91
61
56
36
41
-60
-183
-347
-536
-636
-636
-506
-438
-482
-507
-607
-796
-908
-824
-657
-562
-477
-451
-465
-477
-446
-308
-131
184
304
145
141
109
78
181
343
633
761
593
373
290
350
522
642
604
509
282
177
332
416
330
94
-132
-176
-215
-186
-46
-63
-398
-777
-839
-552
-170
-125
-345
-554
-663
-687
-610
-388
-165
-165
-332
-496
-452
-121
42
43
75
102
200
277
371
444
393
268
273
496
719
767
576
370
305
305
340
496
655
541
214
-65
-66
110
142
77
-36
-243
-339
-344
-250
-115
-194
-459
-612
-479
-241
-107
-89
-143
-251
-262
-181
11
236
258
167
37
46
184
316
480
530
547
514
384
376
403
401
492
479
403
326
202
84
-31
61
186
206
165
21
-106
-241
-289
-245
-244
-288
-357
-392
-454
-480
-478
-512
-469
-453
-401
-340
-334
-307
-390
-518
-505
-247
17
68
34
-100
-235
-185
-92
103
234
200
182
48
108
232
159
120
143
215
162
27
-10
-30
-89
-184
-265
-100
26
-222
-436
-447
-393
-277
-219
-147
3
-4
-250
-493
-407
-154
67
174
87
-14
-128
-181
-75
169
429
348
50
-63
-4
133
225
224
247
134
29
147
297
325
217
115
146
276
278
231
218
165
159
110
103
208
204
46
-85
-2
172
227
124
18
4
12
110
210
216
149
63
124
192
263
404
404
350
249
136
193
259
213
146
161
167
133
10
-161
-113
-8
-60
-196
-275
-315
-374
-447
-529
-486
-418
-350
-336
-409
-403
-451
-498
-428
-231
-105
-192
-223
-227
-273
-321
-261
-69
68
76
-75
-141
-70
-17
73
179
220
147
9
-72
-109
1
214
296
220
-19
-84
-34
-48
87
132
-8
-113
-108
-45
48
43
23
98
58
29
9
57
120
-43
-85
96
193
258
268
141
37
25
-3
-39
60
158
156
43
-75
-83
-148
-134
86
150
116
1
-186
-114
8
38
112
159
147
105
21
-15
48
90
169
222
161
218
233
147
71
21
145
223
253
201
16
-147
-257
-198
-106
-29
-20
-76
-56
-116
-94
-29
40
113
21
14
52
50
2
-45
-29
-20
-21
-2
6
-1
-91
-167
-60
-34
-26
-36
-108
-109
-71
-53
-71
0
-11
3
-37
-53
164
132
64
96
52
77
161
234
277
212
40
-79
-81
26
85
51
32
-5
-101
-220
-225
-156
-85
11
-41
-155
-258
-372
-376
-350
-122
86
-35
-180
-207
-220
-225
-95
16
71
13
-215
-226
-64
-36
25
100
71
133
116
25
60
139
187
120
149
253
211
197
153
31
38
107
124
158
170
28
-109
-125
-47
65
83
20
-59
-144
-192
-131
-88
-30
50
-15
-64
-14
36
32
-8
-16
42
88
153
238
176
113
70
97
284
287
229
168
47
5
25
67
72
121
64
-20
-49
-113
-84
-72
-68
25
65
32
-73
-180
-210
-192
-131
-126
-111
-83
-105
-56
15
30
79
124
80
63
141
170
138
105
129
210
298
310
206
289
374
210
158
116
132
144
8
23
8
-68
-56
-50
-124
-76
-30
-193
-227
-268
-285
-199
-164
-119
-184
-265
-299
-289
-160
-33
-83
-148
-138
-148
-201
-244
-134
-59
-115
-129
-95
-38
-36
-127
-110
-34
24
-2
-34
-36
-71
-33
-89
-48
66
70
11
-46
-57
-148
-117
-11
28
30
-35
-62
-112
-185
-155
-43
-14
-27
-30
-59
-13
-31
-58
-36
-52
53
65
37
142
152
121
30
62
236
343
340
230
225
167
147
200
225
266
251
205
138
192
282
206
151
158
117
125
80
25
135
104
14
-1
-12
94
117
48
-12
-113
-127
-66
14
98
-28
-205
-217
-204
-74
60
49
-45
-155
-196
-168
-87
6
17
-88
-162
-117
-25
-17
-38
-57
-149
-153
-135
-123
-11
-28
-91
-135
-213
-134
-57
-57
-96
-141
-81
-103
-129
-97
-32
-11
13
-7
-122
-115
-189
-160
37
21
-15
-16
-85
-39
-27
-90
-56
-15
20
34
16
45
91
112
100
78
114
116
99
111
135
192
115
108
216
152
84
77
125
225
192
149
112
80
127
120
97
46
-20
-37
-52
-60
27
151
113
9
-26
-25
52
35
26
44
-57
-55
-76
-128
-43
-40
-66
-79
-110
-118
-142
-191
-197
-149
-133
-43
-98
-210
-226
-261
-198
-151
-105
-68
-84
-60
-45
7
69
64
115
79
27
12
24
140
139
145
128
35
1
29
130
90
42
61
13
-52
-97
-16
25
-14
13
31
30
68
93
81
49
61
101
86
80
87
186
185
77
105
95
24
-48
-59
-24
0
97
20
-114
-127
-226
-85
-1
-79
6
-91
-172
-164
-197
-103
-81
-125
-120
-178
-179
-99
-94
-93
-102
-138
-104
-132
-150
-86
-86
-146
-122
-52
-16
83
85
30
41
82
171
214
256
304
230
152
183
224
245
269
239
186
154
130
145
180
117
2
-10
-41
-89
-91
-75
-65
-128
-133
-34
12
-27
-62
-118
-52
65
89
166
119
75
35
-18
86
110
139
185
118
22
-28
-23
15
17
-32
-21
-72
-124
-156
-138
1
-22
-54
-69
-179
-178
-193
-235
-121
-57
-72
-67
-123
-37
24
-122
-125
-67
-85
-111
-113
-52
30
-16
-178
-193
-171
-139
-55
-33
-5
-54
-76
12
9
20
56
55
106
135
132
133
137
79
155
194
36
69
103
45
32
21
58
101
130
143
103
-29
-134
-67
-18
-5
-7
-97
-63
-81
-129
-9
64
166
160
91
130
88
103
121
85
160
198
207
109
-2
40
14
-26
31
-4
-51
-62
-152
-140
-129
-152
-107
-176
-208
-142
-201
-210
-169
-138
-120
-135
-77
-46
-89
-128
-110
-70
-55
-90
-98
-90
-86
-78
-86
-19
-21
-45
-60
-87
-21
-13
5
-14
47
175
118
137
99
64
131
90
148
208
184
208
191
187
157
102
108
83
88
55
2
53
51
-10
-26
8
5
-46
-6
2
-44
-22
3
33
-6
-27
50
65
80
106
87
42
35
54
38
78
94
29
4
12
61
65
0
-39
-36
-35
-98
-121
-42
-142
-164
-81
-138
-35
-27
-39
9
-62
-26
-33
0
121
153
123
20
-51
-58
-15
-25
-1
11
-79
-85
-93
-101
-62
-32
-89
-145
-132
-132
-86
-84
-64
27
49
61
90
101
44
14
96
97
86
56
76
136
65
-41
-60
-31
-130
-91
7
-69
-106
-106
-70
7
30
121
141
0
24
66
65
134
102
76
118
157
185
131
82
82
15
18
20
-15
-39
-77
-109
-160
-135
-112
-113
-144
-127
-97
-117
-103
-183
-180
-76
-79
-52
-9
-13
5
18
5
-17
-4
49
13
8
42
41
-5
-57
16
-45
-93
-110
-178
-66
-84
-141
-110
-75
-9
21
82
15
-28
51
76
98
78
95
121
78
74
150
123
110
162
116
136
86
1
48
31
-9
20
26
-27
-37
-34
-43
26
106
82
49
66
33
-13
66
102
77
143
90
-15
-33
-1
32
36
119
58
-29
-19
-101
-107
-118
-70
-59
-105
-50
-136
-144
-54
-103
-77
-57
-84
-55
-35
-24
21
50
34
36
38
41
32
22
-24
14
38
-34
-51
-33
-33
-31
-49
-105
-84
-47
-88
-66
12
-32
-56
-46
-44
-3
34
2
56
209
205
166
156
159
159
135
145
95
33
81
58
46
44
-35
-24
-56
-8
-16
-45
-43
-116
-28
-24
-6
45
-43
-85
-24
-16
-59
-29
2
-33
-41
29
27
32
1
-97
-66
-80
-150
-135
-87
-58
-144
-112
-71
-111
-23
-4
-25
19
44
43
72
76
34
16
-16
-22
79
129
118
138
29
-27
3
-41
0
-3
-78
-78
-74
-69
-71
-53
-12
-5
-12
-51
-61
-63
-90
-41
-49
-102
-62
-52
-62
3
-50
-75
91
74
-7
0
-6
42
34
2
39
2
-26
49
97
93
56
-2
-7
8
76
75
22
72
42
90
142
127
133
66
108
109
57
56
7
-32
-27
-10
-10
-17
-1
22
11
54
59
-29
-69
-10
59
84
56
17
98
115
44
3
-62
-48
-13
20
41
-24
-57
-139
-94
39
-50
-3
44
-35
-41
-82
-119
-133
-139
-126
-131
-146
-112
-77
-53
-45
-111
-80
18
32
1
-12
10
-66
-82
12
0
10
-26
-9
19
-46
-8
-47
-37
51
21
17
30
66
101
59
73
38
25
108
113
97
102
131
79
46
134
141
88
26
-11
6
24
50
48
18
-29
-60
-29
-20
23
31
-30
2
33
30
5
-76
-79
37
17
-28
-17
-91
-5
80
-9
-9
45
-6
-28
-39
-74
-40
-87
-119
-98
-43
-34
-105
-90
-86
-93
-119
-153
-54
12
-23
24
10
-53
11
28
-37
-148
-145
114
89
-170
-187
-2
181
8
-36
157
74
-30
-11
163
228
96
-1
63
188
103
53
-14
7
136
115
152
123
20
57
66
13
-66
-66
31
8
-69
-114
-95
-79
-83
-89
-13
18
-163
-186
-97
-106
-86
-71
-65
5
49
34
23
48
55
49
-20
-90
40
118
65
79
85
79
81
72
27
44
16
30
139
80
32
27
42
76
91
98
44
28
74
50
31
-38
-110
-42
-52
-52
-16
-52
-90
-136
-139
-147
-119
-97
-138
-78
-43
-79
-113
-111
-129
-121
-32
-33
-32
51
127
153
155
122
98
105
118
113
131
152
109
28
43
39
-76
-33
-34
-93
-36
-71
-66
-104
-69
27
-106
-78
-3
-38
-29
-21
-21
-4
-9
-5
20
19
4
-84
-42
-21
-139
-124
-134
-108
-35
-96
-122
-48
38
60
43
73
126
96
59
129
162
111
82
124
76
74
126
70
150
150
53
44
60
1
-39
54
40
-74
-58
42
-75
-120
14
10
-48
-81
-61
-40
-52
-29
70
57
-34
0
72
51
20
147
115
15
88
4
-53
-1
0
-5
-42
-36
0
-49
-11
2
-105
-65
29
11
-60
23
105
30
-36
-68
-64
-20
49
-8
-31
71
1
-89
-80
-94
-149
-122
-77
-91
-26
-8
-51
-138
-128
-46
-63
-49
0
76
46
31
24
-8
38
32
-9
-16
60
120
125
87
89
99
9
23
64
37
34
57
30
-108
-144
-29
-17
-93
-72
24
26
-30
1
37
4
8
25
37
79
74
47
60
99
61
29
112
179
89
-1
73
63
5
-30
-31
1
-51
-44
5
-35
-62
-54
-83
-75
-53
-26
5
-19
-43
-66
-41
-54
-90
-21
-52
-50
-42
-67
-81
-97
-30
-140
-126
31
-97
-159
-71
-60
-84
-24
59
50
92
123
71
46
50
89
112
114
157
207
197
157
129
74
69
145
175
153
125
81
110
58
-63
-53
-6
-7
-36
8
23
-35
-59
-70
-66
-101
-167
-85
-15
-19
-21
-87
-105
-47
-95
-78
30
-3
13
23
20
24
-74
-26
-16
-21
46
2
-20
-49
-76
-54
-11
-15
-9
33
-1
2
46
-73
-162
-69
-23
16
11
-16
-10
-38
-36
-50
-52
-85
-91
34
25
-126
-70
-5
-86
-75
-9
-42
-50
44
10
-18
31
27
-3
-29
37
133
89
63
156
198
141
84
140
145
88
30
-34
19
52
42
37
59
7
-45
5
-5
-18
10
-4
-20
0
-25
-61
-113
-100
-75
-82
-8
-36
-40
43
43
-10
-28
-10
-18
3
42
40
36
-31
-70
-87
-58
-76
-102
23
-9
26
119
46
38
40
-15
22
58
56
146
90
-9
45
40
-11
-6
-17
9
71
86
-17
-65
-16
-120
-73
39
-30
-18
13
-56
-30
45
-2
-12
41
32
8
1
-65
-133
-63
9
7
21
97
136
90
69
61
50
8
-40
33
69
-12
-45
-50
-46
-66
-28
17
-95
-101
-43
-87
-70
-83
-47
-29
-141
-126
-54
-26
-51
-81
0
7
-40
24
45
30
19
-37
-43
-60
-22
-14
-46
9
5
-8
-20
17
42
22
121
162
97
101
122
139
143
74
89
118
98
116
131
120
-9
-55
-32
-69
-56
-75
-43
-36
-63
-31
-47
-60
-122
-77
-11
-99
-85
-80
-86
-49
-56
-43
-12
65
71
-21
-5
45
26
-12
-22
-11
-40
4
16
-57
-53
-55
5
34
-29
20
-6
-88
7
85
30
45
29
18
88
-24
-110
-96
-61
17
-15
-14
-38
-98
-35
-7
-59
-99
15
72
44
28
-42
-78
-99
-35
45
97
84
146
247
78
19
51
-3
73
120
127
121
124
129
83
43
-31
21
54
32
42
39
84
-2
-99
-100
-74
-65
-74
-5
16
51
98
40
-59
-99
-77
-33
-50
-103
-39
-45
-92
-51
-45
-37
-31
-37
-15
16
-32
-97
-69
-62
-60
42
43
-7
62
51
16
20
-22
-23
13
17
27
-23
-29
23
-10
41
12
-47
-33
-124
-132
-149
-118
-16
36
14
-68
-8
0
-54
-44
8
86
97
128
89
27
42
19
47
40
-16
87
161
89
111
113
73
8
-22
-17
33
63
-33
-30
-44
-12
-34
-106
-38
-29
1
0
-29
-3
-58
-59
-47
-95
-30
-16
-33
-11
-1
44
13
-79
-68
-53
-75
-37
-89
-70
34
1
-19
-14
-2
53
41
11
67
57
35
47
94
115
68
97
68
72
71
41
55
34
52
37
0
-11
-18
-23
-29
-73
-76
-54
-68
-44
-50
-38
-27
5
29
-10
4
38
22
20
40
28
39
29
33
36
-20
-12
71
62
-31
56
46
-13
42
-91
-91
-65
-107
-4
-1
20
31
-13
-34
-98
-98
-69
-17
18
-45
-19
7
-7
15
-8
31
84
12
32
6
-98
-26
-60
-93
-9
-52
-92
-10
24
-56
-90
-58
-41
-29
3
38
40
82
110
64
38
44
78
123
56
14
83
-9
-80
-20
-14
1
12
48
124
82
50
41
-14
-13
-77
-94
-75
-73
2
15
61
60
-17
42
45
30
39
36
60
46
24
32
23
-11
42
36
19
6
-37
-49
-112
-68
-35
-118
-130
-130
-176
-100
-91
-152
-3
54
-34
-25
-32
-40
15
-5
39
94
32
62
130
112
34
45
85
72
25
-62
-75
-44
-9
-49
-55
-47
-13
62
-4
52
57
-2
53
44
53
21
8
42
51
87
83
86
110
93
6
-29
2
-24
-96
-96
26
-4
-40
-33
-98
-41
-52
-90
-54
-63
-42
38
60
22
6
6
35
42
65
111
98
111
86
-18
-5
-12
-38
-16
-30
21
33
41
-24
-86
-8
-80
-116
-90
-49
-33
-87
-59
-84
-49
-59
-47
68
6
49
98
-17
35
101
41
51
45
-15
11
13
-42
19
30
-9
38
-27
-31
57
70
-7
-72
-26
0
11
13
27
26
3
-22
-101
-97
16
22
74
131
85
65
-10
-8
4
-34
-69
-60
21
-34
-106
-47
17
-51
-94
-59
-24
2
-99
-62
-27
-110
-31
17
-10
22
32
16
88
79
36
63
17
-5
5
45
45
64
74
44
5
-72
-37
-39
-31
-29
-33
-14
-99
-11
-13
-38
69
50
74
12
4
37
18
78
9
57
99
30
103
85
3
50
46
-41
0
38
40
9
-56
8
31
2
-43
-71
-2
-40
-47
-1
31
36
-40
0
-2
-72
-77
-38
23
35
4
-30
-69
-61
5
16
56
48
49
108
21
2
-7
-35
0
-33
-66
-81
-100
-62
-29
-56
-19
-18
-29
29
32
-61
-79
47
-5
-62
-17
-44
38
55
49
118
56
14
-27
-44
-33
-37
5
3
21
-9
-63
-49
-22
-54
5
83
0
-14
-23
-46
60
81
39
74
18
-19
34
20
44
69
21
74
97
86
47
27
67
-11
-12
-31
-94
-76
-37
24
-32
-107
-52
-138
-187
-6
-69
-61
30
-26
70
46
10
-11
-53
41
45
83
34
20
63
-34
-2
29
49
14
-40
10
12
-24
-34
5
-30
-11
38
-70
-111
-80
-51
-1
1
0
18
7
-14
26
61
4
9
63
107
101
69
79
18
-15
42
43
-39
-77
-35
-1
1
-29
-23
11
-1
-47
-29
-13
-42
26
41
-25
-59
-43
-47
-72
69
143
73
84
67
29
41
56
46
19
7
-21
-68
-109
-67
-65
-16
1
-100
-68
-63
-73
-24
6
-12
-16
-30
-39
15
3
20
59
69
95
52
-29
-34
65
77
9
55
73
43
-5
-83
-75
-56
-110
-133
-49
-47
-37
-12
-34
-6
5
-10
-20
26
28
26
104
145
67
22
82
24
4
64
-4
96
86
-28
76
62
-22
-38
-1
-11
0
-1
-74
-26
-25
-28
-43
-69
-2
-41
-55
-41
-32
18
-1
-6
69
57
-34
-48
-86
-40
22
6
56
24
-40
-36
-66
-76
5
-6
-25
53
-31
-95
-59
-84
-50
-7
-8
-14
-9
56
55
30
68
20
-18
7
40
85
53
59
82
8
12
22
20
46
68
83
36
-46
-144
-99
-61
-47
24
44
64
36
-1
-60
-78
-42
-16
3
21
59
4
0
26
8
63
88
123
103
35
26
47
27
-25
-18
-35
-7
-18
7
75
-14
-27
-30
-17
-59
-144
-55
-23
-45
-24
-31
-53
-7
-9
9
53
53
89
17
-10
37
-50
-62
-20
-32
17
29
5
-46
-68
-43
-81
-38
19
-9
2
-10
-33
-19
1
-12
-1
58
39
-7
-38
27
88
14
3
-1
-37
27
46
110
126
53
99
18
-65
-48
-88
-60
-19
10
34
-33
-19
-46
-36
88
7
-22
-21
-26
40
12
-26
-25
-21
16
56
30
14
23
43
-9
30
49
-46
-28
-12
23
52
34
-28
-85
-45
-19
-33
-43
-82
-43
-1
-39
-18
-49
-55
-9
42
104
38
-22
-4
6
16
25
-43
-49
-15
22
56
-47
-60
-30
-22
15
-6
2
27
47
43
9
13
2
24
1
-57
-47
14
8
-18
-29
-75
5
30
-14
-51
-27
114
121
16
-36
-4
-7
16
76
15
-18
-25
12
15
-61
-28
-5
-25
-22
-59
-54
-9
-30
9
62
41
2
35
27
-36
45
17
3
28
-45
0
48
46
14
30
80
-2
-17
26
-16
-10
2
-53
-70
-69
-94
-107
-87
-41
-45
1
65
12
-45
1
81
68
33
63
92
74
68
69
93
87
18
2
-19
-61
-40
-43
-70
-39
-34
12
-8
-89
19
22
-12
84
79
-21
-26
73
43
16
42
-16
4
37
-5
-17
-48
-69
-45
9
52
-40
-51
2
-55
-39
-50
-49
16
-7
23
-18
-35
29
3
56
53
-22
4
-25
-17
44
-7
53
88
15
38
-11
-48
47
36
36
51
-37
-18
11
-20
-43
-65
-52
-24
-17
-39
-34
-46
-4
-26
-55
-6
-31
-27
19
89
9
-32
40
43
3
-26
-10
-19
34
-2
-39
0
-4
13
12
20
-2
-34
-43
-6
-40
-38
45
-1
-3
29
33
-68
-69
39
7
58
26
-24
68
53
43
39
-27
-28
19
-2
-54
-69
17
49
-4
24
-12
-30
-43
-16
8
-62
-9
17
44
57
-2
59
62
17
12
-7
6
-14
-19
2
45
68
28
64
60
0
-27
-24
47
34
-24
-4
-35
-82
-65
-94
-111
-50
15
79
26
-4
39
46
36
-17
28
9
-27
20
0
13
-3
28
37
-67
-44
1
-15
-20
-38
3
109
47
-43
-33
-45
-17
-17
-26
30
15
-6
68
-32
-57
35
-21
12
36
77
80
23
47
84
49
-8
2
-9
14
-23
-37
-1
7
-11
-82
-44
-21
-14
-4
-37
-65
-25
25
2
0
-7
44
101
24
-16
19
46
66
5
-29
-8
3
1
-37
-49
-28
11
37
17
-56
-79
-40
-23
-48
-76
-46
-17
39
57
7
2
-17
18
32
18
17
-101
-30
45
3
23
-17
-2
28
51
50
18
15
-30
-18
27
-24
-88
-41
-33
-20
78
20
-64
-22
26
-28
-52
-47
-39
22
1
26
71
54
11
-46
-6
90
74
11
-7
37
71
42
-58
-91
-58
-128
-98
-24
-33
2
41
40
45
23
15
-29
-26
28
11
23
26
-29
-44
34
62
52
16
-1
-10
-4
22
-22
0
16
47
47
3
41
15
-15
-34
-61
-33
-8
-73
-80
-14
-43
-20
58
45
-22
11
62
67
60
8
11
20
20
12
-53
-49
-15
12
22
21
52
8
-63
-38
-8
-9
-22
-64
-2
74
38
-54
-25
52
-39
-68
-16
-1
19
-5
2
67
60
42
36
-3
18
11
-53
-93
-26
25
-7
14
22
22
13
8
-44
-54
-25
-60
18
0
-78
-1
35
-15
-44
42
44
32
99
49
37
54
52
-4
-3
69
10
13
2
-61
-13
-84
-22
72
-51
-14
28
24
-1
-61
-67
-61
-15
-5
-47
-34
-12
43
46
-10
46
47
39
28
17
19
-84
-87
-15
-12
-36
-23
39
40
25
34
-47
-88
-42
-38
-9
12
8
18
20
10
-43
-30
-16
-19
78
79
1
-31
30
54
-7
48
20
30
74
-5
-29
-47
-43
-51
-95
-45
28
-27
-26
38
48
37
-6
-35
-31
-8
12
-21
-40
19
21
-1
10
40
27
-9
64
54
-9
0
0
-3
-12
-22
5
19
-28
4
-10
-54
-5
-73
-53
61
-2
-38
-19
3
60
-25
-43
0
7
55
23
39
-7
-76
33
21
-34
29
0
-44
48
31
-71
-67
-46
19
42
20
41
49
31
49
31
-11
-13
-24
-22
-76
-42
-8
-60
-44
-17
-2
28
60
42
29
54
55
-4
24
51
-17
18
-32
-49
64
-29
-65
17
6
-31
-73
2
49
-30
8
14
-11
82
-36
-75
6
-39
24
31
-12
-40
46
107
60
81
50
-31
-52
45
-36
-111
-36
6
48
33
43
-23
-47
-45
-53
-1
-67
-76
-13
74
123
10
-16
34
95
80
-83
-69
59
3
-60
-32
7
24
-11
7
86
111
27
-31
-19
-27
23
-21
-56
-26
-49
33
25
-28
-44
-6
51
40
50
-25
-82
-84
-20
60
-20
-58
21
50
70
59
-103
-88
31
-42
-8
-2
-47
51
-6
-43
44
-38
-69
29
-9
27
-4
-33
90
23
58
23
-35
73
26
-28
-18
-45
-20
18
-38
12
-6
-43
69
64
59
41
-23
34
15
-37
-23
-78
-51
-7
-2
29
1
-40
-56
-51
-16
8
-18
-12
14
12
-1
-16
-10
25
33
68
128
101
5
-50
-12
-38
-46
5
-21
24
45
-31
-40
-42
-14
11
-12
-4
87
74
-41
-46
-54
-26
6
-20
-13
-25
-5
51
-27
-90
-16
-12
-51
-59
-27
51
14
8
78
74
64
24
34
13
-43
-58
-71
18
30
0
65
61
59
50
-9
7
-16
-27
-4
-17
12
-42
-69
4
-7
0
64
30
11
40
63
19
-58
-18
-36
-47
15
-67
-73
16
-49
-55
-10
-2
-16
11
17
-7
39
8
34
10
-8
103
2
-59
74
61
-6
-4
-8
29
38
3
59
9
29
79
-68
-76
-67
-110
-61
-40
-25
-13
15
45
-30
-69
-24
-3
-4
-11
0
39
41
0
-59
-32
-5
-70
-19
32
7
56
51
28
60
34
18
51
27
-9
23
10
-30
-48
-72
14
38
-22
56
97
20
-36
-9
-41
-51
-11
-6
10
-21
38
27
-39
-50
-66
-4
-12
-36
-6
58
64
-28
-44
-7
-27
-106
-89
-25
23
85
46
35
91
32
6
6
-51
-8
22
43
70
17
17
59
12
-35
-44
-26
19
3
-24
-12
9
-25
-19
-20
-22
-12
-82
-31
-3
-12
-23
-43
-24
-12
5
21
43
-7
37
69
43
28
-1
11
-87
-6
75
-21
18
25
61
106
18
-8
-20
-10
55
10
-2
66
71
-10
-40
-30
-66
-32
-31
-42
-37
-35
14
-36
-52
-46
-59
3
-11
-5
7
15
17
-13
30
14
-36
-19
-50
-82
47
64
-49
-26
42
52
-1
-31
33
66
27
61
17
12
66
8
19
5
26
62
-28
-36
12
-9
-40
4
12
-19
-13
-74
-48
24
-34
-38
-1
5
21
23
-51
-65
4
-11
-14
-2
46
47
-11
-15
5
63
96
77
25
63
65
-38
-1
9
-13
10
42
69
-11
-56
-50
-42
-25
14
73
41
12
12
-11
-5
-35
-59
-14
-57
-54
35
-79
-83
-30
-118
-18
0
-58
1
-40
-57
37
51
-18
22
64
62
117
114
51
22
-11
-60
-6
-6
1
63
14
0
43
11
-55
-73
0
99
56
21
96
68
-6
27
10
3
22
-50
-9
14
-13
-1
-46
-20
-6
-40
-68
-58
-2
-19
-31
-20
-7
47
-1
-53
31
62
33
35
16
18
67
37
-12
-5
4
5
58
43
-29
76
36
25
89
-34
-35
-66
-52
50
-68
-125
-68
-44
0
9
1
52
23
-7
55
-4
-59
-33
24
75
-4
-24
-3
-54
-86
-78
-34
2
45
36
-2
5
-5
11
2
-32
25
68
66
56
55
89
51
15
28
33
45
-32
-61
2
1
16
72
38
-8
-17
1
-3
-47
-22
-44
3
60
-12
-70
-77
-60
-65
-85
-83
18
61
-23
-31
42
46
-20
30
40
-17
35
11
7
1
-81
-26
-39
-19
26
-48
-9
22
13
14
11
21
0
-61
-23
67
19
31
79
20
-11
22
25
-60
-90
-22
-6
-7
21
36
26
14
42
57
25
-50
-76
-47
-44
13
25
-10
18
10
-24
-17
-35
-70
-29
-19
21
99
0
-1
76
30
66
64
4
67
20
-65
10
42
11
-59
-56
33
49
10
-78
-84
-48
-36
-28
-88
-53
14
-1
46
3
-31
-36
-9
94
53
54
40
16
32
-25
-50
-51
-19
37
23
-34
-68
-38
17
-49
-6
37
-19
83
110
26
-60
-40
56
-13
-86
-46
32
-6
-5
72
37
47
6
-37
-16
24
65
-2
-13
47
59
18
-28
-20
-19
-22
-23
-7
-6
-17
-11
-61
23
86
-7
-5
-52
-79
-5
-21
-28
2
26
64
55
25
26
0
-67
-54
16
2
18
19
-72
8
63
0
-17
-84
-51
12
-32
-39
-45
-41
-22
-49
45
49
-42
-4
9
88
42
-5
18
-52
13
-10
-47
-12
-9
15
29
1
-21
-11
-41
-14
8
16
70
11
-2
3
-38
22
-34
-19
54
50
40
-38
-14
10
-10
-36
-56
-47
-50
4
-29
-51
42
38
87
44
-38
30
-20
19
57
12
72
29
4
-13
-58
-35
-33
-24
13
8
-41
-52
-54
-64
-66
-55
-34
2
16
22
-2
-23
-36
-2
60
-95
-65
106
-51
-31
49
-60
-27
-1
13
56
65
47
52
92
53
15
55
20
0
59
39
38
55
50
50
46
91
74
2
-50
-44
-10
9
12
-15
31
56
22
57
7
-41
23
-20
-27
5
-105
-119
-44
-38
-40
-46
-75
-71
-35
-95
-95
-32
-39
-3
-38
-1
23
-64
24
11
-25
48
-24
-19
58
13
9
38
65
114
98
13
-22
95
95
-27
58
110
60
64
18
10
18
-37
-40
-10
-2
3
-27
-7
35
36
21
-19
35
119
13
-44
25
0
1
-43
-53
-37
-91
-2
-24
-60
-2
-65
-61
-17
-52
-12
-23
-17
51
-15
43
18
-90
-35
-32
-10
21
-1
0
14
58
-3
-65
-9
-13
33
34
-24
49
92
67
50
12
4
9
15
11
-23
-5
13
30
110
79
1
45
12
15
-14
-89
-55
-79
-6
59
39
21
-33
-8
-17
-83
-79
-75
-35
-58
-111
-67
-75
-53
-57
-68
14
-25
-64
-47
-73
-68
-67
27
61
22
31
-5
-9
-53
-41
29
-28
-50
-15
-14
-7
-20
20
55
71
113
97
45
66
82
51
83
82
128
99
13
66
28
26
78
-11
-8
28
-54
19
48
8
12
-86
-42
-10
-87
-61
-80
-41
38
53
58
-90
-48
2
-65
29
-57
-101
-48
-62
-48
-81
-18
-11
-66
-25
-51
-22
-11
-61
-19
38
78
27
13
-1
-40
35
31
29
62
25
-22
23
49
-47
-2
30
40
25
-10
113
107
23
-12
40
64
-22
-3
12
17
-7
-29
39
-16
-92
-86
-47
-4
-10
-44
-56
-38
-85
-54
-39
-64
-63
-112
-66
-21
-42
-41
-11
-19
-21
25
-58
-98
-15
-31
27
85
52
75
49
30
65
36
68
119
87
84
39
35
68
54
33
34
104
102
50
43
78
62
94
162
93
63
94
75
20
12
0
-36
-19
-9
-20
-54
-86
-53
-45
-86
-102
-145
-132
-97
-135
-118
-107
-105
-63
-63
-101
-93
-68
-90
-63
-122
-132
-32
-49
-47
-57
-49
-29
17
-7
-86
26
47
40
47
-4
29
-8
-15
48
0
50
134
52
76
106
55
103
66
20
63
44
61
22
7
111
70
46
73
44
15
14
-8
-20
43
30
-5
-4
-21
-11
-16
-29
-34
15
55
-4
-35
-33
-13
-83
-111
-8
-45
-41
-17
-33
11
-18
-45
-21
-1
-19
-6
2
-33
-31
-5
-24
24
76
12
43
44
44
9
-41
49
26
-44
-9
41
-29
-75
-36
-26
-14
-32
-24
26
17
-17
34
88
22
22
65
24
-29
-23
2
-20
-50
-120
-105
3
-32
-61
-61
-38
34
-6
-50
-94
-70
-53
-93
-12
43
27
22
84
83
66
85
32
27
18
8
52
35
26
44
63
148
103
11
-14
9
29
14
95
48
120
179
42
88
39
6
26
0
67
70
34
-23
-10
11
-33
-26
-33
-20
21
-26
-84
-115
-115
-8
-57
-110
-17
-71
-120
-129
-151
-101
-106
-74
-12
-78
-25
43
-26
-24
-59
-30
0
-83
-71
-64
-43
-3
35
16
2
46
0
21
25
42
77
56
105
100
100
146
101
22
25
68
83
80
86
130
100
-9
57
90
-9
-4
37
90
54
57
106
19
-29
42
83
25
-47
-10
10
-100
-96
-29
-29
-57
-85
-48
-70
-93
-31
-17
-85
-47
-33
-74
-12
-97
-129
-69
-44
8
-25
-58
-63
-34
2
-17
0
55
3
-84
-55
-13
-1
2
7
20
53
65
22
58
29
-37
19
14
25
47
12
8
44
70
44
30
-81
-47
67
15
30
33
13
21
20
37
-27
-67
25
47
-60
-90
-15
11
16
-3
-21
16
22
4
-19
6
13
-25
35
52
17
49
30
13
25
30
53
-10
-1
30
-1
76
-8
-7
49
-80
-12
31
-11
-7
-30
30
57
-28
-64
17
55
17
44
45
-20
-37
-62
-76
-66
-92
-69
-44
-75
-86
-134
-128
-74
-81
-50
3
-14
-30
-3
35
65
-24
-35
52
-8
-45
-61
-54
-13
-66
-2
24
-8
116
109
30
30
45
23
-32
27
42
20
114
110
61
62
21
64
82
49
105
85
62
125
80
61
126
15
-8
67
56
8
-56
-28
-63
-130
-59
-52
-38
-49
-28
25
-4
29
-52
-120
-101
-46
-8
-70
-20
-63
-122
-39
-15
-30
-103
-79
11
49
29
-63
-41
-19
-76
-51
30
28
-6
-24
14
69
53
-4
-17
69
32
33
65
8
56
64
53
35
40
58
41
48
-15
-8
-2
-30
49
-20
-68
-39
-22
54
-25
-53
19
-4
-18
-22
-12
-6
-48
-30
-23
-6
15
-47
-37
-8
-6
-9
-34
20
-9
-86
2
31
84
108
-43
-32
9
-14
9
-20
13
20
-17
36
3
-60
28
42
37
47
-11
18
-37
-67
-19
-8
67
95
2
-57
-24
-41
-74
-47
-16
-10
-43
-5
51
-8
-22
-6
22
46
-16
-33
-2
-20
-40
1
-2
-42
23
-15
-52
1
-59
25
87
-50
-5
16
-41
-6
-26
1
9
49
60
-28
42
67
36
-33
-36
43
-56
-44
-17
-46
46
10
-11
91
22
-76
-37
29
71
9
-19
51
13
-34
-12
-14
1
2
-2
-39
-40
16
-9
4
-17
-34
51
33
12
-16
-69
-21
21
23
46
40
0
2
41
53
-18
-88
16
112
31
9
42
25
12
-31
-8
106
121
18
0
112
88
48
63
54
34
-13
39
36
-6
16
-41
-24
27
-1
2
-15
-49
35
9
-84
-2
-36
-147
-142
-62
-66
-118
-19
32
-11
-26
-33
-23
-38
-55
-78
-58
-3
-90
-127
-57
-17
-45
-12
0
-1
44
-23
1
16
46
92
100
107
32
47
42
31
59
-20
-10
45
24
89
113
50
53
50
10
55
20
-42
18
-15
12
28
23
54
-57
-9
64
-34
-36
29
-1
0
12
-45
-57
-48
33
-18
-66
49
42
-3
-24
-51
-62
-65
-72
-66
-5
2
-24
12
15
68
23
24
55
-37
34
0
-6
43
-8
-56
-93
-2
-10
-49
17
-47
-57
17
-2
-39
-67
-29
61
67
4
0
31
-26
-18
52
-22
-48
-33
-52
-54
-66
8
44
8
-15
-22
16
-15
0
5
45
105
38
49
82
36
26
-10
-44
-10
-33
12
26
6
45
35
16
7
-11
20
55
-30
-22
49
41
59
17
6
67
-12
15
51
-50
-23
-28
50
103
-39
-52
-16
-54
-24
29
-44
-36
23
42
16
-76
-96
-60
-41
5
55
-17
-66
22
48
-63
-49
-9
-54
-25
-19
-27
-50
-60
13
29
32
23
13
6
6
89
22
-38
5
11
17
38
16
0
82
70
23
30
89
104
-7
-10
57
82
77
78
51
24
57
-1
-79
0
59
-7
13
45
16
-5
-39
-31
-20
-83
-97
-57
-54
-49
-74
-71
-36
-53
-91
-111
-73
-40
-24
-18
-23
24
36
-59
-89
-38
-38
-75
-84
-71
-82
-21
6
0
40
-23
-48
43
95
26
7
18
-21
23
61
85
66
51
118
99
26
-24
-27
39
43
32
90
71
63
42
17
54
33
56
87
65
63
41
3
18
10
17
31
-8
-41
11
88
2
-39
-24
-27
32
-18
-17
15
-70
-29
-2
-57
-58
-50
-28
-46
-100
-99
-87
-66
-28
-53
-61
-44
-73
-79
-82
-72
-12
8
-28
-8
-3
-45
-57
-75
-70
43
34
-67
-35
-35
29
10
-15
43
9
58
39
29
93
71
48
-7
35
147
91
79
75
2
12
-5
2
33
33
-20
-7
91
88
34
12
40
67
47
-8
34
53
18
10
15
35
16
10
-30
7
29
22
56
-45
-94
-103
-95
-53
-38
-18
-30
-18
7
66
24
-7
48
-18
-62
-37
11
-23
-80
-8
8
-7
37
13
-20
-34
-79
-48
57
9
-70
-25
-33
-26
-52
-44
10
-19
5
12
42
-33
-112
10
62
62
66
52
80
71
-28
-65
-17
-10
-56
3
-12
-17
5
-60
22
-61
-57
67
-18
24
45
21
34
-20
-44
-30
0
34
23
4
35
56
121
65
-63
0
19
13
-13
-20
-6
-30
19
19
31
-16
-26
9
-7
62
42
52
66
3
4
-12
1
-32
-46
6
20
64
20
-34
-23
-27
0
-12
-49
-9
-2
-64
-10
39
-1
17
-31
-70
-44
-90
-41
40
-77
-102
50
21
-23
3
-18
-66
-35
73
44
-25
-22
13
14
6
-21
-41
-25
-45
41
22
-50
10
6
-13
-18
15
17
-20
7
50
95
40
19
2
-46
4
2
-3
6
0
2
-24
33
39
19
75
87
69
-6
-43
-39
-19
-21
-4
9
34
20
-23
9
10
40
10
-2
38
-12
-11
-8
22
11
-41
7
17
3
49
37
-34
-9
26
-1
-9
0
-24
-30
-40
38
53
-19
3
39
72
21
-64
-78
-37
-14
15
17
9
31
22
22
0
18
4
-74
-33
-23
-10
-20
-129
-50
40
7
-45
-58
20
8
-4
22
-71
-68
-24
-26
-2
6
-5
-36
-19
-1
-5
-24
30
53
26
20
-20
-39
-8
-3
7
69
68
51
26
33
1
1
68
-16
-8
48
36
62
38
51
75
50
27
21
43
17
-46
-19
53
16
0
36
58
50
6
-42
-41
10
32
41
20
-25
-15
-28
-99
-68
-51
-58
-7
-31
-32
-41
-53
13
22
8
-58
-98
-7
-23
-78
-67
-42
-54
-81
-21
-2
-16
-56
-63
30
43
13
-4
-22
-47
-74
7
2
-46
37
35
46
53
10
13
-17
0
38
48
42
23
8
-12
74
67
-5
58
72
24
52
35
47
50
-65
-11
17
-21
43
54
7
-11
25
-10
-32
11
8
9
-3
-7
21
43
-22
-71
-6
20
7
-33
-2
64
60
25
-67
-34
-26
-43
35
-10
-38
-14
-31
7
5
-17
24
-10
-42
-1
0
-86
-47
-26
-56
41
-4
-38
-40
-93
12
70
56
61
-40
-52
7
-26
-24
-27
6
28
-19
2
-42
-95
-7
-14
-54
22
84
75
15
-5
61
124
-16
-54
61
28
31
63
40
19
31
36
105
24
-41
49
-24
1
17
-48
0
39
0
-64
-19
-37
-111
-38
33
46
-44
-71
16
21
67
45
29
45
-18
-48
-54
-62
-78
-34
-46
-72
-7
-5
-61
-32
11
0
32
-11
-58
-10
-3
28
44
-7
-3
45
57
58
39
41
9
22
36
-45
-6
-22
-7
90
39
8
18
20
6
-51
-16
18
-24
-92
-19
73
32
59
67
18
40
8
-59
39
7
-57
-43
-57
-25
-91
-83
-33
9
54
4
-3
-69
-86
28
52
-9
1
14
-52
-34
-9
12
63
39
-15
-46
-62
-68
-44
-7
53
-19
-78
0
4
79
23
0
51
35
90
23
6
-35
26
96
11
59
12
-2
-50
-94
23
-44
-72
6
39
20
51
58
-48
-11
-29
-51
97
76
18
29
-43
-46
6
24
-5
-21
39
86
47
-21
12
-7
-77
-73
-50
7
-33
15
79
-46
-1
95
28
-29
-12
-4
52
57
-11
-59
-91
42
0
-29
29
-62
0
38
23
-28
-74
-17
-37
-56
-79
-67
-14
32
45
4
16
5
3
-16
-41
-6
-23
-31
-33
-72
30
93
103
146
41
-6
-27
-21
7
-21
-29
-32
7
12
-7
70
92
72
121
47
-30
-38
-17
35
39
9
-39
-11
54
68
8
-26
-2
-17
45
33
-25
30
13
27
-11
-109
-43
27
81
81
-50
-54
-22
-62
-66
-125
-47
10
16
56
-36
22
95
29
38
-1
-40
22
-21
-16
12
9
31
-72
-51
11
-33
-50
-66
-57
-32
10
28
11
43
91
43
3
62
-18
-47
24
-30
-43
-43
-19
-22
-9
41
-7
-7
12
38
68
46
-8
-27
36
28
-42
3
23
-29
-34
-71
-7
56
40
19
23
55
-3
5
36
32
34
-21
3
80
71
0
-41
-21
-40
-54
-53
-17
77
23
7
75
37
-3
-2
-27
-7
-9
-40
17
-74
-100
-21
-46
20
20
-27
-99
-28
72
8
10
-66
-24
-21
-130
-57
-27
-62
-32
63
34
-51
-25
-47
2
67
30
62
37
18
-16
-86
-1
36
-11
-11
37
18
-88
-21
52
-3
38
96
86
9
-28
37
82
74
58
42
24
16
-10
-22
-1
34
26
18
50
-23
-52
8
-34
-59
-50
-47
3
-8
-29
-19
-20
20
17
-39
-42
46
52
-19
-16
0
-46
-83
3
11
-42
2
-20
-24
-4
-30
-12
28
13
24
95
0
-61
-20
-35
10
27
29
18
-68
-23
40
29
39
-20
-73
-18
0
8
40
-24
-1
-41
-47
64
-8
23
67
25
18
6
35
-19
9
87
35
32
-21
-30
-12
-68
-59
-105
-37
-13
2
4
-116
-3
20
11
42
35
96
62
55
73
51
-12
-26
38
51
-11
-25
14
-27
-70
-82
-48
-31
-73
-45
-32
-72
-21
0
21
97
56
70
27
-35
16
-31
-29
-47
-35
54
33
30
24
-18
-39
-27
-28
-34
44
9
-57
43
47
10
0
-40
-18
-55
-65
12
64
40
16
12
-30
-35
-28
-2
-20
-18
0
-33
65
98
6
-26
37
65
-32
-31
-20
-23
-16
-38
-1
-11
-45
-22
21
5
-23
-25
-41
-1
30
1
-3
-29
-56
-11
7
-68
-32
39
7
66
49
-32
-32
-3
30
-50
-33
62
68
84
-9
-47
7
51
16
-67
-19
-24
-71
-25
1
15
36
25
22
-6
-34
8
-8
36
86
36
57
2
-22
-8
-37
58
43
-46
-12
16
-25
4
-5
-1
73
-14
-32
-35
-52
12
2
18
12
-34
-48
0
40
19
-3
-64
-51
58
44
-22
-28
-22
22
35
46
51
34
45
-31
-64
-44
-55
4
19
-53
-45
-19
24
67
24
24
15
6
-11
-55
-65
-37
-17
-29
13
-5
-8
-13
-29
17
-8
-7
46
25
28
84
6
-11
79
24
-18
-21
-5
67
93
96
21
54
101
1
41
-8
-69
-44
-71
30
13
-7
104
37
-48
14
83
60
49
-37
-93
5
-30
-47
-12
-48
35
83
-42
-36
24
-50
-27
0
-13
24
29
-60
-96
-26
7
-3
-73
-81
-20
-46
-30
7
-60
-25
-32
-136
-9
94
20
-37
-31
17
2
-13
45
-6
-27
45
26
21
35
27
29
37
10
18
47
12
-29
-30
33
30
7
10
-76
-17
39
9
55
20
62
84
-12
22
51
8
15
32
31
82
44
-24
-26
-78
-54
0
-1
27
83
43
-21
-10
-6
-19
21
28
-22
-35
-50
-89
-104
-142
-134
-36
-34
-6
50
-56
-81
-77
-140
-44
26
11
-7
-53
-43
-33
-14
-23
-2
41
50
-3
-70
-33
17
32
42
63
64
69
21
-30
54
80
-17
45
78
48
69
19
22
24
95
98
10
-6
-14
28
24
10
44
40
52
54
21
4
-25
24
25
37
128
19
-50
18
10
-1
-64
-134
-87
-99
-154
-93
-20
-30
15
33
-50
-42
-22
-39
-11
-12
55
77
87
64
-80
-5
-2
-60
-6
-20
6
-15
1
58
2
12
48
39
53
-13
-30
37
38
74
20
-9
36
1
-64
-118
-46
7
3
13
-3
27
50
-21
-44
24
13
8
72
107
101
78
58
6
20
73
52
43
-21
-19
19
-60
-49
-85
-62
57
25
30
37
11
21
57
39
15
-40
-103
-68
-45
9
18
-23
-59
-33
39
17
-1
9
11
-20
-25
11
-54
-46
-19
-33
-22
-52
-20
-1
-43
-103
-89
-12
46
39
-49
-21
4
-37
-47
-54
4
44
106
88
70
104
39
38
-50
-35
75
-17
-19
-34
-122
-15
57
33
-13
-49
-10
-1
38
25
0
-11
13
62
-70
-26
49
6
38
-25
-13
-10
-66
19
21
-3
15
-29
4
-5
-30
-28
-34
18
-14
17
92
-29
-50
47
36
3
-37
-38
-50
-44
6
-11
0
-19
-67
-18
-42
-8
38
-69
-32
-56
-174
-20
41
8
57
78
110
15
-45
-42
-71
-29
49
81
30
17
29
43
31
19
47
-43
-61
63
21
-73
6
77
81
71
-13
-35
26
78
52
58
62
36
45
-7
-16
28
-24
-61
-37
-44
15
65
52
23
22
-37
-59
-44
-72
13
-1
24
79
-47
-27
-41
-40
68
-14
-22
-52
-43
39
1
-1
-30
-49
-61
-30
17
4
19
42
-10
-69
-34
8
20
0
33
30
-32
-2
77
102
52
30
102
72
-42
-20
-34
-36
39
0
54
100
29
58
63
9
8
44
-15
-12
-7
-18
66
20
56
111
8
10
-26
-45
22
20
4
35
94
22
-74
-114
-99
-33
-23
-61
-58
20
37
-32
-52
-11
-30
-54
-54
-18
44
-68
-98
10
41
0
-58
15
13
-30
6
-14
-1
0
-48
-33
-40
-69
-78
-34
12
-11
11
30
16
-10
5
63
71
66
27
-9
-16
-37
-35
27
23
-10
-6
47
91
67
87
39
-5
-55
-40
73
14
-5
-7
-53
2
2
-11
40
22
-3
13
-10
-15
-19
7
60
16
-75
-22
51
6
-22
-38
-40
-76
-70
-22
3
30
-45
-59
38
36
-13
-33
-54
-33
37
24
-49
-87
-94
-75
-75
-32
67
116
53
14
-15
-79
-70
-57
-16
35
32
7
59
77
3
26
34
69
89
14
-16
-54
-37
2
-5
-13
9
24
-46
11
63
-23
10
20
-27
-30
38
91
41
16
76
111
28
-7
24
95
68
-43
-39
40
95
31
1
25
0
-1
-29
4
-6
-80
14
22
6
-18
-75
-3
-5
3
-33
-43
19
-87
-52
23
-51
-39
-12
12
29
-27
0
60
-27
-80
-4
-19
-38
-56
-90
48
59
3
-17
-55
42
8
-86
-9
90
23
-29
-5
-10
61
85
72
62
29
32
9
7
95
60
9
49
28
87
64
-40
-67
-51
-8
-42
-23
-12
-12
67
20
-35
19
23
-8
1
-3
-34
19
59
-13
-27
-17
-4
-10
-39
-16
-13
-10
5
-34
1
28
-57
-57
-24
2
-35
-63
-36
-77
-42
-49
-82
-33
-2
49
71
25
-31
-48
57
81
1
-12
-78
-63
27
4
-5
1
-21
39
28
-45
-21
-40
-7
10
-44
-22
-27
20
31
30
60
5
67
62
-30
8
19
0
25
30
35
43
49
-6
-42
-31
-11
6
-30
39
33
-16
36
31
2
-25
-56
-28
-43
-76
14
15
-61
-99
-123
-35
19
35
75
43
47
27
-11
22
-6
6
0
-46
28
35
-47
-51
-10
-2
-31
-35
-31
0
17
-29
-7
16
0
18
30
-21
-19
6
-5
-11
16
67
21
-7
-9
-17
21
-9
35
110
-19
-42
19
34
36
-5
51
61
36
18
-18
-10
-67
-66
65
55
7
93
100
20
-17
1
2
-52
-29
55
31
-32
-22
8
15
44
31
10
-5
-60
32
41
-4
15
-78
-116
-103
-27
-14
-30
48
8
11
14
49
55
-64
-40
-85
-162
-42
6
-2
-2
-59
61
96
-7
46
-13
-59
60
47
-9
-19
-47
-4
31
35
40
16
80
143
82
40
24
0
-37
1
4
-39
-13
-15
13
34
28
7
-30
14
6
-48
-15
-4
24
47
12
5
25
55
-18
-64
11
24
58
34
-24
15
13
-11
-17
-5
-25
-20
-24
-83
-29
25
-43
-92
-21
-35
-68
0
8
0
-19
-10
20
-9
4
28
-17
21
24
-75
-31
-24
-16
45
-5
-17
1
0
-12
64
54
-35
-30
-39
-11
-11
-15
-6
-14
-23
-2
37
-76
-21
153
128
38
-44
20
65
-66
-32
83
21
36
82
83
74
37
34
4
-48
-42
-56
-87
-76
-92
-50
-68
-12
69
53
50
35
70
9
14
22
-50
-103
-125
-7
42
32
27
-76
-108
-44
7
30
-8
32
84
7
3
14
-72
-55
-45
-41
28
8
-31
-67
-41
57
65
18
4
-14
-62
-51
1
54
54
-58
-33
5
-13
42
14
33
61
6
46
26
-37
-54
-80
-21
10
15
71
50
12
40
-17
-76
-53
-50
34
77
-22
-24
35
57
14
2
40
-53
-20
75
-24
-61
11
24
2
18
-14
-57
7
49
8
-17
-34
-30
-48
-80
-4
75
46
6
-13
-39
0
6
7
10
0
35
-33
-52
-16
-62
-3
-41
-70
60
-5
-13
47
8
12
-37
-6
50
27
28
26
-4
-20
39
35
10
18
-33
-33
-3
17
-35
-56
35
-35
0
49
0
81
29
42
124
29
-41
-49
-71
-54
-24
-3
23
33
62
6
-45
62
83
42
63
78
19
-63
27
36
-54
14
-4
-61
7
6
-25
-17
-57
-43
1
-36
12
27
-40
-18
29
80
37
-52
-40
9
34
42
2
-32
-7
-27
-52
-3
-1
-27
-10
-11
0
-14
-68
-93
-83
7
90
5
-30
2
-32
-25
34
97
7
-35
46
9
-12
16
31
14
-41
-82
-60
16
-3
-26
44
11
-41
-5
30
83
47
-21
-26
-35
-27
-25
7
0
-55
-41
-59
-67
-25
8
22
24
16
-11
5
3
-32
-55
-43
-18
-2
-17
1
14
-61
-25
5
-35
4
53
26
-64
-68
-4
58
83
40
55
57
-8
-69
-95
-27
21
23
30
23
-17
-23
36
23
15
12
21
-4
-43
77
59
14
3
-9
81
68
56
55
16
58
27
-31
77
63
-14
-8
-24
-1
1
-7
-4
8
7
30
49
55
62
12
-4
-32
-29
-7
-28
35
44
7
44
34
10
28
16
-58
-58
0
-51
-50
-3
37
32
1
-4
-45
16
42
-23
-85
-108
-22
-5
-85
-16
84
21
-7
-35
-14
43
28
16
-6
-20
-28
-17
47
44
18
63
19
0
-37
-80
-40
-81
-25
76
5
-25
0
15
0
-27
65
109
-28
-61
-51
-102
-39
-31
-50
-56
-28
25
-40
3
54
6
11
1
-20
-40
-39
-39
-4
59
-14
-30
26
-14
-4
-11
-30
-64
-91
19
-13
-47
61
-9
-38
34
9
26
0
-46
4
17
29
21
13
80
79
19
10
13
-8
-10
-28
-90
-47
18
7
7
-17
25
77
19
42
79
6
-22
10
12
29
58
27
-13
-19
-13
0
6
-8
-20
-50
-3
63
56
-17
-64
-14
-13
-14
9
33
83
47
-37
-33
52
35
-15
4
17
4
-52
-16
42
89
130
54
18
-41
-96
-28
-27
-39
-11
-50
-31
38
43
9
3
19
-32
-4
35
-6
-1
6
-21
7
14
-26
25
-6
-33
-3
-85
-49
28
-12
-48
-52
-54
-45
-9
14
-29
-49
18
11
-70
-3
63
-21
-1
24
-15
11
-11
-33
-27
7
62
32
19
59
4
-26
0
-36
-9
38
0
1
24
-3
59
82
21
13
13
82
58
-6
-15
-47
-1
18
36
13
-57
-31
-24
-43
-34
21
48
20
0
32
-8
-44
-19
-15
37
-38
-6
47
-18
35
47
30
-42
-59
-52
-100
-44
0
30
22
-5
7
-7
46
36
30
67
1
-5
-23
0
50
-6
4
44
-7
5
-22
-40
78
54
10
-14
5
70
26
20
40
14
-11
-1
-36
-28
27
-9
18
3
-66
-31
10
-32
-11
25
-84
-69
-27
-60
-18
10
-6
11
0
-91
-57
-35
-46
48
19
-34
-14
-57
-21
66
58
23
61
39
-17
-38
-53
-6
-17
0
-13
-45
4
-34
-42
-27
19
32
-10
30
20
16
-3
-15
64
87
66
-27
-35
59
39
48
54
-9
17
18
-29
8
51
-13
-37
46
32
0
-28
-57
-15
-17
-2
17
-37
-43
-52
-62
2
-51
-96
-8
6
20
8
-70
-29
-27
-34
9
-56
-28
9
-11
-30
-84
-35
1
-5
55
81
65
61
-4
-54
-75
-67
10
19
-21
15
70
78
91
40
-43
-27
26
53
10
-5
-9
-74
-49
-6
1
51
72
76
59
63
46
5
40
43
33
-22
-30
42
28
25
-18
-34
-31
-48
-20
-45
-30
-42
8
103
92
115
67
25
13
-2
4
-25
-3
-19
-37
0
-35
-31
25
0
-38
-55
-9
74
17
-26
25
-20
-67
-60
-66
-52
-72
-48
16
50
12
-39
30
61
23
11
19
0
-52
-84
-17
34
-47
-19
-5
-7
25
-48
-37
-10
-23
57
14
-20
37
-65
-20
16
-10
30
0
70
52
-54
-51
-5
-26
-59
14
43
60
100
77
73
-10
-65
51
64
26
14
1
46
22
57
107
86
45
16
106
80
-29
13
12
-14
-25
-68
-15
-23
6
71
-41
-102
-79
-9
82
0
-46
-9
-9
12
-43
-30
33
-19
-20
45
0
-49
-27
-71
-27
23
-21
-45
-90
-21
-21
-3
52
22
49
42
-44
-96
-42
-33
-1
-4
-22
56
6
-36
-22
-70
-67
-96
-37
19
-35
58
37
-37
49
27
-34
-20
7
-15
-49
4
22
34
29
-45
4
14
-31
21
24
6
-32
34
7
-98
-12
42
72
4
-21
-26
14
25
-35
37
-24
-81
-42
-22
-57
-14
72
44
46
34
-20
-20
30
63
111
97
-12
-38
0
16
22
9
25
56
-13
-7
40
46
89
52
22
60
20
-38
19
0
-4
29
-48
-9
-29
-51
39
15
-26
-18
-1
55
61
-50
-12
6
-13
57
7
31
41
-29
-45
-35
-3
3
-51
-90
-25
8
31
35
5
17
9
19
-1
1
44
-65
-89
-37
-22
74
48
29
21
-5
48
-1
-33
-41
-53
48
17
-7
48
-18
-3
0
13
26
-3
47
35
20
-17
-81
21
35
-58
-63
-6
3
-39
20
45
40
36
-4
-29
-37
-10
7
-31
-70
-13
60
5
-61
-8
-7
6
49
76
103
14
4
4
-66
-96
-91
-39
-38
-51
-63
-28
20
24
0
-27
-39
-21
-10
-44
-22
9
62
103
44
10
3
-7
25
52
23
-15
-1
58
7
-32
-7
-77
-62
2
-39
-69
-18
-28
-23
37
39
-18
-29
-12
-16
57
37
5
5
65
113
28
67
20
-56
-16
-59
-70
-16
18
-28
-23
81
66
64
55
-22
9
16
-68
-5
53
90
109
-35
-14
14
-48
-17
-10
-20
7
-28
-42
29
-43
-29
39
13
37
66
46
-77
-24
0
-95
-14
42
34
14
-4
-38
-19
-10
-55
49
70
-20
-33
-10
-42
-47
76
-9
-79
-2
-41
-20
-21
0
-15
-104
-11
32
47
64
-10
-88
-56
-4
2
