317
284
208
155
38
-37
-23
41
13
-10
-10
-50
-48
-87
-209
-303
-345
-363
-332
-349
-317
-217
-155
0
203
343
429
501
568
525
442
358
269
200
8
-106
-206
-336
-332
-387
-421
-341
-301
-213
-106
-96
11
39
-12
35
90
105
20
7
52
114
234
303
332
326
331
405
416
292
200
90
-82
-284
-413
-504
-640
-589
-600
-637
-467
-318
-155
-58
0
191
282
331
388
348
355
311
180
53
-33
-23
22
16
-7
-30
-85
-15
-35
-87
-63
-172
-309
-433
-453
-417
-407
-389
-289
-143
-3
230
403
555
647
697
774
709
621
459
321
222
-17
-169
-221
-324
-430
-367
-329
-304
-134
-85
-25
28
23
3
-111
-112
-80
-151
-116
-43
-33
24
98
222
322
358
481
459
374
284
122
-59
-308
-452
-586
-701
-727
-713
-668
-618
-468
-315
-118
87
284
421
416
474
498
516
483
378
278
181
214
275
210
144
117
120
170
99
54
-15
-179
-231
-308
-342
-355
-360
-355
-353
-241
-140
87
200
261
428
433
500
502
496
487
358
249
52
-98
-197
-375
-525
-550
-439
-304
-253
-244
-160
-122
-133
-62
-82
-99
-82
-120
-194
-246
-146
-89
-8
182
285
351
387
394
364
304
213
82
0
-108
-256
-354
-461
-597
-555
-462
-367
-182
-102
44
161
233
327
374
455
380
232
156
118
93
71
54
73
88
67
131
213
137
29
-48
-197
-246
-230
-267
-279
-285
-280
-324
-336
-164
-60
17
229
324
412
477
369
373
366
245
157
58
-106
-210
-279
-360
-309
-309
-324
-251
-216
-166
14
158
155
80
74
105
97
126
93
19
27
122
140
144
225
225
255
299
283
149
8
-17
-168
-310
-383
-455
-475
-483
-449
-367
-277
-57
196
283
408
498
509
534
536
491
415
340
191
79
-23
-125
-235
-291
-235
-290
-272
-194
-230
-217
-233
-260
-270
-325
-282
-316
-315
-150
-87
67
178
292
470
523
648
673
615
591
447
256
114
-61
-224
-336
-455
-539
-661
-644
-574
-556
-451
-345
-217
-149
-29
157
220
240
296
296
293
357
329
299
365
389
342
312
240
104
17
-131
-268
-314
-449
-609
-689
-720
-754
-744
-600
-470
-381
-234
-47
193
324
402
560
627
675
712
631
567
533
390
293
200
60
14
-105
-259
-316
-373
-462
-465
-446
-476
-431
-406
-390
-344
-271
-132
-16
142
330
461
554
667
755
746
710
618
517
440
277
74
-94
-221
-332
-415
-532
-702
-711
-573
-574
-550
-429
-362
-262
-101
44
140
226
246
272
339
368
344
348
448
455
446
465
338
183
71
-24
-112
-222
-353
-540
-705
-839
-888
-786
-713
-558
-274
-134
52
280
478
673
714
751
797
753
674
600
497
401
261
118
-19
-123
-138
-226
-280
-336
-418
-406
-510
-605
-596
-607
-541
-440
-364
-292
-167
-9
167
376
584
756
800
768
749
708
548
368
207
67
-42
-259
-442
-569
-621
-587
-700
-712
-584
-551
-448
-305
-220
-96
20
126
243
287
338
415
512
604
619
639
609
532
502
434
310
144
-81
-302
-464
-548
-638
-809
-803
-811
-854
-673
-538
-352
-71
157
396
521
645
766
756
790
732
705
666
509
348
220
124
-87
-233
-235
-247
-355
-538
-654
-711
-802
-851
-870
-801
-629
-510
-363
-135
67
243
457
687
827
815
845
910
824
696
552
349
140
-3
-200
-365
-424
-497
-464
-469
-433
-426
-540
-480
-486
-502
-399
-378
-249
-104
27
211
354
583
692
807
986
987
997
940
690
501
280
-47
-304
-615
-862
-970
-1015
-1021
-980
-903
-804
-611
-433
-207
-9
130
307
352
414
538
481
467
525
511
555
572
546
501
411
323
169
-30
-208
-337
-499
-723
-807
-933
-997
-945
-927
-711
-530
-418
-130
147
357
585
781
901
950
916
871
776
615
470
379
287
101
-22
-102
-204
-240
-369
-459
-453
-458
-459
-525
-562
-561
-555
-470
-310
-166
-54
121
320
498
669
816
915
1004
1064
946
820
631
353
109
-197
-392
-599
-820
-940
-1006
-923
-841
-816
-654
-424
-311
-170
20
155
258
293
341
410
447
486
507
557
574
561
569
504
390
252
77
-96
-330
-577
-721
-829
-903
-874
-857
-731
-554
-457
-326
-177
23
146
294
454
531
558
552
624
593
551
495
382
369
371
347
287
200
42
-91
-173
-361
-465
-549
-656
-653
-639
-668
-540
-310
-173
-29
98
307
517
644
811
875
892
895
835
688
500
388
169
-124
-349
-577
-775
-890
-929
-892
-896
-854
-727
-549
-403
-223
-16
30
135
198
224
274
269
323
382
364
417
521
422
369
368
289
184
5
-13
-137
-401
-438
-540
-636
-703
-770
-665
-618
-473
-310
-191
143
294
288
442
588
633
623
607
579
572
545
437
370
360
361
339
280
175
83
-21
-149
-194
-285
-406
-509
-634
-645
-616
-535
-377
-233
-31
98
343
545
691
918
903
836
659
440
293
25
-236
-426
-656
-810
-931
-1079
-969
-849
-709
-504
-395
-192
-32
89
195
266
254
153
128
127
99
26
49
87
96
161
180
284
368
365
380
308
214
118
-27
-188
-334
-450
-580
-781
-786
-679
-613
-355
-192
-50
169
333
536
643
752
740
735
795
648
521
418
385
325
172
140
104
43
0
-67
-148
-209
-280
-337
-407
-534
-500
-425
-368
-249
-128
12
143
294
406
508
630
641
503
406
232
6
-89
-312
-483
-591
-654
-602
-622
-527
-401
-271
-161
-168
-83
29
66
51
-22
-56
-87
-121
-84
-126
-113
-4
88
180
251
316
296
320
405
381
290
133
-10
-100
-210
-300
-408
-555
-594
-477
-415
-410
-247
-105
9
174
256
420
524
508
562
465
415
474
388
326
226
163
202
173
143
53
43
90
21
-9
-71
-125
-195
-325
-343
-281
-189
-147
-122
-47
113
312
331
332
409
381
319
225
61
-31
-168
-329
-489
-562
-503
-504
-450
-400
-327
-181
-80
4
105
191
87
-4
-51
-229
-312
-319
-400
-366
-273
-245
-136
5
155
296
385
445
540
521
379
355
257
84
-87
-301
-455
-569
-646
-561
-417
-312
-187
-91
50
334
483
476
524
548
593
491
367
327
176
114
71
2
6
46
61
38
109
126
136
166
77
27
-97
-220
-253
-298
-300
-304
-248
-135
-72
-2
37
123
215
127
107
101
11
-33
-159
-257
-273
-303
-306
-238
-170
-82
81
138
253
339
273
252
116
-98
-255
-372
-488
-427
-394
-442
-341
-192
63
237
365
514
661
728
594
467
359
233
13
-200
-346
-544
-638
-625
-606
-443
-237
-98
98
249
380
416
355
412
383
256
163
26
-46
-59
-52
-30
-22
61
152
198
228
250
267
208
158
47
-164
-269
-395
-405
-376
-466
-436
-342
-174
-29
50
84
136
233
261
247
126
-7
-35
-91
-145
-166
-211
-210
-160
-66
67
139
257
331
272
198
57
-4
-68
-260
-397
-477
-423
-377
-388
-241
-115
22
241
334
412
471
469
495
348
236
131
-110
-278
-492
-548
-565
-544
-341
-277
-170
-50
52
233
260
390
502
442
345
234
215
122
39
35
54
136
153
150
210
255
261
243
257
182
15
-54
-207
-386
-425
-451
-494
-479
-333
-191
-153
-83
-27
0
83
76
82
96
12
-105
-139
-120
-115
-4
84
137
200
210
243
307
371
345
320
245
29
-152
-259
-216
-293
-368
-282
-287
-230
-118
42
202
200
279
403
342
303
291
259
142
-2
-83
-308
-403
-370
-381
-340
-269
-142
-96
-15
87
113
195
226
250
248
171
173
158
69
96
69
8
94
39
113
210
118
168
177
104
4
-72
-162
-285
-367
-417
-437
-499
-509
-465
-410
-346
-320
-253
-207
-205
-150
-84
-30
-31
-53
-67
-57
-23
23
131
209
249
336
380
380
370
307
263
197
100
50
-4
-136
-223
-294
-205
-21
-60
21
89
134
245
254
289
277
279
236
139
83
11
-38
-88
-151
-174
-153
-122
-87
-92
-90
27
129
98
92
80
91
110
50
62
53
71
112
72
128
172
151
167
124
74
106
160
102
18
-10
-93
-151
-176
-194
-219
-305
-357
-382
-363
-351
-395
-354
-272
-279
-297
-161
-78
-101
-33
30
58
77
159
266
301
297
313
372
369
398
373
310
291
114
19
78
34
-59
-75
-27
-17
-5
-36
-82
28
-32
-63
95
68
3
-80
-110
-53
-3
8
-124
-173
-136
-102
-134
-199
-71
-59
-88
-80
-154
-101
-45
-27
-84
-90
13
16
-49
-33
15
-56
-44
-64
-48
28
-6
26
36
-64
-96
-95
-145
-167
-142
-86
-143
-165
-147
-156
-120
-164
-196
-170
-190
-196
-131
-130
-141
-81
-7
67
148
205
215
234
249
386
455
348
389
426
414
312
182
295
316
223
177
127
192
148
35
84
83
50
26
20
16
47
99
75
39
-3
0
55
66
30
35
44
27
30
39
70
86
101
129
146
201
220
164
186
144
141
165
58
99
79
-41
-107
-178
-229
-240
-223
-253
-331
-291
-205
-198
-177
-223
-236
-186
-193
-203
-147
-243
-388
-345
-350
-392
-393
-392
-394
-345
-334
-334
-191
-97
12
80
13
103
183
152
218
238
95
38
-2
-56
-15
-49
-97
-95
-62
13
-15
-29
48
47
34
-1
-25
-57
-110
-71
-85
-158
-225
-141
-3
-102
-163
-144
-87
23
-46
-21
97
71
112
161
186
184
143
268
340
279
364
429
446
467
402
389
346
218
235
214
84
11
-62
-100
-108
-130
-132
-117
-139
-110
13
-35
-72
-31
-77
-120
-218
-209
-118
-149
-191
-110
-63
-50
18
57
145
168
164
227
310
386
332
265
206
138
126
50
-9
4
-31
-63
-87
-52
21
45
65
86
121
168
198
208
145
78
90
38
-48
-97
-168
-124
-85
-214
-246
-189
-174
-198
-256
-291
-188
-82
-151
-156
-25
164
231
136
176
362
385
359
353
351
400
221
86
110
118
134
-28
-251
-392
-353
-222
-245
-290
-388
-527
-644
-732
-680
-624
-715
-893
-965
-910
-790
-705
-653
-546
-492
-378
-266
-154
35
89
106
69
95
198
149
125
80
47
52
21
-1
-129
-140
-71
-138
-143
-209
-234
-157
-161
-152
-162
-203
-175
-82
-12
28
23
58
104
153
267
332
387
461
524
546
604
721
755
822
872
855
867
973
1108
1040
1036
1119
1127
1184
1218
1161
1097
1093
1077
986
881
812
714
591
516
436
337
341
314
241
243
203
208
255
206
193
142
115
116
-7
-41
-65
-23
6
-61
-131
-300
-366
-349
-360
-437
-689
-965
-1039
-1073
-1240
-1511
-1820
-1852
-1838
-1903
-1911
-1918
-1878
-1914
-1912
-1801
-1541
-1243
-1022
-839
-760
-613
-371
-128
75
193
260
341
393
401
407
430
420
251
120
26
-138
-267
-313
-374
-495
-609
-706
-637
-552
-474
-432
-489
-340
-110
4
88
168
375
580
606
674
797
912
1076
1159
1143
1156
1175
1221
1260
1093
961
898
716
581
405
298
248
104
27
-82
-173
-186
-178
-77
80
228
321
480
634
681
795
878
903
876
796
765
642
508
430
351
261
162
17
-152
-338
-499
-567
-626
-707
-916
-1024
-969
-1038
-1116
-1147
-1079
-932
-794
-563
-332
-172
-15
72
241
511
585
692
791
794
885
911
929
906
819
830
871
896
844
697
579
428
351
318
194
77
-58
-196
-317
-329
-310
-239
-188
-298
-368
-374
-322
-312
-282
-194
-216
-255
-208
-153
-103
-139
-124
-54
-84
-13
36
75
235
374
426
448
514
455
379
333
296
279
164
84
-135
-459
-820
-1090
-982
-940
-1055
-1122
-1323
-1763
-2274
-2519
-2288
-1866
-1716
-1919
-2301
-2582
-2441
-1981
-1534
-1156
-991
-977
-878
-651
-194
332
646
662
511
634
978
1293
1528
1590
1465
1241
1208
1449
1725
1714
1382
952
646
588
657
646
546
250
-164
-439
-546
-285
79
137
27
-117
-144
65
338
543
704
702
617
603
655
781
839
778
622
502
570
769
946
908
746
642
573
656
790
734
554
326
23
-46
67
112
202
80
-87
-206
-218
29
243
390
372
194
97
139
186
177
175
136
-5
-234
-415
-391
-387
-470
-372
-490
-641
-551
-488
-358
-218
-53
-26
-55
29
119
261
446
590
684
798
929
942
869
744
600
631
652
705
697
493
345
125
5
171
270
288
125
-223
-412
-506
-385
-147
-158
-367
-808
-1067
-851
-500
-253
-406
-738
-814
-682
-348
-97
-225
-596
-1058
-1465
-1621
-1308
-790
-878
-1891
-3238
-3863
-3356
-2450
-1898
-2181
-3127
-3796
-3828
-3153
-2061
-1388
-1308
-1817
-2305
-1954
-1021
110
844
688
215
74
668
1829
2754
2968
2511
1953
1976
2711
3549
3718
3133
2326
1776
1653
1817
2165
2314
1772
753
-103
-188
450
1102
1088
375
-322
-520
-233
222
453
395
177
-96
-268
-44
499
943
987
717
529
688
1074
1445
1511
1142
876
897
1065
1330
1239
772
304
71
172
477
680
509
92
-407
-733
-537
-161
-22
-270
-998
-1450
-1308
-904
-510
-729
-1239
-1580
-1686
-1363
-819
-561
-819
-1275
-1568
-1336
-677
-237
-283
-709
-949
-645
-243
88
314
368
380
229
214
581
1073
1389
1235
989
995
1124
1278
1243
1159
1209
1296
1294
1100
792
571
637
783
678
428
218
45
31
36
-129
-341
-447
-203
278
386
-90
-561
-477
227
869
1025
853
379
-92
-531
-660
-154
523
360
-1235
-3058
-3291
-1917
-655
-1218
-3361
-5056
-5170
-4029
-3046
-3214
-4138
-5428
-6343
-6271
-5172
-3483
-2572
-2984
-4004
-4451
-3340
-993
1226
1951
1155
215
384
2029
4125
5183
4746
3702
3248
3519
4057
4482
4547
4305
3657
2553
1700
1871
2599
2717
1702
38
-802
-382
211
240
-474
-1224
-1309
-1099
-861
-526
-145
213
465
527
767
1511
2443
2877
2628
2337
2345
2713
3238
3302
2856
2288
1859
1707
1533
1097
619
315
141
-115
-545
-1192
-1767
-1816
-1533
-1264
-1306
-1712
-2140
-2385
-2175
-1608
-1006
-597
-758
-1245
-1624
-1531
-836
-302
-227
-433
-746
-807
-707
-693
-758
-814
-671
-502
-626
-965
-1303
-1433
-1194
-801
-533
-272
-171
-358
-539
-268
579
1414
1659
1537
1498
1647
1844
1847
1838
2098
2472
2490
1962
1361
1192
1434
1474
1111
793
711
696
502
210
-35
-204
-287
-193
277
731
817
426
-93
-51
331
855
1415
1806
1716
665
-701
-1268
-507
621
366
-1222
-2467
-2517
-2469
-3652
-5553
-6175
-5024
-3862
-4341
-6163
-7640
-7872
-7122
-6060
-4887
-3771
-3411
-3937
-4607
-4329
-2404
305
1952
1803
732
141
976
3045
4894
5253
4232
3344
3752
4796
5313
4689
3737
3687
4182
4005
2959
2223
2313
2287
1303
-70
-444
510
1344
623
-1077
-1855
-1088
39
338
-113
-387
-37
515
623
470
671
1374
1938
1736
1089
833
1488
2474
2891
2385
1454
1268
2011
2599
2311
1367
732
982
1340
1020
212
-495
-901
-1283
-1472
-1068
-492
-551
-1530
-2728
-3146
-2151
-645
-214
-1074
-2568
-3382
-2817
-1431
-272
-284
-1443
-2634
-2787
-1787
-462
-2
-467
-1075
-1335
-992
-324
233
427
65
-369
-105
844
1721
1780
1146
716
914
1399
1688
1670
1647
1516
1108
846
951
1222
1130
637
436
902
1588
1415
461
-190
104
1123
1670
1155
358
58
293
703
781
630
610
611
504
263
213
634
1130
994
261
-330
7
1155
1683
728
-1213
-2672
-2411
-1395
-1273
-1987
-2539
-2925
-4143
-6140
-7367
-6393
-3924
-2613
-4088
-7071
-8779
-8011
-5857
-3811
-2979
-3212
-3829
-4232
-3731
-2327
-16
2205
2926
2326
1460
1617
3350
5546
6443
5604
4308
4078
5053
5865
5405
4032
3071
3282
3715
3358
2493
1736
1311
677
-285
-665
-115
884
841
-928
-2515
-2410
-1047
146
226
-335
-785
-788
-592
-294
437
1427
1921
1594
962
944
1783
2721
2993
2596
2271
2390
2639
2544
2058
1390
913
975
1309
1499
986
-259
-1454
-1940
-1343
-26
752
341
-1207
-2742
-2770
-1450
186
803
-71
-1488
-2316
-2002
-1085
-599
-866
-1430
-1859
-2051
-2166
-2257
-2275
-2256
-2276
-2247
-2036
-1733
-1660
-1842
-1925
-1583
-659
275
701
519
133
496
1562
2439
2510
2081
2055
2640
3143
2952
2339
1858
1924
2311
2175
1589
1158
1021
809
279
-2
245
641
539
-167
-610
-438
-24
319
361
301
242
149
275
802
1392
1614
1576
1379
1229
1115
875
962
1485
2014
1688
89
-1581
-1909
-1166
-1102
-2289
-3413
-3325
-3095
-4546
-7139
-8532
-7277
-5122
-4741
-6290
-8246
-8968
-8198
-6806
-5220
-3784
-3009
-3171
-3934
-3977
-2225
696
3117
3737
2739
1624
1974
4019
6169
6755
5621
4460
4677
5791
6135
5011
3776
3560
3943
3643
2475
1730
1960
2178
1101
-816
-1623
-533
837
519
-1351
-2786
-2255
-705
30
-347
-883
-744
-163
-39
-251
141
1423
2691
2630
1417
493
1096
2945
4291
4098
2948
2166
2412
2923
2753
2117
1812
2111
2124
1084
-314
-1046
-893
-610
-779
-1070
-1133
-1258
-2045
-3132
-3464
-2466
-660
220
-607
-2557
-4095
-3599
-1595
201
552
-489
-1828
-2476
-2090
-1029
-83
320
78
-666
-1265
-1331
-765
-197
-176
-476
-618
-116
350
290
-78
-167
675
1466
1640
1450
1099
1040
1085
1499
2292
2694
2512
1732
1091
1340
1983
2302
2035
1818
1902
1874
1446
433
-177
247
997
1292
611
-604
-1396
-1445
-1097
-590
-155
-171
-374
-655
-1014
-1330
-1368
-609
438
1097
898
-244
-1734
-3207
-3964
-3263
-887
1515
1024
-3157
-8466
-10474
-7332
-1917
843
-1590
-6865
-10677
-10823
-7779
-3594
-812
-962
-3810
-7150
-7714
-4227
1047
4257
3394
365
-1119
476
3800
6258
6356
5023
4107
4622
5938
6735
6379
5156
3982
3639
4288
5211
5456
4464
2215
-213
-1306
-227
1936
2758
1010
-2246
-4379
-3855
-1649
225
610
-284
-1669
-2616
-2523
-1238
675
2047
1951
589
-473
-63
1415
2777
3282
3009
2617
2790
3354
3663
3449
2950
2658
2818
3216
3428
3042
1926
449
-762
-809
394
1496
1121
-980
-3384
-4341
-3476
-1845
-1139
-1943
-3404
-4744
-5399
-4799
-3355
-2249
-2353
-3453
-4269
-3819
-2415
-1291
-1180
-1502
-1336
-528
407
863
875
820
858
1415
2410
3123
2990
2062
1329
1594
2563
3193
2854
2052
1310
867
898
1053
1289
1356
873
216
-402
-583
-181
183
159
20
71
132
95
-42
-160
190
751
1060
1096
896
593
235
18
398
1187
1755
1563
673
9
-51
87
-33
-365
-386
-60
-25
-781
-2101
-3291
-3941
-4077
-3545
-2049
-749
-1816
-5526
-9313
-9556
-5629
-1114
-43
-3184
-7801
-10352
-9088
-4947
-645
1052
-939
-4758
-6925
-5179
-449
3881
5068
3081
272
-727
1135
4597
7187
7155
5051
3249
3620
5339
6329
5904
4663
3871
3711
3573
3390
3362
3107
1893
165
-739
13
1461
1564
-265
-2664
-3645
-2456
-531
536
212
-1109
-2411
-2803
-1867
-95
1691
2549
1689
-84
-1156
-405
1828
3919
4537
3354
1795
1374
1962
2633
2769
2767
2932
2930
2222
1046
307
308
612
461
183
327
429
-166
-1590
-2846
-2805
-1504
-107
0
-1361
-3230
-4494
-4236
-2734
-1158
-630
-1684
-3420
-4431
-4054
-2589
-997
-351
-1051
-2200
-2652
-1889
-480
264
133
-159
126
1040
1654
1509
1156
1351
2028
2705
3170
3289
2992
2159
1453
1728
2863
3799
3201
1470
75
-164
567
1163
1017
438
-143
-759
-1493
-1970
-1682
-605
305
183
-908
-2074
-2283
-1378
161
1248
1292
800
119
-202
79
720
1813
2734
2684
1401
-263
-695
115
1007
819
-386
-1383
-1927
-2689
-4042
-5058
-4577
-3327
-3319
-5386
-7822
-8411
-7050
-5390
-4990
-5694
-6176
-6104
-5681
-4923
-3740
-2292
-1400
-1186
-1187
-567
962
2413
3085
3028
2877
3296
4485
5827
6263
5406
4154
3879
4761
5889
6107
5162
4012
3225
2638
2170
2168
2795
3174
2125
-79
-1578
-1106
341
901
108
-1009
-1198
-725
-534
-671
-602
-136
199
284
318
507
709
540
194
196
1080
2159
2520
2158
1186
466
577
1360
2394
2739
2257
1488
645
136
-77
-86
500
1160
1058
117
-1144
-2096
-2130
-1438
-621
24
-294
-1564
-2914
-3392
-2531
-1302
-792
-1188
-1963
-2652
-3056
-2802
-1772
-696
-559
-1198
-1679
-1500
-890
-551
-668
-771
-455
-58
74
101
47
41
2
266
1165
1931
1856
1104
734
1436
2486
2685
2203
1888
1866
1965
1970
2072
2357
2252
1564
770
629
1115
1128
329
-335
-32
643
413
-821
-1933
-1863
-723
369
537
-146
-1088
-1690
-1372
-272
831
1201
629
-17
-373
-463
151
917
999
193
-884
-1233
-1227
-1777
-2970
-3668
-2685
-1319
-2031
-5026
-7864
-7865
-5370
-3227
-3037
-4604
-6522
-7354
-6837
-4977
-2562
-1140
-1288
-2587
-3542
-2434
455
3292
4386
3179
1280
1285
3660
6395
7169
5788
4256
3979
4618
5004
4874
4994
5072
4183
2350
921
1317
2758
3056
1283
-1151
-2133
-1154
372
547
-597
-1577
-1618
-994
-568
-462
-56
545
827
399
-211
221
1605
2376
1639
502
377
1435
2539
2569
1742
1030
1040
1365
1353
1159
1237
1514
1435
519
-660
-969
-307
584
679
-342
-1430
-1667
-1248
-864
-623
-438
-279
-570
-1433
-1859
-1367
-427
58
-351
-1249
-1800
-1731
-1487
-1176
-868
-683
-679
-938
-1159
-1347
-1362
-1012
-371
104
-145
-644
-893
-718
-333
-3
420
918
1078
578
27
352
1599
2550
2309
1504
1099
1493
2162
2405
2365
2261
1831
1190
975
1271
1628
1558
943
326
45
92
229
95
-244
-735
-1183
-1221
-883
-490
-533
-1088
-1717
-1896
-1547
-923
-346
-375
-1117
-2121
-2502
-1852
-723
-91
-513
-1627
-3069
-4190
-3948
-2035
239
238
-2960
-6533
-7317
-4977
-1950
-1068
-2384
-4507
-6255
-6633
-5316
-2683
-427
-379
-2364
-4283
-3909
-1090
2121
3651
3001
1366
588
1566
3967
6092
6266
5089
4196
4420
5249
5619
5523
5509
5411
4682
3530
3014
3467
3694
2457
337
-735
-198
627
235
-1428
-2817
-2767
-1737
-1123
-1391
-1864
-1891
-1484
-1149
-981
-612
237
1188
1134
108
-486
271
2106
3292
2759
1573
1094
1605
2398
2660
2363
1813
992
44
-307
425
1431
1311
-428
-2513
-3121
-1793
303
1201
46
-2177
-3463
-2346
147
1643
955
-1012
-2069
-1298
245
1160
921
18
-781
-973
-387
608
982
240
-1066
-1607
-611
792
991
-492
-2253
-2377
-918
620
989
100
-914
-1272
-821
332
1275
1502
1016
430
580
1188
1549
1319
1029
1208
1685
1731
1176
703
662
869
960
948
808
342
-230
-442
-213
70
-61
-598
-873
-526
-249
-518
-901
-824
-397
-259
-531
-991
-1514
-2014
-2019
-1155
-496
-1558
-4292
-6413
-5340
-2058
-145
-1728
-5694
-8450
-7923
-5204
-2405
-1384
-2866
-5789
-8055
-7858
-4896
-1107
588
-908
-3843
-5182
-3355
600
3803
3967
2040
653
1502
3879
5575
5760
5280
4987
5012
5052
5015
5493
6131
5744
4324
3150
3441
4823
5594
4426
2015
364
640
2004
2687
1822
68
-1221
-1631
-1613
-1497
-974
-153
-20
-1149
-2627
-2672
-764
1273
1331
-349
-1761
-1246
599
1860
1796
1028
591
836
1292
1601
1858
2220
2459
2073
1115
481
780
1579
1732
807
-272
-566
-271
-355
-892
-1324
-1175
-786
-1155
-2132
-2734
-2217
-1189
-827
-1206
-1788
-2102
-1877
-1320
-896
-534
-291
-161
-20
-169
-323
-291
-147
171
431
556
509
152
-315
-448
-123
440
814
546
-162
-521
-86
731
1263
1011
207
-215
175
1065
1576
1290
502
61
517
1130
1360
1188
864
587
341
124
237
698
580
-250
-1306
-1901
-1520
-794
-568
-971
-1554
-2128
-2468
-2005
-968
-224
-385
-1360
-2168
-2261
-1631
-452
663
525
-1974
-5383
-6051
-2469
2053
2542
-1940
-7210
-8652
-5724
-1575
604
-385
-3790
-7441
-8784
-6456
-2036
1082
475
-2975
-5994
-5875
-2150
2683
5071
3529
83
-1218
1470
5684
7705
6572
4704
4401
5347
6152
6391
6837
7222
6352
4432
3044
3527
5242
5826
4055
1202
-528
-88
1578
2341
998
-1356
-2754
-2351
-1153
-700
-1103
-1576
-1747
-1919
-2382
-2039
-480
770
239
-1579
-2325
-926
1420
2440
1288
-413
-715
714
2355
2673
1624
580
657
1562
2067
1587
1031
1044
1240
1032
495
491
1080
1226
358
-742
-798
31
534
-180
-1410
-1860
-1547
-1181
-1370
-1937
-2208
-2084
-1923
-2135
-2621
-2499
-1793
-1350
-1559
-2127
-2198
-1525
-830
-611
-775
-760
-405
-187
21
390
784
1019
756
394
570
1225
1784
1764
1351
930
686
576
683
891
996
967
498
-300
-844
-595
359
1152
953
-193
-1198
-1089
-63
777
750
359
191
52
-293
-456
5
843
1224
542
-577
-1009
-526
250
356
-217
-758
-1156
-1458
-1775
-1831
-1191
-604
-1228
-3104
-5007
-4881
-2307
185
-142
-3421
-6573
-6523
-3711
-792
-11
-1453
-3448
-4822
-4677
-2608
184
1830
848
-1996
-3675
-2176
1467
4119
3794
1456
-396
-91
2039
4272
5089
4331
2956
2176
2388
3339
4460
5124
4952
3630
2038
1500
2559
4107
4179
2777
1170
487
795
1141
1124
1005
848
226
-681
-992
-425
374
278
-910
-1955
-1713
-348
785
480
-945
-1865
-1413
-248
734
904
462
72
-198
-281
21
861
1642
1502
735
-32
27
854
1287
1069
574
350
586
816
683
221
-124
88
652
853
339
-555
-947
-667
-350
-333
-639
-893
-1192
-1575
-1805
-1889
-1596
-1165
-1241
-1811
-2212
-1986
-1434
-1215
-1379
-1494
-1270
-746
-337
-199
-246
-204
198
813
1372
1464
1147
1021
1327
1783
2028
1962
1701
1324
1179
1236
1200
1168
954
591
168
-243
-439
-396
-356
-649
-1103
-1516
-1643
-1428
-1265
-1294
-1363
-1320
-1272
-1268
-1167
-944
-709
-669
-698
-609
-420
-195
-318
-742
-989
-844
-434
-183
-347
-977
-1784
-2347
-2054
-798
170
-290
-2082
-3618
-3422
-1760
-3
542
-452
-2121
-3047
-2457
-714
844
1079
228
-857
-1261
-635
481
1546
2023
1243
-318
-970
-16
1659
2551
1741
211
-614
-496
323
1337
1969
1890
873
-296
-260
918
2192
2629
2180
1569
1066
1078
1828
2582
2974
2720
2072
1867
2020
2068
1791
1543
1720
1793
1317
775
659
622
211
-372
-654
-494
-177
-201
-586
-896
-1179
-1624
-1756
-1153
-287
61
-288
-889
-1094
-663
-179
157
519
687
795
825
745
661
572
797
1268
1563
1471
1050
580
380
460
724
1045
1102
771
6
-663
-514
210
683
353
-571
-1332
-1454
-965
-564
-734
-1261
-1878
-2114
-2050
-1780
-1272
-1057
-1247
-1712
-2126
-1919
-1067
-196
-6
-467
-989
-1056
-509
128
573
717
512
354
349
481
693
986
1128
1005
630
169
-49
-23
287
376
-48
-685
-1179
-1192
-946
-805
-941
-1133
-1146
-1235
-1285
-1392
-1447
-1197
-954
-784
-802
-927
-875
-772
-797
-727
-635
-505
-288
-296
-493
-678
-583
-396
-274
-95
47
115
152
78
-29
51
296
784
1335
1521
1161
678
651
1195
1966
2167
1850
1600
1563
1634
1491
1297
1289
1389
1372
1033
398
-141
-319
-305
-185
-394
-975
-1498
-1646
-1456
-1293
-1248
-1289
-1237
-1295
-1520
-1440
-793
-16
135
-260
-496
-87
647
935
754
663
898
1227
1294
1159
1033
1021
1015
992
1056
996
740
474
381
425
334
117
131
280
261
-20
-297
-136
164
153
55
255
645
809
483
39
138
672
1035
1077
914
682
540
432
486
700
765
577
188
-75
-1
280
469
255
-147
-472
-439
57
460
303
-356
-884
-834
-502
-151
-49
-212
-512
-813
-973
-1021
-687
-310
-261
-412
-770
-1139
-1198
-1057
-786
-505
-594
-706
-766
-933
-1025
-976
-653
-239
-87
-248
-439
-400
-160
3
-132
-243
-81
113
116
-10
-70
-84
-179
-237
-209
-233
-231
-153
-163
-343
-598
-769
-631
-406
-260
-215
-272
-242
-371
-569
-537
-246
223
407
201
-122
-342
-123
197
303
336
286
230
107
90
218
287
305
276
346
552
916
1060
654
164
84
548
1336
1774
1436
808
462
619
1094
1384
1452
1391
1079
665
382
314
483
613
418
-14
-445
-551
-441
-570
-808
-973
-966
-818
-827
-879
-888
-841
-742
-650
-572
-457
-199
-93
-187
-316
-338
-23
349
529
476
253
89
11
0
71
201
186
-20
-242
-490
-581
-538
-591
-617
-579
-552
-523
-580
-717
-736
-553
-234
67
106
-103
-262
-223
73
362
423
478
551
487
262
183
348
655
763
545
467
442
383
273
215
466
778
756
482
305
423
686
801
883
887
846
804
799
844
894
833
558
414
456
591
549
419
297
49
-170
-336
-415
-421
-455
-498
-403
-462
-775
-1090
-1225
-1001
-571
-341
-482
-685
-841
-849
-689
-439
-70
19
-292
-640
-666
-529
-451
-317
-274
-343
-507
-683
-715
-485
-231
-274
-396
-475
-348
-129
-21
-9
-174
-264
-171
105
471
578
395
157
69
194
413
528
601
601
345
17
-77
22
86
-11
-268
-359
-287
-220
-161
-304
-401
-320
-134
37
147
324
418
487
472
357
414
646
936
992
745
471
285
299
455
485
428
293
-91
-477
-645
-615
-524
-605
-865
-1088
-1104
-1169
-1250
-1232
-1115
-820
-576
-568
-674
-463
-37
229
310
304
492
870
1128
1110
991
996
1262
1427
1315
1138
1067
1067
891
697
497
338
311
196
-31
-316
-481
-383
-194
-240
-586
-763
-538
-221
-105
-250
-366
-205
-24
-66
-200
-171
154
457
332
-16
-194
-36
341
488
285
28
-96
-48
-103
-291
-370
-307
-174
-98
-211
-405
-470
-446
-229
-26
48
128
46
-56
-89
-51
207
495
469
251
10
-160
-19
230
293
195
-5
-64
122
216
143
45
-97
-37
74
95
156
103
28
-58
-102
-95
-79
38
88
-24
-151
-206
-249
-227
-151
-116
-99
-170
-275
-352
-457
-405
-235
-58
-42
-305
-421
-328
-130
52
-112
-232
-101
19
16
-140
-224
-180
-104
-134
-235
-337
-422
-472
-597
-604
-636
-764
-740
-806
-705
-508
-462
-415
-452
-370
-156
138
434
553
559
465
544
829
957
1044
1104
1100
1064
980
876
767
755
648
462
286
106
15
-83
-300
-556
-663
-631
-587
-561
-579
-618
-476
-221
-113
-69
27
243
480
556
602
734
774
795
882
1026
1131
1016
842
663
565
592
612
465
114
-272
-554
-589
-512
-505
-632
-800
-963
-974
-851
-740
-498
-350
-349
-407
-390
-232
-25
151
213
319
353
275
180
224
409
536
528
444
291
60
61
22
-106
-125
-303
-368
-318
-332
-301
-381
-405
-223
-160
-37
233
387
393
173
-64
26
455
684
485
206
24
-13
15
4
-85
-118
-237
-527
-641
-621
-547
-531
-764
-1011
-1015
-837
-653
-516
-429
-561
-656
-424
-155
40
45
-119
-119
0
76
48
74
180
134
65
-18
-142
-135
-36
75
107
-51
-131
-74
-139
-78
44
111
187
291
389
340
351
502
783
917
910
876
717
669
593
582
704
602
484
269
-29
-130
-110
-9
-18
-96
-219
-305
-323
-348
-258
-224
-198
-139
-70
66
88
182
327
426
454
412
454
445
451
429
385
370
233
22
-122
-188
-292
-377
-513
-663
-636
-606
-676
-714
-748
-719
-515
-316
-177
-132
-50
209
397
501
552
649
813
835
775
688
720
809
728
532
307
155
127
110
-38
-257
-364
-464
-620
-699
-771
-735
-564
-476
-496
-550
-491
-253
-116
-11
105
176
354
439
487
425
321
404
423
381
228
48
-54
-147
-242
-414
-500
-467
-615
-774
-843
-933
-850
-753
-672
-607
-607
-446
-257
-136
-77
-46
79
320
494
493
444
467
525
602
608
433
310
84
-134
-129
-137
-151
-271
-501
-655
-695
-651
-496
-409
-492
-576
-616
-495
-173
69
161
129
84
304
505
567
665
760
914
968
788
639
613
594
624
574
462
422
264
101
77
43
61
82
-23
-66
-135
-69
13
-93
-70
-85
0
122
122
162
10
-72
-44
-17
92
57
30
23
-32
-158
-354
-395
-252
-177
-246
-247
-237
-333
-372
-293
-194
15
164
149
103
54
124
248
283
224
251
345
281
226
193
4
-59
-23
-52
-24
-76
-237
-353
-421
-463
-404
-303
-186
-216
-388
-333
-223
-88
173
362
396
329
274
318
517
626
520
438
372
280
303
296
48
-88
-123
-233
-217
-371
-516
-484
-552
-668
-730
-639
-565
-471
-376
-413
-275
-87
51
246
254
278
405
509
645
552
412
443
407
386
247
12
25
5
-94
-278
-520
-507
-487
-495
-656
-831
-767
-619
-416
-344
-299
-252
-86
156
245
440
636
724
779
638
602
794
865
834
703
438
172
50
-17
-191
-379
-533
-610
-689
-807
-856
-819
-759
-756
-732
-635
-497
-366
-190
-12
69
234
341
407
521
660
819
759
647
469
341
370
301
211
-46
-234
-267
-425
-471
-493
-500
-499
-567
-498
-465
-356
-115
-78
18
226
294
420
595
675
740
799
840
737
604
650
636
514
325
142
-71
-255
-258
-319
-429
-496
-592
-605
-513
-477
-383
-266
-205
-36
94
156
289
358
437
588
689
748
704
606
502
444
479
399
182
47
-108
-341
-477
-588
-681
-703
-773
-895
-923
-859
-708
-538
-469
-368
-209
-90
90
223
319
446
460
504
529
517
557
512
415
336
199
115
113
10
-132
-287
-425
-404
-398
-451
-511
-483
-358
-277
-87
28
142
283
274
315
309
452
702
764
635
450
311
292
333
233
132
52
-155
-456
-591
-565
-521
-515
-624
-739
-801
-757
-616
-557
-486
-385
-310
-157
-58
-15
104
260
337
363
442
472
390
356
398
239
104
77
67
71
-185
-263
-258
-445
-407
-360
-364
-357
-354
-256
-240
-286
-160
74
202
223
275
366
450
557
548
540
580
560
574
570
587
549
409
250
151
22
-30
24
-148
-289
-405
-448
-306
-290
-337
-368
-398
-430
-330
-215
-144
-9
31
72
119
218
333
305
238
237
326
375
381
286
113
15
-68
-1
44
-39
-80
-234
-301
-318
-397
-348
-306
-271
-263
-361
-355
-248
-211
-144
-35
80
240
287
308
329
336
387
397
397
336
245
205
260
197
69
29
-139
-188
-181
-298
-352
-419
-485
-555
-609
-541
-426
-305
-230
-186
-158
-130
22
218
336
509
564
519
565
479
433
444
414
405
281
106
-39
-132
-230
-272
-231
-274
-425
-532
-507
-494
-451
-382
-325
-282
-177
-45
18
95
115
206
365
423
484
528
489
496
434
336
315
304
299
94
-67
-174
-366
-343
-386
-465
-409
-422
-403
-357
-375
-337
-203
-49
-2
14
68
150
264
260
214
287
415
463
363
292
209
92
49
-112
-232
-329
-456
-558
-626
-583
-586
-557
-434
-327
-263
-126
33
146
264
368
421
477
619
634
600
676
651
605
569
441
251
91
17
-131
-269
-331
-471
-579
-616
-725
-826
-748
-605
-550
-484
-338
-190
-3
173
280
409
544
637
711
832
859
801
798
760
738
618
417
237
75
45
-177
-441
-572
-751
-743
-717
-798
-768
-705
-645
-532
-452
-296
-73
46
178
275
365
569
694
740
700
664
714
564
432
334
148
79
4
-160
-391
-484
-525
-636
-677
-788
-908
-866
-716
-548
-465
-367
-97
98
266
472
619
731
715
652
607
686
707
597
558
330
59
-61
-228
-402
-618
-732
-652
-723
-790
-763
-791
-701
-643
-522
-271
-82
47
88
220
385
422
518
662
799
817
753
712
558
317
93
47
-13
-257
-431
-507
-665
-800
-868
-915
-860
-769
-716
-599
-358
-223
-79
92
207
500
699
749
877
921
1021
1020
937
928
782
659
458
160
-78
-264
-438
-528
-618
-770
-874
-992
-904
-764
-701
-540
-322
-86
75
202
396
582
715
935
1045
985
957
905
833
746
634
513
260
56
-80
-306
-427
-603
-802
-893
-883
-907
-904
-769
-727
-570
-487
-432
-190
-40
147
431
555
651
732
667
781
846
711
674
526
274
120
21
-39
-205
-407
-550
-752
-812
-832
-972
-996
-967
-875
-714
-614
-460
-266
-119
26
244
462
629
805
909
862
834
816
727
749
670
418
230
-15
-182
-205
-386
-543
-644
-736
-743
-778
-755
-720
-678
-586
-397
-181
-64
94
225
361
534
640
730
796
780
713
642
569
487
303
98
-6
-147
-324
-508
-598
-615
-656
-680
-788
-704
-533
-536
-494
-397
-243
-73
-1
127
276
374
536
570
528
611
681
664
651
613
441
299
221
76
-82
-187
-206
-308
-443
-438
-466
-441
-398
-329
-179
-163
-133
18
117
168
235
340
463
541
621
647
637
603
512
419
299
252
220
-23
-191
-291
-489
-496
-575
-691
-615
-586
-545
-463
-469
-403
-227
-123
-23
90
174
258
379
470
461
432
401
416
481
403
220
181
131
13
-60
-139
-204
-262
-427
-537
-527
-613
-636
-579
-556
-521
-422
-440
-375
-62
87
179
234
263
399
475
565
596
577
570
453
388
328
194
106
2
-66
-83
-186
-266
-282
-354
-455
-462
-415
-418
-354
-268
-219
-163
-173
-74
132
250
336
426
487
450
428
378
354
345
244
222
189
67
6
-108
-237
-273
-322
-364
-433
-377
-347
-334
-257
-304
-247
-175
-148
-46
-69
-41
106
149
148
191
257
300
346
330
294
283
224
148
93
58
-1
-114
-226
-262
-250
-213
-209
-230
-206
-213
-227
-141
-76
-101
-64
44
137
209
196
262
390
369
430
440
374
361
329
307
285
229
151
70
-65
-88
-127
-216
-237
-354
-353
-303
-382
-314
-244
-179
-111
-93
-45
-43
50
98
138
126
91
159
146
171
152
119
116
121
122
31
-58
-40
-66
-187
-212
-295
-341
-358
-421
-402
-358
-247
-199
-184
-104
-127
-83
61
162
248
313
375
453
413
306
288
319
378
330
238
172
132
121
54
-98
-224
-195
-270
-361
-368
-405
-356
-317
-274
-238
-154
-34
51
151
168
287
426
387
366
362
412
456
398
363
284
208
127
-39
-157
-211
-202
-178
-270
-377
-375
-361
-378
-445
-591
-584
-368
-120
-68
-202
-48
151
117
119
216
399
454
401
374
368
355
155
44
88
-6
-135
-158
-199
-370
-414
-364
-375
-407
-409
-367
-276
-162
-160
-79
9
124
261
311
418
476
504
496
474
552
655
590
485
372
189
150
33
-160
-193
-252
-374
-430
-480
-489
-496
-569
-524
-379
-312
-225
-150
-43
120
174
208
261
409
525
470
432
486
398
301
313
257
223
184
-39
-179
-163
-270
-327
-459
-576
-489
-515
-565
-518
-438
-316
-253
-180
-34
38
79
191
376
416
426
505
505
509
512
488
434
372
307
176
91
-29
-210
-240
-331
-385
-420
-544
-554
-489
-481
-373
-209
-175
-38
74
161
301
325
375
501
563
503
509
492
324
240
125
48
2
-111
-142
-239
-355
-408
-446
-537
-655
-612
-509
-464
-416
-400
-302
-199
-159
4
136
259
335
431
567
531
570
560
469
388
257
265
185
17
-77
-246
-362
-407
-497
-588
-595
-581
-564
-443
-373
-282
-171
-152
34
222
257
353
436
535
628
585
565
539
493
440
327
188
92
-5
-170
-241
-335
-420
-459
-590
-616
-586
-603
-519
-451
-398
-266
-91
71
124
253
463
577
623
719
742
684
583
507
530
391
202
134
60
-94
-244
-353
-441
-499
-533
-527
-538
-533
-506
-427
-281
-172
-107
45
165
270
468
543
560
626
673
671
572
462
416
281
119
56
-28
-188
-376
-433
-486
-599
-588
-658
-681
-605
-623
-493
-390
-276
-113
-52
110
216
300
454
556
584
602
623
548
471
425
260
118
-2
-166
-210
-376
-637
-694
-640
-684
-750
-696
-620
-507
-423
-312
-250
-161
59
131
319
449
426
594
747
713
674
680
678
586
429
384
204
2
-79
-264
-360
-481
-643
-678
-778
-797
-697
-655
-577
-409
-231
-47
29
127
310
412
546
642
658
644
712
723
624
589
462
366
326
153
-26
-147
-304
-476
-531
-569
-660
-681
-733
-714
-617
-563
-369
-313
-254
13
179
338
505
624
682
740
803
801
786
725
611
555
494
340
177
-23
-151
-225
-401
-453
-495
-642
-747
-757
-752
-743
-654
-576
-443
-266
-49
112
98
212
484
563
573
670
616
493
403
427
379
144
41
-35
-148
-316
-457
-568
-623
-634
-759
-735
-671
-708
-648
-452
-313
-242
-147
-33
157
300
387
508
579
644
756
729
662
558
473
396
234
122
4
-179
-428
-475
-454
-575
-576
-425
-329
-326
-293
-248
-196
-145
-34
126
241
359
425
502
619
633
604
621
663
643
496
371
254
116
-14
-173
-309
-426
-462
-493
-587
-646
-653
-626
-548
-454
-365
-154
-32
-12
75
152
306
392
422
532
600
594
531
435
356
272
146
43
-118
-212
-292
-531
-625
-692
-761
-727
-757
-706
-616
-590
-412
-236
-129
69
168
328
527
595
705
709
778
864
687
613
598
576
482
314
185
12
-77
-181
-329
-409
-477
-623
-709
-656
-587
-504
-492
-392
-240
-84
106
104
194
347
462
672
701
599
633
623
474
360
255
253
206
14
-64
-220
-363
-464
-634
-622
-572
-581
-646
-617
-519
-577
-506
-382
-261
-115
-12
154
219
291
430
532
479
436
541
538
428
360
285
116
13
-119
-233
-255
-391
-477
-434
-450
-470
-467
-491
-335
-244
-261
-118
-47
62
173
217
375
463
540
590
703
751
554
457
421
425
252
78
50
-106
-184
-263
-346
-420
-514
-477
-498
-544
-480
-444
-356
-271
-137
52
80
127
195
260
331
316
381
474
425
448
485
317
259
258
139
-37
-191
-205
-310
-397
-396
-473
-529
-521
-529
-554
-372
-306
-262
-34
14
131
286
331
363
411
569
627
524
551
579
516
463
401
317
188
74
-20
-168
-315
-332
-446
-514
-541
-632
-564
-543
-454
-389
-349
-138
-65
60
214
275
412
427
487
594
565
566
483
407
348
181
93
-24
-156
-216
-343
-472
-534
-545
-616
-692
-688
-655
-568
-508
-343
-278
-238
-74
-7
236
379
393
508
544
597
598
559
556
446
328
239
131
4
-188
-289
-330
-394
-430
-470
-513
-557
-553
-499
-420
-398
-262
-31
6
56
253
381
456
623
675
668
781
818
708
622
574
465
308
177
86
-66
-270
-369
-442
-510
-583
-710
-700
-638
-600
-567
-406
-234
-224
-69
90
175
294
400
489
569
605
531
525
473
382
363
257
149
9
-89
-198
-407
-455
-563
-646
-646
-718
-662
-641
-613
-496
-319
-201
-114
22
110
250
365
447
524
590
612
554
542
484
420
382
226
67
-5
-92
-249
-354
-385
-523
-537
-461
-580
-552
-458
-395
-285
-160
46
130
212
389
568
604
594
743
748
706
709
633
544
392
265
142
5
-63
-230
-452
-452
-434
-605
-675
-656
-603
-579
-561
-422
-360
-268
-93
56
211
292
393
583
634
644
677
589
520
423
351
229
77
15
-191
-275
-331
-495
-560
-714
-767
-705
-763
-722
-595
-537
-421
-182
-46
17
162
313
480
532
535
643
678
687
702
606
540
513
312
81
24
-154
-337
-382
-531
-562
-568
-641
-659
-683
-516
-401
-340
-207
-95
58
128
230
355
448
525
604
686
722
686
579
509
389
267
159
9
-109
-282
-450
-498
-569
-698
-679
-657
-675
-574
-478
-377
-298
-226
-49
113
218
338
432
548
640
622
646
606
537
444
323
301
191
22
-112
-197
-270
-403
-500
-588
-590
-548
-552
-491
-442
-312
-209
-150
7
138
267
362
486
600
607
665
661
591
577
546
439
294
210
132
-51
-234
-316
-450
-539
-544
-595
-632
-531
-469
-490
-375
-257
-132
29
145
241
324
414
514
506
464
491
469
441
375
224
138
77
-57
-180
-307
-406
-478
-591
-663
-665
-649
-660
-631
-519
-395
-284
-189
-103
47
217
367
473
488
556
696
648
560
586
471
355
344
222
35
-101
-235
-328
-383
-473
-521
-514
-503
-478
-459
-463
-364
-170
-111
3
124
229
368
397
522
632
719
692
597
679
577
397
314
123
4
-66
-202
-311
-414
-476
-502
-546
-594
-556
-482
-472
-386
-290
-244
-106
-70
31
145
208
443
484
488
553
526
498
382
305
276
161
140
103
-56
-168
-320
-474
-528
-563
-619
-591
-527
-466
-388
-347
-251
-209
-108
90
176
283
368
409
496
568
529
472
495
451
417
403
309
166
18
-55
-119
-274
-368
-408
-478
-533
-553
-524
-451
-437
-360
-161
-52
95
191
216
351
408
437
494
494
515
479
422
382
296
248
76
-74
-73
-250
-338
-373
-481
-497
-557
-537
-493
-532
-508
-409
-339
-227
-120
-34
143
239
379
519
447
513
568
469
476
379
292
285
232
140
-6
-76
-170
-331
-389
-351
-429
-516
-479
-415
-380
-325
-244
-225
-149
28
154
180
197
333
390
402
473
395
403
460
438
400
286
276
130
-78
-145
-246
-293
-416
-500
-447
-457
-461
-534
-528
-376
-276
-204
-105
38
130
221
296
365
450
405
418
561
549
455
416
317
262
197
20
-75
-225
-358
-392
-489
-525
-528
-539
-484
-426
-324
-187
-162
-68
21
85
204
194
276
365
386
447
443
419
426
408
329
291
268
134
4
-100
-187
-285
-384
-406
-464
-458
-454
-466
-411
-389
-359
-294
-193
-74
8
86
206
302
336
377
432
441
408
419
449
388
318
228
127
54
-58
-157
-228
-337
-358
-336
-419
-477
-522
-459
-375
-323
-213
-119
27
101
142
253
265
330
388
401
488
463
451
423
290
283
173
8
-19
-145
-222
-231
-313
-369
-408
-347
-294
-391
-384
-295
-252
-194
-127
-95
-59
79
145
161
277
316
303
343
368
374
279
165
153
43
3
17
-123
-204
-233
-261
-276
-366
-408
-332
-310
-306
-246
-176
-136
-133
-25
140
238
317
390
462
488
479
438
370
341
280
245
258
147
-5
-84
-178
-286
-357
-391
-385
-377
-359
-316
-258
-257
-227
-131
-52
113
224
271
341
348
420
444
413
384
317
360
334
208
166
1
-151
-184
-289
-291
-340
-476
-443
-422
-478
-428
-401
-353
-223
-184
-40
63
27
67
144
219
289
354
374
356
400
405
289
224
148
93
19
-79
-133
-270
-339
-358
-412
-417
-424
-423
-326
-330
-315
-181
-114
-25
20
131
346
354
315
464
509
508
488
452
501
373
240
185
63
-61
-165
-222
-302
-355
-335
-386
-476
-464
-381
-365
-331
-191
-114
-53
49
119
193
222
247
335
397
401
398
412
373
308
255
165
97
53
-90
-231
-225
-288
-480
-509
-399
-428
-465
-370
-317
-227
-213
-185
6
-5
80
284
334
365
399
455
444
443
398
351
362
278
197
109
32
-62
-190
-238
-313
-364
-422
-478
-441
-502
-441
-343
-299
-165
-126
29
143
198
303
299
483
495
403
517
474
417
352
303
256
159
65
-15
-91
-252
-309
-375
-471
-524
-512
-456
-480
-431
-353
-279
-171
-101
-2
122
199
299
436
429
401
497
493
458
432
363
262
216
129
-52
-122
-244
-283
-346
-416
-360
-480
-469
-423
-489
-424
-393
-358
-207
-70
23
131
299
389
447
487
506
554
478
463
483
413
347
222
49
-20
-43
-228
-420
-414
-440
-560
-585
-603
-580
-562
-521
-350
-288
-150
-11
85
262
346
420
468
599
640
566
621
570
518
456
256
125
89
7
-196
-356
-410
-407
-531
-678
-588
-582
-578
-466
-407
-316
-200
-18
74
126
290
413
464
454
532
602
577
566
539
519
410
299
192
20
-122
-226
-307
-444
-523
-532
-578
-597
-624
-544
-494
-473
-310
-215
-95
54
187
299
385
471
524
566
567
604
573
466
399
317
208
73
-72
-201
-261
-319
-445
-593
-666
-636
-594
-617
-596
-396
-289
-242
-104
9
133
197
289
493
552
583
707
685
639
555
489
420
226
103
-2
-96
-193
-354
-454
-492
-557
-641
-637
-615
-578
-475
-423
-247
-127
-52
143
241
387
461
475
625
642
565
614
616
472
399
368
235
60
-55
-136
-277
-412
-515
-544
-594
-651
-640
-624
-540
-434
-337
-250
-153
4
165
268
313
395
514
549
566
570
530
540
475
348
289
185
51
-84
-224
-337
-336
-401
-599
-602
-557
-578
-590
-533
-465
-361
-204
-89
71
91
172
373
451
509
520
602
713
632
587
542
390
307
165
21
-65
-214
-360
-463
-556
-589
-604
-669
-600
-500
-442
-341
-287
-156
-42
34
201
338
426
497
574
625
588
537
508
488
400
236
190
124
-31
-171
-280
-372
-479
-541
-622
-645
-611
-638
-570
-393
-295
-222
-106
-2
150
228
295
411
414
543
640
616
623
566
517
472
352
216
104
-51
-194
-330
-430
-505
-627
-662
-633
-539
-468
-489
-347
-179
-158
-20
90
168
352
375
467
620
578
636
650
557
555
468
384
257
30
-61
-113
-278
-488
-582
-587
-654
-679
-671
-626
-532
-439
-304
-258
-150
26
85
184
379
486
532
579
621
638
548
498
429
291
228
152
-21
-174
-281
-441
-549
-611
-677
-696
-699
-598
-508
-477
-380
-297
-186
-28
122
246
345
481
605
652
631
642
625
563
584
464
362
272
58
-29
-216
-383
-423
-536
-595
-607
-656
-637
-573
-563
-507
-413
-232
-24
68
176
368
470
516
628
635
627
658
661
595
484
434
303
142
-29
-186
-280
-466
-607
-642
-721
-770
-682
-644
-610
-469
-388
-291
-123
-33
104
265
311
469
608
667
711
670
708
661
584
531
329
243
158
-10
-79
-202
-348
-477
-583
-608
-695
-676
-592
-601
-462
-279
-203
-65
15
91
259
403
527
534
550
602
626
647
552
464
446
381
271
110
-49
-236
-381
-452
-605
-642
-624
-665
-682
-672
-584
-507
-413
-331
-189
25
156
330
429
440
543
654
642
620
593
508
516
438
238
124
14
-119
-253
-439
-591
-600
-603
-727
-771
-659
-565
-501
-420
-364
-235
-53
82
221
353
459
556
647
672
656
611
583
534
406
372
282
38
-54
-137
-384
-495
-513
-549
-620
-717
-608
-508
-530
-458
-388
-301
-118
68
218
241
374
555
550
621
633
633
657
564
522
480
297
87
-22
-174
-303
-412
-521
-591
-641
-693
-726
-628
-598
-601
-471
-247
-38
30
121
299
471
539
561
667
729
712
741
768
609
478
430
231
81
-38
-234
-321
-403
-538
-630
-665
-662
-705
-642
-583
-510
-312
-212
-81
91
212
358
497
568
608
661
650
618
611
540
406
315
266
56
-101
-198
-385
-474
-546
-644
-680
-632
-622
-650
-652
-547
-358
-310
-197
50
168
353
506
504
621
640
693
711
612
668
557
417
378
205
35
-92
-261
-380
-472
-671
-756
-772
-814
-722
-721
-636
-435
-392
-283
-94
22
90
216
399
538
649
675
665
722
724
632
474
413
322
114
-15
-142
-292
-412
-531
-614
-649
-704
-663
-669
-675
-515
-414
-299
-150
-29
98
224
311
430
548
548
668
764
644
670
676
524
382
267
196
68
-117
-260
-364
-481
-575
-665
-747
-697
-656
-597
-465
-403
-250
-107
21
163
234
331
459
587
637
678
655
656
668
527
422
364
230
108
56
-102
-270
-341
-505
-634
-672
-736
-761
-723
-621
-536
-455
-289
-127
-32
112
296
456
489
528
683
714
703
634
590
586
451
331
224
113
-58
-221
-294
-440
-568
-657
-724
-749
-705
-628
-548
-504
-395
-173
-108
-12
111
224
412
528
643
700
715
746
688
531
450
395
209
55
-65
-172
-281
-461
-603
-673
-742
-770
-768
-716
-635
-545
-393
-319
-152
52
140
294
383
523
682
712
743
723
728
695
578
474
305
190
74
-136
-292
-422
-514
-575
-696
-748
-730
-743
-721
-628
-532
-417
-249
-85
62
255
415
445
551
640
664
761
738
703
725
590
480
354
188
50
-119
-286
-432
-490
-579
-618
-680
-714
-621
-621
-494
-401
-318
-108
-46
105
298
455
578
589
687
743
731
705
650
567
452
350
185
16
-164
-312
-432
-623
-684
-692
-727
-704
-747
-658
-542
-517
-385
-230
-116
21
206
341
474
554
694
806
725
681
657
649
497
314
294
171
-21
-138
-265
-442
-546
-641
-719
-755
-776
-668
-592
-554
-433
-346
-202
-43
102
199
287
482
575
615
674
686
668
589
477
423
365
188
31
-40
-180
-312
-438
-629
-615
-608
-706
-667
-618
-483
-412
-399
-207
-69
6
164
361
499
546
599
668
688
668
661
654
532
425
364
223
45
-154
-270
-395
-531
-607
-716
-763
-705
-689
-716
-640
-462
-285
-245
-146
31
127
292
399
478
623
716
684
646
681
631
541
424
301
211
88
-28
-225
-386
-408
-546
-637
-619
-639
-617
-562
-507
-410
-302
-225
-59
137
222
324
446
546
677
697
702
626
502
513
452
346
200
21
-25
-87
-303
-461
-541
-647
-738
-791
-723
-600
-565
-518
-331
-186
-115
-33
126
281
346
494
522
609
726
627
630
566
457
444
297
190
109
-162
-260
-340
-501
-509
-588
-616
-590
-603
-560
-496
-404
-297
-217
-74
70
164
266
370
500
514
585
689
577
549
536
423
269
142
65
-61
-174
-261
-388
-520
-552
-571
-572
-607
-587
-471
-443
-307
-167
-55
89
122
249
388
462
578
605
599
633
576
507
454
274
167
88
-66
-121
-223
-384
-465
-552
-595
-578
-594
-586
-526
-425
-336
-250
-123
3
174
292
361
462
524
528
554
603
602
558
458
363
303
165
-13
-167
-267
-335
-462
-575
-606
-627
-628
-593
-592
-513
-413
-348
-226
-122
-8
93
272
436
472
565
565
550
610
616
573
424
317
282
141
39
-52
-212
-281
-385
-471
-521
-588
-602
-609
-499
-441
-375
-213
-145
-15
74
159
305
377
460
526
554
529
558
577
448
426
319
128
37
-48
-155
-264
-312
-405
-481
-525
-575
-582
-575
-555
-461
-339
-247
-140
-9
129
185
307
454
495
564
610
613
596
572
514
404
320
209
66
-61
-173
-239
-340
-416
-499
-597
-586
-583
-558
-494
-414
-294
-195
-76
32
178
262
268
421
526
517
484
507
544
501
460
377
292
131
-30
-154
-262
-364
-517
-543
-545
-576
-596
-629
-574
-454
-376
-234
-55
-4
112
243
325
519
552
498
653
655
572
591
501
428
365
187
52
12
-170
-390
-461
-493
-561
-594
-609
-644
-607
-600
-577
-447
-280
-146
-25
113
231
312
471
607
565
528
580
632
526
415
367
264
198
91
-23
-162
-312
-408
-551
-639
-584
-591
-606
-514
-499
-345
-126
-71
42
144
249
408
453
530
577
611
698
636
570
503
434
280
113
106
-81
-285
-371
-475
-533
-653
-602
-556
-649
-546
-445
-409
-306
-180
-5
151
251
333
396
530
597
580
572
609
654
567
405
245
187
147
-58
-231
-261
-362
-531
-603
-600
-639
-644
-596
-523
-472
-359
-236
-181
-13
116
225
328
419
512
578
576
572
626
564
519
459
285
102
29
-58
-220
-347
-457
-502
-523
-560
-533
-533
-594
-500
-360
-300
-211
-109
59
207
320
429
452
508
556
587
588
535
526
432
336
278
126
1
-89
-242
-352
-446
-550
-606
-598
-610
-635
-494
-397
-349
-245
-280
-154
100
193
261
356
531
648
657
704
670
606
554
482
416
258
100
-23
-126
-280
-428
-425
-527
-604
-606
-652
-568
-505
-443
-376
-316
-171
-47
105
215
304
441
517
555
548
577
603
549
516
453
333
226
92
-108
-323
-436
-447
-532
-665
-675
-641
-603
-534
-474
-384
-259
-116
-5
96
198
279
420
566
629
621
648
723
664
575
498
371
272
87
-58
-106
-270
-435
-541
-599
-668
-771
-702
-634
-660
-551
-402
-297
-190
-64
73
230
359
442
506
567
610
594
603
572
516
472
358
168
20
-109
-241
-315
-438
-493
-505
-540
-565
-603
-536
-468
-444
-338
-207
-45
77
190
330
397
493
567
600
685
671
616
539
427
358
215
56
-64
-210
-391
-492
-572
-668
-680
-693
-679
-673
-582
-446
-394
-267
-94
77
250
408
479
515
566
588
658
673
604
521
412
324
261
121
-75
-209
-276
-397
-545
-593
-623
-690
-701
-627
-487
-432
-394
-238
-53
112
220
395
470
491
673
676
687
712
638
643
549
442
344
223
53
-103
-253
-393
-476
-600
-629
-746
-845
-716
-633
-596
-523
-440
-303
-152
-22
83
171
372
548
565
598
660
611
526
446
342
347
276
63
-53
-127
-240
-346
-448
-477
-526
-630
-625
-606
-541
-447
-367
-159
-46
51
260
311
385
536
578
672
665
631
674
627
578
431
310
238
102
-48
-273
-410
-439
-513
-646
-775
-746
-627
-656
-679
-549
-381
-329
-213
-20
77
189
257
462
610
564
566
538
599
619
471
379
308
217
137
-23
-150
-296
-452
-479
-464
-476
-495
-492
-448
-364
-343
-265
-140
3
173
273
396
518
554
582
646
658
667
662
492
394
283
71
40
-53
-251
-350
-448
-540
-637
-778
-847
-864
-741
-579
-548
-456
-320
-171
-41
29
164
313
419
536
626
657
585
544
502
383
343
286
151
82
-17
-160
-280
-445
-466
-484
-522
-473
-486
-446
-453
-377
-194
-88
36
143
296
430
493
522
517
578
622
549
483
466
381
188
76
15
-133
-195
-376
-540
-554
-684
-682
-590
-560
-548
-496
-386
-272
-156
-91
27
208
350
447
536
584
635
610
555
585
520
453
355
185
68
21
-73
-195
-326
-465
-434
-462
-519
-521
-573
-494
-355
-248
-154
-94
49
254
291
377
570
526
518
647
626
524
421
387
284
79
9
-4
-173
-387
-389
-484
-598
-586
-687
-682
-631
-561
-457
-354
-244
-209
-85
94
217
296
377
472
584
671
594
486
538
519
358
247
152
35
-83
-201
-315
-386
-392
-472
-568
-592
-563
-573
-560
-395
-295
-191
-44
93
201
265
370
465
490
561
613
588
553
447
411
378
199
123
92
-62
-149
-252
-343
-425
-529
-617
-635
-534
-555
-503
-368
-284
-182
-85
64
183
260
431
491
518
620
639
576
513
474
413
326
224
110
35
-40
-187
-347
-474
-521
-563
-626
-660
-567
-486
-460
-287
-157
-117
-29
54
145
251
345
366
440
570
608
641
554
441
419
357
231
65
-9
-85
-244
-390
-434
-469
-590
-600
-583
-574
-539
-562
-415
-237
-190
-75
37
195
348
366
486
588
582
538
529
593
421
310
295
197
81
-136
-195
-273
-473
-491
-495
-540
-525
-485
-477
-467
-365
-287
-200
-95
0
122
250
398
479
568
660
640
535
490
480
360
252
149
38
-26
-138
-283
-394
-456
-514
-514
-538
-545
-477
-475
-380
-229
-119
-4
98
200
323
427
438
476
507
538
490
420
487
385
302
222
79
24
-166
-324
-372
-429
-513
-641
-643
-646
-671
-614
-552
-354
-195
-180
-71
86
198
320
414
472
584
645
604
587
500
449
436
302
247
119
-122
-184
-243
-364
-420
-493
-549
-544
-527
-513
-481
-407
-269
-184
-166
16
141
238
356
409
504
528
517
439
434
440
356
287
198
137
-48
-164
-154
-319
-446
-494
-522
-501
-513
-496
-441
-335
-250
-176
-66
71
196
284
461
597
603
646
679
569
579
604
422
358
229
16
-29
-143
-231
-305
-478
-556
-491
-500
-674
-709
-579
-566
-527
-403
-301
-150
-81
52
196
295
406
415
463
486
489
496
454
415
359
309
216
81
-2
-132
-267
-335
-345
-384
-484
-465
-430
-425
-366
-327
-228
-99
3
95
181
309
433
505
506
465
546
538
421
383
259
268
225
-6
-142
-240
-318
-443
-564
-650
-685
-668
-662
-637
-536
-448
-361
-233
-127
-1
80
228
351
452
592
648
670
695
712
642
586
514
375
283
174
31
-93
-215
-313
-426
-573
-607
-548
-586
-589
-490
-419
-360
-253
-98
-42
31
199
275
417
454
447
580
489
489
507
399
325
136
62
15
-86
-195
-300
-328
-364
-410
-442
-433
-449
-427
-322
-248
-194
-101
21
161
268
333
433
457
431
506
516
489
441
358
293
155
68
-96
-301
-316
-402
-495
-507
-619
-685
-654
-645
-605
-527
-462
-326
-192
-65
23
120
288
384
462
520
581
665
701
689
604
521
514
431
262
190
127
-32
-137
-237
-305
-359
-433
-450
-495
-456
-406
-406
-321
-221
-88
46
97
160
205
190
230
259
275
262
231
260
181
69
6
-49
-125
-187
-240
-296
-332
-388
-403
-435
-362
-249
-277
-177
-57
-7
157
224
255
400
381
475
591
520
555
542
594
551
394
347
189
105
-12
-191
-225
-294
-361
-473
-580
-610
-629
-581
-589
-565
-449
-413
-301
-172
-99
10
101
149
201
286
325
400
387
372
433
336
280
243
180
98
38
92
-47
-190
-165
-179
-232
-222
-168
-208
-171
-111
-122
-10
38
61
124
174
225
200
197
271
352
310
273
174
82
84
-50
-112
-167
-273
-340
-421
-413
-447
-472
-389
-417
-412
-319
-283
-196
-76
8
37
142
345
344
355
476
502
564
536
517
527
431
441
391
267
202
8
-121
-142
-264
-348
-377
-447
-521
-482
-439
-430
-302
-184
-145
-71
-19
-95
6
159
183
236
250
306
225
187
242
153
144
50
-34
-26
-163
-192
-194
-266
-256
-227
-223
-221
-168
-167
-110
36
57
38
70
184
300
396
410
412
502
388
343
332
232
186
110
65
-58
-163
-303
-435
-479
-557
-499
-541
-622
-556
-459
-344
-324
-324
-209
-56
2
91
220
314
435
555
555
580
695
591
478
462
440
387
228
132
62
-16
-99
-200
-279
-400
-492
-510
-447
-446
-439
-290
-229
-202
-149
-22
38
37
140
144
251
321
223
242
227
181
164
110
33
-58
-123
-196
-278
-305
-339
-418
-457
-389
-279
-250
-198
-92
-29
12
140
302
355
462
546
577
639
613
579
544
515
481
407
323
203
57
-61
-210
-282
-364
-552
-659
-688
-662
-694
-691
-656
-591
-456
-454
-391
-242
-132
-18
83
248
340
353
431
527
600
517
462
502
361
280
271
146
59
-35
-117
-133
-201
-243
-254
-298
-221
-127
-169
-144
-95
-95
-30
92
136
169
273
328
395
372
309
374
344
288
153
36
26
-134
-210
-308
-378
-406
-559
-520
-515
-621
-565
-500
-413
-354
-313
-138
-46
-37
165
398
493
577
564
558
635
631
568
597
572
425
348
300
175
1
-123
-244
-351
-413
-509
-555
-609
-670
-563
-463
-485
-471
-381
-233
-125
-16
96
210
334
393
421
382
479
493
361
397
327
221
185
109
19
-90
-188
-274
-329
-377
-469
-484
-392
-361
-290
-181
-130
-76
30
163
230
323
412
470
501
501
528
468
389
352
280
147
7
-55
-176
-324
-400
-473
-516
-509
-524
-606
-641
-548
-463
-450
-348
-207
-74
87
196
313
454
533
642
714
681
757
764
644
591
492
396
321
115
-22
-84
-272
-415
-490
-578
-607
-593
-620
-659
-590
-481
-436
-400
-296
-158
-8
143
236
386
457
445
488
461
457
461
395
327
266
117
-37
-129
-230
-296
-387
-455
-438
-483
-495
-439
-395
-337
-240
-125
-75
-16
130
301
405
447
570
733
681
586
585
531
490
438
301
168
64
-101
-262
-363
-515
-643
-673
-677
-716
-744
-704
-668
-651
-528
-398
-273
-109
72
293
344
324
405
525
614
610
593
665
710
555
433
349
217
145
5
-140
-204
-343
-476
-514
-527
-483
-481
-425
-365
-359
-249
-194
-119
23
122
293
437
468
503
509
508
519
410
368
351
144
11
-38
-112
-213
-322
-352
-416
-493
-529
-551
-498
-500
-504
-396
-261
-139
-81
-3
178
351
476
570
624
680
705
663
552
557
591
448
281
162
49
-38
-194
-330
-476
-659
-661
-706
-691
-639
-681
-588
-509
-440
-269
-172
-111
91
221
314
504
576
554
610
693
628
545
508
461
414
270
127
58
-54
-237
-366
-372
-487
-583
-547
-538
-482
-497
-501
-371
-203
-108
-34
97
116
222
338
373
459
428
449
462
383
340
205
106
42
-81
-172
-255
-339
-387
-456
-537
-579
-585
-564
-482
-361
-294
-279
-183
38
94
168
343
405
505
541
599
653
609
591
572
541
452
307
155
25
-73
-157
-249
-359
-457
-476
-487
-621
-620
-532
-513
-419
-281
-187
-132
-3
93
160
240
255
349
412
427
452
367
327
312
260
199
92
37
-29
-68
-90
-203
-223
-295
-348
-280
-301
-262
-189
-114
3
41
161
247
227
287
316
359
395
424
403
301
264
180
136
115
-10
-98
-178
-244
-290
-428
-498
-484
-517
-511
-503
-462
-388
-418
-333
-156
-118
-53
33
125
272
383
411
422
497
522
525
471
351
358
311
156
132
105
-75
-160
-168
-263
-320
-442
-490
-467
-503
-372
-303
-257
-190
-214
-156
-113
0
112
121
172
182
188
239
327
281
181
188
204
156
106
80
-68
-140
-127
-204
-247
-291
-311
-304
-316
-252
-161
-118
-103
-71
22
138
250
290
253
311
380
450
378
263
310
256
194
169
77
35
-41
-158
-165
-237
-296
-293
-339
-349
-334
-314
-302
-221
-178
-218
-108
23
75
72
75
223
231
200
309
322
321
271
322
346
220
197
118
68
36
-52
-151
-175
-127
-226
-180
-144
-189
-177
-238
-186
-183
-171
-22
12
-30
-25
10
48
79
66
88
145
100
63
-4
-20
17
-61
-47
-99
-186
-164
-173
-183
-192
-134
-68
-84
-68
-19
17
9
27
125
160
146
197
157
137
230
169
163
251
247
210
166
157
135
101
-8
-121
-192
-198
-147
-216
-259
-282
-259
-197
-259
-298
-223
-184
-186
-119
-109
-61
25
-34
1
-10
-22
94
132
144
147
153
144
141
130
152
173
113
122
178
193
82
52
138
116
185
171
121
104
64
65
32
38
18
-3
-41
-48
-58
-144
-105
-80
-128
-74
-111
-109
-70
-135
-130
-91
-76
-110
-48
-37
-90
-76
-98
-92
-99
-84
6
-22
-31
1
-56
0
52
98
116
85
91
54
136
154
98
122
129
147
122
141
161
158
80
-17
76
14
-76
-73
-135
-112
-123
-112
-135
-230
-252
-226
-237
-229
-197
-225
-189
-156
-122
-69
-65
15
43
23
70
42
113
179
106
115
158
247
245
201
218
126
101
108
95
134
61
-23
1
-4
-31
-53
-88
-28
-57
-135
-72
-78
-40
-11
-94
-73
-66
-71
-66
-33
-23
-49
39
-20
-90
-60
-78
-28
-42
-92
-58
-56
-41
1
13
45
25
31
104
77
81
110
165
160
106
160
140
87
127
171
145
202
162
122
107
52
51
-19
-24
-71
-93
-124
-221
-194
-162
-188
-266
-308
-249
-194
-158
-134
-137
-114
-61
-34
-5
9
70
125
58
68
95
109
175
203
163
141
158
132
122
156
139
87
-5
-34
20
13
-10
-16
7
-12
3
12
-34
-14
-110
-48
93
-13
-57
-94
-109
-92
-94
-18
-52
-102
-68
-114
-165
-142
-112
-157
-216
-182
-103
-34
-5
-33
-16
47
43
100
154
90
132
240
205
190
200
179
224
231
228
198
122
109
159
204
160
78
59
15
-53
-44
-112
-158
-122
-216
-250
-210
-258
-265
-270
-295
-240
-181
-131
-138
-197
-166
-81
-35
-11
-17
-4
33
56
146
161
142
171
158
127
138
91
64
136
86
61
122
145
36
-54
13
18
-13
5
55
42
-14
9
24
2
-60
-78
-24
-15
-74
-103
-59
-42
38
37
-88
-82
-76
-108
-143
-120
-103
-144
-72
12
-68
-186
-59
21
-21
-34
-64
-23
13
69
125
208
229
207
228
152
156
170
195
167
70
111
60
-29
-27
-44
-69
-22
-2
-70
-75
-102
-187
-183
-128
-74
-119
-173
-139
-132
-111
-65
-59
-20
-17
-50
18
50
53
122
130
94
93
81
84
136
100
77
133
83
-14
-30
0
6
7
27
46
78
67
-5
-15
6
39
-3
-15
53
-53
-46
31
-3
-20
-31
-69
-128
-59
-31
-12
-5
-85
-19
-51
-132
-108
-61
-70
-125
-76
-8
-17
-62
9
111
107
117
151
174
202
195
180
120
99
103
37
86
110
-40
-55
8
-58
-149
-110
-42
-142
-146
-138
-218
-132
-98
-107
-95
-101
-11
-47
-80
25
24
34
38
9
42
75
115
77
7
16
-31
-45
60
63
48
57
50
76
40
5
-16
-4
-6
-35
23
23
-50
-73
-94
-74
-11
-55
-43
18
-9
6
12
-7
-17
-53
3
79
-44
-120
-72
-49
-18
8
13
45
106
64
22
33
34
68
56
31
78
45
48
31
-73
25
106
42
51
55
42
45
0
81
107
67
71
50
100
72
27
-9
-1
27
-19
14
7
-82
-89
-160
-212
-148
-147
-157
-134
-107
-71
-20
1
-1
-30
-63
43
76
59
100
150
221
204
224
222
200
167
117
168
95
54
31
-113
-123
-109
-103
-135
-194
-159
-145
-156
-202
-206
-156
-150
-78
-46
-32
-6
-89
-84
-4
-28
-4
-1
-40
4
-54
-131
-147
-159
-129
-172
-195
-168
-148
-112
-75
11
75
79
99
132
144
140
184
253
251
280
316
267
296
242
91
137
118
35
78
79
24
-68
-94
-126
-239
-250
-243
-238
-201
-153
-185
-232
-148
-71
29
32
23
118
59
77
133
88
117
174
223
167
98
55
-13
-7
18
32
55
38
18
68
34
21
21
6
86
31
53
109
56
88
73
22
61
84
74
3
-154
-131
-149
-152
-61
-165
-167
-167
-202
-105
-160
-191
-73
-117
-178
-139
-69
-28
-89
-74
-20
-18
-4
-1
25
109
193
215
145
120
135
105
144
125
40
86
62
-11
2
-8
-44
0
35
13
-13
-76
-52
41
14
-49
-53
-63
-90
-105
-93
-105
-81
-77
-112
-130
-98
-96
-99
-55
-71
-49
-105
-35
114
39
26
21
-35
-51
0
90
56
73
146
122
155
159
151
151
119
176
165
189
218
122
117
134
125
162
134
49
47
11
-37
1
8
-67
-174
-176
-119
-172
-210
-202
-261
-222
-156
-183
-188
-113
-83
-163
-111
-68
0
78
25
119
121
55
92
75
148
236
185
181
133
32
62
66
72
90
68
48
-29
-44
-40
-7
-1
-61
-22
-20
-40
-70
-101
-73
-33
-36
-6
35
-11
-40
7
34
-44
-102
-65
-64
-97
-76
-94
-87
-29
-72
-135
-142
-117
-67
-74
-60
22
33
62
106
127
173
160
168
207
315
333
270
221
137
166
184
216
115
-36
-39
-95
-145
-125
-124
-185
-242
-228
-215
-266
-184
-125
-207
-91
10
-77
-83
-44
17
94
73
50
34
36
92
153
144
37
53
83
-3
-42
-32
33
99
65
44
36
-11
-31
14
108
134
78
78
104
105
106
67
82
133
128
67
-28
-25
-31
-65
-30
-115
-229
-205
-192
-254
-355
-309
-280
-310
-254
-273
-214
-196
-174
-104
-108
-25
4
-17
28
133
193
192
272
281
261
290
295
249
140
170
142
56
85
24
63
87
127
105
-138
-75
-41
-124
34
23
-63
-45
-83
-58
-42
-93
-92
-44
7
-59
-123
-104
-156
-137
-86
-80
-112
-134
-98
-122
-41
59
-37
-40
5
-46
56
157
148
173
228
226
176
175
156
179
182
130
148
168
138
98
4
-16
38
19
31
28
-41
-77
-156
-227
-184
-138
-92
-130
-203
-210
-158
-112
-124
-160
-161
-92
-96
-80
-105
-94
-38
-42
15
25
-10
-86
-34
131
165
165
95
44
132
167
103
64
183
240
134
120
143
153
141
107
112
126
111
62
61
51
0
-43
-122
-159
-96
-85
-146
-130
-85
-89
-217
-339
-268
-182
-153
-92
-139
-188
-116
-111
-96
-63
-76
-48
-5
0
-29
-66
-34
64
138
134
77
-4
24
98
97
87
117
97
32
37
-24
20
66
-47
-25
56
100
53
1
21
-51
-20
-40
-152
-92
-71
-26
12
-1
-14
-30
10
-28
-27
53
5
-24
22
-65
-87
28
7
11
47
24
117
86
15
82
141
171
163
214
128
69
149
69
85
106
56
60
-10
-39
10
-13
10
11
-66
-5
-71
-137
-77
-98
-117
-172
-166
-165
-249
-175
-121
-170
-144
-45
-18
-48
-18
13
89
105
21
87
105
-23
66
132
132
196
113
72
88
41
-5
60
58
-77
-101
-96
-17
-6
-76
-58
-82
-105
-58
-78
-116
-56
-97
-56
76
-22
-24
74
0
29
-15
-57
-11
-80
-50
-49
18
93
17
65
55
9
31
-21
-23
43
67
119
110
126
194
157
186
223
198
162
133
89
56
-3
-62
-14
18
27
-39
-119
-93
-41
-88
-180
-176
-164
-199
-229
-199
-166
-113
-129
-105
21
-48
-118
-88
-36
56
74
95
67
10
75
188
226
217
199
121
101
60
51
90
30
-2
-28
45
77
-16
-81
-103
-22
20
2
21
18
-14
4
19
-9
32
72
19
-30
-1
-47
-148
-94
-23
-56
-109
-113
-87
-170
-171
-89
-119
-41
-17
-73
-90
-45
37
-80
-101
1
25
69
126
203
216
196
202
173
113
114
137
129
142
113
63
26
19
68
35
-62
-93
-122
-146
-117
-114
-147
-141
-99
-103
-171
-164
-110
-111
-35
7
-44
23
62
88
113
41
82
109
48
136
185
164
181
143
56
-22
-44
-57
-32
0
42
46
1
72
65
47
102
31
111
138
65
82
83
86
-1
-2
26
1
2
-3
-54
-126
-84
-140
-172
-151
-218
-151
-96
-135
-213
-308
-270
-153
-158
-155
-99
-84
-32
20
78
123
134
122
150
205
127
79
84
55
45
41
96
60
22
68
83
86
17
-16
6
-7
-45
-17
-2
-50
-35
-65
-116
-72
-58
-41
40
85
163
202
145
82
57
77
100
32
-64
-80
-33
-34
-200
-231
-166
-107
-13
-60
-38
11
5
-32
-26
65
92
103
94
57
27
37
24
48
175
203
171
92
31
90
48
73
72
-92
-86
-102
-140
-147
-271
-284
-217
-169
-124
-152
-160
-85
-57
-83
-11
71
67
71
47
54
114
48
40
69
21
46
61
50
73
82
65
66
83
84
61
-24
-77
-27
-19
-71
-65
-24
-61
-19
85
108
169
165
109
93
99
190
77
-68
-75
-126
-120
-148
-128
-132
-170
-142
-177
-182
-139
-69
-81
-96
-40
-52
-43
-37
-18
-27
-76
1
22
-39
-1
32
100
104
120
223
258
256
191
213
155
69
107
46
-42
-70
-46
-3
12
-53
-24
35
-23
35
46
-23
-9
-29
-4
4
-105
-88
-23
-30
-59
-93
-118
-90
-30
7
48
51
35
65
52
-70
-115
-59
-2
14
-33
-66
-45
-38
-37
-67
-5
74
24
89
156
154
158
130
61
43
35
-100
-128
-87
-124
-121
-71
-102
-94
-71
-34
23
-27
-1
-35
-115
-130
-155
-131
-110
-84
-79
-131
-87
-31
30
147
172
201
173
91
124
139
101
98
97
72
47
11
-35
-43
16
22
-31
28
96
28
39
75
-30
-87
-87
-101
-113
-181
-200
-152
-114
-117
-130
-10
59
75
170
153
112
135
102
76
90
41
-9
-48
-83
-12
-26
-62
-10
46
95
110
143
82
26
72
58
42
55
16
-15
0
37
-14
10
115
109
133
121
49
27
30
47
-11
-95
-79
-196
-268
-246
-390
-403
-309
-343
-294
-174
-69
53
102
160
190
190
185
87
70
104
29
-39
15
59
35
41
90
133
169
197
167
127
78
6
-78
-90
-52
-93
-107
-96
-56
-21
11
64
12
63
184
140
156
171
101
37
-38
-33
-35
-107
-126
-145
-184
-170
-172
-183
-92
-65
-131
-49
-25
-66
6
62
42
-44
-73
-42
6
47
1
72
134
99
160
206
187
174
236
206
160
46
-28
12
-109
-146
-174
-257
-180
-108
-85
-77
-84
-14
9
15
66
86
115
146
127
53
-20
-12
-13
-104
-69
10
66
129
70
83
73
9
22
-61
-68
-26
-104
-123
-123
-187
-184
-131
-148
-76
-44
-50
73
131
136
90
75
104
79
6
-79
-103
-63
39
-25
-107
7
109
113
46
19
9
14
32
10
-7
8
60
40
-68
-95
-77
-79
-68
-41
102
169
105
121
124
103
168
221
175
106
51
29
12
-31
-33
-55
-119
-65
-88
-151
-167
-182
-195
-173
-134
-227
-200
-183
-262
-199
-77
-46
50
150
153
287
316
277
322
281
267
291
238
155
141
209
128
16
-54
-128
-120
-160
-161
-191
-186
-147
-159
-109
-112
-45
-27
-28
93
81
93
152
153
152
137
147
129
111
42
-75
-68
-151
-290
-295
-362
-379
-387
-420
-478
-486
-373
-324
-153
-32
29
103
145
339
440
412
452
449
372
374
352
275
324
275
156
78
-48
-128
-160
-198
-241
-217
-182
-182
-211
-249
-235
-115
-12
-16
52
48
86
239
229
304
308
239
315
223
154
79
-77
-83
-186
-323
-366
-430
-412
-423
-469
-391
-306
-265
-175
-79
-8
146
230
253
303
327
380
336
318
347
275
226
140
76
62
-12
-67
-91
-138
-136
-218
-275
-200
-259
-291
-248
-177
-108
-105
-35
83
118
176
303
366
313
244
309
398
307
162
99
-52
-130
-116
-267
-331
-315
-386
-321
-211
-195
-28
36
-39
40
32
58
127
147
174
145
177
160
143
148
136
148
85
-43
-122
-48
-78
-192
-183
-231
-314
-343
-312
-255
-230
-168
-9
106
161
204
195
298
406
400
357
382
327
128
86
53
-86
-186
-267
-280
-275
-336
-349
-298
-234
-113
-42
-85
4
49
64
226
216
246
295
215
240
244
165
158
154
62
26
-84
-239
-267
-329
-425
-513
-505
-412
-418
-405
-254
-159
-93
5
89
315
503
600
644
584
537
540
513
364
284
122
-65
-140
-260
-334
-457
-502
-496
-534
-535
-449
-380
-311
-151
-152
-48
81
119
279
379
491
510
499
579
513
423
334
183
42
-135
-276
-373
-477
-540
-726
-782
-658
-687
-590
-401
-261
-107
46
227
419
553
549
602
730
775
822
752
601
483
330
276
150
-62
-155
-269
-417
-509
-545
-575
-532
-516
-522
-382
-251
-189
-115
41
128
211
387
499
542
494
500
584
523
400
298
79
-81
-165
-310
-452
-599
-669
-671
-693
-667
-565
-504
-357
-139
-47
-3
29
227
425
439
452
390
493
618
503
439
314
275
274
66
-48
-167
-292
-366
-427
-455
-511
-472
-434
-413
-396
-354
-184
-72
7
170
274
391
482
441
501
587
528
453
369
187
70
-49
-186
-191
-272
-423
-465
-466
-481
-468
-356
-209
-110
-58
-25
14
148
287
298
417
442
432
395
260
297
267
169
84
50
-25
-147
-248
-367
-416
-492
-474
-373
-322
-261
-217
-104
-2
74
199
233
351
414
381
454
458
403
277
232
170
-18
-99
-192
-320
-353
-373
-392
-425
-441
-323
-213
-224
-162
38
81
173
337
309
364
370
335
408
312
198
162
74
0
-36
-117
-174
-249
-347
-344
-342
-352
-347
-359
-352
-274
-209
-93
15
87
272
384
473
585
590
581
551
457
344
289
203
28
-105
-212
-356
-433
-419
-466
-507
-495
-482
-348
-202
-185
-68
8
36
178
236
266
282
318
296
252
283
208
226
199
72
13
-88
-160
-284
-361
-413
-507
-499
-524
-461
-374
-326
-156
12
92
160
287
418
542
617
625
647
584
489
395
254
202
110
-13
-85
-199
-295
-321
-320
-354
-368
-370
-396
-371
-288
-182
-60
15
73
167
206
238
334
382
372
351
271
255
198
95
74
27
8
-156
-335
-386
-455
-545
-564
-497
-440
-390
-317
-156
-27
82
234
317
346
442
503
376
371
446
349
248
154
43
1
-24
-107
-161
-205
-295
-320
-307
-327
-320
-246
-226
-218
-162
-148
-91
-21
39
150
205
227
286
327
323
344
356
244
199
141
7
-70
-177
-209
-263
-308
-324
-362
-302
-314
-255
-86
-31
-18
81
115
118
204
213
221
224
195
194
235
279
209
128
72
32
-20
-68
-54
-167
-243
-214
-217
-211
-201
-171
-111
-13
1
31
114
106
151
255
283
277
252
172
184
150
2
42
13
-127
-149
-216
-284
-312
-337
-341
-315
-274
-198
-148
-115
53
137
96
112
140
137
191
263
306
274
136
162
163
55
28
-84
-171
-191
-255
-291
-263
-242
-263
-195
-119
-145
-105
3
124
218
268
327
374
410
439
388
344
284
123
40
34
3
-92
-185
-225
-328
-436
-466
-409
-337
-299
-309
-302
-164
-67
0
51
22
113
185
146
236
212
162
266
193
157
169
97
34
-77
-103
-155
-254
-242
-292
-280
-290
-274
-183
-154
43
69
54
220
248
282
329
398
489
422
330
228
172
192
120
38
-23
-121
-200
-222
-273
-314
-306
-361
-381
-379
-363
-272
-246
-164
-66
-24
78
113
139
225
332
414
394
399
352
229
273
219
39
-43
-147
-202
-187
-180
-222
-317
-352
-306
-328
-243
-85
-120
-76
69
152
251
245
257
378
431
415
340
254
214
176
146
107
-13
-84
-94
-142
-236
-362
-305
-322
-372
-399
-464
-291
-192
-144
-61
-64
4
188
268
302
359
344
327
298
347
277
130
105
5
-58
-124
-226
-202
-199
-314
-391
-378
-346
-250
-130
-73
-97
-79
0
63
167
138
177
296
255
237
156
79
109
117
42
-25
-41
-90
-89
-136
-207
-195
-204
-190
-190
-129
-47
-52
9
95
176
196
159
198
243
251
272
244
170
160
129
46
-11
-86
-141
-160
-184
-231
-219
-169
-204
-164
-75
-72
-97
-44
28
9
107
96
1
105
148
109
55
80
61
-70
-41
37
62
-7
-54
-31
-42
-38
-79
-131
-79
-3
-3
3
25
63
119
174
224
256
224
199
242
218
126
71
3
-92
-82
-129
-207
-194
-226
-197
-172
-237
-279
-213
-117
-96
-63
-21
-3
49
126
146
158
152
86
67
22
1
-21
-40
4
-35
-67
-104
-91
-121
-187
-148
-85
11
-56
-108
-17
24
102
194
270
362
373
329
359
360
352
287
213
219
114
-72
-156
-189
-326
-371
-365
-415
-399
-380
-338
-375
-374
-249
-239
-146
-26
38
153
175
238
269
293
371
328
270
240
187
183
179
37
-107
-178
-204
-177
-210
-297
-299
-266
-229
-172
-141
-62
-14
97
262
345
366
412
499
478
391
304
245
205
154
59
-84
-199
-240
-294
-364
-397
-460
-471
-468
-434
-355
-410
-336
-207
-118
45
71
163
267
268
333
355
418
371
338
375
239
182
148
102
28
-108
-180
-245
-273
-288
-272
-249
-207
-155
-166
-63
24
75
206
220
210
274
288
337
340
260
242
193
141
76
12
39
-6
-146
-275
-310
-329
-374
-338
-358
-396
-335
-251
-212
-117
-27
65
185
142
207
292
303
367
355
361
349
251
174
136
54
41
23
-160
-200
-181
-244
-257
-298
-267
-225
-238
-211
-182
-111
-35
-18
50
134
114
133
161
181
201
144
82
-1
54
66
-34
-65
-136
-196
-201
-195
-230
-251
-232
-168
-80
14
46
17
59
81
74
148
142
176
287
273
241
124
97
74
-60
-9
-76
-124
-61
-117
-120
-159
-132
-116
-147
-55
-35
-13
-3
-19
-4
-8
66
63
91
187
166
178
108
-6
-12
-23
-6
-24
-117
-156
-123
-49
-17
-14
-58
-37
85
116
122
152
150
130
160
180
180
180
154
123
67
18
-42
-84
-84
-164
-186
-158
-154
-117
-210
-195
-87
-90
-58
9
128
171
156
188
204
160
192
202
79
4
-35
19
8
-71
-71
-162
-181
-205
-269
-242
-310
-320
-276
-198
-91
-62
25
135
201
187
179
199
180
199
226
211
199
139
115
103
-36
-106
-93
-112
-198
-218
-207
-226
-228
-245
-167
-143
-139
-74
-1
90
93
161
244
227
259
233
208
234
267
195
107
104
15
-48
-179
-221
-191
-301
-247
-243
-313
-243
-248
-206
-129
-122
-52
-13
20
62
123
199
210
200
204
264
268
301
236
93
115
23
-63
-73
-132
-140
-155
-78
-86
-195
-122
-151
-158
-55
-40
60
75
53
127
145
139
148
130
97
171
206
62
35
70
-79
-95
-61
-193
-264
-226
-193
-227
-225
-206
-198
-174
-107
-11
12
9
12
70
112
209
284
268
264
242
218
134
136
163
172
164
89
40
-5
-9
-35
-126
-177
-190
-194
-145
-83
-77
-100
-54
10
7
31
26
37
32
-17
68
40
-25
-40
-114
-81
-112
-222
-200
-106
-128
-215
-181
-120
-52
-25
-15
26
14
79
125
138
139
14
50
104
108
197
92
35
131
112
53
43
29
33
19
-48
-68
-54
14
14
-20
69
72
119
136
69
56
39
92
23
-32
-17
-85
-144
-198
-153
-184
-217
-169
-217
-206
-164
-116
-25
-27
-42
37
103
113
154
170
111
166
233
220
192
130
132
99
94
37
-84
-40
-49
-110
-125
-147
-97
-144
-257
-243
-120
-37
-64
-20
67
104
125
197
183
233
265
167
186
86
25
73
52
-57
-166
-245
-287
-208
-227
-242
-189
-214
-156
-124
-118
-72
-83
46
112
125
249
285
277
245
256
245
220
205
182
168
74
1
-121
-191
-196
-237
-220
-200
-273
-359
-308
-250
-174
-119
-46
51
65
116
179
195
179
174
164
179
260
219
67
47
28
31
77
1
-72
-87
-90
-134
-225
-198
-165
-202
-90
-87
-106
-38
-42
27
122
195
213
193
148
142
228
154
22
35
23
-33
-15
-7
-144
-153
-86
-116
-180
-221
-202
-232
-134
-74
-87
-26
8
37
12
62
93
83
86
36
86
146
145
185
157
107
175
175
84
6
-86
-93
-17
-46
-133
-118
-91
-153
-137
-25
1
-40
-37
-8
-55
-76
9
7
19
86
68
73
-29
-84
-11
17
41
-71
-132
-98
-99
-24
-3
17
40
-11
24
70
24
35
100
100
51
26
80
54
7
68
110
135
104
79
78
14
43
24
-7
85
34
-37
-60
3
66
-3
-37
-41
-9
-33
-89
-124
-46
-31
-146
-144
-167
-177
-195
-218
-183
-155
-69
-62
-111
-32
54
76
156
264
306
304
251
223
231
163
26
32
61
-4
6
-47
-90
-77
-84
-90
-92
-59
-25
-5
-99
-164
-131
-81
-7
13
56
31
57
180
149
150
200
162
170
180
103
20
-66
-70
-66
-202
-250
-298
-398
-300
-243
-275
-195
-119
-41
53
86
145
274
347
334
252
139
127
199
207
150
76
9
29
-1
-49
-21
-32
-135
-191
-201
-263
-257
-276
-276
-192
-200
-210
-170
-84
57
136
240
265
246
275
329
379
194
127
137
-36
-97
-60
-91
-155
-204
-233
-227
-234
-139
1
-7
-13
-40
-58
9
-77
-81
55
83
99
118
143
170
227
201
187
258
143
87
82
13
-34
-121
-198
-272
-288
-216
-220
-249
-189
-103
-7
74
80
86
139
77
101
200
140
117
132
117
77
82
66
-74
-18
24
19
69
-37
-16
5
-15
13
-19
-109
-165
-130
-122
-93
-30
-4
-81
-121
-26
27
75
114
69
33
2
52
133
34
-70
-151
-130
-58
-100
-81
-125
-120
0
27
73
128
158
155
123
112
139
104
47
84
64
-68
-88
-48
-87
-78
-30
-31
-82
7
56
26
-11
-102
-43
-8
-96
-127
-45
9
-2
34
41
64
89
43
20
-36
-29
15
-23
-99
-171
-129
-141
-238
-202
-193
-182
-44
53
95
136
201
214
216
183
241
382
354
307
211
156
98
-50
-95
-147
-158
-155
-183
-195
-214
-186
-232
-298
-261
