2
29
-9
-3
29
44
109
-5
0
104
55
-39
-51
88
64
-9
75
67
23
-10
4
49
-32
4
35
-24
16
13
-35
-23
63
22
-79
-52
-24
-79
-127
-45
-7
-42
1
65
22
-41
0
-2
-64
-39
-19
17
20
-36
-4
11
0
-12
4
-43
-70
25
38
25
-13
15
-8
-69
33
11
44
111
29
44
24
13
34
22
-14
-66
-17
-15
-7
-3
-35
-46
-82
4
57
35
37
10
-36
-41
1
-26
-9
-28
-88
13
61
3
-29
-20
32
62
3
-39
-25
-18
40
72
28
30
47
-41
-30
35
-3
-12
-33
-64
-69
-12
5
9
-68
-79
15
1
22
6
39
-4
-44
29
-30
12
74
14
15
60
6
-106
-47
-27
-77
-43
0
-5
-105
-147
-123
-20
10
-43
40
37
13
13
4
17
-37
-14
-2
-5
76
72
-8
-44
10
-1
-74
-13
-14
21
67
-6
58
12
8
138
47
17
66
-1
-36
8
76
74
29
42
27
8
-12
-34
-3
14
21
32
-28
-32
20
-10
39
42
44
23
-62
-1
30
-13
-20
-30
-58
-13
47
-27
-70
4
-43
-31
23
-7
27
-50
-87
-17
-10
-55
-69
-46
-11
28
-4
-13
5
91
120
12
55
51
-57
4
-24
-85
-66
-55
-79
-83
-35
-87
-54
-63
-71
1
-56
-38
19
26
63
123
95
30
48
76
74
-10
7
38
37
72
73
67
-53
-31
30
41
96
-32
-37
34
-18
-10
18
-4
-33
-14
-59
-24
53
-24
-34
45
37
29
12
-82
-37
17
20
22
-27
13
34
61
96
34
-12
-6
11
19
73
24
-39
-3
14
31
-52
-92
-7
-13
-50
-36
-63
-8
86
-48
-180
-116
-74
-79
-63
-90
-98
-10
21
3
10
-64
-26
51
-17
-52
-47
13
49
36
13
-13
2
35
66
74
26
34
62
39
81
65
36
50
30
58
76
22
46
56
18
66
71
56
128
107
-8
30
56
42
-7
-66
-47
-106
-103
-16
-11
-50
-31
41
76
-37
-79
-31
-49
-6
-37
-57
-3
-17
0
-19
2
49
-6
-32
-17
20
34
-12
-86
-116
-63
-29
-7
19
-41
-118
-57
-12
-58
-108
-52
9
-35
-15
-26
-30
3
51
115
75
30
-43
-88
-3
58
48
7
38
129
57
-66
3
59
27
9
16
100
95
54
5
-61
-44
-22
41
55
31
67
26
-37
-3
19
-17
-58
-22
27
49
43
31
54
12
31
56
16
41
3
-53
-57
-64
8
8
-43
0
-30
5
33
-20
4
-34
-35
21
56
64
54
28
-59
5
75
7
27
33
12
17
-18
-10
3
-19
29
19
-31
-3
-5
16
41
20
18
-8
33
27
-2
19
-5
59
37
13
61
73
38
-74
-60
-3
-10
-24
-42
-5
-22
-68
-52
-89
-52
-30
-56
-36
-6
95
6
-76
-4
6
82
56
-9
61
51
-51
-28
22
-15
-19
-47
-14
-4
-61
2
-22
-110
-41
-33
-49
-10
-36
-59
19
94
97
49
-93
-91
32
-23
-27
44
8
13
22
37
62
67
90
48
19
-19
-79
-49
-62
-57
-37
7
78
33
20
27
7
-13
57
25
-65
-19
-75
-21
0
-59
-6
-17
-10
4
30
-15
-48
-40
-60
-75
-65
-28
-17
70
60
3
-1
-22
-1
-1
-23
7
35
-19
-25
-12
-63
-26
42
36
9
46
57
113
154
99
81
1
-31
-60
-70
-15
-44
0
65
14
6
55
51
2
22
25
-35
14
25
21
65
13
0
5
-11
-42
-51
-66
-75
-4
-12
-35
-34
-2
17
-4
44
78
121
107
85
29
-99
-21
-2
0
61
13
32
48
42
-53
-93
-24
-72
-96
-32
12
8
-36
-5
15
-45
4
19
-22
2
-19
-72
-61
-2
88
89
47
19
0
26
0
-32
-75
-58
-44
-52
49
62
-42
-43
-67
-100
-24
-36
11
103
0
-1
63
70
105
48
-25
-82
-43
62
18
-34
-62
-68
-9
-116
-132
4
-42
-70
-49
-83
-38
-14
20
52
20
57
24
7
40
3
-2
35
38
5
14
-74
-75
26
16
43
-51
-81
37
43
48
56
-11
-9
32
-12
28
40
29
66
-24
-13
86
56
20
22
98
119
21
21
2
36
123
21
-26
-24
-50
19
-15
-91
-21
-72
-74
29
-51
-10
62
19
28
21
31
35
-23
-51
-21
-36
-38
-1
-43
-24
62
15
-28
0
15
-13
-61
-44
-6
27
33
31
32
29
28
22
89
41
-1
21
4
51
4
-29
26
67
31
8
43
-29
-52
5
-18
-109
-114
-119
-116
-110
-94
4
-47
-44
11
-91
-119
-68
-19
38
-30
-56
77
37
34
90
0
19
50
21
-38
-79
3
-14
-5
39
-49
-37
-8
38
50
-41
-37
19
49
17
-14
-33
-24
25
32
13
-2
-42
-56
-38
-30
-19
-8
62
28
-46
-32
-36
16
19
-25
22
116
165
48
-81
-50
-11
31
73
90
116
80
83
74
78
127
16
-18
51
48
73
-4
-55
32
-38
-66
-4
-38
17
26
10
50
-19
-40
-51
-74
-49
-28
36
-11
-45
19
6
47
54
25
69
17
27
86
-8
0
39
-4
15
-16
-1
127
100
32
39
-58
-78
-27
-21
-7
-53
-95
-132
-80
1
-60
-81
-21
-32
-38
-39
-69
-41
-44
-36
-19
-42
-15
26
73
44
-19
36
11
-101
-54
6
-4
-37
-80
47
102
13
-3
-43
-39
-84
-58
88
27
-22
-39
-66
-26
23
63
-4
6
9
-35
76
121
71
-15
-28
20
8
-9
-33
-23
-45
-31
2
13
62
10
-1
11
-54
-46
-9
17
9
8
49
49
75
69
5
-27
6
72
26
-2
43
17
-29
11
91
31
-29
-12
30
-26
-105
-8
32
21
41
3
-35
-28
-31
-42
-33
8
3
-37
-1
1
-37
-7
-8
2
51
45
1
-15
6
19
67
15
-61
-15
-20
-26
-18
-29
27
1
-49
-4
19
-25
-51
2
52
48
9
-65
-80
-8
42
59
55
87
47
-10
10
12
30
-59
-65
0
-46
-9
-9
26
58
-18
2
-26
-25
37
30
23
54
62
7
32
36
56
103
49
28
0
-16
9
20
2
-50
-43
43
2
-78
-62
0
-25
-57
-5
-64
-123
-51
-15
-8
-7
-30
-12
41
79
42
56
89
46
102
48
-45
-16
-57
26
74
0
11
-8
41
51
-59
-81
-63
-49
-55
-17
18
-68
-77
-34
-37
-41
3
33
-9
-27
-19
25
54
56
21
-4
28
-22
-43
11
-24
-47
-20
-93
-23
42
-20
-6
-82
-50
12
-14
82
35
-72
-110
-121
-2
-13
-56
14
-3
-15
-76
-37
14
-9
52
-9
-48
-11
-6
50
32
18
46
-8
6
61
40
89
69
-33
57
77
21
37
-9
68
109
22
43
100
127
75
26
87
79
29
-1
-56
-73
-57
-47
-56
-72
-19
-13
-30
24
0
-44
10
68
20
15
122
123
32
-75
-41
99
37
6
9
-39
-24
-101
-58
33
-25
-59
-81
-103
-76
-91
-117
-100
-126
-128
-108
-80
-20
-16
-37
-126
-111
-108
-127
60
64
-6
42
22
-14
22
59
22
47
14
-10
0
4
79
37
88
122
38
36
34
85
108
76
91
57
35
102
67
3
42
99
94
41
-17
21
79
55
89
52
-12
59
74
-3
3
57
-14
-48
17
62
7
20
66
23
73
76
32
46
34
7
-2
4
-32
-37
-4
-18
-2
-15
-50
-22
-16
-35
-16
-1
25
4
-37
7
-51
-88
-5
24
-11
-18
-32
-95
-86
-65
-47
-25
-28
19
-9
-51
-62
-60
-43
-75
15
1
-68
-11
-47
-72
-141
-180
-116
-93
-94
-100
-69
-82
-107
-71
-53
-48
-109
-51
35
-42
-19
22
25
46
3
-15
-25
-26
-9
-15
-60
-56
-34
-60
-13
0
9
22
-3
32
0
-42
-25
-48
37
98
38
66
17
8
40
44
122
82
111
147
51
70
97
54
60
54
6
11
89
85
75
68
-7
15
-9
-31
53
55
117
145
29
32
-21
-2
106
31
72
132
148
171
91
100
120
136
91
-36
45
62
-25
-4
-3
-5
-22
-41
-54
-6
11
-72
-169
-291
-224
-85
9
-10
-162
-182
-90
-6
-20
29
62
-26
-84
-139
-38
118
57
-65
-121
-94
-37
-10
86
68
-57
-88
-48
49
31
-29
9
-23
-94
1
78
43
55
-11
-61
24
39
-3
62
73
-68
-106
-48
12
-3
-43
-31
-21
17
6
-47
-46
21
-45
-115
-6
34
38
32
46
69
21
-12
-86
-57
-12
-28
29
19
56
52
43
83
-25
-65
-10
34
-18
-53
-23
-36
-43
-97
-80
-85
-100
-25
-35
-6
15
-9
0
-34
30
37
53
120
31
16
39
45
40
0
48
74
100
173
137
144
163
120
128
50
98
198
84
65
-2
-57
59
-22
-56
54
8
18
30
-50
-4
-7
-106
-102
-42
-58
-110
-98
-86
-29
15
-38
-74
-68
-135
-135
-90
-103
-55
-57
-38
-25
-45
-71
-98
-10
1
-21
18
-15
-37
36
104
47
-23
89
144
18
7
26
68
145
64
35
128
115
25
32
65
129
129
119
153
65
44
25
53
65
43
111
51
48
106
49
3
-16
-102
-146
-52
21
-66
-124
-72
-110
-121
-94
-137
-198
-250
-220
-162
-181
-155
-157
-237
-166
-152
-241
-239
-214
-174
-184
-154
-65
-137
-164
-36
11
28
0
30
117
56
45
29
3
96
98
121
149
109
205
258
234
296
276
273
347
326
355
424
392
336
341
367
381
326
254
265
264
319
322
247
300
268
187
164
96
114
78
-8
-2
-104
-89
-8
-53
3
-62
-180
-223
-302
-269
-250
-230
-160
-237
-411
-446
-448
-505
-451
-392
-354
-346
-493
-567
-507
-441
-367
-424
-509
-450
-362
-313
-283
-249
-164
-152
-202
-173
-74
-11
-15
-21
-97
-98
-17
-34
-26
19
0
13
-13
-26
53
85
107
87
66
28
63
146
157
249
223
57
73
206
260
264
204
265
371
329
277
224
257
275
187
159
186
162
216
224
163
187
81
57
185
194
206
175
36
54
65
-12
32
23
64
68
-23
-32
-40
27
-12
-105
-97
-139
-97
9
-50
-183
-217
-209
-323
-339
-168
-113
-151
-236
-235
-229
-251
-195
-104
15
-14
15
49
-4
151
265
199
164
255
405
467
514
538
569
562
485
546
566
573
601
511
526
565
567
547
497
458
449
461
367
271
226
189
192
223
249
160
27
90
168
77
-26
-97
-130
-146
-152
-139
-181
-223
-265
-308
-315
-401
-581
-770
-823
-765
-786
-832
-889
-940
-974
-1170
-1252
-1129
-1049
-986
-1027
-1114
-1100
-1026
-943
-920
-870
-782
-713
-651
-585
-452
-326
-210
-212
-295
-212
-94
-22
7
-44
-17
49
42
53
89
138
133
82
24
79
136
58
126
163
77
86
93
168
347
360
353
406
450
499
461
526
628
662
698
726
718
749
812
759
748
748
701
677
625
560
544
472
406
463
406
300
245
194
197
185
130
34
19
177
106
-15
92
112
79
9
34
88
11
84
144
189
206
171
200
179
236
205
155
201
137
196
292
215
96
-21
14
46
149
280
186
141
98
137
216
317
494
611
634
504
487
546
594
726
733
745
742
706
650
545
541
589
716
600
292
20
-96
55
84
-140
-530
-827
-917
-829
-744
-1078
-1564
-1882
-1807
-1424
-1435
-1776
-2014
-2134
-2165
-2130
-2009
-1781
-1528
-1624
-2068
-2223
-1874
-1283
-881
-1038
-1416
-1416
-1122
-671
-411
-529
-567
-519
-375
-358
-404
-174
137
345
95
-264
-221
127
571
598
131
-288
-135
447
795
671
346
247
412
480
458
563
862
1186
1033
542
334
619
1203
1471
1261
882
691
882
1108
1290
1375
1230
1034
905
872
1002
1190
1244
1105
741
425
476
819
1024
783
377
198
317
583
663
507
319
150
96
66
190
351
320
295
113
4
145
282
361
319
293
313
181
77
167
265
431
539
269
-1
18
283
615
706
499
210
220
438
584
518
366
517
662
658
586
468
613
784
838
635
478
712
817
686
471
393
500
521
260
-158
-349
-136
97
-291
-1135
-1708
-1487
-704
-587
-1488
-2849
-3583
-2914
-1850
-1560
-2336
-3441
-3925
-3677
-3183
-2804
-2475
-2337
-2689
-3393
-3726
-2988
-1506
-652
-1155
-2221
-2636
-1675
-132
598
162
-671
-794
-165
359
571
782
953
864
352
-265
-260
714
1739
1609
387
-825
-790
475
1544
1444
513
-132
-5
334
500
698
1115
1554
1438
637
92
588
1815
2543
2069
1181
748
1141
1921
2201
2004
1683
1564
1564
1500
1439
1374
1495
1497
1136
689
556
936
1187
903
317
-119
23
442
589
195
-336
-373
13
308
239
99
158
367
520
427
336
482
698
910
976
806
663
641
739
921
905
581
296
277
516
809
645
92
-237
-16
539
820
589
181
-24
188
652
793
718
803
909
933
793
733
955
1213
1363
1234
823
529
594
625
446
287
521
780
-170
-2099
-3378
-2438
-92
716
-1557
-5355
-7010
-5160
-2150
-1110
-3095
-5975
-7267
-6724
-5263
-3904
-3155
-3146
-4435
-6409
-6943
-4828
-1337
462
-998
-3882
-4932
-2706
906
2591
1474
-480
-1060
123
1368
1740
2014
2632
2829
1520
-459
-585
1967
4652
4316
955
-1908
-1272
1735
3662
2796
743
-175
304
856
722
968
2067
2628
1614
-326
-883
821
2980
3552
1888
26
-33
1417
2864
2888
1892
1193
1282
1580
1479
1509
2109
2764
2433
871
-465
28
2033
3274
2285
137
-1001
-301
1001
1455
1006
391
157
28
-324
-442
63
720
686
-19
-683
-657
-11
451
94
-524
-604
-190
177
70
-344
-533
-314
-115
-160
-172
167
632
518
-227
-650
-24
1176
1699
1037
127
37
887
1708
1525
970
865
1221
1601
1272
849
1132
1736
1911
1177
286
447
1408
1942
1240
-217
-780
31
867
464
-698
-1015
-254
-301
-2322
-4410
-3726
-612
858
-2247
-7250
-8746
-5409
-1469
-1478
-4933
-7915
-8008
-6417
-5589
-5397
-4612
-3800
-4563
-6806
-7909
-5756
-1821
245
-1364
-4698
-5589
-2477
1627
2942
830
-1391
-616
2062
3567
2792
1884
2868
4448
3904
1437
557
3085
6230
5674
1455
-1664
-196
3739
5053
2485
-559
-899
667
1287
543
127
1149
2196
1213
-791
-1219
883
3426
3630
1683
60
708
2867
4123
3404
2061
1994
3150
3882
3205
1983
1795
2931
3749
3037
1559
799
1271
1955
1780
922
385
524
561
-93
-938
-877
33
579
13
-1318
-1912
-1085
53
248
-681
-1523
-1238
-348
27
-339
-802
-734
-254
-124
-310
-293
-35
115
-288
-672
-409
87
243
-229
-719
-422
99
185
-63
-237
78
498
588
489
402
399
471
636
866
1124
1065
753
547
340
273
324
654
1103
813
-222
-1080
-816
218
569
-337
-1144
-737
-54
-445
-1635
-1919
-703
253
-741
-2615
-2925
-1632
-1213
-3064
-4995
-4261
-1769
-1138
-4013
-7411
-7741
-5271
-3248
-3544
-5125
-6225
-6560
-6738
-6391
-5001
-3151
-2264
-3067
-4644
-5089
-3436
-525
1696
1616
-111
-1075
398
3141
4605
3937
2791
3302
4840
5250
4251
3791
5020
6106
4907
2575
2095
3951
5581
4325
1305
-121
928
2498
2317
965
330
582
624
-258
-817
275
1969
2405
1207
-209
-191
1302
2848
3336
2817
2161
2147
2515
2870
3034
3009
3044
2982
2595
1967
1675
2030
2320
1712
568
71
624
1339
906
-602
-1639
-1315
-218
343
-181
-1068
-1586
-1459
-1031
-725
-471
-316
-484
-1001
-1427
-1293
-614
-146
-551
-1307
-1514
-902
-179
-342
-1303
-1965
-1549
-560
-55
-421
-1139
-1543
-1415
-877
-356
-66
33
-15
-114
-330
-519
-165
769
1544
1443
367
-470
-10
952
1340
846
151
58
306
198
-197
-398
-326
-297
-501
-494
-260
-283
-668
-1015
-883
-405
-67
-164
-341
-533
-1092
-1723
-1444
-250
106
-1532
-3720
-4009
-2155
-983
-2733
-5443
-6304
-5093
-3882
-4456
-5662
-6093
-6074
-6421
-6838
-6036
-4163
-2819
-3254
-4642
-5112
-3811
-1102
1258
2018
1278
152
571
2713
4882
5529
5069
5145
5959
6266
5372
4837
5957
7584
7295
4691
2834
3739
5557
5272
2594
467
932
2363
2323
835
-224
-88
139
-447
-1094
-504
817
1329
541
-621
-830
173
1547
2475
2580
1923
1267
1341
2094
2779
2760
2267
2079
2442
2593
1971
985
587
886
1118
1038
843
772
284
-821
-1626
-1233
151
1071
720
-478
-1420
-1426
-799
-79
416
471
-6
-612
-898
-797
-655
-707
-658
-531
-500
-894
-1824
-2359
-2118
-1553
-1295
-1514
-1687
-1665
-1599
-1809
-2092
-1874
-1249
-720
-550
-560
-641
-744
-801
-727
-122
761
1159
886
116
-379
-90
560
978
890
488
225
323
448
220
-365
-770
-220
757
929
57
-1001
-1047
-479
-387
-292
420
1157
406
-1848
-2968
-1237
1315
1101
-1954
-4058
-2970
-830
-920
-3421
-5396
-4951
-3651
-3708
-4868
-5458
-5277
-5634
-6711
-7044
-5710
-3868
-3308
-4195
-5220
-5073
-3270
-547
1438
1382
-93
-460
1745
4855
5975
4899
4449
6024
7586
7009
5555
6067
8341
8877
6176
3344
4023
7090
7666
4323
838
821
3078
3655
1681
-256
-256
333
-230
-1259
-1393
-464
-62
-908
-1729
-1521
-494
150
171
-32
-153
220
850
1534
1798
1269
639
1024
2275
2758
1789
459
310
1472
2233
1411
132
-235
191
363
-154
-445
-12
305
-322
-1364
-1532
-506
545
433
-522
-1244
-875
59
327
-59
-487
-447
-95
-188
-647
-876
-905
-894
-1118
-1485
-1592
-1499
-1553
-1876
-2113
-2182
-2147
-1808
-1354
-1221
-1573
-2102
-1946
-922
-8
93
-345
-351
277
549
350
584
1416
1929
1320
451
785
1856
2044
996
330
1097
2035
1587
95
-433
436
1036
529
-246
-247
-126
-1092
-2081
-1342
229
-112
-3151
-5554
-4074
-653
232
-2764
-6367
-6835
-4812
-3261
-3307
-3890
-4293
-5261
-6827
-7209
-5167
-2225
-1186
-2967
-5452
-6103
-4021
-766
1228
858
-1007
-1735
-139
2309
3509
3238
3223
4231
4928
4224
3527
4955
7642
8150
5092
2044
3148
6836
8256
5495
1733
1181
3213
4216
2779
1090
1308
1970
993
-1020
-1706
-176
1521
1153
-900
-2250
-1638
-72
831
286
-695
-650
394
1316
1000
-23
-243
807
2139
2174
991
355
1030
1842
1403
265
293
1587
2272
1049
-915
-1105
520
1691
1080
-463
-1044
-190
517
-16
-778
-541
408
729
-153
-1191
-1150
-140
643
326
-590
-1062
-828
-359
-331
-663
-1013
-1140
-1044
-1179
-1371
-1324
-1118
-1079
-1409
-1747
-1563
-814
-307
-551
-1117
-1271
-654
157
420
164
7
340
551
324
315
1007
1794
1556
480
-83
762
1769
1403
167
-316
420
1071
739
-35
-215
-310
-1158
-1878
-1013
850
819
-2230
-5503
-5364
-2132
301
-867
-4176
-6274
-6329
-5436
-4464
-3421
-2674
-3730
-6544
-8341
-6975
-3601
-1352
-1995
-4268
-5626
-4865
-2552
-316
486
-114
-1085
-853
691
2103
2712
2908
3298
3603
3160
2727
3881
6284
7168
4998
2062
1921
4973
7420
6313
3349
1852
2624
3529
3019
2337
2891
3511
2273
-343
-1420
369
2601
2528
247
-1514
-1028
438
1105
724
212
-43
-220
90
981
1835
1653
349
-486
-5
1214
2023
2079
1864
1037
-676
-1958
-790
2329
3883
1775
-1784
-3008
-1112
1197
1637
818
408
302
-601
-1458
-580
1427
2224
930
-793
-808
762
1701
960
-195
-396
166
762
887
577
-117
-1108
-1579
-892
425
937
152
-1214
-1981
-1792
-1204
-437
129
62
-793
-1819
-1738
-589
204
-182
-723
-417
209
323
-200
-524
-93
635
856
445
155
423
770
389
-505
-659
306
1140
427
-1338
-2214
-1475
-421
-968
-2864
-3784
-2832
-1592
-2181
-4320
-5539
-5028
-4092
-3872
-4318
-4433
-4367
-5061
-5980
-5944
-4607
-2931
-2441
-3323
-4529
-4818
-3582
-1653
-522
-822
-1705
-1474
-4
1073
909
386
1130
2882
3633
2852
2278
3203
4433
4351
3377
3436
4989
6053
5022
3103
2716
3992
5031
4495
3293
2952
3172
2803
1879
1448
1876
2442
2032
913
404
560
907
910
372
-151
-77
638
1207
771
-394
-822
183
1526
1693
815
357
912
1348
856
358
946
2110
2132
699
-439
216
1633
1786
618
-319
126
1084
1038
64
-636
-359
347
641
407
79
-97
-157
-183
-190
-3
347
755
767
138
-479
-404
432
953
519
-192
-208
522
732
-46
-864
-730
168
543
-50
-810
-897
-478
-462
-694
-669
-535
-449
-615
-788
-692
-654
-780
-804
-543
-267
-299
-625
-980
-1063
-1028
-903
-621
-530
-1089
-2226
-2689
-1822
-927
-1573
-3540
-4658
-3605
-1884
-1852
-3781
-5577
-5594
-4523
-3963
-3990
-3786
-3649
-4565
-6236
-6603
-4605
-2029
-1448
-3169
-4950
-4782
-2917
-1033
-345
-678
-1104
-1049
-380
473
1091
1606
2088
2525
2592
2343
2639
3866
5044
4724
3265
2747
4250
6077
5923
4002
2705
3414
4617
4511
3503
3107
3501
3273
1952
988
1628
2941
2883
1208
-258
-173
913
1584
1311
604
-8
-277
41
934
1623
1473
801
344
444
867
1549
2175
2290
1686
738
574
1440
2364
2344
1503
942
1057
1192
1036
944
1044
1183
802
193
220
560
611
246
-26
66
350
355
31
-33
39
77
-100
-323
-299
-142
22
-219
-648
-795
-698
-426
-401
-791
-1013
-838
-615
-840
-1257
-1077
-587
-435
-1028
-1787
-1394
-301
10
-851
-1748
-1570
-686
-256
-637
-1244
-1427
-1099
-1009
-1234
-1229
-1194
-1258
-1690
-2252
-2148
-1749
-1469
-1943
-3196
-3647
-2708
-1197
-1083
-3422
-5829
-5494
-2647
-490
-1551
-4524
-6175
-5346
-3765
-2861
-2532
-2464
-3051
-4766
-6223
-5183
-2123
73
-648
-3420
-5036
-3837
-1117
779
597
-651
-1057
-183
944
1609
1935
2536
3195
3132
2579
2712
4258
6025
5952
4115
2800
3784
6063
7051
5792
3871
3336
3989
4522
4342
3915
3901
3545
2315
1015
901
2140
3002
2250
507
-544
-159
761
1147
703
177
108
191
73
175
742
1229
1268
730
396
944
1825
2270
1874
1132
756
1104
1915
2202
1715
799
247
569
1161
1301
720
224
236
217
33
-37
297
536
150
-469
-590
-20
539
378
-293
-728
-639
-221
-41
-265
-519
-794
-990
-977
-929
-941
-1013
-1068
-1142
-1446
-1747
-1539
-796
-299
-861
-1918
-2112
-1089
-127
-435
-1386
-1572
-834
-340
-832
-1506
-1346
-642
-499
-1225
-1809
-1705
-1293
-1338
-2026
-2396
-2111
-1483
-1118
-1594
-2459
-2968
-2558
-1519
-971
-1178
-1582
-1872
-2286
-2886
-2957
-1842
-97
412
-1395
-4026
-4983
-3613
-1485
-651
-1540
-3022
-4090
-4659
-4698
-3767
-2257
-1371
-2058
-3697
-4573
-3913
-2195
-614
-271
-938
-1369
-804
454
1468
1867
2098
2478
3051
3568
4014
4697
5264
5189
4554
4196
4832
6054
6704
5917
4510
3795
3999
4644
4915
4522
3957
3445
2876
2362
1995
2190
2611
2474
1711
777
465
821
1304
1229
552
33
22
277
369
332
336
243
-86
-479
-470
172
834
725
-38
-825
-865
11
1068
1426
772
-151
-236
417
995
1153
1030
1002
895
689
696
890
1148
1013
281
-209
155
782
682
-368
-1399
-1496
-785
-283
-694
-1507
-2164
-2448
-2337
-1949
-1468
-1325
-1788
-2563
-2819
-2339
-1523
-951
-1092
-1533
-1956
-1958
-1376
-845
-733
-1028
-1294
-1265
-988
-951
-1434
-1711
-1381
-924
-948
-1524
-1939
-1718
-1442
-1564
-1822
-1707
-1242
-1016
-1257
-1584
-1425
-1000
-970
-1265
-1040
81
1069
519
-1564
-3153
-2300
420
2275
1372
-1333
-3468
-3627
-2412
-984
57
109
-1249
-3623
-5205
-4259
-1545
343
-292
-2552
-4108
-3417
-1187
463
435
-612
-1314
-873
411
1475
1934
2021
1872
1560
1224
1771
3421
5014
5033
3108
1396
1862
4036
5747
5372
4046
3487
3652
3653
3287
3470
4586
5344
4622
3092
2229
2766
3656
3551
2841
2425
2495
2385
1671
972
699
768
765
410
-26
-259
-293
-432
-921
-1492
-1631
-1127
-286
-108
-876
-1677
-1812
-1122
-368
-84
50
5
-216
-591
-729
-166
652
1009
581
-72
-193
191
549
395
58
15
4
102
178
33
-218
-566
-646
-484
-206
-44
-227
-568
-1074
-1386
-1131
-635
-250
-495
-1421
-2112
-2135
-1841
-1578
-1634
-1978
-2344
-2663
-2895
-2877
-2673
-2544
-2720
-2926
-2817
-2711
-2709
-2681
-2551
-2304
-2088
-2065
-1987
-1653
-1285
-1101
-1259
-1290
-888
-298
125
51
-142
-132
49
332
702
1167
1368
1197
794
490
799
1477
2099
2337
1839
1082
614
841
1762
2377
2160
1528
883
472
395
454
683
984
763
-232
-1329
-1515
-768
-200
-717
-1779
-2275
-1943
-1395
-1228
-1417
-1625
-1693
-1799
-1730
-1215
-408
324
292
-294
-482
37
1132
2249
2738
2537
2012
1782
2395
3424
3968
3996
3878
3720
3521
3180
3107
3753
4469
4276
3227
2204
1974
2397
2503
2130
1731
1362
1057
668
241
133
301
259
-152
-695
-1003
-777
-527
-627
-1218
-1902
-1865
-1289
-772
-971
-1731
-2233
-2167
-1733
-1435
-1390
-1291
-1240
-1413
-1688
-1705
-1189
-543
-318
-546
-728
-443
49
281
136
-7
267
702
784
472
172
244
435
320
-293
-857
-746
-399
-501
-1303
-2101
-2325
-2086
-1940
-2323
-2621
-2590
-2607
-2888
-3155
-2898
-2128
-1608
-1849
-2305
-2174
-1490
-1001
-856
-686
-353
19
178
59
77
375
644
948
1203
1183
972
715
781
1181
1515
1609
1505
1485
1522
1445
1498
1826
2235
2378
2155
1873
1909
2177
2247
2112
2042
2017
1874
1549
1244
1095
992
836
631
441
122
-464
-1006
-1033
-797
-767
-1076
-1582
-1721
-1586
-1562
-1495
-1387
-1265
-1222
-1354
-1358
-1013
-585
-613
-1032
-1147
-651
20
277
-23
-538
-697
-318
265
589
500
258
72
51
226
574
988
1322
1292
777
404
620
1231
1745
1657
1129
779
839
982
904
717
602
592
377
-107
-418
-442
-350
-481
-903
-1353
-1565
-1396
-1356
-1557
-1653
-1699
-1540
-1476
-1511
-1202
-821
-539
-583
-783
-656
-192
510
956
846
575
366
428
864
1334
1591
1469
1037
596
539
916
1318
1350
966
519
272
244
342
318
101
-36
-107
-254
-394
-454
-492
-568
-696
-853
-813
-604
-596
-873
-1217
-1306
-1215
-1068
-991
-1010
-965
-972
-1029
-1121
-1223
-1040
-671
-442
-243
-172
-296
-292
-153
179
571
903
1397
1608
1456
1169
956
1441
2327
2794
2574
2037
1669
1622
1760
1755
1862
2082
1909
1267
615
400
517
629
474
122
-149
-317
-475
-691
-854
-893
-948
-857
-740
-863
-1056
-1245
-1367
-1351
-1251
-1107
-992
-902
-1095
-1511
-1714
-1540
-1224
-1235
-1506
-1735
-1720
-1495
-1452
-1495
-1404
-1263
-1132
-1005
-718
-249
104
106
8
165
610
1067
1385
1478
1360
1333
1272
1211
1314
1478
1629
1473
978
440
177
264
367
182
-171
-531
-727
-715
-752
-827
-882
-932
-1004
-1012
-836
-544
-311
-399
-644
-511
-135
111
247
191
169
225
162
240
484
534
497
386
343
552
548
531
588
566
643
680
719
910
1055
950
834
831
930
1027
1008
1002
974
903
554
142
155
280
281
4
-525
-784
-790
-903
-1028
-1117
-1145
-1151
-1377
-1550
-1388
-1034
-785
-828
-960
-810
-384
54
289
290
336
435
686
1203
1463
1473
1421
1485
1629
1517
1427
1501
1711
1728
1385
928
649
780
903
786
485
249
280
149
-94
-224
-224
-83
-202
-563
-834
-876
-677
-538
-766
-1085
-1139
-1085
-1157
-1305
-1343
-1252
-1177
-1337
-1633
-1892
-1903
-1528
-1198
-1197
-1490
-1696
-1577
-1381
-1076
-813
-625
-458
-518
-638
-554
-180
275
479
420
364
443
613
715
689
642
596
540
607
670
516
287
109
91
186
171
93
8
-85
-29
-87
-321
-273
-4
165
149
83
161
354
418
293
116
223
659
783
523
293
282
449
592
645
583
559
495
307
272
326
499
704
729
668
530
635
830
826
848
786
858
1079
1164
996
694
689
886
816
618
476
296
220
-6
-324
-419
-473
-613
-861
-1020
-982
-986
-1172
-1354
-1380
-1202
-967
-947
-932
-935
-973
-653
-363
-264
-153
-98
3
104
282
450
518
532
345
225
344
512
659
628
328
133
159
220
451
556
373
245
65
58
291
442
554
471
251
150
177
171
169
236
169
-27
-279
-475
-597
-704
-640
-589
-781
-1020
-1211
-1338
-1273
-1075
-1026
-1144
-1231
-1249
-1157
-979
-801
-551
-247
-187
-214
-18
201
361
446
446
545
703
745
599
472
509
626
685
575
410
220
77
-75
-112
-2
-25
-202
-340
-273
-209
-171
-147
-235
-208
-46
99
191
228
180
62
-3
59
294
525
488
300
104
-82
-17
137
248
293
166
187
223
208
269
276
413
644
744
778
746
753
904
989
939
916
1014
1128
1080
839
683
685
629
546
343
44
0
-85
-388
-674
-917
-885
-647
-536
-717
-1008
-1132
-999
-741
-733
-758
-561
-350
-321
-491
-505
-288
-62
13
-68
-122
-10
207
98
-238
-383
-282
-96
-89
-220
-310
-351
-352
-380
-401
-233
-6
131
18
-157
-85
106
468
662
584
520
527
660
741
748
629
496
514
490
421
347
237
33
-179
-353
-461
-403
-368
-479
-746
-947
-879
-745
-590
-554
-634
-617
-542
-454
-418
-285
-83
-5
-51
-125
-52
53
53
80
155
56
-178
-280
-150
40
3
-103
-123
-190
-209
-189
-112
103
223
167
132
226
463
749
786
705
701
771
886
911
977
971
859
657
447
445
529
519
284
1
-263
-447
-450
-383
-296
-320
-464
-590
-672
-569
-311
-151
-113
-139
-97
14
101
210
294
348
426
527
551
487
422
375
285
161
72
8
-51
-109
-224
-463
-483
-475
-541
-534
-660
-590
-423
-448
-546
-547
-397
-207
-52
-30
-73
-61
49
95
22
30
156
147
-57
-225
-361
-351
-287
-465
-510
-488
-515
-516
-699
-715
-592
-439
-286
-289
-219
-108
35
182
206
284
465
676
727
704
785
864
876
789
682
604
606
586
408
178
38
11
-57
-61
-51
-120
-207
-355
-374
-302
-162
72
76
-24
41
48
148
235
259
252
82
148
236
144
7
-143
-224
-194
-166
-170
-249
-433
-498
-614
-678
-563
-489
-388
-358
-320
-153
-67
29
154
234
454
650
577
538
578
689
868
843
780
760
613
420
288
182
191
152
-115
-360
-510
-562
-453
-384
-448
-512
-603
-641
-512
-319
-150
-68
-71
-48
-5
23
135
239
430
531
351
250
167
193
195
25
-28
-71
-89
-197
-419
-424
-374
-379
-327
-409
-385
-312
-309
-195
-216
-118
-1
22
116
136
131
173
271
281
221
48
-118
-28
-8
-146
-286
-431
-576
-638
-588
-549
-554
-556
-577
-643
-576
-444
-284
-47
-18
24
218
345
469
593
707
742
755
840
844
816
681
583
657
567
390
222
96
75
11
-110
-329
-465
-387
-369
-371
-392
-553
-506
-338
-369
-261
-144
-65
116
109
81
143
258
390
282
120
145
237
255
111
-79
-130
-145
-191
-203
-298
-309
-253
-340
-375
-354
-232
-11
107
185
209
276
446
590
685
629
590
699
756
731
660
582
449
313
145
18
70
54
-99
-307
-452
-490
-478
-431
-407
-506
-497
-414
-459
-394
-264
-65
51
28
93
127
165
276
350
373
252
140
168
74
-25
-77
-167
-199
-270
-355
-467
-496
-479
-471
-486
-551
-478
-409
-339
-252
-116
47
97
106
105
103
179
312
306
342
367
193
121
82
91
179
105
29
-121
-333
-396
-395
-298
-176
-168
-281
-367
-304
-88
17
-31
-34
31
228
323
357
490
516
470
482
560
605
524
416
330
194
107
106
112
70
-52
-178
-347
-428
-354
-311
-270
-280
-337
-250
-134
-135
-85
53
157
241
268
251
259
327
307
249
286
224
204
111
0
-2
-94
-105
-140
-254
-266
-216
-180
-214
-261
-273
-215
-103
35
104
152
149
178
366
475
542
587
565
494
409
390
367
355
311
133
26
-59
-151
-130
-222
-359
-471
-429
-359
-439
-475
-423
-357
-357
-213
-135
-83
93
141
184
240
230
265
408
422
331
299
187
98
29
-67
-40
-147
-262
-319
-502
-547
-575
-549
-520
-605
-577
-609
-523
-305
-261
-244
-232
-129
86
73
50
199
221
252
270
213
258
228
139
82
-26
-55
35
-15
-53
-89
-188
-106
-112
-101
-17
11
79
95
168
226
312
518
568
524
459
445
557
579
501
354
219
156
140
103
-8
-77
-261
-435
-486
-494
-456
-485
-450
-610
-688
-503
-396
-226
-239
-182
27
75
151
212
310
452
483
466
447
476
478
412
338
284
245
105
-43
-128
-153
-115
-110
-188
-275
-283
-282
-226
-121
-138
-180
-112
2
59
76
177
229
257
263
171
201
240
250
233
103
21
-60
-68
-28
-122
-201
-236
-235
-269
-397
-385
-237
-219
-192
-144
-127
112
240
218
234
270
410
452
408
393
399
337
242
169
126
51
-22
-60
-143
-228
-298
-354
-481
-538
-590
-628
-560
-604
-617
-507
-466
-400
-192
-154
-158
0
127
213
282
277
190
223
316
305
327
282
166
74
43
94
-56
-188
-167
-199
-197
-206
-209
-168
-107
-84
-55
34
98
198
205
237
450
496
416
306
174
226
313
320
203
0
-149
-273
-294
-244
-258
-254
-292
-436
-559
-571
-486
-424
-301
-188
-128
-46
33
118
161
222
325
437
512
555
579
594
601
541
448
342
272
295
230
53
-33
-80
-192
-238
-197
-207
-259
-312
-280
-223
-219
-151
-61
-17
-4
-4
128
217
202
278
232
198
227
211
208
14
-159
-112
-97
-82
-143
-259
-278
-305
-335
-404
-389
-343
-302
-185
-191
-168
-111
-66
121
223
191
253
309
303
343
388
356
238
114
86
41
-23
27
-68
-170
-218
-391
-324
-291
-445
-427
-428
-447
-355
-276
-168
-116
-125
-56
57
148
148
205
243
308
386
270
280
327
295
243
137
107
0
-102
-45
-40
-142
-169
-186
-233
-172
-123
-135
-109
-94
-81
-9
51
152
192
117
205
293
305
276
149
144
169
176
155
76
52
-68
-182
-223
-251
-275
-270
-206
-288
-364
-290
-270
-261
-214
-151
-50
21
48
88
140
282
403
383
405
410
391
282
243
314
198
126
71
-36
-37
-79
-106
-138
-272
-285
-294
-295
-245
-324
-343
-208
-85
-64
-72
4
46
121
229
193
286
382
286
229
240
198
234
241
114
60
-16
-42
-75
-137
-142
-153
-109
-151
-181
-171
-132
-50
-56
6
50
69
168
158
135
186
129
133
137
89
72
-59
-113
-169
-253
-274
-313
-297
-320
-414
-490
-481
-431
-463
-491
-433
-321
-214
-136
-24
-41
-4
164
270
406
456
425
398
391
374
355
332
281
268
231
138
29
-16
-4
-40
-95
-132
-150
-143
-139
-123
-110
-22
-4
-31
95
173
191
179
128
152
197
123
108
179
99
-7
-77
-119
-155
-203
-151
-91
-64
-54
-141
-205
-160
-77
-79
-140
-94
12
101
223
269
239
343
380
314
305
247
297
331
194
141
139
90
46
-104
-155
-80
-193
-218
-236
-361
-327
-327
-308
-255
-273
-261
-199
-99
-123
-84
10
-41
-37
9
90
212
158
64
32
-17
47
67
15
15
-52
-81
-19
-50
-87
-90
-78
26
50
-7
-3
22
39
70
78
98
139
152
122
95
91
84
101
31
-60
-87
-116
-80
-129
-189
-112
-145
-180
-125
-168
-136
-99
-96
-57
-86
23
109
68
105
140
176
188
226
248
161
167
187
129
164
106
-18
4
19
-44
-118
-147
-161
-157
-161
-174
-115
-61
-106
-168
-165
-159
-161
-128
-86
-22
-47
-10
14
-18
28
-39
20
53
13
72
-33
-86
-43
13
79
56
-20
-108
-38
148
208
180
189
185
152
135
224
227
187
227
191
248
246
149
130
155
80
-12
26
-134
-254
-183
-111
-21
-196
-331
-252
-318
-355
-247
-73
-98
-261
-224
-149
-97
-107
-46
20
-37
114
185
191
226
194
190
144
211
202
126
126
57
49
110
71
39
-6
-87
-13
-2
-73
-46
0
-9
-49
-25
-16
-72
-44
31
63
21
-50
9
60
-23
-4
51
-52
-81
-67
-137
-132
-154
-183
-215
-295
-204
-62
-57
-49
45
15
-48
120
271
190
100
242
424
289
181
356
317
174
163
224
203
45
5
19
-63
-173
-126
-128
-280
-334
-257
-243
-346
-292
-221
-218
-177
-187
-150
-131
-150
-52
70
89
69
148
180
148
108
101
115
-46
-36
142
33
-12
77
-9
-76
-75
-21
-18
-112
-38
45
28
77
97
72
101
160
203
85
3
104
61
-8
106
75
-79
-97
-73
-23
-70
-192
-166
-183
-276
-244
-213
-227
-172
-20
45
-11
59
175
133
96
154
229
226
151
152
281
337
248
296
287
128
146
194
125
63
-63
-69
-38
-196
-204
-124
-117
-197
-230
-94
-78
-119
-41
-53
-46
39
7
-49
-64
-33
33
61
77
50
-24
-20
-11
-22
-49
-90
-51
-87
-128
-76
-104
-121
-20
8
15
59
100
80
89
157
128
153
104
43
123
153
151
185
149
77
5
-59
-25
-98
-187
-216
-226
-183
-229
-248
-247
-241
-198
-94
-25
-97
-51
-30
-21
97
73
118
142
112
221
241
243
183
116
183
208
121
37
50
42
41
-23
-73
-39
-101
-132
-95
-80
-74
-72
-42
-6
-39
10
82
88
170
104
7
39
99
198
166
72
71
80
51
1
-53
-139
-195
-203
-219
-225
-222
-197
-225
-215
-160
-163
-103
-126
-95
106
240
193
88
277
321
200
279
269
227
196
226
274
201
127
42
-11
-24
-42
-79
-229
-194
-96
-250
-268
-134
-87
-47
-87
-89
9
-18
111
263
159
99
156
206
179
70
80
167
73
-33
4
17
-90
-236
-264
-210
-249
-271
-212
-216
-318
-290
-129
-75
-170
-108
108
117
52
122
227
200
118
204
241
165
178
139
147
144
-20
-65
-97
-140
-165
-280
-279
-280
-309
-282
-293
-241
-210
-169
-41
4
27
1
10
177
252
269
258
253
259
168
163
220
142
34
42
50
12
-26
-114
-206
-205
-180
-230
-257
-239
-180
-131
-103
-14
-3
-13
77
200
231
159
170
220
147
177
196
156
195
-24
-95
16
-114
-150
-85
-155
-209
-133
-154
-307
-320
-216
-225
-213
-64
42
92
91
102
194
259
297
383
396
415
472
409
263
198
211
137
84
62
-22
-109
-181
-222
-245
-361
-372
-273
-249
-234
-279
-242
-132
-135
-85
12
20
130
202
182
164
141
163
95
122
125
22
-13
-84
-59
-125
-186
-146
-276
-245
-131
-201
-242
-167
-93
-102
-106
71
174
164
323
355
330
347
305
315
322
373
345
243
157
144
77
-53
-87
-229
-290
-293
-348
-424
-458
-451
-440
-359
-375
-348
-214
-106
-127
-50
132
183
259
309
356
429
406
362
387
362
261
115
108
124
-29
-65
-100
-236
-272
-253
-313
-343
-260
-267
-282
-190
-156
-139
-58
65
151
173
192
199
236
269
286
327
249
112
148
94
-24
-36
-134
-121
-203
-344
-313
-357
-406
-430
-379
-338
-310
-254
-194
12
47
65
255
315
396
435
439
484
431
368
306
218
158
135
97
0
-43
-54
-250
-325
-293
-381
-365
-364
-406
-360
-275
-192
-161
-167
-47
80
126
192
278
339
311
387
416
384
381
269
310
218
23
128
68
-72
-98
-176
-220
-278
-306
-258
-312
-321
-241
-253
-185
-136
-74
-3
-8
132
223
233
246
207
284
313
214
188
151
135
50
11
24
-105
-170
-289
-296
-198
-284
-297
-268
-301
-271
-202
-125
-62
-26
20
124
255
337
415
508
487
421
422
408
291
209
207
141
150
54
-79
-160
-326
-340
-358
-373
-306
-329
-366
-382
-349
-334
-327
-227
-159
-60
66
29
100
234
139
163
306
218
187
268
157
70
71
39
-34
-106
-95
-150
-197
-191
-244
-252
-217
-204
-110
6
62
138
174
173
227
338
367
380
415
424
495
493
389
327
214
127
65
-30
-104
-272
-319
-358
-473
-499
-520
-461
-480
-467
-344
-297
-281
-283
-226
-152
-66
66
189
250
311
343
320
256
191
231
214
154
160
168
41
-121
-230
-347
-355
-325
-339
-301
-267
-246
-231
-180
-104
-33
107
185
273
387
372
383
399
439
449
403
395
289
208
162
168
90
-63
-82
-178
-251
-355
-495
-506
-479
-411
-359
-364
-267
-122
-93
7
78
163
331
291
307
457
455
401
344
300
293
253
176
63
-73
-131
-166
-236
-307
-377
-388
-411
-403
-405
-400
-270
-212
-162
-6
82
108
195
242
288
426
426
434
483
404
326
247
182
156
101
24
-42
-180
-255
-269
-363
-386
-360
-304
-280
-305
-208
-147
-170
-136
-68
51
93
101
206
255
316
359
280
222
178
87
30
38
-72
-181
-160
-203
-256
-299
-326
-327
-354
-368
-297
-234
-292
-246
-101
-22
78
114
197
358
357
355
395
406
362
327
347
288
205
204
145
16
-11
-34
-68
-131
-194
-196
-181
-243
-253
-138
-139
-149
-47
54
32
-11
55
135
126
121
216
206
123
86
61
80
94
-18
-136
-119
-88
-137
-200
-262
-264
-191
-182
-159
-193
-221
-150
-136
-59
43
75
104
130
209
267
259
261
215
267
338
273
200
123
59
-24
-32
-43
-129
-135
-163
-90
-109
-217
-193
-265
-178
-108
-139
-66
-62
-5
22
6
94
114
63
71
69
82
163
157
112
127
107
56
20
-26
-18
0
-12
-87
-105
-93
-151
-134
-157
-75
11
24
69
66
115
89
53
103
61
53
78
82
166
99
42
107
23
-31
-71
-77
-17
-97
-133
-68
-153
-186
-137
-179
-141
-80
-60
-63
-92
-49
-61
-71
-18
3
92
168
186
190
193
174
135
63
-7
-3
2
-11
-13
35
35
-78
-131
-97
-124
-115
-4
-31
-41
-16
-50
15
-90
-128
-14
-37
12
2
-33
9
-27
0
59
45
72
54
46
135
58
-52
-39
-44
-18
-2
34
75
31
-32
-57
35
-20
-120
-63
-24
-23
-78
-8
13
-23
14
-21
-10
-4
-40
-33
15
43
23
7
52
67
43
54
28
18
74
-10
-94
-39
-93
-81
-80
-130
-96
-93
-72
-113
-78
15
2
19
44
66
94
130
143
131
209
214
175
174
120
100
88
133
102
37
108
9
-90
-57
-121
-141
-223
-246
-144
-155
-143
-155
-165
-157
-145
-65
-72
-29
76
77
84
113
137
114
93
151
147
123
49
-27
-56
-82
-50
-110
-135
-91
-112
-123
-158
-175
-122
-99
-73
6
37
74
139
136
171
272
208
216
281
222
211
193
124
98
103
37
-20
-52
-135
-196
-259
-297
-315
-334
-276
-255
-228
-175
-127
-66
-44
12
12
61
157
142
206
236
259
287
264
259
151
122
90
-14
24
4
-53
-32
-139
-193
-141
-147
-152
-196
-169
-32
-39
-39
78
86
113
177
141
179
192
176
213
184
162
115
101
27
-20
13
-57
-80
-137
-213
-218
-258
-325
-311
-236
-232
-192
-144
-169
-125
-61
-32
65
96
98
222
253
233
202
187
179
80
170
182
45
69
29
-12
-32
-118
-146
-178
-225
-189
-193
-285
-307
-238
-194
-110
-77
-77
36
36
65
142
148
181
179
245
270
248
212
130
121
88
69
43
-27
-92
-133
-173
-208
-217
-260
-253
-221
-236
-195
-183
-176
-83
-80
10
67
86
157
136
206
207
238
264
241
254
164
127
72
37
37
-45
-56
-114
-165
-163
-241
-236
-241
-205
-83
-63
-22
88
128
125
191
263
287
319
343
324
342
401
352
278
217
201
200
35
-46
-67
-174
-262
-296
-292
-322
-326
-311
-315
-281
-302
-283
-141
-40
-72
-37
102
112
104
139
185
199
185
227
246
174
146
122
94
97
-11
-60
-123
-190
-127
-149
-182
-164
-156
-162
-138
-101
-107
-88
-38
63
207
215
185
251
196
212
257
79
21
86
47
21
-49
-154
-163
-225
-286
-290
-287
-322
-378
-353
-330
-302
-315
-284
-135
-57
20
98
123
158
166
210
273
249
229
269
251
196
211
227
134
40
36
32
-4
-73
-116
-116
-145
-131
-77
-61
-80
-23
57
16
45
123
78
124
203
221
251
247
230
136
110
198
123
-18
-15
20
-19
-74
-70
-59
-107
-145
-139
-159
-186
-204
-131
-98
-137
-74
-60
-10
23
22
69
113
142
101
136
112
91
121
77
97
56
14
-5
-89
-90
-105
-174
-197
-155
-121
-158
-194
-164
-170
-236
-206
-150
-96
-53
14
176
164
112
190
139
63
104
100
113
113
69
108
84
30
-23
-146
-126
-102
-211
-154
-157
-214
-133
-197
-195
-130
-105
-3
-64
-32
38
-34
31
0
-4
111
158
155
150
122
57
110
49
-12
23
17
-35
-54
-13
-82
-85
-47
-87
-92
-60
-53
20
63
19
145
170
112
151
164
191
171
180
178
184
204
172
129
36
44
81
23
-41
-84
-59
-80
-181
-120
-82
-158
-120
-130
-120
-78
-149
-166
-75
-26
9
25
-29
72
103
50
88
115
119
40
64
78
-24
-4
-3
-34
-67
-152
-109
-73
-150
-108
-74
-74
-56
-155
-117
-23
-31
-21
55
72
88
103
-14
92
118
13
64
25
-28
-8
-5
-8
-3
11
-13
-100
-114
-74
-93
-120
-31
29
-24
-63
-67
-75
-4
30
-28
48
95
21
-42
23
123
44
80
142
93
100
21
7
31
-39
-75
-22
-7
-78
-53
6
13
5
-53
-72
-26
-100
-129
-19
-85
-108
-75
-90
-12
-63
7
141
79
84
113
122
84
33
100
133
118
168
119
82
76
34
56
-12
2
12
-88
-3
-5
-46
-24
-63
-41
-94
-44
9
-64
-22
37
96
81
57
53
41
87
97
107
77
6
-1
-9
-81
-91
-117
-187
-150
-161
-159
-164
-172
-137
-108
-39
-98
-90
-36
-57
54
108
117
214
264
254
233
266
206
187
246
171
153
101
8
-27
-105
-175
-169
-177
-244
-203
-193
-199
-154
-255
-170
-19
-65
-32
75
107
96
139
159
184
196
105
117
132
55
101
75
-63
-68
-32
-67
-129
-185
-200
-172
-152
-119
-97
-152
-109
-60
-15
118
84
146
203
147
283
274
171
158
117
143
154
62
23
-8
-107
-159
-196
-247
-241
-251
-213
-185
-223
-159
-141
-135
-45
-40
41
119
116
160
113
144
193
198
241
186
106
41
51
30
-70
-38
-77
-155
-80
-93
-107
-76
-90
-63
-67
-27
41
-26
-2
139
168
136
104
118
117
38
18
37
9
-2
-63
-121
-171
-185
-133
-185
-147
-140
-161
-48
-34
-42
6
72
66
55
148
177
149
165
166
191
126
45
52
-23
8
88
15
38
22
-107
-94
-106
-159
-117
-31
33
91
111
141
153
103
157
163
82
54
85
65
7
8
-72
-44
-10
-107
-107
-100
-134
-152
-121
-122
-153
-151
-115
-122
-75
37
49
35
48
102
153
108
78
142
114
100
102
60
-17
-74
25
-63
-150
-88
-159
-209
-170
-147
-96
-88
-87
-15
-17
5
55
46
73
137
163
158
192
164
134
109
17
26
33
-38
-102
-78
-106
-198
-195
-238
-240
-208
-148
-28
-4
-19
13
63
102
168
230
224
219
246
231
186
116
42
64
15
-64
-110
-181
-193
-212
-176
-141
-166
-193
-158
-78
-62
-38
-9
54
102
100
170
190
191
238
298
341
221
98
115
99
27
-43
-97
-62
-128
-155
-106
-189
-190
-182
-165
-137
-106
-97
-78
-9
31
67
79
175
226
234
276
254
163
106
111
15
-6
-37
-115
-103
-177
-243
-296
-247
-215
-244
-150
-147
-182
-116
-66
-11
69
91
146
193
209
250
231
175
152
169
136
73
62
6
-35
-22
-122
-149
-125
-156
-171
-194
-106
-37
-112
-136
-54
6
-46
-61
52
29
-2
96
103
152
142
21
62
22
-42
-18
-68
-58
-86
-123
-98
-190
-180
-130
-174
-97
-12
-53
-44
20
66
56
42
143
161
101
130
156
157
95
79
113
14
16
21
-14
26
-36
-77
-74
-83
-84
-98
-48
-19
-46
0
9
36
87
27
53
88
39
34
27
14
-14
21
18
-16
-37
-81
-65
-73
-68
-49
-26
-81
-111
-1
-12
-25
25
-16
22
73
79
148
206
141
108
154
113
43
-14
-5
-8
-53
-26
-48
-132
-127
-76
-77
-12
0
-84
-44
-46
-52
11
16
67
17
-23
72
75
-6
-31
34
24
9
15
-20
-19
-72
-91
-86
-113
-91
-111
-93
-27
-19
-2
9
-3
-19
-6
19
24
64
116
83
34
60
49
42
78
26
-42
2
18
15
-7
-27
-51
-76
-4
-28
-56
-66
-54
0
-37
3
36
-10
11
37
98
105
34
14
35
50
58
99
98
72
17
3
-16
-62
-58
-61
-30
-56
-56
-17
-51
-12
-12
3
31
29
96
33
33
111
95
130
124
95
44
-14
-51
-55
-87
-168
-136
-75
-96
-100
-66
-47
-32
-116
-123
-60
-71
-9
-6
-24
57
64
65
75
104
90
89
116
57
42
23
46
66
-27
54
77
-18
20
-45
-80
-49
-83
-73
-103
-118
-42
-11
10
15
17
36
2
-17
13
98
59
-56
-26
58
24
-43
-26
-17
-65
-117
-55
-54
-173
-128
-75
-77
-14
-91
-92
44
56
95
140
106
110
122
72
114
197
195
203
179
119
77
42
-26
-58
-22
-77
-43
8
-64
-64
-48
-89
-131
-104
-111
-100
-20
9
1
14
44
-14
-23
-29
18
76
-16
-25
-2
-57
-103
-77
-14
-1
-26
20
8
-66
-24
33
34
-3
23
72
32
50
104
71
48
98
147
88
-17
19
25
-46
-58
-22
-43
-97
-85
-119
-80
-80
-151
-126
-82
-24
21
28
48
46
8
5
-8
45
64
6
13
38
47
26
19
-12
13
76
24
10
38
-21
-45
-29
28
70
-21
-10
6
21
112
17
20
119
-5
-11
65
11
-13
-48
-124
-137
-39
-79
-163
-123
-64
27
11
-36
-19
28
8
-66
-1
73
29
-13
15
96
149
130
105
123
118
178
165
38
76
29
-19
-8
-88
-76
-57
-12
-8
-47
-44
-45
-27
-71
-128
-85
-6
-20
-23
-13
-13
-21
-76
-53
-22
-33
-75
-61
-36
-33
-52
-72
-50
-74
-45
6
34
-8
-42
42
83
85
104
117
109
83
118
81
62
109
114
171
97
66
100
35
0
-66
-108
-69
-30
-66
-86
-28
-14
-101
-66
-16
-108
-158
-138
-107
-105
-51
-71
-54
-14
-67
20
59
-35
-40
-7
3
67
72
-18
3
49
42
69
85
135
138
84
66
49
57
-27
-54
57
48
54
54
7
20
-27
-44
-45
-62
-31
-11
-12
-13
25
1
-39
-12
-28
-84
-30
24
-42
-41
-43
-80
-97
-126
-65
-49
-43
-70
-136
-35
-18
-10
45
52
76
71
85
106
112
110
111
117
109
69
56
14
-1
72
93
84
-31
-25
41
-61
22
35
-29
-39
-116
-18
-47
-110
-57
-39
1
-46
-62
-69
-32
48
37
64
82
52
18
46
83
-8
-39
-37
-87
-52
0
-4
-8
62
114
67
4
13
40
-13
-8
68
69
31
39
68
30
34
85
75
33
1
38
10
-57
-51
-102
-164
-101
-122
-110
-38
-109
-91
-101
-87
-48
-58
19
-5
12
59
-1
65
88
-11
12
17
-3
20
41
71
50
18
47
30
27
84
2
-23
91
65
1
-33
-24
7
-35
52
129
1
-34
14
0
33
48
-4
-53
-73
-66
-85
-75
-70
-135
-145
-131
-147
-99
-83
-37
24
34
64
18
-3
4
-17
33
75
32
22
56
47
91
128
98
128
68
36
52
44
78
52
44
39
44
-13
-5
95
27
11
26
-41
-71
-62
-70
-105
-112
-47
2
-63
-100
-32
-7
-10
-47
-102
-101
-107
-105
-8
29
-28
12
4
-29
9
55
39
44
88
-8
13
60
8
27
54
77
75
71
36
-26
0
54
75
71
61
45
44
33
-24
-27
-42
-52
-62
-52
-18
-65
-27
-44
-127
-126
-99
-57
-92
-73
16
21
-14
-32
-39
-23
1
-1
27
37
91
156
125
81
90
90
-14
3
32
-42
8
31
38
50
-5
-7
12
-32
-67
-8
-20
-19
33
-5
-40
-18
14
14
-12
12
39
13
16
-8
-26
-28
-91
-115
-91
-73
-50
-51
-29
-2
-2
-3
-20
-22
-18
1
44
96
124
143
101
76
110
126
93
72
96
32
57
25
-9
73
-22
0
-3
-193
-152
-78
-117
-175
-157
-31
-47
-52
0
-37
-53
-44
38
53
-20
-5
69
78
3
31
46
-38
-91
-32
57
13
-50
-18
-29
-74
-15
-26
-49
30
27
12
45
86
107
120
101
76
61
-6
-10
-24
6
37
-37
10
-2
-54
-90
-118
-16
-18
-21
-74
-135
-54
-93
-105
-101
-79
-7
-20
47
105
57
73
64
-9
74
91
-32
49
90
16
-15
-54
-13
0
2
22
-2
38
-3
-79
-50
0
42
24
32
17
-2
-8
1
80
25
-4
8
-38
25
27
-50
-48
-39
-30
-101
-194
-140
-87
-84
-30
0
0
-19
-15
83
100
84
104
62
46
89
103
23
17
66
-6
-26
1
0
6
30
36
-12
-87
-150
-107
-91
-85
5
11
40
-2
-78
-31
-2
7
69
72
49
41
-42
31
21
-46
-16
-91
-46
-33
-110
-131
-131
-91
-39
30
26
-33
0
116
178
128
122
156
106
46
69
23
-33
54
91
131
139
80
41
9
-19
-90
-85
-75
-150
-155
-68
-31
-93
-47
53
25
-37
-36
-28
-60
21
84
22
26
29
-38
-15
2
-21
55
32
15
70
-6
-59
-85
-82
-21
-39
-69
-55
-4
33
61
110
104
147
152
115
110
108
124
67
37
-13
-11
4
-34
-65
-137
-101
-163
-225
-186
-194
-93
-66
-14
53
15
35
3
5
32
18
91
80
80
87
41
151
99
18
28
-29
-30
-37
-18
-61
-74
-49
-37
9
-1
39
84
98
96
93
126
75
-2
70
122
50
26
53
33
-40
-45
-83
-163
-108
-133
-211
-137
-113
-120
-91
-68
-26
-44
-66
38
143
129
155
203
138
106
131
93
78
69
57
62
26
44
13
-53
-52
-83
-79
-62
-99
-101
-45
-68
1
124
77
145
146
58
90
62
82
103
-7
0
-1
-90
-99
-122
-126
-192
-182
-68
-90
-162
-195
-159
-130
-158
-67
48
0
33
128
177
241
268
276
209
187
227
175
69
-4
49
42
-53
-89
-130
-181
-209
-165
-177
-182
-157
-146
18
5
-10
141
128
172
199
143
174
189
152
76
70
78
-1
-104
-151
-174
-260
-256
-279
-277
-189
-188
-202
-157
-65
-10
37
93
198
221
245
315
298
293
291
248
225
241
134
12
-69
-119
-113
-145
-104
-156
-246
-210
-295
-273
-177
-213
-138
-35
54
164
174
138
218
257
187
158
131
151
121
70
18
-43
-60
-111
-183
-190
-181
-269
-256
-214
-285
-253
-217
-194
-58
116
220
245
260
253
295
364
337
288
284
276
211
90
1
-26
-108
-163
-218
-322
-347
-3
14
36
-58
-17
48
-20
21
22
-28
-27
4
65
51
95
130
123
128
64
20
-20
-11
48
26
-4
-32
-102
-135
-88
-81
-68
-11
-34
-81
-136
-139
-62
-106
-140
-111
-110
-70
-12
-42
-87
21
-9
-35
73
6
-34
39
51
86
52
40
92
44
47
-3
0
80
27
-6
-9
-35
-33
32
58
-3
-45
-12
37
24
37
137
170
79
28
66
38
27
97
64
-31
-41
-75
-79
-25
-56
-9
14
-14
-19
-74
-48
0
-62
-93
8
38
21
82
56
101
92
58
144
53
32
59
56
83
21
-2
13
-28
-32
6
-50
-131
-82
-38
-12
-15
-92
-92
-88
-71
-60
-152
-122
-27
21
50
-11
-15
-29
-5
4
-35
45
69
41
64
8
-59
-29
-43
-27
-29
-76
-144
-157
-45
-2
25
-6
12
74
-13
28
73
15
42
6
65
134
1
42
111
43
4
-38
10
53
26
24
8
-7
-63
-74
-43
-91
-82
-93
-53
35
-34
-19
27
11
29
-1
43
89
47
54
53
15
5
52
80
34
-15
-2
6
-5
6
-41
-43
-11
-27
-20
-49
-18
32
-20
9
-2
-108
-30
76
37
8
1
49
40
-35
-35
-80
-66
43
62
23
2
-42
-55
-83
-36
13
0
66
38
53
37
-31
11
24
47
49
25
40
75
78
28
55
75
56
115
77
7
0
23
83
47
-24
-61
-51
-124
-58
45
-44
6
-14
-37
-67
-195
-109
-59
-92
-16
25
-47
-64
-26
-50
-55
-32
-27
-65
-69
-31
-35
24
44
1
37
26
5
-3
33
46
84
129
55
75
30
5
108
124
62
-23
-46
-48
-111
-117
-69
-73
-83
-86
-39
42
11
-29
-32
-16
-22
-67
-54
21
59
-24
-31
-38
-37
1
-35
12
46
27
-16
40
126
54
55
47
85
144
148
137
111
166
129
121
127
58
36
90
96
82
32
-17
48
-50
-88
-30
-69
-87
-72
-73
-113
-183
-187
-148
-159
-105
-73
-77
0
18
-87
-60
-46
-108
-28
14
-25
-34
59
78
-68
-29
53
-32
-14
-16
-66
28
70
14
3
63
141
142
65
30
-4
15
115
41
-31
0
-21
-63
-60
21
48
-18
-77
-109
-116
-112
-106
-120
-138
-58
-42
-89
-60
-80
-32
70
0
-69
-22
15
48
73
195
186
47
117
152
142
182
103
90
148
178
154
50
80
129
157
90
-21
73
66
19
-63
-147
-30
-46
-131
-28
-2
-94
-65
-74
-104
-78
-61
-9
-14
-99
-172
-143
-102
-107
-75
0
38
-21
1
77
61
15
20
70
70
63
65
31
114
166
111
104
45
-15
1
118
131
63
87
79
35
-20
0
57
-1
-93
-90
-109
-146
-157
-149
-92
-90
-169
-178
-107
-94
-126
-110
-61
-63
-63
-57
-71
-18
57
60
20
1
23
45
11
0
45
71
77
66
78
74
72
93
86
76
108
68
-39
9
38
-28
-17
-61
-52
16
-24
-23
-17
-75
-37
-22
-90
-69
-64
-56
0
1
-26
-75
-60
-30
-4
113
56
-67
-42
-43
-39
10
25
16
13
41
95
98
119
108
97
118
85
172
181
121
197
159
130
134
-25
-46
1
-68
41
38
-62
-26
-43
-4
-39
-66
-85
-204
-150
-127
-164
-162
-131
-119
-171
-170
-160
-53
-66
-180
-91
-96
-102
-34
-62
-3
28
19
35
35
31
34
154
99
42
126
118
166
141
138
182
93
73
85
127
115
44
120
47
-48
-1
-27
-73
-113
-74
-27
-84
-49
-53
-195
-115
20
-55
-114
-99
-30
-17
-30
34
62
46
7
27
10
5
55
69
131
127
92
104
140
52
44
93
10
111
97
29
77
-18
-31
-39
-79
-131
-164
-68
-51
-30
-43
-100
-102
-127
-100
-108
-131
-82
-91
-60
-66
-114
-76
-28
40
124
128
8
40
160
132
149
117
46
-13
12
124
134
143
118
119
136
108
78
21
54
36
-10
-12
-76
-96
-65
3
19
-52
-28
-19
-105
-179
-182
-167
-246
-131
-42
-99
-70
-125
-73
-63
-110
-32
-63
-72
-60
-63
-15
27
29
1
40
70
43
72
123
73
130
151
32
63
108
112
83
13
1
35
63
20
74
143
5
-46
-37
-17
12
-106
-144
-88
-49
-65
-93
-54
-4
-16
-67
-42
-92
-165
-65
25
-50
-56
25
-18
-26
-37
-73
12
30
18
1
