29
82
96
99
50
91
56
49
51
14
-16
-100
-71
-53
-8
41
25
12
-45
-99
-123
-53
-45
0
26
-71
-22
-48
-78
13
-20
-45
19
36
12
51
106
85
4
4
-20
-10
62
62
50
18
2
-67
-25
26
-5
-23
-14
45
-30
-68
11
48
-24
-54
29
49
-2
-11
59
77
72
50
24
63
35
-3
-24
-5
33
-35
-3
27
-55
-60
-80
-84
-30
-4
6
-4
-9
-3
-3
-7
2
-28
-81
-53
-47
-55
-41
-36
30
18
-20
43
-9
-19
-4
-54
9
-7
-22
20
-48
-65
-69
-72
-7
18
64
31
-1
25
18
51
57
52
9
19
82
60
-4
-54
-4
23
57
85
40
50
37
6
-2
-27
-85
-89
-27
-15
-1
35
49
-25
-92
-25
12
27
-2
-11
8
-36
-48
-63
11
62
12
-14
-72
-3
31
17
27
-13
-19
-31
30
-17
-71
-25
3
56
92
58
-29
-56
-4
-18
-63
45
89
103
88
-34
28
66
23
61
-15
-72
-36
-52
-38
-29
-37
11
-18
-44
-5
6
11
-67
-109
-42
57
92
58
15
61
114
39
60
66
2
-40
-66
0
37
80
100
19
4
11
-4
19
50
-20
-95
-85
-20
-13
-98
-43
-30
-36
0
20
49
2
-20
-5
12
-67
-15
54
-29
17
-27
-55
-25
-73
13
-18
-43
38
-56
-50
-3
-14
-10
-60
-46
-26
-3
29
25
123
98
0
6
-24
31
70
106
131
28
38
45
-19
-26
-29
6
-17
-67
-31
-5
79
33
-30
61
-6
3
59
55
67
-25
54
112
-3
7
27
-10
38
55
27
67
40
88
61
-22
78
43
-27
-48
-55
-4
9
-16
-72
-39
-72
-78
19
31
26
-11
19
53
-43
-28
-13
-63
-26
-26
-4
8
-5
-31
-14
37
0
-47
-84
-34
-26
-35
-7
-50
-13
-57
-136
-55
-37
-9
45
-26
-38
28
13
34
133
115
92
78
19
-36
-69
-28
-53
-16
60
-9
-30
-25
-48
-25
22
25
20
5
27
80
37
32
46
-27
9
39
-15
30
-5
19
55
-62
3
92
46
-29
-62
-2
28
41
24
36
90
8
-49
-14
-29
30
80
42
41
-12
6
73
42
36
31
-36
-56
-55
-56
-29
-29
29
53
6
50
89
76
19
-51
-40
-2
-48
-82
-42
-51
-57
18
4
-27
60
62
17
23
45
51
15
-28
-79
-91
-33
-15
0
38
-15
-4
5
-111
-61
-21
-113
-18
0
-58
-14
1
-10
-41
-19
4
0
44
77
66
0
-51
61
61
-25
2
65
94
27
12
32
-5
29
50
10
-1
-24
-34
20
6
-84
-51
-19
-47
-6
25
-16
-23
31
21
-53
-80
-95
-51
31
40
17
8
27
45
28
-17
35
36
-35
-12
-2
-23
-47
-57
-2
8
13
18
-36
29
40
19
88
46
20
-26
-24
26
2
47
63
60
31
4
56
27
2
13
4
18
-8
-22
17
38
-41
-68
9
-10
12
57
56
87
42
-8
-14
28
30
-22
-15
20
73
65
13
33
16
-18
-6
-69
-17
35
-61
-37
12
18
-32
-73
-27
-112
-90
-22
-44
-4
-25
5
-11
-63
-29
-48
-99
-67
-8
-33
2
19
73
52
-13
32
-54
-50
-78
-97
14
-7
36
-1
-56
10
14
-23
-21
34
8
8
29
32
119
110
35
45
69
64
11
-13
-11
-40
-18
-6
9
13
-44
-66
-38
-20
-21
-6
45
28
-49
-8
43
-1
-24
-34
-54
-45
-75
-52
-27
-64
-33
-52
-21
17
17
68
21
6
-12
-29
3
41
52
-28
-13
-18
-17
40
-41
18
133
84
43
0
-30
-31
10
-31
-61
3
-22
10
6
-24
47
63
93
25
16
80
3
36
64
1
2
12
13
16
59
98
117
89
8
-48
-24
-8
-74
-16
-14
-9
74
18
48
17
6
98
36
-1
-17
-97
-69
-17
35
67
34
31
-39
1
-19
-78
20
-56
-51
23
-3
-21
-112
-113
-41
-42
-55
43
52
-4
51
-5
-38
-26
-45
-13
-31
-79
-10
4
-45
-54
-50
13
-19
-66
-100
-96
20
14
-34
-31
-53
-64
-43
-32
-63
-13
37
-22
-25
-3
-21
77
127
14
1
54
51
54
54
32
34
26
32
-7
-43
-19
-47
-6
48
-20
-17
56
33
21
79
37
-10
76
128
37
-19
71
73
35
4
-19
30
-3
-63
-94
-29
-14
-55
-4
-75
-96
-5
-15
31
27
-45
12
10
15
81
61
45
17
1
-22
19
61
-51
-18
29
-12
-28
-31
52
59
65
75
-27
-26
-40
-112
-125
-87
-27
-62
-49
42
47
-15
0
17
26
66
69
46
-13
39
59
-24
-31
-24
-9
-19
-29
43
11
-46
20
-3
-73
-80
-58
8
16
-5
2
25
37
31
4
-59
-26
4
-1
57
46
19
-2
-29
25
-15
-6
74
-27
-25
60
44
40
-14
-14
45
-2
-50
27
26
-67
-18
27
71
39
-74
-16
17
-29
-50
-70
-59
15
-13
-65
-24
-19
6
-13
-7
-35
-61
44
15
-85
-96
-26
-11
-71
-44
-77
-73
54
64
23
18
9
-59
-125
-33
50
1
-28
-64
-17
86
11
-27
33
54
40
54
87
52
51
9
-52
-33
19
63
27
13
32
49
59
98
122
13
-8
76
60
-17
-39
49
23
-55
-49
9
50
18
0
-105
-99
-8
-29
-57
-57
-28
48
19
-53
22
14
-12
11
16
21
21
46
46
44
4
16
42
24
78
61
23
-4
-35
-16
-25
15
6
-4
0
-88
-51
22
45
19
-18
-18
-59
-13
33
0
-21
27
56
-11
-10
0
-5
47
23
-9
-6
-25
-38
-101
-129
-69
-54
-88
-138
-112
-23
-41
-50
-67
-139
-109
-60
-42
2
17
65
54
-13
3
26
-6
-2
60
75
110
131
58
30
94
120
44
-6
66
101
62
21
61
131
87
56
22
13
82
114
22
-25
-11
21
107
20
-1
-3
-86
2
8
-12
-23
-105
-16
-21
-132
-72
-34
-69
-91
-180
-217
-122
-99
-72
-66
-45
-3
-111
-102
-45
-61
-21
0
-10
-63
-18
32
44
65
36
60
75
57
98
158
133
127
159
156
111
104
99
89
117
18
25
113
168
200
142
96
-2
-63
-31
16
-13
-62
-80
-111
-111
-120
-139
-129
-92
-102
-144
-178
-177
-113
-129
-141
-63
-82
-114
-74
-85
-77
-46
-76
-35
-20
-51
0
0
-82
-80
33
60
85
142
71
36
95
39
54
187
130
98
131
95
110
157
175
174
137
104
138
121
75
95
148
125
59
-54
-96
15
-28
-14
-4
-122
-87
-115
-160
-98
-81
-127
-200
-234
-231
-174
-119
-115
-136
-153
-130
-84
-77
-41
-20
-48
-5
-20
-8
63
45
52
78
51
106
119
74
101
61
64
139
110
76
108
114
63
32
33
33
45
66
115
71
49
57
51
47
-38
-49
-28
-49
-48
-26
-43
-96
-31
42
-59
-182
-222
-117
-73
-119
-161
-170
-84
-85
-98
-72
-14
26
-9
-5
-16
-27
17
13
48
105
125
120
94
81
59
131
143
66
36
70
119
106
94
50
99
158
72
72
74
10
-44
-76
4
-17
-73
-68
-54
36
40
-15
-52
-58
-75
-95
-63
-57
-61
-61
-93
-75
-101
-120
-9
40
53
-9
-91
-43
50
68
26
57
35
67
132
63
32
14
16
19
67
133
23
-70
-73
-67
-1
25
-39
-61
-58
-44
-76
-102
-47
-99
-129
-92
-56
-29
-69
-71
42
31
-85
-28
-40
-43
-27
-54
3
-6
-27
-40
-55
-24
-23
-6
85
117
90
49
42
78
137
184
151
167
229
218
112
69
103
126
110
74
143
137
84
96
57
56
60
-23
-68
-71
-54
-97
-181
-122
-167
-150
-120
-186
-103
-154
-143
-107
-127
-46
-80
-107
-114
-79
-41
-117
-103
-42
-59
-3
53
-13
-57
-54
-34
-29
-20
54
94
93
113
115
105
103
156
104
22
49
74
99
92
139
108
86
96
30
61
34
-7
49
51
-23
-14
-35
-91
-65
-89
-88
-77
-85
-26
-5
-64
-117
-107
-37
-48
-69
-99
-68
9
-37
-23
18
12
11
123
128
55
120
95
142
100
-2
4
-5
50
33
5
32
64
28
2
13
3
13
20
61
29
-40
0
16
0
-15
-68
0
1
-66
-26
-22
-29
-12
0
-11
-68
-128
-136
-103
-22
-12
-40
15
13
36
52
34
35
6
36
-46
-56
-11
-22
50
-5
-6
12
21
39
-7
71
65
79
95
15
40
25
-16
1
23
8
-18
-26
20
0
-11
37
-59
-120
-77
-27
-25
-36
-45
-55
-29
-66
-66
-3
9
34
18
-18
40
9
-62
-49
-26
0
4
-5
33
61
4
61
97
53
50
19
-10
13
33
-18
-90
-126
-68
-11
-17
-45
-90
-112
-77
-64
-98
-94
-107
-60
-66
-101
-18
-10
9
86
61
1
50
20
2
95
91
40
2
78
130
129
145
167
186
57
76
168
154
114
0
-25
9
-38
-51
-34
-29
-10
-60
-5
37
-65
-2
39
8
35
13
-6
-21
-32
-68
-77
-101
-86
5
6
85
31
-90
-51
-98
-93
-132
-117
27
-5
-22
58
72
2
-54
-34
-14
-17
-7
-61
-20
95
107
124
104
58
16
-36
0
48
45
78
112
100
57
69
84
21
-13
-6
-14
-7
-19
-28
-37
-37
-68
-134
-127
-126
-100
26
-12
-153
-130
-82
-37
-50
-83
-29
-52
-131
-123
4
-3
-35
4
-2
93
58
-2
41
72
39
27
123
142
110
87
91
104
68
74
34
-19
15
-53
-79
17
14
-11
13
53
15
-14
-64
-181
-162
-119
-29
3
-6
105
18
-135
-163
-124
-54
-61
30
42
-3
202
211
-56
-102
-75
-50
16
138
269
280
279
50
-68
65
22
-22
11
-11
14
120
218
159
-80
-216
-317
-344
-137
21
110
149
164
177
49
-118
-246
-186
19
93
137
156
73
31
13
28
11
-37
-54
-95
-99
-37
66
154
205
108
0
-91
-307
-332
-157
78
187
162
179
49
-93
-135
-271
-304
-162
-44
79
155
182
151
-76
-179
-166
-172
-56
-32
4
128
179
149
58
-32
-110
-126
-128
-53
60
58
15
-55
-86
-122
-64
-23
-69
-47
-45
-25
5
65
67
68
94
61
42
44
95
126
105
110
157
157
48
-38
7
39
22
17
-52
-19
89
10
-5
80
99
109
52
37
-18
-149
-171
-226
-181
-85
1
83
29
76
16
-86
-1
21
4
10
81
116
99
119
74
38
-84
-128
8
-27
-59
71
81
65
12
-62
-84
-220
-180
-114
-132
-2
21
-9
33
70
42
-72
-150
-139
-37
93
101
125
144
96
51
-111
-146
-79
-48
51
95
147
136
106
159
62
-69
-89
-104
-53
52
97
62
31
25
7
-79
-157
-82
-63
-55
72
117
131
146
-1
-97
-111
-74
19
24
61
98
70
-23
-106
-131
-100
-113
-173
-101
-12
-20
-86
-80
-27
-21
-99
-181
-134
-101
-15
65
-3
8
66
62
28
30
75
41
20
136
219
176
65
51
112
58
2
31
21
14
94
66
7
-10
-89
-36
-26
-71
-14
69
112
-30
-148
-186
-141
-49
25
107
25
-74
-43
13
-22
-39
46
27
9
20
31
70
-36
-14
17
-55
-94
-150
-81
-6
-31
-19
52
10
-37
18
-11
-33
8
0
110
195
143
140
57
-32
-81
-79
21
43
89
171
175
169
73
47
51
-114
-106
-122
-98
68
48
2
-63
-118
-149
-193
-197
-93
-22
-45
73
109
74
46
-53
-75
-75
-57
-12
46
98
172
159
114
84
-79
-70
4
-37
33
107
48
47
72
9
-39
-127
-96
-16
-33
-14
47
85
11
-54
-116
-130
-129
-127
-36
48
92
93
108
108
40
-37
-118
-49
61
25
21
10
0
51
38
17
8
-31
-60
-43
7
-68
-115
-11
-36
-46
-8
-48
16
-37
-84
-17
-109
-63
3
11
105
83
98
153
100
-7
4
115
84
60
115
113
42
-48
-84
-99
-77
-62
-109
-89
-40
-50
-48
-44
-84
-121
-131
-42
-9
-75
-38
-4
83
156
102
70
72
116
106
43
75
163
178
160
167
93
67
76
20
-23
-44
-19
26
65
54
26
-40
-112
-138
-166
-121
-99
-64
15
6
24
-10
-55
-69
-138
-123
-12
121
98
29
2
14
77
58
-7
-34
-13
29
23
-13
5
4
7
-64
-102
-59
-81
-15
1
-53
24
64
0
-61
-126
-94
-81
-98
-4
72
84
81
93
55
-5
-25
-6
47
55
64
76
29
4
31
41
-53
-72
-13
-31
36
38
20
40
-39
-57
-56
-77
16
-26
-51
49
17
37
-6
17
108
-2
-82
12
100
101
124
123
141
94
18
2
-53
-23
8
-21
-9
6
79
99
-29
-49
-39
-62
-66
-115
-45
-42
-108
-5
59
39
-16
-83
-52
-15
16
48
-6
-22
25
32
-38
-20
20
-10
-32
-119
-67
-52
-75
-20
-6
-5
-57
-106
-83
-52
-83
-55
-55
-27
-11
-52
-17
-19
2
59
83
55
34
37
73
92
51
75
92
115
73
-75
-26
52
-3
-31
-32
-32
-29
-47
-70
1
-61
-164
-49
5
-43
-68
-115
-91
-41
-53
-6
55
51
28
79
100
51
57
67
130
171
68
57
83
13
4
15
38
31
25
61
50
-23
-86
-38
-81
-126
-69
-43
-11
19
-11
-56
-8
7
-3
13
32
90
106
94
107
91
58
30
53
111
79
54
95
104
38
20
29
-47
-72
-60
-28
-24
-50
-64
-83
-66
-64
-70
-59
-5
-8
-88
-42
7
9
6
-84
-47
-1
-38
6
-60
-41
90
90
107
47
-32
33
60
-2
15
66
-50
-62
-35
-121
-89
-65
-65
-64
-42
-24
-71
-93
-66
-63
-16
19
-45
-1
2
-22
44
17
14
67
43
35
24
2
69
-7
-128
-41
-56
-58
27
-27
-9
-22
-106
14
-12
-103
-6
-26
-2
23
-6
63
38
39
69
9
49
66
31
78
11
-44
45
8
-36
44
49
7
64
77
54
97
40
-38
-58
-46
-79
-124
-64
-86
-74
-14
-97
-63
-13
-26
18
20
52
16
-23
50
22
-23
-39
-30
62
40
84
163
103
142
103
-9
4
39
-30
-66
5
18
24
45
42
-22
-82
-49
-93
-44
57
52
67
49
46
0
50
109
19
-43
-43
56
71
79
111
19
15
60
49
102
28
-44
-10
-49
-9
-40
-171
-135
-57
-41
-26
-33
-20
-26
-40
-16
-29
-53
-61
-46
-99
-29
87
33
78
78
5
99
116
27
2
-14
32
65
-17
-106
-105
-25
57
57
-29
-122
-90
-43
-73
-51
-101
-132
-54
-32
-60
-77
-72
-52
48
26
-32
20
9
56
69
4
64
95
76
114
84
40
-9
7
34
-8
-20
-39
-16
-49
-18
-27
-148
-60
-2
-38
-15
-30
-38
-20
-59
-93
-89
12
55
26
50
-19
20
127
107
115
104
60
101
45
-33
49
75
27
-17
-17
28
-24
-72
-43
-101
-122
-4
-15
-66
-40
4
15
-80
-19
62
39
9
-81
-7
61
4
14
57
53
47
71
88
106
56
75
94
-4
-63
-113
-62
-25
-41
4
-40
-26
-14
-41
-113
-111
-37
-85
-43
9
7
-5
-43
-31
20
-21
-17
27
11
82
69
21
63
43
48
74
59
87
74
37
44
36
34
15
-29
-19
-35
-53
-30
-79
-105
-69
-75
-66
-78
-104
-5
15
9
43
-37
-48
-21
-24
4
8
59
90
64
60
57
86
56
13
12
-11
-25
0
-49
-72
-5
-67
-111
-34
3
18
-3
-27
18
-25
-133
-89
-27
-5
30
13
56
13
-6
88
64
55
23
-44
-18
19
20
90
89
0
-30
-46
-39
23
47
-2
40
69
-25
-84
13
31
-43
-49
-62
-30
-77
-85
31
21
1
-26
-26
80
54
19
-4
43
89
25
41
39
50
29
-34
-74
-45
25
-9
-53
-95
-98
-40
-2
49
5
-15
-8
-31
23
0
-56
-28
35
29
-27
-14
21
26
-5
43
103
34
68
102
48
7
-36
2
-36
-13
49
-30
-53
-39
-15
-36
-61
-47
-44
-72
-68
0
-51
-26
-40
-28
67
-40
49
125
34
11
-70
-77
-2
-5
-25
-6
-8
-20
3
45
24
-60
-52
29
-20
-89
-51
-43
-16
14
-36
32
44
-62
8
64
76
44
-8
-9
-12
54
59
42
13
-23
7
-79
-41
78
20
35
61
71
56
-16
5
-4
4
8
-52
-19
10
18
38
21
-21
-113
-144
-64
5
96
99
-18
6
130
142
86
21
35
104
63
41
52
-10
-7
63
27
13
47
37
-12
-56
-33
-30
-14
-36
-68
-76
-25
25
-13
-40
-87
-46
3
-66
-77
-72
-41
26
-25
0
63
23
54
29
9
65
33
-32
-25
-27
-49
9
8
-68
-34
18
-51
-89
-51
-43
-76
-114
-53
-5
-27
-42
-63
-1
-23
-21
29
-38
50
74
45
52
-8
61
49
9
48
3
-3
6
8
32
-2
-43
-71
-69
-42
-33
38
11
-73
-33
-43
-55
-42
-61
1
105
82
37
34
21
65
78
69
-21
-33
51
47
80
100
77
109
52
5
127
123
18
-4
-26
-24
27
14
13
-15
-114
-56
6
6
-22
-58
33
16
-16
-13
-44
19
16
-17
30
67
114
97
32
40
30
61
68
53
17
-35
-66
-85
5
-14
-27
8
-4
14
-42
-66
-77
-122
-79
-41
-7
-16
-29
68
92
9
-15
-45
-25
52
44
76
105
69
61
27
-46
-32
-21
-27
-12
-14
-3
4
-10
6
10
-12
22
-40
-95
-77
-35
43
2
-58
-24
-48
-64
1
-10
-1
5
4
102
86
-33
-16
21
-3
40
38
-6
-38
-121
-73
-31
-37
20
-29
0
-16
-98
-36
18
-3
-69
-26
-3
-28
-52
-3
38
-71
19
71
-2
28
58
85
13
24
99
5
10
37
9
40
-1
-25
8
14
-28
-12
50
0
35
39
-29
36
-19
-31
68
36
34
17
52
169
97
1
18
28
31
51
62
2
10
94
13
-25
-33
-145
-86
-2
13
43
13
-93
-109
-49
-69
-39
-38
-75
-78
-83
-61
-29
-47
-70
-29
-29
6
28
44
97
29
18
53
45
26
1
-9
-22
24
73
73
-30
-66
-30
-30
9
-16
-7
-15
-65
-38
-78
-136
-67
19
14
-38
-5
97
37
58
69
18
99
47
88
145
91
98
49
31
21
6
30
-47
-35
34
2
27
59
17
-12
-25
-12
-10
-33
-1
51
41
-64
-31
21
-6
7
0
20
6
27
74
32
35
67
45
44
-10
3
29
-31
7
-8
-39
-81
-89
-27
-90
-41
-46
-70
47
-7
-19
27
-30
-46
-1
-27
3
114
34
80
86
-1
70
47
36
0
-1
27
27
-12
-78
-55
-55
-45
-61
-112
-97
-87
-37
-16
-32
-27
-48
-14
-42
-41
-11
-10
51
22
9
-6
12
35
20
67
-5
13
30
28
59
-25
31
97
93
43
17
67
53
-39
-64
31
-22
-67
-68
-102
-7
-12
-18
60
11
-54
-5
37
40
-52
-138
37
105
13
-6
6
60
101
61
10
-27
-74
-84
-44
-61
-71
-29
-51
-35
-46
1
93
59
1
1
20
34
36
48
59
34
33
70
82
21
-48
-55
-59
-54
-39
7
43
-25
-19
64
61
-84
-86
2
-66
-26
-45
-61
66
43
46
97
11
-61
-99
-33
9
-47
-24
-18
59
90
25
83
80
-18
-5
64
69
39
18
14
56
1
-70
-39
-83
-99
-24
-28
-24
-48
-103
-10
-12
-41
-55
-21
90
42
107
130
112
106
35
89
37
-2
25
25
25
-28
-5
-5
-76
-55
10
58
36
-30
-52
-4
-2
-35
5
35
57
26
0
33
41
10
-41
38
100
19
-26
-48
-5
-21
-107
-46
8
-36
-31
-3
-9
4
22
23
38
52
0
-63
-71
-6
-45
-120
-84
-103
-102
-136
-155
-56
-10
-86
-89
9
1
-37
-37
-62
30
175
150
153
83
24
56
-37
-25
-8
-65
-85
-100
-100
-124
-111
-144
-169
-86
-68
-48
-18
3
43
113
216
219
172
160
175
171
155
140
75
13
-5
-26
-10
-32
-59
-2
-31
3
-11
-32
40
-64
17
104
-32
31
65
-25
-39
5
45
41
27
-29
-79
-83
-80
-116
-144
-149
-87
-90
-48
74
72
84
84
50
55
189
205
112
130
76
-41
-96
-62
-88
-155
-166
-201
-193
-94
-69
-131
-103
-51
-43
62
139
81
58
141
206
234
184
60
91
135
86
83
-32
-112
-41
-131
-195
-202
-286
-196
-80
-85
-56
70
117
21
33
46
37
146
183
98
10
40
7
-61
-46
-142
-175
-149
-134
-124
-185
-116
-46
-45
28
70
99
124
187
203
175
176
123
114
78
-33
-71
-27
-69
-162
-201
-190
-196
-236
-141
-134
-160
-67
-49
60
103
47
105
156
211
242
222
204
201
173
113
52
-28
-21
-53
-155
-185
-199
-152
-89
-128
-142
-52
-25
25
42
95
147
117
171
155
154
123
36
6
5
-68
-143
-113
-113
-102
-137
-122
-83
-134
-87
-17
35
54
101
204
178
137
155
168
126
82
68
27
-66
-147
-160
-166
-180
-249
-226
-191
-198
-80
-62
-57
15
93
127
157
316
368
333
235
128
158
130
105
86
-66
-160
-156
-201
-286
-312
-270
-230
-156
-198
-149
-6
-13
109
152
158
245
169
177
273
257
119
9
27
-56
-123
-52
-50
-115
-160
-171
-205
-159
-40
12
101
122
123
149
162
228
242
182
79
39
47
55
-2
-172
-278
-336
-425
-401
-317
-331
-262
-134
-38
66
114
117
157
309
384
435
510
418
308
224
193
132
6
-108
-241
-294
-335
-337
-380
-401
-268
-226
-206
-81
26
41
173
254
193
243
221
193
243
189
137
139
75
-49
-125
-150
-165
-177
-194
-187
-198
-140
-28
32
94
112
102
133
233
247
212
227
104
60
95
-16
-99
-138
-189
-251
-363
-365
-293
-276
-257
-213
-109
5
121
174
212
303
350
418
403
366
388
263
224
222
100
-6
-157
-249
-293
-356
-390
-394
-376
-314
-206
-177
-122
-44
-9
100
189
254
272
241
258
241
237
168
16
-56
-74
-125
-178
-253
-338
-241
-229
-269
-127
-34
67
128
138
184
249
275
239
264
199
120
167
53
-154
-252
-266
-309
-366
-344
-336
-371
-318
-212
-69
61
92
214
333
400
377
326
437
424
341
256
153
126
-13
-150
-156
-172
-264
-298
-364
-365
-280
-295
-201
-110
-26
69
152
199
245
336
352
354
247
127
104
133
39
-131
-240
-293
-259
-235
-254
-271
-208
-143
-93
-54
-13
62
192
270
275
328
341
301
224
144
107
27
-73
-95
-182
-301
-299
-350
-411
-399
-392
-244
-119
-88
14
78
202
332
332
309
344
393
334
252
202
100
21
-70
-216
-243
-229
-250
-270
-246
-219
-188
-117
-121
-58
87
111
170
228
173
207
272
217
143
83
0
-89
-202
-264
-293
-283
-289
-337
-293
-239
-164
-114
-44
75
160
278
314
328
367
366
327
269
237
182
80
-76
-157
-233
-319
-257
-314
-376
-278
-288
-202
-109
-110
18
143
254
335
335
306
316
310
260
227
169
26
-48
-46
-107
-197
-320
-316
-341
-334
-141
-100
-113
0
99
195
277
275
342
339
273
243
227
158
26
-83
-222
-237
-259
-406
-443
-402
-395
-349
-219
-167
-88
51
97
121
182
306
352
352
349
229
154
153
115
27
-126
-217
-197
-245
-249
-251
-322
-303
-171
-30
3
20
87
250
319
315
329
267
266
195
107
135
105
-9
-139
-208
-239
-324
-341
-350
-375
-255
-191
-70
14
-13
153
280
306
336
368
302
264
303
183
130
95
-23
-74
-174
-304
-364
-356
-322
-295
-253
-172
-142
-139
-89
-6
165
261
266
332
357
311
201
130
131
0
-90
-74
-133
-239
-259
-240
-292
-274
-235
-177
-20
45
62
97
112
170
312
352
249
236
167
84
123
30
-35
-54
-135
-199
-284
-300
-291
-325
-260
-128
-45
16
47
111
209
229
260
347
405
309
200
223
209
47
-77
-80
-176
-226
-288
-373
-390
-470
-334
-162
-184
-166
-28
71
91
130
172
214
203
160
199
286
174
88
46
-99
-76
-95
-129
-113
-172
-135
-135
-56
47
42
80
64
104
159
235
310
253
213
220
136
17
-46
-93
-113
-209
-264
-220
-254
-355
-316
-190
-194
-72
89
80
94
129
219
337
307
281
346
314
189
71
16
-28
-110
-120
-147
-195
-184
-258
-248
-205
-244
-187
-136
-7
34
-39
42
96
78
84
147
150
123
62
14
34
0
-78
-90
-76
-105
-79
-130
-87
-62
-110
26
88
118
229
279
243
250
225
176
104
-25
-32
-49
-67
-76
-143
-200
-205
-235
-270
-219
-222
-186
-92
-29
37
116
150
168
164
174
278
258
220
216
182
129
46
-45
-96
-112
-219
-189
-140
-227
-269
-283
-142
-82
-117
-38
-23
78
143
141
183
149
108
61
83
75
23
-26
-127
-194
-202
-187
-232
-155
-58
-43
41
64
160
166
65
145
219
276
315
254
155
91
34
-1
-43
-111
-111
-166
-244
-278
-299
-244
-180
-151
-133
-57
-3
-54
61
211
215
182
120
201
279
233
180
148
33
-94
-111
-132
-62
-66
-105
-106
-106
-54
-77
-23
6
10
103
72
14
38
49
57
91
67
119
85
-22
45
49
-5
-146
-215
-132
-93
-33
-59
-57
16
22
49
51
72
173
149
165
258
177
122
124
44
15
39
-104
-135
-72
-125
-136
-165
-146
-139
-159
-104
-83
1
47
-26
-28
-4
42
105
68
89
52
-44
-5
-45
-69
-21
-20
-41
-73
-32
-42
-75
0
21
-21
1
66
95
67
66
83
80
95
130
85
-14
-9
-23
-57
-86
-133
-133
-114
-138
-139
-80
-68
-64
-27
18
-14
-27
88
116
123
157
141
178
162
93
68
37
3
27
6
-34
5
-50
-93
-102
-95
-36
-56
-40
-24
-53
-12
-39
-97
-94
-81
-41
-2
18
66
114
-10
14
82
-32
-21
-65
20
71
-2
57
63
80
-42
-55
33
-2
9
-47
-28
-16
-13
41
-23
-13
15
-17
23
27
-12
-102
-138
-60
-84
-62
-12
-25
-83
-90
46
115
44
-23
81
129
21
8
27
40
124
178
112
50
106
69
104
127
4
1
-55
-70
-37
-50
-60
-49
-64
-148
-113
-55
-60
-6
-27
-22
69
14
23
99
31
8
63
70
11
20
1
-76
-43
-70
-70
-28
-47
-31
-11
6
-29
-41
-2
-30
6
12
69
91
20
65
-18
-13
-12
-23
46
-43
-60
-7
26
-26
-56
54
82
55
73
33
45
16
10
98
62
58
38
66
99
37
2
18
18
-35
-12
8
-9
-27
-47
-47
-38
-49
-49
16
-2
-6
76
67
74
23
-84
-40
0
-21
-46
-94
-46
-54
-140
-118
-77
-74
-68
-22
51
45
-10
-10
44
101
31
12
107
86
41
2
-64
-34
-1
-48
-68
-85
1
-18
-157
-147
-72
-24
-108
-42
-11
-52
77
52
-24
-12
66
97
72
88
117
104
43
45
-24
-99
-66
-89
-39
-38
-98
-41
-22
19
84
68
41
99
111
83
155
94
-30
-50
-80
-80
-93
-106
-66
-74
-104
-96
-104
-104
-31
-30
-16
-27
-74
27
70
48
100
167
155
76
-19
-7
83
31
22
1
-22
-7
-66
-97
-101
-25
-46
-87
-54
-71
23
-30
-97
31
82
111
59
71
109
114
133
26
63
102
-47
-73
-52
-9
29
-15
19
-32
-46
62
63
82
143
155
107
81
84
31
21
87
74
15
21
-5
-39
-126
-216
-164
-154
-113
-89
-142
-68
54
114
71
13
68
75
97
182
134
53
-20
-58
-74
-57
-3
-66
-59
-32
-41
6
-27
-10
-28
-18
23
36
51
-34
50
86
-30
-66
-49
0
-5
-4
7
-28
-66
-43
-37
-43
-25
-20
21
31
-50
-87
-29
7
47
21
1
90
46
0
-3
12
41
-38
-3
8
-61
-59
-102
-78
-20
-69
-89
-63
-97
-73
-19
11
58
26
25
37
20
37
-36
-50
75
68
45
67
7
-6
6
-42
-63
0
20
34
63
66
54
36
37
19
4
69
139
17
-65
-29
10
43
-24
-45
-51
-63
-61
-117
-117
-86
-44
-62
-81
-40
-13
49
11
13
113
68
-92
-91
57
102
75
44
20
-39
10
34
-28
26
1
-1
-10
-117
-48
-62
-74
-10
-155
-67
51
-10
11
-15
49
88
63
114
77
38
29
15
22
10
-19
-12
6
-30
-34
47
69
94
67
54
170
122
114
78
92
136
40
55
-20
-72
-57
-76
17
47
-41
-11
-41
-61
27
47
85
56
-5
-9
-26
-48
-31
-2
-6
50
71
-7
0
-59
-119
-53
-115
-224
-187
-172
-127
-15
-44
-49
-40
-46
19
-27
-36
67
83
60
34
-27
-33
57
21
-70
-22
-1
-57
-104
-81
-54
-1
58
67
63
77
81
60
127
146
70
55
9
36
10
-84
-28
-77
-47
-28
-37
11
-21
-11
-49
45
41
-26
79
115
139
115
115
88
129
154
11
15
-89
-99
120
39
-78
-39
-45
-81
-90
-56
-96
-112
-136
-39
76
-120
-121
-31
-101
-54
-81
-44
8
-69
6
-58
-101
-65
-97
-17
27
38
-5
-1
42
110
133
40
7
-21
38
152
57
-13
75
75
70
57
-34
-52
-23
5
8
-25
-59
-29
29
-22
-81
-60
-48
-82
-112
-76
-69
-93
-63
-9
0
6
71
83
82
63
26
84
95
63
90
61
-3
-46
-73
-83
-55
-39
-78
-81
-41
0
24
36
44
65
66
87
60
19
80
85
45
29
24
-8
-50
-111
-79
-24
-48
-31
-35
1
51
78
122
122
92
56
46
67
89
68
3
-10
22
-11
-70
-75
-65
-129
-141
-36
-20
-54
-64
-102
-62
36
46
63
70
83
90
87
96
21
34
30
19
46
-36
-37
-61
-79
-33
0
99
66
11
68
98
107
60
18
49
75
36
-11
-32
-112
-115
-87
-62
-76
-192
-150
-70
-57
-99
-58
38
27
5
-43
34
83
4
-67
-72
77
38
6
73
16
21
-29
-37
20
-35
15
30
-39
29
-17
-14
150
102
17
41
33
100
87
-42
-49
32
31
-102
-70
29
-13
18
27
-28
-2
52
62
-8
-35
41
15
28
42
-66
-5
48
-30
16
23
-33
8
13
-7
-23
7
-27
-35
37
-1
4
-20
-44
21
-2
-55
-76
-75
-33
-76
-172
-89
-8
-18
38
30
22
34
-3
3
-15
-32
28
24
-7
0
-49
-44
-64
-137
-94
-68
-56
-60
-77
17
66
118
134
89
137
113
112
105
15
12
43
6
-38
-32
-104
-130
-119
-144
-43
-24
-59
24
23
-12
52
36
1
83
51
8
42
10
46
85
8
-31
47
37
-18
10
-15
14
7
-56
4
39
55
49
54
77
80
65
45
46
20
-46
-54
-61
-125
-14
-20
-94
-46
-75
-56
-3
-11
-22
-6
13
1
-14
-9
12
90
81
20
16
4
67
43
-59
-101
-93
-20
-18
18
-12
-106
-48
-4
-22
-28
8
46
2
-31
5
15
-33
-17
35
-52
-135
-73
-56
-45
-43
-15
9
0
136
123
101
123
61
85
86
97
89
96
63
-5
-9
15
56
-3
-93
-99
-50
8
14
-36
-63
-5
29
0
0
33
18
-51
-43
4
-17
0
-65
-115
-48
-27
42
14
-24
19
65
91
18
66
146
95
73
26
6
94
71
-12
-1
48
31
-13
-31
-43
-52
-67
-43
-76
-114
-51
-75
-106
-28
27
21
-55
-47
-52
-57
5
-96
-154
-159
-64
52
22
13
-52
-68
-20
-10
-34
-8
77
63
85
87
35
10
16
71
18
-30
9
33
-109
-145
-50
-82
-89
-162
-110
-71
-124
-18
8
-14
13
-2
89
128
42
91
37
51
56
-22
12
-7
25
9
5
76
98
65
93
110
59
49
39
96
107
84
129
57
1
0
-87
-69
-40
-125
-83
-38
-77
-73
-103
-72
-38
13
65
30
13
74
111
-2
-11
37
3
43
78
63
37
21
27
39
36
33
21
-13
23
43
47
99
89
25
-89
-91
35
4
-11
0
-88
-91
-126
-172
-91
-45
-48
-38
12
0
-21
20
41
100
76
-1
63
96
16
43
46
4
36
25
33
30
45
8
2
78
-1
-18
2
-37
19
6
-54
0
-22
-110
-118
-118
-82
-80
-81
-113
-171
-42
22
-11
56
68
42
-6
-18
5
12
60
92
127
91
62
47
56
18
-49
63
58
53
65
-13
61
19
-87
0
-38
-55
33
-19
-67
-47
-9
-44
-51
-44
-52
-35
-112
-127
-77
-44
-47
-63
-44
2
39
21
-24
12
-8
-61
23
30
50
89
34
23
-15
-52
-3
24
-15
-55
6
37
2
7
-15
8
71
56
-5
-106
-88
-37
-113
-61
32
86
83
41
93
64
16
-27
-39
8
-43
-57
-25
-4
33
11
-6
76
41
-28
56
22
-11
97
127
148
152
41
49
96
40
75
79
26
65
46
0
-27
-86
-45
-95
-144
4
18
7
-48
-103
9
-5
-6
24
-26
41
83
31
-5
41
57
20
7
-79
-78
24
47
-6
76
67
5
62
63
99
32
15
33
0
21
53
-10
-53
37
-34
-49
10
-33
-11
-6
-79
-136
-42
10
-38
-5
33
17
34
57
9
-11
1
9
75
100
-31
-26
-30
3
101
-38
-52
-47
-14
99
27
-26
-26
-34
-19
14
12
-43
-6
18
6
-33
-53
-9
-60
9
76
26
27
-13
7
75
36
108
148
30
-20
-56
-23
-20
-40
-39
-85
-76
-116
-78
-51
-71
0
-7
15
58
-7
10
33
-10
28
-76
-78
85
39
51
83
-30
-83
-51
-20
-3
20
16
-35
-12
1
-50
16
16
10
63
18
-19
-7
41
30
23
-17
8
36
-33
34
-51
-128
0
0
-39
-31
3
-1
-17
44
53
52
24
27
56
74
115
27
3
12
7
35
23
43
46
78
30
5
54
50
51
-9
-54
-65
-22
-50
-72
-6
-42
12
4
1
74
22
35
2
-28
-32
-37
69
120
89
89
105
58
-10
-42
24
-14
-156
-119
-134
-90
5
-38
-69
-56
-30
-72
6
68
-12
-21
56
119
37
-21
-34
27
55
-72
-76
-53
-89
-78
-70
-51
-98
-159
-124
-82
-46
-16
49
99
64
-3
-35
22
91
126
84
56
99
61
34
61
29
-24
-51
-43
-63
-49
-29
-61
-100
-113
-66
-67
-51
-32
19
31
-2
38
79
109
61
79
84
-7
-29
-20
35
63
32
48
16
-44
2
34
-30
-44
-67
-50
20
11
-30
-74
17
22
-57
-16
-18
30
86
39
46
54
45
59
9
-31
29
12
-37
12
-40
-26
51
7
-78
-96
-17
22
40
-4
-96
-91
-74
-112
-113
-34
0
-38
-41
-80
-138
-81
-55
-90
-98
-89
-74
-134
-127
-57
-68
-75
-125
-49
89
52
26
65
74
9
-12
58
89
55
48
58
45
104
184
134
53
92
124
106
97
90
92
47
13
75
172
208
137
67
32
-7
50
119
122
66
-18
41
61
2
66
126
59
11
27
53
172
163
-8
-81
-52
9
59
14
-149
-187
-105
-104
16
66
-24
-46
-86
-68
-42
46
52
-78
-59
-55
6
97
-4
-51
-134
-243
-79
90
93
-87
-309
-324
-227
-42
14
-72
-146
-273
-349
-236
-16
84
-64
-265
-240
-58
138
151
1
-164
-149
-11
-38
84
134
-107
-174
-172
-86
36
23
-7
-153
-218
-92
106
127
28
-12
-130
-42
194
265
122
99
159
10
108
319
285
200
82
-11
34
195
224
85
-30
-142
-46
155
148
134
63
-86
-149
-106
112
280
166
11
-44
57
186
122
81
26
-106
-28
116
157
94
4
-73
-131
-18
41
61
-23
-226
-253
-156
98
264
126
-140
-299
-266
-71
132
141
70
-119
-208
-56
142
253
41
-203
-252
-151
23
123
109
16
-14
6
121
195
139
57
-111
-44
104
156
253
57
-121
-117
-116
49
193
43
-107
-153
-150
28
99
84
77
-112
-259
-177
42
200
62
-101
-117
-30
113
32
-53
-77
-197
-141
-18
118
131
-127
-299
-331
-287
-149
-11
-134
-373
-552
-534
-216
21
88
-160
-467
-465
-322
-51
103
75
-100
-351
-336
-3
329
275
2
-160
-142
52
247
256
170
-71
-206
99
362
498
459
194
14
24
359
720
781
575
276
162
312
566
705
606
326
110
131
336
482
486
385
123
-132
-49
266
438
358
114
-4
-17
63
323
411
249
31
-202
-122
192
374
349
-9
-376
-460
-263
79
212
-68
-604
-915
-832
-419
109
159
-441
-1127
-1274
-786
-162
70
-248
-795
-1108
-1041
-542
-79
-134
-516
-958
-954
-459
48
150
-294
-812
-841
-424
71
430
293
-268
-624
-314
346
737
659
128
-358
-335
74
597
792
442
-119
-447
-178
390
659
546
164
-165
-77
350
693
689
388
89
47
334
777
856
568
144
-73
194
593
754
514
2
-400
-414
-22
369
229
-165
-534
-738
-379
72
194
-2
-322
-458
-328
93
336
188
-93
-284
-131
143
278
121
-286
-480
-417
-222
42
70
-303
-703
-705
-408
-69
81
-72
-417
-486
-170
228
452
349
113
-57
77
477
735
653
438
256
280
502
582
547
381
131
119
331
554
542
284
91
114
349
658
776
627
291
126
348
714
990
787
238
-82
-84
277
646
535
100
-355
-522
-213
287
514
274
-355
-675
-302
321
781
606
8
-397
-347
217
704
655
-30
-984
-1365
-852
117
557
-352
-2187
-3187
-2498
-1029
-201
-746
-2174
-3249
-3161
-1982
-488
97
-607
-1868
-2415
-1483
265
1197
580
-772
-1533
-967
343
1202
860
-369
-1418
-1300
-216
903
1038
-70
-1321
-1584
-649
631
1279
755
-531
-1160
-380
1076
2006
1850
1000
282
322
1083
1975
2356
1699
606
189
639
1555
2098
1616
513
-113
127
936
1662
1576
756
-22
-101
521
1347
1592
1112
370
-146
187
983
1388
1185
428
-141
-252
63
710
746
175
-547
-998
-701
23
557
289
-559
-1211
-1215
-472
368
493
-101
-989
-1446
-1041
-272
319
203
-741
-1571
-1571
-794
60
-11
-833
-1558
-1473
-628
0
126
-194
-710
-583
167
927
1235
855
229
23
545
1403
1840
1393
522
50
249
970
1320
847
70
-489
-376
133
446
368
-172
-798
-912
-334
405
580
119
-493
-643
-160
537
1049
1002
299
-369
-394
277
1248
1463
600
-520
-1126
-605
640
1330
733
-792
-1864
-1466
102
1327
877
-956
-2769
-2964
-1151
1113
1668
-403
-3519
-4987
-3322
-101
1437
41
-3197
-5442
-4833
-2177
373
727
-1337
-3900
-4606
-2742
256
1885
915
-1300
-2516
-1381
1185
2838
2498
775
-534
-40
1753
3273
3267
1685
-75
-354
1009
2714
3172
1806
-218
-1117
-316
1371
2460
2032
575
-706
-907
173
1696
2358
1761
478
-370
59
1458
2439
2108
1009
249
346
974
1495
1457
912
157
-172
131
721
1123
730
-200
-847
-574
426
1127
915
-1
-753
-587
218
1006
1245
783
7
-567
-517
167
987
923
-290
-1342
-1275
-482
-124
-782
-1684
-1967
-1565
-1222
-1449
-1936
-2190
-2108
-1945
-1582
-1018
-831
-1224
-1689
-1550
-636
335
466
-74
-551
-371
468
1047
988
886
941
897
649
416
880
1725
1847
1110
325
273
822
1281
1302
1165
1073
883
418
21
309
1062
1392
1001
365
-118
-325
-201
162
550
693
199
-587
-914
-607
129
570
235
-367
-479
156
939
918
91
-695
-690
119
1322
2416
2202
-406
-4411
-5870
-1573
5211
6804
-22
-9567
-12404
-5876
3152
6129
921
-7328
-12137
-10479
-3837
2790
4026
-1093
-7780
-9860
-5434
1282
4664
2911
-1266
-3818
-2797
1100
4995
5565
2359
-1346
-1136
3324
7279
6599
1823
-2211
-1320
3338
7211
6687
2209
-2098
-2843
127
4062
5618
3805
177
-2769
-3103
-496
3136
4700
2511
-1775
-4158
-2487
1369
3606
2208
-972
-2879
-2217
217
2126
1865
-141
-2007
-1797
457
2543
2594
921
-819
-1030
455
2447
3614
2988
910
-1224
-1437
1049
4046
4593
1776
-1892
-3055
-921
2283
3410
1596
-1535
-3368
-2815
-1071
485
673
-675
-2621
-3962
-3499
-1566
80
-427
-2944
-4759
-3815
-974
559
-961
-3703
-4751
-2847
191
1448
108
-2410
-3603
-2272
509
2616
2424
366
-1490
-1371
584
2779
3467
2348
859
242
700
1774
2830
2940
1678
112
-57
1559
2962
2268
27
-1307
-343
1709
2565
1172
-859
-1642
-877
460
1117
808
9
-762
-1037
-791
-242
356
537
73
-658
-824
-386
87
230
73
16
174
100
-105
311
1215
1712
1147
22
-381
142
1187
2419
3299
2517
-1310
-5726
-5459
1277
8497
7173
-3264
-13016
-12404
-2240
7174
7125
-1522
-10812
-13574
-8374
-1
4710
2592
-4135
-9386
-8690
-3536
1500
3119
1374
-1412
-3366
-3031
29
3611
4592
1878
-1409
-797
3577
6979
5214
-196
-3350
-675
5432
8682
5560
-771
-4260
-2054
3105
6038
4779
1417
-1237
-2063
-1505
376
3015
4272
2362
-1883
-4535
-2668
1875
4421
2405
-1819
-3982
-2384
983
2689
1323
-1508
-2746
-1179
1436
2601
1276
-811
-1407
-101
1734
2623
2731
2198
939
-290
-85
2199
4657
4626
1668
-1451
-1706
727
3122
3078
1037
-1039
-2146
-2131
-1355
-367
-56
-1030
-2564
-3458
-3332
-2842
-2503
-2289
-2133
-2147
-2508
-3108
-3115
-2414
-1722
-1032
-398
-225
-1004
-2183
-1968
206
2611
2861
758
-1232
-924
1408
3378
3346
2204
1367
1338
1667
1678
1815
2528
3287
3190
1712
-196
-897
497
2781
3454
1812
-746
-2323
-2179
-1025
249
995
583
-1124
-3266
-4272
-3225
-1115
356
259
-1066
-2462
-3130
-2835
-1538
120
887
588
-123
-573
-517
-176
618
1761
2562
2563
2033
1693
1807
1842
1598
1701
2383
3063
3051
2503
1869
293
-2675
-4455
-1450
5200
8141
1602
-9898
-14948
-8088
3868
9053
2939
-8230
-14881
-12538
-4279
3168
4554
-782
-8093
-11287
-8188
-1715
2972
3125
-206
-4007
-5410
-3250
1395
5062
4353
61
-2674
49
5546
7421
3582
-1312
-1334
3866
8528
7867
3140
-889
-990
1962
4968
6126
5009
2160
-1102
-2648
-1152
2301
4924
3941
-355
-4562
-5310
-1972
2220
3256
317
-3872
-5228
-2771
394
1108
-737
-2196
-1382
380
983
191
-217
627
1566
1699
1741
2639
3754
3214
916
-413
1266
4750
6518
4428
227
-2388
-1125
2682
5316
4196
255
-2897
-2870
-653
879
500
-683
-1601
-2137
-2881
-3472
-2891
-1632
-1216
-2191
-3457
-3658
-2926
-2166
-1942
-2131
-1981
-1528
-1367
-1571
-1712
-983
466
1249
394
-1245
-1567
445
3186
3731
1294
-1309
-1109
1455
3549
3082
1299
481
815
1148
658
225
751
1616
1726
629
-916
-1825
-1603
-652
421
926
10
-1761
-3147
-3306
-2181
-498
871
867
-781
-3028
-3946
-2307
707
2641
2014
-264
-1792
-1382
171
1411
1906
2024
1904
1535
1111
1308
1862
1945
1750
2133
3381
4117
2966
648
-764
-46
1927
3564
4381
3889
716
-4892
-8550
-4680
5372
11602
5627
-8888
-18080
-12615
1916
11559
7683
-5230
-15408
-15065
-5768
3901
6359
713
-7268
-10802
-8002
-2274
1696
2432
810
-1947
-4303
-4324
-789
3803
4723
1007
-2556
-935
4573
7420
3909
-1903
-3028
2397
8894
9486
3545
-2896
-3799
1067
6497
7638
4170
-508
-2996
-2557
-423
2230
4217
3681
-191
-5207
-6872
-2967
3330
6024
2007
-4877
-7610
-3713
2738
5309
2017
-2530
-3361
-327
2786
2988
1518
1031
1782
2288
1881
1767
2791
3581
2699
1025
862
2632
4190
3251
132
-1892
-607
2598
4329
2484
-1249
-3389
-2531
-138
1263
819
-568
-1848
-2823
-3878
-3982
-2180
397
1045
-1811
-5814
-7186
-4661
-666
1188
-140
-2972
-4920
-4772
-3216
-1244
391
1029
377
-1381
-2719
-2364
-403
1855
2663
1760
587
272
381
264
185
1139
3056
4106
2701
-468
-2748
-2066
1090
4013
3992
1065
-2443
-3892
-2381
421
2237
1784
-164
-1807
-2227
-1844
-1169
-56
1217
1661
561
-995
-1411
-303
1208
1685
1317
1136
1419
1442
896
498
945
1747
2030
2122
2311
2271
1445
112
-138
1254
2929
3134
1790
380
-48
232
561
821
961
650
384
1010
1469
-448
-4489
-6317
-1775
6151
8259
-82
-11712
-14722
-5498
6917
10224
1806
-9946
-14959
-10173
-408
6256
4681
-3172
-10344
-10672
-4715
1357
2918
445
-2450
-3761
-3932
-2914
107
3602
3874
144
-3237
-1413
4114
6737
3292
-1822
-1961
3575
8609
7381
1275
-3174
-1670
3888
7730
6304
1474
-2366
-2341
385
2648
3108
2165
802
-894
-2939
-3482
-1201
2479
4089
1338
-3361
-5188
-2205
2420
3885
1462
-1435
-1779
17
1467
1411
770
725
1210
1297
720
362
678
1066
998
664
649
1378
2060
1517
7
-1196
-357
2258
3822
2490
-892
-3044
-1751
1402
3207
1990
-900
-2964
-3014
-1499
172
728
-374
-2615
-4428
-4369
-2602
-896
-730
-1946
-3297
-3861
-3720
-3105
-1981
-686
-123
-880
-2430
-3319
-2412
-262
1753
2231
765
-1335
-2208
-825
1647
3129
2596
804
-394
-346
240
568
637
1303
2222
1941
182
-1657
-1714
225
2394
2906
1520
-320
-1115
-592
494
1415
1970
2070
1396
-40
-1179
-770
1219
3045
2832
855
-740
-450
765
1158
629
539
1421
2146
1432
-371
-1357
-746
763
1995
2041
1069
-369
-1356
-1056
227
1413
1696
1257
835
343
-695
-1389
-452
1902
3813
3617
1476
-1281
-3368
-3710
-901
4508
7903
4476
-4845
-12097
-9891
105
8476
7149
-2706
-12264
-13773
-7109
1397
4705
583
-6811
-11115
-9313
-3759
614
909
-1654
-3897
-4229
-3194
-1621
36
1183
1275
691
686
1827
2858
2260
782
684
3138
6144
6279
3253
-97
-711
1825
4996
6199
4631
1626
-606
-812
902
3448
4874
3845
993
-1615
-2042
11
2832
3878
2222
-907
-2974
-2284
145
1745
1110
-827
-2216
-2131
-1191
-351
-11
-124
-673
-1353
-1271
-28
1322
1326
149
-765
-125
1818
3242
2808
987
-423
-115
1670
3518
3818
2035
-463
-1718
-1023
764
2206
2273
700
-1939
-4335
-4588
-1883
1665
2334
-1142
-5787
-7411
-4868
-923
889
-448
-3153
-5013
-5185
-3878
-1840
-115
390
-764
-2625
-3430
-2432
-386
1127
1445
1091
656
530
491
347
622
1531
2847
3782
3315
1465
-603
-1099
882
4007
5328
3187
-535
-2491
-1320
1398
3197
2878
1165
-522
-1465
-1339
-234
1354
2226
1430
-376
-1519
-952
596
1381
698
-335
-435
415
969
388
-661
-1126
-478
649
1211
1083
301
-727
-1157
-389
1307
2260
1685
445
-79
613
1564
1868
1526
1246
1211
1607
2654
3082
901
-3471
-5264
-634
6858
8296
-162
-11095
-13451
-4607
6213
8251
206
-10065
-13869
-9303
-1220
3628
2064
-3989
-9292
-9398
-5075
-428
1200
-171
-2085
-3366
-4037
-3304
-400
3145
3639
268
-2818
-1438
3213
5828
3622
-339
-710
3063
6492
5805
2190
-113
892
3591
5168
4588
2910
1443
609
601
1421
2361
2849
2334
541
-1458
-2227
-940
1465
2322
407
-2608
-3710
-1655
1080
1346
-874
-2689
-1891
163
1046
257
-692
-370
452
801
735
948
1660
1856
1331
856
1068
1965
2495
2146
1438
911
1107
1810
1995
1321
442
179
520
598
112
-424
-503
-470
-1040
-1968
-2321
-1754
-1303
-2049
-3618
-4295
-3226
-1620
-1202
-2667
-4474
-4821
-3551
-1739
-816
-964
-1542
-1968
-2094
-1896
-1064
435
1960
2348
1006
-988
-1454
488
3223
4326
2818
346
-688
317
2040
2734
2041
1146
973
913
248
-619
-534
665
1666
1329
-118
-1170
-1005
-248
140
-41
-97
337
629
87
-908
-1182
-339
829
1252
573
-380
-813
-513
314
1172
1557
968
-152
-640
41
1413
2163
1584
536
138
560
1388
2008
2029
1544
794
438
664
1070
1318
1379
1882
2275
631
-3112
-5219
-1780
4996
7460
1260
-8438
-11640
-5060
4194
6854
1075
-6957
-10584
-7871
-2057
2041
1738
-2494
-6873
-7744
-4827
-1042
299
-733
-1935
-2518
-2828
-2821
-1470
1329
2903
1281
-1460
-1307
2289
5184
4006
522
-578
2195
5424
5557
2983
1024
1423
2697
3002
2569
2604
2904
2295
728
-388
155
1628
2248
1439
-73
-1276
-1469
-602
621
1088
86
-1521
-1868
-755
144
-348
-1398
-1263
55
723
-157
-1176
-881
227
647
153
194
1060
1542
784
-298
151
1837
2892
2293
864
308
986
1765
1881
1530
1141
725
121
-102
220
446
49
-912
-1621
-1582
-1300
-1164
-1528
-2462
-3270
-3567
-2876
-1552
-1189
-2452
-4094
-4261
-2581
-934
-1085
-2006
-2010
-968
-381
-1183
-1838
-822
1238
2355
1652
128
-639
62
1615
2920
3157
2257
899
191
708
1594
1924
1836
1861
1903
954
-759
-1375
-18
1960
2176
274
-1644
-1848
-705
245
426
263
-22
-672
-1416
-1277
-87
1089
1019
-184
-1085
-742
351
1020
908
491
189
191
609
1313
1726
1260
226
29
1086
2226
2266
1262
346
-27
56
872
2725
4123
1996
-3445
-7092
-3678
4946
9566
4105
-6884
-12652
-7739
2171
7378
4144
-3477
-9077
-9293
-4876
518
2909
716
-4016
-7086
-6217
-2931
-13
1139
519
-1455
-3802
-4388
-1559
2847
4366
1190
-3107
-3163
1610
5956
5297
797
-2087
-219
3693
5589
4486
2444
1403
1145
1105
1635
3161
4410
3483
675
-1663
-1258
1317
3176
2306
-548
-2631
-2313
-336
1348
1025
-1002
-2869
-2862
-872
1015
972
-697
-2095
-1917
-628
612
1361
1678
1121
-293
-1322
-477
2128
3977
3103
583
-733
588
2623
3067
1930
957
1153
1602
1416
928
980
1205
655
-397
-776
43
761
69
-1713
-3160
-3009
-1710
-599
-763
-2423
-4404
-5094
-3799
-1658
-822
-2040
-3783
-4197
-3233
-2083
-1423
-1041
-616
-745
-1716
-2183
-796
1731
2794
1260
-929
-1017
1321
3517
3468
1676
351
820
2232
3098
2708
1680
1117
1266
1681
1741
1347
826
565
715
728
162
-539
-576
-191
9
-228
-783
-917
-819
-922
-963
-845
-623
-509
-566
-386
136
341
-168
-656
-113
1206
1983
1744
1018
402
522
914
1084
1395
1862
2454
2628
1515
-1151
-3876
-3348
1464
6776
6327
-1435
-9654
-10275
-2565
5649
6368
-71
-7071
-9116
-6232
-1867
1057
1104
-1332
-4585
-6351
-5071
-1981
504
726
-1186
-3190
-3681
-1967
900
2480
1615
-924
-2102
-72
3189
4718
3192
592
9
1738
3840
4606
3930
2988
2436
2076
1834
1927
2597
3410
3184
1650
146
48
1062
1433
408
-865
-831
290
657
-363
-1798
-2277
-1555
-694
-284
-227
-393
-952
-1760
-1872
-726
844
1446
762
-231
-399
290
1087
1545
1637
1446
1173
1299
1778
2026
1682
984
854
1455
1898
1488
616
388
696
524
-462
-1295
-714
474
225
-1621
-3230
-3038
-1652
-975
-1785
-2987
-3181
-2656
-2459
-2646
-2694
-2427
-2085
-1983
-2014
-1890
-1629
-1349
-1024
-617
-326
-188
134
675
872
400
142
982
2516
3038
1599
38
429
2477
3756
2688
579
-250
834
2280
2550
1649
588
-6
-176
23
529
738
146
-724
-1100
-921
-818
-1080
-1162
-875
-658
-999
-1663
-1676
-824
-69
-205
-914
-1167
-389
632
1012
716
236
196
769
1459
1651
1383
1199
1564
2348
2254
370
-1804
-1605
1694
5015
4355
-598
-5603
-5750
-1298
2857
2847
-617
-3839
-4750
-3910
-2606
-1430
-686
-1203
-3157
-4741
-4082
-1417
738
3
-2610
-4309
-3261
-322
1988
2352
765
-1381
-1956
-432
1885
3337
3231
2423
1773
1329
1119
1532
2913
4345
4317
2494
589
606
2243
3374
2441
557
-129
937
2213
1821
20
-1615
-1826
-804
227
568
196
-757
-1974
-2761
-2647
-1366
387
1007
64
-1585
-2463
-1761
-60
1344
1274
227
-314
164
1066
1457
1054
728
1132
1800
1974
1454
903
923
1125
1127
969
725
710
651
204
-375
-904
-948
-527
-299
-683
-1692
-2317
-1930
-1306
-1267
-2036
-2559
-2015
-1337
-1339
-1879
-1949
-1028
-359
-795
-1659
-1658
-365
935
1139
625
157
84
402
728
1129
1926
2459
2162
1312
515
547
1337
2017
2094
1534
836
493
443
397
270
287
432
378
-9
-551
-981
-1213
-1218
-939
-519
-305
-786
-1755
-2249
-1816
-1044
-725
-844
-924
-939
-1182
-1417
-1129
-396
141
123
-144
-80
210
73
-148
295
1288
1896
1080
-290
-488
544
1614
1483
567
148
284
449
360
-136
-654
-847
-629
-17
273
-242
-1413
-2271
-1991
-1293
-927
-990
-1065
-915
-1037
-1606
-2197
-2155
-1308
-242
286
18
-560
-999
-1005
-288
634
1105
938
495
687
1381
1555
988
604
1219
2407
2895
1929
639
553
1390
2086
2164
1798
1330
848
480
547
1038
1269
962
391
-6
81
315
403
205
-272
-688
-540
210
765
399
-711
-1509
-1041
319
1178
761
-348
-966
-723
-142
435
804
729
360
-36
-207
33
477
838
915
606
127
-204
-220
169
616
553
-29
-630
-755
-461
-269
-355
-552
-868
-1213
-1446
-1386
-1020
-862
-1022
-1409
-1669
-1358
-975
-879
-927
-864
-685
-523
-542
-556
-185
212
458
345
-18
118
673
1054
1001
667
600
792
947
1180
1167
915
773
753
1021
1246
944
398
208
456
750
713
105
-538
-597
-275
-160
-460
-780
-898
-974
-1180
-1283
-1184
-1050
-1050
-1312
-1584
-1483
-918
-323
-37
-301
-919
-1220
-946
70
1161
1409
736
-252
-666
-99
981
1557
1288
632
112
190
560
725
636
378
227
6
-192
-219
-89
275
153
-533
-1104
-1163
-514
83
-28
-675
-1348
-1363
-828
-227
-31
-431
-1025
-1225
-697
21
262
-25
-287
-72
282
227
12
387
1166
1539
1057
423
654
1549
1998
1454
683
823
1552
1790
1531
1043
783
653
378
405
761
1037
678
-159
-755
-661
-116
215
114
-381
-740
-815
-838
-648
-470
-343
-104
63
-141
-718
-1109
-727
263
945
733
40
-367
-198
305
628
766
954
914
557
111
51
477
958
1159
787
112
-208
-95
79
125
-55
-266
-273
-214
-368
-964
-1522
-1535
-898
-87
-64
-780
-1478
-1595
-1145
-672
-566
-557
-249
34
-155
-738
-943
-433
291
708
585
324
192
131
133
119
248
646
992
949
576
71
-244
8
546
828
635
50
-305
-200
-75
-167
-462
-665
-455
-99
-76
-559
-1222
-1419
-996
-357
-159
-561
-933
-1046
-928
-690
-525
-362
-324
-395
-349
-157
23
-9
-157
10
514
686
439
59
-6
513
896
885
614
330
205
161
300
619
956
864
409
-54
-222
40
352
632
806
542
-162
-718
-595
42
519
370
-71
-425
-415
-263
-238
-191
-159
-90
0
150
268
53
-387
-452
140
830
913
486
206
283
599
723
618
756
935
926
731
430
419
568
529
417
463
448
208
5
-105
8
140
74
-71
-197
-223
-379
-573
-652
-580
-425
-389
-438
-533
-590
-670
-823
-823
-552
-160
-41
-422
-827
-742
-274
297
555
290
-184
-383
39
579
789
779
586
571
661
532
410
410
705
982
849
547
164
-39
-30
28
136
40
-184
-336
-507
-578
-608
-770
-917
-914
-743
-576
-739
-1137
-1249
-928
-516
-519
-865
-963
-679
-366
-418
-642
-556
-251
-51
5
33
63
116
151
51
-30
68
272
505
636
620
301
-177
-278
36
538
693
282
-74
-98
-38
-110
-381
-513
-263
53
36
-327
-665
-680
-557
-454
-406
-418
-365
-245
-109
-65
-230
-403
-262
53
360
511
369
233
248
385
635
746
730
775
749
761
813
762
814
845
843
803
551
392
514
655
673
557
200
57
98
148
266
200
51
-259
-472
-315
16
385
299
-326
-786
-727
-135
433
402
37
-376
-480
-305
-59
243
375
251
-42
-258
-156
179
380
340
258
171
26
-7
269
530
468
149
-80
74
305
242
-129
-344
-162
96
89
-305
-639
-595
-251
-116
-350
-654
-847
-632
-402
-530
-827
-831
-378
-146
-340
-748
-938
-468
13
-83
-377
-395
39
347
51
-357
-364
168
675
674
410
215
242
356
381
401
564
621
592
553
247
0
-11
256
577
356
-130
-484
-372
86
127
-204
-491
-543
-355
-382
-547
-633
-552
-392
-458
-498
-464
-437
-386
-357
-305
-233
-105
-14
-104
-192
-63
128
255
257
192
262
380
312
201
247
319
411
524
542
401
215
201
289
420
371
161
106
160
150
42
-44
-117
-73
63
61
-86
-268
-345
-318
-235
-157
-129
-39
11
-93
-356
-408
-47
368
637
466
99
-104
-56
283
604
745
698
553
321
172
187
238
416
651
646
286
-92
-152
76
254
91
-128
-173
-138
-26
-166
-428
-407
-427
-367
-335
-416
-306
-496
-690
-594
-411
-251
-365
-524
-512
-346
-226
-202
-184
-146
-79
-31
22
14
68
181
282
336
275
244
192
285
468
471
331
161
198
287
298
215
59
15
38
50
-21
5
57
-110
-288
-451
-433
-178
-57
-108
-271
-398
-374
-236
-100
-108
-170
-274
-188
50
220
229
-28
-166
-13
287
520
405
185
193
308
322
373
519
660
618
459
362
344
416
319
247
202
179
264
147
-7
-55
-2
-70
-208
-137
-70
-63
-205
-506
-613
-439
-193
-79
-263
-484
-486
-376
-240
-301
-488
-597
-436
-188
-30
7
-356
-587
-473
-225
-5
2
15
-53
-51
104
91
-60
-113
153
504
506
295
80
57
385
469
242
177
218
234
206
59
-104
-68
-11
52
90
-8
-67
-199
-407
-396
-172
-10
64
-52
-309
-422
-445
-264
-26
107
164
-41
-308
-303
-196
-114
3
27
16
9
-103
-196
-101
122
334
360
134
-60
19
267
402
410
331
144
39
121
245
316
357
184
62
130
55
4
23
135
220
112
-47
-229
-204
-93
-85
-163
-237
-94
29
130
204
26
-197
-255
-8
303
358
171
-43
-8
86
108
77
66
248
403
252
-59
-154
-21
169
253
94
-36
-46
-65
-87
-2
73
-52
-223
-314
-234
-97
-62
-195
-358
-346
-379
-340
-194
-187
-224
-299
-377
-269
-93
-118
-233
-285
-196
-25
20
-2
-52
-58
17
131
205
171
121
-26
-38
176
261
300
130
-93
-105
-58
65
137
210
81
-139
-145
-164
-71
61
-84
-211
-138
-23
62
-89
-305
-214
16
58
-50
-103
-61
25
39
-16
-121
-93
106
221
195
6
-139
-43
189
301
137
-89
-141
61
298
288
120
-62
-81
94
263
265
51
-150
-118
99
200
23
-13
79
44
-79
-267
-184
21
96
87
-97
-168
-100
-61
-55
-11
75
74
-7
-141
-168
-73
122
216
84
-45
-80
43
190
170
45
0
129
253
250
102
-60
-59
9
136
176
86
26
38
64
5
3
8
-6
44
-19
-31
17
-2
38
-3
-62
-54
-2
69
49
82
109
118
76
-133
-182
-62
82
149
-10
-120
-36
97
184
102
-81
-87
26
128
139
2
-90
-91
-45
15
-22
-42
-58
-94
-82
-153
-150
-119
-109
-89
-142
-227
-316
-320
-259
-124
-72
-201
-357
-426
-307
-158
-87
-134
-196
-125
-94
-38
-12
-82
-58
-53
-65
97
295
251
51
-98
-127
47
325
407
246
99
38
20
197
299
235
222
126
80
45
102
208
178
212
146
86
59
12
1
-47
-72
-22
108
69
-74
-194
-189
-62
6
24
-59
-164
-147
24
-40
-149
-61
-15
176
221
58
3
-13
102
241
206
118
144
203
225
165
-31
-11
170
296
277
67
-44
50
112
110
131
69
-24
10
41
-26
-94
-187
-153
12
44
-61
-103
-139
-228
-173
-95
-118
-152
-139
-54
-146
-337
-312
-223
-34
163
112
8
-115
-123
-13
3
86
161
116
-11
-32
73
106
96
67
0
-56
-24
-20
0
137
112
-24
-124
-211
-207
-126
21
98
31
-72
-116
-175
-252
-197
-83
13
28
-81
-185
-134
-71
-89
-89
-114
10
61
-74
-61
-99
-62
104
80
84
166
124
73
85
161
161
107
93
145
216
123
-18
-67
73
190
126
84
-13
-82
15
55
-37
-16
36
-20
-97
-127
-26
-4
7
37
54
91
0
-9
63
163
168
29
31
120
142
165
173
198
189
143
196
184
144
124
68
68
176
222
150
19
-69
-44
28
32
-92
-119
-63
-18
-18
-129
-227
-272
-310
-296
-254
-209
-164
-158
-126
-132
-189
-295
-307
-86
64
93
77
-89
-119
-16
44
64
-35
-26
80
134
144
101
37
24
-8
22
134
194
172
82
106
73
9
-24
-73
-18
2
137
201
22
-115
-201
-206
-157
-176
-194
-136
7
94
-57
-191
-203
-149
-103
-124
-27
-14
-41
-50
-133
-68
64
94
1
-10
90
117
72
19
58
94
-7
-18
-29
-74
77
188
207
182
30
-101
-144
-93
-1
95
158
99
30
59
66
16
-37
-95
-103
-47
59
29
-117
-159
-117
-59
-66
-24
-86
-179
-92
-10
68
77
44
13
0
12
59
96
77
130
141
152
230
236
103
-36
66
162
158
145
124
138
155
94
-72
-142
-118
-39
75
118
124
153
132
-34
-110
-111
-116
-16
81
110
59
-63
-219
-193
-45
44
28
-54
-42
-1
52
11
-135
-285
-212
105
220
181
108
-21
-131
-129
-50
-25
-46
-105
18
211
249
67
-370
-650
-504
32
572
373
-189
-368
-225
126
161
-252
-744
-787
-53
772
904
182
-592
-735
-420
-14
222
279
206
99
175
297
83
-423
-863
-677
-53
438
667
481
105
-157
-166
-95
-43
-63
-68
237
486
584
452
34
-270
-495
-401
61
348
445
352
174
96
-120
-359
-458
-397
-27
269
318
313
166
-47
-288
-382
-288
-95
269
479
492
283
36
-97
-270
-221
-41
169
356
394
281
73
-36
-191
-258
-76
68
209
370
362
146
-73
-180
-197
-161
-132
87
315
268
198
36
-305
-507
-335
-38
239
317
93
-28
-135
-247
-337
-366
-219
-69
173
400
309
-17
-265
-353
-300
-157
-15
162
237
223
78
-173
-321
-419
-416
-280
-23
271
279
-40
-221
-283
-337
-286
-237
-138
-10
226
382
278
-47
-350
-445
-441
-135
232
340
282
93
-115
-282
-354
-361
-350
-149
167
395
376
141
-44
-186
-216
-54
135
312
503
593
430
116
-168
-266
-113
88
295
491
476
332
168
-19
-144
-199
-149
59
281
392
297
43
-154
-232
-273
-164
-1
11
107
216
282
156
-121
-328
-386
-168
63
316
417
249
111
-49
-158
-99
2
137
254
343
412
289
52
-207
-263
-89
111
274
233
171
143
13
-92
-293
-375
-211
-84
70
123
25
-58
-207
-407
-383
-239
-81
82
93
97
14
-111
-230
-320
-256
-148
64
174
135
87
-71
-232
-292
-284
-238
-30
118
79
74
-1
-120
-296
-446
-375
-151
154
250
130
-4
-134
-168
-246
-347
-304
-95
192
326
350
170
-126
-276
-357
-242
64
326
385
302
149
-62
-148
-293
-436
-299
-79
223
407
368
188
-144
-355
-414
-303
-66
53
155
285
316
207
-25
-209
-271
-175
76
366
553
492
298
127
-19
-96
-55
19
82
264
415
390
219
0
-155
-218
-94
58
240
370
336
267
89
-30
-104
-146
-38
154
363
305
144
107
60
-14
-100
-80
-44
5
164
257
171
-56
-248
-302
-201
33
146
119
101
4
-61
-103
-213
-244
-229
-93
188
253
59
-128
-315
-338
-213
-131
-37
67
171
232
151
-77
-302
-403
-279
19
170
223
192
73
-45
-254
-308
-363
-319
-65
42
217
151
-149
-309
-457
-478
-283
25
73
-14
-9
-51
-71
-197
-260
-291
-317
-2
287
428
393
132
-86
-196
-148
-93
49
107
180
356
256
76
-140
-284
-271
-107
148
294
283
229
100
-115
-210
-182
-60
60
157
202
206
139
-39
-139
-113
-63
-51
63
269
286
117
-95
-166
-66
53
150
229
209
161
220
222
175
6
-225
-178
76
335
430
286
19
-202
-234
-31
112
58
16
80
279
298
114
-153
-416
-315
-82
183
305
189
72
-122
-155
-62
-159
-181
-50
88
232
169
55
-121
-417
-404
-187
7
185
264
182
33
-11
-113
-253
-232
-106
49
227
246
178
72
-151
-235
-238
-170
24
117
167
159
8
-80
-206
-362
-293
-194
-54
154
231
216
52
-175
-264
-270
-154
28
114
73
43
63
11
-58
-275
-389
-216
-40
149
212
63
-10
-140
-257
-169
-198
-25
159
89
226
236
117
16
-135
-197
-88
90
228
280
137
48
0
-22
50
-35
-88
21
67
229
324
195
132
-50
-90
137
169
132
110
62
85
156
151
-4
-137
-65
114
212
264
194
1
-98
-87
28
59
48
77
129
149
137
106
-78
-187
-128
-65
58
56
-112
-131
-82
-63
-19
-66
-203
-148
-18
-4
19
-25
-95
-148
-161
-42
-92
-142
-83
-122
-47
33
11
-61
-119
-151
-72
45
10
-57
-63
-49
-53
-25
-34
0
47
27
62
20
-22
-54
-109
-56
29
45
95
58
-71
-102
-162
-138
-67
48
166
151
133
-15
-52
39
-57
-163
-236
-219
-50
100
151
75
-139
-218
-149
-84
21
64
48
-9
-25
13
1
-120
-244
-196
-89
94
245
219
192
134
47
68
131
109
11
53
187
195
112
3
-48
-100
-64
64
156
239
129
38
-2
-32
37
-50
-159
-132
-15
63
49
11
-44
-60
7
152
182
129
126
118
64
-65
-78
-41
-6
88
118
163
113
66
104
40
20
-3
-52
66
134
131
53
-77
-126
-177
-57
-11
-43
22
1
24
7
-9
-24
-151
-147
0
87
48
-29
-151
-163
-70
-72
15
-27
-156
-98
-8
109
60
-142
-215
-175
-145
-66
-65
-195
-162
-106
-64
-10
-59
-101
-93
-1
51
54
19
-37
-40
-38
3
8
15
-28
-60
17
64
99
65
-6
-35
-46
-13
8
-37
-80
-72
-22
54
120
95
21
-65
-23
25
-55
-3
14
33
76
13
2
-75
-144
-196
-148
40
90
139
156
84
110
0
-131
-99
-125
-45
30
101
212
89
-7
-54
-98
-47
-67
-3
113
149
142
35
14
-21
-83
-9
38
100
87
88
151
117
0
-105
-91
-19
101
166
183
100
-44
-107
-81
-6
-5
47
30
5
200
224
20
-71
-87
-29
26
49
146
91
-51
-67
4
28
16
19
-7
74
132
116
97
-7
-77
-118
-70
67
91
17
-12
56
10
-75
-105
-124
-83
-157
-170
-75
-60
-92
-113
-114
-156
-186
-132
-80
-56
-8
-19
-22
-10
-48
-68
-95
-63
-30
38
84
31
-20
-92
-114
-63
-11
-28
-23
-2
-3
7
-59
-107
-78
-53
66
87
-20
-20
-65
-83
-76
-51
-6
36
93
22
62
123
65
-1
-88
-57
-36
-15
83
76
7
-56
-27
34
8
38
86
60
126
155
111
20
-157
-98
-35
-46
44
41
-39
2
81
50
-18
-108
-65
-1
60
113
62
51
-11
9
63
94
110
45
68
58
103
147
77
-46
-119
-54
-57
4
56
-1
17
50
80
51
-6
0
65
78
68
147
90
-23
0
-58
-87
-65
5
86
10
81
99
-37
-15
-52
-62
48
35
64
127
11
-37
-52
-112
-92
-95
30
81
21
46
1
-12
-55
-103
-102
-93
-34
-7
63
83
16
-49
-95
-53
-8
26
31
7
15
38
18
-4
-76
-154
-102
-27
12
45
0
-67
-50
-73
-70
-35
-74
-55
-4
-4
-21
-55
-116
-154
-116
-21
48
55
38
9
-18
17
-22
-119
-107
-73
-31
30
113
92
33
-2
-49
-5
-40
15
113
82
163
84
-40
-6
-20
-23
-2
11
39
47
71
97
-20
-89
-108
-106
29
81
87
48
-1
0
-40
8
25
-1
47
79
131
161
83
22
-2
-61
-49
1
19
-21
-66
-10
56
82
69
49
20
61
94
102
84
6
20
-53
-28
31
-28
-56
-80
-11
-20
37
134
44
16
28
13
39
-61
-182
-79
-3
-2
23
72
66
-17
28
58
23
-16
-19
3
15
68
73
25
-70
-103
-62
-26
4
-16
0
65
65
44
15
-61
-108
-84
-13
8
-18
-13
6
-5
-44
-36
-37
-9
-46
-69
27
21
-44
-33
-54
-80
-31
-46
-28
5
-18
-8
28
38
10
3
-9
41
5
-59
-1
-35
-86
-177
-138
-12
-14
63
29
-5
33
-50
0
2
24
88
-15
100
134
40
43
20
21
57
111
129
123
70
44
4
8
35
-23
-16
7
-9
-14
-26
-32
10
-3
40
135
78
66
72
63
57
14
28
-12
-24
4
6
-8
-31
4
-27
-25
29
-15
-56
-44
20
20
-70
-62
-46
-88
-96
-11
2
-17
62
30
7
36
-26
17
-74
-155
9
-52
-77
-23
-60
-64
-40
-52
-2
92
10
48
81
62
102
1
-40
-1
-54
-51
7
2
-9
31
23
8
44
-4
-12
-26
-66
17
-38
-145
-102
-71
-98
-143
-53
15
-48
24
115
115
73
59
96
11
-3
45
16
18
32
64
60
19
-37
-76
-78
-55
24
7
-10
69
30
-45
-41
-74
-85
-64
-41
-4
56
55
-10
38
22
-57
15
81
115
141
67
56
14
-96
-89
-81
-100
-70
-17
70
155
123
59
35
-17
23
58
40
51
8
28
93
75
49
13
8
16
29
87
53
17
-27
-70
-11
6
-40
-50
-18
-18
39
76
17
4
-21
-47
30
95
16
-19
-21
-50
-41
-56
-11
-25
-52
-6
-17
48
42
-89
-145
-124
-109
-65
16
13
-5
-16
-19
-9
-48
-50
-22
42
75
69
93
60
-8
7
40
-16
-20
-20
11
7
-55
-10
-72
-67
-1
-26
14
-27
-30
-46
-80
-61
-70
-86
-114
-1
50
49
65
24
57
15
-2
36
-9
-55
-39
56
56
41
27
7
0
-25
58
31
4
38
22
47
-16
-17
10
-37
-37
22
69
-4
-53
-40
-59
-14
-14
5
74
40
114
99
-2
24
-50
-89
-47
-76
-37
23
-4
23
53
24
28
34
25
47
55
41
76
28
-57
-12
-24
-50
-27
-35
12
-52
-60
11
-74
-15
36
-32
3
14
-30
-59
-40
-126
-144
-60
-45
82
72
33
118
74
40
59
-20
-26
-9
-63
-28
14
-2
-56
-2
-16
-35
-7
-69
-40
-65
-29
-1
-22
24
-23
-14
46
59
54
4
31
58
-37
42
68
-31
28
43
45
16
-30
10
-29
-36
-34
-38
-12
-16
-12
-15
33
3
-80
-31
10
-34
-25
-2
13
-13
29
54
25
10
-101
-25
29
9
63
30
37
92
59
41
75
31
-15
8
32
48
26
-14
-20
-4
61
83
60
53
10
17
69
49
-4
-2
-14
-8
56
54
-13
-12
-19
-50
7
-35
-48
20
-55
-15
49
1
6
-8
-4
-64
-37
24
-55
-2
66
17
29
-27
-79
-19
-66
-23
-49
-25
57
-39
34
32
-50
-39
-6
65
30
1
-19
-26
13
-57
-56
19
60
9
15
73
-16
-122
-161
-63
-46
-11
57
-7
23
11
-34
-45
-103
-96
-55
37
102
83
87
23
-31
7
13
-43
0
0
28
126
57
-23
-11
2
-94
-70
54
18
-46
-17
5
37
26
-27
-20
10
49
59
10
-23
-1
1
-9
37
54
8
0
8
57
34
-30
-3
20
27
24
53
41
-8
-16
-25
-15
-50
-46
-2
-16
16
35
11
4
-31
-59
13
10
-58
46
77
54
88
29
-16
25
52
47
39
17
33
25
-24
-31
23
11
-35
23
64
25
-61
-85
-46
-60
-34
-9
-7
-7
-67
-82
-24
-33
-111
-62
58
69
30
69
29
-54
-11
6
-1
-18
-3
33
34
-20
-8
19
-46
5
10
67
84
-36
-6
0
-67
-53
-48
-89
-59
-42
28
71
-44
-62
-30
-44
-44
-33
-46
-72
-13
30
17
64
18
-4
74
10
36
50
-21
-16
15
14
10
73
-3
-29
25
-3
-22
-50
-54
-46
18
32
-8
-25
-7
9
10
34
-4
8
37
44
43
44
73
-4
66
111
10
32
-55
-71
-17
-77
-50
1
-16
-16
26
45
57
8
-65
-4
20
-6
-4
-42
-13
7
-8
49
14
4
63
-14
4
6
-62
-54
-150
-58
-7
-102
35
65
37
82
42
12
3
2
16
-20
30
82
64
66
0
11
-20
-114
-33
-13
-81
-45
-49
-65
15
36
44
45
3
15
-12
-9
-16
-52
-35
-45
31
110
21
-21
-35
-42
-6
-68
-35
0
3
77
21
14
46
-74
-117
-64
-13
0
32
110
69
78
105
71
-8
-139
-44
42
-21
3
24
2
-51
-73
-17
-25
-76
-39
37
63
8
-50
-30
3
12
-24
16
74
19
-16
-19
47
39
-19
33
50
76
35
-15
-55
-82
17
-27
-21
9
-23
67
20
-10
32
-22
-60
4
8
-54
-73
-64
-17
20
22
13
0
-28
-18
0
24
31
12
36
127
95
28
22
-58
-52
-17
14
27
-28
2
20
-2
43
-4
-72
-5
43
9
-16
5
-33
-79
-27
-14
-14
39
7
-24
30
22
-20
-35
-9
26
57
49
18
6
16
14
-27
-26
4
36
46
15
1
-21
-53
-21
-1
-33
-12
-5
-12
-24
-19
-16
-34
-3
20
55
1
12
43
-104
-55
47
17
24
16
34
41
61
75
-24
-39
31
69
-3
-56
0
-40
-22
-32
-73
9
-17
-47
-7
-6
-40
-13
24
-24
-30
18
28
-9
-51
-40
26
32
-37
-30
-7
14
45
15
0
17
-22
-27
67
-31
-66
76
67
34
24
50
10
-52
0
-38
-21
24
46
51
2
39
25
37
-46
-79
33
-1
-29
-21
-36
-20
23
-18
-8
59
16
50
52
-3
26
8
5
31
48
36
23
76
44
-4
-14
-15
-5
-22
-33
14
-1
-10
37
2
-34
-31
32
-41
-119
-6
-1
-39
9
48
26
61
59
-39
-54
-64
-92
-77
-22
-16
38
111
-1
18
89
-54
-96
-21
-15
16
5
0
86
20
-63
-10
0
-20
-7
-66
8
45
-25
27
-28
-38
21
3
-28
12
-4
-42
30
-8
-23
-8
-36
9
24
32
17
18
45
0
-17
-33
-14
13
-56
-49
49
46
-11
-38
-3
-8
-44
13
-73
-112
-23
-53
-47
-85
-85
45
13
-37
8
18
11
-22
-28
48
51
32
42
37
61
61
8
-1
55
-11
10
46
-27
-10
-48
6
35
-31
-3
0
19
1
-32
-4
4
3
-8
49
47
6
25
0
-3
13
34
-26
-28
35
-1
-14
-40
-1
36
-38
3
91
13
-26
28
29
6
0
6
-5
0
1
-9
-31
-50
-20
-2
-33
1
9
-59
-46
-19
-28
-44
-22
23
69
37
22
46
-13
-10
-14
-33
23
4
-7
29
0
21
36
-32
22
93
91
80
2
-5
5
-60
-33
-31
-24
37
84
81
14
37
-7
-39
-12
-29
2
7
4
18
1
-24
6
-21
-78
-24
61
18
-23
21
6
40
25
-19
15
19
-4
12
26
-7
-58
-27
16
-24
-22
-32
-18
22
-46
-55
1
-37
-51
19
46
-10
1
-8
-71
-63
-59
-84
-55
22
6
9
44
72
28
-67
62
59
22
91
-23
13
62
28
-7
-72
33
87
23
13
13
8
11
-42
-96
-37
-25
-51
-30
-38
-47
4
16
-57
-61
23
29
-6
-16
-41
-32
-46
-39
-50
-79
26
64
46
44
57
33
-16
12
-44
-43
16
-2
6
-40
-69
-36
-33
-77
-102
-29
6
0
-5
-42
-5
24
24
30
17
19
44
50
-56
-64
24
22
-16
-33
48
45
-7
6
-6
8
40
1
2
41
0
-37
-2
0
-35
22
10
20
72
15
19
49
42
-9
-12
-27
-23
35
-28
-50
1
56
28
-26
-3
-1
-40
-17
1
-54
15
11
-23
50
-26
1
11
-55
5
-26
-10
36
-34
-11
43
10
36
11
-4
50
41
47
4
36
58
-34
18
64
-3
-46
-3
39
-16
-57
-55
-3
17
-35
17
49
9
-25
16
12
-52
16
-11
-18
90
72
-51
13
106
1
-4
22
41
66
-47
-32
97
28
-31
-17
-1
39
25
-49
-74
16
-1
-37
-23
-74
-70
-53
-59
-33
-47
-22
17
17
38
6
-1
46
7
-38
25
32
9
9
17
37
66
53
21
26
-20
-5
12
-78
-93
-28
14
-10
-63
27
21
-25
0
-53
-56
-55
-34
-51
-13
-3
-15
52
45
57
45
65
116
75
49
101
75
23
37
-5
-1
5
-7
-36
-24
55
24
0
-12
-9
4
-18
-52
-88
-10
-18
-69
-22
-23
10
35
0
57
78
27
11
18
42
42
-1
-8
42
41
21
50
29
32
82
49
0
3
-29
-79
-48
1
2
-42
-25
-7
-21
-41
-77
-7
25
-33
3
56
-21
-60
-26
-10
32
74
53
46
72
52
29
-12
-22
-19
-14
32
-12
-39
-13
-16
-5
-46
-24
11
1
50
38
36
35
5
-34
-80
-26
-44
-96
-19
-11
-26
14
-8
3
0
36
57
27
65
-16
-9
86
3
0
30
-30
53
20
-78
9
27
-1
-12
-31
-3
-56
-83
-42
0
46
25
44
69
-3
-9
2
-37
23
41
67
77
12
25
39
-19
-27
40
16
-1
64
57
-4
5
44
-6
1
56
-4
0
25
1
-2
-6
17
-19
-14
58
29
26
7
-48
17
22
-31
-41
22
34
-21
32
-23
-28
7
-29
-5
11
-29
-61
-12
-35
-33
12
10
28
28
9
6
-28
-75
-39
-12
-3
-31
-12
3
-28
-16
-32
6
-46
-66
-19
-30
-1
-61
-71
-12
-5
16
-28
-76
0
50
-16
-60
2
-35
-54
-12
-30
47
10
-38
40
12
-50
-29
-20
-36
44
28
26
61
-21
20
6
-28
-23
-38
-68
-78
5
5
13
-2
35
104
22
-11
-29
-42
0
21
-30
-27
8
5
18
8
64
50
10
31
-3
-3
-19
-74
-7
80
46
48
25
-7
39
-46
-29
25
-62
-27
-4
-29
-13
-16
-36
4
22
13
18
26
31
-13
38
84
6
-48
-45
14
10
-36
-32
0
59
23
-52
-19
13
-29
-45
0
-4
-29
-54
-68
-37
-59
-67
-82
-58
-5
-40
0
4
-10
27
9
11
-14
-2
7
-50
3
9
-23
-27
-70
-29
15
-15
-38
-34
54
58
-24
2
25
-1
-36
-46
-52
-31
1
-58
-15
20
-38
-58
-75
-35
9
14
27
96
84
40
20
-35
6
4
-25
36
36
2
-17
-39
-21
5
0
16
39
-4
16
-16
-107
-72
29
40
10
58
86
79
8
4
21
-9
9
20
30
-1
30
53
-6
20
28
30
51
-32
-11
44
-4
-25
-13
30
12
3
45
0
-41
-20
23
-35
-63
11
7
39
21
5
8
-19
4
4
-16
-22
20
-7
-38
15
7
-21
0
46
-16
0
38
-66
-43
5
12
31
-5
-5
35
-15
-38
-8
-40
-62
-28
3
-28
-14
27
8
-2
55
64
-33
-27
6
-6
38
-1
-70
6
11
-60
-41
-24
-7
10
53
65
35
39
-17
31
39
-59
30
39
-9
17
44
66
36
0
4
30
41
21
-2
41
59
50
82
21
-15
-8
10
38
33
13
-17
40
51
-8
-72
-56
-19
-16
-15
-44
61
85
-3
43
48
39
45
-34
-21
59
52
36
25
-7
41
53
8
21
15
16
38
18
-1
0
-16
19
28
-11
21
-3
-25
2
1
8
39
41
25
35
0
0
25
-36
-61
7
0
-43
-38
-70
20
-4
-111
14
1
-42
11
2
10
48
10
-32
-27
-67
-29
-15
-48
26
39
14
18
-22
-37
-20
-24
-52
25
40
-39
19
6
5
55
3
23
78
30
-16
7
54
0
-67
18
68
35
4
15
32
40
2
-60
-41
-74
-91
-55
-12
38
-41
2
81
4
22
0
22
63
7
60
25
-27
-13
-72
12
30
26
98
48
39
50
44
2
-42
-28
33
75
48
3
0
36
-10
-68
30
-2
-102
-4
35
-1
-65
-29
17
-24
25
-7
-26
51
-33
-53
55
39
-24
-16
30
-2
-9
32
-4
-5
34
64
14
-54
-64
-88
-33
-22
-73
32
58
-63
-3
32
-1
-33
-13
93
73
37
-13
-49
-32
-55
-53
8
16
-27
22
29
-51
-48
-6
-15
-33
-3
49
30
-18
-42
-10
16
-73
-69
-59
-116
-40
-20
-10
37
14
27
32
6
-29
-41
-16
18
23
-2
24
20
-11
-29
-24
48
21
4
41
-11
56
22
-49
62
8
-50
29
23
-5
-68
-49
68
-2
0
8
-16
36
-58
-57
-21
-50
-35
-26
-7
-2
-1
-39
-41
12
-51
-13
85
-10
-28
22
62
18
-46
30
7
11
39
-8
-13
-66
-48
-15
-41
-57
-71
-42
25
24
-17
43
52
1
-12
2
-24
-45
13
22
51
62
54
47
-58
-50
7
-8
-7
42
0
3
93
12
-61
-71
-10
-13
-22
-14
-81
0
35
0
10
8
21
5
-3
-12
-5
34
41
13
-9
68
50
-66
-43
-17
6
37
-13
8
82
42
27
32
59
67
-9
50
75
34
36
-16
-22
28
-11
-44
-2
-21
0
13
4
-3
-14
31
3
10
27
-37
-13
-10
-64
-35
-8
-18
8
31
2
20
41
20
34
-15
9
55
4
-5
-11
-2
41
52
4
-32
-53
4
-65
-165
-43
-23
-31
0
6
45
7
-35
-25
-24
-22
-24
22
36
-26
21
51
-7
-21
-46
-37
9
-15
-30
-26
-13
23
21
-10
5
47
-55
-41
0
-109
-16
-50
-84
85
63
16
25
18
3
10
-42
-69
42
30
-6
27
32
25
-18
-38
7
6
6
32
-2
57
109
88
83
44
51
31
-9
-8
-65
-28
13
-18
44
7
-39
-7
-14
-42
-15
42
23
52
63
36
45
5
-27
-31
43
74
2
33
43
59
66
-6
-9
34
63
-11
-42
50
8
-34
48
38
59
112
50
0
-13
34
-28
-4
88
0
92
128
16
-60
-81
-18
-131
-152
-34
-91
-82
-17
-29
-14
-23
2
48
37
46
7
20
29
6
23
-30
50
56
-73
2
-3
-63
-27
-36
-36
-63
-32
17
-33
-52
19
20
51
11
-45
15
-8
-65
-158
-72
-14
-93
-43
5
22
-34
-45
-3
-39
-18
-21
20
62
-11
44
52
-35
-31
-1
-25
-65
-19
18
8
-62
-42
60
-2
-32
35
36
25
32
-10
12
-4
-30
16
-57
-15
11
-61
8
-21
-41
25
24
16
68
83
41
98
42
-34
15
29
-2
-32
-15
8
20
21
8
15
20
32
35
13
13
0
8
11
10
-1
63
93
6
72
56
-8
-12
-41
0
-72
-8
110
27
24
56
122
42
-78
0
-25
23
51
-3
54
15
35
30
-14
-35
-27
47
-16
-24
15
9
26
-22
-42
11
12
-46
-45
-59
-41
0
-50
-49
14
31
8
48
12
-29
0
-31
5
-68
-94
3
-10
-4
14
42
30
-1
-13
-17
-14
-36
-51
-44
-37
-21
11
-56
-82
1
-22
-64
-37
-53
-2
5
-64
-29
-38
-43
-35
-62
-57
27
52
-28
-13
30
-4
-46
-90
-107
-28
3
25
33
8
24
46
-22
-102
-21
-2
-16
5
20
75
49
1
-3
2
35
13
16
22
-12
-26
-81
-89
-75
-38
16
54
77
103
100
-14
6
32
-44
11
-25
-35
60
13
-42
-46
30
20
25
96
66
73
26
21
23
-3
39
41
41
35
29
12
24
34
-8
22
43
39
54
-1
-22
9
22
0
-43
-30
19
1
-8
3
-23
38
59
21
65
41
-9
41
63
-29
-17
52
-22
-79
-59
-23
24
-18
-47
37
44
-12
9
-2
-83
-37
-18
-49
-31
-26
4
20
16
21
39
27
-19
39
38
-51
-47
-51
-46
-26
-13
-20
-23
13
-16
-23
-8
-84
-64
-61
-74
-40
-37
-19
-46
-39
-51
-9
46
8
35
50
39
49
-25
-91
-59
-81
-60
4
-60
-14
49
65
39
-19
20
-3
-13
-52
-66
-48
-73
-62
-62
-15
55
63
13
-16
40
50
-26
-2
21
-11
37
30
-35
9
31
-42
23
56
23
24
0
-10
-54
-11
-38
-81
-4
17
13
17
-11
-19
7
1
48
54
-22
0
30
17
23
0
21
59
31
37
25
6
47
-17
-34
53
52
28
0
29
41
31
39
28
18
23
53
28
-5
-68
-48
10
-30
-30
-39
-44
22
28
-13
-20
-35
11
8
-50
79
84
19
76
11
21
7
-29
-15
-38
12
8
23
27
44
22
-45
49
69
-15
-45
9
90
31
-74
-41
11
-32
-50
-102
-97
-9
-30
-29
-7
14
22
-24
-13
-53
-63
15
-28
-56
-37
-55
9
27
-30
-9
16
56
54
1
-12
-58
-53
-56
-104
-96
-51
-35
3
40
-27
23
24
-37
18
-6
17
23
-12
6
-30
-60
-43
-93
-113
-40
5
33
31
11
-5
-19
-19
24
-54
-65
31
-6
36
2
-67
-25
-5
34
23
13
37
49
-3
-3
1
-94
-38
8
42
26
-18
51
-2
-50
22
14
26
66
45
84
83
33
31
1
-41
34
92
46
6
36
74
16
16
-2
-3
52
49
74
54
37
54
18
30
55
-2
17
16
14
36
-19
-34
-31
-20
-17
-24
-28
-8
0
-38
15
32
0
53
56
46
54
32
38
24
-20
23
83
-7
-5
36
-3
13
-17
-35
-1
14
-28
-40
-5
-10
-21
-11
16
-8
-4
-7
-103
-82
-79
-106
-36
-63
-42
48
17
-47
-49
-23
-30
-85
-37
-11
-52
31
-4
-44
-7
12
13
-34
11
37
-7
37
39
-3
34
-14
-13
6
-40
-42
-59
-19
-11
-32
-47
-51
0
-64
-99
-14
-14
-33
-18
-21
-5
30
-31
-31
41
41
52
41
53
59
11
25
54
24
2
14
41
43
-2
-74
-37
11
-34
-8
51
50
5
27
25
8
-21
-50
9
-29
30
82
3
43
70
90
114
53
0
107
122
-31
31
42
-24
23
-18
-22
53
-4
-69
-7
25
39
0
-50
46
26
13
20
-20
31
-17
4
24
-2
-5
-35
-16
-12
-5
14
-29
3
70
49
3
8
60
50
27
33
27
9
-25
-37
5
-32
35
3
-62
84
-20
-37
16
-39
26
-16
-27
32
-23
-70
-89
-122
-45
-2
-43
-40
-2
33
-30
-57
-57
-66
-49
-35
-14
-16
9
1
12
38
28
51
-39
-16
64
-35
9
31
-24
-8
-5
13
-16
-74
-54
-40
15
48
-44
-13
0
-84
-68
-47
-56
-95
-82
5
1
-20
-48
-67
34
70
-52
10
28
-21
77
38
10
50
48
-7
4
-23
-67
-39
-29
72
54
76
162
68
5
6
-20
-45
-61
-58
-2
-21
-32
14
26
-12
-21
33
43
25
20
48
57
61
63
44
49
72
10
-22
73
25
-10
9
-8
