-282
-239
-237
-214
-107
-50
41
12
47
94
42
189
270
287
363
316
262
219
26
-180
-296
-298
-305
-383
-388
-371
-328
-285
-305
-266
-187
-157
-134
-12
155
320
462
470
597
449
102
269
254
-101
-253
-166
-47
-81
-50
-136
-302
-324
-269
-28
62
24
112
251
370
319
211
158
108
34
7
117
125
207
279
103
-49
-156
-221
-411
-491
-472
-423
-177
-35
37
91
113
89
107
201
283
395
388
352
335
213
57
-147
-315
-345
-372
-439
-456
-348
-208
-149
-108
-89
-83
7
127
153
211
311
423
528
527
449
251
76
-57
-242
-384
-374
-231
-224
-249
-150
-107
-137
-161
-139
-104
-55
41
145
302
359
301
280
186
63
-4
-14
-64
-135
-74
-1
-106
-203
-206
-329
-436
-396
-286
-107
36
187
340
427
392
225
146
60
31
102
118
139
178
164
71
-2
-82
-294
-393
-350
-303
-222
-76
13
25
141
104
-12
35
97
192
292
370
493
504
408
177
-169
-386
-475
-547
-519
-362
-219
-82
21
10
15
27
-64
-121
-29
157
277
320
353
365
220
0
-100
-161
-146
-84
-90
-51
20
-3
-36
-157
-306
-323
-306
-241
-166
-30
143
218
279
227
199
156
24
141
-5
-15
325
295
211
31
-164
-212
-272
-501
-595
-461
-246
118
271
137
61
91
45
25
30
84
254
419
439
344
227
50
-159
-338
-486
-474
-376
-312
-48
159
150
163
161
125
68
2
30
113
109
91
94
63
2
-99
-179
-226
-212
-139
7
161
242
252
47
-143
-184
-262
-288
-246
-151
-63
86
185
147
182
123
-12
-21
76
98
168
261
179
187
135
-79
-174
-306
-420
-351
-226
-105
-45
70
216
225
196
294
423
446
386
330
275
164
10
-128
-285
-436
-398
-332
-239
-30
155
298
285
221
224
176
81
-6
-73
-105
-50
-26
-92
-40
-12
0
80
101
79
50
101
93
0
-34
-154
-266
-240
-364
-374
-265
-249
-99
-3
137
166
99
183
142
69
83
114
78
52
32
-29
-179
-316
-340
-385
-452
-455
-236
-26
-50
8
122
249
367
332
302
274
198
115
29
-69
-153
-267
-345
-387
-413
-307
-158
-29
7
-2
154
197
109
65
-31
-91
-101
-22
35
112
196
126
82
30
-60
60
66
-27
8
44
151
17
-141
-70
-150
-229
-175
-111
2
56
127
202
181
191
147
120
130
196
292
294
315
293
183
0
-151
-186
-319
-389
-353
-286
-25
65
122
328
442
516
397
337
387
297
303
168
-51
-173
-325
-442
-494
-378
-301
-227
-38
128
216
209
134
-36
-118
-229
-361
-318
-252
-145
-6
47
102
156
95
39
-3
-68
-91
-91
-104
-48
-35
-171
-258
-301
-304
-266
-190
-52
36
141
267
270
259
241
114
40
86
187
259
245
213
163
44
-97
-206
-327
-273
-197
-187
2
162
255
306
414
411
206
168
209
184
69
-2
21
-80
-212
-253
-209
-168
-166
-113
-31
22
9
111
80
-118
-77
-85
-106
-52
45
114
140
221
174
222
153
-31
-86
-286
-323
-237
-218
-133
-113
-74
-23
-2
54
18
-23
63
109
91
61
30
0
-23
-16
23
102
161
177
126
138
152
95
15
-156
-271
-311
-336
-304
-264
-109
128
286
413
426
421
485
393
200
87
49
-53
-227
-264
-183
-160
-219
-248
-241
-226
-160
-102
-25
-2
-82
-100
-121
-47
-36
-83
98
168
176
274
239
130
25
-80
-216
-313
-383
-478
-390
-303
-238
-100
-42
74
97
60
80
92
111
1
89
150
23
87
86
178
248
128
128
16
-135
-136
-198
-261
-306
-356
-302
-214
-106
57
204
302
419
498
493
499
408
211
61
-96
-154
-213
-291
-199
-135
-60
-40
-71
-115
-212
-233
-283
-293
-217
-76
48
205
393
436
444
492
511
362
226
83
-134
-256
-369
-461
-452
-341
-235
-161
-66
85
214
288
370
378
332
123
-118
-162
-163
-55
58
117
272
401
388
372
322
146
66
-61
-259
-315
-309
-245
-201
-210
-46
177
294
371
418
473
436
415
348
217
89
-146
-314
-367
-340
-330
-268
-155
-88
-98
-161
-162
-250
-238
-143
-176
-59
79
200
354
276
267
217
44
-5
-178
-372
-482
-499
-451
-494
-430
-300
-224
-58
-10
-11
111
115
103
64
0
-57
-261
-354
-300
-178
-99
-72
88
214
259
225
133
28
-114
-319
-434
-409
-395
-304
-154
95
252
307
410
376
413
427
366
336
152
101
99
-72
-192
-261
-231
-210
-123
-27
-1
61
3
-26
-30
-44
-46
-61
39
243
381
417
466
441
300
173
63
-64
-222
-318
-341
-402
-348
-265
-151
39
113
209
307
337
347
336
259
132
48
-89
-165
-240
-190
-11
-54
81
237
226
317
157
-96
-219
-355
-416
-390
-327
-228
-34
111
221
411
495
529
448
365
352
160
4
-173
-304
-319
-359
-296
-205
-110
-44
3
22
20
0
-93
-146
-144
-136
-129
-37
92
164
232
289
246
145
21
-53
-173
-361
-467
-549
-505
-394
-239
-42
-16
106
325
342
258
141
124
19
-111
-134
-218
-213
-190
-153
-77
6
144
279
311
194
152
69
-141
-254
-337
-348
-219
-66
49
134
328
478
513
573
436
259
92
-104
-116
-232
-355
-359
-392
-334
-207
-33
88
143
203
250
222
54
-7
-31
-174
-173
-99
-51
46
91
176
289
170
46
-26
-199
-304
-320
-256
-231
-244
-127
18
103
108
158
224
171
125
130
47
-33
-37
-81
-99
-88
-89
9
13
37
228
236
134
78
41
-117
-212
-146
-177
-60
96
236
527
586
567
666
530
295
178
22
-160
-279
-339
-252
-182
-224
-78
75
123
272
334
303
245
111
-19
-117
-175
-222
-227
-133
-111
-66
114
204
222
132
78
-10
-288
-403
-483
-522
-433
-369
-159
-8
140
301
206
202
270
160
-35
-144
-224
-297
-283
-306
-213
-137
-96
42
52
130
194
60
-14
-32
-135
-234
-265
-299
-208
4
132
270
382
397
381
270
136
-8
-193
-340
-437
-491
-418
-230
-114
13
168
252
271
313
313
178
68
-132
-316
-313
-310
-271
-177
-54
61
159
268
303
313
221
30
-65
-130
-269
-335
-264
-210
-100
74
150
293
354
321
337
166
24
-74
-197
-268
-264
-137
-71
54
241
321
341
275
179
128
33
-34
-91
-216
-231
-173
-133
-19
133
288
438
451
363
258
175
86
-118
-222
-191
-199
-219
-153
63
257
455
462
286
109
29
3
-256
-309
-293
-340
-262
-241
-101
135
293
278
211
198
167
156
-28
-197
-261
-426
-390
-415
-503
-320
-164
-61
118
263
245
69
-86
-168
-290
-384
-365
-279
-102
-7
16
119
190
218
165
72
-47
-176
-242
-370
-424
-340
-228
-149
-118
2
184
343
337
255
201
158
121
-7
-120
-221
-308
-187
17
72
228
372
280
232
61
-151
-212
-236
-243
-234
-90
38
62
191
340
392
446
411
328
107
-106
-193
-375
-438
-398
-404
-346
-148
81
274
349
389
506
423
241
132
-13
-84
-126
-163
-127
-80
17
132
243
333
365
296
97
-20
-150
-322
-319
-222
-110
-5
135
260
281
328
462
479
373
227
107
19
-136
-179
-218
-251
-117
-38
-4
85
88
46
88
-46
-214
-215
-251
-240
-192
-71
6
30
94
77
156
146
47
-20
-209
-330
-396
-541
-534
-397
-355
-200
-24
102
236
234
249
217
134
71
-78
-127
-130
-202
-225
-151
-11
64
67
89
86
24
-25
-64
-136
-168
-207
-257
-165
-41
42
180
321
323
312
345
260
111
-24
-156
-197
-262
-261
-164
-119
21
114
168
273
266
177
90
25
-42
-83
-115
-148
-149
-116
-52
16
28
37
155
188
31
-35
-32
-118
-154
-215
-277
-201
-122
-80
-43
47
203
243
194
189
131
7
-97
-94
-67
-126
-120
-4
81
156
176
68
27
7
-68
-69
-66
-45
-48
-86
43
76
48
170
220
252
247
192
186
133
95
58
-49
-122
-213
-218
-57
90
246
350
310
280
299
200
29
-116
-190
-216
-266
-269
-187
-92
-18
68
193
216
188
222
145
62
-46
-155
-157
-279
-291
-184
-135
-10
74
79
145
131
21
-63
-204
-226
-158
-218
-212
-135
-112
-6
19
-21
22
43
58
-26
-56
-25
-144
-219
-257
-227
-98
-78
0
110
124
202
283
193
90
37
-62
-88
-101
-81
-19
47
124
149
207
249
242
100
34
40
-146
-187
-159
-147
-116
-112
0
110
221
346
322
274
265
114
18
-84
-197
-177
-166
-82
-19
37
113
144
101
62
62
-31
-68
-88
-126
-93
-64
-27
31
70
125
201
217
180
125
77
27
-55
-138
-231
-306
-271
-221
-40
110
74
163
273
304
225
143
129
-26
-119
-106
-78
-80
-62
58
97
121
162
95
24
-21
-123
-228
-284
-282
-279
-296
-204
-121
-80
85
179
162
141
86
46
48
-56
-218
-268
-300
-300
-250
-170
-121
-11
149
156
171
43
-46
66
18
-6
-67
-44
60
55
170
177
150
162
67
14
-1
-35
-132
-203
-153
-135
-144
-137
-41
177
263
261
242
219
223
95
-30
-63
-71
-89
-144
-75
27
70
171
125
39
41
16
-6
-101
-172
-130
-115
-100
-27
17
96
190
338
383
257
248
200
97
-12
-199
-309
-312
-305
-252
-130
-100
-73
63
143
133
98
-1
-93
-79
-153
-107
-43
-150
-148
-137
-61
-22
-28
14
-12
-1
-41
-161
-139
-78
-115
-79
37
136
248
355
375
454
485
356
280
182
145
155
128
162
132
88
89
113
122
155
212
161
173
139
22
50
-1
-24
73
34
76
109
58
79
52
1
-66
-151
-283
-310
-284
-405
-412
-370
-368
-313
-335
-279
-177
-118
-112
-206
-243
-267
-235
-249
-318
-277
-294
-272
-247
-287
-302
-261
-258
-351
-278
-216
-175
-189
-266
-190
-127
24
155
165
142
131
219
274
191
-4
-33
-58
-131
-52
-170
-239
2
150
109
-83
-304
-263
-154
-149
-158
-266
-278
-150
-99
-89
-104
-158
-240
-239
-152
-132
-218
-353
-578
-717
-688
-731
-703
-615
-590
-444
-234
-222
-279
-339
-395
-378
-419
-389
-386
-536
-586
-646
-703
-557
-497
-451
-273
-241
-311
-270
-134
-55
0
154
302
401
583
807
1085
1312
1501
1767
1923
2037
2230
2418
2473
2479
2573
2678
2816
2971
3050
3115
3214
3368
3453
3408
3448
3359
3152
3045
3001
2925
2718
2493
2256
2047
1900
1735
1481
1128
756
430
89
-176
-390
-756
-1088
-1416
-1721
-1869
-2048
-2251
-2442
-2576
-2728
-2923
-3068
-3204
-3293
-3495
-3677
-3748
-3891
-3977
-4022
-4080
-4038
-3989
-3999
-3935
-3907
-3808
-3647
-3556
-3453
-3399
-3228
-2999
-2816
-2596
-2485
-2329
-2076
-1935
-1852
-1683
-1498
-1345
-1182
-1055
-898
-799
-635
-404
-267
-64
143
315
525
700
780
894
991
1071
1189
1201
1205
1322
1393
1370
1432
1440
1453
1523
1464
1466
1497
1468
1430
1400
1391
1431
1514
1590
1713
1772
1776
1887
1967
1922
1942
1906
1808
1780
1719
1674
1695
1718
1704
1744
1781
1834
1858
1798
1853
1831
1730
1696
1591
1444
1408
1369
1277
1258
1222
1209
1155
1126
1151
997
877
732
576
605
505
376
364
415
447
420
563
658
737
779
693
765
661
532
567
423
374
389
362
423
475
492
520
484
345
335
316
123
19
-56
-129
-202
-387
-479
-517
-550
-518
-568
-630
-724
-936
-1096
-1271
-1500
-1634
-1728
-1846
-1900
-1947
-2004
-1926
-1881
-1930
-1893
-1856
-1877
-1872
-1952
-2095
-2119
-2120
-2149
-2186
-2158
-1981
-1869
-1782
-1662
-1668
-1606
-1518
-1491
-1521
-1628
-1639
-1595
-1512
-1392
-1202
-973
-858
-790
-743
-657
-552
-570
-607
-673
-782
-780
-692
-676
-717
-652
-535
-412
-287
-266
-189
-134
-163
-161
-220
-258
-284
-338
-341
-274
-148
-65
19
202
324
408
400
384
384
245
248
315
314
395
509
591
701
878
1013
1172
1318
1261
1278
1364
1359
1368
1349
1352
1352
1431
1511
1580
1786
1841
1929
2029
2071
2187
2123
2113
2267
2378
2331
2333
2474
2449
2523
2640
2551
2547
2484
2366
2398
2254
2062
1919
1701
1566
1410
1341
1300
1166
1145
1124
1017
876
739
565
327
119
-4
-86
-277
-414
-460
-546
-595
-635
-673
-686
-752
-889
-974
-1035
-1139
-1253
-1301
-1309
-1430
-1487
-1498
-1455
-1346
-1324
-1267
-1285
-1353
-1356
-1467
-1562
-1597
-1723
-1824
-1871
-1837
-1799
-1896
-1882
-1848
-1805
-1728
-1756
-1727
-1762
-1748
-1703
-1769
-1722
-1672
-1713
-1669
-1550
-1511
-1438
-1374
-1382
-1315
-1334
-1390
-1341
-1302
-1268
-1223
-1217
-1127
-928
-813
-684
-528
-435
-274
-160
-87
18
20
54
122
121
234
316
417
617
669
705
768
877
972
1072
1165
1152
1206
1335
1369
1360
1473
1502
1547
1645
1611
1641
1719
1803
1850
1714
1549
1554
1594
1578
1573
1559
1437
1376
1499
1527
1438
1358
1314
1368
1417
1349
1339
1320
1152
1023
962
924
914
761
675
703
491
389
426
355
280
208
184
87
22
-25
-205
-277
-265
-381
-547
-562
-573
-640
-658
-688
-753
-817
-864
-857
-931
-1021
-978
-1029
-1065
-1097
-1191
-1232
-1276
-1170
-1092
-1102
-1098
-1148
-1174
-1178
-1178
-1150
-1129
-1143
-1146
-1115
-1048
-1030
-1001
-920
-861
-815
-816
-788
-697
-660
-629
-532
-511
-441
-339
-322
-246
-247
-251
-128
-134
-155
-89
-110
-139
-71
18
10
-38
28
130
126
83
145
265
273
210
310
371
256
245
285
336
399
434
439
409
441
508
542
613
605
601
691
637
623
700
670
662
650
622
634
569
546
492
395
412
430
393
322
268
273
296
332
324
279
279
217
207
207
180
220
178
178
221
263
290
308
351
327
300
247
226
214
135
170
162
63
131
218
298
341
352
441
451
495
529
525
434
223
224
310
287
285
283
286
310
349
355
236
207
232
146
103
49
-7
12
-33
-82
-49
-65
-148
-191
-201
-215
-241
-334
-450
-571
-668
-773
-877
-842
-841
-904
-900
-907
-970
-1037
-1074
-1046
-1050
-1141
-1152
-1213
-1336
-1306
-1250
-1166
-1128
-1129
-1055
-1085
-1012
-937
-1036
-1066
-1074
-1082
-1031
-951
-869
-754
-663
-560
-487
-362
-212
-203
-171
-100
-46
-52
44
72
40
135
165
258
327
387
481
527
527
558
639
618
641
699
700
753
789
722
748
865
941
1013
1024
999
1018
1053
939
904
979
920
989
1063
1053
1131
1177
1195
1210
1236
1234
1203
1162
1074
1050
986
946
975
946
898
899
903
770
683
656
651
592
483
459
401
320
236
249
161
77
182
78
-5
-36
-100
-142
-203
-183
-306
-348
-328
-398
-395
-378
-367
-537
-614
-517
-540
-548
-616
-675
-649
-700
-696
-703
-756
-773
-829
-821
-857
-917
-932
-1014
-1038
-1113
-1136
-1095
-1117
-1046
-1046
-1058
-999
-1027
-1060
-1090
-1176
-1215
-1127
-1065
-1050
-1025
-1006
-1002
-968
-897
-894
-890
-898
-913
-888
-894
-867
-872
-877
-725
-669
-622
-485
-439
-362
-254
-181
-154
-155
-156
-137
-82
22
117
163
202
279
441
574
645
623
650
696
679
770
819
805
879
972
1042
1139
1215
1331
1430
1333
1332
1430
1301
1208
1302
1241
1224
1388
1372
1367
1489
1472
1417
1464
1438
1336
1326
1365
1374
1262
1142
1155
1113
1118
1145
996
972
1015
977
875
719
639
529
333
212
197
183
138
97
65
11
0
-38
-88
-205
-339
-320
-357
-502
-637
-677
-680
-787
-911
-875
-830
-885
-876
-822
-810
-854
-886
-948
-975
-963
-1041
-989
-926
-940
-806
-780
-831
-903
-986
-925
-928
-927
-874
-866
-843
-871
-991
-987
-979
-1032
-923
-896
-948
-879
-824
-860
-846
-840
-841
-647
-618
-656
-624
-640
-574
-614
-625
-559
-570
-562
-490
-408
-340
-273
-311
-349
-293
-265
-210
-166
-128
-84
-18
32
31
50
41
92
149
114
133
239
245
192
246
296
334
397
455
546
608
617
685
762
724
748
792
790
847
880
952
968
947
1020
1021
1015
997
920
904
919
965
1007
969
959
956
897
924
938
918
884
915
976
853
737
771
817
757
658
670
724
759
715
632
606
568
512
514
501
443
424
379
411
413
315
298
249
173
116
45
-8
-97
-141
-200
-277
-308
-419
-441
-436
-539
-552
-540
-705
-785
-762
-882
-909
-983
-970
-851
-878
-847
-916
-965
-898
-915
-989
-1046
-985
-1000
-1057
-1019
-1049
-1039
-993
-908
-818
-849
-826
-766
-744
-715
-702
-799
-904
-827
-747
-740
-697
-616
-551
-470
-385
-349
-346
-363
-303
-293
-291
-263
-336
-376
-385
-331
-274
-174
-102
-134
-103
-125
-168
-132
-32
-35
-79
-70
5
99
95
115
122
216
330
269
295
360
288
232
245
322
402
402
439
585
607
567
663
734
807
839
744
735
764
785
817
843
910
857
853
1015
1036
1021
1026
1001
983
937
953
909
825
920
878
822
911
925
976
930
856
877
884
888
795
686
665
628
649
560
432
505
448
326
280
262
239
139
70
15
-44
-55
-90
-144
-150
-244
-325
-314
-344
-396
-535
-571
-493
-542
-644
-702
-714
-778
-838
-866
-903
-939
-987
-941
-887
-877
-883
-926
-960
-1000
-980
-969
-1100
-1110
-1065
-1056
-1030
-1114
-1134
-1128
-1135
-1092
-1038
-1026
-1082
-1061
-1007
-1002
-921
-801
-776
-747
-701
-618
-517
-477
-427
-387
-354
-286
-193
-175
-206
-162
-111
-75
-35
7
106
128
111
173
231
296
328
433
534
528
608
594
617
776
807
771
796
858
746
671
783
798
806
849
841
888
898
929
1015
1006
1005
1039
1059
1017
944
891
936
930
813
830
788
701
690
624
644
598
557
578
501
448
353
317
338
299
263
232
209
252
276
224
175
109
22
-89
-151
-123
-150
-220
-275
-212
-167
-251
-300
-291
-249
-284
-319
-345
-370
-363
-400
-362
-409
-483
-383
-414
-442
-410
-462
-438
-477
-549
-646
-655
-618
-664
-668
-743
-649
-598
-611
-425
-425
-461
-409
-397
-390
-430
-394
-349
-441
-498
-505
-536
-512
-486
-453
-433
-423
-401
-420
-419
-478
-446
-319
-346
-343
-283
-230
-149
-119
-103
-15
-6
2
65
-37
-69
0
0
-43
-53
72
159
93
100
240
308
296
306
312
364
421
386
448
545
502
536
481
406
479
445
447
404
327
393
411
358
387
382
329
401
493
537
606
626
564
555
628
662
673
637
567
605
580
533
557
483
493
449
344
367
282
240
311
342
358
275
236
295
321
336
326
321
269
251
275
188
56
-4
-44
-104
-55
-95
-239
-310
-324
-267
-285
-322
-284
-360
-366
-315
-352
-300
-333
-352
-345
-419
-421
-393
-343
-396
-511
-536
-544
-658
-757
-701
-767
-781
-721
-782
-708
-761
-785
-636
-664
-644
-600
-609
-573
-554
-565
-550
-534
-520
-515
-584
-636
-691
-686
-632
-604
-543
-527
-519
-357
-255
-259
-207
-181
-97
-106
-128
21
70
118
142
45
57
102
39
72
108
85
205
175
154
262
264
384
421
390
522
534
564
638
684
767
773
758
759
795
796
666
615
636
626
711
688
647
661
642
577
542
612
594
655
688
688
787
766
776
757
700
720
633
564
526
503
418
297
316
330
226
107
183
270
196
122
143
209
266
174
150
255
206
155
117
152
121
71
135
-6
-150
-164
-218
-306
-372
-435
-490
-447
-493
-536
-486
-442
-374
-332
-322
-320
-333
-365
-386
-466
-584
-629
-610
-568
-627
-695
-700
-774
-792
-745
-737
-741
-753
-725
-696
-790
-737
-561
-607
-638
-639
-595
-518
-518
-580
-615
-516
-519
-558
-567
-663
-718
-728
-730
-725
-694
-570
-477
-440
-391
-297
-216
-209
-144
-81
-25
82
181
210
152
90
41
99
172
118
120
133
144
157
229
337
340
486
584
585
672
701
724
800
875
848
839
871
838
819
825
777
752
756
654
611
622
634
701
647
608
695
711
784
854
818
828
825
778
795
759
666
623
529
434
343
283
320
318
200
117
147
165
177
185
144
128
124
158
159
104
48
33
36
-35
-101
-195
-263
-294
-346
-311
-331
-428
-448
-437
-449
-472
-492
-430
-365
-393
-436
-405
-347
-376
-337
-329
-396
-406
-528
-610
-587
-614
-643
-706
-725
-754
-730
-613
-661
-709
-664
-602
-554
-555
-554
-508
-372
-297
-243
-207
-272
-364
-382
-335
-325
-292
-343
-347
-296
-320
-297
-282
-218
-148
-145
-133
-129
-121
-49
79
80
104
202
114
117
207
162
169
164
150
143
107
159
136
125
213
214
156
103
144
280
331
357
439
556
585
531
518
513
533
456
393
425
394
357
309
309
316
300
350
394
460
478
434
413
338
316
398
410
391
371
362
370
362
419
382
312
335
212
143
111
25
95
34
-16
17
-19
-32
1
75
47
66
183
140
63
66
-19
-84
-204
-229
-167
-248
-246
-299
-254
-230
-326
-281
-317
-335
-288
-228
-197
-175
-187
-178
-109
-181
-118
-94
-134
-125
-224
-230
-299
-343
-286
-333
-398
-424
-435
-480
-442
-458
-437
-317
-368
-318
-254
-269
-200
-175
-125
-120
-152
-178
-245
-192
-201
-275
-272
-267
-306
-329
-312
-307
-237
-273
-309
-217
-207
-143
-103
-90
-66
-95
-38
34
94
122
99
53
79
131
83
53
57
17
13
53
119
196
106
77
221
275
312
396
458
476
565
556
499
527
487
483
477
450
443
411
368
395
367
352
430
388
369
405
406
459
511
506
511
422
431
519
464
495
482
386
339
256
204
231
189
101
91
56
105
102
3
56
35
19
53
51
49
-11
-47
-29
-73
-135
-144
-188
-271
-274
-210
-235
-274
-298
-323
-354
-427
-491
-506
-480
-487
-496
-434
-432
-429
-408
-421
-433
-456
-417
-465
-432
-359
-412
-414
-419
-369
-379
-431
-409
-398
-389
-354
-315
-353
-356
-314
-308
-280
-257
-253
-188
-160
-214
-184
-143
-132
-124
-196
-172
-117
-93
-57
-106
-79
-27
-20
-26
-48
-12
20
1
-2
8
51
170
204
159
152
130
140
148
163
191
165
262
286
230
291
336
367
312
250
283
326
356
328
312
295
239
288
327
301
354
353
290
303
283
281
290
276
285
328
374
292
232
284
275
245
262
252
223
171
179
203
186
187
204
275
202
152
220
131
121
185
138
21
-27
35
2
-55
-107
-117
-55
-49
-93
-136
-102
-131
-129
-160
-217
-224
-269
-162
-214
-297
-209
-204
-155
-156
-175
-180
-233
-269
-341
-253
-262
-356
-297
-355
-324
-263
-333
-248
-131
-181
-244
-229
-188
-228
-263
-187
-206
-211
-159
-179
-184
-214
-205
-138
-137
-163
-128
-120
-123
-126
-122
-125
-142
-76
-58
-30
-6
4
48
103
220
213
127
123
123
120
121
171
18
-135
73
95
-106
-52
131
36
-27
-10
-11
165
159
-19
50
202
115
119
323
260
85
298
346
92
295
357
-1
102
341
116
21
171
73
93
231
167
92
104
141
105
189
274
158
186
278
207
172
156
124
164
122
40
46
77
113
13
-76
67
73
-47
10
64
29
56
85
84
144
144
124
88
70
76
-3
-10
-23
-61
5
-85
-159
-36
-51
-141
-156
-123
-105
-173
-137
-14
-78
-63
46
18
48
-10
-136
-85
-118
-146
-123
-172
-160
-229
-272
-214
-210
-248
-312
-317
-302
-240
-203
-223
-183
-201
-184
-183
-152
-123
-226
-284
-266
-240
-285
-251
-288
-319
-236
-288
-257
-238
-274
-283
-237
-124
-141
-118
-63
-79
-161
-136
-51
-58
-12
-30
35
22
-85
-21
-6
13
-13
-12
17
5
88
26
-15
61
135
190
192
227
264
369
416
367
352
398
347
291
333
363
356
304
289
280
316
344
338
379
373
297
374
421
392
410
369
410
317
221
341
373
362
345
284
292
287
204
177
126
122
145
85
112
81
16
17
8
44
59
58
77
63
81
8
-35
-17
-89
-87
-73
-117
-116
-83
-163
-156
-151
-269
-261
-303
-285
-262
-345
-292
-277
-263
-191
-219
-219
-176
-227
-302
-264
-221
-217
-207
-198
-238
-287
-287
-269
-330
-428
-382
-307
-291
-287
-332
-335
-208
-160
-186
-220
-294
-228
-192
-241
-242
-217
-142
-171
-224
-181
-148
-200
-216
-161
-203
-232
-219
-172
-108
-161
-176
-131
-150
-127
-23
24
-7
-7
73
92
87
83
77
151
172
145
100
83
171
215
149
107
175
149
104
168
197
236
187
224
307
194
278
402
303
341
394
246
277
303
222
266
230
204
242
286
307
260
183
212
265
235
181
131
180
230
254
232
172
157
141
242
222
62
124
109
49
89
108
127
3
-32
55
-34
-84
-27
8
-35
-78
-59
-56
-93
-130
-7
4
-10
29
-44
17
30
-46
-57
-80
-71
-71
-125
-153
-128
-173
-225
-256
-189
-122
-115
-49
-102
-130
-192
-157
-19
-86
-118
-86
-110
-205
-192
-110
-141
-163
-148
-170
-212
-260
-280
-227
-207
-271
-270
-193
-103
-30
-39
5
2
-102
-50
-47
-103
-112
-110
-78
-50
-90
-146
-122
-85
-93
-115
-87
-136
-89
-39
-142
-85
-35
-14
20
-68
-64
2
12
44
31
-31
24
13
-62
18
-18
-59
-12
-11
65
39
-2
29
-1
74
170
183
142
139
184
164
177
204
233
180
127
157
174
171
69
60
94
115
75
45
192
155
194
222
137
197
92
98
115
76
183
168
107
59
125
157
118
103
61
74
57
77
79
86
100
52
35
35
62
74
94
81
28
-52
-95
-13
-1
-7
-35
-81
-39
-50
-75
-68
-54
-69
-43
-17
-25
-13
-65
-55
-59
-138
-149
-163
-171
-108
-86
-111
-120
-129
-161
-105
-61
-139
-105
-114
-163
-200
-194
-127
-199
-159
-123
-162
-148
-169
-118
-17
4
-5
20
-74
-117
-52
-65
-30
33
-21
-37
-56
-60
-34
-87
-19
-54
-49
-30
-83
-24
2
135
169
76
114
168
38
-54
63
80
15
-44
-53
50
29
24
123
67
38
128
137
111
113
112
73
46
85
111
178
237
224
190
100
117
161
146
115
113
139
52
45
5
-2
83
94
94
66
73
53
33
67
40
0
31
58
39
29
59
84
16
42
100
-22
-109
-58
-58
-124
-51
-97
-162
-110
-120
-48
-19
-41
-41
-14
32
2
2
-15
-38
-58
-106
-117
-209
-141
-40
-97
-113
-167
-139
-92
-78
-19
-41
-75
-59
-62
-73
-89
-89
-35
-5
-53
-32
-23
-43
-16
-82
-111
-38
-69
-119
-62
-95
-108
-49
-54
-54
-11
20
6
27
-24
-77
-38
-52
-27
-5
8
-20
-45
66
54
9
37
0
-26
-72
-116
-108
-13
72
70
83
28
17
46
60
61
76
63
11
77
73
46
50
-1
3
91
89
-5
38
72
23
68
120
122
160
184
173
205
171
128
84
68
170
154
120
158
179
183
208
195
141
93
93
76
8
118
160
110
107
76
114
124
59
27
22
-48
-12
94
60
17
27
28
28
9
-18
29
83
-33
-71
-35
-112
-61
-34
-65
-90
-118
-89
-105
-46
-40
-116
-83
-36
-12
-64
-159
-199
-198
-159
-183
-182
-140
-189
-207
-160
-108
-76
-110
-124
-96
-104
-144
-175
-101
-126
-202
-154
-145
-59
-30
-131
-112
-69
-97
-93
-62
-80
-69
-43
-97
-138
-100
-68
-65
-26
16
-47
-109
-37
36
-2
-81
-73
-43
-13
33
117
123
125
103
-16
66
86
50
57
56
149
108
46
94
89
61
90
136
122
148
192
136
130
60
88
203
112
156
192
94
105
116
102
177
162
119
150
101
112
93
21
-12
37
39
8
63
56
81
98
71
51
63
26
61
97
-21
-19
-56
-66
50
4
11
48
-58
-93
-58
-75
-76
-113
-107
-41
-102
-74
19
-21
-91
-33
-5
-90
-110
-64
-34
-38
-19
-56
-92
-46
-58
-91
-139
-127
-69
-166
-153
-59
-41
-43
-92
-50
-30
-73
-60
-56
-47
-56
-94
-38
-22
-64
-10
-45
-61
37
49
11
-57
-90
62
107
21
40
53
82
94
39
-44
-28
3
37
119
20
41
102
12
47
32
81
153
5
-62
8
5
1
18
-37
16
62
-3
32
112
131
46
33
64
4
-12
-42
-15
7
6
104
82
37
31
-2
49
59
62
56
37
94
68
16
37
0
-15
-6
-23
-18
-30
-33
-56
-61
-9
-27
-3
112
112
46
27
56
22
10
67
19
-25
-8
15
8
73
57
-46
-30
-70
-71
-34
18
9
-44
-25
-39
11
4
-63
-55
-33
18
-7
-96
-96
-47
-33
-50
-54
-57
-37
-3
-85
-128
-61
-65
-28
-49
-61
-46
-88
-13
-54
-135
-41
14
23
45
4
61
47
-85
-119
-122
-55
-42
-38
11
-25
-62
-75
-16
-37
-112
-70
-62
-33
40
75
1
-80
6
44
2
-11
-16
8
-21
-16
79
47
7
90
83
62
43
0
29
-3
-27
12
1
-3
59
101
137
138
31
37
61
30
69
66
82
28
-8
98
107
93
80
6
33
74
19
37
87
88
109
136
34
-76
37
43
54
76
-10
-10
-20
28
5
-4
42
18
-34
-30
52
24
17
-8
-76
-75
-30
-25
-81
-57
-51
15
62
-49
-75
-33
-71
-68
-87
-164
-119
-65
-90
-67
2
23
-38
-61
-8
-72
-110
-52
-56
-54
-18
-41
-119
-82
-69
-36
-43
-157
-97
-83
-127
-14
49
-30
-36
-25
-39
-17
-68
-118
-69
-18
-24
-15
2
11
-48
-70
-61
-69
-40
-55
-38
-12
8
29
81
130
74
25
85
171
138
104
58
62
127
80
10
1
80
95
55
67
38
24
91
95
48
42
30
15
26
46
53
22
-30
-4
25
41
69
50
79
87
10
19
17
63
82
10
45
69
74
9
99
165
43
66
39
57
97
108
120
79
92
68
75
45
50
174
119
18
67
73
7
19
31
0
-36
-60
-32
-46
-10
35
55
65
35
99
165
120
69
90
83
80
98
99
101
117
84
-13
73
130
89
58
-2
41
30
-131
-182
-98
-131
-186
-181
-202
-264
-296
-280
-282
-323
-389
-351
-415
-559
-595
-581
-485
-445
-556
-652
-612
-493
-458
-536
-463
-392
-450
-507
-538
-372
-153
-121
-232
-244
-67
40
-1
-19
76
114
108
167
193
257
328
260
212
220
260
347
291
248
298
251
204
218
341
355
222
213
214
270
274
154
221
254
129
171
233
179
174
139
186
235
128
174
228
221
236
199
164
158
209
280
284
245
206
159
197
227
217
259
267
235
113
-2
167
244
104
173
172
183
188
84
223
269
263
235
136
206
234
189
201
180
150
219
289
258
146
152
269
268
228
207
171
238
233
111
159
148
90
83
57
173
136
-31
-104
-142
-140
-164
-81
-79
-269
-409
-514
-580
-615
-540
-507
-635
-776
-981
-1035
-906
-847
-823
-854
-886
-1031
-1187
-1138
-1047
-837
-772
-947
-979
-815
-729
-727
-609
-442
-268
-228
-271
-210
-102
40
130
64
78
337
450
346
278
335
465
489
503
482
417
368
267
254
280
320
434
437
258
132
187
268
304
173
52
165
194
133
106
27
71
285
384
330
165
107
219
269
354
425
505
455
179
104
284
558
632
332
144
216
429
572
496
434
385
332
283
371
551
544
383
164
177
409
581
527
342
220
253
469
519
495
394
94
58
297
552
632
456
205
150
174
288
611
802
763
487
236
363
653
789
655
589
809
834
531
422
760
1014
624
-7
10
630
839
47
-817
-781
-575
-998
-1503
-1120
-242
-512
-2468
-4055
-3365
-1667
-1112
-2018
-2841
-2767
-3079
-4025
-4075
-2492
-700
-1034
-3133
-4172
-3032
-1385
-931
-1345
-1305
-583
-404
-963
-1087
-230
693
584
209
668
1573
1728
851
207
609
1545
2134
2060
1715
1268
706
390
800
1483
1684
1381
857
589
334
91
283
737
1132
948
358
120
249
314
124
78
772
1373
1099
323
-173
212
814
1037
1064
1157
1214
798
87
-58
595
1337
1532
1075
332
-66
-32
173
546
775
690
367
-243
-851
-982
-545
334
818
201
-715
-1161
-1022
-629
-332
35
374
306
-388
-1103
-939
62
964
923
441
243
271
253
61
280
1167
1894
1846
1148
582
632
1106
1530
1666
1875
2005
1850
1400
719
623
1292
1905
1892
1259
928
1297
1359
400
-783
-591
906
1773
853
-681
-1517
-1996
-2864
-3322
-1542
1418
1635
-2366
-6966
-7515
-4038
-665
-228
-1582
-2857
-4759
-7399
-8112
-4854
328
1942
-1921
-6392
-6796
-3793
-1290
-1022
-887
-53
55
-1316
-2481
-1473
511
1378
765
774
2225
2839
1402
-648
-666
1503
3617
4003
2779
1269
123
-415
-18
1266
2409
2299
1056
-320
-839
-494
50
518
793
664
295
54
-192
-671
-1063
-689
653
2013
2063
656
-757
-853
211
1465
2355
2808
2567
1571
365
-130
836
2552
3557
3445
2544
1390
524
298
793
1805
2880
3366
2540
302
-2086
-2652
-604
2204
3080
1286
-1421
-3079
-3205
-2387
-1042
670
1502
64
-2945
-4610
-3213
-391
1025
282
-836
-894
-539
-967
-1525
-602
1443
2639
1894
297
-158
670
1404
1566
1961
2746
2870
1546
-90
-5
1609
2969
2653
1312
561
437
499
490
652
1159
1370
784
-329
-948
-761
-207
192
128
78
350
359
-618
-2066
-2147
-435
1170
1138
-103
-987
-1446
-2814
-4852
-4596
-136
4351
2944
-4132
-10143
-9411
-4132
-88
736
-50
-2118
-6943
-12331
-12090
-4245
4156
4194
-3695
-10475
-9912
-4844
-1316
-381
274
1040
-181
-2997
-3567
-752
2304
2635
1661
2628
5039
5312
2288
-397
723
4540
7320
7203
5455
3327
1231
43
1055
4007
6090
5187
1958
-777
-1158
4
1041
1188
1032
753
98
-810
-1743
-2362
-2273
-1262
242
1266
946
-560
-2059
-2411
-1300
610
2438
3410
2900
1105
-841
-1508
11
3125
5764
5799
3090
168
-599
726
2527
3770
4712
4976
3159
-585
-3199
-1710
2561
4916
3118
-346
-2012
-1737
-1860
-2317
-1158
1212
1924
-667
-4139
-4912
-2827
-845
-761
-1240
-907
-505
-1407
-3037
-3109
-935
1473
1883
396
-826
-441
757
1336
1057
1094
1936
2481
1661
443
541
1726
2562
2024
836
480
905
979
365
22
610
1276
660
-900
-1687
-798
651
769
-353
-979
-441
-78
-1024
-2000
-1296
279
517
-413
-445
-211
-2568
-7101
-7740
-473
7757
5936
-5941
-15165
-12296
-3029
1976
1201
-329
-2121
-8578
-17060
-16074
-2411
10012
6763
-8094
-16944
-11688
-1943
1402
-454
-565
974
-716
-4246
-3399
2117
4986
2154
-113
3647
9344
8463
1668
-1993
1797
8298
10567
8435
6162
4819
2639
282
1398
6338
9775
7265
1067
-2623
-1044
2337
3239
1479
-253
-200
502
136
-1224
-2603
-2914
-1573
524
1593
584
-1413
-2429
-1867
-689
406
1865
3352
3111
344
-2407
-1447
2766
5838
5043
2126
434
1022
2477
3367
3441
2915
2279
2110
2283
2101
1269
679
1092
1409
460
-857
-622
759
473
-2030
-3771
-2632
-371
-351
-2819
-4423
-3347
-1724
-2039
-3642
-3961
-2436
-1156
-1631
-2909
-2861
-1258
-97
-496
-1371
-985
585
1475
538
-725
-19
2088
2963
1689
205
499
1997
2208
722
-145
567
1715
1510
-94
-1157
-942
-241
-151
-671
-818
-359
-131
-1034
-2242
-2132
-569
884
799
-76
-379
-410
-1073
-1640
-567
1571
2532
1737
1273
925
-2612
-7916
-7531
2408
12646
9408
-6449
-18575
-14874
-2163
5177
4141
1267
-2175
-10759
-20730
-18865
-1548
14415
10599
-8658
-21710
-16725
-3461
3654
3180
1792
765
-3266
-7409
-4723
3728
8371
4668
512
3787
9892
8898
1228
-2280
3906
12553
13986
8984
5060
4380
3415
1411
2803
8915
13083
8801
-837
-6048
-2685
3773
6164
3359
-376
-2340
-2980
-3113
-2927
-2293
-1700
-1203
-625
-940
-3078
-5603
-5425
-2037
1314
1809
385
-374
-284
-1153
-2546
-918
4439
8438
6217
-348
-3944
-664
5373
7992
5955
2883
1499
1080
591
810
2885
5301
4776
798
-3302
-3873
-1180
1217
968
-1116
-2571
-2681
-2851
-3962
-5104
-4555
-2635
-1515
-2478
-4686
-5853
-4951
-3397
-2636
-2464
-1956
-1144
-1357
-2822
-3629
-1989
1193
2911
1763
-574
-1384
21
1792
2355
2171
2515
3122
2492
708
-248
983
2956
3360
2092
899
909
949
219
-266
490
1980
2456
1204
-511
-1301
-1039
-128
1102
2362
2517
1002
-890
-1892
-1452
-129
1143
2007
2279
2132
1025
-2313
-7199
-8935
-2788
7755
11606
2133
-12714
-18400
-10833
518
5400
3925
205
-6290
-15828
-20810
-11752
6257
14752
3991
-14391
-20854
-11433
854
5152
2954
732
-883
-3915
-5456
-1846
4251
6471
4232
3258
5985
7772
4651
345
1267
7240
11880
10995
7185
4543
3003
1549
1904
5993
10824
10073
2756
-4362
-4516
1009
5052
3985
621
-1342
-2232
-3920
-5370
-4356
-1498
287
-505
-2644
-4226
-5020
-5035
-3482
-715
1341
1215
-248
-1392
-1856
-1804
-500
2825
6301
6271
2453
-939
-148
3579
6221
6022
4746
4321
3789
2000
138
418
3200
5594
4708
1058
-2253
-2873
-1577
-655
-801
-1127
-1233
-2047
-4489
-7104
-7246
-4495
-1482
-1325
-4102
-6852
-7234
-5616
-3621
-2304
-1443
-1122
-2110
-4103
-5067
-3042
970
3741
3310
852
-970
-805
770
2553
4017
5054
5008
3160
441
-607
1218
4419
6218
4836
1749
-332
-416
700
1650
2257
2805
2554
529
-2404
-3558
-1393
2343
4127
2357
-1200
-3383
-2830
-676
1304
2500
2962
1733
-976
-3092
-2600
656
3758
4535
3475
1359
-2315
-7203
-8518
-1582
9510
12721
1687
-13932
-18658
-9328
2616
6546
3661
-910
-7464
-16701
-21116
-11557
6611
14729
2925
-16257
-22639
-12354
926
5738
3766
1124
-1272
-4796
-6482
-2409
4629
7862
6054
4475
5785
6435
3400
419
2986
9386
12916
10612
6215
3562
1907
221
958
5972
11008
9354
816
-6420
-5764
-70
3343
1839
-842
-1579
-2318
-5109
-7561
-6428
-2367
555
110
-2113
-4229
-5674
-5857
-3659
385
3506
3537
1339
-698
-1957
-2267
59
5610
10625
9593
2582
-3177
-1593
5059
9702
9162
6135
3399
900
-1082
-503
3163
6747
5900
816
-3753
-4762
-2915
-1091
-736
-1108
-2047
-3641
-5509
-6675
-6364
-4988
-3575
-2924
-3249
-4403
-5707
-5985
-4629
-2225
-276
-37
-1267
-2578
-2449
-535
1962
3538
3304
1893
1021
1529
2906
4129
4565
4424
4103
3597
3017
2800
3106
3628
3700
3137
2429
1865
1532
1125
530
358
769
1186
1033
53
-1045
-1377
-890
-85
502
695
33
-1444
-2482
-1796
500
2033
1018
-1184
-2297
-1586
161
2217
3466
1540
-4420
-10040
-7731
3044
11445
6762
-8160
-18689
-15196
-3345
5244
6007
1362
-6662
-16592
-21804
-14057
3280
13618
5315
-13308
-22846
-15425
-1819
5052
4002
900
-1717
-5282
-7761
-4042
4405
9046
5887
1242
2411
6883
6708
1391
-536
5686
13599
14084
7143
1043
703
3218
4826
6278
8692
9247
4494
-3195
-6249
-1722
5100
7045
2639
-3088
-5577
-4782
-2952
-1458
-417
-281
-1307
-2663
-3374
-3304
-2839
-1804
-22
1652
1937
962
242
218
487
996
2531
5641
7811
5884
870
-2203
373
6214
9615
7725
2917
-394
-650
970
3043
4797
5197
2694
-2202
-5841
-4748
-29
3188
1138
-3919
-6596
-5182
-2847
-2973
-4591
-4480
-2482
-1687
-3916
-6910
-6967
-3660
-72
828
-687
-2276
-2815
-2552
-1689
451
3659
5481
3826
-432
-3197
-1134
3957
7439
6494
3042
978
1037
1648
1881
2770
4641
5242
2889
-845
-2462
-918
1487
2336
1528
410
-634
-2006
-3249
-2737
-262
1734
990
-1938
-4039
-3430
-1409
191
616
348
-146
-1371
-2410
-1971
-331
1398
2402
2406
357
-4601
-9079
-6630
3241
10867
6084
-8010
-17150
-13083
-2393
3661
2931
-33
-4573
-12993
-20446
-16074
446
12831
6688
-11304
-21349
-14746
-2074
3595
2266
1113
1047
-2200
-6705
-5415
2567
9201
8173
4045
4035
6642
5834
1850
1650
8088
14318
13236
6864
2556
3114
4693
5137
6541
9286
9563
4457
-2208
-3912
207
4595
4421
1001
-1569
-2171
-2562
-3743
-4230
-2848
-880
0
-727
-2699
-4883
-5628
-3938
-517
2226
2283
302
-1641
-2128
-1087
1011
3656
5634
5497
2939
-84
-463
2440
6015
7124
5144
2178
707
1213
2270
3001
3282
2968
1838
-364
-2403
-2444
-657
593
-633
-3282
-4525
-3708
-3221
-4222
-5116
-3901
-1567
-1683
-5018
-7891
-6418
-1721
1201
-299
-3630
-4655
-2992
-1188
-293
888
2709
3242
1132
-1511
-1229
2089
5069
5054
2967
1520
1611
1978
1832
2000
3066
4026
3251
1075
-600
-577
741
1722
1574
676
-501
-1655
-2229
-1658
-94
1173
643
-1442
-3080
-2614
-718
688
734
128
-120
-198
-790
-1382
-928
348
1399
1987
2330
1297
-2732
-8000
-8287
-234
9427
9342
-2917
-16160
-17911
-8119
2677
6261
2976
-4167
-13494
-20770
-18208
-3808
10848
10748
-4421
-18853
-18860
-7494
2696
5781
4796
2669
-1448
-6245
-5860
1763
9708
10396
5976
4358
6901
7445
3381
995
6059
13844
15160
8923
2703
1904
3696
4011
4468
7783
10623
7115
-1553
-7052
-4214
2694
5737
3003
-1071
-3216
-4234
-5443
-5420
-2605
662
994
-1853
-4668
-4994
-3859
-2668
-1528
278
2208
2272
390
-1839
-2459
-589
2721
5751
6698
4991
1463
-1594
-1153
3065
7742
8897
5487
384
-2351
-996
2652
5463
5499
2711
-1092
-3412
-2804
-393
1298
597
-1820
-3530
-3688
-3361
-3811
-4631
-4164
-2440
-1366
-2778
-5733
-6970
-4903
-1486
-91
-1381
-3051
-3252
-2424
-1841
-997
1121
3279
2914
-214
-2452
-585
3633
5869
4442
1829
960
1647
1969
1859
2643
3895
3769
1565
-785
-959
715
2122
2033
1040
10
-843
-1453
-1492
-511
745
970
-102
-1686
-2203
-890
1019
1577
343
-1334
-1563
-281
750
1225
2063
2560
-140
-6343
-9787
-3938
7516
11555
1276
-13653
-18082
-9252
1444
4415
1713
-1713
-7376
-16858
-21928
-12476
6185
14538
2167
-17782
-24068
-12609
2115
7260
4010
-160
-3017
-5374
-5050
257
6943
8375
4906
3519
6833
9019
5481
1066
3257
10771
15041
11968
6274
3642
3412
2930
3471
7466
11716
9437
750
-6017
-4136
3015
6704
3930
-934
-3319
-3647
-3847
-3552
-1944
-465
-1072
-2947
-3700
-2854
-2446
-3193
-3061
-841
1568
1515
-441
-1768
-1549
-417
1328
3982
6273
5321
682
-3288
-1615
4951
9937
8343
2323
-2007
-1560
1410
3430
4045
4374
3585
26
-4392
-5370
-1408
3411
3421
-1433
-5956
-6049
-3190
-1612
-2562
-3912
-3901
-3087
-3072
-4059
-4630
-4334
-3425
-2360
-1464
-759
-1080
-2236
-2953
-2087
502
3004
3565
1818
-710
-1508
329
3310
5078
4470
2600
1273
1163
1848
2620
3188
3552
3466
2422
665
-454
-92
1125
1857
1445
748
462
110
-987
-2270
-1844
675
2894
2357
-374
-2535
-2529
-1324
-201
898
1687
1168
-525
-1479
-833
-1200
-4334
-6318
-2151
5441
6843
-2141
-13287
-15468
-7992
7
2382
1020
-1854
-8555
-18291
-21175
-9827
7346
12298
-757
-17178
-20567
-10670
196
4273
4277
3136
-819
-6918
-8424
-1324
8163
10960
6975
3708
4552
5552
3786
3052
7210
12762
13325
8682
4611
4036
4560
4217
5051
8722
11111
7337
-595
-5312
-2620
3664
6989
4765
-780
-5597
-6992
-4886
-1340
619
-402
-2645
-4412
-5640
-6058
-4522
-1055
1584
743
-2476
-3974
-2109
342
778
145
1354
4448
5725
3129
-836
-1620
2207
7220
9235
7027
2818
-287
-881
1113
4897
8122
7781
3010
-3169
-5525
-1847
3805
5428
1670
-3259
-5028
-3926
-2839
-2815
-2562
-1738
-2008
-3821
-5476
-5247
-3796
-2984
-2985
-2615
-1497
-1054
-2062
-3332
-3248
-1204
1609
3348
2775
590
-871
-252
1902
3625
3781
3066
2659
2397
1500
546
776
2471
3908
3294
1076
-652
-934
-583
-296
-85
388
653
-202
-1927
-3352
-3550
-2302
-245
1123
575
-1778
-4105
-4141
-1920
389
974
-99
-1623
-2493
-1929
91
1900
670
-3772
-6825
-3638
3430
6168
707
-7526
-10416
-6669
-1665
707
1691
1304
-3622
-11882
-15492
-8165
4154
8133
-392
-11265
-12978
-6294
-334
572
-112
642
726
-1859
-3887
-1412
3338
5167
3483
2522
4682
6576
5026
2306
2438
6013
9457
9580
7335
4899
3328
3141
4587
7158
8231
6081
2414
284
896
2510
3238
2843
1767
247
-1450
-2311
-1530
-217
192
-692
-2142
-3030
-2986
-2163
-1135
-696
-1270
-2026
-1675
-300
545
-60
-956
-341
1548
2658
1995
813
804
1688
2379
2669
2901
3190
2915
1830
906
1168
2182
2697
2182
1088
119
-414
-518
-320
-307
-937
-1826
-2167
-1830
-1735
-2567
-3857
-4270
-3173
-1717
-1503
-2953
-4539
-4620
-3116
-1295
-602
-1128
-1949
-2120
-1623
-774
304
1234
1618
1264
573
304
763
1412
1966
2662
3298
3074
1744
440
391
1852
3470
3858
2943
1158
-578
-1234
-38
2257
3504
2493
155
-1480
-1567
-680
454
1283
917
-350
-660
725
1156
-2876
-8789
-8515
600
9514
7157
-5295
-15042
-13539
-5683
-71
2247
3734
1126
-9839
-22123
-21076
-4277
11348
9190
-6578
-17714
-15278
-7219
-2873
-925
2638
4078
-1766
-9648
-9016
158
6713
4426
201
2270
7268
6601
952
-662
4938
10604
10196
6891
6557
7846
5641
1230
1532
8019
12982
10312
3170
-1001
362
3075
3847
4115
4857
3991
434
-3274
-3705
-953
1582
1837
472
-1129
-2566
-3647
-3022
-855
819
685
-652
-1296
-899
-783
-1185
-691
1360
3166
2672
444
-921
257
2509
3392
2669
2020
2423
2688
1667
347
601
2382
3337
2049
-10
-592
366
637
-652
-1634
-727
775
146
-2703
-4743
-3867
-1431
-421
-1959
-3761
-3619
-2514
-2544
-3882
-4307
-2497
-211
4
-2137
-4078
-3646
-1433
565
1111
811
609
247
-539
-807
638
3368
4889
3361
216
-1197
699
3657
4428
2810
1245
1259
1670
1090
371
995
2359
2286
548
-706
-581
-315
-1088
-2087
-1453
454
1774
1471
-1110
-5541
-9314
-8122
-292
7622
6689
-3683
-13734
-14480
-7988
-1576
2129
4684
3411
-6290
-19151
-21101
-6687
10158
11840
-1282
-13063
-13291
-7684
-4293
-1698
3840
7399
1884
-8004
-9984
-1485
6516
5182
123
1145
6504
7021
1111
-2628
1432
7796
9272
6865
5804
6395
4677
897
345
5274
10506
9974
4825
606
9
1508
2878
3867
4804
4532
1964
-1070
-2155
-1184
334
996
1068
634
-975
-3060
-3733
-2227
-164
383
-565
-1238
-1127
-1450
-2344
-2017
347
2491
1752
-1011
-2259
-584
1805
2276
1581
1922
2526
1664
-302
-743
2032
5054
4438
941
-1229
33
2324
2620
1087
235
991
1489
399
-1170
-1352
-342
-44
-898
-1637
-1436
-761
-983
-2518
-3785
-3285
-1154
820
279
-2550
-4803
-4239
-1288
1220
1224
-450
-1765
-1884
-1218
-268
1148
2794
3159
1574
-661
-1110
953
3208
3649
2505
1628
1944
2046
988
-167
322
2112
3011
2282
1435
939
-1526
-6310
-8365
-3006
5849
8004
-833
-12321
-15293
-9380
-2853
-181
978
1222
-4155
-15519
-22100
-13995
2230
9352
913
-11521
-14896
-10176
-6008
-4153
-450
4020
2936
-4019
-8308
-4462
1983
3408
1371
2340
6230
6700
2286
-602
2271
6796
7578
6029
6641
8698
7402
2623
67
3021
7619
8314
5504
3328
3070
2677
860
-435
976
3825
4851
2698
-927
-3110
-2506
-307
1386
1487
602
-465
-1529
-2302
-1885
79
1849
1645
-289
-1696
-1022
603
1726
1890
1581
900
-147
-399
1004
3292
4119
2486
274
-248
861
1996
2699
2906
2497
1363
-226
-599
874
2471
2267
386
-844
-38
1345
1158
-501
-1497
-650
845
928
-523
-1605
-1363
-629
-520
-871
-642
-49
-98
-1003
-1804
-1407
-26
1041
1116
586
-122
-749
-1111
-625
869
2283
2255
812
-338
-258
425
617
471
992
1644
1163
-236
-573
-92
-1754
-5664
-7041
-1825
5115
4354
-4967
-13075
-12086
-5715
-2048
-1562
-132
93
-6974
-18140
-19802
-6728
7334
6392
-6674
-14878
-10939
-4585
-4254
-5151
-650
4443
1164
-7204
-8761
-1404
4200
1605
-2275
619
6391
5667
-591
-2835
2069
7025
6212
3236
3899
6589
5719
1505
-388
2755
6851
7212
4684
2848
2975
2810
1289
726
2620
5480
5853
2766
-766
-1921
-590
1032
1437
1525
2005
1838
55
-2356
-2904
-721
2053
3111
2228
845
-98
-751
-786
254
1893
3036
3237
2843
2382
1915
1452
1552
2366
3524
4465
4721
4142
2847
1019
-478
-164
2149
4775
5460
3040
-844
-3108
-2450
276
2606
2716
974
-1333
-2886
-3094
-2214
-755
424
503
-655
-1893
-1912
-899
121
240
-38
414
1459
1843
1001
263
745
1792
2281
2208
2473
2937
2409
766
-595
-25
2396
4655
4473
220
-6446
-9725
-5342
3305
6787
294
-9708
-13690
-10869
-7688
-6434
-3455
725
-1819
-13766
-23456
-18638
-4163
3165
-3264
-12072
-12170
-7742
-8307
-11730
-8566
281
3766
-2273
-8384
-5809
515
1244
-2349
-1400
5331
8866
4233
-1481
41
5994
7920
4592
2917
6580
10098
7677
1957
32
3653
7342
6449
3546
3341
5141
4432
347
-2271
37
4438
5378
1905
-1303
-1055
439
19
-1419
-842
1631
2628
931
-789
-430
896
1275
753
1030
2421
3372
3330
2778
2255
1988
2154
3416
5256
5936
4904
3395
2806
3246
3758
4066
4616
4823
3821
1972
940
1725
3096
3352
1943
183
-248
339
756
265
-858
-1647
-1957
-2088
-1958
-1514
-1173
-1667
-3129
-4093
-3176
-1144
103
-338
-1574
-2342
-2157
-1260
-172
916
1615
1491
851
261
321
973
1796
2610
2993
2981
2511
949
-1616
-3213
-1677
2107
4345
2144
-2611
-5941
-6735
-6255
-4988
-2065
738
-1168
-8326
-14526
-13268
-6394
-2193
-4295
-8324
-9204
-7906
-8083
-9213
-8202
-5313
-4421
-6390
-7124
-4314
-1263
-2230
-5977
-6913
-2906
1803
2999
1455
220
190
54
-203
1310
4581
6462
4743
1730
1216
3194
4656
3990
3081
4134
5785
5371
3128
1866
2792
3762
3049
2093
2975
4774
4431
1703
-231
734
3118
3983
3110
2341
2470
2406
1304
490
1263
3131
4199
3391
1875
1291
1750
2410
2773
2958
3447
3952
3619
2469
1614
1795
2719
3523
3664
3492
3010
2034
969
931
2372
3796
3537
1814
307
-6
463
902
1069
1040
659
-158
-1080
-1422
-999
-280
-11
-534
-1511
-2152
-1725
-818
-493
-1160
-1968
-1592
-592
-209
-628
-990
-732
-573
-999
-1358
-729
392
587
-310
-1141
-1123
-871
-1265
-1812
-1435
-324
-8
-1346
-3126
-3790
-3598
-3639
-3699
-3080
-2131
-2289
-4529
-7129
-7370
-5230
-3265
-3375
-4821
-5729
-5767
-5759
-5631
-4892
-4116
-4152
-4684
-4496
-3207
-2298
-2962
-3954
-3414
-1720
-757
-960
-1019
-225
120
-966
-1697
-308
2344
3561
2061
1
-388
870
2315
2875
2931
2913
2216
917
311
1213
3047
3981
3184
1850
1219
1502
2015
2345
2712
2889
2510
1941
1879
2334
2598
2116
1803
2804
4249
4442
3241
2253
2365
2973
3423
3957
4867
5173
3959
1975
1247
2752
4736
5420
4805
3663
2590
1547
1119
2124
3872
4437
3166
1339
369
493
756
819
1221
1985
2135
729
-1518
-2661
-1690
435
1613
803
-854
-1871
-2029
-1996
-1719
-676
633
927
-443
-2368
-2852
-1398
390
670
-417
-1185
-1034
-618
-790
-1291
-1071
-395
-313
-1159
-1827
-1335
-575
-1081
-2865
-3779
-2636
-1118
-1488
-3539
-4573
-3764
-3042
-3701
-4745
-4259
-3021
-3259
-4806
-5762
-4839
-3328
-3354
-4371
-4643
-3856
-3292
-3604
-3770
-3119
-2269
-2261
-2770
-2771
-2226
-1532
-1205
-1143
-940
-851
-1101
-1215
-556
524
1153
715
-315
-720
-135
873
1379
1289
1066
756
287
-32
576
1847
2470
1819
683
465
1285
1955
1911
1732
2022
2355
1998
1613
1945
2558
2867
2682
2673
3154
3482
3360
2988
2858
3013
3306
3664
3859
3750
3338
3053
3035
3108
3214
3462
3975
4094
3342
2442
2353
2934
2973
2431
2396
2891
2954
1905
663
647
1688
2462
2191
1295
411
-188
-348
71
787
1047
438
-493
-1121
-1438
-1249
-444
558
813
-326
-1824
-2181
-1321
-328
-78
-458
-785
-1036
-1523
-1829
-1541
-971
-671
-807
-1161
-1386
-1606
-2066
-2537
-2613
-2119
-1519
-1494
-2203
-3257
-3961
-3693
-2790
-2076
-2026
-2699
-3579
-4138
-3985
-3351
-2766
-2682
-3116
-3354
-3316
-3273
-3298
-3026
-2477
-2294
-2311
-2227
-1905
-1490
-1838
-2539
-2414
-1413
-179
51
-765
-1312
-1393
-1212
-618
161
873
839
-64
-666
-570
8
583
686
730
800
660
307
67
396
1029
1428
1321
976
841
1058
1394
1561
1617
1639
1739
1879
1830
1632
1629
2014
2486
2626
2440
2361
2441
2404
2177
2065
2586
3381
3482
2724
1918
1869
2599
3099
2808
2431
2458
2715
2488
1809
1669
2174
2529
2114
1432
1420
1979
1952
1085
390
631
1436
1536
829
288
388
839
967
580
241
289
529
605
364
307
537
385
-151
-561
-341
408
859
652
-70
-734
-1025
-965
-559
-136
24
-483
-1448
-2040
-2008
-1845
-1894
-1919
-1724
-1627
-2168
-3006
-3414
-3028
-2533
-2737
-3079
-2920
-2540
-2705
-3449
-4006
-3758
-2888
-2204
-1965
-2227
-2788
-3182
-3178
-2297
-1062
-637
-1084
-1858
-2185
-1707
-1085
-656
-188
172
113
-470
-1015
-823
-67
507
501
179
37
123
3
-416
-597
-385
-59
311
384
108
-399
-953
-1080
-581
211
557
458
107
-378
-623
-545
-23
824
1300
1130
802
718
986
1279
1409
1622
1943
2183
2250
2279
2283
2156
2100
2362
2850
3233
3229
2876
2586
2441
2185
2081
2312
2565
2625
2345
1895
1586
1309
1138
1245
1437
1408
1178
865
545
392
197
118
359
577
515
201
69
73
72
107
159
400
560
406
204
150
281
410
398
462
721
825
596
368
284
351
490
522
414
195
-80
-202
-245
-485
-947
-1232
-959
-650
-792
-1427
-2118
-2133
-1831
-1792
-1833
-1796
-1841
-2324
-2930
-3007
-2626
-2121
-2017
-2455
-2857
-2907
-2663
-2386
-2145
-1876
-1790
-1948
-2210
-2241
-1821
-1348
-1230
-1214
-1160
-1019
-912
-976
-872
-414
135
305
-87
-569
-562
-182
226
244
-51
-157
-200
-294
-289
-19
383
434
16
-463
-413
109
378
92
-253
-102
206
181
-6
-34
289
587
496
393
725
1220
1250
910
745
912
1291
1720
2053
2236
1992
1447
1333
1924
2736
2996
2486
1955
1901
2083
2196
2099
2150
2300
2055
1618
1346
1467
1698
1600
1290
975
922
982
761
533
458
465
597
597
298
-20
-72
28
101
183
228
166
-11
-260
-438
-324
142
522
340
-253
-572
-357
-6
93
-100
-191
-8
-97
-480
-613
-481
-191
-162
-497
-667
-568
-566
-803
-880
-733
-652
-808
-1170
-1335
-1233
-1298
-1544
-1548
-1249
-1181
-1511
-1812
-1837
-1581
-1434
-1587
-1619
-1439
-1406
-1761
-2015
-1737
-1207
-950
-1278
-1608
-1532
-1268
-1049
-1182
-1229
-837
-498
-527
-794
-909
-721
-440
-358
-419
-297
-143
-268
-603
-845
-567
56
367
135
-219
-307
-380
-529
-368
127
622
690
201
-291
-210
217
431
536
773
1000
966
642
477
734
1029
1193
1312
1420
1573
1451
1154
1134
1430
1703
1737
1819
1871
1758
1436
1169
1460
1945
2085
1806
1480
1364
1256
1080
1060
1407
1784
1516
895
501
443
783
1039
1042
991
755
420
218
202
285
474
695
678
415
265
271
247
305
332
246
189
165
54
-120
-216
-158
-167
-325
-323
-359
-410
-485
-548
-329
-318
-602
-972
-1163
-957
-797
-813
-995
-1346
-1518
-1543
-1400
-1198
-1102
-1085
-1346
-1659
-1753
-1570
-1243
-1162
-1397
-1620
-1604
-1339
-1068
-1128
-1316
-1375
-1285
-1022
-809
-735
-723
-932
-1179
-1081
-725
-447
-305
-289
-543
-770
-719
-298
93
186
4
-382
-440
-282
-126
-52
-86
-42
-132
-298
-369
-273
47
120
-41
-125
-119
-58
-151
-244
-98
212
454
358
-43
-204
57
544
870
787
650
658
791
890
902
986
1148
1388
1495
1360
1259
1163
1188
1437
1624
1658
1565
1495
1478
1388
1245
1259
1385
1443
1554
1395
1086
1005
882
878
994
1064
984
713
583
599
546
368
385
648
747
575
328
196
249
299
125
-13
162
487
505
85
-307
-359
-151
17
96
111
-8
-249
-506
-634
-408
39
92
-174
-558
-857
-808
-713
-657
-579
-563
-670
-839
-951
-944
-851
-993
-1184
-1142
-1112
-1124
-1280
-1406
-1322
-1265
-1277
-1340
-1286
-1157
-1195
-1309
-1429
-1424
-1313
-1257
-1086
-1035
-1171
-1164
-1092
-876
-629
-712
-835
-705
-544
-484
-421
-357
-382
-397
-507
-474
-111
91
100
-20
-198
-140
5
24
69
0
-95
-2
74
174
153
49
41
86
249
380
397
394
310
216
221
355
664
791
682
640
591
743
982
922
968
1073
1093
1157
1070
1071
1219
1272
1273
1294
1378
1533
1534
1185
939
1131
1407
1498
1351
1099
932
918
938
926
1070
1081
839
548
295
363
647
674
515
403
288
232
217
157
166
345
268
-24
-130
-115
77
148
-129
-368
-273
16
70
-202
-389
-351
-230
-161
-349
-500
-399
-378
-610
-800
-734
-599
-544
-727
-977
-986
-933
-853
-849
-1050
-1198
-1212
-1166
-1187
-1206
-1123
-1116
-1066
-1064
-1352
-1520
-1429
-1199
-1004
-957
-990
-1070
-1116
-1099
-872
-599
-527
-532
-566
-690
-694
-533
-449
-246
-90
-106
-154
-263
-143
92
140
27
0
130
125
-39
-72
67
219
218
64
34
184
305
317
220
313
428
126
-60
53
275
452
340
179
220
509
648
547
567
613
735
810
710
718
789
825
765
711
747
770
840
885
913
1001
989
852
789
735
705
748
756
760
720
716
616
474
456
469
500
425
287
220
266
261
224
175
90
76
10
29
176
138
-32
-184
-152
72
208
153
-57
-147
-115
-96
22
165
305
242
12
-105
-99
52
230
299
310
281
32
-176
-88
98
197
209
222
140
76
4
-248
-352
-239
-44
82
45
-39
-230
-422
-512
-536
-355
-90
-39
-199
-571
-799
-609
-392
-330
-318
-293
-380
-604
-768
-770
-611
-540
-644
-760
-818
-723
-678
-748
-721
-637
-637
-681
-701
-700
-789
-922
-840
-795
-716
-633
-848
-886
-864
-939
-795
-694
-617
-590
-771
-886
-966
-881
-634
-459
-387
-562
-723
-657
-618
-686
-710
-604
-366
-282
-403
-403
-269
-226
-210
-127
-37
123
223
265
324
354
308
218
372
509
462
596
739
899
980
766
611
635
748
898
1058
1211
1182
1076
949
825
888
966
1022
1113
1209
1180
1048
1042
1038
1011
1051
1189
1289
1251
1207
1110
1111
1096
963
1002
1066
1099
1160
1059
955
913
890
902
722
581
532
504
595
553
487
435
345
172
33
146
229
240
139
-32
-96
-141
-225
-251
-249
-264
-358
-482
-435
-498
-606
-687
-701
-665
-699
-659
-682
-676
-786
-946
-947
-1033
-982
-785
-656
-719
-1098
-1286
-1033
-889
-1132
-1230
-736
-273
-366
-761
-775
-336
-440
-924
-889
-399
-114
-366
-606
-533
-515
-684
-829
-954
-813
-278
104
10
-349
-608
-766
-995
-1156
-921
-239
224
57
-261
-541
-637
-476
-382
-301
-44
372
707
723
370
49
-118
-300
-116
375
787
998
896
636
476
271
52
89
395
742
901
765
402
-78
-390
-323
-153
220
677
849
669
146
-200
-95
48
105
194
331
500
400
23
-131
-109
-174
-203
-56
283
541
447
238
32
-107
-168
-237
-82
200
309
265
58
-8
33
-201
-350
-276
28
392
544
596
421
66
-250
-306
-90
207
684
975
766
321
-111
-231
-49
220
528
769
841
688
360
31
-121
-45
95
297
603
697
561
415
183
-9
85
320
571
775
753
668
531
229
-5
47
241
485
641
584
595
474
101
-145
-190
-31
173
266
302
152
-81
-278
-388
-375
-230
-11
110
136
3
-231
-383
-456
-396
-241
-81
0
12
-26
-289
-571
-587
-381
-245
-134
-24
-125
-320
-593
-719
-692
-637
-456
-325
-399
-532
-650
-826
-1000
-1043
-892
-685
-491
-450
-574
-612
-648
-724
-794
-782
-578
-445
-398
-482
-573
-489
-490
-409
-330
-330
-211
-30
8
-98
-135
-207
-260
-196
-144
57
225
172
163
137
125
94
78
248
366
305
283
401
404
331
296
225
267
344
418
577
550
442
349
223
247
231
261
475
620
591
421
217
172
175
54
186
430
554
602
336
155
158
108
141
267
540
716
590
268
41
29
70
224
330
440
511
385
249
25
-102
-59
17
157
196
194
188
-25
-350
-512
-354
-24
161
172
149
30
-160
-284
-395
-338
-69
57
46
18
11
-136
-395
-417
-286
-91
21
103
136
-72
-249
-358
-430
-284
-99
66
228
177
-21
-172
-205
-223
-243
-103
111
229
149
-47
-145
-187
-197
-82
71
250
300
129
-47
-170
-229
-220
-66
19
47
141
0
-160
-308
-390
-306
-269
-152
-23
22
-48
-282
-588
-734
-536
-220
-39
85
118
-119
-403
-546
-530
-394
-181
24
138
150
-37
-287
-416
-429
-315
-89
143
357
288
-59
-346
-447
-330
-149
35
259
447
305
-43
-249
-420
-396
-99
181
334
358
353
131
-259
-419
-386
-199
124
386
407
277
71
-205
-370
-336
-100
338
618
540
344
174
37
-115
-167
83
415
487
401
290
128
44
-42
-81
190
492
613
636
563
341
56
-45
85
247
362
501
518
431
327
137
59
157
271
387
448
431
323
187
88
-50
-118
-115
2
204
316
259
32
-99
-123
-153
-133
2
171
230
123
-77
-152
-125
-141
-197
-157
-31
-34
-79
-147
-89
58
-12
-180
-291
-219
-204
-288
-234
-173
-148
-216
-454
-564
-432
-306
-239
-282
-300
-208
-286
-405
-490
-486
-356
-350
-406
-399
-291
-234
-270
-288
-294
-186
-79
-71
-125
-103
6
-70
-132
-148
-217
-160
-118
-94
-39
-66
-45
0
-68
-80
-31
39
82
111
229
288
182
18
45
174
258
263
291
448
435
289
198
225
367
459
472
451
466
418
333
265
251
340
451
564
447
424
497
234
106
143
241
413
363
326
399
326
189
115
142
209
197
195
299
312
245
149
-62
-102
-33
59
173
144
108
6
-201
-405
-464
-399
-298
-141
-58
22
-48
-269
-406
-536
-425
-261
-155
-6
-35
-138
-356
-555
-553
-502
-394
-196
-91
-105
-99
-271
-444
-406
-379
-364
-264
-202
-312
-271
-281
-487
-427
-407
-407
-281
-268
-143
-2
-12
-42
-203
-351
-248
-119
-6
147
191
259
260
49
-4
93
196
356
407
372
317
203
48
-56
14
108
217
363
408
375
250
85
-28
-6
103
208
304
335
274
53
-136
-123
6
133
295
425
365
200
-50
-186
-108
-72
-62
119
246
240
133
-74
-164
-136
-38
90
214
225
204
129
-64
-135
-131
-156
-37
185
241
228
153
71
56
-104
-143
64
246
307
215
77
14
-64
-145
-131
-10
178
180
53
-17
-65
-62
-123
-111
-54
-40
79
37
-103
-133
-236
-301
-126
27
154
251
161
20
-158
-204
-98
-67
-49
43
85
25
0
-13
-94
-165
-207
-148
-23
12
62
-16
-171
-229
-269
-246
-211
-172
-92
-30
-29
-96
-229
-237
-168
-202
-165
-79
-4
-26
-161
-237
-210
-156
-149
-94
0
67
34
-83
-120
-74
-88
-67
-43
-67
29
-8
-100
-31
-51
-53
-29
-60
-3
54
66
69
58
56
44
46
-46
-54
74
40
13
-22
-52
-67
-104
-113
-146
-29
62
103
98
-19
-51
-1
38
-51
-59
37
58
36
-50
-77
-17
-71
-115
-14
101
150
124
137
79
0
27
30
66
199
258
245
215
150
78
99
248
306
333
374
260
173
164
73
74
87
87
227
318
400
351
139
153
148
86
114
157
216
228
228
184
89
25
61
108
171
274
278
256
183
14
-84
-66
2
44
110
161
80
-73
-242
-263
-219
-214
-98
3
-59
-155
-234
-317
-284
-368
-433
-291
-163
-53
-119
-253
-391
-456
-378
-434
-352
-120
-60
-138
-292
-414
-431
-382
-319
-271
-194
-72
-94
-240
-382
-439
-410
-344
-181
-72
-39
-87
-182
-254
-281
-183
-83
-20
37
32
-20
-82
-163
-195
-136
-7
103
164
139
83
51
17
56
134
184
169
191
225
137
107
132
65
114
175
188
258
218
286
333
222
265
255
270
345
290
293
287
274
209
172
331
412
402
363
318
234
137
168
164
160
188
176
153
122
182
155
106
212
230
220
206
103
39
27
-26
-77
-29
-22
15
67
65
107
86
60
3
14
51
3
45
-5
-19
6
-158
-124
-115
-156
-96
-160
-19
23
-114
-65
-82
-117
-158
-176
-156
-153
-105
-178
-200
-120
-121
-97
-91
-98
-86
-143
-157
-183
-143
-116
-202
-221
-197
-234
-236
-155
-142
-71
-71
-170
-146
-151
-207
-190
-252
-253
-154
-129
-38
2
-38
-31
-62
-79
-33
-37
-29
21
-25
-141
-132
-96
-124
-90
-78
-29
88
110
83
-5
-75
10
35
-48
-51
16
80
49
8
30
41
49
44
85
157
151
133
118
-1
-44
21
-38
2
125
101
94
69
31
13
13
62
43
107
188
59
56
67
-2
58
64
75
168
222
181
92
22
-65
-85
-46
31
99
96
138
121
71
68
28
130
122
65
172
169
146
56
-40
26
9
2
117
159
174
187
165
100
71
138
87
101
112
29
55
-36
-103
-12
3
-5
67
47
90
73
-117
-130
-166
-206
-115
-42
6
-46
-104
-110
-225
-233
-117
8
49
20
55
-109
-253
-327
-408
-317
-195
-101
2
50
-120
-221
-220
-278
-159
-74
3
66
-67
-195
-277
-266
-287
-232
-139
-102
45
58
-51
-137
-218
-207
-118
-69
-47
-46
-48
5
-30
-94
-88
-24
27
93
120
99
147
72
53
10
17
242
257
228
204
171
217
141
56
92
135
237
282
206
172
173
179
158
134
121
137
138
132
165
151
105
157
213
197
161
67
90
147
91
105
78
78
79
61
112
58
94
137
60
44
-11
-24
33
5
-37
-107
-117
-28
-85
-107
-58
-23
40
57
-20
-70
44
51
12
-17
-25
-13
-77
-91
-169
-142
-61
-77
-93
-158
-181
-209
-166
-91
-115
-103
-98
-114
-94
-164
-242
-220
-152
-47
-99
-130
-71
-51
-112
-265
-259
-220
-187
-110
-85
-143
-140
-115
-177
-140
-214
-172
-30
-148
-131
-149
-225
-99
-127
-210
-138
-140
-53
-21
-171
-166
-168
-107
-51
-39
-6
-49
-8
-29
-58
-34
-32
88
112
79
96
40
56
-6
-40
26
52
157
222
202
102
50
113
88
38
126
186
216
333
259
146
160
194
274
252
212
266
335
292
198
175
145
230
228
189
315
268
247
319
199
137
204
224
278
231
207
311
249
227
183
62
69
128
161
136
94
96
81
16
4
-41
-35
3
76
99
29
54
20
33
-40
-129
-113
-58
-2
-98
-61
3
-5
7
-20
-83
-109
-52
-36
-130
-248
-234
-171
-168
-167
-117
-50
-50
-50
-110
-271
-332
-268
-242
-277
-247
-204
-181
-199
-236
-225
-195
-213
-147
-150
-221
-211
-277
-254
-332
-368
-256
-277
-175
-150
-207
-134
-117
-159
-213
-286
-258
-159
-171
-185
-175
-145
-52
-60
-85
-100
-105
-8
4
24
-53
-91
28
-11
24
15
26
95
104
91
-1
34
58
135
248
176
169
164
119
133
85
97
182
200
225
204
186
259
228
174
239
242
258
313
286
268
194
222
329
276
238
250
296
346
309
212
204
243
258
287
264
213
187
205
225
109
18
157
203
104
111
128
89
85
36
14
54
66
98
57
35
0
-5
-12
-84
-66
-92
16
34
-72
-81
-146
-103
-98
-148
-194
-167
-25
-7
-52
-74
-140
-245
-230
-210
-246
-247
-260
-125
-116
-266
-271
-276
-208
-167
-200
-167
-189
-163
-175
-207
-226
-301
-179
-131
-228
-216
-194
-210
-238
-294
-270
-180
-170
-121
-129
-195
-113
-166
-249
-200
-219
-171
-142
-94
-98
-184
-115
-63
-39
-22
-27
55
55
-1
-59
-92
-44
-40
11
80
85
139
173
88
48
49
55
104
81
130
164
122
200
200
112
185
250
267
369
267
210
289
274
231
152
234
298
242
266
254
195
181
205
251
268
205
253
335
218
200
187
166
212
133
177
195
125
156
196
222
127
97
130
88
101
48
36
9
-42
26
6
-28
56
75
-25
-15
35
-19
-62
-54
-76
-95
-95
-117
-103
-135
-196
-164
-151
-181
-236
-263
-225
-199
-263
-230
-105
-138
-174
-164
-214
-265
-282
-297
-285
-224
-168
-135
-197
-260
-210
-238
-316
-252
-251
-311
-200
-171
-141
-129
-239
-137
-84
-116
-99
-166
-178
-157
-131
-109
-95
-103
-65
27
-2
-32
-50
-79
-49
23
23
15
72
55
55
-21
-51
68
32
66
168
151
121
106
134
112
126
154
176
192
185
236
193
119
157
221
174
204
314
306
241
256
269
159
153
226
181
153
202
217
191
141
209
203
130
205
173
184
200
154
210
117
71
156
57
91
112
78
120
53
71
49
1
15
-8
-28
1
6
-39
-43
-85
-101
-89
-72
-53
-99
-62
-51
-128
-104
-110
-159
-140
-103
-60
-62
-116
-165
-165
-148
-141
-139
-181
-159
-136
-156
-178
-219
-209
-136
-107
-155
-111
-155
-237
-177
-224
-254
-207
-171
-143
-85
-113
-134
-58
-93
-81
-129
-107
-57
-140
-105
-164
-147
-86
-91
19
-13
-63
-29
-76
-95
-65
-99
-102
39
53
-2
38
42
-13
-30
58
80
30
93
66
52
65
-37
47
36
9
73
93
171
76
31
74
69
87
99
130
124
138
153
134
92
60
97
84
138
172
104
173
218
181
162
171
221
192
183
208
145
140
145
127
132
83
107
172
124
128
134
105
174
128
89
119
76
84
123
130
113
75
127
135
26
12
32
31
8
31
71
1
51
65
-47
11
24
-30
37
14
-80
-75
-62
-68
-108
-124
-61
-70
-62
-8
-26
-57
-26
-69
-67
-42
-133
-138
-135
-151
-188
-174
-122
-183
-153
-146
-189
-165
-196
-193
-208
-214
-113
-137
-172
-144
-194
-188
-133
-135
-168
-141
-136
-127
-88
-210
-221
-134
-149
-150
-112
-41
-95
-124
-50
-103
-130
-124
-138
-105
-109
-80
-18
-8
-38
-50
-8
-3
-1
5
18
21
51
98
82
51
19
49
53
11
67
5
-65
14
48
39
49
81
145
188
147
170
157
75
92
72
57
107
90
139
193
116
180
207
150
158
156
215
212
165
174
115
73
109
104
73
114
157
147
233
219
128
173
151
136
89
57
95
52
71
133
114
84
68
69
97
9
-44
16
17
-5
11
24
35
30
-12
-36
-86
-105
-151
-156
-109
-117
-129
-46
-48
-115
-39
-56
-86
-44
-99
-95
-32
-97
-88
-106
-157
-68
-112
-103
-51
-121
-58
-33
-63
-54
-85
-21
-12
-18
54
-4
-28
-19
-50
-77
-104
-34
-49
-41
-8
-50
-83
-102
-83
-128
-120
-28
14
13
-28
-33
-59
-83
-91
-154
-138
-63
-30
-48
-68
-71
-106
-94
-26
-54
-92
-60
-32
-5
-48
-68
-12
-8
-13
59
57
-24
23
49
-11
43
78
76
101
76
81
62
49
66
66
103
129
149
134
115
79
68
126
108
85
105
125
125
72
107
78
36
153
112
51
85
23
30
14
-8
-7
2
82
71
43
21
30
49
-1
-40
-24
16
-6
-6
2
-32
-48
-16
-2
3
-20
-63
48
42
-56
-36
-26
-10
-13
-13
-16
0
-18
-13
25
-25
-44
-30
8
-10
-66
-57
-66
-81
-72
-67
-64
-47
-10
-15
-46
17
-47
-88
-73
-102
-79
-110
-48
-93
-118
-57
-109
-96
-127
-160
-152
-77
-81
-154
-128
-95
-78
-92
-75
-57
-78
-48
-13
-9
-61
-79
-13
-7
-16
-17
22
61
32
41
55
41
20
75
104
98
119
128
116
91
71
22
98
135
83
149
189
189
207
201
139
132
169
112
121
127
61
123
153
130
105
77
112
65
44
89
6
15
126
96
41
70
75
-7
-22
-29
-40
-12
-56
-20
31
-5
-24
-27
7
-58
-47
56
-6
-15
-29
-11
-4
-30
-22
-63
-51
-25
-53
-98
-87
-107
-99
-23
8
-16
-41
-14
-6
-54
-130
-99
-106
-121
-44
-117
-97
-57
-133
-50
-82
-99
-24
-106
-78
-92
-176
-138
-172
-139
-151
-173
-65
-115
-122
-154
-149
-123
-140
-66
-90
-43
-55
-77
-52
-120
-130
-133
-84
-87
-83
-5
-28
-25
0
-40
-30
-43
-50
-1
-46
-35
49
52
31
39
37
41
33
44
40
-3
19
73
79
78
61
82
176
147
102
145
114
42
9
90
74
5
127
192
175
174
172
132
24
-7
35
24
45
128
119
180
241
175
171
128
76
100
88
105
79
7
80
77
36
81
9
27
115
72
66
107
45
10
84
48
-25
-37
-29
3
-15
-67
6
56
1
26
86
33
0
46
7
-20
-16
-15
-38
-52
-41
-100
-127
-88
-91
-109
-112
-36
-32
-82
-10
-57
-93
-31
-83
-78
9
-74
-47
-3
-112
-80
-120
-139
-146
-196
-102
-112
-135
-67
-81
-135
-75
-64
-113
-96
-127
-100
-63
-104
-152
-118
-76
-120
-82
-31
-67
-55
10
-14
-39
-32
-54
-16
-26
-22
24
-11
11
65
5
4
50
7
22
56
28
40
54
55
53
38
99
101
87
134
142
114
125
141
64
79
91
50
112
96
74
102
136
136
70
78
95
73
51
49
57
30
42
68
85
71
42
91
97
60
51
34
41
32
43
37
18
68
50
47
98
54
70
62
20
55
0
-29
-5
-28
-4
-2
-8
63
54
12
44
59
-4
-16
-13
-37
0
-5
15
7
21
10
-29
6
-107
-80
-17
-118
-61
-56
-78
-56
-86
-78
-112
-125
-120
-100
-91
-162
-121
-66
-55
-70
-71
-20
-51
-61
-46
-138
-173
-141
-145
-139
-93
-47
-86
-46
45
-17
-62
-51
-31
-10
-107
-60
-14
-88
-34
-32
40
36
-43
42
15
-15
12
21
76
54
75
103
64
12
-63
-73
-64
-46
-19
-23
17
79
32
-1
47
10
-7
51
77
41
23
21
-13
-6
-62
-48
37
29
45
23
66
36
-17
23
-40
-21
-8
-6
21
14
24
-4
74
111
18
19
46
38
45
12
49
109
18
54
95
6
5
-10
37
109
64
98
163
68
11
37
-21
-23
2
-1
78
151
138
134
120
77
70
54
22
-11
-32
4
-17
-1
31
-45
16
35
15
37
-19
-2
26
38
39
36
62
27
18
17
-17
-5
-42
-24
-28
-39
-24
-101
-41
-41
-91
-35
-27
-45
-34
-69
-59
29
-15
-36
28
56
7
-59
-27
-57
-110
-79
-54
-34
-50
-67
-42
-45
-87
-127
-81
-36
-59
-67
-72
-11
-46
-111
-32
-35
-58
-40
-24
-41
-81
-98
-84
-51
-79
-80
-36
-32
-33
-16
-31
3
27
4
56
-21
-32
-36
-127
-7
-37
-46
99
86
58
82
52
-12
-3
-7
24
85
74
108
118
54
74
49
9
66
58
85
128
93
73
63
43
73
59
33
73
75
59
38
45
32
10
73
99
52
55
78
28
31
34
19
52
23
75
58
-11
25
-16
-28
6
-23
-26
10
-3
-49
-14
9
-29
20
81
35
58
52
17
-6
-80
-35
-51
-63
12
-3
0
9
0
-58
-67
-66
-100
-52
-54
0
11
-8
5
-45
-39
-84
-123
-85
-104
-86
-34
-39
-38
-76
-63
-52
-68
-73
-45
-33
-66
0
-85
-150
-79
-140
-99
-33
-33
7
2
-2
1
-48
-91
-45
-5
19
42
42
85
39
-3
40
-23
-13
48
14
73
61
32
68
62
78
75
67
97
62
19
33
-6
-6
36
84
126
128
168
129
52
81
30
-18
-18
15
63
35
47
60
51
26
36
65
31
-1
29
20
16
21
-35
44
72
32
61
42
28
8
-14
3
-10
-18
29
34
47
33
20
24
16
34
-12
-30
11
15
-22
-78
-26
-23
-78
-29
4
19
-5
31
112
54
-14
-1
-2
-50
-60
-54
-61
-64
-40
-59
-59
-43
-143
-117
-46
-53
-31
-50
-17
-15
-36
-17
-58
-59
-70
-37
28
-5
-44
-45
-37
-9
-8
-26
-27
-33
-3
-11
-39
-80
-103
-56
-33
-17
0
-36
-26
34
11
17
40
35
87
92
91
74
4
-22
-25
-23
-47
-50
8
-25
-4
73
15
-5
-12
-12
5
-30
-44
-24
-2
-3
40
89
14
10
60
15
7
-9
-30
-20
23
8
-45
-10
-37
-23
6
-13
40
9
13
41
5
-2
-32
-13
33
51
20
54
46
-25
-8
-46
-34
-15
-37
32
20
54
63
-18
8
21
20
0
8
24
-28
-46
-18
-40
-72
-73
2
39
5
34
35
33
5
-33
-5
-44
-71
-10
-31
-33
23
47
37
51
30
11
39
-27
2
-17
-30
75
59
83
43
8
71
32
0
20
45
12
59
112
43
2
5
40
21
15
75
78
83
79
108
96
19
24
-2
19
-27
-1
66
-41
-29
31
16
-32
-47
-52
-41
-20
38
26
-17
51
-4
-3
-5
-109
-67
-94
-6
43
-44
20
19
-12
-58
-69
-44
-80
-54
38
-6
-18
72
-13
-55
0
-39
-31
16
-13
-8
6
-18
30
15
-65
-24
10
-11
-23
-55
-24
-23
-22
37
-23
-9
18
-61
-10
-57
-118
-13
-48
-70
-25
-62
-53
-65
-84
-83
-106
-40
17
-21
-42
-24
3
-33
-54
-43
-92
-35
20
-10
32
-5
-25
52
14
-4
-32
-21
47
6
41
58
56
49
-3
82
43
-32
62
61
43
64
86
110
-18
-1
78
-20
72
85
12
113
96
105
55
-44
-8
-2
1
-2
-16
3
10
36
52
5
-31
5
81
34
-13
-19
6
15
-23
-6
-37
-7
60
17
-2
-27
-32
-16
-50
-33
-57
-20
38
66
57
-15
19
25
-9
-47
-77
-16
8
-11
46
31
-44
44
25
-77
-40
10
2
-15
-12
13
-1
-39
-18
-30
-55
-17
71
49
-5
-3
2
41
0
-99
-85
-20
28
-13
-94
-42
-31
-48
-1
-11
-62
-55
18
35
-37
-112
-88
2
20
-48
-24
4
17
36
-59
-30
-32
-50
29
-10
-18
18
0
23
19
-39
7
78
76
27
24
65
62
43
6
-18
31
81
69
47
30
24
105
120
21
-4
60
100
59
10
17
21
31
106
43
-32
2
-20
26
-34
-128
-62
16
57
0
-16
0
18
21
-72
-89
-21
-41
-35
-4
-54
-79
-55
-32
-21
-97
-73
57
71
21
-48
-9
59
-5
-59
-66
-21
7
35
25
-23
11
21
45
62
4
-12
88
134
67
48
-13
46
61
-38
-39
-30
59
47
26
70
12
57
57
-5
-12
-53
55
66
-20
-8
-26
5
25
-28
-108
-65
-11
-8
-5
-90
-83
-47
9
12
-76
-49
15
45
11
-47
-48
-42
-45
-46
-85
-66
-18
-24
-8
14
4
13
47
16
-40
-69
39
75
-31
-20
34
94
104
40
-10
-16
51
91
11
24
-27
-27
122
44
-33
-46
19
127
88
39
-8
16
66
-8
-33
-44
-58
28
5
-25
-8
-52
-65
-11
-28
-113
-82
15
-7
-143
-91
-31
-73
-88
-115
-39
-23
-25
-16
-26
-75
-68
28
-57
-117
-69
-18
4
-35
-50
-36
-14
29
67
-11
-86
48
125
4
-39
-8
20
96
63
25
38
28
108
109
18
-40
27
98
60
44
44
87
78
146
77
-26
65
41
67
7
-65
4
71
10
-79
-23
-6
50
46
14
22
12
73
64
-25
-85
-62
24
36
-1
-22
-13
69
83
-27
-28
-31
-41
36
0
-74
-28
28
-1
-8
-29
17
51
-1
15
35
5
11
57
6
-28
11
59
73
-27
-41
46
65
60
2
1
37
12
25
-32
-111
-62
6
10
-7
-21
20
62
33
-3
-52
-53
38
4
-56
-21
-69
-5
20
-123
-133
-58
-47
-26
2
-42
-47
88
116
-31
-28
-31
-49
14
-44
-112
-77
26
2
-12
23
-60
9
26
5
15
-63
28
78
-11
0
16
18
88
87
14
88
142
71
48
26
4
15
23
19
7
11
11
21
-12
-74
-94
-76
-25
-20
-51
-12
73
68
-1
-21
6
-17
-30
-34
-59
-24
-10
-20
-52
-64
-128
-97
-61
-131
-89
-139
-74
-12
-89
-97
-97
-20
-35
-41
18
-17
-7
29
-15
-42
-39
-9
43
-1
39
47
46
39
-45
-22
-68
-22
50
22
21
40
100
85
52
6
-7
43
109
108
30
42
74
89
68
20
39
46
99
152
93
54
56
21
33
33
-53
-8
38
43
93
46
50
71
35
-6
-39
4
-2
-52
-32
70
52
2
71
8
-29
-14
-34
-28
-53
-86
-27
67
-17
-81
-38
-46
-43
-63
-87
-53
-98
-58
6
-82
-123
-83
-68
-52
-58
-115
-72
-62
-77
-70
-104
-93
-115
-114
-79
-128
-155
-149
-130
-97
-133
-47
-56
-110
-1
-65
-85
-46
-68
-82
-78
-31
-48
-72
-96
-107
-93
-18
-45
-90
43
6
-6
81
44
21
34
114
170
133
128
127
146
186
145
145
147
172
222
164
196
149
116
231
232
216
234
261
286
275
221
189
218
235
245
255
230
196
240
227
165
161
149
166
180
159
64
13
22
1
-15
-22
-1
4
41
12
-63
-74
-150
-194
-201
-231
-224
-236
-260
-258
-226
-266
-271
-242
-352
-377
-340
-383
-425
-466
-399
-366
-390
-311
-366
-428
-452
-428
-384
-494
-482
-417
-380
-392
-432
-407
-416
-380
-343
-306
-283
-288
-273
-279
-276
-285
-299
-238
-143
-153
-124
-87
-87
-45
-61
-14
11
23
73
116
46
-11
110
88
84
201
238
237
243
309
289
215
267
332
369
415
482
480
432
439
448
452
419
430
527
516
458
485
512
467
391
471
551
532
517
485
503
490
415
437
486
403
387
482
441
394
336
310
420
375
369
383
291
265
235
205
80
75
139
98
127
87
48
52
11
-39
-40
-32
-37
-79
-99
-112
-204
-201
-174
-225
-252
-247
-216
-248
-305
-309
-361
-338
-289
-329
-346
-373
-358
-400
-392
-388
-450
-324
-317
-391
-347
-353
-415
-416
-411
-410
-336
-339
-357
-336
-398
-380
-346
-401
-321
-294
-300
-208
-224
-299
-304
-313
-280
-232
-248
-223
-211
-173
-179
-223
-211
-222
-150
-119
-134
-134
-104
-145
-220
-128
-140
-169
-129
-61
-38
-90
-28
-31
-66
-13
20
22
5
-21
1
10
-52
14
18
7
94
71
71
62
12
32
86
78
86
110
147
145
117
155
102
147
208
159
210
230
198
199
170
199
254
234
259
285
280
282
289
271
241
294
326
321
370
343
321
336
386
413
381
424
428
460
451
360
358
365
378
420
479
489
492
513
485
458
403
382
360
354
411
381
374
394
339
382
420
349
339
357
339
275
264
249
141
150
169
137
116
43
5
37
3
-58
-42
-82
-90
-105
-102
-152
-284
-222
-234
-291
-267
-321
-377
-398
-390
-453
-544
-518
-557
-586
-513
-560
-637
-619
-590
-630
-610
-632
-692
-658
-663
-683
-686
-686
-701
-614
-606
-613
-599
-700
-624
-655
-744
-648
-620
-642
-598
-522
-505
-538
-538
-472
-447
-472
-409
-303
-309
-324
-254
-184
-155
-183
-151
-76
-93
-48
-34
-60
-21
17
100
127
129
159
233
286
270
312
364
369
457
532
480
491
505
546
593
536
548
624
663
646
668
692
617
649
730
668
625
696
735
689
699
733
714
673
647
671
623
557
569
616
557
535
631
570
530
510
431
389
389
369
276
276
303
287
264
177
138
110
54
44
-15
-49
-109
-146
-73
-130
-224
-237
-165
-190
-301
-253
-287
-383
-370
-380
-444
-509
-527
-497
-513
-604
-590
-542
-577
-564
-565
-663
-646
-564
-676
-661
-610
-682
-584
-572
-585
-599
-692
-609
-579
-598
-550
-560
-504
-433
-432
-428
-455
-440
-429
-391
-301
-316
-271
-278
-267
-189
-278
-232
-247
-291
-135
-91
-43
-26
14
64
69
190
162
86
149
245
247
200
248
189
190
271
267
315
278
309
447
429
402
414
369
413
416
378
425
414
438
422
401
459
442
367
396
454
389
394
442
424
350
360
437
397
368
342
300
327
345
277
232
242
212
238
255
135
94
113
92
104
88
89
78
102
163
113
52
61
40
-3
35
-45
-91
-48
-81
-81
-142
-98
-33
-98
-101
-145
-135
-120
-193
-164
-182
-203
-133
-104
-132
-198
-275
-236
-162
-217
-201
-226
-166
-44
-72
-101
-200
-145
-121
-190
-113
-186
-221
-180
-174
-153
-213
-185
-184
-168
-121
-113
-148
-194
-120
-145
-155
-127
-79
-48
-119
-111
-39
-42
-172
-153
-126
-142
-77
-143
-144
-106
-141
-132
-99
-151
-145
-102
-120
-29
-94
-131
-42
-106
-74
-68
-124
-79
-88
-44
-76
-153
-20
-49
-78
1
-19
42
71
35
-6
54
60
-49
-8
7
5
42
50
77
90
70
139
210
180
120
173
223
208
208
121
158
207
248
258
202
225
198
276
258
156
236
225
271
344
301
278
225
317
292
207
248
196
253
284
229
209
191
200
246
244
177
193
197
199
218
129
91
119
176
152
91
106
28
-1
3
-34
-59
-65
-37
-14
35
11
-95
-80
-92
-155
-131
-153
-132
-171
-203
-165
-213
-231
-279
-322
-272
-214
-239
-273
-300
-322
-324
-336
-361
-382
-368
-314
-282
-288
-296
-307
-313
-322
-265
-295
-341
-277
-224
-282
-334
-260
-274
-225
-236
-272
-148
-161
-180
-120
-157
-209
-119
-32
-88
-74
-23
-1
34
24
49
30
31
134
152
133
123
112
209
173
95
176
172
175
230
200
209
238
227
297
306
272
342
365
341
383
313
263
284
276
290
219
247
278
242
280
257
231
210
234
241
218
272
246
198
246
271
200
160
157
143
145
84
106
153
48
48
129
67
-7
-7
30
-45
-67
13
-99
-47
-20
-85
-10
-132
-97
-64
-183
-119
-162
-192
-132
-114
-127
-186
-128
-130
-237
-183
-193
-312
-277
-206
-207
-269
-294
-219
-236
-273
-245
-291
-257
-192
-239
-186
-167
-206
-169
-155
-134
-202
-216
-145
-162
-196
-220
-195
-165
-152
-141
-154
-174
-117
-73
-135
-128
-91
-90
-46
1
-6
-35
3
35
40
19
-8
19
6
28
40
1
57
62
76
135
82
125
135
49
102
85
93
112
81
165
148
173
196
156
175
161
201
199
170
182
165
185
199
137
130
108
154
170
81
124
127
170
178
181
235
166
192
221
171
156
62
86
163
91
115
110
120
143
89
147
97
86
80
50
134
43
34
84
16
53
64
57
76
19
41
69
30
26
21
-5
0
14
18
18
-46
-11
14
-50
0
-96
-118
-28
-103
-82
-68
-80
-66
-54
-63
-118
-136
-162
-119
-98
-118
-100
-91
-36
-27
-84
-156
-137
-168
-185
-148
-242
-191
-191
-188
-99
-155
-170
-164
-127
-114
-153
-177
-155
-161
-184
-103
-131
-160
-112
-150
-125
-86
-163
-146
-123
-166
-152
-130
-102
-137
-122
-65
-73
-33
-66
-103
-47
-58
-82
-22
23
-7
-10
26
20
-38
-43
-56
-34
-12
-24
75
65
61
85
57
105
102
108
95
89
150
124
95
134
153
104
137
211
150
127
133
121
149
137
174
234
214
218
254
207
154
186
138
155
190
169
225
226
165
145
190
179
135
177
232
183
124
209
176
66
124
103
83
168
115
112
109
9
47
34
5
18
-14
54
24
47
80
-56
-78
-73
-46
-57
-150
-111
-77
-105
-73
-66
-83
-165
-128
-77
-151
-127
-220
-227
-133
-197
-199
-210
-246
-204
-203
-206
-200
-228
-207
-164
-169
-193
-180
-188
-199
-163
-154
-193
-176
-149
-145
-151
-186
-133
-125
-128
-121
-135
-123
-134
-101
-106
-135
-102
-48
-34
-32
-24
-67
-36
10
1
24
18
42
88
44
60
39
-45
11
73
80
97
107
148
161
110
97
113
55
22
95
140
144
156
192
192
169
175
172
125
80
115
178
157
152
186
157
118
145
178
107
112
146
156
196
126
95
78
81
128
32
111
185
56
91
99
30
-34
-55
3
29
-5
16
76
74
13
-6
52
-26
12
49
-44
13
-40
-94
-76
-116
-129
-157
-134
-103
-108
-135
-139
-77
-83
-84
-52
-73
-38
-60
-121
-75
-99
-163
-118
-103
-132
-111
-116
-116
-101
-119
-137
-122
-88
-117
-126
-86
-75
-66
-72
-35
-51
-94
-13
-20
-71
-70
-31
-31
-58
-29
-49
-31
-8
-6
46
24
12
-7
-13
22
-31
-53
-19
1
34
25
49
86
55
86
99
109
113
35
5
26
17
-2
12
20
44
110
133
107
85
77
86
84
74
80
66
-19
18
108
0
-12
61
70
