-65
-19
48
-18
-3
-15
-19
53
59
54
27
56
100
41
29
54
31
28
-8
-12
14
-44
-57
-83
-70
47
-1
-68
-44
-68
-91
-40
2
-8
-40
-113
-34
37
-33
5
26
-3
-30
-77
0
26
-30
16
61
77
68
-6
27
34
30
57
29
34
-59
-12
52
-37
-5
-25
21
112
34
28
47
4
-20
1
68
9
-39
15
-38
6
18
-58
-10
-25
-20
-30
-36
-68
-121
-1
-10
-55
-84
-123
4
27
22
7
25
79
43
59
-65
-128
-32
0
-8
-22
92
133
30
29
26
24
-2
-38
39
45
39
54
26
15
24
38
-19
-54
-54
-21
27
-35
-21
41
-1
-50
34
68
1
-5
-39
-25
29
8
-29
-5
53
8
-5
57
-9
-14
57
1
0
-5
-17
35
11
-67
-44
57
57
31
0
-17
-39
-24
-9
-50
-10
-67
-148
-130
-49
55
6
4
79
40
-5
-33
-48
-44
-52
-90
-61
-11
-10
-30
-35
-12
-1
40
11
-27
61
109
91
33
-1
-9
-34
18
11
17
65
41
36
45
59
51
8
-37
-19
-8
-7
-8
-10
-10
-4
9
-20
-64
-49
-7
-31
-11
-30
-50
9
28
36
7
6
27
12
28
15
-5
3
4
18
1
62
23
-29
-4
-84
-22
22
-50
-27
-33
-14
82
75
-28
-84
-51
-7
-11
-55
-68
-30
14
5
-6
15
95
40
-53
47
38
32
9
-51
-18
-14
0
-12
37
53
22
22
-41
-32
-14
-7
34
34
-9
-20
-21
-12
25
28
20
-43
-48
23
19
0
-13
10
8
27
27
-15
24
-8
78
136
-18
-12
10
19
-5
-5
19
-52
-4
36
11
-27
-90
-58
-18
-50
-41
-55
-68
14
-17
-51
44
84
66
39
-65
-53
52
23
3
14
12
37
38
48
38
-10
-71
-38
-2
-103
-76
41
57
6
3
4
-56
-25
37
129
86
0
41
4
6
61
14
-50
27
59
-27
36
83
-50
-87
-11
-34
43
66
0
80
49
-32
-61
-40
-22
-81
-47
-24
-62
-66
-36
-24
-16
44
-4
-94
-96
-40
0
-51
-44
-19
-1
10
-42
-17
39
28
-18
11
57
21
30
5
19
41
-52
-77
-17
30
76
28
-22
55
59
-54
-54
45
64
64
32
-37
-33
-36
-51
-13
-7
10
-28
-53
-15
35
123
83
89
59
-63
-48
50
83
81
119
69
-2
13
48
7
-4
-12
9
0
-43
56
67
17
-9
26
31
4
26
-37
14
14
-56
-35
-34
26
-23
-67
9
0
-17
-17
21
35
-64
-81
-45
25
79
-1
0
23
33
61
-10
-37
10
14
-47
-64
-38
-5
49
69
66
14
9
48
50
-29
-36
45
-77
-90
0
-75
-100
-47
-34
-42
-72
-70
-43
-47
-4
-26
-55
-26
-46
0
27
51
108
30
4
2
-33
-5
-13
44
80
22
42
68
7
9
88
12
-35
46
33
2
-30
-81
-31
45
16
-3
-1
-46
-69
-55
-26
37
6
-11
24
38
40
0
21
29
10
31
95
138
76
12
-32
-69
-47
-52
-33
21
-28
-97
-85
-16
-14
20
37
-48
-9
10
-20
-51
-33
8
-28
-7
-22
-12
60
34
-10
-2
56
112
53
34
78
12
-20
16
1
-11
18
59
74
103
89
53
46
33
70
41
25
77
71
41
-28
-87
-78
-37
-66
-75
-24
28
24
-35
-60
39
7
-80
-15
-75
-92
-21
14
22
10
20
-10
13
20
21
-4
-123
-76
-29
-38
-28
-8
46
-38
-19
19
30
117
60
31
3
-14
63
35
3
28
47
-19
-68
2
13
-15
-19
-39
-61
-16
15
-10
-6
29
4
0
19
-33
-77
-54
0
0
54
132
74
-87
-158
-126
-62
-3
-26
-14
2
-51
-80
-74
-36
-36
-55
-24
8
6
-20
19
66
75
31
38
33
-53
24
34
2
-12
-24
54
20
-30
43
53
7
34
66
102
34
6
-1
-23
18
-4
38
73
85
58
21
-26
-62
1
17
-20
-22
4
-26
13
78
17
26
-14
-74
-45
-43
36
70
3
-58
-25
64
21
1
-13
-12
56
64
-24
-79
-20
34
67
14
-1
18
-24
-22
-43
-37
-12
-18
-17
-59
-4
48
-76
-76
32
43
19
-70
-134
-103
-1
62
59
43
-50
-31
35
45
30
-14
-11
-67
-82
1
-23
2
53
-54
-50
21
20
-15
-65
-68
-79
-30
29
-7
-22
11
-22
-28
26
21
53
72
-10
-42
-7
-17
-52
54
78
-27
-36
-67
-39
19
0
-53
-37
14
-13
-21
-69
-59
-16
23
56
-26
-48
-32
85
130
33
20
-6
54
50
-8
-16
-45
-9
78
137
19
-70
56
108
3
-19
13
14
-15
-62
-44
-21
-14
26
71
85
49
2
-29
5
85
36
-37
-63
-15
81
56
-8
-66
-102
-38
-36
-66
-52
-9
82
36
-7
-13
-5
69
29
80
61
-19
66
75
54
35
26
-34
-111
-48
-18
26
69
-7
-24
-19
-61
13
60
-24
-15
45
20
-35
-91
-21
28
-63
-24
12
-31
-37
-73
-65
0
-22
-31
9
-62
-48
20
39
22
-47
-17
-25
-13
8
-71
-74
-11
8
-5
1
27
55
-26
-8
62
65
55
13
62
-1
-86
-22
25
13
-2
-2
-28
10
-20
-63
5
32
-34
-99
-9
-3
-65
-31
-6
27
-22
-28
64
39
-6
-17
-22
-38
0
42
-10
35
22
0
29
-25
-3
6
-36
28
105
98
74
63
1
-38
-47
-103
-75
-14
48
92
31
13
12
46
31
-11
67
61
44
50
44
5
66
165
41
8
6
61
62
-33
-10
-54
-42
1
23
4
19
53
-44
-55
-16
-13
63
44
-24
-10
-31
-31
-14
-20
-86
-32
-4
-48
59
25
15
77
49
45
-8
5
30
-67
-36
-9
-29
0
-28
36
14
-52
-16
21
22
4
50
25
59
27
-76
-23
-70
-106
-24
-42
-28
-22
-113
-47
19
8
-20
-48
26
30
-64
-70
-66
-29
18
-48
23
42
-76
-31
23
38
-23
-24
73
26
-74
-73
-47
-62
-20
29
53
26
-1
46
77
59
37
13
-16
-34
-8
0
-16
55
65
34
2
36
39
-7
46
-22
7
45
-17
18
-24
-3
73
14
-43
-65
-20
-4
-32
39
19
47
57
-37
28
1
-32
49
43
63
107
102
4
-45
39
21
-24
-10
41
24
0
76
26
-54
-54
19
-15
-100
-8
63
51
-5
-14
14
24
55
33
33
43
-20
-48
-70
-49
-34
-72
-48
-26
0
0
-18
-82
-53
51
38
42
-29
-44
-17
-20
53
12
-36
-74
-107
-69
8
70
11
6
-8
-27
70
39
-23
14
21
0
8
21
19
7
4
-4
-57
-73
-79
-119
-66
27
-35
-30
83
61
36
40
48
49
42
39
-53
-9
56
11
7
-32
-16
-38
-88
-37
-27
10
-14
-62
-8
-19
-33
-26
26
-9
-59
41
28
-35
-12
-15
-60
-20
48
21
-27
-9
30
-36
-39
53
91
11
-58
14
16
38
13
-94
10
5
-56
49
65
62
133
94
32
30
62
94
24
34
5
-28
61
70
16
-26
-21
-44
0
22
17
50
-43
-27
-31
-23
61
13
39
14
39
21
13
37
-86
-14
53
42
-5
-112
-132
-56
-13
-12
-34
-79
-52
23
2
-98
-55
-37
55
68
-43
88
32
-23
53
5
34
49
59
-18
-39
39
-30
-40
-6
-7
-39
-41
3
-43
-8
29
-56
-63
-66
-31
67
-20
-56
-42
-59
9
-9
-6
6
-6
44
5
-14
-25
-25
58
15
20
73
19
2
-43
-1
67
-16
-1
17
-18
16
30
34
7
-20
-55
-99
-33
38
70
37
-31
-20
-26
-24
-29
-45
27
69
37
21
6
10
38
-29
-64
-10
-23
-92
-28
25
32
103
-31
-51
59
-15
-20
-37
-45
-4
-8
12
2
-2
17
0
3
21
59
87
83
79
10
12
41
9
-23
-47
-42
-81
-22
37
-8
50
81
42
53
7
-31
7
-2
-13
-51
-14
53
3
16
22
6
1
-37
-11
-2
-9
-25
-33
-10
-56
-83
-8
71
46
-10
-62
-72
-36
-82
-60
47
-13
-63
-16
-25
-5
-26
23
-3
-17
61
-40
-12
37
39
54
-34
-42
20
-3
5
22
-77
-65
31
71
59
51
66
11
-42
-51
-47
-5
41
16
-1
9
-2
16
-15
-9
2
-36
30
53
44
74
71
54
-13
-13
9
5
105
99
40
96
46
-69
9
107
-29
-53
-41
-130
-33
-29
-78
-6
-46
-43
69
29
18
38
-3
1
-35
7
-12
-58
0
7
-11
-8
16
-21
17
36
5
-9
-21
13
-43
-61
-17
0
-23
-77
-16
41
34
59
47
49
32
-40
4
15
-13
61
9
-8
13
-48
7
9
-27
26
44
-85
-74
1
-56
-21
-19
-20
-28
0
51
28
0
-4
56
96
100
-19
-86
-2
-16
-56
-14
12
28
45
26
12
-23
-27
-10
-65
-58
-74
-31
104
60
-14
-40
5
-6
-51
25
-1
-65
-51
-27
-2
-10
-1
26
-10
-38
-25
20
27
-22
-50
-61
-60
-53
-5
48
32
37
78
17
-17
6
-11
34
3
-7
42
6
4
22
46
7
-23
14
-1
24
29
4
66
17
-46
25
27
-30
-29
38
19
9
30
-10
37
-14
-106
4
24
-15
47
77
58
23
27
22
6
33
16
-51
-109
-56
51
20
10
35
-5
-6
-58
-41
-2
-26
21
16
69
66
8
75
19
-33
-29
-34
-2
0
27
15
-2
-21
-10
26
-10
19
24
-43
-58
15
16
-39
-12
-56
-100
-88
-41
51
4
-33
-35
-66
-19
-79
-30
20
-31
30
-20
6
100
52
-17
-17
-17
-41
29
64
23
-49
-56
76
49
-28
3
22
-6
-37
-19
-82
-11
83
15
13
-3
-20
-6
47
71
73
101
45
-20
62
107
45
-12
-40
33
-41
-57
-29
-34
45
-72
-29
44
41
49
4
56
-27
-40
-39
-141
-113
-79
-21
11
29
28
-11
0
-73
-18
54
-40
-17
1
0
34
15
-3
25
-1
-40
1
1
-3
-28
-46
10
13
-69
-78
-22
21
68
57
52
62
-26
22
98
91
118
62
62
8
-19
-1
-42
29
50
-5
-9
-3
42
58
24
55
68
21
38
62
-13
-85
-72
-79
-90
-53
-74
-54
5
-55
-63
-60
-32
39
-58
-66
-16
-2
33
-42
-28
87
91
27
-1
-29
-84
-52
7
20
41
0
-23
67
91
30
-23
-9
12
-33
-37
-16
-68
-69
-75
-72
80
38
-6
65
58
95
41
-22
-10
19
35
4
29
51
-17
-49
-15
-7
-58
-21
18
0
26
-25
17
9
10
53
-19
73
47
-10
4
-54
-29
-17
-51
-59
11
10
-32
0
-51
-32
-19
-37
37
-13
25
118
25
-38
-42
0
-3
-11
-6
-58
30
49
31
104
57
-39
-41
17
29
-1
14
10
-54
-15
-9
-36
-7
-61
-52
12
9
36
-13
-56
-25
8
70
-1
-1
89
58
49
57
24
88
56
-15
17
-25
0
7
-72
-41
54
34
-48
-36
-24
0
18
-25
-29
-25
29
30
-16
40
60
64
20
60
83
-13
-14
-46
-41
9
-10
-22
-10
60
90
1
-28
-57
-88
-73
-51
1
-47
-60
-20
-76
-108
-66
-3
-27
-41
-5
-1
47
33
-32
-36
-11
44
83
39
-60
-22
34
8
-24
-63
8
11
32
102
134
140
26
24
35
23
11
-18
15
-33
-17
83
104
79
27
-3
24
-25
-79
-43
38
40
5
30
-37
-74
-40
-36
-9
28
47
21
23
30
-13
-18
19
38
12
27
-4
-38
-10
-16
-13
-14
31
39
0
-13
-59
-50
24
11
-16
8
-12
-39
-26
-25
-59
-38
10
4
-34
-21
76
-3
-101
-128
-121
-13
-11
-20
-3
1
32
-13
-42
5
-25
-48
-29
-46
-41
-19
-12
-6
53
70
44
39
0
3
39
54
69
75
30
-66
-77
-23
-7
-4
11
18
-32
-26
55
45
-18
-74
-107
-7
92
23
42
118
81
19
-56
-22
-4
-16
92
40
-33
25
13
36
97
103
27
-52
-22
11
18
19
60
72
-12
22
64
16
20
-13
-91
-57
29
7
-61
-38
-13
-54
-62
-68
-47
-35
-68
-70
-23
40
21
10
-8
43
136
46
76
101
29
72
46
43
57
22
49
44
1
-47
-63
18
37
10
74
-8
-70
-55
-54
-1
-69
-18
9
-48
-14
-98
-51
-1
-92
-67
-82
-126
-2
59
4
-65
-105
-65
30
81
-36
-68
-85
-104
-28
42
59
-25
-7
0
0
83
27
-21
-1
-13
-9
0
33
12
-5
-3
0
66
71
43
32
-7
-8
12
-11
-14
-6
-17
27
31
70
68
33
25
-36
16
76
0
-17
51
63
48
28
-4
15
-9
-58
-21
-35
-68
8
-22
-60
-9
-33
19
55
-11
31
58
-44
-54
5
-7
-9
10
34
-9
24
34
-45
25
60
16
0
23
5
4
-34
-63
-31
-65
-15
-75
-101
-31
-71
-18
-24
-45
-2
-42
-7
18
-20
-68
-76
-38
-82
-91
-19
7
17
13
-25
-14
-22
-63
31
95
11
4
54
-25
-23
21
-23
20
72
68
0
-3
28
27
104
63
-4
10
16
19
-7
7
8
30
22
-49
-47
-7
71
82
62
44
-6
-20
-39
-84
-41
67
22
7
80
58
56
61
44
16
1
-21
0
56
34
16
58
64
5
-4
-24
-37
21
17
27
37
-25
-18
-23
-98
-33
38
14
-8
-40
15
43
46
-11
-66
-50
-80
-34
-11
-14
-45
-124
-111
-50
-24
4
24
-67
-91
-44
10
43
-26
5
-47
-64
8
-59
6
24
-5
51
-33
-38
78
77
28
74
55
-72
-110
-83
-15
26
44
82
53
-22
19
44
-9
12
10
46
56
-8
-27
-88
-61
26
-11
-40
0
-2
-92
-42
44
-42
-46
30
28
77
59
-2
26
35
83
51
-21
-43
-8
78
16
-55
-22
12
34
66
-3
-75
-20
0
3
23
-2
2
-16
-99
-78
-20
-4
-41
-53
4
-17
6
82
81
128
102
24
28
-22
-82
-119
-95
-53
-29
28
23
42
56
67
153
95
38
23
-53
20
7
-44
-19
-30
31
31
5
-11
-9
34
11
-60
-35
-16
-72
-60
-67
-43
-47
-42
68
78
72
58
25
23
-20
5
2
-17
4
-12
49
21
-1
138
118
20
0
-76
-69
-25
-47
-34
-43
4
53
-1
31
13
-35
71
18
-15
84
79
80
30
-17
-25
-14
2
-5
-51
-22
32
-35
22
62
-16
-11
20
-35
-28
75
-16
-111
-24
2
-41
-69
5
8
-40
-21
-40
33
58
60
84
-29
-36
-11
-48
-70
-64
32
0
-51
-26
-23
21
-33
-53
4
49
44
-36
-5
-6
-28
-12
23
43
38
38
21
83
49
0
33
1
-51
-31
-5
-36
-23
19
40
50
0
-39
-18
12
9
-21
34
22
7
7
-42
-8
-17
-8
-14
-54
-20
29
49
-12
42
85
0
-43
-85
-150
-132
-64
42
69
-6
-16
-41
-9
29
24
43
-1
-10
-10
-63
-48
-5
2
-45
-40
-20
-104
-88
-18
25
30
-1
18
-46
-58
-23
-21
19
-9
-60
-65
-13
14
33
26
4
26
39
137
139
28
-1
0
56
69
86
47
-53
9
-21
-32
49
13
42
75
39
2
-6
17
34
29
7
-4
-5
2
4
-2
28
32
27
95
25
-36
47
7
-39
29
60
39
19
-17
-51
-14
0
-41
18
-26
-88
13
8
-4
8
41
30
-9
43
8
-83
-85
-19
51
23
-91
-69
-41
-37
-26
-21
54
29
-10
-24
-11
9
-40
-41
-30
-74
-21
9
-52
-17
-19
23
35
-9
57
50
19
35
39
-17
-36
97
73
-4
70
85
32
-21
36
14
-47
-34
-66
-64
-36
-22
-25
35
27
48
93
-24
-38
-39
-50
-3
-3
-21
-62
-34
-5
-20
-31
-44
-28
-15
8
5
-29
-33
-8
17
-3
-74
2
68
2
4
17
41
-25
-70
-36
-43
-1
32
47
62
37
22
72
111
59
32
70
2
-76
-47
9
63
13
-51
-14
11
-4
-1
17
14
27
69
89
106
94
-17
-48
-26
-42
-8
-35
49
59
23
50
-103
-70
6
-32
24
-65
-70
9
-55
-13
-32
-37
22
14
22
3
-13
-90
-88
-77
-92
-51
-71
21
30
-34
-44
-81
-62
-22
43
46
-12
-33
-3
0
-4
55
-24
-52
24
-25
-59
-58
-23
-20
-36
-40
-31
41
10
-33
-46
-65
43
88
11
24
56
5
12
44
55
11
-54
25
12
-16
54
-7
55
91
-42
-32
14
28
40
-9
13
135
46
-58
7
27
17
32
31
-4
-36
-30
38
67
80
126
116
98
9
-20
22
-13
4
59
97
61
-29
-12
54
25
-13
82
102
23
37
30
43
40
-18
62
63
-10
-10
6
0
-42
4
-2
-39
-5
-15
-86
-84
-43
-56
-87
-96
-57
-2
0
-53
-13
37
19
-30
-58
-29
-32
-12
39
65
-4
-52
-19
27
2
-59
0
7
-45
-44
-64
-69
-1
49
-17
-10
4
-51
-25
-30
-60
-71
-58
-40
-52
-46
-17
-26
-55
-15
-27
-47
49
-2
-36
8
-29
-1
-13
-29
-4
-12
-35
-23
7
8
20
6
-26
-63
-82
-27
-18
-79
-33
49
41
-4
-34
-46
-28
47
70
41
39
-9
-64
-44
-37
-22
-22
3
99
82
-19
57
177
138
85
-42
-4
101
9
21
20
20
47
50
65
25
92
89
22
79
73
8
39
116
42
-26
6
-3
20
52
76
58
24
39
33
87
77
9
75
66
-9
-6
15
-14
-31
0
-14
3
16
15
29
8
-46
-46
31
21
-31
-44
-23
5
-13
34
23
-36
-26
-56
-16
-9
-53
-112
-126
-87
-142
-108
-62
-109
-38
-26
-64
7
15
45
23
-28
-17
-41
-30
5
49
5
-28
-25
-38
-33
-15
29
0
66
9
-122
-15
-18
-38
-63
-77
-55
-57
-34
-90
-41
-26
-57
16
-3
-50
0
6
19
-28
-62
-17
-24
12
-19
-19
-12
-3
60
28
-25
1
37
-20
4
44
47
38
-35
-34
-26
8
97
57
53
131
137
109
52
-7
-33
-46
-12
25
16
31
-20
23
70
11
54
23
26
93
30
-38
-29
-3
-9
21
22
38
43
-2
26
15
78
15
-24
27
-45
26
41
3
21
-19
-20
8
31
38
22
45
96
87
-3
-14
-1
8
27
-13
9
-7
-20
-11
-28
0
22
-12
-87
-21
2
-17
9
-47
-29
-36
-76
-35
-45
-77
-89
-73
-43
-34
21
-24
-65
43
7
-16
36
46
123
114
6
-33
-76
-58
-1
-47
-31
-16
-74
-43
-72
-32
44
-20
57
19
-110
-32
-23
-26
35
4
48
22
-68
1
15
17
20
-40
-78
-41
11
-55
-73
-20
5
22
45
-28
-67
54
63
54
26
55
109
-6
-17
2
-22
-39
-23
-15
-14
22
14
115
71
-24
50
-25
-110
-103
-60
-5
3
49
87
44
3
4
-21
-40
-34
-2
46
0
-7
66
22
8
78
65
7
-57
-49
31
53
51
0
-45
52
80
-15
40
51
-40
9
18
16
63
75
73
47
-15
-67
-29
31
0
-1
68
29
49
44
-83
-49
33
-30
-93
-64
-93
-85
8
47
-32
-124
-88
-36
0
54
42
-31
2
-20
-70
23
-50
-97
21
24
-52
-101
-26
-50
-59
53
-8
-13
46
51
-9
-33
36
30
6
1
40
54
14
29
29
12
29
53
24
-53
-9
57
3
-13
23
5
84
36
-74
15
-54
-71
-34
-73
-5
-18
-1
72
61
31
-5
13
35
31
17
-29
46
73
-7
-40
-74
-31
33
60
26
-51
-3
27
-41
5
53
41
51
-35
-23
-8
-51
20
17
-36
-6
-38
-31
19
27
96
6
-16
53
-6
69
142
11
-8
59
18
-26
-5
36
40
8
0
13
-47
0
25
-41
-2
32
54
34
-8
19
-7
-3
21
-35
-21
-11
-3
-20
-21
-18
-23
1
-47
3
33
-40
-83
-36
-4
14
16
-50
-61
-96
-71
-33
-50
-32
-50
-9
-13
-53
-25
-40
16
69
78
34
-43
-45
-28
6
19
60
84
-45
-20
31
-75
-45
-32
-61
-2
64
23
-42
-34
-74
-62
-70
-17
74
16
-8
-34
-8
102
86
0
-39
-15
-27
-15
79
125
77
-29
-21
41
75
33
-72
-17
-17
-17
61
14
15
-12
-110
-88
-7
21
13
-28
-38
-32
-84
-93
-65
-59
5
46
-5
-57
-32
8
-3
19
33
-44
-46
-12
-62
4
40
14
117
154
94
75
67
15
2
39
27
-23
-30
-2
53
81
45
57
43
38
66
75
75
55
57
20
47
71
-8
-54
-59
-42
-35
13
20
7
50
-12
-26
21
21
62
70
43
38
38
-13
-46
-26
-3
11
-34
-1
15
11
32
22
52
-51
-78
-5
-39
-10
-28
-98
-43
-41
-46
-22
-43
-26
-45
-69
-52
-23
-29
-31
-30
-72
-53
-79
-115
-63
-60
-57
-29
-40
-17
-61
-53
36
-27
-28
-8
-59
96
112
6
-1
-91
-75
-28
-20
29
70
80
46
-4
-15
-12
-29
-27
-44
-16
-3
26
85
49
20
-33
-17
95
-9
-22
106
26
-23
-32
12
55
20
17
0
-19
11
57
29
5
40
67
66
98
143
74
29
36
8
44
24
15
-5
-19
82
27
21
80
31
-3
-44
-19
3
-5
32
38
-20
-91
-81
-8
-12
-79
-53
-64
-75
-14
-60
-24
-71
-96
2
-30
-29
-67
-40
7
-20
-8
-18
-7
111
140
24
-44
2
80
10
3
20
-15
42
58
2
-52
-60
7
4
-2
61
51
-5
-20
29
83
39
-22
32
4
-15
-37
-104
37
68
-26
18
4
-35
8
29
-17
-51
-32
-27
-49
-36
-11
-26
52
104
44
2
-6
30
8
-72
-86
-3
3
29
31
-96
-23
20
-26
24
-18
-80
-88
-19
-17
-48
28
12
-32
-51
-15
0
-25
48
11
-14
33
25
-11
-76
-53
-22
12
9
9
27
-13
59
75
59
72
24
-6
-55
-54
-33
-21
68
36
-92
1
74
-1
-1
25
64
123
86
67
61
14
71
48
-2
10
9
56
43
-16
-17
-50
-21
83
2
-66
0
-1
-40
-21
26
2
0
61
40
-34
-5
-8
-64
-41
31
34
-64
-26
-1
5
0
-32
-51
-89
-81
-71
0
-68
-78
6
-85
-128
-135
-38
-12
-54
29
15
13
-40
-55
50
60
57
56
66
45
-3
-68
-91
-41
8
13
-35
9
3
-27
79
37
-66
52
100
106
92
-49
-8
80
88
69
11
4
43
27
-2
18
40
-10
-29
25
11
56
33
-54
-6
6
29
8
-43
-15
-57
-24
60
60
-17
-56
-38
-44
14
37
12
-95
-92
21
-13
-38
-94
-120
-61
-48
-15
20
-53
-84
23
0
-44
10
54
51
-41
-67
-40
-49
-49
-45
-8
-45
-36
28
-6
-13
-63
-38
-3
-23
40
3
-16
43
66
70
87
85
63
33
-18
-61
-37
-18
37
91
42
33
-19
35
92
18
19
27
105
146
123
135
116
113
84
68
39
10
38
47
98
101
24
42
39
-67
-30
36
-29
-47
-47
-39
-12
-87
-115
-41
-48
-53
-53
-116
-69
-11
-28
-25
-37
-43
-40
-21
-26
-38
-42
-25
-31
-150
-85
-5
-81
-61
-113
-137
-22
-18
-61
-65
-44
-21
-38
-40
-33
14
76
14
-20
10
-20
25
-1
-46
46
11
39
45
-10
34
55
67
57
97
105
33
4
6
14
49
-4
-17
35
40
122
87
27
101
89
85
56
26
74
74
77
15
-7
47
48
-19
-39
-20
-54
-52
-49
-49
-60
-47
-89
-71
27
-43
-54
-8
-59
-44
36
28
2
22
11
29
41
58
36
-92
-94
-65
-90
-43
-44
-28
-33
-76
24
80
-8
-99
-33
13
-78
-108
-85
55
119
47
26
-9
63
57
-17
51
27
29
84
40
32
30
0
-50
-44
15
9
-8
14
27
45
61
-2
4
3
39
120
30
-31
4
35
34
13
56
69
-2
-57
-147
-140
-39
17
-13
-119
-64
68
-8
-89
-29
-40
-87
-105
-11
-28
-59
-34
-155
-140
-84
-52
-29
-50
-60
-59
-8
66
81
34
32
71
54
-48
-81
-34
2
34
42
52
59
63
83
117
79
-19
37
92
87
153
102
54
99
71
5
51
47
46
106
113
111
78
86
27
55
86
30
117
65
4
-7
-23
36
28
64
105
57
29
-5
-37
-16
-68
-154
-149
-12
0
-87
-77
-85
-24
-77
-123
-78
-130
-129
-101
-45
9
-39
-87
-2
44
-30
-38
-23
-52
-63
-67
-119
-105
-64
-98
-92
-71
-71
-71
-132
-178
-118
-164
-17
21
-138
-14
12
82
101
14
11
75
154
103
63
34
71
41
30
76
69
100
18
19
74
77
61
100
67
-6
89
12
76
173
103
165
128
93
143
173
83
3
51
122
2
-200
-75
-4
-31
22
-35
-73
-56
-60
-27
-15
-31
-57
-83
-46
-123
-119
-28
-71
-2
1
-97
-1
75
-31
-111
-117
-71
-35
-61
-99
-129
-121
-190
-119
31
0
18
6
-29
-17
2
-12
-40
45
50
98
136
22
58
57
20
61
-3
-28
30
48
29
30
44
55
39
33
28
93
131
26
56
92
96
100
21
50
87
82
69
20
-15
-39
-37
54
43
-16
-29
-113
-138
-115
-64
0
-61
-110
-45
-118
-80
9
-42
50
4
-1
36
-97
-61
-66
-64
12
-49
-6
4
-70
-20
-7
-55
-38
-27
-70
-38
-85
-55
33
-45
-34
10
33
31
75
76
79
168
149
100
44
33
82
105
93
69
90
36
18
91
54
0
-22
-14
-34
-18
27
11
92
46
23
100
-42
10
148
-3
-40
23
1
-13
5
37
29
36
-32
-103
-16
-4
-67
-93
-111
-118
-140
-75
-81
-112
-113
-141
-47
-51
-94
-92
-75
-90
-116
-46
5
-15
-94
-29
-8
-124
-89
-84
-139
-105
-119
-75
-3
-41
-33
-51
-46
-65
-58
77
65
99
149
96
117
93
90
159
104
95
198
147
105
145
142
110
89
76
91
107
105
86
-24
-36
66
90
70
45
93
128
44
85
154
129
148
134
97
42
-24
9
3
-40
-55
-20
-49
-240
-151
-33
-102
-107
-210
-169
-90
-109
-104
-62
-58
-77
17
59
-10
-107
-48
-23
-79
-164
-157
-44
-80
-120
-135
-69
-100
-143
-120
-130
2
-35
-92
-25
-10
21
6
-37
33
84
27
81
81
90
208
203
164
159
100
33
118
124
-32
-57
63
100
-34
-57
56
-25
-112
22
90
150
71
11
267
203
42
130
127
84
76
109
81
-42
-110
34
66
-108
-154
-119
-17
-164
-210
-80
-189
-96
-10
-101
-95
-117
-118
29
37
-11
9
-9
53
36
-31
-34
-11
-27
-123
-151
-173
-233
-164
-104
-44
-7
-103
-77
-78
-47
-2
-97
2
24
-16
32
61
145
171
101
123
297
212
77
189
276
152
-102
-21
137
10
-23
72
75
40
-53
-3
149
60
-40
37
152
27
0
155
124
54
106
239
149
29
61
55
27
-9
-66
-64
-130
-248
-118
-74
-88
18
-71
-60
-99
-196
13
31
-114
18
65
-94
15
101
-22
-102
-85
36
-42
-189
-98
33
19
-74
-35
-61
-160
-109
-33
-55
-177
-137
52
-3
-121
-58
109
140
-32
8
127
48
-26
42
39
-85
-62
28
86
43
2
135
14
-84
73
64
34
-26
-18
74
17
29
82
133
114
-44
39
52
-46
106
174
138
59
34
141
68
-42
34
67
-47
-111
-3
51
-87
-197
-89
-32
-138
-86
80
5
-205
-96
96
26
-113
-105
37
-1
-116
39
84
-110
-149
0
54
-74
-108
88
103
-109
-125
-6
-3
-105
58
215
33
-43
76
161
65
47
180
126
-72
-17
186
112
-30
-80
65
78
-97
32
48
-91
-52
66
93
-130
-171
81
162
-1
-38
168
125
-39
45
225
185
-2
105
194
10
-102
-16
33
-129
-141
79
74
-106
-94
-59
-78
-71
-40
38
-59
-167
-38
100
-30
-176
-35
40
-115
-137
21
1
-118
-43
144
139
-54
-56
77
-47
-303
-267
-38
-26
-99
36
47
-182
-258
-1
193
76
-2
46
34
-44
81
234
41
-94
33
114
15
-4
110
163
9
-155
-6
53
-32
56
132
92
42
57
142
35
-140
46
205
81
-58
-57
42
-13
6
281
289
-63
-207
-88
-28
-76
4
166
-76
-373
-195
40
31
-33
-35
-62
-162
-181
15
82
-130
-103
107
61
-29
34
83
-10
-150
-42
105
-85
-204
-68
26
-59
-152
46
71
-137
-54
110
108
-35
-39
155
49
-136
51
185
63
8
119
227
45
-50
178
237
128
24
90
249
46
-96
99
8
-51
119
179
114
-80
24
218
98
0
63
102
-19
-56
146
156
-90
-71
132
82
-148
-100
70
-103
-233
-116
-10
-153
-280
-40
51
-132
-168
23
-10
-315
-295
-1
-16
-239
-140
81
-6
-203
-56
63
-163
-265
-3
44
-321
-332
-40
40
-96
-113
-1
-46
-179
-67
165
-16
-153
93
300
112
-96
164
275
15
-21
179
199
-82
-103
160
134
-24
-17
101
104
-54
-4
213
84
13
246
235
47
-32
124
234
-27
-1
332
173
-151
-73
139
35
-98
90
215
9
-179
-20
168
-59
-264
-55
39
-150
-239
-55
44
-167
-148
56
-89
-218
-42
122
-30
-235
-60
94
-104
-263
32
187
-191
-252
77
-16
-323
-123
170
12
-178
-74
178
96
-156
52
207
-61
-156
136
236
-14
-83
130
219
40
-15
233
180
-96
23
241
136
-86
129
329
46
-106
86
272
7
-132
172
100
-108
3
178
192
-48
-66
248
189
-76
0
95
-87
-196
-28
129
-68
-259
-22
65
-123
-156
2
43
-196
-205
34
-90
-282
-92
112
-21
-235
-60
123
-49
-138
-40
45
-75
-187
95
117
-187
-112
95
33
-184
-79
165
-16
-155
1
126
64
-113
30
136
-111
-124
93
139
-59
-149
47
93
-103
-86
152
46
-166
-63
131
89
-51
78
126
-44
-154
-12
141
16
-11
187
148
-69
4
137
58
-40
38
111
-105
-222
-46
61
-81
-130
66
91
-83
-178
-19
97
-75
-91
96
25
-135
-127
12
44
-56
12
76
47
-35
16
133
-44
-111
11
15
-188
-234
53
159
65
43
88
62
17
96
126
-36
-56
75
68
-18
-20
140
173
77
66
119
88
-74
12
156
56
-30
-50
22
36
63
128
139
97
-51
52
75
-76
45
103
72
-12
-69
8
-54
-148
-75
-3
-86
-187
-145
-29
20
-23
-29
-23
-121
-166
-112
-86
-109
-60
14
-51
-128
-99
-30
-7
4
8
-1
-120
-177
-36
8
33
81
149
131
-26
-49
3
5
-98
-45
184
135
-31
-50
60
35
-29
130
70
-78
-38
13
153
130
17
61
24
-5
53
110
120
19
10
104
-46
-111
5
76
92
1
65
41
-14
25
-23
1
-45
-53
51
15
-9
49
1
-147
-177
-13
7
-95
-107
-91
-95
-127
-125
-148
-103
-45
-97
-105
-93
-63
-52
-56
-63
-116
-97
17
33
-3
13
-20
-96
-145
-9
94
55
116
153
96
9
13
22
32
116
104
180
247
169
119
54
90
123
132
179
109
85
124
119
81
8
44
113
61
63
78
0
-18
14
-43
-67
-56
-29
-17
-100
-63
12
71
53
20
61
-30
0
86
20
-3
-30
-51
-121
-72
44
-95
-179
-87
-23
-39
-135
-178
-73
-74
-93
-71
-139
-91
-89
-127
-71
-41
-72
-91
-71
-68
-74
-61
17
-37
-112
-50
-43
-36
0
-15
-71
-164
-85
99
85
36
-13
21
96
50
52
146
160
27
49
34
-58
75
90
-36
-77
0
86
121
183
198
68
-127
-84
76
61
9
-20
-57
-26
-2
73
131
71
8
-2
32
-23
-18
38
-7
-87
-117
-7
64
-36
-79
16
48
-37
-58
30
32
-41
-119
-100
-55
-168
-149
-10
-31
-73
-2
95
67
-6
17
50
-29
-152
-60
41
-10
-42
-38
47
65
31
78
73
-60
-67
73
45
-28
3
51
21
65
105
0
-2
29
12
42
43
52
151
92
-18
36
71
13
-65
56
156
9
23
162
105
-21
-55
7
24
-5
-23
-21
3
-23
82
151
40
-81
-90
-14
-73
-26
99
60
-114
-186
-103
-92
-92
-32
93
66
-67
-108
-86
-72
-147
-64
55
-30
-99
-9
60
62
23
-30
-25
-9
37
97
18
-187
-146
19
-41
-38
47
61
24
-47
-26
62
88
17
38
55
-1
24
43
37
20
23
-12
-45
-72
-44
43
-24
-99
-93
-71
-32
-3
62
52
-18
17
100
115
0
-52
42
-17
-91
12
54
-3
-29
25
8
-30
15
-4
-37
-82
-97
-33
-61
-111
-1
49
-98
-130
-49
-35
-68
-149
-76
24
-76
-66
3
-68
-97
-13
95
49
-6
-1
-26
-23
-46
76
107
-25
-2
47
41
28
80
100
118
60
16
126
83
-20
21
105
123
119
90
115
106
51
88
65
16
14
61
50
13
24
33
95
47
-27
94
51
-90
40
43
20
72
-27
-40
-48
-76
-1
-11
-81
43
89
-18
-40
-43
-96
-171
-145
-89
-66
-136
-68
-7
-86
-37
-86
-8
-34
-171
-42
47
56
13
6
-17
-88
-37
-42
-71
36
47
48
33
-80
-43
63
99
37
62
102
-31
14
60
26
108
29
1
15
-5
75
71
64
60
85
128
72
67
72
15
7
38
75
107
35
24
81
74
36
44
108
64
-47
-33
-12
1
-3
-95
-15
-18
-90
-26
11
27
-57
-152
-214
-211
-83
-42
-92
-42
-78
-166
-182
-231
-124
-59
-123
-64
-12
-57
-107
-38
-55
-84
-38
-24
42
4
-56
-7
57
26
38
149
148
124
95
40
99
79
0
43
73
76
61
83
147
99
43
131
142
58
74
24
5
-64
-116
-4
-21
-7
78
95
6
-31
18
59
107
95
157
150
55
41
53
101
41
-31
8
28
9
35
86
22
-116
-94
23
25
-34
-76
-61
-107
-107
-82
-143
-139
-151
-104
-52
-26
43
19
-66
-138
-81
-83
-100
-90
-52
1
-111
-91
-31
-45
22
19
-3
-29
-64
-41
-40
80
117
85
177
155
74
82
156
97
46
97
97
111
100
111
85
35
11
-60
-82
-72
-78
-39
-24
33
110
35
-16
-17
-11
19
5
32
61
14
13
89
97
136
108
22
79
14
-6
-18
-121
-63
13
12
-57
-69
11
31
-22
-22
-103
-130
-53
-87
-83
-95
-79
-89
-119
-103
-53
-21
-93
-91
-103
-59
-75
-66
-46
-136
-47
-15
9
39
-45
9
49
73
174
103
22
69
47
52
95
60
51
70
114
96
13
-16
6
70
63
-13
-19
1
7
-7
-57
-23
48
54
72
52
19
74
29
51
89
40
83
49
60
94
38
81
100
47
40
-9
-45
-33
1
25
-15
9
-18
-70
-135
-146
4
-28
-108
-92
-61
-35
-58
-27
-35
-91
-70
-132
-155
-102
-108
-80
-79
-41
-26
-7
7
-59
-66
-44
-49
-3
102
106
0
2
119
87
-54
0
84
91
165
166
70
32
25
-77
-81
51
100
98
88
53
34
106
105
-30
-57
36
130
164
190
210
157
67
8
57
80
72
-51
-176
-85
12
72
60
10
-73
-166
-177
-76
33
10
-25
-93
-223
-313
-238
-85
-9
19
-65
-120
-120
-138
-108
-212
-252
-110
-104
-127
-153
-188
-146
-41
11
-101
-169
-175
-100
21
43
119
142
110
76
15
76
81
37
93
117
128
209
197
63
-70
-74
141
335
297
155
137
254
205
11
-102
31
311
323
130
-2
126
264
-66
-553
-564
31
634
532
-124
-542
-484
-242
-93
-91
93
276
-13
-517
-661
-289
256
336
-155
-315
30
68
-146
-207
-26
219
211
89
112
149
-62
-431
-526
-48
410
274
-151
-436
-303
-45
15
-49
-88
53
157
103
74
117
172
170
109
192
436
662
634
291
12
86
449
807
749
322
20
59
228
379
460
343
119
-2
-42
-66
-17
169
279
131
-15
-153
-200
-85
2
-28
-129
-78
118
116
-182
-515
-534
-286
-150
-71
-312
-616
-558
-356
-144
-345
-744
-924
-840
-388
-111
-268
-404
-365
-300
-511
-653
-277
329
654
224
-358
-205
402
682
299
-156
32
574
718
342
72
388
712
505
177
186
544
687
266
73
551
1134
901
-78
-315
414
1025
894
315
247
640
407
-425
-719
89
748
-252
-1856
-1909
-141
1169
-52
-2405
-3031
-1670
-653
-1019
-1333
-688
-217
-1426
-3340
-3179
-730
1231
613
-1343
-1780
-483
410
-3
-427
346
1450
1445
642
443
1102
1357
756
450
1105
1989
1862
703
0
312
722
490
110
329
646
387
-288
-622
-420
-220
-366
-473
112
775
582
-348
-1024
-611
429
1061
980
688
428
129
-40
294
948
1103
411
-311
-77
666
872
178
-683
-840
-490
-297
-342
-205
-53
-355
-1131
-1418
-476
536
543
-311
-864
-131
771
748
170
-14
741
1291
907
349
377
754
484
-69
260
1332
1695
470
-1305
-1629
-171
935
536
-349
-444
394
755
253
-90
213
707
720
920
2018
3039
2612
1385
1134
2058
2767
2331
1911
2558
3317
2892
1714
1196
599
-1868
-4742
-3721
1993
6316
2880
-6498
-12880
-10636
-3777
427
464
-932
-3294
-7942
-12797
-12005
-3768
4688
4781
-2384
-7817
-6464
-2093
-34
-125
932
3264
3737
1912
406
580
726
-324
70
3672
7011
5542
14
-4117
-3420
-425
988
857
1312
1857
-131
-4213
-6306
-3958
-76
1197
-25
-620
657
1129
-1031
-3432
-2658
1537
5592
6177
3692
686
-817
-277
1802
4294
5657
5073
3002
966
94
300
1077
2095
2776
2288
827
-415
-626
-356
-725
-1422
-902
1196
2894
2135
-493
-2523
-2307
-453
1420
2531
2995
2517
497
-2272
-3558
-1822
1660
3822
2943
80
-2435
-3567
-3538
-2572
-915
938
1283
-1079
-4099
-5247
-3927
-1673
-437
-87
271
426
-507
-2084
-2336
-174
2739
4062
3472
2172
1488
1487
1505
2032
3608
5013
4753
2810
839
561
1582
2381
2042
1068
549
430
175
-306
-645
-686
-686
-863
-873
-227
496
258
-963
-1480
148
2587
3186
1203
-1274
-1646
179
2326
3602
3984
3098
-616
-6380
-8772
-3472
5875
9426
1948
-10304
-16079
-11752
-3866
428
362
-1632
-5660
-11951
-16141
-12594
-2445
5060
2727
-5482
-9825
-6809
-1582
489
249
1137
3093
3682
2667
2099
2201
1289
328
2461
7564
10258
6478
-238
-3032
-217
3135
2926
1490
2463
3864
1078
-4779
-7106
-3205
1723
2021
-1124
-2077
440
1591
-1727
-5520
-3897
2319
7019
6199
1673
-1635
-1697
286
2791
4853
5785
4866
2718
1098
877
1510
2279
3151
3724
3141
1424
-48
59
978
867
-391
-769
1092
3190
2706
-245
-2797
-2463
5
2000
2532
1958
439
-1551
-2847
-1816
1209
3387
2721
36
-2192
-2440
-1406
-415
443
747
-440
-2699
-4265
-3428
-1077
54
-1065
-2627
-2369
-865
-259
-966
-1603
-882
588
1466
1554
1247
782
-136
-573
1008
3504
4617
3054
55
-1288
206
2696
3584
2158
244
-294
132
415
15
-647
-650
-322
-516
-758
-383
41
-671
-2406
-2576
326
3696
3739
381
-2151
-721
2663
3737
1950
495
647
1011
1102
2206
3306
59
-7890
-12608
-5918
7332
11756
300
-16231
-21602
-13127
-2224
2431
2367
127
-6564
-17554
-23169
-13707
4779
14046
5302
-9463
-13785
-6701
855
2674
2948
5921
7923
4924
809
1408
4811
5032
2804
4395
10293
12455
5798
-3181
-4517
1554
6057
4487
1627
2330
2956
-1374
-7118
-6838
-162
4792
2514
-2388
-3043
-366
-92
-3449
-4709
-253
5506
6709
2911
-1329
-2497
-1037
1631
4612
6898
6965
4213
754
-808
153
2637
4861
5988
5380
2480
-933
-2317
-957
1333
2404
2187
1654
1093
-121
-1747
-2385
-1666
-362
791
1565
1700
365
-2444
-5010
-4970
-1902
1706
2941
1221
-1989
-4772
-5482
-3820
-761
1919
2229
50
-2754
-4360
-4042
-2335
-299
1212
1635
630
-1360
-2956
-2995
-1412
819
2584
3164
2258
307
-1421
-1552
330
3263
5041
4104
1244
-1456
-2125
-393
1940
2785
1879
415
-409
-738
-1116
-1368
-724
1055
2475
1995
47
-1520
-1713
-1035
-216
999
2478
2809
1190
-1067
-1382
546
2353
2218
1190
968
1007
878
1492
2869
1852
-4528
-11661
-10185
1389
11282
7048
-8908
-21089
-18816
-7765
613
2852
2112
-1771
-11434
-21790
-21125
-5600
11337
12806
-572
-12630
-12348
-4450
1411
3522
6074
8929
7593
2345
-737
1379
4554
5212
6189
10381
13266
8454
-1237
-5416
252
8071
9061
4069
750
1483
1063
-2841
-5480
-2686
2231
2884
-1067
-3786
-2423
-775
-2544
-5623
-4857
484
5456
5352
565
-4315
-5170
-1478
4100
7925
7810
4438
525
-1227
-70
2736
5560
7089
6257
3534
979
215
1160
2342
2607
2236
2137
2126
1247
-306
-1496
-2081
-2063
-1222
43
657
-618
-3108
-4397
-3409
-1534
-698
-961
-1311
-1586
-2330
-3190
-2768
-917
292
-903
-3135
-3423
-1285
355
-760
-3049
-3270
-741
1500
844
-1482
-2631
-1658
288
1565
1750
1398
693
-229
-705
129
1896
3062
2516
716
-478
-77
1263
2231
1892
1129
977
1266
1231
483
60
538
1340
1432
564
-272
-474
-376
-510
-471
90
405
-252
-1019
-368
1305
2160
1273
4
99
1298
2035
1404
119
-853
-841
603
2729
2501
-3112
-11164
-12736
-3187
9295
10918
-1948
-17703
-21787
-12334
158
6453
5525
-675
-10815
-20524
-21148
-8216
9281
15297
4694
-10728
-16019
-8725
2035
8055
8910
7781
5310
1671
-332
1427
4613
5824
6019
7877
10183
8129
970
-4548
-2397
4562
8234
5843
2153
1284
700
-3012
-6663
-4579
2468
6468
2692
-4050
-6427
-3811
-1706
-2451
-2355
1430
5659
5051
-191
-4493
-3665
982
5738
8392
8106
4857
92
-2731
-1096
3269
6460
6662
5136
2927
-250
-2930
-2160
2418
6227
4239
-1588
-4094
-483
3757
2523
-2582
-5385
-3462
-92
1117
490
-425
-2357
-5646
-7035
-3288
3169
5497
779
-5855
-7470
-3579
278
807
-120
-343
-792
-3431
-6147
-4763
36
3203
1388
-2306
-2634
160
1222
-1572
-3654
-540
5161
6724
2129
-2894
-2926
1029
4218
4302
3329
2823
1764
-287
-1222
905
4254
4875
1805
-1387
-1516
474
1571
1014
606
921
741
-609
-1588
-392
1770
2017
-434
-2775
-1897
1056
2265
223
-2105
-766
2912
3694
72
-3315
-1795
2733
4640
2719
1198
1494
-1317
-9277
-13995
-6105
9242
14652
1037
-19263
-26207
-15090
729
7942
5854
-702
-10006
-20022
-22719
-11169
7684
16582
7044
-10260
-18558
-13434
-2692
6137
11046
11316
5633
-2920
-6113
-41
8451
10441
7118
6635
10267
9977
1832
-5809
-2780
7974
13310
7416
-1406
-3284
220
655
-3355
-4570
914
6563
4388
-3547
-8230
-5315
224
2214
995
412
1460
1510
-829
-3287
-2827
661
4930
7954
7913
4105
-1093
-3250
176
6282
9385
7512
4015
2257
1540
-368
-2392
-489
5014
8014
3999
-3783
-7402
-4148
910
2213
420
-623
-342
-1370
-4496
-6468
-4483
-411
1492
-19
-2826
-4762
-5789
-6095
-4669
-1512
980
320
-2425
-4205
-3939
-3196
-3264
-2539
494
3520
2922
-1161
-4355
-3022
1171
3723
3051
1409
1102
1529
949
-3
719
3251
5304
4556
1816
242
837
2009
2322
2059
2294
2601
1660
-380
-1471
-505
1032
1336
592
372
640
-63
-1569
-1661
661
2897
2064
-1172
-2874
-1105
1729
2571
1081
-412
-264
894
1791
1874
1347
471
-31
56
385
1516
3642
5009
1483
-8395
-16632
-12157
4197
16503
9816
-11242
-26452
-22791
-7275
4488
6872
3818
-2842
-14259
-24875
-22196
-3385
15941
16857
-547
-17395
-18703
-7222
4770
10272
10153
6350
250
-3947
-1696
4654
7660
5723
5164
9561
12597
6747
-3415
-5427
3815
12726
10310
1022
-2699
1478
3926
-1193
-6911
-4019
4519
7309
669
-6996
-6830
-691
2812
702
-1777
-140
3279
3408
-447
-3875
-2771
2322
7376
8411
4303
-1607
-4025
-545
5643
8618
6370
2523
921
1144
767
112
1713
5126
6102
1958
-3654
-4533
-467
3075
1959
-1787
-3084
-1427
-658
-2977
-5406
-4171
-582
1102
-1280
-5006
-5917
-3774
-1644
-1465
-2162
-2092
-1681
-2271
-3482
-3783
-2760
-1540
-1129
-1086
-635
-299
-840
-1424
-502
1756
3004
1808
99
379
2228
2943
1599
293
905
2534
2611
782
-509
552
2654
3192
1730
363
781
2072
2327
1282
458
885
1555
845
-761
-1214
191
1551
1164
-364
-1479
-1416
-860
-82
1377
2753
2392
27
-2217
-2209
-538
601
354
194
1154
1596
-128
-2841
-3630
-1277
1982
2842
415
-2321
-1505
1930
2230
-4293
-12372
-11294
1032
12243
8620
-7916
-20867
-18545
-6175
3877
6906
5787
747
-10258
-21848
-21229
-3433
16968
19810
3279
-14831
-18392
-8336
3800
10545
11642
7966
733
-5322
-4476
2119
6679
5782
4431
6804
8747
4145
-3810
-4854
3427
10979
8626
611
-2025
2065
3883
-1371
-6662
-3164
5867
8855
2009
-6114
-6597
-1007
2414
798
-632
1862
5047
3885
-1243
-4822
-3399
1145
4947
5805
3610
-164
-2924
-2517
735
3871
4548
3607
2934
2318
286
-2249
-1859
2389
6556
5870
614
-4039
-4079
-738
1916
2232
1292
329
-811
-2802
-4491
-3939
-1124
1549
1430
-1471
-4553
-5205
-3367
-1219
-613
-1528
-2655
-2873
-2277
-1595
-1259
-1489
-1618
-647
1045
1671
136
-1857
-1682
751
2750
2018
-64
-564
784
1802
1071
-140
133
1659
2495
1805
586
324
1230
2014
1912
938
15
362
1712
2525
1494
-539
-1397
-24
2057
2170
229
-1701
-1673
564
2534
1858
-704
-2439
-1522
987
2187
674
-1874
-2780
-1551
-161
-145
-859
-998
-507
-594
-1767
-2639
-1612
814
2143
569
-2094
-1604
2846
5167
-1002
-11768
-14006
-1338
14470
15235
-1696
-19446
-21318
-8837
3857
8815
8578
4533
-6152
-20096
-23943
-9244
12913
21233
8341
-11277
-19520
-13318
-1888
6964
11154
9709
2239
-6237
-7548
-820
5836
6077
3821
5393
8283
5417
-2597
-5653
1379
9721
8911
1403
-1317
4227
7901
1867
-7116
-6828
3442
11268
7813
-1528
-5836
-2848
468
-138
-871
2342
6439
5240
-1414
-7028
-6135
22
5852
7443
4593
-349
-4062
-3970
-197
3838
4813
3259
1778
1131
-11
-1955
-2188
1021
4898
4977
884
-2756
-2245
801
2347
1232
53
515
905
-787
-3378
-3628
-889
1693
735
-3046
-5549
-4358
-988
992
98
-2204
-3865
-3637
-2048
-330
568
-195
-2010
-2887
-1895
-94
823
487
52
71
-45
-475
-498
859
2769
2972
1368
58
611
2191
2816
1956
858
838
1588
1787
999
245
467
1380
2094
1802
583
-454
-546
381
1493
1539
295
-1241
-1503
-111
1368
1022
-1141
-2831
-1991
605
1924
297
-2527
-3651
-2405
-456
390
23
-492
-910
-1650
-2699
-2988
-1555
747
1868
354
-2284
-2320
1532
4858
1617
-7062
-11601
-4416
8616
13042
3071
-11518
-17132
-10889
-885
5212
7242
5479
-2721
-15155
-21539
-12890
5339
16440
10575
-4968
-15571
-14688
-6297
2976
9144
9638
3719
-4399
-7747
-3816
2324
5116
5429
6681
8064
5229
-1332
-3927
1530
9018
9805
3839
219
3339
6897
3908
-3049
-4892
1105
7609
7026
1046
-2864
-1999
-150
-693
-1418
1386
5770
6299
1100
-5413
-7307
-3481
2570
6503
6133
2192
-2450
-4612
-2898
990
3861
4493
3791
2604
590
-2055
-3004
-283
4183
6082
3508
-775
-2346
-680
1157
1224
429
842
1958
1207
-1730
-3992
-2851
433
1863
-213
-3326
-4302
-2826
-1214
-1057
-1866
-2718
-3204
-3250
-2612
-1509
-1186
-2081
-3079
-2742
-1092
231
422
175
166
-71
-980
-1405
-58
2367
3391
1808
-649
-1512
-115
1925
3051
2970
2107
1174
392
77
555
1442
2314
2552
1772
405
-775
-962
-45
1034
1382
656
-702
-1601
-1342
-139
670
178
-1021
-1477
-524
418
-400
-2581
-3639
-2077
276
593
-1453
-3016
-1861
-47
-216
-1734
-1916
354
2343
1165
-1758
-2758
-382
3016
4311
3095
210
-3544
-6617
-5523
1511
9091
8854
-724
-11406
-13439
-5997
3191
7502
6049
378
-7960
-14957
-14181
-3637
8761
11209
1557
-10095
-13336
-7603
-8
4482
6248
5735
1947
-3639
-5924
-2007
4170
6991
6023
4912
4521
2143
-2150
-3432
1825
8965
10259
4647
-1287
-1809
1051
2285
1362
1537
3804
4820
1896
-2373
-3564
-1124
1595
2155
1640
1580
1219
-763
-3407
-4052
-1809
1384
3382
3439
1685
-1454
-4449
-4510
-550
4234
5469
2561
-958
-1942
-1010
5
723
2167
4256
4414
1636
-1534
-2037
340
2838
3440
2527
1340
531
-413
-1416
-1550
-756
338
830
299
-1003
-2724
-4031
-4004
-2351
37
994
-791
-3936
-5623
-4329
-1611
-237
-581
-1050
-700
-495
-1560
-2632
-1562
1144
2716
1709
-289
-935
-201
530
935
1663
2855
3169
1588
-311
-508
859
2233
2685
2463
1997
925
-818
-1483
125
2797
3781
1578
-1834
-3213
-1655
627
1246
253
-848
-1207
-1116
-1542
-2172
-1854
-842
-139
-535
-1555
-2039
-1863
-1471
-1147
-736
-124
192
-322
-1324
-1475
-293
1142
1543
811
195
228
583
1218
2230
3043
1576
-2732
-6125
-3892
3564
8908
5468
-4388
-11656
-10366
-3267
3104
5276
3328
-1856
-9046
-13846
-10761
-502
8292
7731
-765
-8853
-10524
-6492
-424
5055
7946
5943
-367
-5734
-4856
1194
6130
6499
4415
2914
1732
-536
-1824
918
5923
7526
3337
-1762
-1882
2257
4713
2402
-1014
-1128
1487
3109
2082
446
-131
-559
-1658
-1771
541
3287
3083
-476
-3807
-3813
-1036
1796
3095
2789
972
-1797
-3647
-2293
1605
4394
3413
122
-1564
-487
1155
1525
1171
1708
2441
1553
-178
-493
1219
2988
2755
1391
790
841
349
-825
-1089
199
1259
611
-1183
-2289
-2014
-1535
-1504
-1314
-811
-773
-1880
-3209
-3156
-1747
-364
-141
-857
-1609
-1896
-1493
-534
336
443
-184
-783
-418
642
1134
900
552
430
526
553
640
988
1435
1766
1779
1402
949
632
461
686
837
858
1090
1041
334
-1150
-2340
-1690
415
1908
1162
-1086
-2352
-1849
-965
-773
-1221
-1087
-269
-257
-1484
-2575
-2012
-574
-276
-1197
-1572
-409
805
195
-1210
-1078
749
2144
1565
-13
-618
307
1672
2409
1844
-579
-3774
-4371
-145
5786
6637
-32
-8123
-9974
-5024
985
3398
2676
290
-4693
-11268
-13407
-6523
4714
9552
3049
-7732
-12205
-7969
-495
4745
6401
5246
1608
-2877
-4429
-1151
3936
6340
5245
3258
1849
496
-395
862
4460
6701
4421
153
-919
2298
4936
2985
-1202
-2472
428
3330
2920
631
-658
-587
-1084
-2264
-1557
1610
4138
2730
-1976
-5457
-4609
-623
2782
3419
1898
-561
-2639
-3171
-1561
1379
3586
3723
1961
-193
-1322
-837
1036
3014
3847
3051
1384
365
427
1037
1514
1784
2005
1695
938
239
175
636
670
-25
-859
-878
-245
142
-387
-1819
-3140
-3441
-2590
-1090
-157
-821
-2393
-3426
-3211
-1986
-596
313
578
172
-793
-1743
-1751
-511
1355
2588
2232
734
-648
-918
43
1524
2501
2583
2002
978
-121
-750
-467
735
2023
2290
985
-970
-1685
-634
946
1322
210
-986
-1205
-689
-430
-683
-840
-552
-280
-581
-1130
-1401
-1187
-838
-919
-1204
-1106
-637
-266
-66
131
342
134
-562
-977
-678
292
1197
1582
1737
1338
-664
-4047
-5608
-2246
4454
7952
3496
-5479
-10753
-8179
-1512
2746
2705
790
-1996
-6591
-11292
-10892
-3459
4983
6365
-93
-7208
-8601
-4818
-223
2854
4470
4419
2133
-1154
-2110
239
2965
3817
3857
4747
5325
3387
350
227
3356
5479
3794
1070
1704
4817
5201
1128
-2887
-2219
1981
4476
3039
382
-624
-727
-1905
-2828
-1363
1892
3804
1993
-1730
-4001
-3196
-525
1788
2681
1813
-99
-1623
-1631
-274
954
1067
753
909
1319
977
114
242
1372
2171
1791
1037
1274
2116
1944
361
-1046
-770
761
1930
1780
671
-546
-1510
-1924
-1412
-239
806
555
-1199
-3174
-4052
-3573
-2272
-804
1
-349
-1619
-2937
-3510
-2713
-781
844
1350
603
-769
-1586
-1375
-56
1579
2402
1956
804
160
306
867
1227
1303
1544
1670
1230
394
-206
-30
516
642
581
780
990
606
-513
-1433
-1026
349
1323
1020
-230
-1261
-1436
-814
147
691
564
12
-820
-1267
-789
96
684
596
167
104
306
368
231
230
724
1297
1335
621
-659
-2347
-3800
-3291
24
3747
3578
-1910
-8304
-9369
-4574
872
2362
148
-2694
-5389
-8570
-10197
-6772
662
5287
2109
-5735
-10090
-7010
-689
3005
3115
1953
914
-357
-1425
-429
2508
4953
5014
3746
3229
3262
3052
2915
3636
4713
4270
2511
1860
3406
4921
3549
118
-1777
-354
2187
2906
1622
88
-600
-1193
-2090
-2032
-393
1583
1814
-126
-2329
-2970
-1527
598
1552
907
-402
-806
-131
799
1218
1000
788
819
991
1211
1842
2889
3089
1792
64
-445
930
2944
3561
2377
331
-1172
-1265
-630
-38
177
239
361
-168
-1663
-3217
-3489
-2100
-280
145
-1231
-2794
-3077
-2372
-1855
-1921
-1723
-878
-328
-768
-1656
-1927
-1180
-133
276
220
241
471
774
860
724
601
641
996
1741
2366
2107
932
-253
-311
765
1757
1857
1043
117
-334
-445
-283
-11
458
622
12
-780
-1197
-883
-226
230
228
-304
-810
-741
-85
456
279
-400
-744
-278
442
818
522
57
32
130
201
218
403
723
747
381
-639
-2054
-2695
-1575
893
2471
953
-2869
-5769
-5360
-2558
-457
-260
-1131
-2284
-3989
-6382
-7250
-4735
-444
1558
-642
-4311
-5652
-3551
-653
493
205
-88
350
834
919
947
1251
1800
2167
2425
2841
3260
3728
4064
3743
2745
1547
1284
2896
5226
5718
3429
345
-831
282
1776
2183
1921
1905
1573
-72
-2125
-2607
-974
1088
1444
-53
-1560
-1716
-885
-330
-630
-959
-663
90
895
1109
630
138
153
665
1004
978
1259
2119
2915
2431
762
-270
447
2099
3112
2620
1296
430
165
-77
-477
-719
-281
469
694
47
-1235
-2190
-2237
-1727
-1262
-1128
-1164
-1092
-1338
-2323
-3283
-3225
-2040
-550
59
-309
-944
-1441
-1600
-1399
-854
-47
501
384
-88
-376
-285
-224
-247
169
986
1376
1006
280
-29
416
841
925
903
903
714
169
-250
122
971
953
-91
-1133
-1070
61
942
819
74
-452
-678
-912
-683
210
1214
1245
-102
-1438
-1541
-564
374
488
20
-523
-722
-754
-711
-492
-244
-76
-201
-510
-827
-940
-965
-1103
-893
-321
171
6
-885
-1714
-1869
-1130
-107
364
-46
-1059
-1879
-1979
-1465
-886
-531
-457
-541
-716
-1016
-1208
-971
-204
505
466
-87
-363
57
624
720
460
369
699
939
831
791
1086
1356
1262
901
651
960
1528
1838
1628
915
318
233
626
1419
1964
1490
384
-369
-245
510
1079
1278
1318
1123
680
154
-66
452
1326
1750
1519
763
207
287
547
707
418
14
115
517
849
597
83
-189
-346
-245
12
466
908
695
-304
-1529
-1659
-562
574
1044
586
-356
-1250
-1823
-1633
-654
493
891
88
-1198
-1808
-1467
-665
23
334
275
-76
-539
-862
-797
-395
-132
-193
-372
-485
-454
-535
-823
-1057
-996
-577
-131
8
-252
-632
-814
-931
-936
-525
319
833
408
-523
-1032
-520
399
854
755
553
510
291
-144
-198
387
911
882
541
362
508
727
696
395
159
7
35
237
334
125
-345
-696
-507
-73
-55
-421
-920
-1025
-804
-788
-787
-720
-558
-529
-796
-915
-665
-223
-52
-259
-537
-446
35
247
74
-152
-237
0
325
499
405
196
167
103
131
344
646
670
275
18
133
559
608
121
-399
-682
-583
-439
-217
-28
-145
-547
-1215
-1405
-758
72
337
-129
-895
-1266
-854
-72
566
729
342
-125
-299
-75
380
796
956
916
689
470
514
766
1244
1451
1376
1308
1116
1015
1134
1366
1546
1356
897
692
806
965
821
427
247
331
418
220
-107
-68
221
209
-395
-1082
-940
-153
339
22
-754
-1133
-740
-105
199
306
243
-1
-213
-369
-279
76
288
395
304
77
121
230
377
608
683
484
175
60
199
227
-33
-296
-344
-176
-146
-332
-633
-1072
-1265
-952
-505
-381
-703
-1233
-1499
-1461
-1291
-961
-488
-146
-199
-659
-1134
-1119
-576
-13
96
43
65
94
36
-168
-143
203
499
547
318
118
131
296
419
289
99
4
-55
-45
61
-118
-642
-846
-533
-152
-78
-399
-681
-635
-595
-711
-682
-345
123
116
-456
-793
-506
175
530
301
22
45
278
435
429
410
557
646
502
399
444
538
456
282
544
937
884
393
-129
-67
331
509
471
425
436
124
-538
-867
-507
295
647
246
-197
-338
-167
-39
-132
11
327
476
243
-180
-119
365
661
463
140
122
377
671
638
539
540
432
354
326
573
950
889
490
82
-77
84
303
350
196
38
-134
-345
-396
-335
-366
-543
-674
-549
-263
-255
-695
-1119
-1117
-669
-221
-26
-43
-192
-351
-574
-663
-396
172
592
386
-133
-482
-430
-28
420
691
727
574
282
-2
-67
260
700
868
738
311
-93
-218
-187
-13
208
310
260
9
-342
-552
-543
-483
-286
-44
-85
-315
-694
-1066
-1017
-692
-390
-200
-313
-611
-904
-859
-485
-204
67
84
-195
-379
-322
-92
-57
-49
-27
-96
-87
-113
-29
107
24
-251
-431
-321
19
333
249
-10
-249
-325
-85
95
149
133
46
-19
-105
-157
-109
93
317
312
204
191
273
331
312
254
247
359
444
462
308
5
-71
149
439
515
317
26
7
210
220
137
54
49
151
113
93
60
-30
-16
-112
-91
4
3
205
371
347
110
-111
49
366
577
407
61
-13
97
276
306
294
373
327
234
151
99
35
-36
71
298
476
310
-112
-174
104
362
362
42
-153
-141
-135
-178
-200
-95
-38
-171
-425
-427
-106
167
90
-287
-522
-518
-286
-3
76
94
-126
-432
-392
-220
-86
-62
-167
-260
-421
-590
-505
-256
-31
-18
-306
-482
-392
-146
-73
-305
-372
-220
-1
-45
-179
-33
112
158
-82
-341
-219
74
374
424
100
-174
-218
-182
15
216
222
132
-25
-145
-23
265
341
242
158
120
184
150
61
122
202
112
-115
-156
184
467
299
-58
-242
-51
302
422
184
-124
-177
-179
-242
-295
-267
-29
168
11
-225
-180
55
182
114
4
-55
33
168
201
297
373
323
243
135
134
115
134
339
451
441
358
223
164
57
-70
-16
110
236
204
-58
-192
-105
-110
-179
-232
-253
-134
-40
-143
-278
-369
-509
-519
-402
-173
74
59
-171
-435
-575
-491
-186
139
251
41
-244
-407
-324
3
284
326
139
-40
-152
-172
-136
-201
-94
125
140
77
-69
-134
-73
-54
-49
25
164
168
69
-155
-332
-268
-115
41
18
-8
149
141
-64
-208
-110
178
436
463
309
147
43
40
17
146
356
383
294
145
70
106
191
300
453
419
141
0
-1
33
46
-65
-66
88
111
-12
-222
-368
-267
-119
-48
-102
-234
-225
-90
-77
-163
-27
138
113
-84
-332
-319
-167
-24
10
95
213
13
-143
-99
-9
243
326
73
-67
-8
65
129
103
124
302
282
91
5
-6
168
308
169
33
-3
-122
-149
-65
29
160
11
-241
-357
-357
-163
-4
23
66
-16
-200
-285
-182
101
278
127
-119
-206
-104
19
3
16
14
31
128
3
-138
-169
-109
128
210
172
134
10
-20
142
245
152
7
-117
-48
37
-66
-164
-146
-39
42
-111
-317
-193
-35
-7
-207
-385
-203
1
74
-70
-246
-187
-47
2
-46
-87
-69
-140
-179
-117
-15
158
242
237
222
157
110
169
212
148
92
102
97
92
61
-32
-3
56
-49
-90
-85
-102
-85
-125
-189
-290
-360
-318
-223
-81
-6
-154
-483
-640
-325
33
21
-71
-124
-141
-51
-101
-64
200
293
159
-61
-173
-9
223
321
166
-5
58
223
356
314
139
-6
84
176
217
243
152
104
107
169
178
219
324
292
49
-85
5
92
231
187
-53
-174
-127
-19
-17
-79
-82
-19
23
10
-30
15
47
-143
-132
44
80
70
-87
-176
-113
-79
0
45
136
157
-40
-296
-398
-141
76
127
-33
-174
-24
79
143
65
-34
83
203
133
78
212
260
85
-98
-102
59
239
325
247
107
111
70
-43
25
288
506
454
233
56
-42
-83
-4
91
79
84
0
-270
-333
-167
-57
18
65
15
-149
-306
-341
-370
-346
-334
-367
-354
-340
-341
-357
-347
-304
-222
-148
-75
-89
-166
-177
-175
-213
-289
-154
87
87
-88
-236
-141
114
243
297
257
204
279
308
276
214
230
339
304
176
26
-16
57
152
215
106
19
-22
-54
-22
-44
-40
-62
-88
-115
-147
-119
-111
-75
66
150
-1
-98
-46
15
7
-80
-101
94
184
47
-87
-231
-169
-80
59
197
118
62
-59
-23
130
176
226
220
208
142
39
51
92
137
177
136
144
206
210
220
232
231
208
115
48
21
-12
-40
47
120
9
-130
-215
-198
-129
-68
-65
-92
-127
-127
-115
-104
-82
-80
-168
-322
-272
-169
-157
-77
-85
-207
-226
-259
-275
-129
-42
-73
-208
-340
-296
-181
-67
-5
-37
-83
-60
-77
-137
-21
61
-16
-62
-65
-8
18
-34
17
110
152
269
226
183
310
212
70
48
132
293
335
217
106
151
202
253
297
224
147
78
28
6
17
23
-32
-20
-68
-119
-75
-128
-156
-163
-172
-198
-278
-211
-66
28
-109
-300
-330
-317
-122
4
5
-30
-159
-202
-131
1
189
275
145
-55
-123
52
194
212
216
115
101
109
52
136
255
351
293
95
87
239
323
262
45
-55
20
6
3
-55
-118
-76
-43
-71
-96
-31
-66
-81
-76
-55
-21
-95
-122
-129
-115
-116
-153
-247
-242
-143
-143
-139
-88
-38
-39
-93
-178
-117
-27
-16
22
-87
-127
-14
55
144
124
62
80
124
128
6
37
71
86
213
166
73
-26
-51
50
0
-8
127
196
187
49
-85
-139
-81
79
100
101
114
7
-137
-237
-179
-26
90
115
27
11
24
-85
-60
63
114
133
-5
-114
-133
-154
-76
-4
-17
-41
-62
-100
-88
-63
-51
-56
-6
47
-8
-108
-133
-41
-7
5
13
-24
28
75
19
14
20
22
106
122
56
90
162
218
298
213
105
180
106
16
71
43
102
153
31
-35
-19
-8
-62
-75
29
47
-48
-72
-10
-21
-159
-214
-134
-30
13
-102
-112
-54
-106
-119
-175
-222
-124
-37
-13
-70
-109
-88
-79
-7
14
-8
16
37
142
226
212
118
24
114
248
296
204
75
148
186
29
-68
16
216
211
36
43
124
50
-140
-220
-88
41
26
-2
26
24
-57
-299
-325
-31
126
95
-8
26
44
-205
-381
-319
-157
-3
61
24
40
140
75
-121
-160
-121
-93
-37
-91
-35
40
-70
-132
-136
-132
-235
-175
62
179
244
107
80
128
-55
-107
-61
-22
85
110
148
290
267
83
-21
18
49
92
92
103
207
156
22
-84
-22
55
78
73
33
149
167
108
-28
-189
-155
-107
-138
-191
-115
-38
-53
-18
-40
2
46
-129
-291
-317
-214
-126
-154
-132
-76
9
89
-10
-71
-5
58
152
171
206
280
222
-31
-296
-326
-118
227
360
371
400
335
161
-60
-154
-124
124
289
229
239
148
-21
-283
-427
-209
33
178
334
406
260
-130
-614
-679
-382
-166
-25
217
386
250
-294
-734
-521
-226
-84
55
388
724
397
-424
-916
-830
-923
-1249
-611
993
1803
871
-528
-788
-362
-551
-977
-238
1446
1899
340
-1063
-843
-159
-481
-1126
-368
1370
2062
1031
-143
-267
-258
-1132
-1823
-636
1438
1837
520
-305
21
46
-982
-1459
93
1896
1776
620
37
-35
-531
-1296
-1100
29
1078
1179
711
588
168
-621
-910
-438
313
563
659
881
737
-179
-1278
-1247
-428
345
716
849
1021
622
-374
-1165
-1019
-295
100
293
749
1061
590
-390
-881
-577
-262
-191
405
1247
1313
456
-567
-954
-858
-700
-280
620
1281
981
281
-210
-508
-704
-750
-174
761
980
386
-76
-167
-376
-843
-968
-161
696
700
173
-60
60
-300
-912
-938
-247
385
279
-38
-64
-73
-433
-830
-586
156
450
122
-167
-215
-355
-752
-779
-294
204
289
-64
-189
-108
-344
-673
-565
-29
309
305
207
17
-231
-610
-724
-315
229
546
530
500
351
-214
-735
-728
-293
228
586
678
489
129
-379
-735
-524
-98
363
753
774
523
221
-100
-358
-374
-198
267
718
762
515
79
-263
-414
-505
-234
369
866
831
302
-131
-359
-482
-520
-263
267
596
473
47
-163
-191
-330
-421
-157
384
663
496
119
-103
-302
-625
-614
-187
450
911
846
511
133
-91
-274
-420
-82
410
719
646
231
20
-103
-217
-134
37
287
594
706
615
441
113
-259
-484
-406
-18
354
405
237
26
-83
-196
-353
-339
-90
228
197
-208
-362
-265
-388
-521
-553
-352
-71
-114
-232
-217
-151
-267
-466
-441
-119
61
-138
-165
-92
-79
-278
-522
-215
164
239
80
-59
-37
-85
-226
-231
63
285
281
33
-173
-6
2
-168
-199
34
311
266
156
144
148
52
-129
-114
217
509
413
183
164
218
27
-305
-313
42
223
54
-118
-118
-26
-130
-405
-294
134
240
-14
-275
-400
-323
-183
-156
-104
74
173
89
-129
-239
-188
-285
-229
91
260
314
157
-241
-345
-289
-320
-31
347
605
749
425
20
-181
-266
-160
46
388
723
805
579
169
-186
-371
-298
63
570
896
874
666
289
-200
-561
-661
-332
251
655
624
300
100
-208
-643
-739
-257
317
418
340
91
-201
-532
-837
-744
-447
-98
176
254
178
-35
-401
-586
-459
-151
163
216
164
-42
-293
-468
-519
-277
21
283
501
440
101
-188
-298
-274
-172
5
227
489
499
71
-263
-290
-83
100
166
329
568
631
225
-240
-366
-276
-196
-129
76
366
324
-35
-244
-244
-156
-145
-101
93
236
98
-212
-370
-301
-209
-197
-129
24
151
0
-191
-128
-39
-56
-69
27
-6
-177
-228
-179
-52
85
28
27
133
147
56
-168
-94
188
291
165
133
385
332
36
-171
-108
219
357
281
264
327
259
-53
-266
-20
250
297
190
105
229
145
-111
-245
-136
14
-14
13
67
121
-45
-374
-386
-116
85
47
31
-9
-143
-272
-496
-408
-96
36
93
-12
-6
74
-182
-356
-172
44
-8
-96
83
253
99
-230
-307
-167
9
120
84
335
446
83
-182
-321
-144
57
-86
19
302
313
187
-66
-59
79
-61
-53
3
143
233
71
-38
-139
-84
-35
-106
-18
16
74
142
-55
-177
-68
23
-53
-219
-213
-61
94
21
-99
4
104
42
-204
-185
140
258
100
-53
15
195
109
-339
-348
235
395
85
-40
229
475
171
-241
-175
161
255
107
132
335
306
-35
-261
-146
168
224
61
138
261
132
-194
-367
-178
22
10
-61
-22
30
-135
-367
-405
-239
-83
-2
132
186
105
-95
-349
-341
-265
-200
-30
131
254
169
-85
-168
-106
-87
51
261
411
425
216
-66
-198
-228
-191
24
232
321
342
297
160
-38
-238
-230
66
286
322
303
218
119
-131
-474
-396
-43
207
213
108
122
19
-263
-444
-414
-186
-70
-113
-32
54
-35
-233
-337
-279
-17
48
-88
48
141
12
-157
-309
-207
9
93
158
181
122
1
-70
-63
-70
-7
43
78
144
-7
-108
63
186
247
195
93
86
65
-6
-5
94
114
40
16
62
118
84
-120
-190
-33
-2
-9
109
143
10
-216
-304
-242
-213
-139
-78
3
80
-53
-217
-300
-210
-94
-118
-25
16
-38
-104
-133
-102
-126
-74
-32
83
231
114
-76
-167
-163
-117
10
176
276
248
50
-75
-74
-70
75
262
377
445
235
16
31
31
-17
-82
53
328
343
237
186
176
83
-109
-155
94
372
310
26
-51
86
-17
-225
-251
-102
91
27
-78
18
51
-30
-116
-199
-95
-86
-247
-239
-53
168
106
-55
-32
4
-1
-79
-58
83
133
144
77
76
81
-87
-125
-104
-72
33
85
211
269
114
-135
-232
-42
47
12
146
200
152
36
-111
-26
53
66
27
38
172
117
-71
-213
-198
-83
-103
-72
8
-55
-119
-260
-309
-161
-33
7
37
126
88
-117
-306
-336
-243
-46
51
113
210
116
-100
-259
-294
-250
-137
-9
166
314
225
-33
-185
-204
-223
-216
-67
199
391
341
88
-74
-100
-99
-76
-45
87
209
202
76
17
97
12
-121
-82
45
139
116
70
76
60
-48
-110
-100
-145
-119
-70
-60
-65
-31
-35
-11
39
-65
-114
-170
-201
-151
-135
-50
58
129
96
2
-13
-42
-37
-65
-24
124
100
138
57
-57
12
-10
-74
-72
84
207
240
185
121
148
-24
-86
-49
-80
53
95
98
98
69
110
97
47
-44
-71
94
86
-9
52
67
62
-75
-143
-63
-31
73
62
52
147
152
63
-97
-69
22
-109
-166
-86
66
189
80
21
61
45
-43
-141
-36
90
63
4
33
122
96
46
-38
-94
-33
-51
-41
84
131
120
100
10
-3
-71
-166
-118
-46
37
81
90
118
110
4
-105
-107
-23
29
80
129
59
43
-38
-195
-187
-161
-114
-23
63
171
64
-118
-135
-96
-78
-147
-116
-11
21
21
-24
-69
-86
-17
2
-32
-58
-44
19
-40
-32
-28
-72
-21
-28
-15
-140
-165
-43
-126
-75
49
134
125
47
10
-124
-166
-219
-183
88
230
183
85
37
-11
-132
-204
-140
59
224
208
166
143
113
-43
-238
-204
-26
102
169
260
279
136
-58
-110
-99
-71
47
132
214
194
94
-6
-97
-121
-96
-6
40
59
110
141
131
47
2
21
8
0
34
53
38
84
5
-97
-49
10
52
-44
-118
-130
-151
-77
-51
0
85
113
11
-145
-96
-118
-197
-50
71
117
95
-1
-18
-86
-192
-263
-201
39
201
239
144
86
27
-104
-172
-137
24
63
107
173
173
98
-66
-80
-12
54
56
109
149
122
142
12
-89
-62
-99
-72
-2
31
102
99
115
75
-42
-16
-35
-123
-130
-95
-55
4
41
70
54
-6
-66
-146
-108
-57
-7
64
92
142
38
-62
-83
-161
-161
-48
45
98
190
153
66
-3
-137
-156
-165
-172
46
179
128
97
36
-27
-59
-177
-217
-26
53
16
8
47
72
-3
-33
-62
-30
-18
-78
-35
71
159
31
-136
-144
-85
-54
-173
-160
-63
-96
-11
55
3
-5
-16
-42
-54
-77
-32
23
20
58
66
14
-23
-73
-52
18
29
75
45
5
56
106
90
-37
-85
-6
76
33
17
121
170
176
70
-14
37
19
-29
-39
58
157
110
96
95
110
10
-224
-226
-68
54
103
124
143
78
-74
-201
-240
-172
-106
-62
93
221
181
46
-65
-146
-208
-194
-172
-74
165
200
16
-27
-28
-100
-99
-92
42
208
171
68
25
21
-51
-69
-145
-114
99
56
14
41
86
165
38
-4
108
92
41
-60
-159
-117
-33
16
19
54
97
31
-116
-137
-112
-87
40
66
92
177
103
-43
-140
-165
-140
-87
-40
11
122
157
49
-66
-132
-113
-63
0
87
66
71
67
-18
-106
-120
-46
-46
4
102
122
86
28
-15
-15
17
-1
0
19
42
70
38
-21
-44
-15
-67
-62
-15
-64
-1
53
18
41
79
57
-4
-99
-105
-54
-94
-28
57
65
88
9
-67
-33
-88
-179
-121
-5
68
38
-14
42
-1
-151
-155
-113
-108
-25
59
74
128
35
-33
-1
-25
70
44
-34
58
104
82
17
-15
104
53
-74
-6
0
-42
-1
9
83
140
38
70
86
58
43
-60
-51
24
74
76
53
41
2
-102
-106
14
76
108
96
144
155
13
-58
-96
-133
-112
-33
-3
19
70
12
4
-20
-95
-63
-69
-10
113
139
99
16
15
-5
-63
-62
-105
5
55
-10
47
9
-12
-27
-79
-89
-155
-99
-33
-48
63
81
34
27
-38
8
23
-69
-30
27
65
49
5
-8
-22
-59
-112
-38
-66
-6
101
14
-2
-44
-63
-52
-139
-150
-41
35
37
46
68
81
28
-51
-36
-6
-31
-36
-81
14
75
-32
-4
-22
-15
-59
-124
-33
-22
-49
-14
-9
5
44
-45
-54
-31
-38
65
39
5
114
115
28
-32
-18
22
-94
-100
19
16
-26
-90
-55
-27
-94
-86
-35
-2
13
100
92
13
114
93
-31
-24
11
54
103
79
90
126
44
37
1
-73
-17
-70
-79
-38
-22
6
-36
20
16
-17
14
24
97
133
109
88
70
25
25
66
60
25
-4
70
55
-30
7
-29
-10
1
-70
-34
-31
-31
-28
-33
11
42
66
13
12
45
-14
-63
-63
-18
81
163
155
136
81
25
-97
-133
-85
-82
-16
-21
-8
3
-56
-147
-175
-121
-77
0
19
95
164
67
18
-1
-42
-8
38
89
141
111
14
-33
-22
-87
-142
-105
-10
-19
-94
-27
-40
-57
-73
-109
-62
-57
2
-39
-64
17
37
-15
14
96
26
4
1
-31
-60
-25
-51
-76
11
19
-43
-141
-103
-82
-83
-32
-14
32
30
20
19
4
1
8
53
128
103
119
168
60
57
55
-1
30
15
61
79
56
60
-53
-57
14
-45
-9
0
-24
45
12
22
87
72
69
97
94
93
93
47
60
101
39
-17
-2
-7
-21
-24
-13
0
-41
-45
0
-59
-76
-75
-105
-85
-67
40
66
-3
86
98
-28
-24
-11
-8
24
13
22
12
-23
-12
-16
-70
-33
-14
-57
-3
6
-12
-47
-125
-114
-90
-96
-69
-59
-1
9
3
87
49
15
24
54
59
12
-6
-49
-37
-17
-39
-95
-71
-26
-89
-69
-42
-79
-56
-82
-79
-42
-45
-26
-44
-10
31
65
71
6
85
117
1
9
22
30
10
-24
55
48
25
32
13
-30
-44
39
-8
-50
18
24
29
19
-5
-21
29
55
51
148
146
125
122
110
83
23
-20
-53
40
50
26
45
-8
-13
5
-36
-117
-89
-42
-115
-61
19
-10
5
-47
-25
61
44
17
-34
0
48
-36
-11
13
-43
-19
-27
-45
-55
-46
-86
-96
-46
-84
-62
-83
-122
-31
17
44
3
-7
89
56
1
15
25
5
51
116
95
77
47
0
-23
-43
-71
-20
59
38
77
116
24
11
27
-4
44
118
123
91
127
126
33
-7
-48
-40
15
15
21
58
31
-17
-17
-56
-32
-3
-74
-29
-20
-61
-52
-43
-19
-44
0
23
-32
-30
-80
-88
-45
-95
-48
48
8
-5
7
-57
-76
-100
-54
18
-38
44
88
26
0
-51
-37
-14
28
6
69
127
73
65
10
55
46
-22
34
36
49
41
-34
-18
-15
-35
-51
8
33
-14
2
-19
-20
-39
-40
-12
19
21
14
88
13
-8
12
-40
-2
-70
-80
-17
-51
-15
-19
-68
-31
-56
-94
-96
-112
-88
-68
-50
-32
6
24
16
33
14
7
23
-28
32
82
17
86
65
35
32
30
47
-38
-13
10
-10
12
43
91
64
39
42
22
29
-4
14
45
46
122
130
112
99
46
35
0
-15
-5
-8
4
28
47
-12
-63
-63
-36
-50
-73
-22
-19
3
-2
-49
3
8
-27
-36
14
108
75
42
75
56
53
23
-24
7
23
-30
-57
1
-12
-62
-78
-79
-54
-75
-107
-100
-76
-47
-28
-37
-1
26
35
72
99
79
30
7
41
60
-8
0
-22
-55
-10
-96
-112
-65
-154
-112
-13
-38
-2
29
-2
2
29
7
-38
12
61
8
75
101
11
6
25
50
10
22
40
2
9
-3
-32
-55
-60
-44
-41
16
36
16
44
18
42
91
68
28
99
97
29
25
-20
-7
-23
-12
45
6
0
-1
-12
-41
-106
-70
-60
-88
-58
7
-1
-31
-10
-26
5
1
-42
-29
-13
-9
-22
-11
20
50
95
66
73
114
24
-20
2
34
-10
8
52
-35
-11
-13
-62
-46
-35
-23
29
35
50
84
22
9
8
12
28
19
50
76
40
5
0
21
-16
-71
3
49
-55
-109
-11
-16
-102
-40
37
-7
-33
18
26
36
-16
-79
28
7
-46
-31
-24
-24
-99
-82
-4
-29
-42
0
24
46
-1
-48
-16
-20
-43
-44
-35
-56
-79
-53
-2
34
28
18
66
84
27
18
44
-4
-28
37
55
63
67
6
-17
-19
-42
-90
-89
-49
-38
-20
-15
-37
-27
-25
-89
-1
8
-83
42
45
10
97
41
18
38
-45
-4
21
-52
-2
67
56
53
64
53
25
-52
-66
-29
-41
-27
38
106
71
75
102
27
46
24
-3
64
70
45
59
56
34
34
-4
1
-2
-25
21
28
-23
4
23
-43
-8
24
-25
6
19
-48
1
37
-38
6
42
3
13
36
47
-30
-25
33
-36
-62
-48
-50
-42
-98
-50
34
-67
-67
-15
-55
-47
-56
-74
-93
-36
0
-31
-10
39
3
-49
-4
-22
-17
-8
2
44
87
57
-5
83
46
-96
-78
-37
-124
-135
-79
-59
-69
-70
19
19
-14
24
74
43
9
35
41
27
15
28
65
58
15
57
72
13
34
18
-67
-47
-14
-66
-84
-55
4
-5
-14
75
98
86
78
76
89
42
7
30
39
21
44
69
37
24
31
28
-6
-48
-37
-17
-48
-71
-20
-29
-67
-67
-20
32
-34
-18
58
27
-8
26
53
46
34
31
55
43
6
-61
-37
10
-92
-12
40
-31
30
-26
-37
-48
-82
-63
-105
-20
18
12
55
40
-6
27
34
-45
59
76
-9
64
76
46
-1
-58
-18
-13
-42
-34
-7
2
-18
-33
-8
-16
-75
-50
-60
-66
-13
-88
-75
-23
-45
31
13
34
79
18
62
27
0
-7
-35
-21
-71
-38
-42
-97
-76
-63
-41
-104
-45
-10
-53
4
-32
17
-2
-31
63
30
9
68
74
21
50
65
34
66
38
31
26
8
0
-46
-31
-39
-54
-53
5
50
-7
24
75
61
43
68
82
47
81
66
48
87
19
-11
47
25
-1
32
-12
8
23
-34
29
-1
-52
-10
5
49
1
-21
13
12
-18
-7
33
-9
27
62
63
88
11
-8
-2
-60
-65
-45
-53
-67
10
47
28
31
-8
-16
-42
-31
-38
-54
-32
-15
30
26
52
14
-32
32
20
-3
8
14
11
49
72
12
26
-10
-65
-6
-42
-66
-48
-69
-58
3
-15
-38
-5
-52
26
56
17
44
6
0
-20
-31
-48
-74
-71
-63
17
3
-29
-5
-55
-51
-39
-43
-48
-62
-38
-5
23
-20
-34
-11
-51
-4
34
0
8
14
30
13
41
17
-39
-18
-23
3
-11
-4
4
-7
45
74
35
-35
-11
24
-27
-8
22
16
39
58
58
80
37
2
44
58
82
75
75
59
50
21
-19
0
-58
-35
-29
-32
53
17
-45
-18
-1
-15
-56
-44
-25
-38
-13
11
51
-4
0
93
18
19
69
14
24
22
34
41
18
15
-16
9
-1
-42
-10
-5
-35
-28
10
-25
-3
27
-1
42
84
97
61
71
72
42
-13
-2
27
-28
13
24
54
59
19
58
15
-4
-13
-51
-13
-59
-87
-56
-40
1
-28
-37
0
-2
-4
-48
-38
-15
-24
14
29
82
91
16
21
33
-57
-98
-82
-114
-93
-66
-25
-34
-69
-38
-117
-73
-90
-118
-43
-122
36
88
28
76
-10
60
41
-59
-22
-8
-44
-12
68
47
37
50
6
7
16
-54
-56
-92
-73
-32
-113
-41
-38
-110
-48
-5
16
28
19
72
117
96
109
96
55
58
70
57
47
12
-14
1
15
0
-57
-4
40
-20
25
43
-27
-8
-5
-13
5
20
43
66
95
76
63
55
62
13
-23
69
42
-5
61
52
14
23
33
-6
-23
-29
-7
-40
-106
-9
-69
-114
-35
-82
-59
-32
-10
-16
-2
60
27
62
61
33
19
16
39
-17
-26
-29
-44
-12
-39
-81
-87
-86
-43
-73
-81
-40
-31
-31
-62
21
26
-30
-15
39
94
12
18
60
14
28
35
46
40
0
14
25
14
-35
-59
-43
-31
-25
-15
-2
-51
-36
0
-6
-13
-88
-41
15
-55
-27
-14
-5
36
40
78
123
80
3
30
29
-38
-62
-40
-18
10
12
-5
29
-25
-67
-49
-23
4
-37
-1
56
45
37
5
9
31
42
51
49
103
46
-9
43
-9
-74
-36
0
1
33
50
62
22
-4
39
-52
-80
-13
-29
-8
-6
7
66
23
7
59
43
14
-29
-1
35
-59
-80
-25
-30
-53
-12
-22
-19
-6
-43
-27
22
7
-34
62
85
44
64
22
13
-32
-61
4
-43
-44
9
-22
-10
8
-46
-58
-28
-1
30
56
57
79
67
19
37
12
-36
-23
-2
4
-4
12
-3
-65
16
0
-59
-3
-6
-18
-67
-61
-27
-33
-76
-27
31
20
17
-26
-5
-29
-86
-52
25
21
-1
65
102
55
6
14
-29
-34
-44
-37
15
-69
-40
-5
-83
-51
-33
-57
-42
-25
-14
0
22
-6
-21
54
70
58
90
63
86
80
23
34
22
-16
-41
-13
-31
-49
-65
-94
-55
-39
-48
-45
27
12
-10
20
-15
44
15
-24
34
97
86
10
68
67
-31
-8
-18
-23
-3
-51
23
29
-5
11
-15
15
12
5
35
41
38
7
-17
-4
-13
-22
-24
30
68
37
108
100
20
17
53
46
14
31
55
51
38
37
-8
-28
-42
-51
-32
-18
-15
-50
-8
-21
-23
4
-12
51
38
20
87
47
-28
-19
-73
-48
-30
-61
-14
-41
-19
34
-20
-30
-17
-35
-15
-27
-27
-61
-90
-71
-74
-59
-52
-43
-5
6
-12
-13
34
-54
-52
62
-20
26
54
-14
6
2
-43
-36
-8
-67
-36
48
14
-4
12
20
29
34
32
-1
10
-13
-49
-39
-85
-35
-24
-20
68
52
64
61
5
28
36
-35
5
72
28
44
45
61
29
-41
-4
-11
-13
-28
-52
-40
-9
-39
-86
-20
12
-18
7
43
48
18
17
109
52
40
95
75
76
-24
-30
-48
-110
-82
-43
-6
-5
59
102
41
13
-2
-26
-55
-60
10
17
16
66
42
35
47
2
-6
17
-18
5
34
-25
-70
-64
-41
-63
-58
-10
17
45
83
81
45
24
-24
-33
-25
-68
-58
-15
-41
-10
6
-66
-20
-58
-113
-26
-72
-32
34
13
50
81
113
52
20
3
-20
-40
-77
-58
-56
-50
-30
18
0
-21
26
-17
-24
44
-4
-25
46
30
2
-5
35
16
-23
29
13
49
71
14
35
61
24
8
31
18
-5
-24
2
27
-66
-33
31
2
11
67
57
1
58
20
0
-2
46
55
1
122
64
21
40
-6
0
-54
-3
57
0
-7
39
38
-34
-66
26
1
-11
89
72
71
60
4
-30
-49
-43
-78
-39
53
19
32
37
27
36
-54
-62
10
-11
-36
2
-4
-7
-29
-24
3
-14
13
-12
22
29
-65
-40
-62
-100
-36
-52
-38
3
-20
-33
-35
-40
-72
-81
-50
-26
-7
-17
9
22
-38
-2
21
26
-1
13
54
-10
-5
-36
-57
-47
-55
-27
-3
1
-40
-7
-11
-57
-17
6
34
45
102
98
64
57
-2
23
-34
-25
31
12
55
12
16
18
-29
-46
-29
-2
-3
30
35
54
35
-25
-18
-10
-31
-45
-21
21
32
-9
20
92
2
-13
64
26
29
-1
9
38
-51
-16
19
-32
-16
-33
-20
12
-19
-7
11
47
36
38
85
30
23
-26
-6
7
-38
15
48
70
68
126
90
51
66
-22
-3
15
-36
-13
-40
-21
12
-25
-21
-39
14
-30
-42
73
3
-51
-15
25
-7
-33
-5
-10
0
4
11
20
16
-1
-18
16
43
-24
-74
-34
-78
-99
-98
-121
-82
-79
-33
23
47
58
50
45
60
64
4
6
10
0
16
24
14
-21
6
11
1
-28
11
27
-35
14
31
53
11
-15
67
14
7
10
-18
25
10
2
4
76
71
-8
37
53
30
-33
-49
-4
-43
-106
-42
-24
-64
-40
-13
-15
-2
38
-36
-31
2
-52
-37
-35
-21
-11
-24
3
-5
-39
-43
-79
-94
-52
-37
-12
-12
25
65
14
39
53
-55
-16
47
-40
-39
8
-14
-63
-41
-8
0
-15
-20
72
64
-17
37
42
-5
-3
8
38
17
49
46
-7
39
26
-17
17
20
-11
8
20
-39
-32
-14
-29
-47
-20
73
15
-13
3
0
-34
-75
-6
-30
-22
46
45
69
59
-3
-25
-33
-16
-5
-90
-21
29
-25
45
-13
6
26
-18
47
53
36
23
-4
0
12
-17
-18
-18
22
71
44
75
89
34
30
42
70
3
-7
66
-8
13
30
-40
-1
-25
-6
44
12
38
67
60
46
53
29
-30
12
0
-32
-27
-27
27
-7
-17
43
7
-34
-4
-14
-2
-31
-73
10
24
-7
4
-13
-43
-14
-33
-83
-20
-36
-57
30
20
8
17
-28
-53
-2
5
-52
-51
-23
35
8
-39
22
29
-37
-31
13
56
-21
-102
-15
24
-26
-74
-28
24
0
6
35
33
28
9
-17
34
59
-27
-47
27
19
-73
-51
-23
-20
-31
-68
31
58
-33
-2
48
-2
-9
11
22
36
-4
41
84
-6
3
34
-27
-23
-64
-15
13
-54
15
15
14
12
35
13
-68
7
-31
-12
21
-32
74
37
46
103
71
11
-7
98
-12
-34
56
-29
-12
-16
-46
-13
-39
-54
-5
-23
-18
66
-10
-32
12
-45
-15
5
-3
12
66
88
51
110
60
-5
17
-26
-23
-53
-52
-66
-65
-34
-119
-13
10
-71
-1
29
82
55
9
48
3
-15
22
-6
-18
-8
-11
48
46
9
23
19
17
7
14
-5
-74
-48
-27
-88
-35
-1
-35
-26
-13
27
-7
-33
-40
-69
37
42
0
100
70
33
91
44
20
-5
-30
9
13
27
-26
-34
18
-73
-99
-33
-64
-83
-39
-6
8
29
69
50
49
46
78
104
3
14
62
8
0
23
-7
-18
-42
-25
-18
-84
-26
-48
-59
10
-27
-30
-29
-14
-80
-104
-14
-43
-37
12
19
63
79
56
42
-16
-20
-16
-57
-64
-96
-64
-50
-31
-39
-17
42
-28
-20
-1
-30
-105
-106
-68
-114
-63
9
26
75
86
62
127
70
47
22
-24
69
15
39
11
-12
41
-78
-22
-48
-116
-31
-72
-39
14
-28
8
50
-1
35
65
50
59
55
41
32
84
22
-12
16
4
23
-18
6
3
-39
-5
-42
-8
-28
-124
-43
0
-81
-78
23
25
17
52
64
108
77
41
30
26
29
16
-8
-10
28
2
-21
-23
-29
-23
-101
-63
35
-63
-37
27
-6
32
-8
-20
38
27
-1
10
48
87
74
7
55
65
-9
15
-60
-71
-36
-113
-63
-31
-39
13
0
18
77
5
-26
-21
-39
-45
-101
-5
29
-42
-1
45
67
8
-1
4
-21
2
8
13
-2
-29
7
34
-37
-62
-27
-49
-63
-58
-19
9
-74
-23
38
-26
-22
-6
15
-11
-2
79
110
45
40
100
44
21
-8
-55
-47
-52
-31
-37
-61
-27
-66
-51
-19
-86
-23
19
15
77
70
95
110
63
59
35
5
33
8
-31
4
-32
-36
12
-45
-55
2
-24
-8
5
-48
-13
-23
-59
-19
1
43
42
12
