93
-24
-30
-23
-1
52
61
-1
-36
93
94
19
21
48
101
49
53
129
128
91
44
60
19
-45
-19
14
21
-4
-33
-8
15
-66
-60
-5
-97
-126
-73
-42
-18
-22
-24
-77
-111
-39
-49
-73
21
59
17
-5
-27
-4
20
-47
-43
-2
-15
-9
-11
13
-4
10
8
-76
-52
-4
2
-47
-70
-23
-16
-16
15
11
0
4
-26
-46
-12
53
35
-18
-36
-19
55
56
-36
-90
-6
64
10
-18
37
65
-16
-74
-47
-6
4
25
10
-18
27
-18
-24
27
41
40
39
100
61
75
66
15
79
-4
-23
18
-56
0
40
26
26
-67
-18
10
47
132
-12
-49
-28
-25
1
-31
-71
-81
-74
-71
-8
-49
-26
107
45
13
53
-7
-18
-40
-85
2
38
31
81
117
78
38
75
6
-11
26
25
77
45
-80
-60
-1
-39
-42
-10
55
49
57
104
14
-64
-76
-14
55
68
38
0
10
-49
-51
-14
-41
-14
6
-14
-16
-9
-24
12
20
24
78
117
78
18
25
24
87
60
4
33
-27
-23
4
-66
-92
-62
-52
12
49
-24
-32
-2
-3
-1
-3
-35
-96
-78
-13
9
-67
-66
-7
-51
-56
-70
-107
-45
11
36
-15
-21
95
41
-34
-95
-72
-11
-32
-7
13
25
8
11
-11
-47
-15
-84
-75
45
10
16
9
-27
-30
-59
-22
-2
25
66
26
-24
-55
-38
7
108
163
61
12
2
51
118
52
12
-13
-20
-29
-9
64
51
95
47
-14
53
40
55
-25
-69
-23
-79
-54
-4
35
26
-6
-1
-33
-14
22
-57
-109
-96
-80
-53
-54
35
25
-29
-33
-63
-14
-8
1
-7
-6
20
32
47
16
29
33
-43
-25
10
-32
-8
-17
-62
-40
3
16
-34
-38
-25
-30
-23
-39
3
31
13
32
19
5
13
15
26
24
31
28
66
50
-48
-39
8
-6
-11
-11
-37
2
-3
-13
32
2
2
16
19
17
-63
-14
52
2
-16
39
142
131
105
25
-81
-21
35
52
57
18
21
0
-57
-84
-37
21
13
-4
-26
-50
4
81
50
24
-34
-8
73
21
21
-16
-88
-72
29
20
-55
23
47
46
52
20
-14
-43
32
56
60
33
-46
-7
-26
0
-9
-118
-39
4
-14
-19
-17
14
11
30
38
54
43
-25
13
-8
-57
-14
-3
77
114
22
19
55
47
12
-47
-25
-31
-74
-58
-66
-79
-28
0
-49
-62
-49
11
13
-49
-25
-3
69
91
22
-47
-65
11
-5
-4
74
28
-55
-89
-44
24
28
-33
-39
36
31
55
-12
-33
34
-30
12
11
-44
17
59
30
-35
-48
11
35
12
64
59
36
58
-47
-40
-14
-78
-28
-54
-28
-15
-38
-33
-73
-7
25
74
22
-41
-7
-30
18
0
-20
24
34
82
69
43
117
17
-115
-78
-75
-37
-14
-8
17
-9
-12
-16
-55
-83
19
28
-41
62
0
-141
-88
0
5
3
-35
-18
75
-7
-42
-7
-22
-10
16
38
-16
22
84
33
16
27
24
76
71
-27
-55
-34
11
-11
-97
-43
43
16
-5
-42
-40
27
3
16
41
34
76
37
-26
14
79
28
-59
-14
-20
-27
33
-6
27
58
12
40
68
-16
-104
-12
36
13
17
19
-20
-60
33
29
-46
-53
-46
-32
-33
-35
-31
-8
-33
16
33
-43
46
49
-10
-8
-29
21
27
-3
-36
-23
-1
-46
-37
-17
74
74
5
78
39
5
27
-110
-54
54
-11
45
44
6
53
53
69
102
52
43
25
-37
-27
-11
26
-25
-45
-54
-72
43
35
-18
-6
-42
-13
71
-24
-103
-33
-41
-79
-27
3
-6
19
20
-8
16
0
-65
-38
-9
-8
-8
9
0
19
18
-11
30
41
62
-12
10
82
36
41
-22
-7
51
-20
-6
21
-1
15
-2
-18
-24
1
34
64
28
-25
-1
5
35
41
6
-19
7
6
-2
36
22
14
21
-33
-88
-22
32
14
0
-53
-11
52
35
11
-68
-99
-26
-47
-54
-17
-20
31
35
13
-28
-5
37
27
-42
-55
61
30
-17
-39
-23
29
-17
-27
-30
-71
6
63
26
11
-23
-8
20
30
17
8
-14
-11
19
-22
24
22
-7
-11
-51
-62
-101
-48
-66
-36
56
18
32
-66
-92
23
26
-26
-49
-64
-61
-39
-9
15
-70
-69
-5
13
76
56
-17
-11
-34
-5
44
39
77
58
97
60
-2
-10
-56
31
90
62
108
78
49
127
116
81
34
39
35
-22
-57
-17
26
-71
-26
23
-40
-62
-55
24
23
-27
-31
-34
-2
-29
-66
-56
-64
41
19
-52
-31
-32
9
2
12
-78
-69
18
-36
27
52
78
44
-26
6
-41
-18
-32
-42
40
-11
-34
-13
69
91
-45
12
100
86
55
-38
-15
38
3
-34
-4
49
60
132
101
-22
-22
-23
-36
10
2
-4
2
-33
-6
-30
-56
15
-94
-83
2
-78
-72
-24
-9
-36
27
52
72
49
-18
12
-37
-19
-16
-70
-27
-20
-57
-27
1
61
34
-95
-56
5
23
-14
-23
14
5
32
-46
-27
72
-21
-52
-8
10
-21
-105
-65
-46
-33
59
-7
-32
44
27
44
6
-87
-32
2
-29
-31
-11
7
11
10
-22
18
73
10
36
71
-15
-1
20
34
73
30
-20
-24
-9
21
60
15
10
76
78
53
5
6
4
57
64
-24
47
27
14
46
-68
-58
-43
-85
14
83
6
-23
-38
-84
-61
-72
-81
9
25
-5
7
38
31
-6
50
53
-11
-29
-38
-3
15
1
18
53
27
-24
-16
9
2
20
20
31
95
-30
-78
64
65
-3
-118
-75
65
16
8
3
0
40
-2
-8
25
-19
-11
6
-70
-22
-8
-109
-33
36
7
45
27
-62
-42
61
18
-41
2
-21
-40
-52
-90
-61
-35
9
6
-65
39
68
-35
-37
6
7
-51
11
46
-4
10
-5
-49
-35
5
-39
-13
74
28
-37
-20
52
42
-17
-13
-22
8
47
17
76
45
-2
42
-7
-1
10
-36
9
35
6
50
57
-5
-3
-6
-100
-38
54
43
33
-45
24
60
-12
3
-33
-22
-13
-58
3
-75
-77
-8
-67
-47
-61
-28
-50
-65
-36
-53
16
0
79
100
-80
-8
87
22
38
28
-14
52
81
20
-35
-10
101
86
16
21
18
-31
-33
29
-1
18
13
-22
55
36
21
1
-23
-1
-33
-23
-26
-64
-33
0
7
9
82
97
67
34
-100
-38
14
-24
8
-33
19
51
1
73
79
42
49
5
14
-1
13
26
28
-6
-77
9
-64
-78
24
-43
-18
-22
1
125
73
-32
-1
38
17
11
23
-22
-93
-59
-44
-5
21
-38
-4
-18
-6
14
13
46
56
54
-61
-50
-13
-20
47
-67
-63
54
24
59
59
-39
-3
-14
-110
-28
-11
-44
12
-35
0
46
-45
-29
21
-27
-53
-45
-17
49
18
-12
37
17
-16
17
30
-7
17
39
-9
-51
-44
37
18
-19
18
26
48
-15
-53
37
60
-42
-74
18
15
-26
-39
-21
12
-15
15
47
-51
-17
70
72
62
-56
-35
78
48
-10
-13
19
20
37
61
10
-51
8
-39
-110
-15
-26
19
121
37
-6
-19
-30
3
-32
29
56
32
-14
-18
24
-31
22
-31
-30
27
-66
-66
-29
-26
-22
25
72
59
31
49
21
35
46
11
25
-14
30
26
19
44
-55
-39
-11
-17
35
29
-50
-119
-92
23
18
-71
-15
-17
-54
-13
-14
35
8
-80
-20
31
1
-34
-45
-46
12
18
-76
-59
-40
-2
42
-11
6
0
-10
16
-43
-19
37
70
38
-44
19
12
-26
30
22
-29
-105
-21
36
-19
30
1
26
43
-25
-8
2
56
69
91
98
28
7
-31
-13
-26
-41
19
49
122
110
41
107
68
-8
32
37
18
1
-38
-29
59
19
-16
7
23
58
23
-1
-12
-16
39
11
-55
-23
-48
-87
-22
-17
-65
-59
-69
-62
-12
21
25
11
43
30
-18
-17
-12
3
-11
14
-11
-15
0
-66
-15
17
39
84
12
-52
-30
-13
13
-41
-23
70
5
-17
-40
-73
-2
0
0
66
43
21
100
87
-62
-74
13
7
18
0
-52
-22
-9
34
30
-21
-16
-39
-52
-35
-2
-11
-39
-18
-35
-40
7
-23
-20
51
75
56
3
24
56
-29
-63
-5
43
-73
-94
93
68
39
53
11
5
-31
-29
-6
-2
74
90
57
42
-59
-10
25
-73
19
17
-131
-92
-41
-38
-50
-56
22
-1
-16
23
-16
-57
-72
-71
-51
8
43
51
14
-70
-60
9
60
91
70
101
42
-55
-15
-13
24
106
110
65
62
27
-12
36
16
3
21
-54
-57
4
23
31
-16
-55
-30
35
-13
-44
99
87
9
0
9
80
20
-89
-40
-25
-25
17
-7
3
-18
-11
19
-43
-13
-38
-90
-42
-47
-43
-43
-42
0
39
-4
-70
-44
-7
7
48
76
72
28
0
72
93
23
0
-20
-46
-12
-8
0
8
-113
-88
36
-28
-23
42
77
89
54
71
14
-30
-18
-48
27
58
17
-2
-29
36
47
-45
-59
-31
-8
-3
-69
-48
50
-12
-38
14
-31
-9
32
55
26
-24
5
-19
-52
-38
-16
-4
20
46
50
55
3
-99
-86
-11
-24
2
63
54
43
34
-33
-18
-56
-124
-6
38
24
-5
-43
9
0
6
27
-1
-16
1
15
-45
7
31
-13
-22
-71
-40
9
0
16
52
-4
-24
11
8
14
-41
15
73
10
78
26
-61
3
14
16
-24
-43
3
30
32
-2
36
45
-19
33
55
9
-37
-88
-59
-9
0
14
-10
-43
-13
-51
-37
5
-33
21
15
9
18
-56
-39
-23
-6
36
32
33
-52
-62
23
-28
-4
-29
-111
-58
-110
-126
-50
-21
35
15
-19
24
53
7
-27
-5
-27
50
78
42
50
-8
0
14
7
34
27
-18
-33
40
83
-22
14
105
26
17
23
77
59
-49
10
55
-12
-49
-34
56
111
-7
-11
72
11
5
39
11
-5
21
40
38
100
93
55
80
20
-13
26
24
47
-24
-2
74
-48
-38
24
50
66
42
37
25
-2
-71
-39
24
33
64
-18
-35
1
83
143
-28
-77
-23
-14
0
-20
-41
-65
-63
21
24
-46
-62
-132
-96
-22
7
-4
26
120
-24
-74
-14
-64
-23
24
-47
-88
-73
-79
-71
-82
-113
-89
-120
-148
-49
-30
-23
-21
12
60
-35
-41
-28
-62
-83
-105
-122
-49
50
-40
-85
-90
-99
39
17
-39
28
-35
-74
-53
14
62
-23
-112
-196
-139
13
76
62
66
32
-28
12
1
-22
-19
-11
40
42
101
142
121
55
36
65
-37
-102
-7
48
85
140
27
38
56
22
93
54
26
31
49
47
14
42
34
56
148
143
152
108
45
77
29
10
52
66
41
42
8
21
40
14
96
124
77
47
-2
-1
-10
-54
-27
-1
12
13
101
75
27
110
48
101
86
-49
5
-33
-29
9
-42
-1
-10
13
41
-7
4
37
33
-40
-83
-63
-65
-72
-9
21
-34
-58
-24
-7
-61
-142
-168
-68
-9
-15
14
13
-9
-34
-41
-122
-144
-105
-105
-67
-87
-32
-7
-81
-128
-110
-12
-42
-108
-102
-58
-28
-70
-85
-15
49
-12
-20
-58
-88
-62
-148
-114
-23
-29
-90
-89
-63
-63
-44
-66
10
42
-19
65
74
14
60
39
-58
-39
32
12
-73
-7
73
6
24
-36
-41
54
-58
-107
-9
2
-1
9
3
-7
48
65
-4
4
65
119
82
101
105
33
39
49
65
79
51
-17
-10
15
12
65
141
136
97
70
9
36
142
148
100
100
115
136
124
103
46
65
142
129
164
147
95
86
56
87
106
50
39
16
-18
28
97
128
64
43
41
2
18
83
54
3
21
-8
0
17
-15
0
0
-17
24
29
-3
-60
-61
-23
-43
-79
-105
-38
-11
-51
-30
-58
-93
-42
-54
-106
-98
-74
-50
-100
-75
1
0
18
-55
-72
-36
-51
-30
-37
-21
-37
-45
-30
-83
-83
-12
-24
-72
-95
-75
-47
-74
-75
-55
2
3
-71
-55
-67
-91
-51
-27
-25
-55
-63
-96
-107
-92
-46
-7
-37
-48
-51
-45
-76
-57
-25
-78
-24
50
26
73
98
28
-5
26
76
68
37
1
-43
-34
-13
20
43
-19
-58
-17
1
3
-5
-39
19
55
-12
-44
-56
-31
50
62
28
81
67
61
77
-26
-32
4
8
31
75
64
47
44
22
34
19
-21
0
57
34
40
67
95
53
-26
29
31
34
51
32
50
68
67
18
1
-41
-11
50
-79
-41
12
-55
-3
-5
12
46
71
54
-48
-46
-37
-58
0
9
-19
13
12
13
2
-33
13
19
-51
-91
-99
-23
-17
-50
18
7
8
-23
17
91
-23
-39
4
-1
3
18
51
32
-68
-124
-93
-67
6
43
3
20
20
-37
-103
-97
9
30
-36
41
101
31
54
59
6
23
-30
-40
15
-12
13
-7
-21
26
77
33
-94
-14
84
128
43
-23
62
0
33
99
60
44
-14
-11
-1
-26
5
79
67
57
26
43
103
8
17
45
20
-39
-88
-26
26
57
53
10
-13
41
36
-32
-3
11
-21
11
0
-34
22
26
0
-54
-50
31
-28
-61
-20
-14
23
8
-10
29
-11
-21
67
95
80
43
3
47
56
-47
-54
33
21
-14
-14
-6
-35
-136
-186
-108
-42
-132
-133
-21
-30
-44
-84
-91
-95
-80
53
-23
-99
-86
-77
-17
-85
-103
-83
-52
3
-23
-61
-25
61
-25
-33
58
-71
-97
-37
-68
-52
-30
14
0
-69
6
26
-17
17
-15
-6
-24
-94
-17
15
-17
-27
-46
-39
14
-33
-68
-11
-5
55
55
-9
6
-42
3
84
26
92
108
30
4
-44
15
97
71
73
78
86
99
48
65
26
-40
44
67
98
138
42
8
34
-21
-17
32
44
27
-2
40
60
13
-12
51
22
-2
96
35
-27
3
57
64
63
50
-31
10
65
80
54
-14
27
39
63
91
38
75
66
79
30
-54
18
-4
-21
-11
5
97
102
42
-21
-64
-45
-27
-9
21
15
9
0
-6
-38
-29
10
-20
-43
-97
-48
16
-48
-55
-41
-36
-30
-45
-19
15
24
-5
-14
-1
-71
-80
-23
-43
16
-43
-89
9
-7
6
-49
8
28
-40
11
-56
-25
4
-49
34
56
-55
-88
-58
14
-10
-53
45
-9
-32
-19
-125
-56
-3
-21
4
-48
-89
-53
-38
-69
-73
-72
-116
-24
59
-12
-23
-30
43
98
-10
-36
26
63
22
0
-1
14
69
26
30
33
-8
-15
-41
-26
-8
34
30
28
59
-12
-25
-46
-50
-14
20
91
93
54
-24
-73
-39
43
116
62
42
106
-7
14
99
92
116
29
6
27
11
-2
10
21
-5
-19
-97
-105
-40
-13
37
28
38
6
-27
17
-41
-64
9
51
78
68
1
-4
-9
27
60
-22
2
26
-16
-7
2
-31
-10
61
33
1
13
-29
-37
-36
-56
-43
-28
25
-35
-26
11
-116
-42
-32
-101
-68
-70
21
-10
-31
-43
-81
-63
-131
-74
-56
-23
0
-56
-30
-63
-8
30
-17
-63
-104
33
-8
-189
-66
-8
-66
-119
-43
51
-5
-59
-126
-32
15
85
165
-18
-52
32
38
77
28
-49
2
79
90
68
53
53
25
4
-18
-82
-103
-76
46
146
60
-15
50
59
9
58
3
71
153
-3
-70
-94
-1
97
30
-2
30
-17
-14
18
-25
-37
28
54
21
97
130
89
134
209
169
112
50
-25
-43
-68
-11
59
-9
-60
51
62
20
50
53
83
-13
-26
63
26
10
-25
-32
-41
-28
52
-2
-4
57
-32
-28
3
-90
-110
-40
-1
-7
-42
-68
-69
-76
-78
-86
-47
-20
-20
-22
-76
-89
-67
-13
23
30
51
45
2
-82
-27
42
-23
-82
-83
6
47
10
-68
-135
-55
30
9
46
87
39
-5
-6
12
-5
-10
-15
-2
-58
-76
22
14
8
-26
-18
-30
-43
33
54
49
-6
-3
26
36
-29
-79
-19
49
68
-29
-118
-41
-2
-32
-25
-88
-21
59
40
30
-53
-42
26
38
12
12
70
-3
-28
42
7
-15
28
-15
-35
28
-7
8
25
20
22
8
43
75
79
21
23
36
-22
-4
-17
-50
24
14
-14
0
-22
-3
28
19
-18
-13
7
71
119
45
42
65
3
-37
24
75
37
45
60
2
-1
15
39
33
-47
-46
-70
-94
-35
-80
-129
-61
-18
57
113
42
4
0
11
1
-39
-27
-19
23
89
112
7
5
65
39
91
-35
-69
-22
-31
23
0
31
11
0
-1
-18
2
-47
-30
-23
-49
16
64
47
3
14
89
25
-9
7
-18
35
38
0
15
92
56
-20
-1
-22
-60
-37
-9
-47
-103
-99
-32
-45
-22
22
-61
-34
25
-52
-51
-29
-38
18
11
-23
-37
-32
-45
-8
43
-26
-42
-23
32
113
17
-45
-54
-46
16
29
-31
-84
6
56
58
96
40
15
16
-16
62
28
-25
96
88
43
63
89
100
7
44
23
-51
30
11
90
51
-49
67
45
-17
1
-48
-32
-8
-23
41
-15
-6
78
9
15
14
-73
-66
-27
9
-4
-48
-31
-46
-2
-6
-61
-60
-65
6
73
27
-23
-10
-10
-19
51
-8
-65
-55
-102
73
110
47
4
-81
16
20
27
102
6
-64
-8
11
45
34
-2
26
-10
-7
59
19
19
19
-22
77
72
1
60
-20
-68
-1
-3
32
-16
-65
-25
-36
10
6
-11
0
-40
31
86
73
62
28
93
112
81
110
30
-4
24
-41
65
147
5
0
17
13
75
31
-41
-13
-24
-20
75
0
-29
43
7
-20
-42
48
39
-7
3
-99
-15
-1
-8
20
-22
-5
-92
-36
34
-22
15
-5
-22
-23
-75
-11
39
26
12
26
16
-14
27
-3
26
66
16
58
55
38
-20
-107
-37
10
-32
-76
0
15
-12
2
-42
-48
-99
-69
33
7
-54
-44
39
33
12
31
-28
7
69
26
22
16
-2
32
22
0
23
2
23
58
10
9
27
-19
-46
44
92
-14
4
31
-59
-69
-38
-5
16
15
-28
-57
-68
-72
-53
-6
3
-79
-20
6
-11
46
3
1
-16
-25
-2
46
54
-29
0
11
10
57
55
-13
-62
0
42
27
0
-28
-15
71
67
-31
0
-26
-6
47
0
12
-4
-13
57
66
58
71
45
20
-21
19
-26
-88
9
10
40
29
-6
48
-29
-46
32
32
-18
-48
15
33
-32
-38
-6
1
38
18
-7
8
33
84
29
0
-14
-30
24
20
48
9
-44
-5
19
7
-37
30
70
-6
4
0
-16
4
0
44
91
65
-29
-59
-8
12
40
-2
-9
64
-28
-17
-13
-136
-51
-10
50
104
9
9
24
46
31
-3
-53
-97
-33
-46
-35
-5
-26
-51
-30
-38
-56
-47
-82
-38
20
54
2
2
49
-24
-96
-82
-41
-85
-89
-100
-56
38
13
30
59
110
120
30
35
20
-21
-1
-13
5
23
-6
-28
-53
-40
22
44
36
6
-27
-30
7
27
-6
2
-13
20
29
7
52
-10
-57
-3
-21
-46
-21
-20
7
-14
3
61
12
-28
-78
-18
12
-42
-15
-64
-10
45
-4
0
-6
-2
-41
-39
-24
5
57
-3
-54
-61
-10
33
-23
-36
0
21
75
31
-49
25
41
-26
20
78
67
16
-63
-44
37
-2
-11
10
-38
11
31
-29
-48
-110
-113
-71
-103
-55
-22
-60
-3
4
-20
63
88
34
41
-7
-48
-4
-26
2
10
-61
-64
-107
-56
40
56
64
47
-23
-31
52
18
39
66
-16
12
113
40
-67
-51
-63
24
62
22
68
94
69
87
38
-31
42
-16
-52
4
-14
1
-59
-89
-21
-10
-46
-59
-65
-36
2
-66
-65
-11
11
14
-4
-34
-44
55
41
6
25
14
12
34
58
56
53
-8
-13
-16
-62
-23
-4
-120
-122
-24
-23
-7
-45
-46
-3
-34
72
140
66
78
104
61
42
55
-5
-14
24
7
29
28
-56
-108
-53
47
90
14
-5
-13
-18
50
-45
-9
10
-29
93
14
-2
-36
-67
1
-57
-15
-45
-79
-64
-95
-7
39
-6
-50
-37
36
110
48
-13
20
14
95
91
-18
-57
-34
28
-36
-67
-1
-46
-54
31
37
20
21
36
21
-21
48
64
39
41
19
33
4
-20
-19
-59
-34
-19
-35
-20
-93
-139
-73
-11
-12
-34
-41
-38
25
27
1
17
8
46
37
45
33
-69
-22
-1
-77
-10
56
35
25
18
22
28
53
38
-32
18
78
86
64
27
44
8
24
36
2
32
12
-4
16
22
4
-5
-1
-36
7
7
12
71
-35
14
105
21
42
86
82
57
16
-60
-25
43
-21
-36
-30
6
81
36
-26
-34
-33
14
-10
-19
22
15
29
32
35
44
24
-35
-60
-64
-42
14
-17
-62
-37
-38
-60
-35
31
18
-58
-77
-47
4
20
15
0
36
38
-31
-36
-32
11
8
-28
-57
-97
-29
4
17
5
-33
-64
-33
18
0
-26
-13
43
28
-9
-54
-47
24
-33
-72
1
0
-12
23
18
-43
-87
-71
-29
-9
-28
-10
-26
-43
3
19
-6
-70
-44
-34
-23
34
3
13
-48
-75
-16
-24
37
60
-2
-18
-2
0
13
48
30
1
13
-5
-11
75
35
-17
33
-13
-34
-6
-48
5
27
-20
114
107
62
46
-82
-16
-1
-9
81
53
69
51
-14
14
1
-1
11
-52
-48
-3
-20
-1
12
-32
-13
27
-16
-21
43
44
-20
-42
-11
-3
30
0
-17
64
14
23
80
72
9
14
94
22
25
8
-18
-5
-12
31
-38
-3
37
-90
-14
31
-14
-17
-11
71
-9
-24
49
58
16
-52
-44
-18
12
-8
-3
-52
-81
-28
26
29
46
0
-11
63
-25
29
41
-57
-34
0
0
12
53
7
1
-2
-40
-36
-83
-85
-58
-82
-51
-1
-33
-127
-121
-64
-54
-49
-92
-90
-104
-135
-88
-90
-29
-11
-107
-107
-111
-130
-125
-106
-149
-127
-44
-140
-152
-146
-131
-46
-48
-56
-21
51
-71
-165
-146
-176
-108
-55
-74
-62
-16
-33
-37
-24
-50
-12
-30
-91
-104
-83
-20
-58
-25
41
-5
-12
-51
-52
19
66
51
42
56
31
88
100
24
72
49
17
114
134
179
177
120
172
186
151
114
57
38
114
138
130
175
111
119
147
100
133
147
209
217
160
150
183
200
144
159
121
70
153
207
139
89
-10
-40
83
55
88
199
257
261
148
165
185
133
104
20
13
15
112
137
-4
-15
-34
-25
-85
-190
-157
-132
-80
-78
-129
-139
-209
-234
-207
-285
-372
-391
-409
-313
-262
-284
-327
-395
-422
-482
-427
-497
-525
-402
-394
-338
-337
-388
-429
-403
-390
-382
-259
-186
-116
-194
-289
-259
-279
-207
-176
-158
-128
-126
-60
42
81
65
138
32
3
110
59
149
223
205
253
288
374
352
198
249
336
326
303
332
415
444
422
475
530
503
575
582
560
597
590
597
560
539
577
588
525
451
492
518
506
530
445
429
529
491
426
459
463
406
377
353
390
370
319
316
267
313
344
266
152
126
132
106
79
29
47
14
-19
-117
-231
-208
-229
-249
-331
-351
-278
-386
-366
-382
-538
-548
-608
-609
-661
-819
-836
-882
-972
-1055
-1096
-1023
-1054
-1126
-1157
-1200
-1211
-1225
-1248
-1256
-1259
-1339
-1343
-1347
-1430
-1361
-1321
-1293
-1232
-1243
-1164
-1092
-1118
-1097
-997
-904
-869
-807
-647
-528
-517
-456
-342
-214
-148
-188
-112
15
169
276
334
442
484
607
678
665
773
835
905
999
1005
1071
1147
1168
1211
1290
1286
1249
1323
1289
1290
1292
1212
1311
1297
1221
1238
1260
1289
1153
1072
1093
1083
1090
1058
1032
980
974
943
881
936
913
913
971
886
796
773
757
791
761
679
681
649
643
655
629
673
674
615
611
686
629
562
615
549
445
327
332
381
221
173
192
104
-6
-39
-21
-126
-227
-363
-511
-571
-633
-704
-800
-918
-1032
-1127
-1269
-1430
-1531
-1629
-1759
-1873
-1913
-1987
-2113
-2151
-2220
-2242
-2245
-2361
-2386
-2440
-2395
-2345
-2441
-2373
-2379
-2416
-2265
-2272
-2253
-2036
-1967
-1933
-1864
-1734
-1565
-1458
-1374
-1276
-1105
-1043
-880
-713
-572
-380
-312
-136
-34
87
222
364
519
563
744
896
944
1000
1088
1183
1274
1421
1499
1538
1623
1655
1666
1667
1668
1711
1726
1746
1731
1697
1724
1707
1649
1660
1675
1625
1604
1623
1633
1541
1416
1431
1396
1368
1378
1305
1332
1278
1210
1279
1332
1295
1189
1148
1146
1122
1082
1093
1058
1010
1033
960
874
902
1012
995
928
974
908
830
799
751
789
787
748
659
619
616
600
610
539
456
352
273
242
181
117
53
-106
-200
-211
-349
-406
-546
-629
-671
-839
-976
-1174
-1289
-1475
-1650
-1715
-1891
-2076
-2217
-2396
-2569
-2666
-2796
-2923
-3052
-3175
-3259
-3368
-3495
-3545
-3531
-3461
-3481
-3619
-3587
-3438
-3380
-3359
-3240
-3073
-3032
-2897
-2720
-2627
-2367
-2203
-2121
-1871
-1650
-1396
-1141
-994
-773
-551
-416
-211
42
230
436
639
817
976
1143
1299
1439
1588
1683
1876
2045
2059
2048
2122
2216
2209
2347
2432
2382
2438
2400
2388
2414
2329
2356
2360
2260
2261
2211
2177
2222
2095
2028
2018
1942
2015
1969
1882
1856
1807
1894
1879
1817
1820
1781
1706
1672
1623
1527
1579
1546
1471
1420
1372
1456
1383
1266
1223
1182
1186
1111
1072
1073
1019
917
831
811
773
745
743
706
689
675
619
621
566
449
424
440
379
258
236
241
158
141
65
-76
-157
-287
-399
-541
-770
-977
-1106
-1312
-1507
-1700
-1982
-2175
-2409
-2620
-2833
-3093
-3321
-3522
-3701
-3890
-4026
-4284
-4483
-4557
-4715
-4763
-4783
-4795
-4809
-4851
-4803
-4770
-4742
-4645
-4494
-4318
-4198
-3986
-3705
-3541
-3201
-2852
-2706
-2438
-2077
-1749
-1413
-1071
-772
-455
-167
84
450
746
1011
1278
1520
1844
2086
2354
2578
2669
2812
2937
3104
3242
3294
3349
3376
3445
3455
3339
3291
3346
3276
3109
3027
2980
2932
2848
2724
2578
2443
2427
2408
2312
2232
2170
2141
2080
2031
2020
1996
1982
1976
1916
1850
1872
1825
1763
1773
1763
1685
1638
1692
1692
1657
1560
1422
1431
1434
1380
1376
1300
1197
1166
1079
927
843
883
890
752
720
686
580
510
438
337
214
158
101
89
45
78
107
-65
-118
-167
-257
-194
-211
-306
-389
-486
-579
-723
-820
-903
-1078
-1314
-1489
-1584
-1771
-2019
-2209
-2402
-2648
-2880
-3018
-3277
-3578
-3753
-4056
-4296
-4451
-4639
-4733
-4903
-5081
-5179
-5318
-5420
-5436
-5470
-5471
-5405
-5325
-5141
-4976
-4810
-4598
-4381
-4186
-3949
-3615
-3290
-2949
-2625
-2261
-1915
-1581
-1125
-753
-429
-21
334
763
1170
1481
1807
2081
2424
2708
2976
3270
3455
3714
3898
3961
4157
4355
4366
4325
4297
4218
4190
4178
4094
3935
3745
3607
3510
3408
3263
3067
2861
2678
2573
2473
2311
2173
1973
1862
1829
1736
1687
1629
1615
1583
1647
1669
1522
1622
1690
1577
1577
1644
1619
1603
1665
1659
1683
1705
1730
1749
1659
1554
1496
1463
1417
1400
1393
1312
1173
1111
1070
997
964
879
808
783
677
558
457
390
462
441
327
229
178
138
59
-2
-136
-190
-265
-376
-433
-613
-727
-785
-978
-1156
-1278
-1440
-1625
-1816
-2067
-2217
-2341
-2534
-2778
-3099
-3314
-3517
-3721
-3952
-4208
-4463
-4697
-4875
-5172
-5424
-5573
-5699
-5800
-5980
-6112
-6172
-6177
-6179
-6153
-6003
-5905
-5740
-5503
-5338
-5097
-4762
-4509
-4237
-3824
-3482
-3110
-2716
-2371
-1877
-1402
-908
-419
-58
391
834
1227
1625
2015
2375
2659
2920
3262
3654
3906
4107
4333
4504
4664
4800
4881
5033
5073
4990
4981
4915
4857
4839
4676
4514
4451
4319
4191
4006
3892
3870
3604
3313
3079
2934
2884
2661
2462
2411
2206
2070
2031
1880
1928
1909
1766
1770
1738
1727
1684
1600
1652
1630
1539
1581
1595
1580
1562
1514
1528
1488
1422
1381
1365
1307
1177
1167
1060
881
797
639
549
550
515
348
237
254
133
16
-58
-136
-213
-286
-349
-512
-632
-740
-864
-905
-984
-1059
-1131
-1213
-1280
-1403
-1513
-1598
-1686
-1792
-1913
-2004
-2130
-2268
-2340
-2443
-2564
-2678
-2891
-3055
-3122
-3291
-3507
-3718
-3926
-4101
-4258
-4394
-4597
-4819
-5033
-5170
-5295
-5404
-5414
-5535
-5641
-5726
-5816
-5838
-5815
-5770
-5731
-5618
-5521
-5276
-4936
-4718
-4444
-4124
-3806
-3538
-3104
-2593
-2235
-1816
-1418
-933
-489
33
667
1105
1588
2064
2573
3066
3440
3822
4174
4509
4793
5094
5384
5586
5810
5997
6117
6256
6462
6544
6575
6580
6420
6315
6133
5930
5822
5604
5327
5075
4966
4825
4528
4270
4009
3761
3487
3179
2947
2656
2278
1959
1710
1508
1382
1222
1047
900
759
667
669
638
501
396
327
283
181
171
158
56
98
123
212
324
217
161
202
141
75
-6
-130
-170
-233
-363
-500
-606
-638
-655
-695
-764
-779
-794
-884
-969
-1109
-1174
-1191
-1312
-1357
-1438
-1515
-1514
-1604
-1580
-1524
-1527
-1577
-1638
-1711
-1817
-1856
-1977
-2083
-2167
-2267
-2325
-2289
-2226
-2238
-2226
-2209
-2246
-2296
-2358
-2560
-2711
-2916
-3105
-3174
-3344
-3457
-3546
-3690
-3843
-4071
-4236
-4302
-4456
-4588
-4836
-5062
-5177
-5336
-5363
-5383
-5321
-5121
-4902
-4650
-4405
-4112
-3716
-3345
-3050
-2690
-2358
-1992
-1574
-1238
-804
-289
177
698
1202
1707
2288
2767
3184
3611
3993
4327
4636
4960
5196
5393
5660
5901
6151
6350
6503
6830
7056
7092
7060
6966
6902
6760
6555
6299
6028
5769
5488
5231
4958
4680
4458
4177
3870
3609
3267
2856
2453
2114
1727
1302
1050
753
421
257
148
58
-91
-171
-206
-280
-266
-323
-398
-422
-542
-681
-753
-747
-748
-785
-755
-745
-702
-606
-592
-610
-695
-768
-858
-979
-1038
-1196
-1281
-1339
-1414
-1373
-1341
-1293
-1315
-1250
-1227
-1299
-1293
-1313
-1323
-1408
-1503
-1519
-1569
-1600
-1590
-1590
-1470
-1387
-1404
-1353
-1354
-1377
-1310
-1380
-1543
-1577
-1599
-1609
-1632
-1588
-1504
-1450
-1373
-1313
-1280
-1296
-1381
-1559
-1732
-1960
-2247
-2410
-2571
-2799
-3009
-3228
-3421
-3566
-3701
-3808
-3955
-4121
-4276
-4555
-4784
-4869
-4973
-5050
-5015
-4985
-4868
-4556
-4177
-3813
-3480
-3052
-2621
-2265
-1889
-1557
-1200
-850
-516
-108
363
845
1287
1837
2432
2953
3448
3906
4396
4827
5105
5292
5414
5659
5891
6027
6232
6434
6661
6897
7040
7225
7404
7461
7323
7078
6935
6737
6439
6024
5578
5266
4946
4616
4396
4156
3876
3690
3431
3124
2792
2409
1948
1368
934
511
145
-96
-391
-599
-778
-955
-953
-988
-1131
-1155
-1326
-1524
-1633
-1852
-1995
-2086
-2307
-2538
-2523
-2446
-2427
-2294
-2150
-2048
-1966
-1962
-2045
-2077
-2182
-2404
-2539
-2603
-2520
-2440
-2420
-2330
-2210
-1961
-1719
-1600
-1586
-1633
-1525
-1422
-1438
-1422
-1414
-1417
-1412
-1350
-1204
-1086
-1032
-871
-608
-467
-401
-460
-529
-489
-513
-586
-757
-894
-912
-801
-614
-525
-558
-576
-532
-515
-565
-778
-1000
-1282
-1622
-1819
-1953
-1987
-2114
-2288
-2332
-2398
-2478
-2580
-2738
-2855
-2989
-3198
-3418
-3517
-3571
-3650
-3671
-3697
-3555
-3328
-3093
-2746
-2409
-2022
-1609
-1317
-1091
-800
-492
-323
-155
194
604
1125
1661
2047
2438
2821
3322
3900
4304
4444
4490
4829
5145
5240
5305
5273
5356
5649
5818
5903
6158
6462
6668
6625
6312
6056
5902
5684
5345
4958
4579
4124
3796
3598
3432
3209
2833
2412
2049
1928
1906
1675
1207
583
34
-294
-470
-690
-1248
-1746
-1777
-1711
-1646
-1687
-1831
-1896
-2217
-2660
-2839
-2821
-2698
-2989
-3634
-3718
-3197
-2902
-3350
-3856
-3483
-2622
-2363
-2745
-2828
-2095
-1324
-1529
-2334
-2453
-1549
-961
-1416
-2074
-1909
-858
-167
-449
-783
-528
91
400
-35
-535
-471
-42
167
-98
-255
-12
255
264
109
186
420
456
238
148
566
1115
1142
575
47
10
254
188
-111
45
329
202
-102
-34
435
-62
-2368
-4610
-4151
-1708
-934
-3167
-5268
-3900
-954
-1032
-4411
-6554
-4559
-1838
-2718
-5332
-4523
-175
1800
-1600
-5487
-4031
753
1935
-2036
-4837
-1554
3861
4513
198
-2620
-491
2161
526
-3067
-2763
1779
4814
2705
-492
1013
5600
6907
2849
-1144
521
5742
8235
6066
3588
4683
7390
7173
4051
2329
3849
5693
4805
2905
3705
6700
7427
3748
-561
-1010
1314
2080
-81
-1770
-71
2977
3564
1509
-154
-36
303
-717
-1792
-776
1498
2448
1210
-328
-387
64
-791
-2712
-3591
-2641
-1284
-756
-976
-994
-968
-2056
-3876
-4916
-4375
-2909
-2077
-2135
-2133
-1492
-411
-108
-1270
-3059
-3938
-2931
-827
466
194
-574
-813
-648
-849
-1550
-1895
-1518
-697
124
748
1483
1904
1222
-357
-1599
-1416
-102
1154
1528
1520
2051
2913
3113
2297
980
120
193
802
1796
3073
3796
3176
1579
431
518
619
-72
-204
1442
3172
2252
290
1091
3070
-255
-10175
-16948
-10940
1399
4184
-5045
-11363
-4252
5602
1889
-11821
-16667
-6407
3235
-1131
-9603
-5128
7878
9492
-4712
-15987
-9274
4548
5231
-6453
-10961
423
12887
9625
-4479
-11308
-5259
1538
-920
-6287
-2788
8087
13337
7154
-1120
-141
7614
9932
2334
-5301
-1602
10548
17195
11374
1408
-1407
2532
3716
-1535
-5318
-1001
6618
8141
3113
788
4997
7943
2021
-7408
-8246
864
8579
6330
-323
-1081
4107
6226
1081
-4801
-4534
-519
582
-1207
-539
3496
5338
1168
-4728
-5937
-2444
274
-782
-2595
-1457
1637
2982
1365
-1045
-2408
-3311
-4272
-4180
-2027
1051
2391
1000
-1559
-2535
-910
615
-685
-3911
-5387
-2681
1884
3762
1566
-1875
-3268
-2401
-1283
-1044
-684
543
1462
1625
1975
2946
3401
1695
-1202
-2322
-652
1706
2491
2027
1649
1741
1820
1618
1548
1343
422
-425
330
2631
4334
3985
2335
621
-402
-335
464
978
663
557
2068
3743
3195
1183
695
1148
-3334
-13495
-19369
-12301
513
3539
-5162
-10752
-3500
5609
1379
-11870
-16302
-6857
2198
-589
-7251
-4368
5176
7282
-2208
-11634
-9998
-1895
760
-3874
-6632
-1524
6248
7530
916
-6236
-7536
-4390
-2180
-2072
8
5926
11085
10022
4549
2071
5114
7667
3484
-4001
-5331
2389
11613
12948
6288
-532
-2361
-1218
-1257
-2297
-1076
2435
4943
5228
5595
7713
8539
4389
-2586
-6075
-3029
2548
4746
2393
-411
-205
2027
3082
1170
-2291
-4399
-3518
-511
2257
3482
3838
3680
2061
-845
-2623
-1510
453
-73
-2518
-2916
352
3587
2606
-1713
-5147
-5503
-4190
-2417
6
2208
2430
766
213
2390
3960
1167
-4565
-7608
-4746
342
2340
731
-974
-403
830
402
-1392
-2487
-1566
386
1890
2855
3555
3887
3311
1816
636
795
1791
1849
466
-305
1276
4281
5447
3202
-186
-1786
-1086
209
724
631
890
1592
2530
3186
2692
963
-1221
-2188
-999
1749
3952
3835
2324
1975
3638
2839
-5608
-18435
-24211
-16505
-3949
297
-4056
-5017
2549
7970
1028
-11221
-13658
-5859
-1951
-7842
-11999
-3597
9457
10694
-1700
-12706
-11502
-4366
-2881
-7738
-9585
-3286
5552
8682
4460
-1867
-5182
-5150
-4343
-3590
-693
5313
10543
10400
6476
5093
8527
10297
3621
-7246
-10573
-1890
9696
12338
5458
-1034
-809
2129
1830
-1445
-2781
-179
3114
4964
7209
11134
13549
9939
1534
-4777
-4387
-112
1582
-1453
-4640
-2736
3305
7730
6343
822
-3268
-3227
-837
706
509
473
1542
2466
2275
2043
2645
2653
228
-3564
-4892
-1969
2204
3277
474
-2734
-2803
-232
1584
667
-1854
-3264
-1945
1222
3546
2986
-141
-3338
-4178
-3018
-1806
-1738
-2019
-1126
960
2793
3003
1869
365
-789
-999
-154
1426
2633
2700
2363
2506
3039
2871
1429
-685
-2322
-2540
-1289
954
2869
3035
1584
332
891
2211
2010
-155
-1805
-345
3042
4981
3643
507
-1231
-892
-568
-1679
-3016
-2257
421
2383
2098
1749
3703
4191
-3239
-17344
-26275
-20150
-5214
2632
-2049
-6962
-178
11108
10371
-4278
-16145
-13104
-4490
-5301
-13291
-13326
-1159
8813
4798
-5544
-7623
-1319
53
-8488
-14931
-7913
6253
12043
5166
-3166
-2246
4244
5731
-397
-6716
-5430
1721
6743
6508
4996
6720
9815
8039
148
-7145
-7089
-1349
2429
1029
-183
3693
9468
10425
5460
1180
2492
6007
5988
2745
1927
6284
11232
10689
4694
-1309
-3363
-3364
-4876
-7536
-7341
-2204
4273
7298
6799
6429
7876
8275
4407
-1401
-3803
-1452
1497
1294
-25
1158
4424
5311
1734
-2744
-4669
-4257
-4079
-4485
-3248
-246
1960
1627
346
394
1287
850
-1034
-2123
-1378
-105
150
-181
433
1485
1081
-950
-3038
-3673
-3027
-1981
-684
523
1288
1574
1543
1574
1329
984
1193
1337
782
-646
-1805
-936
1187
1848
-189
-2771
-2805
-222
1991
1605
-324
-718
946
2147
1233
-651
-1042
499
2264
2313
648
-1343
-2731
-3065
-2841
-2571
-1921
-459
1378
2546
3571
5980
8492
5451
-7205
-22830
-27592
-17030
-2895
660
-4938
-5181
5304
13576
6560
-9495
-17206
-12133
-7115
-11378
-16053
-8038
8608
16484
8546
-3043
-4969
-670
-2514
-11480
-14979
-5623
7742
11998
6481
1335
1811
2898
-1083
-7472
-8769
-3152
3671
6381
6718
9613
14704
15576
7960
-3474
-9419
-6134
1054
4807
4025
3786
6914
10248
9857
6067
2770
1626
745
-992
-1339
2286
8088
10566
6796
250
-3436
-2884
-2032
-4309
-7566
-6772
-645
6457
9910
9749
8708
7552
5179
1694
-900
-1533
-1967
-3470
-4283
-2444
915
2591
1077
-1619
-2987
-2843
-1894
-519
1173
2379
2189
1368
1288
2201
2357
-47
-3532
-4834
-3099
-997
-1306
-3327
-4040
-2004
469
631
-1061
-2586
-2662
-2084
-1944
-1554
-388
906
1311
810
548
1259
2633
3289
2036
-729
-3300
-3601
-1808
-6
320
-755
-1236
-47
1547
1880
294
-1572
-1598
-77
1174
947
343
1142
2951
3717
2020
-678
-2351
-3249
-4180
-4979
-4259
-1185
2619
5289
6401
6835
7973
9494
7864
-1186
-15766
-26319
-24560
-13365
-4472
-3706
-4443
1343
10281
10690
32
-10338
-10692
-5142
-4457
-9317
-9494
-9
10450
10609
1573
-5242
-4292
-1988
-5161
-10620
-9956
-1972
5689
6711
3281
1648
2838
2555
-959
-3943
-2630
1549
4089
3580
3740
7554
12060
11392
3901
-4876
-7628
-3009
3021
4333
1692
738
4363
9026
9698
6595
3884
3273
2509
414
-143
2832
6360
5785
1347
-1599
-432
1388
-506
-5157
-7168
-3913
1540
5299
6623
7019
7468
6905
4877
2639
929
-1052
-4629
-8625
-9484
-5393
793
4155
3204
883
577
1895
2215
518
-1795
-3073
-3365
-2516
26
2972
3614
692
-2956
-3822
-2475
-2139
-4062
-5275
-2907
1426
3788
2842
748
-305
-907
-2243
-3552
-3330
-1149
965
1325
701
798
2345
3474
2051
-1659
-4941
-4956
-2281
-32
88
-460
612
3050
4008
1733
-1581
-2827
-1629
-348
-720
-1271
-84
2353
3734
3011
1633
713
-422
-2322
-4005
-3859
-1896
59
1192
2673
5510
8481
9431
8359
6629
3617
-3529
-14784
-23507
-22507
-13201
-4287
-1308
-681
3732
10001
9958
1565
-6770
-7654
-4752
-5999
-10825
-10454
-1326
8102
8027
-29
-5932
-4877
-2630
-5205
-9812
-9197
-2064
5359
7420
5330
3472
2696
872
-2975
-6012
-4841
-833
1658
1487
2567
8038
14188
13556
4551
-5225
-7045
-1352
3536
2857
394
2025
7046
9508
7253
3862
2736
2515
254
-2517
-1819
2601
6281
5177
1078
-939
629
2069
-395
-5262
-7513
-4466
1423
5694
6979
7181
7466
6923
4587
1343
-986
-2705
-5137
-7572
-7312
-2851
2757
5144
3534
1077
981
2532
2821
723
-2004
-3418
-3092
-1413
782
2401
1888
-574
-2611
-2487
-1130
-1166
-2808
-3260
-598
3326
4994
3468
861
-853
-1991
-3490
-4820
-4581
-2870
-1417
-1195
-1360
-374
1769
2764
979
-2100
-3517
-2147
33
704
278
1075
3388
4656
2776
-836
-2580
-1759
-432
-382
-1290
-1111
570
2530
3538
3032
1732
421
-645
-1489
-2224
-2201
-1115
553
2015
3224
5544
8529
9609
7608
4570
2912
253
-7935
-19655
-25323
-18749
-6251
770
184
360
6117
10593
5503
-5539
-10808
-7314
-4195
-7658
-11463
-6220
5082
9623
2720
-6282
-6997
-2032
-1658
-7592
-10914
-5158
4673
8715
5067
709
169
541
-2447
-7070
-7349
-2112
3077
3551
2269
5325
12306
15439
8820
-2467
-7758
-3656
3159
4786
1921
891
4348
8269
7657
3895
1532
1379
589
-1728
-1918
2208
6856
6676
1837
-1739
-205
3017
1968
-3637
-7696
-5478
836
5611
6432
5393
5100
5481
4540
2088
-145
-1512
-2768
-4559
-5581
-3992
-536
1731
1095
-267
544
3095
4174
1837
-1832
-3313
-1906
568
2344
2950
2717
1347
-795
-2150
-2114
-1849
-2345
-2763
-1465
1305
3194
2840
1010
-681
-1919
-3587
-5420
-6093
-5103
-3452
-2330
-1448
151
2226
3309
2547
915
-69
-1
271
198
536
1981
3468
3274
1114
-1668
-3377
-3688
-3286
-2568
-1522
113
2189
4042
5204
5216
3872
1724
-149
-933
-650
141
1013
1911
3047
4439
5745
6387
5677
3904
2764
3188
2205
-4390
-15382
-22280
-18002
-6916
128
-623
-2134
2076
7589
5231
-4273
-10115
-7097
-2685
-5201
-10808
-8853
1480
8231
3315
-6389
-9132
-4291
-1947
-6693
-11165
-7490
1575
6527
4125
92
-550
-46
-2855
-6963
-6309
26
5404
4442
1073
2887
10418
14897
9166
-2186
-8170
-4072
3330
5346
2223
452
3164
6271
5268
1938
1169
3115
3298
427
-898
3109
8666
8736
2654
-2642
-1741
2097
1970
-2894
-6596
-4519
1299
5421
6103
5783
6164
5893
3588
684
-695
-929
-1870
-3729
-4491
-2351
1424
3322
2009
-199
-778
659
1998
1544
120
-1027
-1013
-261
352
806
1026
529
-780
-2054
-2354
-1592
-925
-1203
-1701
-1111
631
1510
107
-2432
-4000
-3313
-1867
-1623
-2180
-2455
-1846
-1055
-704
9
1308
2211
1675
223
-406
577
2025
2196
1329
815
1089
1038
-178
-1677
-1972
-495
1162
1511
1019
959
1922
2829
2570
1409
355
209
646
910
1143
1777
2360
2362
1967
1840
2732
4095
4465
3387
2352
2902
2790
-2641
-13647
-22393
-20220
-8945
349
683
-2423
14
6127
5912
-3323
-11863
-11035
-5639
-5542
-9953
-8363
2045
9767
4669
-7349
-11755
-5916
-1433
-5861
-12001
-8454
3393
11099
8007
236
-3621
-3576
-4857
-7719
-6779
-327
6009
6728
4086
5103
10526
12937
6828
-3857
-9222
-4679
4148
9001
7901
5404
5359
6014
4000
312
-1235
429
2402
2419
3009
6881
11170
10146
2667
-4739
-5224
-237
2911
731
-2341
-746
4707
8551
7364
3027
-575
-2061
-2236
-1512
374
2828
3887
2598
516
-166
859
1413
-496
-3687
-4319
-526
5024
7493
4879
189
-2746
-2987
-2721
-3093
-3145
-2410
-1297
-665
-40
1136
1695
-16
-3427
-5439
-4243
-1507
-224
-839
-1512
-1187
-856
-2124
-4304
-5302
-4203
-1918
165
1687
2440
2298
1387
356
1
154
180
-88
183
1352
2517
2627
1466
36
-566
-388
-200
-223
119
1128
2169
2668
2751
2722
2377
1613
904
886
1509
1733
1153
513
726
1647
2327
2472
2273
1339
-416
-1218
668
2916
-205
-9856
-18337
-16453
-5431
3020
1363
-4625
-4802
684
2053
-4776
-11412
-9665
-3463
-2155
-5519
-4685
2406
6018
-1331
-11805
-12392
-3232
2459
-2611
-8974
-4668
7242
12685
5461
-5449
-9189
-6348
-4502
-5141
-2881
3872
9032
7181
2244
2217
7557
9929
3598
-5471
-6613
2411
12654
14803
9214
3260
1966
2823
1550
-959
-947
2062
4352
3874
3235
5133
6790
3337
-3829
-7099
-1957
6527
9543
5182
357
1152
5035
5582
1213
-3465
-3883
-852
1957
3188
3919
4310
2635
-1229
-4685
-5194
-3322
-2055
-2118
-1202
2193
6319
7752
4783
-292
-4039
-5031
-3687
-1671
-20
1052
1147
236
-1160
-2160
-2525
-3214
-4477
-5205
-3633
253
3846
4348
1298
-2515
-4729
-5565
-6044
-5925
-3869
63
3709
4622
2934
668
-730
-1218
-1598
-1622
-375
1938
3773
3839
2526
1078
112
-719
-1620
-1820
-680
1197
2573
2820
2467
2010
1158
108
-347
283
1787
3025
3454
3416
2865
1785
577
25
238
461
440
346
414
625
1199
2520
2606
-2134
-11632
-18535
-14576
-2248
6217
3221
-4827
-6620
-2028
-1136
-8069
-13788
-9324
-154
2021
-3287
-5387
161
3359
-4551
-15693
-15145
-2661
6425
2892
-3899
-770
8904
10478
-282
-11251
-11182
-3827
191
-745
706
6717
9691
4128
-3642
-3800
3489
8489
5252
-186
1010
8445
13856
11600
4709
-205
-806
572
1584
2698
4830
6409
4903
663
-2382
-1592
662
596
-1411
-948
4266
9868
9749
3725
-1975
-2126
1307
3527
3174
2443
3065
3553
2475
876
-235
-1446
-3652
-5911
-5493
-1989
1361
1788
-61
-1446
-1134
-80
659
875
778
227
-397
-307
582
1231
84
-2425
-4419
-4644
-3210
-1544
-1061
-1953
-2908
-2465
-536
1199
966
-1150
-3570
-4730
-4313
-2945
-1222
452
1619
1958
1507
665
-74
-539
-398
547
1906
3112
3516
2971
1883
633
-300
-521
-225
-58
-192
-153
596
1483
1490
734
-148
-348
471
1741
2828
3459
3380
2901
2451
1774
631
-354
-318
277
373
-150
-248
377
327
-619
-334
1583
714
-6727
-15724
-15323
-2960
9039
7482
-4343
-11130
-6641
-1335
-5549
-13071
-10575
904
6470
-487
-8495
-5737
1338
-1686
-13412
-16651
-3552
11502
11180
-1004
-6586
984
8316
3115
-8117
-10561
-2421
4463
2944
-538
1439
4827
1461
-6468
-7672
2015
12508
12387
3598
-1668
2977
11073
12788
7058
1258
792
3722
5044
3473
1845
1341
18
-2867
-4414
-1544
3935
6302
2984
-1612
-1480
3601
7536
5365
-282
-2644
965
6178
7496
4584
980
-531
-347
-185
-110
371
338
-1395
-3613
-3166
427
3190
876
-4657
-6887
-2949
2985
4957
2377
-181
82
1016
262
-1288
-1488
-535
-927
-3132
-4213
-2300
-5
-772
-3825
-5045
-2421
1231
1923
-566
-3183
-3762
-2896
-2085
-1517
-737
-97
-448
-1323
-1319
-355
592
800
919
1724
2732
3302
3199
2589
1454
162
-326
396
1485
1140
-842
-2379
-1544
954
2482
2168
1464
1952
3502
4318
3365
1602
682
1155
1795
1552
1032
995
1210
516
-981
-1668
-838
202
-338
-1225
709
4673
4007
-5086
-15000
-13908
-1323
8700
4646
-7279
-11856
-5945
-1846
-6704
-11112
-4854
5367
4730
-6725
-12979
-5904
1788
-3326
-13549
-11034
4754
14377
5901
-8197
-9353
1423
7330
1257
-5568
-2854
3640
2771
-4304
-6648
-1168
2950
-1209
-7004
-3432
8171
14967
9416
-1292
-4353
3349
12692
14452
9198
3704
1754
1419
-69
-1459
75
3424
3978
183
-2994
-669
4505
5132
-939
-6154
-2845
6125
10568
5753
-1930
-4189
-346
3732
4338
3635
3951
3975
1738
-1120
-1215
1012
1371
-2056
-5184
-3140
2705
5773
1473
-6319
-9354
-4779
2372
5174
3130
1178
1752
2182
-234
-2968
-2111
891
1368
-1399
-2715
-91
2136
-599
-5829
-6468
-1011
4063
3272
-1353
-3798
-2784
-1891
-2660
-2663
-255
1813
420
-3075
-4176
-1543
1620
2659
2364
2849
3827
3573
1761
186
-2
129
-240
-534
200
1045
266
-1640
-2337
-1142
377
1143
2028
4006
5408
4262
1442
-118
339
702
-278
-942
382
2039
1558
-740
-1714
-707
-293
-1128
-1128
993
2907
2807
2694
3309
627
-8132
-16051
-11820
2868
11655
3650
-11223
-14831
-6510
-1634
-6783
-10290
-1868
8198
3390
-11955
-17051
-5221
6032
1248
-9810
-7681
6279
11631
54
-12088
-7920
6057
10510
1464
-6691
-4787
-674
-3878
-9601
-6923
3271
8415
2351
-5326
-3219
6717
12644
8189
246
-1110
5274
11991
11935
5709
-267
-1614
56
1378
2423
5027
7808
5764
-1907
-7372
-3292
6501
10227
3435
-4609
-3767
3322
5829
593
-4333
-1974
4197
6552
4670
3718
4474
2564
-2831
-5319
92
7937
8660
1132
-6402
-6632
-1752
952
-1009
-3576
-2827
45
1506
561
-441
-254
-268
-1269
-1724
261
3033
2487
-2117
-5962
-4724
-308
2076
332
-2230
-2310
-1055
-1176
-2741
-3153
-1676
-728
-1909
-3598
-3153
-1009
-178
-1653
-3186
-1882
2182
5587
5332
1958
-1084
-1364
804
2892
2785
994
-735
-1051
-351
186
312
374
623
957
1586
2862
4347
4699
2960
586
-193
704
1550
921
-548
-1142
-463
345
269
-519
-730
362
1877
2265
815
-515
276
2184
2874
1991
2048
2247
-2607
-12355
-16451
-5872
10358
12504
-3957
-19721
-16645
-2744
1614
-5576
-7012
3856
9430
-3785
-20546
-17312
2477
11990
661
-10992
-4222
9807
8266
-7881
-15326
-3844
9688
7457
-4655
-8525
-1610
2262
-3276
-7895
-1546
8775
8815
-1836
-9061
-2956
9768
14479
7038
-2118
-2274
5375
10801
7930
1425
-501
2682
4634
2555
1390
5115
8590
4087
-5492
-7477
2551
12731
9684
-3249
-9812
-2876
7156
7701
621
-2759
738
3851
2008
-296
2092
5587
3564
-2255
-3782
1802
7256
4809
-3174
-7670
-4134
2090
3259
-815
-4337
-3522
-809
86
-95
823
1825
-207
-4362
-5296
-1057
3404
2324
-2610
-4918
-2689
-108
-832
-2827
-2410
-305
97
-1710
-2818
-1816
-1051
-2414
-3761
-2399
732
1995
-255
-3132
-2996
-60
2372
2166
462
-270
408
1224
1475
1541
1807
1870
1607
1532
1872
1896
1246
969
1969
3327
3252
1689
171
-87
595
1381
1952
1839
946
-364
-1060
-208
1340
2082
1213
-276
-496
1018
2537
1742
-567
-1193
723
2667
2382
1763
2556
338
-8507
-16430
-10442
7400
16222
2519
-18947
-22108
-5463
6373
-372
-10163
-4989
5520
-3
-17432
-20753
-1846
14696
7288
-10701
-12727
1346
7433
-4341
-14706
-5879
11227
13808
-55
-11314
-8279
91
1397
-1933
-12
6628
7661
-761
-9139
-6081
6660
15594
11615
0
-5803
33
9245
10748
4204
-634
2136
6706
5039
-222
280
6994
9468
2114
-5446
-1362
9539
11625
1092
-8149
-3852
7285
9829
1460
-5744
-3916
1173
1616
-435
1361
5318
3894
-3407
-7445
-2282
6374
8346
1952
-4627
-4755
-422
2172
1129
-515
-508
-4
-741
-1477
-554
636
-723
-4252
-5525
-2039
2563
2565
-2103
-5929
-5178
-1772
145
-116
-521
-460
-1099
-2540
-2916
-1031
1305
1128
-1485
-3650
-2921
-363
526
-1154
-2758
-1577
1562
3027
1401
-804
-830
1202
2928
2942
2072
1408
1114
1077
1282
1269
882
722
1195
1712
1382
920
1536
2652
2590
1333
894
1686
1959
673
-831
-423
1181
1338
-451
-2175
-2237
-711
1249
2077
900
-1158
-1541
139
1397
879
584
1502
-835
-8458
-12617
-3579
11439
12389
-5963
-22863
-17669
978
7899
-1711
-8269
-1008
4654
-6180
-20110
-14707
5691
14048
-80
-15202
-11016
2847
4629
-5789
-8815
2832
12723
6425
-7385
-10957
-2459
4517
2732
-610
2354
7053
3998
-5456
-9759
-1848
11065
15497
7220
-4258
-6792
746
8679
8829
3872
1733
3758
4125
639
-481
5430
12235
9743
-346
-4943
1894
10592
8997
-584
-5151
-74
5599
3417
-2716
-4134
-762
1010
-617
-774
2743
4321
-251
-6069
-4945
3464
9765
6871
-1569
-6736
-4812
43
2375
1646
214
-1350
-3657
-5494
-4004
448
2745
-269
-5120
-5640
-1370
1778
31
-4121
-5458
-2889
-54
564
-410
-1363
-2123
-2849
-2476
-536
1550
1492
-1229
-3969
-3865
-1054
1840
2313
485
-1165
-1123
255
1700
2259
2237
2150
1886
1379
1131
1012
794
942
1548
1866
1008
-266
25
1874
2818
1905
1084
1689
2579
2010
741
1027
2343
2045
-184
-1463
-72
1494
951
-510
-979
-356
45
-60
-155
-651
-1380
-922
878
2112
1281
-242
-1047
-3257
-7729
-8790
-1086
8945
7315
-7540
-18563
-11970
3114
7194
-1967
-8401
-3692
537
-6958
-16157
-11014
4373
9762
-1814
-13717
-10723
232
2841
-3364
-4953
2569
8099
2555
-6795
-7438
530
6195
4178
324
776
3021
1271
-3318
-3789
2837
10430
10597
2860
-4908
-4815
2502
9182
9408
5064
1975
1780
1746
1267
3288
8677
11819
7425
-711
-3345
2117
7797
6621
1169
-1197
982
2586
549
-2413
-2655
-1156
-449
-155
1402
3238
1813
-2752
-5175
-1865
4306
7214
4082
-2095
-6245
-5986
-2431
1622
3648
2385
-1550
-5185
-5267
-1661
1947
2208
-110
-2234
-2761
-2499
-2128
-1334
-780
-1543
-3004
-2827
-712
227
-1795
-4178
-3315
76
1899
579
-1526
-2208
-2057
-1819
-528
1876
2996
1050
-1727
-1727
990
3346
3667
2878
1955
490
-1219
-1137
1464
4127
4110
1602
-1254
-2506
-1411
1435
4547
5565
3312
-227
-1810
-283
2376
3618
2891
1258
-84
-793
-726
217
1046
835
-417
-1306
-306
1195
943
-917
-1945
-500
1396
1284
-34
-812
-2080
-5708
-8507
-4151
5636
8948
-1087
-14421
-15448
-3712
5461
2480
-4726
-5938
-4067
-7049
-12247
-9636
512
5252
-1861
-10896
-10143
-2522
455
-2827
-3651
1677
5985
2671
-3935
-5844
-1942
2645
4274
4198
3796
2029
-1338
-3799
-2514
2507
8011
9753
5823
-1296
-5384
-1964
5756
10211
7954
2976
794
1585
2383
2896
5167
8502
8382
3192
-1435
3
5393
7637
4045
-180
-22
2632
2638
-742
-3202
-1833
1396
2953
2192
937
-63
-1288
-2436
-1981
977
4214
4268
412
-4534
-6363
-3180
2017
4540
2764
-1194
-3772
-3561
-1564
774
2384
2507
483
-2766
-4584
-3308
-303
1318
218
-1907
-2841
-2505
-2220
-2381
-1973
-439
1177
1137
-923
-3173
-3749
-2253
0
1577
1984
1066
-742
-2425
-2341
198
3339
4597
2965
-132
-1904
-1185
998
2824
2994
1839
658
-126
-832
-1271
-301
2266
4152
3259
415
-1427
-720
1019
1834
1851
1983
1595
-145
-1820
-1403
699
2176
1757
380
-750
-1469
-1703
-907
677
1773
1623
399
-2237
-6380
-8294
-3621
4497
6571
-1549
-11168
-11240
-3812
-5
-2810
-4153
-57
1289
-6847
-15776
-12461
345
6395
-1049
-10028
-8567
-1345
-281
-5257
-5479
1932
7134
2819
-4920
-5868
-216
3464
1772
141
2592
5080
2037
-4179
-5615
631
8576
10370
4997
-1698
-3428
491
5462
7450
6378
4743
3650
2138
337
815
5036
9222
8260
2613
-1297
1203
6108
6546
2367
-528
1300
4006
2774
-981
-2317
-71
2059
1667
406
406
867
-250
-2258
-2285
521
3370
2965
-686
-3875
-3372
-156
1884
376
-2156
-2099
-13
691
-1343
-2748
-912
1358
475
-2579
-3633
-1801
-624
-1964
-3144
-1342
1079
-1
-3691
-5455
-3062
576
1494
-90
-1378
-1590
-2066
-2758
-2263
-93
2104
1721
-946
-2674
-1849
4
1218
1959
2746
2759
1084
-1146
-1153
1728
4332
4120
1881
199
119
442
782
1708
2949
2933
1352
115
513
1476
1307
508
557
1648
2165
902
-797
-1120
359
2063
2071
665
-590
-906
-729
-279
868
1737
44
-4123
-6434
-3059
2368
2287
-4191
-9242
-6592
-972
-648
-4594
-5388
-1760
-1035
-6632
-10532
-5744
1871
1632
-6142
-10298
-5614
687
549
-3782
-4378
-698
1163
-1111
-3333
-1587
1488
1703
-321
-863
979
2030
206
-2251
-1814
1774
5269
4927
1174
-2009
-1259
3088
6800
6979
4631
2532
1933
2143
2839
4811
7665
8104
4162
-672
-860
4076
8184
6633
1726
-763
898
2682
1594
-240
-111
1106
914
-358
-163
1532
1632
-1069
-3132
-1278
2833
4475
1812
-1964
-3456
-2155
221
1806
1832
2
-2446
-3365
-2177
-82
900
48
-1371
-2348
-2772
-2463
-1258
-219
-706
-2415
-3315
-1879
10
-164
-1761
-2473
-1333
39
46
-393
-93
86
-830
-1889
-1262
853
1793
218
-1783
-1720
-43
979
587
208
506
563
282
512
1578
2456
1945
824
870
1814
2087
1626
1239
1499
1924
1561
985
1067
1412
1311
918
743
783
613
193
236
873
1211
620
-310
-576
-57
500
893
1322
661
-1927
-4516
-3485
1070
3572
117
-6107
-7920
-3970
-541
-1706
-4361
-3622
-1435
-3358
-7995
-8555
-3067
1643
-823
-6372
-7168
-3208
-817
-2623
-3953
-1259
1732
511
-2894
-3366
-270
2107
1385
109
611
1692
1146
-698
-1286
448
3100
4268
2813
-59
-1630
-20
3176
4934
4259
2913
2582
2456
1614
1388
3673
7064
7637
4389
790
499
3158
5136
4631
3293
2469
1957
1128
163
32
662
1115
816
-47
-539
-348
-322
-810
-1288
-754
875
1895
987
-1362
-2937
-2025
516
2556
2441
385
-1667
-2334
-1587
-139
988
1188
70
-1953
-3310
-2760
-577
888
55
-1792
-2601
-1803
-813
-587
-761
-812
-730
-889
-921
-470
-26
-247
-1102
-1439
-508
886
1427
558
-897
-1730
-1313
305
1996
2349
1112
-461
-1041
-472
761
1809
2078
1713
933
353
527
1236
1782
1632
1172
955
997
978
586
179
400
1065
1227
469
-308
-393
7
86
-278
200
1164
646
-1773
-3630
-2457
276
1078
-1214
-3763
-3852
-2860
-3058
-3853
-3017
-835
-865
-4427
-7785
-6826
-2619
-263
-2067
-5129
-5604
-3607
-2322
-2813
-3084
-1697
125
153
-1537
-2314
-1022
492
542
128
982
2533
2375
3
-1387
362
3484
4445
2439
437
504
1797
2474
2550
2897
3086
2409
1139
861
2359
4284
4839
3760
2495
2282
3090
4013
4045
3292
2637
2461
2529
2464
2168
1604
979
716
820
819
475
-45
-592
-894
-817
-582
-504
-676
-977
-1297
-1277
-650
-176
-435
-873
-847
-386
-45
-68
-117
-184
-474
-697
-527
5
118
-673
-1471
-1436
-764
-299
-511
-807
-954
-1292
-1338
-647
452
812
-255
-1533
-1510
-86
1261
1448
724
-45
-328
-225
361
1175
1702
1492
428
-454
-469
266
1243
1403
747
-42
-404
5
571
532
75
-226
-6
505
635
158
-533
-661
-302
23
248
383
525
210
-832
-1579
-1110
220
962
-32
-1785
-2608
-2185
-1429
-1326
-1479
-1611
-2205
-3236
-3885
-3219
-1723
-1044
-2108
-3696
-4086
-3183
-2264
-2145
-2429
-2414
-2084
-1927
-1991
-2162
-2031
-1488
-864
-191
132
-94
-596
-869
-314
804
1717
1940
1396
426
176
1215
2587
3048
2379
1780
1813
2302
2529
2207
2214
2559
2725
2489
2376
2771
2958
2514
1828
1861
2816
3520
3201
2231
1426
1440
2004
2447
2360
1718
851
188
31
338
748
802
368
-523
-1229
-1125
-483
-89
-632
-1448
-1577
-997
-487
-597
-971
-1215
-1123
-629
69
364
73
-483
-836
-488
205
628
759
521
-449
-1529
-1517
-167
1484
1686
126
-1375
-1482
-557
419
969
1150
864
96
-541
-350
547
1208
1033
567
388
546
638
484
296
54
-23
67
252
277
-83
-391
-609
-719
-631
-306
83
-10
-662
-1121
-741
-187
-291
-869
-1025
-400
-264
-1255
-2181
-2069
-1288
-1040
-1572
-2094
-1959
-1641
-2003
-2642
-2777
-2008
-1225
-1514
-2321
-2829
-2578
-2053
-2058
-2210
-1926
-1545
-1746
-2317
-2363
-1516
-621
-592
-1052
-1207
-887
-641
-729
-624
-8
606
551
125
97
531
1154
1716
2014
2144
2046
1745
1607
1822
2204
2554
2794
2685
2309
1968
1898
2202
2529
2708
2756
2615
2456
2203
1743
1462
1693
2290
2494
1721
586
215
771
1435
1485
990
670
784
910
671
518
731
827
580
-1
-243
-46
-152
-525
-865
-772
-345
-199
-588
-1091
-1043
-568
-228
-354
-705
-834
-718
-614
-613
-455
-63
96
-234
-554
-205
508
739
410
90
360
784
561
285
445
602
431
-52
-284
159
749
768
371
9
-76
-23
-6
0
111
393
338
-280
-967
-1029
-311
477
466
-447
-1206
-975
-243
-142
-853
-1173
-758
-585
-1082
-1693
-1547
-825
-925
-1969
-2589
-2069
-1121
-1151
-2226
-2969
-2430
-1565
-1807
-2825
-3369
-2872
-2305
-2445
-2811
-2874
-2537
-2352
-2559
-2521
-2020
-1453
-1243
-1475
-1554
-1139
-599
-292
-207
-196
-128
-25
140
526
873
957
1018
1052
987
1170
1716
2286
2471
2074
1574
1604
2174
2839
3118
2880
2444
2297
2504
2829
3124
3170
3020
2870
2616
2223
1882
1836
2136
2333
2025
1442
905
729
822
858
1009
1133
981
599
0
-148
275
718
850
318
-429
-835
-646
-104
229
290
11
-473
-751
-558
-133
83
97
16
-107
-142
-168
-235
-412
-505
-200
276
384
-108
-690
-726
-184
254
219
71
50
71
-94
-351
-244
133
318
117
-331
-640
-342
149
166
-82
-401
-443
-80
110
-79
-345
-430
-399
-372
-369
-238
-31
-242
-829
-1173
-905
-532
-595
-979
-1238
-1181
-1359
-1627
-1547
-1315
-1281
-1856
-2363
-2027
-1481
-1403
-1850
-2289
-2148
-1827
-1803
-2152
-2304
-1867
-1606
-1839
-2226
-2287
-1907
-1576
-1633
-1873
-1747
-1247
-1130
-1576
-1688
-1093
-356
-336
-900
-975
-306
327
272
31
188
755
1250
1174
1052
1320
1677
1922
2081
2162
2261
2365
2473
2470
2312
2349
2559
2788
2734
2355
2244
2653
2985
2683
2290
2299
2560
2504
1902
1739
2100
2280
1864
991
825
1331
1711
1476
652
286
555
778
540
231
320
514
267
-347
-582
-282
130
213
8
-106
-20
79
18
-40
87
393
540
427
182
-83
-165
-178
-121
-17
11
98
104
-287
-772
-750
-133
385
144
-454
-651
-471
-320
-338
-577
-562
-293
-417
-741
-825
-602
-334
-198
-325
-620
-779
-716
-589
-666
-841
-1020
-1156
-1246
-1352
-1371
-1178
-985
-1092
-1445
-1727
-1532
-1189
-1128
-1306
-1479
-1555
-1556
-1547
-1607
-1544
-1513
-1447
-1519
-1737
-1796
-1799
-1714
-1652
-1637
-1773
-1940
-2132
-2240
-2013
-1796
-1661
-1644
-1678
-1615
-1511
-1340
-1215
-969
-629
-488
-524
-597
-404
-86
126
327
537
698
739
780
964
1317
1667
1907
1966
1823
1820
2066
2453
2750
2773
2653
2591
2693
2907
3129
3231
3211
3028
2964
3068
3080
3071
2815
2440
2316
2202
2073
1963
1746
1591
1522
1307
1001
841
937
1069
937
633
377
415
560
425
80
-18
301
409
85
-292
-264
116
221
15
-210
-194
-105
-249
-415
-402
-240
-227
-422
-613
-580
-454
-521
-548
-417
-273
-329
-715
-908
-704
-366
-306
-795
-1114
-1083
-976
-804
-843
-909
-953
-1221
-1382
-1234
-975
-889
-1101
-1445
-1440
-1060
-975
-1161
-1395
-1489
-1295
-1221
-1253
-1299
-1253
-971
-989
-1408
-1608
-1345
-917
-771
-1104
-1421
-1250
-970
-1002
-1316
-1381
-961
-733
-961
-1326
-1358
-992
-862
-1067
-1328
-1315
-1034
-967
-1169
-1447
-1375
-1091
-1089
-1166
-1160
-924
-525
-490
-789
-866
-410
161
219
6
0
264
539
525
581
902
1134
1183
1231
1501
1936
2096
1819
1549
1765
2301
2695
2733
2434
2220
2101
2065
2385
2670
2773
2686
2288
2018
2088
2294
2507
2424
2123
2062
2070
1998
1853
1600
1409
1377
1541
1682
1509
1088
767
648
634
701
692
574
365
0
-220
-135
138
245
-63
-310
-383
-262
-59
-225
-438
-446
-347
-287
-426
-581
-563
-548
-670
-743
-655
-408
-419
-807
-1006
-887
-648
-513
-696
-1019
-1018
-902
-991
-1087
-1089
-998
-1069
-1351
-1480
-1406
-1344
-1401
-1472
-1524
-1622
-1693
-1664
-1511
-1412
-1406
-1493
-1548
-1381
-1371
-1491
-1375
-1227
-1163
-1209
-1294
-1168
-1024
-1059
-1198
-1229
-961
-712
-770
-1035
-1294
-1189
-848
-545
-480
-813
-997
-937
-853
-665
-537
-463
-354
-406
-600
-504
-186
-69
-185
-276
-121
124
192
107
79
214
309
390
450
487
726
897
858
793
879
1105
1308
1427
1431
1402
1435
1529
1642
1654
1591
1697
1885
1964
1923
1849
1946
2083
2129
2066
2011
2032
2063
2046
1884
1805
1870
1950
1893
1790
1703
1619
1683
1670
1590
1565
1500
1405
1238
1107
1104
1174
1082
874
779
701
672
560
412
405
383
267
21
-240
-350
-354
-444
-640
-775
-806
-846
-882
-1026
-1255
-1299
-1132
-1006
-1152
-1345
-1448
-1445
-1524
-1703
-1697
-1602
-1483
-1537
-1808
-2030
-2079
-1901
-1649
-1640
-1817
-1939
-2024
-2013
-1946
-1780
-1539
-1504
-1615
-1695
-1673
-1554
-1401
-1173
-957
-1129
-1406
-1357
-1201
-994
-942
-994
-955
-957
-978
-1050
-1032
-677
-418
-599
-804
-763
-498
-217
-211
-346
-311
-120
3
-22
34
125
165
230
229
338
455
407
396
539
682
743
812
766
686
789
933
1014
1043
930
881
1015
1177
1254
1256
1345
1364
1331
1359
1351
1459
1562
1439
1372
1476
1499
1358
1235
1371
1592
1605
1400
1290
1488
1606
1517
1340
1229
1372
1445
1266
1126
1243
1386
1302
1016
836
1037
1261
1207
991
877
914
836
647
519
559
701
673
395
125
63
176
233
84
-65
-92
-106
-250
-532
-640
-496
-444
-587
-835
-1126
-1149
-1036
-1166
-1301
-1295
-1258
-1327
-1571
-1707
-1646
-1569
-1540
-1615
-1790
-1802
-1692
-1694
-1732
-1799
-1739
-1661
-1664
-1587
-1548
-1516
-1444
-1334
-1210
-1180
-1236
-1368
-1336
-1117
-983
-853
-893
-1045
-1007
-881
-733
-564
-499
-567
-549
-455
-332
-204
-222
-295
-344
-287
-52
50
-27
-40
-5
41
93
169
278
346
404
345
236
311
475
505
394
422
562
634
656
665
724
771
850
986
962
917
1061
1188
1121
992
1103
1365
1411
1267
1190
1168
1247
1352
1229
1211
1247
1215
1181
991
1043
1239
1235
1090
965
1021
1091
1149
1114
994
1022
984
966
981
872
837
750
646
629
621
626
588
433
190
121
310
393
311
215
118
-5
-170
-115
31
89
-24
-315
-456
-431
-323
-333
-488
-532
-464
-476
-607
-727
-722
-635
-690
-791
-883
-910
-764
-799
-1053
-1175
-1091
-896
-826
-1039
-1223
-1208
-1142
-1142
-1254
-1346
-1331
-1273
-1316
-1409
-1454
-1401
-1272
-1205
-1245
-1298
-1148
-1004
-1034
-1095
-1135
-995
-775
-775
-930
-961
-789
-586
-498
-596
-681
-507
-299
-280
-309
-137
-13
-130
-218
-172
162
439
362
128
34
325
588
611
513
548
703
739
685
581
659
881
906
802
765
842
941
924
823
778
882
1011
1053
942
885
886
849
965
922
966
1102
982
936
865
886
958
965
966
854
878
961
884
797
805
770
821
885
765
754
715
621
699
649
575
629
570
440
342
304
343
474
467
229
104
94
97
114
28
19
-24
-276
-353
-328
-381
-328
-332
-450
-531
-566
-493
-552
-713
-624
-505
-516
-589
-773
-864
-761
-682
-684
-762
-727
-808
-961
-847
-823
-858
-813
-792
-798
-883
-943
-895
-807
-803
-832
-849
-875
-902
-890
-728
-697
-782
-841
-902
-798
-637
-606
-739
-804
-770
-695
-633
-677
-632
-581
-644
-652
-564
-416
-336
-363
-394
-436
-289
-106
-68
-84
-190
-114
41
111
149
152
212
250
287
318
347
485
646
604
534
609
656
740
756
745
886
999
951
878
834
909
1050
1024
1070
991
967
1034
900
899
863
949
1058
980
871
792
869
914
900
800
758
827
804
762
645
562
626
625
586
549
532
533
471
497
483
339
315
380
381
276
121
40
80
93
26
-102
-170
-80
-86
-222
-392
-436
-339
-351
-515
-616
-462
-359
-552
-763
-677
-514
-427
-439
-626
-630
-521
-502
-601
-665
-554
-584
-698
-745
-723
-621
-613
-748
-826
-805
-729
-612
-654
-667
-673
-734
-682
-736
-693
-588
-552
-634
-722
-639
-677
-644
-543
-582
-573
-520
-541
-540
-494
-458
-386
-366
-420
-377
-330
-322
-256
-232
-223
-191
-184
-78
3
-21
58
126
93
77
125
186
240
276
245
279
288
277
386
463
491
543
534
525
621
584
527
515
568
727
655
547
520
586
668
696
794
767
769
787
738
707
779
862
827
723
574
623
671
657
637
552
467
538
629
538
511
450
416
445
427
453
349
258
275
268
209
148
208
155
26
-69
-107
45
102
-82
-216
-227
-219
-171
-192
-212
-232
-283
-336
-426
-406
-335
-313
-322
-373
-420
-472
-379
-323
-453
-460
-381
-313
-438
-540
-478
-463
-431
-514
-538
-490
-531
-500
-507
-570
-558
-487
-473
-505
-508
-488
-465
-529
-515
-449
-460
-462
-493
-465
-411
-454
-434
-404
-437
-371
-322
-371
-346
-303
-341
-344
-315
-258
-248
-260
-252
-241
-163
-183
-147
-60
-55
31
48
66
163
158
183
187
225
256
188
255
284
315
367
356
311
286
374
416
503
478
388
467
450
422
389
342
459
506
488
490
433
412
426
580
662
577
597
639
614
552
634
668
584
546
488
551
579
488
426
360
424
503
466
460
390
348
371
327
335
336
379
338
152
95
101
180
188
56
-16
-52
-81
-82
-56
-92
-200
-147
-172
-362
-307
-240
-252
-293
-399
-435
-411
-363
-441
-535
-519
-464
-458
-513
-595
-616
-564
-628
-646
-620
-581
-521
-602
-690
-730
-652
-533
-491
-548
-578
-518
-472
-467
-513
-417
-381
-431
-398
-396
-313
-280
-388
-359
-297
-268
-209
-193
-180
-171
-155
-122
-108
-93
-16
8
6
13
-38
7
7
-35
39
121
147
125
131
76
108
267
254
268
293
207
225
260
249
235
226
270
260
237
341
402
339
282
295
406
488
461
433
355
324
441
414
308
295
335
381
410
382
340
381
386
379
331
374
529
462
350
272
236
330
336
352
318
217
236
180
170
227
206
220
202
115
106
138
113
102
54
53
112
45
0
-27
-79
5
45
-83
-56
-7
-112
-98
-100
-147
-150
-123
-182
-310
-274
-257
-260
-259
-335
-338
-373
-382
-306
-317
-323
-328
-374
-418
-486
-462
-382
-430
-473
-466
-489
-486
-484
-407
-419
-436
-330
-323
-280
-326
-376
-371
-325
-233
-275
-269
-259
-322
-264
-250
-266
-139
-95
-48
-69
-155
-63
0
-9
42
48
42
102
62
-23
10
75
139
143
86
129
191
186
144
82
162
297
274
238
147
176
270
149
211
272
228
327
233
185
299
335
318
307
316
322
386
325
322
374
368
376
355
376
357
382
405
418
430
367
305
254
299
355
301
217
260
231
73
169
226
162
166
157
155
64
38
119
89
51
99
82
26
-3
39
67
-5
-4
-19
-111
-58
-38
-125
-87
-159
-231
-130
-122
-108
-101
-132
-89
-194
-243
-155
-158
-210
-237
-182
-268
-311
-262
-276
-218
-216
-241
-201
-227
-265
-281
-340
-289
-302
-373
-331
-404
-404
-350
-355
-361
-407
-384
-322
-294
-344
-338
-307
-343
-363
-336
-264
-301
-287
-239
-284
-275
-284
-247
-202
-182
-141
-203
-238
-115
-62
-97
-87
-14
33
21
58
44
48
123
169
177
143
152
276
325
204
231
299
305
321
255
240
264
268
215
205
262
236
260
276
206
285
348
296
282
215
186
256
301
291
265
215
199
270
265
302
363
291
297
264
236
327
271
234
279
188
184
264
246
216
149
162
189
163
165
173
135
91
87
54
89
108
46
86
53
-60
-47
-29
-33
-15
-59
-107
-79
-64
-96
-81
-28
-54
-38
-64
-113
-115
-183
-137
-177
-255
-154
-186
-256
-235
-229
-171
-163
-210
-210
-230
-225
-224
-279
-252
-247
-294
-251
-273
-284
-229
-204
-206
-256
-220
-215
-267
-274
-264
-214
-223
-224
-219
-248
-223
-217
-130
-76
-171
-128
-103
-164
-161
-161
-107
-51
-64
-59
-71
-76
-103
-47
89
43
0
38
32
3
23
108
167
145
159
188
184
176
194
247
228
184
224
233
186
223
212
172
259
313
295
268
217
232
284
256
268
295
235
190
205
262
296
216
204
242
191
191
214
257
159
89
174
141
154
105
130
167
24
48
17
2
26
-11
13
-53
-112
-70
-53
-97
-72
-52
-67
-77
-136
-129
-179
-212
-126
-139
-208
-168
-114
-169
-184
-116
-133
-122
-42
-50
-115
-156
-111
-138
-179
-145
-110
-49
-78
-72
-71
-156
-91
-70
-123
-92
-83
-83
-190
-231
-202
-241
-163
-140
-195
-142
-127
-172
-191
-214
-160
-126
-161
-80
-87
-165
-107
-117
-88
-10
0
21
36
41
16
51
86
102
119
73
67
91
150
122
71
146
80
48
119
88
93
140
157
121
37
80
181
144
78
136
175
117
133
109
121
125
109
194
198
235
223
161
180
158
141
240
275
202
194
158
133
154
162
161
160
197
134
98
107
41
79
25
44
111
47
67
34
22
-8
-21
28
1
-17
-73
-52
-64
-133
-106
-73
-98
-89
-69
-104
-63
-58
-91
-105
-138
-142
-137
-146
-145
-137
-172
-204
-187
-169
-187
-168
-130
-199
-219
-185
-217
-222
-245
-245
-199
-211
-208
-211
-223
-151
-162
-202
-143
-118
-132
-115
-114
-147
-94
-47
-92
-59
-76
-108
-16
-14
-27
7
-10
-24
0
9
-6
50
88
33
20
36
11
20
-10
-3
109
29
44
95
-4
28
32
95
170
118
119
125
55
63
127
105
141
161
144
158
124
132
177
163
187
225
210
223
141
142
194
183
210
186
220
147
123
197
128
131
157
136
102
70
97
93
70
96
97
92
68
49
29
30
29
12
37
-16
-6
-1
-2
45
-9
77
75
18
62
3
1
18
17
-4
-52
-62
-51
-22
-33
-48
-51
-74
-72
-65
-44
-91
-102
-56
-171
-139
-74
-171
-140
-108
-158
-161
-137
-169
-177
-175
-175
-165
-172
-151
-174
-180
-122
-173
-226
-139
-97
-171
-176
-77
-113
-166
-116
-91
-88
-36
-62
-73
-32
-94
-114
-65
-4
-98
-100
-38
-101
-95
-39
26
9
-21
-33
8
31
43
21
47
101
-14
-23
44
53
29
74
160
89
24
94
125
92
78
150
165
84
98
96
102
84
100
153
137
129
127
143
69
52
84
105
131
103
107
45
46
75
46
99
97
47
104
56
6
76
-1
47
66
28
136
76
81
95
16
93
106
71
94
105
67
22
29
30
45
52
44
-7
-15
9
-8
-21
-32
-13
-44
-81
-74
-40
-35
-102
-71
-85
-125
-88
-134
-80
-60
-101
-39
-32
-61
-45
-26
-45
-13
-14
-12
-12
-80
-82
-32
-57
-64
29
-11
-59
15
-6
-61
-11
-15
-66
-45
-53
-83
-52
-108
-116
2
-104
-102
-1
-39
-33
-55
-43
-58
-79
-37
-56
-97
-57
-51
-75
-56
-46
-51
-80
-29
14
11
-26
18
30
-62
-20
-1
21
28
0
16
-2
2
-16
-26
34
15
-13
13
29
9
-20
3
52
-3
-4
84
31
20
11
-13
11
-14
-13
-29
8
33
-17
31
22
-12
33
24
25
79
80
9
17
35
-36
-6
46
32
28
16
4
38
29
-7
50
97
61
70
111
82
54
64
68
87
93
81
112
116
63
93
107
105
110
104
161
102
26
45
14
-30
-37
-30
-18
-38
-63
-54
-53
-77
-72
7
-20
-86
-20
-50
-107
-85
-89
-46
-44
-86
-18
-30
-38
-1
-19
19
16
-12
-21
7
-23
-42
1
-43
-29
-36
-69
-28
-37
-57
-48
-55
-57
-57
-105
-60
-53
-142
-70
-38
-111
-88
-90
-108
-119
-125
-95
-115
-99
-139
-166
-114
-169
-102
-84
-121
-50
-83
-56
-69
-48
-10
-33
16
1
29
16
-5
40
48
72
102
124
68
115
136
59
130
121
95
100
51
60
57
23
26
52
43
23
34
53
75
57
57
114
118
58
81
115
24
49
74
63
85
17
26
63
75
77
85
152
105
33
73
82
68
22
7
59
-20
-24
3
40
83
0
77
108
19
70
93
56
48
21
6
4
-27
-21
-4
-40
-34
-22
-24
-25
-65
-25
-34
-131
-63
-6
-92
-100
-77
-95
-122
-115
-67
-63
-79
-100
-116
-73
-66
-93
-30
-14
-61
-48
-28
-9
-21
-54
-16
-23
-59
-54
-85
-76
-83
-85
-76
-66
-51
-89
-30
-20
-53
2
-10
-41
-7
-30
-67
-69
-46
-51
-79
-37
-36
-50
-67
-11
20
-25
28
18
-11
-32
-46
-30
-64
-21
-30
-71
-27
-38
-20
10
16
97
117
64
129
155
88
111
145
109
91
100
100
70
61
111
89
64
129
120
74
108
92
67
53
-24
4
-1
-85
-33
-34
-62
-53
-31
-3
-5
11
10
57
48
30
65
33
22
41
21
49
76
53
40
40
66
32
61
100
49
59
59
16
42
58
28
8
-2
-30
-41
-56
-106
-53
-97
-172
-110
-130
-156
-125
-125
-115
-108
-146
-114
-100
-132
-126
-117
-117
-141
-109
-77
-101
-74
-22
-52
-5
49
49
52
44
84
28
10
25
17
45
-29
-18
42
-41
-27
38
45
50
24
34
23
8
-19
-31
-5
-45
-86
-61
-52
-89
-84
-49
-48
-26
3
-17
19
25
-21
2
19
8
-16
23
40
-9
11
27
4
44
87
86
89
135
141
89
130
128
88
115
74
75
117
81
44
94
90
37
55
95
147
52
55
127
4
-17
7
-1
-3
-58
-22
9
-69
-68
-37
-17
-63
-70
-2
-33
-33
-34
1
-7
-49
18
-4
16
52
11
35
18
4
6
12
31
14
40
19
-14
58
63
16
57
57
-25
-44
-13
-25
-65
-48
-62
-101
-98
-106
-50
-55
-87
-42
-58
-104
-70
-43
-114
-111
-99
-144
-130
-92
-61
-30
-33
-34
17
-30
-6
52
25
31
-5
2
-22
-28
13
-19
-18
-6
9
-9
17
77
35
-23
5
19
-25
-26
47
41
-30
10
-2
-11
8
4
-2
17
15
-31
34
37
20
3
11
0
-34
45
16
35
49
-12
-24
-29
-22
32
43
36
80
30
25
37
59
80
41
58
47
24
56
63
60
80
36
15
44
55
59
104
60
29
78
-14
10
78
41
44
8
30
65
-4
19
86
-9
-27
15
-14
60
71
10
38
60
-28
-19
67
47
55
-7
-27
8
-48
-74
-9
24
-57
-82
-43
-11
-23
-47
-39
-22
-76
-168
-72
-12
-112
-75
-20
-65
-62
-27
-10
24
35
13
12
31
43
7
-21
19
-23
-74
-29
-6
2
-29
-49
-52
-64
-80
-118
-19
-28
-135
-87
-56
-84
-121
-50
-17
-117
-113
-54
-56
-59
-9
12
-6
-20
-51
32
71
30
106
112
42
-9
30
25
-15
48
12
23
47
26
49
46
60
10
-16
60
28
27
34
12
7
-86
-34
20
11
47
72
68
22
24
16
36
35
13
41
-5
-16
38
11
6
42
13
13
21
48
106
75
39
61
86
10
39
134
89
58
43
70
62
14
44
86
39
-31
27
25
38
57
45
93
10
-11
3
-11
-6
-22
-23
-68
-79
-74
-89
-49
-43
-21
-27
-34
44
14
-5
35
-10
-54
-50
-29
-31
-32
-32
-24
-32
-74
-16
20
-20
9
15
22
12
-8
54
33
-31
-42
-3
-21
-37
-8
27
10
-100
-37
-45
-65
20
-62
13
44
-138
-84
-30
-114
-102
-95
-74
-40
-96
-81
7
-8
-54
-2
17
61
32
-25
108
37
-74
17
42
14
34
51
77
94
35
75
128
62
61
67
0
27
-4
-36
6
-26
-38
-69
-51
-18
-50
-11
10
-12
-4
-7
-28
7
-3
-17
19
-16
15
9
-15
16
7
-22
-8
24
10
36
63
43
54
51
58
57
45
115
34
-1
64
-29
-48
-18
-18
-17
-63
9
24
-33
43
54
39
40
19
45
19
-27
13
17
-42
-29
2
-20
-35
-6
2
5
-10
31
20
-11
19
-49
-18
-17
-35
6
-12
17
-21
-46
-18
-30
-25
-2
20
22
0
7
-7
0
28
-25
53
52
-19
30
-5
-9
-10
-13
24
10
6
-1
24
12
-4
23
23
-7
-32
6
-3
-32
19
19
-28
14
10
1
29
21
40
-5
16
48
-20
11
34
-21
-15
2
8
54
1
21
48
-45
-27
4
30
24
3
22
9
-40
-16
11
13
17
-34
-28
9
-37
-41
24
8
-7
-10
42
84
48
69
60
55
31
-19
29
46
-51
-66
3
-71
-69
22
-26
-7
-8
-57
-19
-5
-25
2
-28
-84
-67
-110
-90
-46
-57
-39
-68
-46
-48
-62
-11
-28
-31
5
-21
0
65
0
14
45
-13
-5
32
42
-7
-17
-2
-56
-71
-20
2
-1
-8
7
18
7
1
19
27
-20
-54
-62
-1
-54
-84
18
-61
-71
-8
-43
7
47
-14
-5
50
-12
-28
12
6
-16
-33
15
0
17
31
3
34
15
35
37
57
97
42
77
46
61
96
22
79
78
39
45
49
45
49
20
-13
44
14
15
30
2
19
-26
-37
-36
3
-16
-102
-22
-12
-61
-38
18
32
-18
-28
-5
35
-8
-1
53
2
2
-21
-20
47
25
25
22
74
71
0
56
75
30
-41
-5
53
-9
-7
13
-9
-22
-97
-33
13
-55
-30
-41
-67
-51
-57
-58
-6
-6
-65
-56
0
-27
-27
-7
-31
-31
-100
-90
-14
-35
-14
5
21
24
-9
34
55
23
28
9
14
22
-11
-10
-8
-20
-63
-30
24
13
5
3
12
-61
-80
-30
-34
-47
-48
-5
-60
-53
-11
-46
8
-19
4
8
-15
57
-18
-2
44
-23
27
34
43
73
23
28
40
40
0
49
65
-6
-10
-1
-3
-55
38
36
-57
36
-32
-95
-32
-4
-19
-24
66
11
-42
24
6
13
23
48
94
8
24
59
-21
-18
41
44
2
85
79
28
75
42
42
36
30
45
31
33
20
-20
-4
-40
-53
6
-47
-22
1
-53
-31
-37
-46
-35
-12
-23
14
38
-20
29
28
3
-6
37
27
8
41
-17
47
0
-19
62
58
53
6
47
-14
-59
-4
0
14
-20
-20
-49
-96
-26
-19
-15
51
30
-17
-58
-25
-28
-114
3
19
-101
-16
-30
-81
-13
-33
-21
17
-19
-26
40
-14
-34
9
-28
-14
-26
16
44
-41
17
38
-27
23
44
-5
3
21
-3
2
32
39
-34
-29
24
-40
-36
21
22
-28
-47
-5
-4
-18
47
54
32
46
-18
2
42
42
43
-1
26
-33
-104
-9
19
-8
3
27
-3
-30
6
5
12
35
42
36
32
34
17
-21
7
40
29
29
53
25
-32
8
-35
-4
37
2
37
8
0
-5
-9
17
33
40
-4
14
20
3
38
23
30
14
-12
12
10
45
-13
-52
-19
-78
-97
-53
-18
-74
-61
-30
-82
-39
-46
-25
38
-14
15
51
-6
-39
21
36
-1
60
88
29
25
-7
-25
-4
-3
-13
15
45
-96
-92
-46
-96
-51
20
31
1
-23
-61
-45
-30
-13
2
22
23
-40
-5
-15
-59
-18
-8
2
-4
16
-22
-65
-43
-62
0
-13
22
53
6
53
7
35
63
30
78
72
54
52
23
4
20
35
-18
1
58
-29
-7
20
-70
-58
-50
-70
-3
26
-6
3
-17
-28
5
27
36
83
59
14
27
3
-6
-11
18
8
66
56
-24
39
-17
-23
-14
4
94
4
-14
15
-22
-55
-41
36
40
30
26
-19
-30
-50
-52
-4
3
23
-44
-68
-19
-41
-43
-27
14
-7
-30
11
33
5
-5
4
2
41
53
50
55
38
2
-29
-10
-30
-16
-16
-52
3
-44
-65
-43
-32
11
-41
30
53
-29
29
10
-39
-27
-41
-6
20
6
56
19
-70
-18
1
-21
51
49
-1
-2
-74
-58
-23
-39
13
12
1
0
-19
-25
-4
17
32
41
14
44
17
-40
42
47
-4
40
28
25
28
-52
18
10
-81
38
32
8
46
12
-5
13
23
6
61
0
10
30
-92
-17
-31
-73
-26
-38
41
-15
-33
40
-29
-25
29
-11
12
50
2
38
8
0
24
-27
35
76
63
46
25
19
-40
-23
1
-6
4
-17
-32
-69
-67
-37
-58
-56
24
3
-67
-5
-11
-43
0
12
31
14
-22
-4
4
-37
-25
8
-26
-43
2
17
-39
-9
9
6
23
36
66
47
30
8
42
38
-2
58
59
18
65
42
12
64
32
26
55
48
-1
7
41
-27
-20
-14
-34
-35
-21
-16
32
28
-32
17
0
5
10
12
102
45
-36
27
0
-41
-11
-16
13
-24
-39
-6
-72
-30
-15
-75
-26
25
-13
-65
-19
6
-60
-29
-4
-39
4
-10
-5
23
-16
1
1
12
61
11
9
-3
-60
27
6
-69
-10
-23
-43
-44
-21
0
-21
-19
-26
51
50
-18
25
54
13
3
21
-6
31
22
4
38
-16
-39
-15
6
14
45
62
-12
-9
51
-11
-4
28
34
42
32
23
6
19
-25
7
47
47
50
-2
16
1
-56
-12
-4
-25
14
-38
-65
-30
-69
-67
-12
-10
-43
-4
4
-44
0
-1
-22
33
-9
-21
40
-18
-50
10
-12
-55
-18
-8
-11
19
17
-27
5
32
15
31
51
53
0
15
8
15
25
-35
49
49
24
88
22
17
47
13
16
46
27
9
6
-21
-44
-24
12
-4
17
88
58
-41
1
39
1
-12
0
67
0
-57
9
15
-44
-39
25
-13
-28
-17
-35
-41
-75
-59
-17
-37
-12
36
40
-11
-12
14
-18
20
-31
-45
9
-55
-106
-61
-25
-73
-56
-9
18
-15
-68
-51
-82
-54
-43
-108
-27
5
-68
-54
3
11
-13
18
75
63
20
18
-18
-19
54
-3
30
92
58
90
66
85
72
52
60
56
96
38
29
22
0
54
16
59
109
28
59
44
-31
-28
-44
-46
-15
-12
-41
-2
23
-48
16
64
40
52
36
49
51
-46
-70
15
0
12
51
80
46
-27
-1
-17
-9
18
-37
-51
-55
-103
-105
-111
-78
39
-8
-24
47
-40
-41
-51
-64
15
-44
-72
-44
-15
19
-47
-9
65
16
14
47
30
-22
-69
-47
-8
-28
-9
26
28
73
82
68
103
67
36
67
48
-14
-14
-24
-32
15
-40
-20
42
-11
14
64
-19
-43
-52
-88
-21
0
-10
-27
6
26
-17
54
63
65
87
4
33
-27
-69
-4
-54
36
53
-6
18
-1
43
-9
-44
29
-24
-108
-77
-69
-161
-78
-55
-71
-2
-38
13
-37
-38
11
-68
-41
-79
-66
-33
-107
-69
11
41
7
63
103
-1
50
83
32
56
47
16
14
55
53
25
91
119
69
108
62
-35
19
4
-48
3
-32
-94
-32
-30
-18
30
-6
18
17
-14
-20
-43
-67
-26
23
1
37
8
11
101
75
99
121
38
53
47
-20
3
-39
-83
8
28
-10
32
18
-7
27
16
-18
-85
-81
-60
-83
-63
-127
-100
-89
-113
-21
-3
-64
-83
-3
-36
-80
-60
-116
-108
-8
14
15
65
18
51
82
81
121
27
53
87
13
68
23
-16
52
71
130
87
21
53
49
23
17
24
-10
-95
-78
27
-16
-53
7
42
53
21
28
12
-44
-33
-2
-23
-8
-16
-35
20
24
51
27
8
95
72
18
35
41
-32
-50
2
13
16
9
51
56
12
26
-40
-35
-5
-106
-86
-47
-88
-107
-82
-56
-77
-39
-5
-40
-20
9
-64
-73
9
-61
-86
-37
-52
51
18
-5
100
50
36
46
7
36
-3
-51
49
30
22
-5
-32
87
36
35
86
48
55
7
-14
5
-42
-35
-30
-4
40
-36
-11
4
6
34
-6
-22
-60
-35
-41
-64
7
13
-16
34
53
38
51
47
49
55
77
-15
-46
7
-52
-41
-28
-30
-4
1
5
19
8
-62
-68
-43
-51
-56
-83
-68
-21
-58
-37
-20
-45
20
-33
22
72
-30
-23
-33
1
-34
-47
15
32
87
73
69
73
25
-8
57
103
21
37
49
-30
22
62
20
32
62
55
-2
-18
-8
-51
-82
-52
-38
-83
-89
-74
-63
-3
8
10
30
1
8
-18
-16
20
-14
4
66
65
66
73
57
69
32
107
112
18
39
-8
1
-44
-74
18
-28
-75
-4
55
12
-64
-68
-3
-63
-128
-41
-24
-71
-67
12
-5
-42
-36
-48
42
49
-7
6
-10
-40
-34
-18
15
35
5
56
106
68
59
31
59
45
9
51
8
-22
5
22
43
29
43
67
-7
2
61
-19
-28
26
-29
-63
-34
-72
-51
-6
-29
-7
20
-7
-51
-49
-27
-74
-74
-41
-49
-39
-25
6
32
43
22
0
50
52
26
68
49
-6
5
0
2
46
16
-3
69
43
1
28
-23
-66
-51
-51
-55
-21
-22
-44
-10
-3
-43
-10
-17
-17
60
-21
-53
-7
-32
-56
0
63
-6
-15
48
48
55
74
29
6
7
-36
-21
8
2
13
-10
-38
5
-5
-49
14
32
-50
-76
-40
-24
-36
-42
2
9
-16
5
51
76
28
51
66
-6
-8
-32
-41
-4
-58
-56
-33
-57
-27
-38
-29
-45
-89
-46
-5
14
1
-2
1
-31
37
66
35
153
99
24
87
18
34
25
-3
56
-23
-58
-4
9
38
-30
-7
21
-60
-10
-7
7
-12
-46
-1
-22
-36
-12
39
53
48
29
25
0
6
49
-3
6
-37
-41
53
14
42
34
-14
51
27
22
42
-29
-51
-45
-30
-35
-61
-64
-67
-64
-69
-36
-25
-29
23
-9
-47
-43
-39
-15
29
108
81
53
60
16
57
81
63
65
22
-5
-34
-47
-2
-6
-25
-19
-19
9
0
-10
36
-2
-39
33
-2
-4
-3
-12
15
27
110
32
22
75
2
-28
44
2
-61
38
-1
-8
-10
-65
-27
12
70
59
41
6
-34
-38
6
33
-62
-9
-32
-63
17
-9
-5
0
-6
-18
-33
-25
-10
-22
-7
32
0
-46
-4
7
1
35
43
27
-36
-34
-45
-65
-38
-31
-35
-65
-8
-1
-22
22
8
5
34
23
37
49
-42
-2
48
32
65
24
34
10
-12
0
19
29
-37
-20
-14
-71
-100
-82
1
15
14
74
18
-35
-10
20
51
44
55
44
2
-14
14
31
22
22
63
59
-51
14
32
-61
-17
31
-27
-70
-18
-38
-29
-2
3
9
-62
-20
-26
-94
-27
-40
-50
-30
-24
-24
-64
7
-13
-21
85
45
-21
32
49
-20
-8
29
88
32
-37
96
61
-63
49
74
12
10
-41
-9
-15
-92
-29
52
4
-23
8
-11
-28
21
75
42
51
39
-30
4
4
6
34
28
66
32
-11
-2
-47
18
48
-25
7
-55
-73
-26
-34
8
0
-33
-20
-8
-17
-9
-13
-5
28
12
-29
-14
-21
-40
58
63
3
61
25
-2
1
-18
54
6
-38
67
70
-44
-69
32
29
1
49
77
38
-76
-26
-15
-22
58
-37
-17
4
-90
-67
-15
34
35
-4
-26
-43
-56
-46
-13
34
73
-39
-40
15
-73
25
39
23
71
-2
-10
0
25
22
5
24
30
48
37
42
57
7
20
50
35
43
