-29
23
24
19
47
-25
35
46
-57
-19
-29
-32
-15
-20
12
-10
-53
-51
15
3
20
111
70
27
51
70
92
85
22
11
24
-23
-37
-81
-72
-11
-36
40
61
0
44
73
43
69
118
61
35
-1
-55
-56
-19
16
-53
-85
-11
-16
-109
-24
40
-11
53
76
84
63
-59
-98
-78
8
51
-12
-11
-19
-44
0
17
2
-5
6
-41
-133
-39
50
88
129
77
73
44
-57
-88
-57
-40
-51
-102
-88
-10
16
7
-75
-67
-29
-24
21
-31
52
77
4
51
-46
-66
-5
-9
-5
-79
-82
-79
-64
65
7
-80
-51
58
157
107
80
49
98
92
51
52
12
-27
-55
6
-6
-28
0
-19
8
-22
-40
115
108
47
106
82
84
13
-26
-25
-80
-51
-22
-52
-95
-77
-40
34
34
13
17
12
70
68
37
-2
25
121
34
-48
-29
-44
-38
-88
-95
-20
-26
-54
-1
29
59
123
82
21
48
28
-20
-39
-82
-54
-15
-62
-89
-116
-176
-135
-9
9
-16
27
3
12
-21
-37
52
42
49
-26
-57
-4
-97
-126
-106
-78
-1
-24
-41
68
56
-13
26
104
158
91
42
63
41
-6
-15
-61
-140
-103
-58
-75
-61
5
16
-13
31
51
103
141
42
33
25
-6
55
27
-36
-84
-119
-121
-66
-37
-51
-45
-36
13
17
51
62
93
140
46
14
3
31
49
-41
-73
-52
-8
-75
-137
-53
-40
-17
44
24
56
116
180
165
80
70
65
88
45
-21
-26
-79
-70
-37
-28
32
41
-3
22
23
-47
48
88
10
107
105
110
137
74
79
19
-53
-49
-56
-56
-17
-2
16
85
34
-35
40
71
76
63
48
46
74
79
0
-30
-55
-120
-142
-138
-71
-39
-58
-29
-63
-48
-11
65
112
26
14
24
-18
13
18
-45
38
0
-88
-38
-92
-95
-104
-158
-110
-120
-77
-10
10
56
68
27
9
24
19
-4
1
44
-41
-87
-63
-96
-107
-140
-81
18
26
33
44
74
83
27
10
26
60
68
32
51
43
-34
-100
-130
-91
-53
-69
-16
36
-8
6
62
66
55
66
116
69
3
25
57
46
2
11
-42
-27
-51
-162
-29
47
20
61
69
71
46
25
71
107
107
132
74
53
70
0
-14
-44
-101
-132
-80
-83
-109
-57
-42
-3
-26
2
72
38
52
35
-22
-65
-89
-53
-3
-42
-46
85
66
-60
-91
-75
2
51
68
74
101
104
63
63
-34
-83
-59
-46
-16
-27
-35
-52
3
49
-3
-62
13
123
70
19
36
61
22
39
28
-10
57
56
25
-3
-3
-21
-62
-65
-69
-44
-18
20
46
21
-10
-1
31
26
-67
-101
-31
-27
34
105
70
25
-47
-64
-72
-96
-32
9
48
-28
-46
49
-20
-47
-49
0
26
-27
3
-7
69
50
-7
31
-64
-12
75
-16
-41
-43
-22
63
3
-32
-11
-8
68
76
32
-56
-47
39
1
12
-8
-12
63
1
-14
-2
8
75
23
-12
26
76
90
93
112
61
61
91
80
30
-7
19
-53
-115
-112
-76
-9
-100
-110
-57
-69
27
27
-45
32
61
-9
0
55
86
-29
-73
22
-25
-17
-22
-67
10
-14
-51
-16
-60
-12
41
15
-11
-33
35
-24
-81
30
-1
-35
-3
-2
28
-4
-20
14
16
-49
-60
4
85
52
-11
39
38
61
23
-11
8
-86
-102
-73
-48
-38
-106
-56
-46
-34
33
-21
-10
-14
-31
18
58
82
28
50
52
-53
-32
26
-46
-50
-37
-82
-29
-41
-71
-92
-81
32
22
0
39
62
83
62
-8
-36
9
-12
-71
-73
-55
-124
-123
-63
-123
-43
23
-15
16
-6
13
96
161
158
99
131
105
37
73
51
40
54
32
-1
-11
39
27
27
62
75
92
50
101
146
47
2
37
14
10
20
-34
-61
-112
-83
0
-51
-68
41
65
17
73
67
17
21
22
85
-21
-98
-38
-92
-51
5
-35
0
20
-11
39
7
-29
-2
1
-6
12
118
26
-75
7
-18
-71
-94
-93
-67
-96
-90
-32
-3
-41
-38
-30
-13
64
3
7
101
60
66
42
27
-48
-112
-4
-2
12
36
-33
-48
30
79
45
50
92
107
54
-19
-68
0
71
6
-21
-53
-77
-120
-93
-80
-127
23
54
-8
0
-13
4
61
75
-3
21
-5
-53
-2
-31
-19
31
48
32
0
-56
-16
56
-3
4
-4
-25
90
122
105
78
46
67
1
-15
-11
-36
-30
-55
-17
-4
-3
54
46
21
-6
-24
-2
-12
-36
-69
-40
12
-7
-37
-33
-31
-66
-44
21
-26
-47
20
69
134
131
52
1
-1
-19
-45
-21
11
32
-27
-99
-50
-55
-61
-46
-87
-41
-4
27
81
55
36
38
53
14
2
53
-65
-104
-46
-27
-25
-40
47
1
12
105
-61
-45
54
21
120
122
40
17
-1
-77
-35
-16
-114
-64
-73
-70
-6
14
74
43
-25
18
38
-15
-107
-78
17
100
100
53
88
1
-9
24
-8
21
-22
-18
21
-22
18
28
-21
98
53
-61
48
39
20
35
-27
-31
2
25
-22
-51
-50
-27
44
11
-20
8
6
-10
-16
-10
-21
-47
5
112
58
8
37
49
23
-66
-115
-75
6
63
48
-31
-36
-19
29
54
23
19
-39
-7
73
114
23
-69
-44
-65
-78
-30
-31
-49
-19
-12
11
15
19
36
84
114
19
-17
37
-4
-72
-45
-29
0
-40
-66
-15
-50
-30
-32
-14
94
66
13
64
79
-4
-41
-35
-56
-20
-20
2
11
-11
20
-15
52
55
26
57
-55
-55
22
52
13
7
37
-18
-32
17
4
-57
-67
-64
-49
-27
28
9
-47
-50
-117
-88
39
106
18
15
29
-51
25
13
-15
-13
-64
-14
15
-14
33
88
59
-8
-70
-29
39
74
147
118
29
29
28
27
-6
-75
-66
-20
-48
-94
9
53
3
73
48
-27
38
43
36
50
-19
-49
-18
-26
-63
-91
-101
-91
-56
12
-2
-7
83
72
-45
-80
-4
29
63
110
50
38
7
10
105
24
-58
-33
-47
-96
-31
26
15
39
-49
-58
13
8
0
32
90
6
-72
-31
-1
73
85
18
-41
-63
-3
-31
19
123
43
-12
18
58
80
50
-43
-50
-73
-121
-33
18
0
-29
-15
53
92
40
0
43
42
-39
-63
-10
-29
-41
67
5
-93
-52
-56
27
36
-56
-22
19
0
0
6
-74
-81
-94
-92
3
-50
-65
-33
-65
-62
-63
-10
51
47
-35
-38
36
45
97
46
-68
-12
16
-49
-33
-11
-10
-57
-109
-59
-45
-24
2
-21
26
75
131
70
-22
10
21
38
-18
1
44
12
85
31
-27
26
2
10
47
32
-1
-33
51
117
5
3
109
25
-21
49
20
-83
-53
54
47
51
88
104
29
-37
-50
-22
11
13
67
12
-50
-25
-61
-34
9
-9
-16
-32
-29
-70
-32
21
-44
-45
4
31
24
22
19
38
59
-42
-20
65
63
73
6
-46
-34
-60
-71
-34
-30
-20
33
5
25
20
-14
46
-19
-27
47
53
47
2
-30
-43
-67
-66
-47
13
40
-3
-13
0
-20
54
52
-59
-37
-54
-14
74
44
-17
-39
-42
-56
12
15
-50
-59
-71
-63
-12
27
-3
-26
-29
-20
14
3
14
74
39
-13
-29
-9
-5
-76
-98
-103
18
54
-19
16
7
34
62
3
12
30
-25
-30
11
8
-27
-33
-32
-27
-1
-23
-24
4
66
71
-19
-12
6
46
56
32
58
48
41
17
-37
-76
-10
4
-41
-35
-105
-40
41
-1
39
88
60
27
44
136
110
37
55
20
-17
5
23
-5
34
25
-39
-59
-95
-45
10
24
17
36
97
48
25
64
23
38
36
27
86
4
-42
36
18
-30
-60
-78
-44
-10
-26
20
68
54
76
40
1
-23
-79
-80
-47
20
9
-47
-37
-98
-83
-31
-6
55
-36
-7
14
-73
-40
-62
-28
-22
-36
-20
-67
-24
2
-2
2
-30
-7
20
36
36
22
19
-17
7
-21
-83
-39
-68
-12
45
-44
11
73
8
15
7
-19
-42
-52
47
0
-84
-8
15
29
54
25
37
116
65
-70
9
97
0
-40
32
63
7
-15
15
60
25
-55
-74
-76
-82
-45
31
69
67
-6
5
43
16
20
36
58
47
44
74
64
-29
-12
56
36
65
30
-18
43
45
6
35
29
-36
-44
0
30
54
6
-33
-28
-36
60
96
71
59
25
17
-116
-119
68
-34
-171
-46
-11
6
34
16
49
5
-22
-25
-35
-15
-28
-32
18
27
-44
-56
-14
10
-21
-33
-57
-77
-28
-87
-35
13
-11
68
-28
-27
84
25
27
-3
-50
9
6
-83
-59
9
-94
-144
-60
-3
41
21
19
40
-17
56
114
-1
-44
-10
-9
5
56
18
56
72
13
21
-85
-56
36
30
0
-49
49
35
-41
26
41
33
56
66
29
14
57
-22
-105
-57
32
58
-72
-55
73
10
19
56
48
80
35
48
31
-52
-9
18
-20
29
10
-64
-87
-80
38
66
-15
24
71
70
63
16
59
42
-57
-19
-7
-17
-46
-57
7
-8
-24
-52
-76
-11
18
-30
-8
53
25
7
-13
-19
55
54
-31
13
24
-45
-31
-27
4
21
-10
12
51
18
-20
-25
-59
18
35
-29
-13
-7
11
8
-35
-24
11
-16
15
27
50
86
10
-47
-71
-11
71
71
5
-77
-24
42
42
-10
-80
-27
62
106
72
3
-39
24
30
-74
-79
-70
-20
-11
-57
7
41
-2
-19
-65
-47
23
-34
-32
59
48
19
-12
-57
-17
-54
-107
-30
0
-19
-8
-64
-37
64
69
59
49
78
67
17
54
7
-82
-46
-30
-14
24
-23
-9
-48
-137
-80
-4
40
14
-7
16
70
69
-21
28
73
47
-7
-47
29
-13
-131
-107
-14
0
10
88
86
35
-49
-57
4
-17
25
45
0
-23
-62
-60
-57
-59
-62
-84
-55
-21
-60
-88
-35
39
51
82
61
34
53
-11
-14
-17
-16
-6
-51
-59
-41
-25
42
117
91
56
46
41
19
-43
-25
20
-35
-35
-53
-65
43
19
9
45
2
-23
-31
47
79
14
9
83
105
35
49
-22
-56
67
2
-35
43
7
-46
-18
11
39
12
3
95
56
69
109
-8
-45
-47
-41
-19
3
41
49
29
-17
7
37
17
83
31
-50
-48
-49
-26
-29
-25
-78
-24
42
-50
-79
-63
-32
-8
0
94
36
-88
-38
-35
-1
-15
-34
12
0
9
-4
-39
-71
-73
-24
-78
-87
8
-30
-30
2
-1
6
-6
-48
-100
-56
-55
-62
38
105
54
22
33
12
7
-50
-52
-40
3
78
58
-10
-64
0
0
-32
40
111
46
-36
11
61
28
-16
5
29
35
-19
-67
19
35
6
14
-38
10
7
-21
29
43
10
-60
1
1
-93
-76
-53
-6
60
0
0
11
-16
1
-30
74
63
-39
-35
-85
8
44
-96
-43
71
24
-25
-47
-27
-3
-40
-7
30
-21
-117
-111
-79
-54
-15
-49
-61
-94
-67
10
9
-25
-27
32
37
7
6
38
0
-46
11
32
71
12
-5
58
-50
-22
59
29
-40
-60
6
-7
-7
60
69
-14
-64
24
70
84
79
18
60
81
53
-20
-39
26
0
-9
2
35
31
-43
12
102
70
-6
23
35
-36
-15
-51
-72
-15
-34
-67
-50
35
43
-4
-2
17
65
99
70
9
19
11
54
88
-41
-40
-99
-136
-32
-92
-103
-47
-42
12
-24
-63
49
45
18
46
15
125
119
-7
56
46
0
-55
-84
-28
-65
-84
-73
-39
21
13
-8
-54
-63
-26
-40
-65
-56
-77
-78
-30
-11
5
34
4
-62
-44
63
88
-3
36
81
45
116
119
61
2
-56
-24
2
-36
-89
-131
-125
-62
-71
-114
-129
-123
-46
6
4
22
89
53
33
92
130
143
83
24
-10
38
65
74
67
-32
-1
-42
-8
52
-62
-64
-57
-32
-60
-77
-43
-49
3
13
23
34
-42
-3
33
2
51
72
80
102
37
-9
23
30
12
-9
15
-37
-55
-30
-46
-56
-139
-105
-92
-52
29
10
143
92
-63
29
78
122
156
95
96
100
92
117
117
64
-25
-14
15
-5
60
76
-56
-106
-76
-110
-99
-95
-69
14
-8
-26
31
25
-25
-1
45
44
68
38
74
119
93
205
113
-26
37
78
47
-47
-80
-20
-32
-81
-57
-79
-53
16
0
-31
11
96
112
128
80
0
63
96
0
-39
11
13
-4
-12
6
56
39
-7
-28
-7
-39
-93
-112
-45
33
-15
-39
-65
-40
4
-33
-29
58
40
0
102
134
138
148
167
174
125
114
26
-56
-36
-24
-5
-33
-34
-37
-86
-52
-27
-55
-45
15
52
54
-3
-6
99
121
96
64
-12
58
141
104
93
58
29
13
-47
4
33
-11
33
8
-17
10
-23
-50
-89
-81
-21
-76
-86
10
12
10
21
-24
-3
38
28
114
189
162
116
21
-21
-13
-84
-97
-16
-1
-33
-99
-87
-36
-16
24
28
40
-11
-72
64
167
88
43
-7
0
64
35
61
12
-13
1
-79
-60
-70
-26
6
-55
-67
-84
-15
-56
-121
-39
-3
54
-1
-30
101
77
91
114
43
48
51
76
118
108
62
41
51
44
0
-85
-94
-16
-28
-50
-77
-128
-121
-75
18
15
51
114
45
91
116
96
140
136
85
-9
-23
23
-5
20
22
-9
7
-22
-28
-2
28
-59
-116
-122
-126
-21
-3
-42
-39
-59
-24
-1
-3
65
61
95
73
-11
36
85
28
4
65
41
-13
-64
-29
26
-78
-72
-7
-82
-166
-132
-62
-65
-33
5
4
-15
-6
-51
-66
113
201
137
31
-36
7
21
-45
-79
-51
-20
-111
-123
-72
-83
-85
-78
-77
-128
-64
-45
-62
-69
-104
-61
26
65
11
-48
10
148
136
96
101
98
103
36
-43
-18
-7
-49
-67
-165
-234
-113
-76
-158
-94
-62
-77
-17
-62
-83
0
40
88
100
121
154
79
23
108
137
32
-11
50
29
-67
-57
-47
-55
-34
-24
-6
-29
-66
-30
36
29
-17
-58
-59
-76
-122
-126
-97
40
128
26
-4
32
41
76
59
71
93
-25
-104
-23
6
-47
-25
-57
-117
-21
-17
-74
-11
12
63
101
77
40
-1
32
-6
-13
24
-1
3
-16
-14
38
2
-91
-61
4
-11
-13
33
35
-83
-62
0
-45
15
-31
-117
-88
-109
-100
-59
-63
-47
-43
-30
-23
-43
-44
26
113
90
82
71
18
-21
-61
-35
-29
-35
67
57
-50
-77
-66
-42
-27
-83
-114
-25
8
1
74
65
30
26
-34
-19
-36
-98
1
30
46
46
17
35
21
19
-57
-10
9
-25
6
-54
-102
-109
-68
-48
-73
-70
-38
-13
-76
-66
-45
-11
96
98
121
109
86
80
22
36
118
21
-83
22
9
-16
41
-19
-42
14
-16
-35
-64
-108
-48
-1
4
-10
-74
-2
67
5
5
7
70
68
8
24
54
134
85
66
112
64
32
34
20
-52
-73
-71
-77
-66
-51
-3
-54
-61
-20
17
106
39
-37
-5
41
102
122
123
111
30
4
99
146
50
-13
15
4
8
92
49
-49
-3
-19
-67
-41
-35
-21
-23
-75
-81
-48
-73
10
80
39
82
63
62
113
28
-4
-29
-85
-52
-4
-46
-85
-58
-44
-23
-90
-97
-57
-33
-49
-100
0
-13
-13
35
23
132
102
19
9
0
33
30
45
40
39
33
-19
92
134
31
-5
-46
-44
-20
-67
-77
-34
24
49
-20
-38
10
44
47
23
-8
-22
61
142
58
6
44
-6
4
-4
-37
33
22
-6
21
52
45
36
55
32
-3
-49
-85
-25
6
41
83
-4
-42
-10
10
29
18
61
59
4
64
83
147
149
59
73
15
-5
4
-40
-32
-44
-67
-27
-68
-133
-42
-23
-20
-17
-48
-14
-21
-17
-62
-112
-92
-20
73
90
57
48
38
50
41
12
69
69
68
45
-51
-29
73
52
-45
-102
-168
-79
-14
-86
-33
-30
-26
-20
-10
-10
-72
35
108
83
21
-19
62
123
104
104
113
13
-32
15
9
39
90
24
-37
-29
-80
-101
-23
-17
-20
-46
-60
43
49
-12
-33
1
4
63
132
58
71
51
-15
25
-13
-25
50
-6
-19
-39
-148
-110
-26
-6
-67
-163
-124
-52
-120
-140
-110
-81
36
70
46
-88
-72
112
75
18
-21
42
98
57
88
59
3
-7
-20
-4
-13
-9
-6
-21
20
-54
-87
10
51
52
-21
-9
72
56
16
-49
1
40
77
131
80
43
17
67
34
2
56
-1
-47
1
0
-19
-41
-20
30
-55
-81
-54
-57
17
87
90
3
-43
5
57
43
-33
-54
-8
70
29
-53
-1
40
31
33
-7
-18
8
-33
-50
-43
22
63
66
26
-79
-65
-78
-88
-14
-3
-34
-21
35
-22
-74
11
54
31
-43
-97
7
65
-51
-93
-41
-34
-41
-42
26
42
33
63
-53
-92
-43
-20
0
-3
-22
-62
-23
-29
-44
-20
-3
44
-27
-74
-53
-29
-24
-71
17
31
0
23
-42
27
71
-3
33
-11
-55
22
-93
-75
47
-24
62
36
-111
13
46
-98
17
76
-31
101
108
33
-34
-183
-49
42
52
125
75
-15
-3
-62
-137
-51
-49
42
75
-47
-30
10
85
81
-47
-108
-132
1
108
125
163
84
34
-8
-18
-10
-61
-29
0
13
-33
-128
-102
-35
15
46
9
-18
-2
-45
-54
5
14
52
90
47
-39
-38
16
-13
81
126
74
39
-88
-65
-2
-55
-73
-52
19
66
49
44
-21
-126
-95
-99
-150
-21
-9
-41
96
122
98
75
32
53
84
53
96
65
-7
-52
-179
-109
-3
6
4
13
-1
-29
-55
-55
2
-17
34
62
-48
-65
-18
4
60
97
70
102
81
-11
-66
-133
-62
-29
-44
6
-17
0
4
-18
-34
-71
-66
-18
-38
-12
34
7
36
45
13
1
13
-4
-1
0
-60
14
11
-27
-16
-82
-50
-73
-55
-6
-63
-58
-41
-40
-3
0
-26
-39
-46
-54
-71
-50
-2
15
-26
-3
40
11
82
116
97
92
36
22
-43
-39
4
-4
65
0
17
37
-58
27
12
0
50
0
16
50
0
26
-12
-44
24
-20
0
51
52
99
87
7
52
92
20
-44
-100
-93
-5
41
45
37
15
26
17
-50
-64
50
31
-40
11
-52
-41
-8
-37
-22
-89
0
61
24
39
2
79
79
12
-10
-80
33
41
-84
-75
-105
-81
-3
14
21
-18
-45
54
59
-31
-17
-5
14
-19
-26
16
20
19
48
76
-2
-35
-4
21
-3
-67
-36
47
-12
-119
-56
35
36
6
7
10
93
78
-63
-9
23
-23
-25
-38
27
96
63
41
36
64
122
50
3
24
41
44
26
37
2
-16
-55
-61
-74
-50
43
38
27
-24
-36
-35
-83
-45
12
-3
23
53
-34
-24
10
-1
63
50
21
-38
-62
7
-20
-9
15
0
-16
-9
40
-17
-115
-58
-10
-13
-43
-5
3
-58
16
-1
31
67
0
-16
-113
-88
-3
0
28
10
-66
-15
29
-13
6
-36
-23
24
-3
55
22
-53
34
-6
-52
37
36
81
136
49
-1
12
-5
115
161
46
61
90
66
30
-6
-18
18
12
44
47
-84
-43
-26
-46
49
16
0
65
88
27
-45
-27
22
36
32
18
-38
-90
-67
4
41
24
-12
6
29
4
0
-100
-175
-77
-14
14
44
55
22
-16
-28
-31
23
71
0
-21
47
23
-20
16
30
-39
-28
14
-4
-50
-78
-71
-27
2
-69
-132
-115
-23
-10
-55
-12
5
-28
-12
18
-30
-29
-63
-66
11
7
2
-40
-7
80
128
76
-5
32
24
62
52
-88
-56
15
35
83
66
39
21
-29
-43
19
-29
-41
55
-15
-61
-102
-55
62
32
65
19
-76
1
-3
-63
-16
-57
-22
30
-73
-59
-33
12
113
65
-28
-12
11
-24
-24
-27
22
90
83
43
18
43
82
27
-79
-82
19
104
73
-42
-105
-51
8
12
-18
-53
-70
4
131
132
12
-12
10
14
83
15
12
27
-18
-11
-51
17
71
28
-17
-59
-51
41
13
-21
16
-37
-14
-38
12
90
-10
-52
-3
9
-19
13
-8
24
52
-33
-41
-50
-53
-42
-12
7
5
-27
-3
41
-7
-20
-64
-68
-47
-19
37
53
38
-38
18
20
0
56
-39
-42
-78
-118
-28
-35
17
0
-80
85
166
62
-22
-41
-2
11
35
45
-10
-50
-32
11
66
27
19
25
-74
-54
15
19
25
32
-22
9
-27
-82
4
-34
33
54
-11
4
-53
-66
-46
-35
-40
-50
-32
31
22
-89
-46
17
-12
71
102
38
36
3
-41
-3
18
-2
-29
-46
14
24
-59
-61
-34
15
48
14
6
-29
-36
-24
-26
1
-51
-102
-83
-102
-12
45
-25
-19
-13
42
47
0
90
97
14
-10
1
0
-59
-45
-19
55
120
-13
-51
-56
-17
83
0
-12
26
-17
-12
12
35
56
22
-31
1
38
33
25
-16
14
80
18
8
72
54
4
13
-7
-50
-37
1
74
22
-5
-5
-34
-14
-14
37
41
31
43
5
-30
-7
26
-40
-26
22
1
18
-9
22
6
-27
33
36
19
2
47
52
-16
-39
1
75
30
1
36
-9
-18
28
31
-55
-94
-78
-67
-18
-30
-80
-71
-25
-29
-70
-43
10
30
13
16
21
64
69
-50
-84
-37
20
52
45
40
-31
-43
39
8
-73
-48
3
-10
13
23
-84
-62
-37
-71
1
-21
-19
28
-21
-20
59
102
-10
-109
-41
-33
-19
34
30
28
-12
-3
30
-12
-1
51
30
-37
-58
-26
10
24
51
15
-34
29
74
66
100
76
-24
-63
-26
25
28
66
47
-85
-24
38
19
120
69
45
58
27
56
-27
6
-7
-51
44
-7
-25
42
22
32
68
87
11
-102
-66
-7
73
73
-40
-48
-30
0
23
-16
-6
15
-17
-47
-26
-44
-53
15
108
70
-54
40
44
-24
21
8
98
62
-33
31
5
-23
2
8
6
0
4
11
-14
-27
-9
-55
-46
-2
-51
-4
-12
-85
25
58
-21
-9
-64
-82
-42
-88
-59
-10
-14
5
76
94
11
-5
27
-39
-31
9
-38
-7
35
-19
-18
0
-59
-71
46
69
-11
48
22
-55
-45
-46
14
6
-68
-41
-26
11
70
68
-5
-85
-48
-70
-61
10
-3
0
-16
-40
-60
-6
6
-96
-51
-7
-5
-21
-60
12
-7
-35
-5
-29
-5
39
55
58
48
-10
-79
-27
48
13
11
88
102
27
15
30
70
163
55
0
61
8
-34
-34
-4
-15
-8
26
50
18
-31
52
90
87
83
68
45
15
24
38
85
66
32
42
24
-35
-19
89
98
43
-2
35
42
74
155
59
65
116
44
46
32
-31
-11
-10
0
89
44
-19
23
0
-1
21
0
-5
-59
-54
3
-20
-53
-85
-99
-63
-26
14
-5
-48
-22
8
-81
-144
-66
-46
-69
-40
-5
-43
-34
-10
-70
-115
-127
-100
-70
-35
5
-17
-1
-42
-125
-48
22
-4
-13
-23
-44
-18
-64
-34
-1
-5
98
9
-33
22
88
109
13
19
-17
-30
20
74
85
45
-22
-122
-109
-107
-34
-48
-112
-10
-59
-100
-130
-88
-6
-132
-206
-205
-271
-251
-213
-248
-196
-144
-162
-230
-271
-203
-155
-132
-121
-147
-120
-71
-66
-74
-114
-187
-197
-157
-70
-80
-76
-10
-73
-1
30
34
141
125
162
136
47
88
122
170
191
169
191
216
273
304
266
306
366
304
312
439
398
390
462
416
384
384
424
397
369
355
278
299
331
367
352
193
155
267
284
249
242
182
147
78
23
16
31
84
55
-19
-115
-129
-54
-40
-49
31
-14
-67
-54
-94
-52
2
-2
-160
-218
-65
18
-8
-21
-48
-84
-25
-99
-160
-110
-140
-38
-51
-173
-87
-59
-144
-234
-253
-310
-360
-315
-330
-346
-482
-593
-529
-594
-645
-570
-511
-581
-702
-770
-813
-801
-756
-704
-782
-893
-943
-942
-828
-832
-866
-863
-877
-826
-728
-567
-500
-449
-449
-566
-526
-400
-271
-162
-67
-11
-84
-108
67
241
370
383
325
470
490
561
839
912
854
806
826
1002
1167
1200
1222
1149
1095
1127
1160
1250
1292
1233
1078
1030
1078
1092
1152
1135
1012
812
711
815
808
738
706
553
365
308
432
483
359
219
43
-6
31
19
12
2
-152
-394
-440
-387
-274
-263
-460
-543
-627
-671
-486
-420
-489
-468
-543
-636
-562
-421
-277
-257
-385
-495
-519
-344
-211
-220
-225
-332
-257
-186
-129
46
45
26
18
25
170
327
406
437
398
371
355
410
581
685
676
638
554
543
631
634
647
598
583
628
607
574
423
324
327
329
318
218
69
-32
-95
-126
-152
-206
-248
-400
-621
-649
-664
-739
-781
-976
-1266
-1460
-1505
-1417
-1377
-1488
-1753
-2052
-2191
-2149
-1950
-1832
-1878
-2142
-2417
-2464
-2240
-1832
-1838
-2015
-2124
-2210
-1995
-1570
-1173
-1081
-1225
-1347
-1309
-996
-449
-69
-45
-211
-344
-102
388
908
1304
1221
940
847
1095
1618
2042
2248
2094
1824
1800
2123
2647
2976
2975
2700
2393
2320
2592
2920
3037
2882
2488
2101
2038
2215
2376
2351
1986
1625
1347
1283
1464
1492
1337
932
491
278
235
322
330
129
-233
-607
-821
-782
-613
-614
-823
-1116
-1358
-1339
-1178
-1157
-1195
-1297
-1496
-1575
-1493
-1290
-1211
-1260
-1284
-1398
-1355
-1169
-995
-907
-932
-944
-875
-634
-403
-339
-353
-388
-379
-244
-111
47
160
97
150
181
276
577
687
738
705
578
621
692
801
923
868
788
761
764
850
899
865
788
635
469
373
392
486
489
390
236
90
-58
-31
136
192
116
-201
-522
-575
-483
-356
-180
-283
-734
-1076
-1229
-1062
-667
-544
-897
-1569
-2036
-2018
-1578
-1149
-1223
-1724
-2424
-2803
-2545
-1982
-1456
-1477
-2170
-2941
-3247
-2822
-1902
-1312
-1535
-2300
-2959
-2763
-1830
-836
-297
-599
-1381
-1773
-1352
-246
820
1043
536
-218
-501
251
1509
2397
2365
1602
986
1052
1930
3176
3754
3330
2348
1725
2047
2979
3939
4130
3394
2448
1938
2352
3317
3815
3505
2578
1659
1410
1851
2525
2798
2255
1275
601
618
1165
1587
1431
735
-147
-625
-511
-105
186
-38
-747
-1413
-1514
-1049
-596
-551
-953
-1570
-1858
-1673
-1304
-973
-1032
-1504
-1859
-1976
-1713
-1276
-1044
-1030
-1342
-1532
-1477
-1180
-728
-617
-834
-1112
-1113
-849
-479
-150
-166
-414
-505
-359
-22
205
261
327
204
207
341
488
750
786
717
639
599
747
896
921
810
722
737
711
722
714
635
640
639
626
636
580
476
358
295
400
441
358
313
165
15
88
296
374
270
20
-206
-223
-37
243
309
29
-373
-604
-582
-339
-169
-345
-943
-1633
-1870
-1641
-1190
-976
-1276
-2035
-2792
-2911
-2385
-1675
-1513
-2184
-3109
-3724
-3508
-2562
-1838
-1841
-2546
-3416
-3611
-2825
-1565
-744
-841
-1662
-2456
-2285
-1106
183
792
419
-495
-984
-435
935
2194
2481
1754
799
573
1415
2646
3503
3461
2527
1751
1804
2746
3895
4313
3797
2758
2121
2455
3308
3996
3969
3135
2193
1776
2190
2942
3204
2759
1856
1172
1090
1408
1791
1740
1107
347
-24
102
451
593
263
-309
-772
-868
-662
-502
-650
-1064
-1457
-1599
-1511
-1285
-1127
-1314
-1595
-1754
-1689
-1392
-1232
-1337
-1533
-1723
-1764
-1556
-1358
-1275
-1359
-1563
-1582
-1429
-1133
-751
-729
-925
-1008
-930
-676
-453
-244
-215
-262
-196
-167
36
332
525
573
552
675
797
911
1039
1088
1159
1114
1057
1102
1001
961
957
981
1109
1006
872
807
747
798
918
1045
1014
769
468
379
482
709
866
748
471
142
57
261
526
749
561
15
-462
-657
-398
-38
-77
-688
-1617
-2355
-2475
-1985
-1427
-1313
-1948
-2928
-3552
-3474
-2741
-2034
-2033
-2962
-4216
-4762
-4283
-3178
-2262
-2376
-3361
-4277
-4276
-3147
-1621
-634
-875
-1916
-2704
-2395
-919
579
1206
600
-628
-1083
-177
1502
2802
3056
2221
1139
986
1833
3289
4312
4072
3044
2020
2025
3213
4617
5051
4310
3200
2536
2808
3617
4235
4264
3533
2502
1998
2199
2854
3228
2778
1880
1097
900
1187
1386
1202
787
364
74
-28
101
297
75
-396
-701
-788
-787
-991
-1367
-1666
-1771
-1791
-1692
-1588
-1781
-2086
-2139
-1805
-1336
-1110
-1347
-1821
-2114
-2024
-1653
-1490
-1574
-1761
-2281
-2681
-2366
-1384
-572
-768
-1362
-1546
-1211
-605
-101
197
310
280
145
277
943
1702
2055
1699
1220
1287
1726
2207
2363
2315
2188
1949
1613
1255
1336
1675
1717
1434
1175
1283
1485
1573
1804
1913
1773
1352
706
440
485
508
535
473
106
-500
-999
-980
-354
207
98
-488
-960
-1018
-946
-858
-793
-1334
-2675
-4268
-5184
-4561
-3278
-2982
-3734
-4515
-4519
-4183
-4005
-3752
-3428
-3434
-4148
-4993
-4804
-3422
-2130
-2075
-2850
-3146
-2475
-1689
-1260
-776
-148
91
-338
-865
-805
-103
522
511
203
179
706
1601
2651
3664
4272
4278
3866
3535
3528
3773
4178
4485
4289
3653
3208
3468
4248
4736
4276
3179
2459
2378
2444
2504
2696
2756
2260
1201
464
884
1709
1724
852
19
129
804
1008
758
422
106
-325
-952
-1173
-690
-271
-494
-1030
-1191
-665
-304
-748
-1558
-2089
-1986
-1727
-1745
-1741
-1613
-1430
-1316
-1225
-922
-738
-894
-1200
-1422
-1344
-1081
-815
-862
-1362
-1849
-1915
-1557
-1092
-965
-1069
-943
-427
238
581
671
759
730
456
171
396
1128
1679
1557
1198
1285
1905
2398
2262
1866
1673
1594
1215
848
1068
1584
1659
1141
593
617
1099
1362
1338
1277
1235
1106
698
314
326
603
557
7
-741
-1359
-1228
-496
129
429
97
-535
-985
-1077
-741
-671
-1452
-3023
-4826
-5943
-5617
-4167
-3059
-3476
-4851
-5568
-5023
-3925
-3149
-3005
-3254
-3606
-3843
-3596
-2519
-1057
-610
-1623
-2826
-2868
-1637
-394
-125
-347
-417
-433
-720
-1338
-1495
-1028
-655
-552
-570
28
1286
2501
3473
4098
4460
4545
4095
3412
3468
4291
5065
5130
4091
2839
2458
2932
3769
3947
3165
2164
1504
1501
1924
2380
2593
2232
1233
312
514
1741
2724
2660
1682
974
1434
2075
2064
1332
414
18
-329
-752
-857
-594
-213
-368
-838
-771
-78
227
-489
-1518
-1950
-1579
-1238
-1536
-1990
-1847
-1138
-591
-493
-610
-570
-348
-375
-494
-343
-97
-336
-1333
-2325
-2549
-2154
-1831
-2112
-2487
-2194
-1326
-387
151
364
534
389
1
-207
100
856
1227
978
668
859
1464
1859
1737
1243
976
998
848
504
302
308
295
196
23
80
561
1227
1585
1604
1671
1685
1466
946
483
761
1418
1305
134
-1123
-1174
-18
1130
1220
408
-260
-497
-583
-472
-79
-151
-1957
-5126
-7547
-7279
-4782
-2880
-3328
-5193
-6029
-4959
-3489
-2728
-2521
-2532
-3119
-4085
-4253
-2858
-699
-24
-1514
-3314
-3257
-1516
-12
-44
-894
-1024
-566
-415
-996
-1667
-1736
-1447
-1226
-993
-205
1152
2567
3507
4123
4856
5661
5891
4995
3931
4047
5185
5944
5155
3188
1763
2079
3344
3887
3185
2076
1490
1340
1366
1687
2327
2698
1808
327
-43
1367
3368
3715
2332
1259
1538
2315
2084
961
126
-10
-33
-575
-1054
-855
-356
-449
-1049
-1172
-400
227
-495
-1712
-2120
-1413
-380
-269
-1022
-1614
-1341
-615
-170
-236
-399
-361
-425
-435
-366
-153
-198
-958
-1985
-2787
-2746
-2096
-1759
-1959
-2041
-1440
-427
308
408
164
66
84
9
124
560
1134
1328
1065
854
937
1191
976
328
-45
166
751
883
422
-114
-291
-73
103
356
727
1078
1387
1510
1779
2307
2471
1869
925
431
578
678
168
-513
-614
-18
636
621
43
-368
-434
-428
-511
-733
-1412
-3042
-5335
-6970
-6492
-4550
-3378
-4004
-5559
-6082
-4832
-3233
-2634
-2920
-3339
-3574
-3626
-3248
-2111
-771
-702
-2214
-3629
-3207
-1126
580
517
-503
-1113
-937
-861
-1664
-2526
-2472
-1780
-1097
-376
722
2370
3876
4471
4510
4641
5011
5145
4923
4823
5345
6282
6414
5049
2897
1507
1751
2832
3208
2490
1615
1378
1761
2147
2304
2446
2254
1438
509
640
2325
4208
4577
3087
1432
1181
1683
1512
297
-780
-978
-1077
-1513
-1750
-1294
-423
-156
-694
-933
-547
-75
-290
-1185
-1456
-872
-380
-721
-1429
-1535
-1072
-597
-581
-868
-1005
-917
-630
-174
169
211
-361
-1608
-2710
-3158
-3065
-2848
-2768
-2566
-2150
-1416
-353
546
778
293
-281
-403
-32
559
951
1234
1449
1420
1341
1219
1104
887
482
139
224
773
1002
536
-99
-363
-124
287
405
526
1071
1764
2232
2583
2734
2408
1809
1144
934
1050
560
-481
-1262
-1026
16
711
441
-263
-589
-570
-388
-157
-573
-2185
-4955
-7277
-7176
-5001
-3009
-3154
-4873
-6045
-5500
-3952
-2905
-2713
-2909
-3288
-3494
-2957
-1609
-188
-179
-1859
-3699
-3825
-1923
55
710
267
14
269
80
-966
-2476
-3259
-2952
-1976
-863
287
1693
3130
4197
4640
4874
4928
4660
4100
3538
4035
5549
6656
5997
3536
1242
656
1372
2062
1768
1030
793
1315
2061
2641
3062
2938
1944
480
-85
1124
3175
4233
3552
2344
1902
2119
1907
717
-678
-1545
-1821
-1930
-1781
-1091
-283
213
-4
-499
-413
-127
-348
-915
-1176
-725
28
270
-12
-297
-315
-393
-929
-1631
-1849
-1260
-322
396
663
572
170
-791
-2019
-2822
-3026
-2830
-2599
-2372
-2009
-1411
-654
-191
-153
-455
-764
-638
-26
829
1531
1824
1838
1505
871
328
27
102
118
-192
-317
145
962
1199
560
-360
-571
268
1075
1305
1230
1359
2180
2832
2472
1496
665
537
839
980
817
610
449
298
225
314
596
583
-118
-1039
-1047
168
1044
-356
-3945
-6986
-7108
-4790
-2808
-3400
-5212
-5849
-4888
-3622
-3392
-3374
-2877
-2632
-3100
-3589
-2726
-720
142
-1631
-4099
-4134
-1657
498
193
-1205
-1065
401
820
-910
-3202
-3769
-2584
-1492
-1058
-312
1462
3458
4043
3519
3566
4790
5799
5035
3645
3770
5707
7443
6672
3803
1307
736
1466
1731
1158
721
976
1471
1407
1414
2114
2803
2474
981
42
1174
3625
4960
3993
2375
1943
2410
2050
268
-1576
-2145
-1674
-1470
-1867
-1996
-1198
-123
11
-628
-980
-601
-278
-631
-931
-296
739
995
139
-901
-886
-182
75
-500
-1261
-992
84
842
880
351
-251
-843
-1700
-2565
-2729
-2045
-1287
-1057
-1254
-1372
-983
-436
-15
364
687
1029
1094
988
1228
1692
1911
1342
263
-394
-217
479
937
944
669
338
26
-330
-480
-142
519
901
887
743
888
1461
1845
1579
1042
969
1249
1152
597
247
372
551
450
46
-98
297
500
99
-474
-552
-565
-1984
-4962
-7311
-6879
-4326
-2417
-2894
-4571
-5293
-4806
-4285
-4311
-4346
-3754
-2982
-2621
-2154
-1059
56
-534
-3030
-5065
-4831
-2726
-970
-741
-1014
-349
1020
1234
-329
-2585
-3969
-3703
-2393
-929
458
1949
3287
3896
3789
3490
3453
3452
2998
2612
3402
5502
7282
6875
4317
1758
1000
1341
1515
1212
1104
2073
3279
3456
2870
2335
1889
1044
-177
-485
1074
3183
3952
3239
2519
2747
3028
2088
332
-788
-603
255
498
105
-365
-889
-1467
-2054
-1912
-1160
-490
-172
17
747
1576
1660
696
-533
-1278
-1521
-1239
-772
-146
596
1042
1010
440
-528
-1371
-1766
-1655
-1287
-1110
-1000
-851
-688
-633
-899
-1448
-2049
-2347
-2034
-968
494
1552
1723
1343
1037
1133
1283
925
268
246
1106
1833
1731
1223
839
453
-121
-737
-872
-380
61
-28
-381
-122
835
1426
1057
265
98
798
1474
1397
680
-182
-693
-588
-141
376
729
631
244
-281
-670
-800
-1366
-3296
-6254
-8270
-7692
-4636
-1504
-936
-2870
-4996
-5386
-4615
-4196
-4397
-4272
-3177
-1914
-1223
-1016
-962
-1634
-3589
-5572
-5584
-2967
411
1937
1331
687
1002
1127
-257
-2917
-4531
-3668
-1332
786
1972
2778
3462
3400
2386
1325
1365
2651
3906
4287
4368
5138
6238
6011
3953
1341
312
1470
3226
4112
3941
3574
3348
2793
1729
678
421
602
519
626
1851
4009
5479
4731
2101
-116
-367
581
1317
1354
1370
1747
1758
933
-586
-1966
-2492
-2549
-2098
-1010
305
1350
1483
783
-156
-882
-1242
-1556
-1752
-1308
-205
1067
1660
1081
-7
-835
-1228
-1234
-1112
-929
-610
-341
-402
-947
-1626
-2000
-2055
-1901
-1826
-1718
-1086
-172
608
912
436
-433
-1061
-986
-109
960
1579
1619
1313
947
648
611
625
299
-203
-516
-317
298
730
644
-38
-1002
-1420
-1109
-417
204
544
905
1260
1494
1365
499
-781
-1487
-922
230
1035
1325
1333
1199
775
204
-421
-1263
-3095
-6089
-8429
-7942
-4353
-572
43
-2383
-4860
-5238
-4267
-3539
-3255
-2659
-1615
-999
-1272
-1591
-1372
-1515
-3223
-5590
-5888
-3088
778
2694
2042
684
-85
-621
-1991
-3763
-3998
-2118
524
2006
2069
2047
2478
2603
1808
877
1278
3476
5817
6547
5837
5096
4963
4275
2220
96
85
2467
5064
5962
5231
4109
3130
1671
-159
-1058
-92
1845
2622
2097
1921
2819
3820
3069
747
-960
-744
750
1898
2175
2133
2118
1363
-645
-2890
-3882
-3183
-1621
-45
848
1022
676
-191
-1057
-1743
-2030
-1616
-1017
-369
299
645
623
61
-831
-1496
-1596
-939
92
931
1083
502
-185
-997
-2083
-2915
-2910
-2032
-752
94
17
-506
-777
-516
-162
-214
-534
-433
346
1386
2158
1983
1103
222
-278
-246
-76
257
764
1058
1036
520
-191
-604
-787
-844
-591
-72
324
595
690
765
863
847
907
968
752
197
-297
-399
45
575
805
740
519
470
217
-158
-197
-315
-1664
-4737
-7693
-7805
-4619
-914
51
-2093
-4761
-5708
-5137
-4251
-3363
-2046
-851
-825
-1951
-2800
-2316
-1689
-2698
-4958
-5757
-3510
136
2166
1524
-163
-1187
-1752
-2698
-3402
-2635
-343
1820
2208
1209
594
1148
1762
1409
982
2011
4503
6453
6157
4435
3197
3156
3241
2481
1632
2319
4534
6062
5589
3851
2164
1148
330
-247
486
2624
4449
4140
2084
592
819
1783
1788
868
687
1793
3127
3211
2059
825
-95
-1020
-2141
-2660
-1835
-321
660
523
-89
-414
-695
-1225
-1577
-1294
-441
457
828
641
223
-353
-1017
-1486
-1478
-856
70
866
1190
871
135
-629
-1085
-1309
-1556
-1823
-1819
-1242
-420
-110
-654
-1559
-2071
-1887
-1310
-575
237
777
795
356
-14
127
498
519
118
-32
405
1010
1320
1067
569
115
-450
-1106
-1387
-956
-170
427
545
571
899
1318
1342
796
342
548
1147
1487
1166
448
-52
-129
150
577
699
465
-10
-694
-1095
-704
-103
-458
-2490
-5401
-6815
-5479
-2584
-912
-1911
-4262
-5741
-5456
-4264
-2719
-1263
-706
-1425
-3192
-4247
-3291
-1728
-1646
-3515
-5154
-4040
-1068
992
882
-435
-1230
-1314
-1183
-754
-36
842
1192
588
-87
61
979
1722
1751
1791
2744
4327
5270
4939
3686
2676
3024
4302
5274
5172
4144
3228
3039
3220
3236
2773
2312
1922
1444
1536
2335
3261
3032
1162
-844
-1195
525
2638
3451
2831
1747
1308
1266
1009
492
-114
-516
-571
-448
-360
-309
-404
-825
-1464
-1923
-1776
-1224
-837
-706
-715
-589
-183
-92
-559
-1210
-1308
-495
247
277
-117
-269
198
683
445
-321
-1061
-1420
-1442
-1542
-1521
-1231
-980
-1269
-1936
-2148
-1786
-1153
-657
-385
-47
442
1024
1298
1039
696
533
619
892
1044
1017
840
598
375
137
-61
-200
-282
-355
-446
-364
-39
441
794
804
794
945
1182
1268
844
243
225
889
1505
1310
326
-731
-1032
-497
8
63
-265
-562
-491
-282
122
226
-805
-3144
-5927
-6801
-4612
-1245
416
-1198
-4499
-6494
-6299
-4594
-2530
-1004
-442
-1237
-2764
-3742
-3393
-2470
-2606
-3782
-4134
-2498
104
1758
1456
191
-802
-1250
-1045
-366
568
1346
1529
942
96
-114
331
1015
1615
2103
2820
3807
4453
4475
4110
3873
4239
4659
4424
3707
3176
3178
3645
3868
3572
3192
2769
2144
1131
480
876
1619
1590
640
-24
541
1687
2060
1515
997
868
840
643
482
831
1178
618
-640
-1661
-1784
-1351
-1070
-1133
-1168
-883
-760
-1127
-1719
-1987
-1524
-921
-837
-1011
-1207
-1185
-845
-461
-40
290
574
752
527
120
-197
-262
-341
-1001
-1828
-2205
-2001
-1503
-1532
-1960
-2097
-1701
-862
-179
222
706
1023
811
365
310
884
1468
1488
1146
845
843
887
719
414
160
124
231
390
413
232
-102
-304
-129
126
618
1356
2022
2342
1895
1137
522
382
694
678
510
398
348
305
-77
-593
-918
-1085
-1186
-1021
-457
200
311
-711
-2680
-4393
-4840
-3860
-2252
-1477
-2245
-4076
-5674
-5905
-4713
-2945
-1755
-1647
-2468
-3608
-4179
-3904
-3136
-2616
-2713
-2706
-1851
-236
888
544
-722
-1659
-1445
-387
866
1574
1368
564
-346
-863
-724
58
1059
1734
2077
2502
3186
3797
3853
3615
3674
4151
4953
5547
5334
4489
3690
3402
3514
3535
3381
3138
2582
1619
781
708
1114
1219
745
132
254
1177
1861
1871
1471
1211
1506
1969
2019
1639
762
-615
-1757
-1943
-890
396
523
-683
-2152
-2669
-2525
-2331
-2014
-1465
-910
-797
-1021
-1353
-1694
-1757
-1520
-942
54
1120
1671
1288
406
-215
-652
-790
-742
-1003
-1349
-1643
-1857
-2208
-2816
-2903
-2101
-1005
-146
193
395
880
1096
699
195
356
1505
2534
2333
1474
832
707
721
581
834
1563
1854
1075
-64
-408
271
873
440
-162
167
1313
2077
1833
1263
956
1032
1144
1208
1409
1527
1288
471
-517
-978
-1038
-921
-637
-393
-13
235
-325
-1750
-3674
-4794
-4214
-2483
-1010
-1268
-3162
-5352
-6513
-6035
-4486
-2794
-1660
-1869
-3454
-4991
-5116
-3900
-2668
-2563
-3192
-3388
-2589
-1357
-452
-227
-452
-519
-359
115
756
1020
726
-99
-859
-857
-148
853
1642
1927
1908
1944
2295
2835
3180
3505
4038
4696
5206
4995
4054
3243
3149
3608
4186
4433
4233
3654
2708
1843
1512
1624
1580
872
-93
-495
-27
843
1381
1295
901
732
916
1367
1863
1882
1314
486
-60
-26
468
916
747
-122
-1408
-2303
-2383
-1833
-1245
-1119
-1079
-1064
-1403
-2080
-2475
-1852
-554
558
1022
1018
962
687
162
-205
-57
510
491
-419
-1316
-1519
-1182
-1258
-1911
-2231
-1846
-1268
-887
-649
-503
-453
-560
-634
-337
475
1283
1432
1183
990
1135
1584
1887
1774
1274
898
959
1118
1074
592
0
8
328
489
495
396
509
709
757
808
921
1163
1167
708
428
689
1167
1239
605
-316
-955
-1092
-812
-360
49
-4
-930
-2415
-3901
-4532
-3915
-2676
-1613
-1697
-2981
-4644
-5755
-5695
-4965
-3962
-3164
-2978
-3237
-4019
-4585
-4188
-3117
-2250
-2103
-2069
-1701
-1158
-818
-819
-657
-188
89
-121
-410
-331
-79
47
39
79
536
1272
1753
1986
2016
2083
2255
2384
2873
3727
4557
5081
5059
4477
3809
3425
3489
3827
4088
4194
3944
3401
2689
2061
1717
1555
1447
1149
775
605
723
739
381
306
632
993
1259
1236
1192
1264
1094
721
487
417
405
145
-329
-610
-735
-1059
-1792
-2399
-2232
-1530
-997
-1034
-1479
-1868
-2001
-1776
-1111
-91
640
575
115
-210
-214
-127
29
271
387
314
-71
-655
-1191
-1580
-1740
-1556
-1053
-767
-900
-1119
-1005
-536
-156
110
264
424
718
989
1239
1458
1595
1437
1079
973
1343
1868
1883
1390
734
308
140
131
429
732
721
264
-353
-467
83
528
397
67
-33
260
456
277
-55
-219
85
448
468
84
-588
-1186
-1401
-994
-209
39
-1019
-2894
-4292
-4096
-2582
-1522
-2041
-3893
-5737
-6141
-4983
-3324
-2384
-2603
-3537
-4224
-4178
-3368
-2210
-1608
-1759
-2150
-2027
-1191
-220
134
-242
-649
-685
-306
63
-97
-450
-547
-274
-27
113
348
613
1050
1536
2018
2547
2914
3009
3074
3365
4096
4925
5044
4266
3109
2458
2869
3913
4691
4661
3656
2409
1676
1483
1801
2241
2358
1874
1059
513
447
705
922
1067
1192
1334
1564
1587
1176
588
296
545
1006
1111
639
-232
-966
-1179
-958
-759
-933
-1221
-1533
-1810
-1862
-1928
-1922
-1791
-1525
-1021
-377
155
37
-499
-988
-1000
-385
356
666
215
-416
-786
-966
-1053
-1291
-1453
-1199
-818
-661
-768
-1035
-1112
-1020
-877
-499
-90
194
206
59
213
553
821
951
953
935
1100
1371
1432
1398
1308
1183
1017
898
859
740
830
915
841
640
368
285
285
397
440
274
30
-162
-187
7
369
665
633
231
-253
-505
-546
-657
-720
-427
-27
17
-476
-1297
-2098
-2808
-3450
-3542
-2844
-2122
-2226
-3303
-4408
-4710
-4489
-3986
-3286
-2640
-2291
-2371
-2778
-2980
-2602
-1936
-1385
-1105
-861
-686
-843
-1194
-1341
-948
-172
514
725
350
-207
-492
-364
175
1033
1815
2109
2077
1893
1905
2255
2863
3499
3694
3752
3847
3930
3713
3114
2786
3059
3716
4170
3804
2774
1830
1318
1312
1840
2548
2740
2084
925
21
81
810
1489
1728
1618
1649
1581
924
-74
-771
-776
-62
800
961
355
-889
-2232
-2812
-2427
-1337
-233
80
-700
-1827
-2397
-2335
-1926
-1398
-837
-286
130
12
-663
-1316
-1510
-1119
-407
252
487
43
-814
-1647
-2107
-1864
-1036
-176
152
-208
-883
-1283
-1148
-822
-407
133
659
990
836
500
152
-98
37
425
1100
1740
1919
1420
427
-323
-284
606
1633
2108
1845
1141
649
495
649
939
1171
1235
1083
842
555
323
103
-26
-123
-26
326
348
6
-492
-839
-576
-42
184
-3
-464
-679
-583
-492
-523
-831
-1499
-2400
-2936
-2780
-2203
-1886
-2512
-3753
-4725
-4749
-3709
-2561
-2102
-2424
-3221
-3769
-3740
-3093
-2212
-1512
-1115
-1081
-1083
-1085
-994
-773
-590
-293
117
589
812
453
-158
-278
209
800
1207
1215
1144
1445
1972
2465
2740
2785
2809
2977
3290
3649
3742
3397
2735
2133
2331
3168
3763
3602
2645
1581
1025
1156
1641
1943
1900
1557
1212
932
601
392
384
614
1044
1269
1033
475
-262
-836
-867
-423
53
18
-740
-1602
-1951
-1757
-1121
-761
-887
-1062
-1329
-1587
-1653
-1535
-1279
-1016
-797
-480
-284
-446
-697
-771
-487
-81
78
34
-162
-328
-435
-580
-544
-373
-325
-307
-291
-253
-164
-202
-154
146
408
555
493
240
249
503
825
928
806
804
855
926
885
812
845
849
953
1080
1118
1019
734
509
466
632
932
1102
1038
743
277
-22
24
188
233
72
-179
-359
-403
-343
-323
-306
-261
-345
-604
-805
-803
-646
-452
-372
-441
-695
-1220
-2167
-2957
-2990
-2558
-2051
-2018
-2673
-3625
-4245
-4155
-3490
-2682
-2226
-2319
-2821
-3195
-3046
-2532
-1932
-1533
-1466
-1426
-1275
-1139
-1035
-952
-781
-485
-36
353
399
230
-5
99
682
1172
1449
1728
1850
1982
2334
2703
2943
2917
2787
3035
3585
3862
3599
2943
2426
2407
2772
3265
3554
3354
2666
2020
1787
1893
2206
2395
2193
1665
1160
1064
1116
1057
968
864
872
856
584
82
-280
-396
-412
-510
-891
-1163
-1117
-998
-1210
-1622
-1714
-1556
-1405
-1297
-1207
-1158
-1136
-1260
-1495
-1512
-1211
-883
-712
-619
-574
-552
-665
-767
-558
-241
88
335
161
-326
-659
-486
-90
79
55
-112
-219
51
483
744
792
567
425
590
898
1135
1013
773
532
448
678
954
1126
1085
977
874
788
735
706
692
640
698
768
632
341
-19
-355
-291
18
263
396
137
-342
-715
-886
-755
-453
-246
-240
-481
-949
-1272
-1186
-977
-890
-901
-884
-747
-801
-1234
-1907
-2671
-3017
-2835
-2407
-1988
-2026
-2533
-3174
-3612
-3412
-2721
-1937
-1545
-1781
-2229
-2647
-2750
-2575
-2312
-1879
-1466
-1077
-803
-845
-1122
-1292
-1061
-487
213
530
458
277
95
199
592
1098
1491
1847
2152
2309
2439
2485
2519
2679
3021
3363
3417
3163
2689
2265
2274
2731
3255
3539
3493
3172
2707
2470
2553
2540
2472
2322
1993
1720
1503
1280
1160
1127
1068
1013
802
300
-148
-405
-477
-246
-167
-521
-1079
-1509
-1561
-1221
-803
-672
-796
-961
-968
-849
-745
-796
-1006
-1122
-1021
-735
-560
-800
-1055
-1080
-948
-580
-293
-363
-482
-425
-242
-44
-101
-294
-376
-239
65
247
216
51
-157
-148
265
663
737
501
115
-125
-42
257
445
528
503
417
482
578
658
752
699
736
756
556
481
279
58
86
23
-160
-296
-355
-426
-438
-449
-489
-520
-530
-566
-697
-848
-936
-839
-732
-639
-721
-929
-1029
-1008
-839
-807
-856
-875
-961
-1281
-1789
-2219
-2477
-2497
-2401
-2256
-2124
-2258
-2507
-2749
-2765
-2391
-1908
-1632
-1759
-2057
-2301
-2305
-2205
-2030
-1655
-1266
-905
-780
-764
-706
-644
-354
94
569
843
806
778
777
867
1063
1298
1680
2091
2353
2511
2684
2677
2503
2475
2684
2975
3217
3210
2927
2662
2593
2809
3059
3212
3244
3019
2706
2497
2370
2239
2118
1992
1749
1371
1169
1026
743
603
586
614
539
337
46
-388
-745
-867
-861
-967
-1119
-1243
-1315
-1230
-1125
-1154
-1285
-1374
-1393
-1202
-985
-999
-1024
-1141
-1249
-1259
-1214
-953
-702
-571
-507
-480
-338
-303
-463
-466
-198
131
226
-18
-330
-402
-246
13
215
333
325
156
132
180
228
330
322
272
184
190
285
313
252
188
298
540
743
763
632
493
432
247
55
25
94
232
219
99
-72
-285
-380
-397
-461
-330
-78
-8
-105
-426
-658
-669
-628
-469
-354
-374
-544
-718
-810
-839
-766
-754
-985
-1326
-1506
-1721
-1952
-2076
-2190
-2160
-2026
-1846
-1846
-2051
-2314
-2542
-2451
-2137
-1870
-1868
-2015
-2152
-2199
-2087
-1756
-1402
-1284
-1090
-856
-618
-394
-304
-143
78
323
530
732
902
1018
1194
1390
1693
2001
2152
2323
2454
2526
2512
2514
2718
2861
2959
2926
2769
2753
2872
3102
3191
3077
2919
2743
2557
2417
2370
2240
2056
1822
1520
1388
1391
1293
1003
758
660
609
608
345
-174
-654
-939
-935
-802
-703
-864
-1103
-1249
-1480
-1479
-1225
-1018
-979
-1200
-1310
-1296
-1421
-1486
-1465
-1332
-1068
-848
-778
-807
-870
-851
-665
-356
-42
-10
-233
-477
-524
-382
-102
197
249
218
186
224
302
243
166
165
268
373
333
191
30
-77
25
285
401
482
492
375
361
391
448
373
164
80
104
183
145
-47
-178
-201
-191
-121
-80
-88
-93
-196
-370
-493
-480
-396
-230
-126
-236
-257
-304
-430
-381
-313
-168
-54
-229
-519
-712
-937
-1126
-1166
-1172
-1096
-1119
-1243
-1402
-1585
-1668
-1683
-1606
-1711
-1926
-1995
-2041
-1897
-1818
-1908
-1926
-1923
-1783
-1571
-1359
-1224
-1212
-1140
-974
-832
-743
-541
-245
-73
11
100
278
435
627
909
1129
1459
1645
1682
1782
1867
2103
2342
2444
2431
2368
2484
2663
2801
2800
2720
2772
2850
2904
2818
2622
2417
2221
2069
1995
1998
1989
1927
1725
1395
1222
1181
1028
882
792
612
372
35
-308
-515
-525
-449
-524
-682
-888
-1041
-1189
-1242
-1153
-1217
-1161
-1131
-1330
-1329
-1277
-1344
-1396
-1397
-1250
-962
-816
-748
-693
-786
-816
-736
-614
-443
-323
-237
-198
-277
-311
-275
-156
50
146
235
303
273
222
145
131
304
530
530
452
419
425
483
481
539
573
508
480
429
399
352
279
260
197
269
291
125
70
36
60
116
106
15
-114
-87
-126
-210
-171
-258
-368
-372
-381
-349
-366
-536
-737
-862
-906
-915
-1073
-1241
-1364
-1472
-1501
-1568
-1613
-1780
-1994
-2104
-2234
-2314
-2259
-2154
-2097
-2161
-2299
-2327
-2262
-2148
-2021
-1871
-1720
-1591
-1512
-1503
-1349
-1030
-769
-582
-417
-270
35
308
565
826
892
1021
1212
1409
1600
1713
1841
1979
2181
2414
2515
2636
2798
2902
2988
3099
3208
3259
3259
3128
3043
3046
2951
2761
2488
2328
2208
2050
1934
1779
1516
1148
933
745
587
446
199
52
-120
-337
-439
-477
-564
-724
-960
-1013
-850
-910
-1165
-1386
-1410
-1337
-1348
-1266
-1287
-1371
-1265
-1155
-988
-860
-833
-830
-849
-755
-777
-659
-432
-420
-326
-254
-249
-199
-94
2
91
208
207
155
114
91
127
182
273
422
486
441
415
408
417
484
653
681
514
376
207
153
130
-40
-62
11
56
142
195
172
45
-93
-99
-111
-23
51
-133
-261
-380
-473
-345
-256
-254
-257
-331
-434
-671
-887
-943
-1052
-1096
-1149
-1230
-1317
-1521
-1663
-1819
-1856
-1756
-1832
-1965
-2156
-2345
-2421
-2520
-2555
-2572
-2617
-2542
-2472
-2332
-2112
-2069
-1908
-1635
-1420
-1184
-1036
-908
-776
-574
-367
-194
31
190
431
775
1075
1364
1584
1691
1778
1926
2170
2317
2411
2574
2703
2833
2905
3021
3114
3162
3334
3420
3426
3350
3170
3024
2953
2909
2763
2601
2395
2198
2028
1832
1716
1494
1275
1050
739
564
404
79
-275
-451
-600
-694
-674
-772
-943
-1073
-1093
-1106
-1091
-1033
-1064
-1098
-1122
-1155
-1136
-1116
-1126
-966
-736
-596
-472
-520
-567
-487
-394
-280
-227
-83
65
10
-81
-24
83
184
283
333
401
269
124
176
87
0
16
29
0
-82
-96
-112
-145
-108
-44
-25
-7
-51
-212
-382
-462
-448
-432
-403
-402
-507
-613
-615
-639
-650
-564
-511
-481
-545
-704
-938
-1159
-1181
-1063
-972
-972
-992
-1128
-1321
-1388
-1396
-1369
-1302
-1335
-1482
-1594
-1680
-1764
-1791
-1795
-1786
-1760
-1756
-1761
-1767
-1653
-1601
-1638
-1536
-1556
-1501
-1412
-1396
-1222
-1036
-889
-745
-542
-396
-186
89
223
339
538
771
934
1151
1340
1474
1655
1769
1900
2109
2277
2454
2627
2664
2655
2801
2949
2924
2906
2870
2850
2799
2686
2662
2649
2617
2546
2485
2392
2227
2032
1937
1842
1681
1566
1405
1267
1034
849
827
683
472
358
239
47
-139
-310
-398
-495
-560
-601
-640
-659
-754
-837
-866
-774
-707
-744
-726
-725
-740
-751
-785
-766
-779
-715
-496
-371
-431
-531
-499
-441
-293
-181
-197
-155
-179
-176
-161
-169
-83
-80
-73
27
75
212
248
24
-119
-146
-140
-78
-166
-342
-414
-549
-590
-551
-593
-560
-621
-715
-748
-910
-980
-988
-1171
-1307
-1381
-1455
-1548
-1667
-1781
-1906
-1956
-1964
-1936
-1970
-2067
-2159
-2169
-2152
-2186
-2114
-2135
-2170
-2091
-1989
-1895
-1884
-1796
-1736
-1679
-1550
-1421
-1242
-1153
-1088
-973
-824
-624
-461
-313
-103
128
313
525
738
863
1036
1226
1353
1483
1655
1854
1954
2047
2175
2251
2400
2486
2523
2594
2601
2714
2788
2733
2709
2613
2593
2647
2625
2623
2540
2432
2344
2203
2081
1975
1874
1791
1577
1357
1245
1020
877
819
717
686
592
408
266
206
131
-35
-126
-119
-199
-336
-430
-507
-477
-456
-540
-525
-598
-620
-616
-761
-695
-598
-547
-534
-565
-534
-545
-479
-368
-226
-161
-169
-46
34
-39
-116
-142
-150
-86
-29
-5
-10
-8
14
15
-13
-44
86
130
-2
-130
-305
-380
-353
-321
-358
-494
-610
-634
-678
-777
-845
-914
-919
-1001
-1132
-1264
-1528
-1684
-1686
-1722
-1846
-1961
-2083
-2195
-2289
-2395
-2414
-2476
-2538
-2553
-2554
-2526
-2588
-2586
-2507
-2515
-2494
-2355
-2187
-2013
-1854
-1764
-1675
-1526
-1303
-1072
-892
-665
-449
-270
-92
51
260
506
791
1039
1148
1236
1399
1580
1800
2020
2096
2178
2314
2481
2548
2651
2821
2883
2967
3015
3020
3019
3029
2992
2944
2831
2725
2732
2541
2383
2235
2049
2011
1885
1727
1495
1280
1157
1014
912
783
604
484
402
299
307
241
73
13
31
31
-12
-54
-94
-108
-145
-232
-268
-199
-172
-143
-70
-135
-85
-26
-138
-145
-125
-64
76
102
-6
-108
-98
7
35
-34
-68
-23
25
-12
-35
-97
-179
-123
-112
-193
-261
-336
-454
-537
-592
-648
-744
-834
-794
-871
-1053
-1165
-1223
-1277
-1383
-1484
-1620
-1678
-1650
-1692
-1746
-1874
-1895
-1856
-1849
-1891
-2016
-1970
-1978
-2085
-2124
-2147
-2178
-2126
-2035
-2009
-1949
-2004
-1989
-1797
-1777
-1809
-1740
-1623
-1507
-1405
-1280
-1204
-1090
-932
-809
-628
-540
-483
-321
-133
88
251
400
569
722
961
1184
1310
1415
1603
1812
1927
2003
2069
2139
2227
2237
2302
2397
2382
2425
2475
2507
2568
2638
2699
2626
2588
2553
2425
2371
2231
2136
2068
1954
1849
1699
1635
1430
1318
1300
1180
1077
942
868
752
564
396
319
290
255
188
44
-56
-153
-218
-232
-356
-394
-326
-357
-319
-304
-344
-294
-369
-354
-239
-183
-129
-132
-59
-52
-97
-100
-73
-67
-77
-97
-147
-103
-95
-50
-14
-97
-82
-72
-178
-223
-221
-353
-405
-417
-567
-516
-544
-729
-762
-791
-809
-946
-984
-1018
-1195
-1216
-1275
-1392
-1515
-1576
-1630
-1751
-1779
-1759
-1819
-1921
-2005
-2092
-2082
-2050
-2101
-2182
-2219
-2179
-2138
-2159
-2143
-2052
-2002
-1921
-1891
-1817
-1695
-1564
-1380
-1288
-1215
-1180
-1059
-864
-718
-584
-492
-331
-206
-110
50
98
273
480
557
659
781
889
987
1162
1307
1525
1608
1591
1667
1725
1948
2103
2109
2104
2172
2260
2194
2148
2188
2268
2277
2279
2265
2167
2181
2161
2075
2062
2012
1954
1942
1917
1840
1728
1696
1625
1525
1564
1541
1484
1459
1325
1254
1188
1059
1051
1003
926
762
540
571
474
364
359
232
271
188
42
10
-79
-25
-14
-142
-202
-206
-235
-336
-411
-429
-506
-557
-639
-772
-833
-879
-908
-940
-937
-923
-973
-993
-1017
-1081
-1132
-1107
-1129
-1265
-1212
-1215
-1337
-1399
-1467
-1397
-1431
-1440
-1448
-1556
-1495
-1473
-1466
-1430
-1419
-1407
-1439
-1479
-1519
-1503
-1519
-1600
-1610
-1563
-1575
-1602
-1595
-1611
-1543
-1493
-1423
-1347
-1344
-1340
-1350
-1268
-1214
-1174
-1071
-1025
-992
-949
-905
-832
-715
-569
-461
-368
-252
-105
-14
25
153
220
275
414
461
430
497
675
825
946
1052
1143
1226
1357
1460
1525
1617
1682
1769
1785
1849
1860
1874
1975
1917
1927
1932
1908
1940
1971
1949
1880
1938
1945
2011
2082
1934
1879
1927
1927
1876
1839
1802
1727
1629
1559
1538
1442
1304
1290
1330
1322
1345
1261
1136
1120
1058
957
835
797
750
550
409
225
46
-45
-115
-125
-167
-205
-320
-437
-519
-544
-626
-842
-865
-941
-1108
-1169
-1280
-1394
-1459
-1501
-1582
-1634
-1592
-1667
-1736
-1727
-1806
-1765
-1783
-1857
-1787
-1856
-1882
-1861
-1890
-1874
-1916
-1883
-1883
-1932
-1862
-1848
-1825
-1781
-1772
-1677
-1551
-1521
-1533
-1463
-1393
-1333
-1303
-1281
-1211
-1158
-1057
-1011
-989
-936
-904
-779
-715
-717
-627
-522
-448
-328
-272
-236
-145
-110
-31
0
37
103
125
293
373
408
530
595
732
893
976
1025
1090
1136
1213
1355
1394
1386
1402
1440
1500
1517
1555
1629
1666
1681
1771
1742
1771
1846
1773
1715
1680
1751
1731
1653
1669
1662
1619
1613
1669
1655
1635
1632
1528
1529
1562
1448
1390
1271
1120
1085
1007
944
907
844
765
767
760
699
662
498
457
493
387
339
266
180
97
-4
-87
-247
-414
-471
-475
-548
-644
-680
-698
-702
-743
-816
-874
-929
-949
-989
-1078
-1203
-1324
-1398
-1425
-1448
-1531
-1605
-1630
-1619
-1617
-1628
-1667
-1711
-1684
-1702
-1720
-1683
-1716
-1766
-1730
-1663
-1638
-1617
-1612
-1685
-1689
-1570
-1528
-1512
-1462
-1384
-1315
-1308
-1180
-1085
-1046
-945
-886
-821
-688
-666
-636
-544
-544
-413
-410
-409
-307
-275
-111
-41
25
143
261
344
326
425
556
639
751
803
746
778
921
980
1032
1077
1134
1219
1242
1335
1373
1379
1393
1455
1572
1538
1469
1441
1487
1508
1487
1522
1569
1590
1595
1669
1682
1636
1629
1576
1544
1554
1552
1511
1423
1317
1254
1235
1231
1230
1198
1112
1068
1016
958
963
864
735
673
621
515
393
301
246
229
197
129
25
-83
-161
-210
-299
-370
-442
-511
-438
-506
-688
-723
-773
-778
-767
-883
-979
-974
-1029
-1137
-1169
-1248
-1290
-1267
-1284
-1231
-1281
-1327
-1241
-1209
-1260
-1283
-1253
-1245
-1169
-1233
-1230
-1169
-1207
-1118
-1172
-1193
-1174
-1227
-1129
-1075
-1101
-1081
-1035
-964
-905
-910
-1001
-974
-779
-809
-866
-853
-905
-784
-757
-728
-631
-633
-556
-506
-447
-423
-398
-349
-281
-203
-189
-98
-37
46
101
128
203
286
430
490
559
616
621
718
840
914
899
989
1136
1199
1295
1339
1363
1431
1448
1446
1485
1526
1562
1564
1562
1591
1572
1534
1498
1480
1474
1419
1430
1460
1428
1343
1240
1210
1161
1119
1011
960
999
948
893
833
785
752
666
589
600
555
478
392
252
199
173
63
-15
-93
-158
-168
-218
-243
-292
-370
-407
-436
-466
-518
-596
-619
-660
-752
-769
-858
-961
-930
-923
-957
-1006
-1019
-992
-1011
-1046
-1068
-1078
-1025
-980
-1019
-999
-1047
-1062
-1034
-1152
-1083
-1022
-1075
-983
-996
-1049
-976
-991
-973
-924
-963
-860
-738
-718
-715
-772
-803
-793
-665
-559
-612
-595
-552
-485
-419
-472
-487
-404
-295
-208
-194
-157
-120
-106
13
78
22
17
72
133
176
193
238
303
333
334
348
386
450
512
562
615
561
501
536
484
463
545
601
645
702
751
742
795
831
801
869
874
898
876
831
862
801
823
834
846
876
833
912
895
886
957
891
907
916
851
898
908
813
784
686
589
536
498
472
339
324
336
366
396
323
294
237
203
170
166
116
48
58
-51
-98
-118
-172
-281
-374
-299
-332
-340
-415
-530
-517
-576
-534
-552
-602
-560
-536
-574
-668
-651
-748
-831
-791
-749
-700
-770
-814
-765
-733
-790
-789
-747
-725
-713
-720
-698
-695
-638
-573
-586
-607
-603
-526
-497
-571
-548
-513
-493
-488
-541
-544
-536
-550
-526
-387
-340
-388
-421
-389
-292
-312
-339
-239
-113
-93
-113
-131
-126
-6
-9
-62
26
33
88
107
53
105
84
108
213
286
287
312
364
419
434
407
416
375
412
453
434
409
367
397
428
387
354
442
485
436
518
542
486
480
491
482
425
455
478
507
559
502
470
504
535
532
513
517
565
607
594
617
569
567
603
466
508
550
479
516
532
512
421
354
398
429
360
292
281
256
225
142
100
115
-48
-39
62
-10
-21
-109
-120
-103
-169
-184
-297
-343
-321
-342
-354
-372
-394
-464
-500
-492
-575
-653
-588
-585
-637
-589
-603
-653
-626
-624
-587
-549
-556
-573
-605
-590
-601
-690
-705
-564
-630
-680
-569
-524
-499
-591
-558
-418
-394
-398
-380
-418
-380
-293
-348
-337
-342
-373
-325
-293
-270
-323
-323
-242
-205
-173
-142
-172
-167
-39
40
30
1
-7
23
97
99
75
152
165
190
223
175
191
207
240
336
351
329
403
397
382
488
489
463
500
517
531
558
570
534
527
564
534
539
528
471
573
571
546
579
533
571
546
561
580
523
532
484
434
422
400
385
350
293
287
344
312
249
293
267
234
236
163
133
96
139
165
52
104
75
-3
32
17
42
-11
-42
-109
-199
-151
-195
-231
-280
-234
-183
-285
-293
-290
-287
-319
-315
-257
-292
-364
-389
-392
-456
-427
-418
-454
-450
-480
-472
-491
-513
-544
-565
-496
-452
-500
-522
-467
-451
-524
-501
-496
-541
-547
-527
-563
-589
-455
-519
-564
-398
-422
-430
-362
-366
-261
-236
-290
-236
-188
-134
-96
-72
-35
24
107
83
85
53
22
108
108
172
203
228
310
284
324
345
342
372
398
397
385
444
376
383
486
426
392
363
407
485
405
373
386
412
400
392
407
365
449
509
454
480
438
388
500
421
348
356
307
466
456
312
422
428
384
396
324
339
308
285
339
280
251
263
175
179
252
207
217
173
94
167
72
-9
0
6
39
-74
-119
-73
-52
-78
-130
-155
-175
-147
-189
-271
-258
-296
-321
-267
-308
-360
-418
-403
-378
-475
-482
-505
-568
-552
-534
-487
-446
-513
-491
-502
-549
-513
-577
-581
-599
-571
-519
-582
-522
-546
-597
-501
-524
-498
-415
-450
-396
-379
-361
-283
-404
-396
-265
-254
-238
-234
-167
-138
-165
-189
-188
-156
-129
-69
-21
45
32
27
119
151
86
82
165
153
196
271
271
289
273
301
306
295
345
371
473
567
548
596
599
524
539
534
559
551
533
565
536
534
584
571
531
548
501
512
577
488
456
528
488
451
418
342
333
325
327
324
271
270
273
237
170
180
232
148
92
105
125
100
16
-1
-99
-75
-17
-181
-142
-114
-76
-65
-118
-52
-192
-245
-222
-251
-229
-276
-310
-308
-231
-219
-275
-289
-333
-331
-290
-350
-428
-359
-311
-333
-301
-312
-415
-482
-417
-373
-355
-371
-450
-387
-335
-360
-410
-479
-446
-411
-387
-378
-352
-356
-363
-349
-396
-316
-306
-323
-307
-298
-170
-123
-202
-260
-185
-157
-213
-192
-170
-87
-34
-67
0
37
1
17
44
13
38
160
175
222
246
190
251
289
228
200
306
314
272
317
303
328
322
293
316
357
382
312
358
449
451
402
367
401
362
362
316
290
396
424
381
336
390
373
333
342
320
322
329
390
357
283
289
256
256
217
74
79
152
84
137
198
103
149
179
153
67
-12
65
55
44
9
-42
-67
-133
-122
-140
-269
-275
-171
-152
-144
-219
-256
-247
-278
-257
-308
-314
-276
-258
-238
-291
-321
-363
-441
-463
-479
-440
-416
-437
-349
-342
-403
-367
-359
-396
-399
-397
-396
-314
-213
-219
-282
-278
-261
-238
-214
-286
-272
-194
-153
-120
-197
-180
-119
-143
-126
-108
-54
-31
-11
38
-1
-19
-64
-57
12
-39
-19
24
47
58
62
131
98
93
137
117
125
132
199
240
160
201
240
183
200
214
215
213
278
332
344
379
287
291
285
261
343
312
358
350
302
348
309
309
332
277
241
249
222
311
327
202
228
308
281
194
190
191
172
222
256
228
187
178
198
120
49
114
120
119
158
65
67
87
16
-45
-71
-31
-81
-55
-37
-32
-3
-75
-68
-128
-186
-166
-237
-174
-113
-151
-143
-212
-166
-163
-259
-273
-319
-283
-225
-180
-228
-375
-285
-229
-271
-210
-271
-238
-128
-164
-206
-224
-231
-273
-318
-241
-191
-230
-236
-228
-201
-178
-240
-295
-244
-185
-187
-165
-143
-155
-118
-81
-138
-199
-132
-155
-189
-74
-84
-159
-134
-111
-83
-60
-69
-47
-67
-60
-38
24
65
-9
35
22
11
107
35
-9
53
87
135
116
128
170
160
153
174
200
119
189
282
213
230
238
232
244
192
192
204
197
218
268
338
261
224
234
181
266
301
280
309
290
286
269
201
193
221
163
147
119
125
195
106
141
222
163
157
154
130
152
99
39
127
74
-17
70
56
-2
28
63
65
-17
-5
-53
-133
-96
-96
-51
-94
-145
-131
-145
-127
-103
-111
-173
-204
-195
-194
-245
-290
-214
-146
-101
-166
-248
-233
-332
-276
-222
-317
-263
-204
-166
-152
-164
-179
-164
-107
-158
-149
-122
-150
-97
-126
-137
-119
-137
-174
-201
-149
-100
-54
-82
-91
-20
-31
-77
-47
-24
-70
-42
-7
-34
8
31
0
63
65
67
99
23
21
17
4
36
42
29
54
98
89
61
53
80
148
142
87
136
121
74
151
141
126
199
200
202
179
172
183
138
113
83
140
155
100
177
152
166
270
184
158
157
95
91
87
140
141
102
136
32
15
119
113
110
117
132
96
30
111
132
46
74
50
47
17
-81
-74
-69
-104
-133
-97
-168
-234
-172
-107
-37
0
-3
-68
-15
18
-29
-35
-95
-123
-107
-75
-108
-146
-111
-111
-147
-167
-170
-156
-170
-224
-164
-59
-20
-40
-165
-175
-103
-159
-131
-84
-131
-179
-147
-98
-144
-138
-186
-213
-140
-123
-110
-118
-74
-55
-87
-13
-35
-86
-31
-86
-65
-35
-83
-74
-133
-67
-34
-102
-90
-20
13
-68
12
105
115
96
103
161
89
68
170
179
64
71
166
149
111
80
31
18
45
102
60
36
136
149
168
162
132
229
222
220
295
252
252
273
240
191
186
234
188
178
187
162
176
188
204
117
76
114
106
133
154
129
142
181
130
75
61
26
39
0
-9
72
40
8
30
58
0
-75
-36
-8
-20
-46
-103
-53
2
-76
-90
-97
-211
-219
-197
-234
-187
-215
-209
-158
-183
-108
-91
-172
-172
-79
-71
-49
17
-38
-47
-72
-109
-101
-141
-160
-170
-192
-192
-213
-260
-176
-187
-230
-163
-131
-49
-94
-150
-60
-34
-56
-81
-142
-130
-89
-73
-28
-5
-77
-200
-136
-92
-175
-151
-118
-43
-62
-72
43
-23
-71
0
0
-11
3
-41
-64
-11
-3
32
83
45
33
14
4
98
109
97
139
174
206
179
161
131
140
136
118
164
114
85
33
37
99
42
53
63
58
135
135
152
191
162
193
143
129
205
167
101
119
194
172
97
88
69
23
28
35
17
-10
18
67
54
-26
-66
-22
37
70
17
29
71
141
96
17
81
64
40
10
11
2
-26
-7
-10
0
-2
0
-44
-63
14
9
-57
-57
-9
-34
-114
-106
-46
-15
-35
-51
-48
-59
-22
-61
-130
-74
-95
-125
-100
-123
-45
-53
-84
-2
-63
-111
-110
-150
-177
-225
-153
-64
-117
-157
-137
-107
-132
-133
-108
-141
-117
-56
-45
0
6
-6
0
-69
-36
-2
-28
-39
-41
-9
-55
-78
-65
-64
-36
-1
11
-37
-107
-87
-2
-9
20
74
40
82
108
25
57
168
101
67
77
26
86
63
12
94
116
108
101
81
52
14
17
86
125
62
69
82
95
190
172
130
92
34
99
97
44
91
133
106
62
109
116
63
52
88
151
123
46
57
86
68
55
26
18
15
-12
-9
-53
-59
-29
-64
-46
-50
-71
-62
-45
-75
-48
1
-39
-3
16
29
-2
-55
-48
-133
-59
-80
-182
-113
-131
-72
-136
-204
-141
-140
-73
-67
-122
-85
-101
-102
-5
-62
-130
-57
-15
-10
-46
-82
-49
-85
-96
-50
-106
-95
-24
-64
-87
-73
-62
-63
-53
-24
-82
-33
-21
-32
60
-26
39
122
-25
-28
5
-14
-47
-34
-20
0
59
21
41
30
41
102
72
77
64
51
34
30
52
63
57
25
64
60
5
-18
21
37
-7
4
70
94
97
55
52
190
178
163
136
77
220
210
86
73
26
33
63
56
57
0
8
82
116
113
0
34
148
131
43
-22
45
35
11
-13
-52
-47
-17
24
-19
-41
2
18
-61
-116
-67
-6
-14
-56
-61
-76
-51
-56
-74
-57
-97
-131
-102
-132
-154
-70
-83
-97
-62
-111
-62
-50
-136
-112
-38
-9
-24
-25
31
-15
-84
-76
-84
-4
0
-46
-59
-100
-75
-65
-75
-78
-51
9
-38
-74
-77
-49
-4
-43
-28
-22
72
71
-72
-1
40
24
2
-7
-18
-23
30
26
13
-58
-23
41
49
54
-5
-21
-22
23
71
56
-37
-4
119
88
98
47
51
85
50
149
116
86
131
75
30
19
57
77
77
52
5
74
77
9
48
80
92
50
14
14
-23
-21
-4
74
132
84
10
18
20
4
133
82
-2
-11
-2
82
-4
-41
-25
0
40
11
4
-18
11
21
-32
5
-8
-60
-17
-11
-26
-7
-23
-42
8
-4
9
43
-47
49
91
23
63
-28
-27
-6
-43
32
15
-90
-84
6
0
-64
-109
-97
-39
-7
-50
-64
-9
15
57
31
-21
-16
-54
-54
13
10
-21
-34
-103
-86
4
-45
-54
-55
-115
-55
-20
-15
-56
-96
-44
-30
-43
-24
-35
-77
-56
-63
-65
-17
31
21
0
12
1
14
-11
-47
-5
4
-25
51
28
-88
4
75
13
19
-35
-59
-12
-4
16
-10
-14
-8
16
64
47
27
28
43
45
10
26
73
26
77
120
34
59
92
80
-1
-28
25
5
-2
37
57
62
47
16
66
43
-16
-29
12
91
46
66
77
89
107
0
30
118
115
77
21
-40
-23
32
36
77
99
32
-38
45
40
-86
27
88
3
51
87
-8
-34
-24
-25
27
-3
-2
-12
-24
48
-44
-29
-14
-53
49
-27
-55
-39
-47
-20
-65
-58
-80
-50
-20
-83
-92
-49
-38
-60
-60
-102
-127
-66
-3
17
35
9
-63
-86
-76
-55
-56
-64
-35
12
-3
-4
-46
-93
-45
-7
27
-13
-26
-87
-107
-19
3
2
-22
40
-4
-52
27
-16
-45
-44
0
56
9
66
64
-4
39
-40
-31
-30
-82
4
-15
-19
-9
-62
4
70
-9
6
82
22
41
29
-9
50
10
32
64
52
55
56
124
92
27
-35
-27
31
-24
58
76
26
84
90
108
10
30
85
3
63
5
19
81
-48
-33
-39
-75
1
2
50
80
-2
11
34
68
40
-26
26
0
-6
-3
-54
-58
-61
4
-10
-42
47
114
97
23
-49
-84
-55
19
0
-95
-43
-6
-59
34
4
-53
22
-1
79
-7
-123
-12
-43
-49
16
-1
-19
19
-29
-55
9
-32
-69
-58
-62
10
70
-13
-53
-95
-65
-11
-126
-123
-72
45
37
-87
54
40
-113
-51
8
-20
-48
-56
-75
-134
-97
-17
35
88
80
-1
-41
72
54
-60
-13
4
6
0
-50
-61
-61
-57
-10
60
26
14
11
8
71
38
69
81
34
47
52
31
29
25
-59
-50
32
-26
-63
-12
-24
-26
-5
60
104
65
120
127
45
10
31
25
29
9
-132
-43
27
20
72
28
80
62
-3
60
80
42
49
38
0
55
93
-20
-99
30
68
-22
-36
-7
23
10
68
74
-11
-38
12
52
2
5
67
48
36
28
-2
44
-16
-49
-52
-85
-14
-61
-71
-53
-54
16
29
24
-24
-48
-52
-63
-79
-117
-99
-79
-83
-86
-76
-38
19
-5
-44
-25
29
61
-29
-55
-38
-116
-76
-68
-111
-115
-137
-71
-2
34
47
-9
-28
8
-2
31
-6
-63
-47
-56
-43
-37
9
2
-36
27
37
9
-4
-53
-70
-32
36
101
47
-91
-26
44
3
25
13
64
64
23
81
75
21
-17
-43
-76
-85
-20
24
22
95
116
53
128
212
126
27
4
-16
-46
-41
-59
-70
-10
43
69
38
-21
16
116
103
35
0
26
76
63
-3
-11
13
-16
-16
-33
3
10
56
99
-61
-40
69
57
16
-59
-41
0
-10
-13
-35
-33
-12
-6
32
56
0
-81
-33
-2
-23
31
39
43
-16
21
70
-40
8
50
-37
-61
-35
-43
26
84
-8
0
33
46
89
-2
-35
31
21
-21
5
19
12
0
-46
4
45
-15
-34
-48
-62
6
-15
10
83
33
75
51
48
56
-54
-9
18
-52
-36
-37
-56
-12
-13
-84
-52
-14
-32
29
5
5
43
37
79
49
39
56
52
-8
-98
-117
-54
-21
-69
34
23
-33
99
39
0
73
4
-23
-32
-54
-46
-24
11
-7
-19
-35
-48
5
-12
-49
-11
-12
-15
-41
-22
-13
-32
-25
-68
-1
34
-18
-51
-83
3
13
-60
-78
-61
-7
-24
-15
-53
-101
-60
-3
61
-21
-23
37
0
6
0
20
58
-13
-62
-52
-54
3
-4
5
38
3
94
115
15
-17
11
36
-41
-78
-35
-16
-2
-40
-64
11
19
-10
99
75
-8
35
-5
-3
-15
-17
68
-4
5
56
-38
-85
-67
12
34
31
65
66
28
34
12
19
121
47
44
93
37
40
9
49
106
26
13
23
-46
-13
-16
-25
39
39
9
47
116
85
42
0
4
-40
-83
-41
10
1
-40
18
-48
-35
50
-16
11
-3
19
81
-17
-20
36
54
24
-32
-65
-95
-60
-24
-31
-2
27
-25
-74
-13
22
-61
-51
48
28
-60
-65
-26
-7
7
4
-3
-8
-21
12
53
11
14
44
-5
-18
-5
-41
-30
-15
-3
10
-14
30
11
-81
-74
-33
9
27
-13
-56
-85
-59
9
7
-18
-18
2
20
9
-43
-66
-34
11
75
-52
-117
26
38
-24
-25
-7
22
44
32
6
-5
38
41
-19
-48
-84
-68
8
4
-32
-42
-36
-6
-5
3
37
61
18
-41
12
51
-13
-21
0
-51
-63
-2
-4
0
26
11
-43
-134
-92
-32
54
82
-48
28
24
-36
44
-10
-15
-29
-35
19
-18
-26
-41
-68
-15
0
-24
11
10
-7
50
50
-15
-2
16
-20
14
41
40
30
-62
-49
21
33
64
47
-11
16
76
38
-9
-21
-36
-21
5
11
36
80
61
2
-26
-60
-29
71
92
52
-50
-65
-19
-41
-11
12
37
46
-23
-8
65
98
95
47
26
-7
27
-3
-41
65
49
25
12
10
40
25
39
39
36
-51
-57
13
-3
24
69
67
-29
-28
28
-89
-66
19
-29
-12
-7
28
77
26
33
-22
-93
-103
-101
-24
-6
-18
-50
-68
-38
-57
-45
3
-42
-53
-19
-30
-1
43
79
26
-33
28
-1
-37
-22
-53
-35
-50
8
48
1
28
-8
29
17
-46
-12
-23
-30
-24
25
0
-59
-39
-54
-74
-75
-9
73
59
14
-48
-28
38
-21
-17
18
-9
-5
-6
9
34
52
48
79
51
-48
-52
-32
-13
-62
-53
24
18
12
-31
22
77
-5
41
51
5
15
-28
0
75
17
29
98
48
34
0
-20
74
74
68
32
-6
6
-53
23
-3
-74
-10
-2
62
31
-61
-34
-29
7
52
5
-5
-10
1
-4
-55
-1
62
19
-35
-1
12
21
33
31
22
3
-13
-9
-14
-49
44
1
-100
-41
-24
4
0
0
3
-47
-19
0
-16
-29
-53
-6
41
38
36
-14
-29
54
85
68
70
27
-10
-6
12
29
-43
-89
-14
-37
-65
-43
-66
-2
26
29
27
-51
-57
-13
22
39
28
46
14
-18
18
4
8
29
-7
-16
26
79
58
28
21
51
84
21
2
13
-68
-114
-81
-18
5
-51
-66
-13
28
56
-1
-59
45
15
-61
70
62
59
63
-2
70
24
0
70
0
-5
-17
18
76
-13
37
23
-40
15
-27
-74
-70
-117
-113
-53
-22
44
28
-59
-43
-6
6
44
35
-2
50
91
55
34
10
-25
16
83
24
2
-32
-84
-9
4
4
4
-56
-86
-29
-55
-84
-1
-35
-7
38
-16
-20
-19
-2
36
40
-41
-36
30
-7
-29
41
61
-1
12
1
-36
12
22
-12
-51
-57
-66
-16
7
-23
-50
-43
53
8
-30
-20
-31
2
-17
-23
4
46
58
-7
-22
-40
-36
10
-28
4
82
67
76
61
-11
1
-16
-63
-80
-61
5
2
-23
-10
13
23
-3
-83
-63
31
35
-3
0
10
33
69
40
47
49
41
59
33
1
-9
9
11
1
15
7
19
8
-19
-24
-43
22
30
-82
-38
60
5
-45
-29
2
49
85
105
91
50
7
-3
1
30
16
-47
-51
5
62
36
-47
-17
31
25
11
-17
25
19
21
-14
-75
0
-6
45
120
39
0
-10
8
38
18
24
19
-6
-1
35
-17
-89
-32
-4
0
-9
3
3
-29
8
-17
16
63
-75
-102
-7
-23
6
73
6
-59
6
34
-34
-64
-47
-8
-31
-19
42
23
48
37
-7
-18
-76
-110
-46
31
15
67
56
-19
45
28
20
19
-56
-19
5
19
23
-23
14
16
17
-26
-73
-40
-10
-6
-32
51
58
15
30
-4
-27
6
27
-2
39
28
33
58
-66
-77
-68
-58
-46
-62
23
25
54
64
5
49
51
28
52
20
24
15
38
48
-25
3
-12
-97
-66
31
3
15
34
-2
62
52
38
-24
-80
29
5
-15
83
35
-24
-16
-25
-13
-1
-52
44
101
-47
7
17
-5
39
-15
-30
-48
-60
-54
-18
27
-44
-67
6
55
-1
-36
42
72
21
-6
104
115
-35
-51
-21
-87
-111
-92
-80
3
6
-34
11
-21
-28
10
37
101
61
36
75
7
-79
-73
-9
24
-8
10
45
37
40
13
-28
-33
-72
-73
-20
-24
18
26
-28
-46
-82
-63
21
25
33
25
-32
27
102
106
79
73
-10
-82
-25
3
77
85
-15
-49
-69
-115
-127
-64
0
67
50
3
65
79
116
102
-14
-46
-78
-33
35
8
-59
-95
-17
9
7
73
40
-15
13
42
43
25
48
30
-5
-29
-114
-45
45
17
14
23
-2
9
0
-30
-70
-71
-14
-23
47
59
18
-26
-22
47
45
38
11
-10
28
56
5
-38
-60
-11
31
7
44
66
72
56
-13
-47
-31
-24
-38
-5
-24
-58
-6
-44
-75
-33
1
45
37
34
-6
-16
77
92
63
68
45
-29
8
1
-14
1
-91
0
41
-33
-66
-95
-34
3
6
6
49
62
52
39
-42
-15
47
59
66
27
17
1
5
71
28
-73
-44
-21
-26
16
-10
-13
14
-24
-59
-50
-66
-11
14
-13
77
73
1
16
24
19
13
-58
-52
-17
19
61
-13
-42
-25
-34
-43
-34
-2
-10
-36
-30
50
-4
-96
-7
41
39
34
39
56
17
-23
17
28
-28
-25
-53
-93
-49
-41
2
66
14
-11
7
55
32
-5
-10
-69
-14
37
14
-8
-25
-67
-35
9
-10
78
81
14
-68
-95
44
44
-44
-15
33
0
-31
-73
-69
15
31
32
-12
-12
62
133
112
1
-5
8
2
41
-34
-73
-51
-82
-10
8
-35
-32
-18
14
-6
1
69
23
35
124
78
-4
-21
40
30
-29
-11
-12
45
35
-17
0
-37
-46
-62
-46
-6
-37
8
0
21
69
-3
9
16
0
35
15
-18
-36
-47
39
13
-5
38
-32
60
81
-42
-26
0
-33
2
-42
-40
24
-70
-56
26
36
92
26
-44
55
18
12
38
-44
15
98
42
-78
18
127
-9
-70
-102
-38
34
-37
9
-41
-101
-10
10
91
61
-27
4
17
34
38
32
-20
-3
-6
-17
32
11
-25
-31
-21
-58
-40
10
34
57
-8
-6
77
-7
-27
15
12
80
45
24
36
-53
-39
22
18
21
-10
-38
-9
-24
-35
-17
-72
-58
78
99
-31
-75
10
20
-10
-5
0
9
20
40
-22
-33
67
-2
0
76
-9
-12
-22
-72
-46
-81
-88
-36
-7
14
-54
-29
61
33
27
18
15
-65
-99
-5
6
19
12
-14
0
-21
-16
11
-15
-10
-95
-116
-20
-19
26
30
63
63
29
63
-21
-55
-9
-7
-24
19
81
6
-18
43
-27
-43
-34
-28
-26
-61
0
2
7
4
35
83
-27
-16
40
40
51
27
51
22
-16
70
149
58
10
49
7
27
-38
-56
27
-8
5
-3
-85
-72
-48
3
64
43
94
68
14
76
68
29
-11
-52
39
34
-81
-48
-55
-87
-54
-29
8
34
-23
-40
47
30
-40
9
52
-22
-50
-31
-49
-23
-14
0
-11
-17
-38
-78
-28
-17
77
11
-98
-19
7
30
-78
-83
-41
-110
-103
-94
-1
9
-49
25
12
-35
19
76
17
-43
0
19
33
13
-62
-19
-3
-66
-43
-44
20
76
-17
-27
3
7
62
73
19
31
36
-2
11
34
13
-37
58
82
2
19
-40
-51
-12
-4
27
48
52
47
57
40
40
5
42
128
78
40
27
20
17
8
2
2
-1
-39
-32
29
58
71
7
-40
4
22
25
5
-12
-11
-73
-88
-19
17
50
30
37
33
-12
-35
-60
7
-9
-55
0
-27
-50
-10
-14
13
-32
-105
-76
-44
66
58
-20
12
17
118
106
-55
-20
-11
-77
-91
-49
-54
-43
-2
-41
31
-16
-13
40
-56
-81
-44
77
36
-82
-56
-60
-74
-80
-49
3
-9
16
50
26
15
11
-8
-20
26
57
11
3
17
-11
56
40
-32
44
3
10
50
-11
24
21
46
79
15
45
78
-7
-70
-57
-50
57
82
-5
11
-75
-67
33
27
-35
-64
42
-27
-48
58
15
63
94
-13
-36
-40
-43
22
53
49
14
-11
17
6
-45
-39
18
48
13
-24
-48
28
42
-87
-10
62
52
122
39
-31
-4
-50
24
49
39
53
-21
-57
-37
32
-18
-63
-15
-29
-86
-42
10
1
-7
-64
-21
41
-7
-52
4
109
63
27
7
-54
-85
-63
-19
-29
35
47
41
52
-47
-60
-44
-33
-15
-42
34
81
31
58
50
31
10
-25
-19
-7
2
37
25
-99
-38
39
-14
36
24
-38
-21
-20
-26
-38
-62
-30
41
106
-17
-103
48
50
-21
-19
-31
-22
-25
23
30
8
37
-10
-41
-61
-92
-45
0
-38
20
73
-1
21
86
171
178
131
57
10
58
5
-14
-24
-34
8
-26
-141
-105
-31
-50
-20
14
76
69
28
49
51
64
50
-9
14
37
-15
-88
-125
-73
-39
-17
-7
-10
-40
-53
-25
11
54
31
53
77
56
11
12
45
40
-3
30
111
76
15
-72
-30
15
-34
36
-36
-59
60
0
-7
-17
-50
19
2
-62
-29
7
-15
-7
16
28
-36
-86
0
24
-62
-79
-126
-151
-38
-48
-102
-54
-4
3
28
62
36
21
6
-7
31
46
63
99
73
67
-20
-107
-53
-63
-53
-10
-54
-39
43
119
108
1
-16
-19
-33
67
37
-90
-56
-54
-34
-25
-27
8
-41
-10
-52
-73
-16
-12
-1
14
18
-30
-35
0
54
75
28
5
41
16
2
77
44
-22
-1
-10
42
97
35
51
6
-21
27
30
44
-21
-54
18
-19
-37
46
5
-33
-31
29
82
84
98
40
49
13
-60
-24
-2
-7
-1
-32
-51
-36
-87
-61
-17
-37
21
49
50
32
62
116
58
-19
-10
64
10
-55
-54
-74
-100
-116
-27
-24
0
97
85
126
62
-14
14
25
33
12
12
-29
-96
-62
9
-35
-77
-37
-17
20
61
47
9
35
31
-10
-1
35
7
-25
-26
-108
-117
-103
-41
20
-34
13
-25
-107
2
36
21
88
83
61
21
-23
14
-3
-27
-40
-90
-62
-22
15
42
26
20
-20
-26
53
129
32
-36
40
19
31
-1
-53
-44
-73
-39
-54
-74
-42
-38
-55
4
66
5
44
42
-26
-5
-35
7
34
-98
-63
80
80
14
-16
-4
25
35
15
98
111
100
104
36
-30
-77
-27
-15
-33
-38
-95
-74
-35
-50
7
56
48
18
64
59
-2
53
-9
-8
16
-20
15
-109
-144
-32
20
27
-57
-16
81
93
40
-3
44
-17
7
81
20
-1
-37
-46
9
34
19
15
0
11
-57
-6
38
-43
55
30
19
42
-14
-29
-58
7
25
-54
-71
-20
11
-43
-11
41
5
28
13
7
38
-35
-36
19
-9
52
13
-78
-39
-95
-71
10
-9
-15
9
26
18
2
1
4
29
47
53
85
41
36
33
-18
-9
-58
-65
-15
-20
-34
-61
-64
-71
-14
80
73
30
-64
-80
14
25
26
59
19
-1
46
23
-8
-25
-38
18
-9
-46
55
73
-15
38
66
42
11
-64
-34
-65
0
74
37
46
22
10
-64
-47
-4
-7
52
24
25
58
-52
-87
-3
0
-49
-26
-29
-72
8
53
14
1
50
38
38
72
22
55
61
0
-42
-76
-47
-83
-76
8
-68
-56
24
-35
-14
-8
-51
29
74
54
76
31
-18
-5
3
-17
-82
-57
-10
12
63
25
-9
-28
-21
12
45
78
13
-7
-9
-7
-35
-46
-24
-76
-33
15
11
-33
-60
-3
2
-30
-31
-10
13
50
57
8
-17
12
-7
-50
-8
-14
-19
-15
-80
-29
24
46
108
146
140
100
50
-5
13
24
59
18
-83
-32
20
-17
-79
-60
-26
15
9
7
57
72
57
-6
31
19
3
10
-47
-12
-21
0
-13
-76
-23
-62
-105
-34
27
73
29
-10
62
59
44
79
51
34
-36
-52
-23
-60
-15
13
0
-21
-3
29
-27
22
84
79
88
41
-28
-40
5
-27
-49
-24
-64
-78
-91
-67
7
3
40
74
45
18
-31
41
83
18
7
24
29
-52
-117
-102
-26
-11
-38
42
83
52
74
60
-13
22
106
90
63
99
20
-142
-120
-62
-15
-17
-52
4
23
1
-55
-7
61
63
47
10
28
-44
-29
46
29
63
-30
-110
-76
-70
21
-11
-56
-1
-3
42
11
17
83
77
87
-14
-93
-92
-34
13
-89
-17
-25
-93
-100
-123
14
-47
-56
15
0
52
81
108
37
-33
9
30
19
47
35
-17
-64
-57
-18
-131
-148
-6
25
48
71
63
9
-3
56
26
26
-13
-30
16
-46
-7
-57
-78
4
-53
-25
-51
14
112
101
114
-6
-18
70
22
8
16
-19
10
-55
