-113
-30
27
-18
-62
-134
-84
8
-63
-8
-19
-80
0
12
52
24
-9
-14
-51
2
5
29
-20
-99
-35
-92
-92
-18
-11
-12
-16
5
17
44
42
32
-11
19
85
72
59
-4
21
-22
-46
5
2
-23
-35
28
18
74
55
-59
-60
17
57
-20
-30
-45
-40
57
66
25
-13
27
56
-5
56
18
-34
26
26
81
7
-69
-43
-83
-17
36
23
11
-21
-77
-100
-9
68
13
-84
-36
22
0
50
34
-15
-15
-29
8
37
67
7
-57
-12
-17
-17
36
3
-42
-4
-37
-84
-53
-11
28
39
51
66
92
80
-39
22
142
56
-15
5
3
-58
-54
-22
-37
12
26
-8
-30
-46
12
-4
-13
42
-29
-23
51
31
12
-27
10
112
84
17
53
73
35
56
-25
-99
-32
-15
-45
-12
27
-52
-63
-66
-103
1
0
-66
4
-23
-73
-40
-70
-14
13
-49
-48
-21
2
1
17
56
72
33
29
30
-63
-89
8
35
22
25
6
-33
-43
39
50
-4
-18
53
107
-6
-9
1
-55
-33
-27
-10
-21
-48
-53
-59
-60
-64
-32
48
81
22
26
18
-13
20
10
17
57
45
58
35
-20
12
1
5
-32
-126
-74
-79
-63
16
-25
26
111
31
-28
8
-21
-44
-65
-45
37
1
-38
-34
-28
-43
-41
-12
-48
-46
1
65
51
-68
-80
-61
-105
-64
17
31
29
-51
-83
64
61
-7
65
57
33
81
114
85
101
102
51
52
5
9
0
10
37
58
130
-1
-47
16
-54
-17
30
51
68
56
107
20
-12
55
20
68
90
47
47
56
61
67
83
63
57
15
-23
-11
-89
-84
10
20
7
-12
-98
-92
26
47
14
-75
-58
9
-23
1
-5
-6
6
38
42
-18
-24
-2
25
16
-12
-84
-128
-65
-70
-119
-105
-120
-38
32
-49
-11
9
12
10
-34
29
-34
-79
4
11
-36
-75
-75
-53
-58
-112
-57
-32
-32
6
-15
24
-26
-56
20
52
15
-54
-35
-74
18
74
-13
55
-8
-15
2
-61
26
46
19
-55
-56
-18
-131
-73
-5
-63
33
76
70
63
25
126
41
-6
78
17
43
19
2
113
90
9
-29
-26
-22
-46
-23
24
23
-23
44
34
10
123
61
22
12
-59
75
133
8
11
42
13
40
49
-12
-33
-29
34
59
-15
-7
26
0
-10
-20
-81
-74
-36
-54
-46
-12
19
32
-37
-19
49
55
50
16
82
115
66
30
-7
-58
-53
-34
-73
-108
-94
-18
-1
-9
31
68
21
-48
-54
-83
-15
8
-21
22
-21
-49
-30
-34
-69
-5
17
-34
-27
-94
-24
47
43
14
-42
4
-129
-149
-20
-6
-11
-51
19
46
102
147
56
40
4
-12
34
56
10
-30
8
20
45
26
-64
-29
27
6
21
-33
-77
-92
-57
15
-3
11
-42
-2
81
22
-47
-42
96
74
49
88
-17
27
86
-4
4
38
-42
-9
22
-70
-99
-87
2
-3
-50
-31
-25
21
45
55
3
4
-20
-14
99
22
34
34
0
87
55
9
-12
-42
-47
-18
-24
-24
-34
-61
-28
-23
-46
-13
36
4
18
33
-52
2
28
2
71
7
-21
30
-13
-37
23
43
-17
-13
78
86
-75
-111
-66
-37
62
-21
-49
11
-22
26
62
23
0
2
62
108
-9
-129
-83
-82
-134
-88
-41
-81
-39
0
-74
-23
55
-48
-94
-28
-51
-25
-9
-43
24
23
11
14
25
64
20
5
14
29
9
-16
-16
-49
-99
-145
-94
-28
1
-15
-63
-2
70
74
55
75
58
5
69
103
107
119
68
47
-53
-5
145
15
-31
-26
-39
-23
-117
-110
-55
-19
26
-1
-32
-32
22
81
34
3
65
88
52
28
33
31
15
46
49
12
-32
-60
-8
-22
-71
-20
-16
13
61
-2
13
46
34
38
23
73
31
21
51
19
19
-12
-6
-17
-22
-35
-71
-17
22
-53
-99
-70
-68
-41
-36
-20
15
-18
-25
2
-15
45
78
77
52
-58
4
17
28
82
31
45
-47
-74
-33
-54
-16
-4
10
11
12
-8
-26
51
101
49
25
70
66
-14
-1
27
-5
77
44
6
27
4
64
56
75
31
-20
13
-65
-67
-32
-54
-41
-3
3
13
3
-22
-36
-56
-22
15
-21
-30
19
-31
-37
1
-19
-22
-17
53
79
10
21
35
20
92
134
32
-11
8
-2
19
8
15
34
11
-7
-56
-56
8
27
37
41
25
45
52
55
-2
-64
-33
-12
-9
-63
-57
-39
-116
-69
-67
-44
20
-11
3
-15
-39
-72
-30
43
31
47
26
25
44
-27
-23
-35
-86
-60
-68
-70
-24
-71
-98
-73
-107
-28
3
-13
68
41
50
108
76
-13
-90
-10
54
14
40
33
-3
2
4
21
-1
-32
-46
21
65
-5
32
13
-34
30
7
50
85
-35
21
71
-4
43
22
41
98
-16
-5
46
-24
7
14
-28
35
37
23
23
7
50
66
47
83
95
34
21
92
98
50
17
0
31
-4
-106
-123
-49
-37
-5
19
-26
-1
-48
-75
-54
-52
9
13
11
29
2
36
56
28
28
30
24
-15
-16
-41
-52
-7
-17
-55
-44
-14
-60
-87
-79
-81
-6
13
-17
41
39
-21
-12
33
26
-17
2
57
66
10
-27
-35
-21
64
51
43
59
-5
25
-4
-29
9
-40
-2
40
-38
-30
-6
-65
-27
75
79
17
-29
-71
5
57
7
1
-1
-21
-48
-33
-50
-62
-94
-130
0
44
5
5
-23
17
69
55
-4
16
56
-16
8
106
83
4
-34
-21
9
41
40
-84
-120
-67
-93
-86
-60
-36
-65
-54
0
0
-44
-42
-11
12
58
-19
-17
68
-10
-40
53
18
-4
-12
-81
-15
12
13
-10
-74
-54
-54
-58
8
18
-28
23
6
-33
0
-20
-1
24
55
78
103
117
37
38
105
82
47
56
-8
-53
-43
-30
30
52
35
24
-3
-22
-18
-55
-45
-6
-9
63
77
21
-7
-4
-5
29
53
-18
-51
-21
11
-27
11
95
8
-37
58
76
61
41
29
60
11
-8
0
-20
-43
-12
32
-19
10
60
24
86
29
-86
-90
-93
-30
-14
-28
-30
20
3
-35
8
-55
-97
-36
-15
-20
14
-21
-37
-26
-9
57
-9
-19
9
-67
-88
-93
-126
-43
9
-82
-68
-72
-23
61
-14
0
-35
-62
-19
-44
40
64
9
18
-41
-38
14
-32
-32
-74
-60
-17
-104
-72
17
14
-22
-2
63
72
-8
-51
11
38
-35
-44
-11
-63
-71
-32
44
61
-11
30
117
78
40
32
4
79
85
103
125
54
23
10
17
13
65
29
-52
-24
34
55
14
-17
-55
24
99
14
12
30
3
70
59
41
43
24
36
7
50
45
26
31
3
71
23
-75
-5
3
16
70
41
20
-33
9
87
-13
-70
13
35
31
53
65
85
96
87
-16
-49
-5
-42
17
24
-21
-12
12
3
-103
-37
38
-36
0
42
-33
-48
-9
-3
-34
-69
-58
-97
-50
51
57
-2
-90
-68
-4
-50
-57
-37
-37
59
10
-50
2
-56
-65
-27
-54
-68
-65
-60
-40
19
40
36
-7
-56
-42
-73
-12
91
22
-36
2
42
56
-21
-30
-10
-27
8
-19
-52
-53
-11
26
-2
0
-7
-18
17
-1
9
38
6
-2
-38
22
99
7
11
0
-4
115
84
53
67
54
-10
-142
-107
-36
-29
-2
-26
-19
-9
27
-25
-91
-25
-44
-52
-2
47
5
-1
13
-9
-11
-55
-17
-89
-92
-28
-14
74
89
139
49
10
39
-29
14
45
47
62
88
114
80
55
103
108
91
42
-20
35
37
-29
-1
3
8
19
17
68
98
79
77
79
-19
-26
68
104
28
-117
-115
-42
32
41
38
-18
-84
-61
-68
13
46
9
-3
-11
-20
-29
-55
-112
-126
-30
74
0
-59
-77
-79
-19
38
-15
-118
-85
-50
-60
-78
-3
45
-12
-6
9
26
17
-10
-19
-83
-90
-92
-125
-14
20
-10
36
20
16
45
20
-10
1
-11
-28
-6
-30
-18
31
26
-25
-70
-46
15
25
-43
-42
-46
-81
-23
24
1
-8
5
-1
-17
-54
19
-21
-128
-22
-64
-29
111
55
7
-71
-75
15
21
39
19
-80
-76
9
56
94
56
-3
36
51
44
17
16
95
89
67
58
-11
15
26
27
87
24
42
112
46
55
65
-26
-46
-21
5
56
58
0
-7
62
58
24
29
2
-34
-33
-10
8
40
61
56
26
77
118
-4
-36
34
16
-12
85
93
-42
-8
7
-26
2
12
-3
18
3
-99
-48
13
-43
-21
45
66
33
-19
-44
-35
12
69
-38
-117
-9
-12
-44
-58
-70
-60
-82
-60
-45
-20
-67
-107
-50
-17
-51
-75
-96
-106
-49
-36
-9
-46
-167
-117
-33
-45
0
-9
-12
-1
-43
-11
0
-27
14
14
-53
-42
-91
-64
-51
-85
31
-4
-3
29
-8
0
-18
62
79
40
6
-16
94
42
1
67
42
68
100
71
11
37
-5
-60
-28
-44
19
65
79
125
80
72
108
117
128
59
6
43
86
79
16
0
38
56
56
23
44
75
32
15
-6
10
12
33
68
27
53
0
-18
-17
-33
-18
-80
30
34
-1
71
20
61
74
-19
-1
11
-24
5
-56
-43
53
25
30
-7
-51
-40
20
0
7
33
-27
-21
-50
-40
-57
-30
-17
-8
46
-82
-84
0
8
-4
-36
6
-45
-60
-17
-84
-59
-92
-116
-87
-109
-61
-79
-84
-61
-47
-51
-104
-35
-1
-52
-40
-14
5
-25
5
73
49
22
-29
-92
-97
-13
10
-62
-15
26
54
41
-85
28
43
-7
43
-62
-13
34
-34
-76
-30
6
-9
49
23
23
52
-7
34
47
91
161
40
15
78
81
65
16
29
42
-9
22
119
72
17
74
63
36
62
8
-39
19
0
24
85
-29
-13
44
30
69
-4
-23
64
22
72
167
125
80
32
37
16
10
-26
-16
14
-38
33
33
-17
-18
-33
69
65
-22
-20
-77
-34
39
-65
-143
-119
-7
52
-81
-107
-49
-35
9
-23
-105
-120
-135
-150
-16
36
-40
29
90
14
-35
-120
-160
-86
-106
-95
-78
-44
-7
-49
14
-4
-57
9
-1
-12
-19
-142
-109
-2
-39
0
32
-2
-47
-27
-48
-87
-42
-62
-30
-54
-99
-74
-30
50
1
-10
16
16
73
18
56
105
-19
24
77
8
5
5
25
58
-41
-20
10
-55
73
55
-21
52
66
69
5
-46
22
69
49
39
56
43
0
-51
-51
13
48
2
-6
3
-45
18
36
-33
20
75
69
70
33
-17
17
32
7
70
75
83
120
72
29
46
71
64
79
41
13
8
-46
-35
-39
6
30
-48
-54
-10
42
64
27
4
-25
-33
13
42
104
149
116
100
-7
-65
8
-45
-56
-9
-25
4
-34
-61
21
45
46
-21
-119
-37
15
-52
-97
-33
26
-66
-60
-23
-18
-13
-51
-24
-11
39
26
-31
-13
-15
10
25
22
-14
-60
6
-14
-51
2
-62
-104
-96
-105
-80
-46
19
-39
-72
-50
-117
-94
-68
-97
-66
-30
-28
-21
0
-2
-84
-93
-32
-30
-51
-76
-5
68
-15
-31
62
33
11
51
49
34
38
34
70
104
8
2
11
22
65
-2
47
91
24
45
-12
-44
75
84
88
58
1
65
82
38
28
33
72
91
78
75
60
43
45
101
112
24
-32
-10
42
31
40
65
60
45
-52
24
-9
-86
0
-18
15
-19
20
46
-23
-8
-51
-95
-33
72
0
-21
54
4
-30
-74
-95
-70
-115
-47
52
-9
-92
-35
-4
-115
-70
5
8
23
35
-8
-59
-75
-88
2
0
-62
0
25
68
64
-22
-7
21
-11
-9
61
24
-36
75
73
-30
-12
12
-21
38
123
68
18
19
61
64
1
-17
55
101
43
112
86
0
35
-32
-13
4
-75
-21
3
30
127
57
-20
0
45
-6
-94
-36
22
6
-36
6
5
-109
-104
-11
-39
-76
-44
-52
-4
-12
-1
11
-48
-14
-47
-54
-51
-91
-105
-65
31
7
0
-43
-53
22
-9
-29
-39
-27
-8
-81
-103
-28
-29
-8
-30
-109
-55
-21
-53
-106
-84
-22
-65
-84
-105
-68
23
46
63
11
2
47
17
30
79
68
47
24
21
-10
-44
0
71
113
43
1
-33
6
111
29
14
63
82
48
-13
54
13
-11
66
70
34
-28
-12
-12
-56
-37
-32
-42
-20
76
59
2
29
34
42
-19
-62
2
61
62
-10
-88
6
58
18
48
44
60
47
39
62
76
81
48
47
-13
-84
-62
-18
-25
-69
-29
-25
-104
-23
28
-12
45
24
-24
66
-28
-153
-26
40
31
-21
-57
-37
-11
11
-27
-84
-38
18
-25
28
88
73
1
-58
15
17
-48
-46
-6
-11
-35
9
30
31
19
-19
-54
3
65
56
109
74
44
42
-56
-28
15
-8
8
-17
-2
-15
-32
-6
-30
-27
-52
-85
-71
2
17
-22
-2
-27
-17
12
-5
35
-10
-91
-103
-46
61
25
3
41
49
51
16
-28
-16
18
13
8
-23
-9
21
-10
-34
-25
0
-41
-45
-17
-58
-25
-19
-14
18
-21
-28
-28
-17
-27
-107
-112
-24
-54
-46
2
-37
13
7
-60
-122
-93
31
56
4
-71
-30
-63
-102
-33
-80
-28
19
40
37
-37
55
33
-14
-3
-7
5
-76
-9
118
111
103
85
45
126
126
51
31
-51
-111
-73
18
20
-16
-53
-29
-15
-50
-3
-46
20
87
31
42
7
26
1
-56
0
52
92
52
-2
9
41
62
52
46
15
10
35
-6
-6
39
65
114
118
107
67
4
38
121
102
17
6
-14
0
42
49
58
23
41
35
28
65
56
26
15
111
77
44
49
-45
4
25
-14
-14
-46
-85
-115
-162
-109
-108
-138
-68
-69
13
31
48
182
100
67
108
8
26
-9
-87
-63
-101
-64
-16
-7
-47
-110
-54
-53
-89
15
-9
-91
23
42
19
18
-4
-8
-35
-51
-65
-53
-64
-44
42
5
-31
15
12
37
36
1
-35
-59
-35
5
49
35
-9
-44
-30
-89
-130
-38
40
20
-53
-48
-22
-38
-61
-32
45
30
-25
-19
-10
-35
-50
-87
-110
-43
-5
13
22
-10
0
-61
-63
29
50
23
-35
47
97
116
118
48
84
84
69
21
-3
54
52
1
-1
3
47
82
7
19
73
44
40
98
53
-19
-26
28
90
30
-20
-39
-74
-74
-55
-83
-26
33
-15
-21
-18
8
88
114
47
-12
-9
18
89
81
26
29
-7
23
28
-26
-12
-54
0
57
26
74
66
96
128
102
108
122
81
46
71
43
21
-36
-53
-49
-50
-41
-105
-83
-108
-26
24
-1
53
5
65
2
-16
46
-54
-39
-83
-97
-46
-106
-67
-26
-78
-123
-108
-34
-58
-136
-89
-56
-45
65
144
112
48
-12
20
45
1
-40
-77
-83
-55
-49
-143
-143
-44
6
5
1
-8
68
157
95
72
56
21
-27
-38
14
-20
-39
-43
-27
-32
-86
-99
-63
-7
-28
-6
82
49
24
76
33
119
205
15
-35
36
-31
-46
-54
-111
-40
0
-42
-48
-51
67
94
-31
71
98
80
102
14
109
97
1
17
-19
3
-9
-43
-66
-123
-68
-26
39
79
16
129
111
16
68
-61
-35
61
38
110
37
-58
-57
-81
-61
-31
-47
-3
-4
-41
-44
-8
87
34
84
162
90
136
81
32
53
45
42
-43
-51
-66
-40
-53
-132
-39
-39
-29
2
-33
-5
-19
47
89
57
62
17
4
3
30
11
-56
-72
-33
-13
-81
-111
-126
-78
0
36
78
45
52
114
80
56
106
96
73
60
41
35
-24
-143
-122
-40
-62
-62
-71
13
24
18
108
74
167
136
-34
30
66
70
45
32
11
-71
-30
-106
-168
-113
-143
-101
-28
12
29
10
15
52
65
20
59
108
104
53
-50
-111
-152
-117
-131
-159
-84
-105
-106
-68
-76
-1
46
-7
-7
67
45
12
38
9
-9
-20
2
14
-29
-18
-69
-180
-150
-52
-55
-77
-26
27
86
128
155
189
119
63
54
43
71
2
0
54
47
-3
-62
-16
-16
-18
-24
0
79
96
79
57
68
100
26
-13
33
-4
71
24
-50
15
-97
-100
-44
-52
25
-15
68
197
57
43
85
86
144
66
66
23
-90
24
56
-43
-40
-57
-54
-32
-127
-30
-39
-151
-30
-7
53
95
66
81
13
23
-39
-137
-133
-181
-108
-123
-93
-11
-111
-32
-21
-69
-21
-17
54
88
80
86
79
39
-5
-13
-25
-52
-56
-12
-58
-110
-104
-81
-76
-81
-33
3
44
59
70
43
37
87
98
59
17
57
65
33
69
-1
-63
27
-16
-17
87
30
16
112
119
124
65
8
62
12
1
-5
8
90
8
-51
-74
-109
-39
4
4
-27
-37
23
26
75
83
8
15
52
-7
-22
-1
-46
-46
-72
-45
-27
-54
-82
-121
-54
-59
-37
-1
-44
13
60
65
68
46
42
37
-6
-12
8
35
-3
-26
-17
-53
-31
-40
-32
-26
40
115
-5
-13
55
27
21
12
12
32
27
-23
-29
-35
36
28
-115
-10
25
11
59
38
31
19
42
46
22
16
22
-22
-28
-24
-64
-18
-16
-30
16
15
-13
-25
0
-7
-62
20
47
8
86
29
-50
-59
-22
7
-80
-134
-137
-87
-73
-85
-1
-6
-130
-96
-31
-53
4
-8
-47
59
132
-2
-103
-82
4
53
-22
-9
-17
-57
-41
-61
-15
67
85
39
25
74
97
45
50
159
97
-5
-48
-111
29
112
73
92
12
-66
-25
-29
-53
54
80
81
82
9
17
-9
57
93
41
100
35
-85
-112
-97
-46
-8
95
80
-10
18
-12
21
57
57
77
48
8
-58
-51
-3
-3
-52
-71
-48
-6
27
-32
-84
-126
-141
-59
-21
-12
30
53
76
93
92
68
36
54
45
-7
-41
-33
-60
-57
11
-6
-3
-3
-4
26
-25
-7
14
9
42
-6
-79
-52
21
12
10
14
0
8
1
-19
-63
-50
-36
-17
37
-12
-95
-61
-12
13
60
65
40
34
35
11
-44
-107
-69
-9
-62
-76
-5
-21
-99
-45
27
41
77
42
14
37
43
19
-24
-43
-96
-80
10
25
-5
-8
25
27
33
93
19
-72
-58
-79
-39
-36
-19
29
75
88
34
64
59
10
-74
-80
-3
46
70
8
-34
14
97
72
28
50
11
-4
18
31
41
40
13
20
2
-47
54
29
-74
-27
19
5
-29
15
36
-35
-39
-27
-12
18
-70
-35
49
-17
-6
-34
-102
0
5
-16
-22
-73
28
-28
-82
41
110
73
-18
-8
0
-24
8
50
8
-33
-16
-75
-80
-19
-72
-38
7
-7
39
-26
-68
-35
37
38
-23
30
22
52
36
2
61
31
101
84
-55
-22
19
31
37
-3
-44
-84
-44
11
-9
-55
-39
36
34
16
70
43
17
31
-16
-14
-35
-79
-93
-103
-75
-16
-43
-101
24
60
7
43
38
18
-10
18
16
-27
3
-14
16
13
-48
-45
-75
-49
-34
-103
-43
70
-11
-111
-21
13
14
45
-29
9
92
33
10
30
-37
0
23
-13
24
6
19
-12
-50
9
9
-55
-81
-10
53
72
81
73
59
59
18
2
55
37
55
36
-64
-9
24
-53
-55
-20
-42
-3
57
61
53
-7
-21
33
28
0
53
22
-33
-78
-106
-19
-57
-74
-49
-63
13
47
30
29
0
42
87
34
51
20
-70
-45
-39
-3
16
-80
-17
66
31
-13
-59
-16
35
56
14
-72
-1
23
4
64
39
18
-16
-75
42
69
12
47
37
60
5
-47
-10
29
48
6
0
21
-10
8
-33
-27
-2
-87
28
66
3
21
33
19
-12
33
-13
-57
4
27
-7
-17
11
-24
12
-16
-98
2
31
5
-12
-67
-13
4
7
-68
-159
-50
-38
-42
47
49
2
15
48
52
17
-47
-40
20
-1
-54
-27
2
52
31
2
9
-40
-32
-21
45
3
-52
61
16
45
116
20
55
9
-79
-42
-86
-33
-12
-58
-55
-127
-56
6
-18
16
18
57
38
-60
-56
-11
23
7
33
49
-14
39
58
-33
-33
7
0
2
-12
-35
-16
-28
-37
-8
16
34
-4
-9
102
148
94
63
57
24
2
62
65
72
49
21
36
22
42
-19
0
24
22
23
37
107
39
-27
0
13
0
-13
-33
-17
-10
-30
-22
-9
-34
-45
-74
-111
-42
11
15
36
42
-65
-119
-45
-29
34
28
48
118
44
70
42
-59
-42
17
-11
-118
-98
1
-20
-93
-72
-5
20
-16
-40
37
44
-61
-35
-35
-32
0
-36
-76
-92
-38
31
53
-16
-10
21
16
61
-27
-24
2
-2
69
29
9
-18
58
36
-103
-4
49
29
-7
-25
3
17
44
32
15
76
95
18
25
48
0
-38
-54
-37
-22
5
39
1
3
34
-13
-31
42
46
13
40
34
65
-5
-58
-4
-68
-48
-5
-6
8
-15
-4
-26
28
53
-32
-5
-20
-99
-71
36
14
-86
-69
-26
-39
-9
56
55
33
3
-31
-33
-34
1
36
8
21
27
6
60
135
110
10
-38
-26
-15
32
26
33
73
18
33
29
-6
13
-30
-8
9
-3
46
31
-12
-84
-100
-12
-60
-99
-22
16
65
1
-86
-31
34
10
1
-20
-91
-66
-37
43
107
-8
-3
55
0
-6
0
-45
-68
13
69
63
40
-48
-34
-9
-56
-85
-57
24
4
-2
-52
-49
2
-17
-26
-68
11
4
-43
38
24
-23
-24
0
22
-11
-44
-52
-60
-105
-23
107
42
-3
10
70
101
54
21
5
6
15
3
-53
-16
6
-9
13
-5
45
92
87
93
102
43
-30
-10
1
46
36
-43
-33
6
21
-17
-19
73
-2
-79
-32
8
113
80
23
47
45
73
44
-20
-43
-14
33
-3
-41
-35
-24
-4
-29
1
53
49
8
-32
38
-2
-87
-73
-2
100
75
45
-8
21
65
-52
-52
-57
-67
-4
22
1
-30
-4
9
21
24
-7
-1
20
33
-11
-21
-13
-26
30
0
-61
-40
-10
-24
-26
36
22
21
-1
-40
-25
-2
22
-14
-18
-23
-12
-15
-16
-12
-66
4
73
5
-10
37
24
1
48
12
-30
49
11
-43
-67
-57
-26
-42
19
36
22
-15
-73
7
13
-65
-52
-65
-64
28
43
9
-26
-88
-61
-47
-16
-8
-78
0
47
-7
-29
-13
16
-5
3
44
69
46
11
-68
-153
-51
52
55
42
56
84
45
35
34
26
66
12
-10
13
28
34
1
65
88
79
35
11
49
36
45
-9
-37
-33
-38
-19
31
53
41
71
44
23
-16
-2
96
15
-64
-33
-56
-17
6
-6
-33
-75
-37
-43
-32
62
39
-40
-26
-29
-59
-74
-60
-39
-30
-6
-21
5
18
-57
-25
17
-60
-75
-61
-40
21
10
9
48
65
68
57
36
-81
-87
-16
-23
30
8
10
38
5
37
61
31
23
29
-20
2
14
-27
13
-21
-29
10
24
62
22
-8
-60
-57
0
-51
-12
62
10
-26
2
-27
-16
80
-9
-66
-20
-45
-9
-5
19
-1
-29
-23
-35
89
84
-14
-62
-39
-19
-50
-26
-50
8
9
-3
38
-17
54
39
30
66
1
20
-12
-9
-10
7
18
-64
-15
45
-37
-106
-59
-62
-92
-14
33
14
-38
-91
-48
0
64
39
-5
-16
-33
-35
-90
7
38
-2
49
3
0
-7
-32
13
-11
10
46
-15
-24
-66
-68
15
7
-27
-18
-7
-19
-33
-40
-23
67
50
23
9
-82
-56
-6
22
-2
48
49
-47
16
35
77
100
39
2
8
103
133
76
11
-31
-15
71
110
97
8
-45
96
114
38
0
55
51
-35
37
48
45
105
107
59
3
-8
22
8
-5
9
-27
-49
-34
11
19
19
71
61
45
-10
-53
-87
-78
-36
0
34
0
47
35
20
12
9
46
-35
-112
-60
-22
-134
-90
2
-46
-86
-106
-100
-113
-166
-135
-34
-74
-130
-52
-99
-99
9
-76
-120
-100
-84
-24
-73
-132
-138
-163
-125
-124
-245
-191
-99
-106
-113
-160
-139
-141
-180
-189
-100
-35
-94
-62
-87
-92
-52
-42
11
-31
-40
14
9
-58
59
100
11
139
92
131
246
225
298
276
311
359
250
262
333
358
305
252
360
388
413
496
492
469
391
389
420
345
381
425
374
377
416
408
346
340
357
420
454
387
341
302
322
322
332
279
145
144
134
203
190
105
159
135
62
10
35
35
4
-26
-89
-115
-166
-164
-206
-246
-228
-265
-268
-359
-413
-400
-462
-523
-541
-613
-743
-762
-803
-876
-835
-868
-998
-998
-1034
-1096
-1071
-1120
-1177
-1237
-1257
-1205
-1141
-1132
-1085
-1007
-905
-881
-889
-725
-645
-659
-677
-640
-542
-498
-405
-287
-179
-85
-76
67
213
291
369
424
492
536
651
722
822
782
728
843
839
816
875
1013
954
925
1033
1009
1032
996
955
972
895
782
765
739
750
782
641
571
590
581
526
471
444
360
255
202
257
249
190
195
186
168
36
-53
7
24
25
-9
-24
43
24
-8
-25
8
46
33
156
120
50
123
32
43
96
134
173
113
156
105
117
204
110
137
259
270
312
363
315
346
404
347
318
389
383
355
358
445
537
451
535
559
482
523
402
357
396
333
295
214
109
92
77
43
17
-56
-109
-152
-279
-317
-378
-563
-752
-979
-1094
-1136
-1167
-1202
-1324
-1473
-1605
-1682
-1828
-1874
-1802
-1837
-1952
-2178
-2408
-2426
-2357
-2271
-2225
-2324
-2413
-2412
-2288
-2057
-1796
-1670
-1663
-1630
-1638
-1551
-1288
-1136
-993
-827
-828
-688
-373
-83
256
480
441
533
758
921
1181
1455
1593
1535
1520
1610
1869
2273
2423
2465
2482
2457
2438
2523
2601
2620
2583
2350
2127
2048
2138
2237
2217
2103
1907
1822
1721
1598
1564
1471
1334
1036
765
588
507
504
380
308
189
7
-59
-96
-142
-211
-317
-407
-450
-567
-643
-649
-723
-714
-737
-778
-756
-707
-585
-484
-425
-460
-546
-457
-380
-400
-330
-316
-194
-87
-31
54
67
210
341
424
444
412
484
584
629
683
749
754
742
741
734
815
933
993
931
728
638
696
718
737
690
466
267
209
222
184
38
-202
-443
-613
-658
-570
-536
-665
-1005
-1310
-1429
-1441
-1355
-1418
-1832
-2393
-2742
-2729
-2513
-2297
-2224
-2531
-3078
-3471
-3417
-2985
-2589
-2543
-2959
-3595
-3996
-3855
-3301
-2739
-2642
-2967
-3296
-3454
-2957
-2012
-1355
-1218
-1660
-2157
-2220
-1680
-708
-34
71
-269
-666
-467
356
1357
2107
2143
1677
1359
1435
2115
3028
3416
3218
2728
2398
2680
3440
4270
4654
4292
3666
3305
3444
4000
4465
4431
3923
3216
2756
2872
3348
3699
3598
3045
2400
2027
2090
2351
2443
2119
1442
770
381
505
683
671
509
-41
-524
-649
-637
-560
-468
-662
-1122
-1523
-1689
-1542
-1408
-1344
-1393
-1636
-1785
-1777
-1610
-1371
-1312
-1403
-1539
-1640
-1492
-1279
-1102
-945
-914
-932
-977
-855
-575
-357
-230
-252
-347
-283
-147
15
219
255
201
192
210
283
460
578
590
610
608
582
580
616
624
573
532
585
638
520
336
221
194
146
141
198
36
-279
-560
-687
-583
-418
-278
-404
-834
-1163
-1251
-1091
-835
-825
-1252
-1930
-2490
-2571
-1987
-1457
-1444
-1897
-2784
-3241
-3019
-2338
-1600
-1729
-2620
-3602
-4115
-3701
-2722
-1994
-1996
-2829
-3687
-3838
-3034
-1515
-449
-489
-1475
-2473
-2463
-1411
61
912
550
-507
-1270
-980
434
2135
2956
2564
1559
813
1139
2477
3759
4070
3300
2113
1536
2134
3584
4879
5120
4367
3250
2778
3455
4603
5308
5001
3849
2627
2162
2722
3618
4097
3739
2784
1944
1711
2272
2935
3017
2317
1157
306
226
581
859
842
231
-485
-847
-799
-297
54
-132
-626
-1195
-1533
-1478
-1175
-1063
-1330
-1689
-1918
-1856
-1582
-1341
-1381
-1556
-1634
-1703
-1704
-1624
-1547
-1640
-1741
-1733
-1743
-1602
-1445
-1328
-1196
-1118
-1062
-1000
-846
-728
-709
-725
-651
-463
-361
-333
-213
-113
-33
99
250
335
313
343
411
492
463
411
344
275
383
461
575
614
498
351
138
77
196
296
196
-112
-383
-379
-173
77
180
-2
-321
-624
-699
-497
-337
-523
-1086
-1697
-2077
-2004
-1514
-1253
-1436
-1908
-2524
-2774
-2429
-1890
-1600
-1901
-2732
-3440
-3607
-3111
-2270
-1852
-2122
-2800
-3202
-2823
-1801
-631
-37
-378
-1217
-1699
-1299
-230
805
1106
577
-262
-505
315
1716
2865
3034
2379
1519
1269
2101
3225
3954
3859
2870
1997
1934
2846
4220
4909
4657
3761
2969
3016
3771
4770
5012
4250
3067
2066
1984
2625
3251
3378
2828
1857
1137
1216
1757
2225
2103
1246
171
-626
-745
-496
-316
-431
-958
-1622
-1968
-1802
-1377
-908
-946
-1442
-1904
-2223
-2156
-1978
-1923
-1914
-2131
-2320
-2373
-2308
-1955
-1726
-1681
-1717
-1841
-1924
-2019
-2019
-1958
-1775
-1633
-1760
-1736
-1632
-1493
-1224
-965
-583
-322
-355
-399
-320
-127
153
392
499
530
518
581
787
1072
1352
1381
1268
1125
970
1007
991
992
1016
754
631
739
744
743
772
759
681
604
727
770
623
491
310
218
330
593
776
655
425
217
157
328
501
461
10
-714
-1278
-1430
-1135
-740
-883
-1511
-2265
-2797
-2666
-2111
-1667
-1847
-2698
-3678
-4202
-3875
-3053
-2405
-2410
-3071
-3771
-3824
-2957
-1570
-649
-694
-1413
-2257
-2321
-1375
-178
488
242
-679
-1374
-1033
161
1528
2253
1873
975
475
845
1952
2982
3187
2617
1792
1520
2163
3278
4166
4299
3855
3298
3119
3635
4363
4620
4331
3569
2743
2581
2822
3091
3239
2796
2104
1696
1643
1865
1925
1627
1027
380
42
-52
-93
-235
-614
-1055
-1135
-1007
-856
-780
-1002
-1259
-1425
-1402
-1297
-1387
-1577
-1909
-2177
-2162
-1984
-1716
-1602
-1877
-2128
-2100
-1974
-1715
-1597
-1777
-2080
-2395
-2458
-2119
-1597
-1306
-1321
-1357
-1318
-1103
-654
-283
-111
-116
-363
-375
-4
364
675
775
851
957
1107
1451
1702
1784
1730
1496
1255
1170
1168
1256
1159
916
831
770
909
1112
1221
1285
1120
932
790
759
864
856
745
569
411
456
697
1051
1308
1263
1017
744
605
572
584
404
-208
-933
-1460
-1713
-1578
-1243
-1237
-1655
-2261
-2785
-2880
-2622
-2416
-2473
-3037
-3889
-4409
-4383
-3785
-3219
-3124
-3470
-3919
-3941
-3408
-2363
-1549
-1480
-2021
-2648
-2681
-2087
-1164
-561
-574
-1044
-1493
-1211
-201
933
1564
1529
1056
728
1046
1876
2783
3111
2863
2440
2269
2768
3577
4287
4559
4372
4076
3933
4131
4462
4608
4442
3944
3482
3257
3100
3151
3094
2794
2545
2279
2104
1913
1591
1324
1150
895
599
344
-10
-403
-633
-617
-447
-411
-628
-932
-1179
-1274
-1205
-968
-930
-1324
-1837
-2164
-2225
-2039
-1777
-1758
-1985
-2284
-2453
-2311
-1977
-1748
-1805
-2126
-2469
-2589
-2397
-1954
-1583
-1481
-1571
-1536
-1271
-909
-521
-275
-157
-131
-63
109
303
537
657
745
902
997
1191
1496
1680
1720
1718
1705
1629
1482
1393
1392
1349
1346
1366
1386
1412
1329
1424
1691
1677
1541
1306
1027
1126
1225
1194
1134
862
649
639
758
997
1140
945
535
174
-223
-419
-375
-698
-1369
-2204
-2805
-2869
-2592
-2193
-2303
-2850
-3141
-3263
-3286
-3125
-2968
-2992
-3456
-4137
-4460
-4111
-3327
-2844
-2897
-3177
-3293
-2937
-2355
-1867
-1466
-1309
-1507
-1840
-1972
-1732
-1057
-544
-423
-371
-380
8
728
1383
1928
2184
2253
2149
2011
2204
2645
3087
3181
2912
2597
2576
2964
3439
3798
3878
3625
3268
3012
2949
3155
3396
3213
2674
2065
1813
2136
2538
2653
2383
1864
1454
1232
1212
1351
1354
1070
568
58
-105
121
287
119
-199
-449
-403
-258
-144
-141
-440
-756
-1074
-1382
-1538
-1588
-1521
-1402
-1451
-1366
-1030
-890
-972
-1256
-1521
-1402
-1107
-1029
-1096
-1217
-1251
-1107
-940
-843
-869
-837
-782
-765
-600
-264
134
333
187
-163
-144
354
820
1061
1004
1009
1148
1241
1381
1399
1424
1452
1288
1128
1117
1326
1662
1736
1427
1162
1159
1120
944
754
702
898
1111
979
634
444
584
1034
1289
1155
760
231
-285
-845
-1249
-1534
-2152
-3265
-4557
-5378
-5250
-4324
-3486
-3434
-4118
-4751
-4689
-4287
-3800
-3561
-3690
-3873
-4123
-4033
-3428
-2557
-1922
-2145
-2938
-3380
-2782
-1670
-1021
-1018
-1283
-1472
-1598
-1647
-1569
-1304
-828
-345
-18
388
1244
2498
3467
3697
3535
3545
3740
3784
3614
3415
3537
3805
3815
3402
2841
2697
2867
3098
3063
2840
2792
2711
2679
2741
2826
3109
3232
2776
2155
1949
2453
3227
3348
2831
2187
1740
1656
1579
1337
1090
725
142
-459
-706
-492
-40
137
-277
-853
-919
-494
-207
-322
-688
-920
-1021
-1295
-1635
-1719
-1418
-1120
-1192
-1453
-1569
-1574
-1461
-1374
-1417
-1270
-1093
-1154
-1593
-1975
-1824
-1396
-925
-821
-1134
-1305
-1022
-513
-57
207
180
55
-122
-219
87
809
1399
1384
898
434
644
1188
1393
1199
875
816
905
1044
1076
1190
1381
1203
938
719
846
1252
1319
1105
911
1086
1513
1538
951
239
240
902
1423
1330
780
176
-437
-1068
-1620
-1934
-2313
-3411
-5169
-6556
-6501
-5035
-3543
-3433
-4527
-5398
-5160
-4190
-3313
-3002
-2974
-3081
-3306
-3381
-2946
-1893
-1080
-1441
-2782
-3693
-3147
-1654
-632
-737
-1195
-1291
-1090
-1095
-1433
-1535
-1030
-224
356
793
1626
2887
3957
4159
3833
3732
3986
4141
3650
3103
3222
3934
4481
3804
2369
1359
1368
1939
2278
2336
2330
2502
2604
2509
2575
3023
3444
3100
2146
1764
2538
3758
4419
3807
2519
1570
1081
873
555
255
298
256
-82
-366
-274
198
565
330
-284
-585
-263
277
460
263
78
-74
-541
-1387
-2171
-2183
-1479
-841
-769
-1124
-1336
-1281
-1114
-1104
-1313
-1499
-1735
-2092
-2304
-2074
-1403
-772
-761
-1200
-1519
-1443
-1109
-739
-506
-490
-533
-574
-617
-612
-595
-475
-336
-323
-291
-74
297
621
888
1069
1131
1088
851
617
666
947
1224
1273
1102
1079
1328
1656
1873
1693
1240
856
641
758
1250
1785
1712
967
313
300
765
1137
884
-70
-1057
-1496
-1388
-1254
-1589
-2691
-4499
-6171
-6760
-5983
-4525
-3671
-3931
-4655
-4751
-3753
-2526
-1917
-2224
-3118
-3677
-3347
-2283
-1141
-627
-897
-1770
-2680
-2739
-2017
-1293
-991
-1223
-1405
-956
-306
47
-15
-301
-278
340
1357
2366
3396
4438
5197
5634
5729
5625
5208
4444
3550
2971
3145
3482
3342
2559
1505
1056
1300
1701
1772
1494
1333
1376
1883
2776
3515
3868
3583
2802
2012
1781
2107
2289
1909
1038
177
-75
90
139
-29
-387
-816
-1070
-1145
-963
-452
160
545
421
6
-309
-395
-470
-715
-1061
-1494
-1802
-1840
-1742
-1405
-815
-461
-543
-949
-1437
-1466
-1077
-831
-981
-1445
-1814
-1822
-1763
-1833
-1983
-2061
-2044
-1888
-1379
-691
9
442
380
9
-312
-256
-74
61
106
116
522
984
1074
973
787
818
967
934
778
661
735
840
854
905
1190
1521
1515
1293
1320
1804
2317
2239
1584
910
660
913
1343
1482
1178
739
582
628
794
934
724
-11
-1214
-2099
-2001
-1293
-1015
-2117
-4259
-6115
-6613
-5520
-3912
-2862
-2608
-2810
-2903
-2814
-2553
-2076
-1839
-2323
-3343
-4018
-3528
-2167
-1033
-931
-1684
-2423
-2456
-1971
-1649
-1656
-1682
-1568
-1436
-1439
-1461
-1127
-461
130
532
1089
2147
3555
4699
5156
5184
5192
5193
4898
4166
3154
2443
2212
1828
1055
205
-158
384
1227
1674
1881
2010
2188
2415
2456
2564
3077
3612
3641
3216
2734
2706
2772
2353
1428
72
-751
-892
-876
-800
-869
-783
-517
-376
-370
-249
139
617
960
974
858
972
1198
1045
379
-387
-926
-1284
-1766
-2312
-2424
-1948
-1302
-932
-908
-1072
-1219
-1167
-1099
-1249
-1580
-1914
-2174
-2476
-2605
-2294
-1665
-1138
-989
-970
-840
-530
-53
283
248
-43
-249
-229
-79
-5
-89
-245
-307
-151
93
520
978
1141
1095
1035
1325
1816
1979
1701
1209
875
989
1531
2289
2810
2840
2580
2177
1807
1502
1164
601
-20
-245
204
1081
1494
1145
453
-60
-101
89
158
-27
-587
-1292
-1569
-1361
-1098
-1425
-2894
-5127
-6937
-7107
-5530
-3594
-2724
-3106
-3707
-3779
-3428
-2902
-2631
-2773
-3154
-3456
-3119
-1909
-192
897
470
-1045
-2458
-2617
-1921
-1477
-1693
-2157
-1878
-929
-64
194
274
673
1087
1499
2092
3212
4837
6230
6741
6395
5790
5345
4772
3406
1597
574
691
1084
995
497
332
1035
1939
2234
1941
1533
1482
1912
2421
2901
3609
4216
4108
2980
1441
766
860
666
-299
-1551
-2164
-1919
-1296
-891
-701
-532
-215
-19
-257
-251
145
659
854
431
81
-3
137
240
-218
-913
-1452
-1868
-2256
-2677
-2762
-2057
-1221
-964
-1176
-1355
-1205
-1007
-977
-1355
-1884
-2156
-2130
-1715
-1254
-855
-516
-403
-456
-606
-639
-488
-251
0
377
896
1393
1608
1228
496
-61
-147
226
651
716
546
555
1000
1802
2580
2863
2473
1845
1483
1578
2150
2721
2890
2671
2180
1801
1643
1598
1324
670
-167
-813
-778
-440
-53
224
317
520
572
434
65
-496
-746
-744
-717
-726
-928
-1097
-1173
-1359
-1864
-2808
-4096
-5694
-6914
-6999
-5763
-3694
-2033
-1583
-2148
-2866
-3008
-2631
-2208
-2101
-2170
-2119
-1779
-1099
-452
-125
-592
-2027
-3551
-4354
-3854
-2456
-1108
-45
578
950
1099
795
540
689
1272
2212
3121
3891
4601
5124
5079
4417
3315
1974
1034
514
237
530
1245
1899
2079
1627
1105
1124
1700
2405
2686
2597
2583
2977
3551
3869
3788
3268
2451
1402
421
-20
133
413
304
-114
-431
-259
225
442
276
-27
-196
-19
198
196
284
582
1039
1221
902
389
-204
-744
-1218
-1469
-1400
-1198
-1136
-1415
-1930
-2433
-2578
-2563
-2696
-2771
-2578
-1932
-1082
-507
-279
-266
-293
-437
-757
-978
-919
-648
-273
-82
-66
-16
16
-142
-438
-527
-236
443
944
909
610
337
217
207
220
281
493
774
1121
1536
1957
2326
2398
2003
1412
1038
992
1072
1007
781
536
255
46
-57
-112
-60
-25
-13
-16
2
338
822
1074
1038
743
393
41
-446
-821
-920
-953
-891
-861
-1013
-1089
-1064
-1008
-1131
-1666
-2665
-3849
-4663
-4742
-3901
-2447
-1226
-802
-1256
-2210
-2925
-3121
-2797
-2247
-1920
-1663
-1432
-1224
-886
-712
-973
-1700
-2377
-2371
-1585
-166
1224
2043
2090
1393
465
-428
-1098
-1239
-817
29
1052
2060
3077
3756
3655
3018
2249
1587
1349
1645
2119
2673
3242
3449
3043
2000
715
-22
18
498
1215
1953
2448
2673
2642
2338
1974
1599
1193
653
145
105
449
911
1129
989
678
284
3
-236
-547
-668
-551
-291
29
158
122
77
-104
-347
-548
-563
-305
-184
-357
-516
-571
-576
-737
-1262
-1919
-2450
-2508
-2022
-1359
-782
-375
12
370
558
503
242
-130
-477
-602
-406
12
388
490
182
-462
-1006
-1114
-907
-599
-373
-232
47
445
855
1066
864
418
4
60
504
986
1431
1673
1607
1205
791
484
222
-110
-684
-840
-511
174
766
602
160
-363
-525
-158
290
734
1092
1343
1394
1274
1024
590
39
-565
-1084
-1376
-1374
-1153
-986
-887
-718
-475
-186
-222
-716
-1296
-1505
-1128
-636
-580
-1328
-2624
-3783
-4290
-3929
-3022
-2165
-1991
-2483
-3085
-3202
-2705
-1737
-740
-491
-817
-1161
-1055
-455
-75
-24
-50
-177
-166
83
421
748
747
266
-489
-1151
-1436
-1292
-541
544
1526
2437
3148
3581
3779
3787
3759
3767
3758
3488
3161
3005
2803
2376
1560
445
-511
-783
-406
348
1325
2093
2330
2080
1466
819
555
577
726
818
841
1090
1344
1417
1170
518
-120
-594
-953
-1068
-926
-561
-75
139
-127
-601
-1065
-1344
-1405
-1295
-878
-291
101
155
-67
-440
-827
-1264
-1802
-2280
-2352
-1855
-999
-322
118
394
325
144
-58
-75
76
127
64
-222
-412
-355
-187
-164
-618
-1110
-1219
-965
-467
18
331
546
650
544
568
780
838
896
802
617
698
921
1208
1204
782
325
116
147
339
423
245
-8
-258
-329
-61
377
769
1038
1108
1015
922
921
849
647
444
318
280
286
205
110
132
-8
-374
-859
-1392
-1700
-1741
-1450
-864
-388
-119
-64
-217
-337
-315
-195
-336
-1193
-2438
-3434
-3797
-3336
-2392
-1607
-1519
-2091
-2938
-3513
-3289
-2499
-1433
-554
-324
-402
-423
-199
148
165
-200
-704
-1049
-835
-200
651
1348
1269
390
-909
-1996
-2248
-1658
-665
362
1138
1648
2093
2539
2863
2958
2782
2563
2532
2574
2843
3157
3077
2565
1588
499
-250
-400
12
626
1197
1520
1544
1269
922
635
618
1037
1408
1544
1501
1376
1274
1195
1063
817
599
400
348
413
397
415
147
-528
-1212
-1551
-1262
-445
314
655
691
377
-18
-205
-322
-414
-462
-621
-913
-1128
-984
-539
-208
-141
-511
-965
-998
-820
-475
-152
-57
-92
-413
-882
-1285
-1525
-1368
-953
-570
-314
-185
-115
-125
-157
-95
29
143
107
-7
-13
152
437
495
337
-5
-279
-189
136
581
809
794
573
215
-39
-74
191
499
672
851
1025
1111
1060
916
637
286
153
183
293
518
596
445
178
-243
-720
-1021
-1133
-1041
-910
-723
-538
-489
-425
-493
-527
-387
-229
-6
156
292
492
457
32
-978
-2426
-3637
-4173
-3729
-2697
-1770
-1308
-1577
-2274
-2836
-2904
-2228
-1051
-170
20
-126
-258
-206
-155
-282
-468
-653
-643
-323
177
580
562
138
-643
-1497
-1879
-1574
-780
163
865
1219
1633
2077
2449
2764
2864
2930
3059
2963
2561
2119
1675
1257
836
357
92
227
670
1222
1563
1559
1403
1129
797
631
853
1398
1917
2063
1717
1081
598
329
182
275
494
734
959
901
509
83
-374
-805
-1075
-1091
-641
100
702
870
576
192
-125
-251
-195
-225
-169
-82
-142
-372
-676
-813
-776
-757
-732
-562
-259
37
127
100
-149
-508
-667
-839
-899
-656
-311
-29
-16
-223
-495
-735
-649
-378
-101
67
22
-61
-341
-549
-575
-612
-511
-431
-355
-111
330
679
639
414
53
-321
-451
-292
78
308
469
542
429
419
362
312
300
184
-28
-113
34
157
222
160
83
107
114
172
204
167
32
-107
-143
-307
-471
-793
-1109
-1199
-1220
-729
-235
20
77
-156
-163
-217
-521
-1094
-1948
-2602
-2655
-2120
-1340
-865
-1106
-1973
-2960
-3420
-3003
-1726
-374
289
215
-476
-1184
-1434
-1243
-769
-324
0
329
791
1204
1261
926
143
-769
-1330
-1344
-627
406
1189
1437
1034
486
279
575
1136
1741
2359
2733
2890
2920
2756
2398
1879
1282
802
685
1007
1505
1871
1986
1680
1089
675
499
481
625
741
870
978
725
405
127
-114
-161
-55
372
766
953
950
634
397
319
363
380
183
-106
-477
-550
-257
-74
-201
-559
-1002
-1142
-856
-419
94
230
-135
-513
-655
-417
55
292
132
-281
-645
-494
-67
194
110
-403
-847
-1104
-1139
-726
-246
-46
-266
-734
-1030
-1074
-875
-574
-375
-240
-184
-52
180
217
183
168
78
-15
-74
-76
138
411
530
368
0
-133
-220
-225
66
320
657
884
812
671
580
668
733
692
404
105
157
287
447
521
498
444
287
-20
-325
-398
-465
-521
-571
-762
-902
-956
-980
-865
-582
-231
83
129
-3
-44
-45
-69
-384
-1240
-2203
-2721
-2622
-1975
-1410
-1401
-2033
-3151
-3936
-3698
-2428
-761
380
402
-569
-1587
-1928
-1586
-851
-171
172
167
109
241
424
463
102
-542
-1023
-1087
-534
263
686
546
-93
-609
-443
278
1452
2558
3150
3363
3229
2858
2494
2379
2331
2253
2008
1704
1606
1513
1478
1299
950
707
608
746
1121
1562
1839
1725
1164
491
-96
-461
-355
70
538
901
1146
1166
936
599
358
267
344
591
640
494
156
-398
-914
-1200
-1083
-857
-747
-826
-975
-895
-627
-319
-231
-324
-517
-669
-501
-358
-276
-297
-563
-627
-515
-289
27
9
-417
-882
-1044
-887
-440
-58
-191
-604
-959
-1008
-787
-528
-200
65
118
102
141
218
387
433
367
381
371
453
541
434
232
44
-56
39
145
183
356
441
485
516
346
131
15
39
80
168
264
223
200
125
89
317
515
599
512
406
409
335
307
21
-425
-740
-900
-881
-913
-864
-767
-675
-492
-470
-467
-419
-374
-175
-68
-191
-732
-1541
-2077
-2196
-1591
-860
-762
-1374
-2540
-3290
-3242
-2424
-1225
-444
-518
-1354
-2226
-2519
-1878
-769
79
370
142
-34
-8
153
353
113
-298
-448
-439
-108
293
404
102
-487
-831
-547
400
1522
2253
2409
2131
1746
1534
1603
1910
2269
2574
2668
2424
2025
1663
1471
1511
1634
1658
1614
1480
1236
1041
882
789
697
380
48
-71
106
584
1075
1350
1420
1332
1293
1339
1273
1143
1003
829
594
323
2
-317
-501
-756
-1042
-1114
-1000
-909
-1030
-1144
-1228
-1143
-872
-768
-667
-608
-572
-404
-343
-337
-297
-245
-172
-135
-9
-6
-352
-839
-1358
-1598
-1518
-1177
-711
-552
-635
-781
-752
-489
-94
152
113
39
-31
25
192
358
512
485
367
247
212
405
603
694
702
572
287
-5
-152
-142
20
246
466
442
220
113
70
253
557
646
563
314
-16
-42
302
624
744
593
163
-312
-636
-727
-623
-396
-214
-429
-847
-1044
-1088
-909
-726
-663
-414
-219
14
204
261
317
-155
-932
-1631
-1966
-1596
-881
-403
-693
-1717
-2865
-3510
-3302
-2214
-939
-285
-443
-1290
-2125
-2200
-1343
-66
863
1076
618
-39
-393
-358
-160
44
207
30
-342
-471
-350
-176
-227
-373
-374
-165
435
1219
1686
1927
1867
1519
1422
1621
2103
2645
2758
2355
1605
963
981
1533
2191
2653
2539
1948
1335
825
561
715
860
757
532
146
-73
5
101
275
406
544
896
1101
1186
1105
811
590
406
345
338
223
124
-58
-323
-582
-700
-636
-580
-518
-582
-713
-974
-1372
-1687
-1642
-1039
-119
635
636
59
-452
-465
-25
616
1055
932
319
-698
-1498
-1570
-1289
-1055
-1003
-1277
-1409
-1125
-739
-471
-510
-521
-417
-298
-159
-58
-27
-117
-210
-181
32
261
388
388
262
264
371
521
712
642
207
-241
-436
-531
-519
-488
-409
-153
73
171
135
124
91
188
556
921
1202
1291
988
459
72
-134
-74
15
84
183
-23
-169
-374
-717
-775
-552
-45
391
525
338
1
-251
-235
297
1025
1430
1173
249
-865
-1429
-1172
-600
-139
-238
-1004
-1950
-2625
-2646
-2106
-1394
-858
-919
-1348
-1789
-2031
-1700
-1024
-456
-160
-141
-335
-505
-496
-330
-229
-213
-255
-527
-708
-753
-654
-539
-592
-676
-642
-100
651
1236
1432
1196
906
703
971
1721
2556
2952
2508
1742
1151
1098
1705
2429
2775
2340
1322
443
154
463
954
1226
1129
659
46
-186
59
423
836
1100
1107
1118
1018
925
927
751
704
673
482
402
258
151
192
168
-73
-525
-955
-1144
-857
-232
196
20
-789
-1574
-1693
-1157
-181
788
1145
601
-378
-985
-855
-198
416
485
-147
-931
-1402
-1438
-1012
-668
-671
-948
-1373
-1603
-1573
-1327
-883
-532
-475
-472
-392
-345
-353
-320
-294
-257
-127
19
120
54
-44
-75
-298
-574
-605
-403
-8
283
248
-86
-534
-835
-691
-87
596
1075
1046
620
301
277
592
1070
1303
1280
874
318
58
-32
43
189
151
-25
-165
-190
59
377
444
388
249
241
343
461
798
1020
984
794
478
299
398
676
845
599
-122
-1001
-1619
-1643
-957
-187
-51
-694
-1816
-2729
-2881
-2003
-569
360
222
-882
-2156
-2822
-2433
-1193
17
468
12
-839
-1623
-1802
-1168
-356
99
42
-471
-1101
-1412
-1303
-1076
-832
-553
-375
-106
226
599
881
778
689
872
1350
1892
2295
2465
2090
1386
879
817
1196
1787
2237
2122
1281
250
-403
-389
255
1036
1490
1206
507
-20
-256
194
1168
1946
2155
1763
1081
711
728
882
1117
1076
671
165
-175
-287
-136
109
289
341
61
-63
2
59
170
44
-203
-389
-519
-522
-389
-206
-75
-231
-552
-686
-591
-291
-16
0
-308
-800
-1187
-1441
-1412
-1119
-887
-723
-860
-1237
-1479
-1450
-1102
-716
-432
-362
-570
-827
-931
-788
-544
-338
-161
-78
-117
-115
-87
-34
89
70
-12
-50
-62
-50
-34
65
89
69
121
214
449
680
857
808
509
272
181
328
459
417
461
421
226
81
20
189
468
687
788
816
765
613
525
382
266
394
587
645
567
328
16
-209
-232
24
294
355
174
-341
-979
-1298
-1050
-561
-267
-266
-695
-1255
-1624
-1760
-1468
-1024
-632
-475
-898
-1388
-1713
-1934
-1658
-1139
-650
-329
-428
-761
-1095
-1147
-867
-413
-36
83
-120
-465
-705
-858
-652
-258
154
599
817
808
707
605
572
796
1168
1507
1769
1713
1386
1048
830
927
1449
2016
2236
2050
1518
978
675
728
1005
1219
1158
781
399
150
99
363
753
992
1006
799
597
486
472
621
719
733
590
419
537
764
921
771
393
-145
-626
-420
198
756
642
-394
-1585
-2084
-1654
-715
341
897
463
-596
-1403
-1265
-325
611
975
585
-378
-1156
-1367
-1253
-1020
-780
-686
-924
-1299
-1460
-1415
-1274
-982
-703
-628
-701
-904
-1080
-1118
-976
-585
-185
-5
19
-129
-222
-82
182
480
576
577
659
696
562
266
-15
-158
-49
196
461
654
473
162
-140
-269
119
650
1023
875
281
-63
-88
198
689
946
870
589
272
160
261
588
805
635
341
-87
-275
-251
-182
38
-14
-70
-140
-305
-158
58
286
433
179
-334
-799
-917
-621
-219
-167
-580
-1199
-1850
-2004
-1581
-946
-330
-373
-1089
-1934
-2295
-1926
-1123
-351
-262
-653
-1176
-1569
-1455
-937
-219
260
330
-44
-569
-698
-499
-110
291
514
485
338
199
54
163
592
1022
1285
1325
1202
1120
1173
1349
1430
1336
1349
1500
1735
1839
1758
1610
1304
1039
871
962
1335
1410
1089
527
-8
-50
294
673
893
805
556
313
212
269
436
661
774
583
256
57
-137
-31
217
318
404
185
-332
-878
-1180
-895
-316
49
-78
-783
-1340
-1347
-1001
-326
195
157
-257
-706
-835
-551
-114
18
-270
-643
-902
-830
-558
-443
-557
-743
-878
-1059
-1053
-966
-906
-848
-895
-851
-808
-701
-555
-503
-366
-189
45
266
324
337
362
353
455
603
555
418
301
316
330
319
311
181
99
115
232
395
524
484
261
185
299
610
868
787
615
457
390
489
660
743
718
641
436
187
-12
24
193
224
143
-63
-280
-388
-327
-253
-86
248
314
125
-161
-221
-59
79
180
25
-216
-468
-624
-599
-611
-709
-913
-1181
-1525
-1731
-1576
-1289
-1104
-1339
-1825
-2067
-1988
-1604
-1165
-923
-845
-864
-896
-905
-761
-522
-253
-37
-153
-415
-541
-435
-236
-102
17
-5
-27
92
251
452
677
827
844
812
938
1264
1575
1767
1749
1530
1321
1357
1532
1605
1702
1730
1610
1342
914
730
821
1013
1146
1036
808
551
374
257
284
490
702
821
673
327
142
170
232
310
296
237
233
175
94
-54
-244
-277
-305
-200
-69
-144
-291
-654
-1043
-1208
-957
-274
240
155
-417
-993
-1075
-741
-176
383
521
80
-684
-1159
-1199
-962
-660
-549
-659
-907
-984
-893
-881
-911
-844
-692
-575
-563
-589
-669
-728
-607
-456
-284
-75
45
176
279
284
357
458
536
526
489
491
442
384
186
26
83
353
649
562
353
243
130
231
440
540
629
568
382
159
82
262
400
365
269
242
257
258
200
163
213
213
178
142
57
-25
-39
-74
-120
-42
61
-4
-72
102
215
288
424
403
241
124
139
136
47
-121
-354
-461
-413
-418
-498
-639
-796
-923
-1004
-977
-910
-908
-1094
-1374
-1542
-1576
-1452
-1147
-933
-930
-949
-999
-910
-706
-514
-377
-341
-204
-163
-331
-412
-410
-315
-85
75
173
214
211
274
432
726
980
1124
1132
990
837
819
1020
1201
1309
1399
1362
1250
1136
1132
1206
1352
1556
1516
1305
901
590
527
458
597
629
503
351
51
-139
-119
160
492
591
536
319
94
13
21
175
315
312
279
76
-196
-340
-327
-111
115
152
-103
-344
-451
-688
-754
-615
-457
-306
-447
-737
-830
-729
-580
-471
-430
-358
-277
-377
-603
-820
-890
-850
-764
-586
-541
-662
-851
-875
-692
-571
-421
-317
-253
-252
-429
-462
-395
-262
6
129
304
412
296
262
255
405
663
809
873
658
321
148
82
159
250
266
241
108
-136
-317
-317
-67
265
281
181
110
-37
-58
-107
-134
126
315
297
171
-27
-89
-44
-3
55
134
148
143
143
-36
-158
-44
87
188
239
217
247
291
298
262
267
421
555
567
362
17
-104
-2
3
-104
-239
-467
-688
-847
-909
-899
-853
-905
-1139
-1361
-1442
-1173
-854
-815
-925
-1033
-789
-525
-477
-348
-353
-307
-148
-90
-112
-122
37
-21
-217
-227
-206
46
253
265
257
171
274
457
545
601
721
985
1165
1033
744
707
904
1084
1258
1295
1075
824
747
748
776
933
978
772
474
214
265
363
328
419
391
332
372
275
218
274
355
463
557
606
550
492
424
269
203
223
271
260
205
114
-74
-199
-331
-439
-510
-528
-317
-269
-417
-641
-912
-928
-768
-557
-417
-456
-567
-760
-873
-769
-581
-394
-387
-534
-761
-884
-812
-653
-502
-543
-606
-560
-490
-456
-386
-276
-219
-137
-45
32
110
148
219
306
321
454
647
650
559
463
449
558
588
435
306
257
175
132
168
234
201
47
-115
-165
-68
85
188
112
-37
-93
-31
70
56
71
194
213
222
281
301
311
245
142
83
142
262
254
151
25
-2
72
90
172
280
294
228
166
77
-51
-138
-157
-77
-120
-251
-423
-560
-592
-599
-563
-612
-540
-576
-876
-1040
-1101
-1007
-889
-961
-1110
-1095
-923
-730
-621
-669
-576
-496
-469
-350
-301
-204
-158
-226
-302
-333
-234
-50
150
257
169
111
208
324
376
479
632
626
541
453
393
477
698
898
974
1011
932
884
929
880
1003
1148
1151
1015
645
466
401
453
657
582
503
461
382
357
397
610
728
714
613
450
349
348
423
452
405
320
226
137
-6
-90
7
69
30
-136
-386
-413
-453
-583
-626
-734
-668
-572
-636
-666
-726
-704
-673
-703
-622
-586
-601
-621
-685
-732
-865
-862
-708
-599
-504
-542
-562
-486
-421
-401
-429
-288
-189
-323
-333
-301
-212
-6
40
40
49
161
302
319
277
333
463
424
428
408
243
189
194
212
256
323
390
400
277
119
196
263
251
312
308
219
235
310
236
220
358
471
512
503
444
394
412
393
331
277
287
349
241
66
33
13
116
255
170
66
34
-19
-213
-308
-275
-255
-179
-226
-347
-426
-436
-442
-477
-405
-347
-423
-538
-738
-958
-1000
-889
-680
-690
-847
-849
-855
-822
-816
-722
-521
-514
-549
-648
-828
-867
-719
-511
-421
-386
-347
-263
-229
-213
-39
62
184
310
312
339
300
329
383
253
320
532
666
821
737
624
679
776
917
929
927
930
861
776
703
779
926
1008
941
841
769
696
761
736
723
808
746
703
559
370
340
368
486
519
370
252
71
-111
-139
-147
-100
-82
-269
-560
-656
-650
-630
-444
-431
-607
-606
-545
-519
-571
-702
-639
-566
-584
-599
-689
-708
-741
-840
-787
-600
-613
-639
-639
-749
-725
-698
-656
-519
-436
-414
-350
-221
-87
19
133
136
136
226
227
274
299
279
286
286
305
304
401
494
503
519
505
508
422
323
301
367
412
317
247
147
207
396
491
495
470
521
524
459
413
436
465
421
235
65
114
130
98
107
56
-5
67
96
75
62
-121
-206
-244
-377
-443
-400
-306
-360
-441
-481
-525
-439
-397
-482
-497
-497
-590
-709
-877
-967
-832
-719
-742
-776
-767
-693
-594
-509
-413
-377
-354
-358
-419
-354
-265
-224
-199
-251
-259
-195
32
250
244
209
107
75
254
358
441
522
421
357
372
392
517
725
845
865
851
782
741
769
852
853
766
736
676
619
560
627
737
742
803
732
676
706
641
576
506
478
465
410
327
199
147
186
192
133
200
259
131
105
-50
-217
-211
-278
-305
-392
-506
-535
-544
-564
-642
-617
-563
-561
-585
-726
-890
-896
-753
-702
-649
-576
-654
-753
-743
-658
-535
-346
-279
-313
-370
-566
-600
-435
-355
-286
-186
-124
-53
4
36
118
277
387
382
472
525
517
559
542
559
572
581
690
673
549
515
456
339
347
421
461
476
310
124
65
100
186
217
279
222
106
45
-6
-45
-97
103
283
90
-117
-217
-280
-318
-306
-251
-272
-333
-389
-482
-494
-496
-560
-610
-657
-745
-784
-746
-754
-711
-688
-735
-710
-555
-505
-538
-402
-395
-346
-230
-297
-203
-175
-192
-79
-112
-59
-2
-15
53
97
73
137
289
320
386
459
535
582
589
656
659
724
793
882
917
858
852
796
813
835
826
835
783
686
584
523
509
508
538
471
411
461
402
327
245
116
90
127
76
-67
-146
-128
-158
-140
-128
-163
-113
-203
-320
-321
-303
-303
-366
-431
-539
-556
-523
-544
-528
-539
-492
-442
-449
-395
-421
-468
-445
-428
-440
-503
-440
-388
-453
-364
-247
-220
-102
-125
-274
-209
-139
-83
48
11
-30
17
13
86
178
319
510
510
537
530
463
545
603
615
569
585
668
625
541
467
473
515
630
703
589
564
488
449
486
360
248
206
160
85
28
-9
-25
-7
-16
-90
-186
-252
-257
-349
-547
-589
-624
-768
-878
-906
-877
-905
-867
-797
-831
-836
-857
-903
-904
-982
-1094
-1065
-1049
-1020
-997
-1076
-965
-930
-996
-801
-725
-739
-624
-578
-560
-496
-430
-368
-353
-278
-168
-90
53
130
233
363
427
506
522
616
739
801
875
798
752
898
946
985
1094
1125
1192
1301
1259
1164
1197
1184
1134
1066
1033
1107
1065
1089
1116
964
921
894
867
857
751
679
597
467
368
269
195
178
39
-53
-26
-178
-302
-340
-371
-392
-538
-645
-679
-774
-813
-797
-839
-868
-857
-840
-841
-862
-844
-828
-814
-815
-825
-749
-769
-897
-833
-723
-665
-571
-495
-371
-374
-384
-270
-267
-184
-99
-56
75
55
154
302
344
456
551
707
765
794
910
924
852
812
816
777
748
736
686
684
697
671
599
557
521
474
428
354
290
236
176
29
-7
-28
-134
-159
-189
-171
-195
-367
-355
-338
-531
-579
-684
-863
-987
-1056
-1029
-1117
-1091
-1111
-1232
-1205
-1230
-1205
-1173
-1166
-1212
-1239
-1230
-1291
-1206
-1162
-1111
-1046
-999
-885
-777
-655
-612
-514
-457
-390
-311
-291
-209
-208
-158
-3
58
143
382
526
620
726
739
883
1000
1055
1209
1246
1365
1437
1326
1327
1337
1502
1605
1542
1491
1341
1309
1302
1270
1262
1242
1244
1127
999
923
842
874
848
742
738
600
482
489
383
341
301
209
160
65
78
32
-96
-175
-300
-317
-329
-386
-441
-488
-553
-638
-654
-687
-768
-839
-768
-718
-700
-725
-820
-741
-694
-655
-638
-678
-568
-552
-556
-472
-436
-303
-271
-342
-335
-249
-143
-98
-65
-111
-108
-90
-4
140
135
197
279
322
325
303
371
401
449
450
403
461
489
432
397
466
451
396
445
367
246
257
264
186
88
37
-21
-141
-183
-223
-368
-404
-399
-401
-395
-537
-684
-700
-717
-775
-783
-769
-776
-818
-861
-847
-905
-907
-777
-814
-837
-882
-912
-816
-856
-851
-879
-893
-710
-688
-684
-592
-585
-526
-504
-403
-276
-301
-237
-128
-42
45
133
270
363
464
583
525
573
758
737
835
951
911
978
1040
1039
1086
1149
1174
1253
1254
1237
1208
1074
1134
1202
1131
1136
1094
1034
988
944
894
826
818
762
683
618
510
447
439
371
246
178
169
77
2
45
-69
-176
-196
-230
-188
-274
-380
-378
-323
-276
-357
-405
-417
-483
-437
-385
-413
-389
-383
-396
-366
-410
-416
-366
-376
-297
-330
-283
-176
-314
-268
-164
-114
-98
-44
-22
-69
-6
-37
-1
85
169
246
251
297
295
301
294
267
336
276
178
202
235
189
93
130
157
129
64
-13
-79
-195
-251
-355
-405
-362
-457
-537
-620
-655
-588
-585
-576
-575
-644
-699
-663
-685
-857
-911
-835
-840
-865
-879
-907
-910
-856
-834
-861
-824
-845
-851
-790
-714
-666
-766
-751
-681
-645
-521
-447
-371
-355
-318
-179
-145
-121
-58
20
-2
-41
50
108
210
309
313
348
415
508
608
638
667
715
771
838
856
837
855
933
976
1025
1021
1050
1119
1097
1140
1099
1087
1133
1071
1062
1056
908
784
779
732
686
669
681
673
576
490
465
442
399
424
438
344
269
211
203
249
225
165
127
106
34
-75
-94
-105
-129
-111
-193
-295
-265
-253
-252
-221
-214
-236
-284
-313
-347
-330
-320
-320
-268
-289
-283
-257
-277
-265
-243
-295
-310
-301
-329
-281
-270
-231
-274
-283
-229
-259
-198
-235
-207
-135
-206
-245
-308
-274
-190
-216
-242
-291
-390
-378
-398
-425
-412
-485
-446
-484
-561
-508
-569
-621
-643
-721
-736
-690
-669
-708
-648
-679
-671
-553
-616
-584
-575
-586
-489
-502
-529
-513
-499
-471
-439
-430
-424
-359
-344
-360
-293
-325
-336
-240
-231
-157
-102
-96
26
86
83
168
248
270
350
386
409
449
522
558
563
665
684
718
761
734
830
849
814
946
958
949
964
944
980
1001
1023
986
1025
1065
985
949
919
863
797
787
741
672
646
597
526
454
507
577
488
468
421
291
312
234
114
118
77
29
-36
-7
60
-71
-93
-33
-83
-118
-131
-180
-207
-127
-153
-246
-207
-208
-197
-168
-196
-110
-105
-219
-240
-269
-285
-305
-364
-362
-384
-404
-438
-515
-488
-466
-471
-449
-474
-438
-389
-419
-354
-319
-445
-453
-367
-434
-485
-409
-415
-426
-420
-478
-402
-306
-353
-345
-322
-388
-380
-464
-554
-415
-447
-487
-419
-486
-421
-379
-425
-391
-417
-403
-372
-379
-374
-459
-493
-359
-366
-399
-306
-313
-321
-271
-298
-267
-183
-109
-40
-82
-81
-60
-37
41
84
176
267
275
298
326
333
325
360
516
550
450
499
509
450
442
460
472
427
414
440
441
474
484
445
472
460
473
503
439
454
467
482
486
463
491
458
490
533
523
580
572
487
534
613
543
494
484
484
468
406
422
454
404
341
371
344
306
314
246
237
218
193
199
141
124
108
73
132
163
103
68
52
35
15
-10
-7
5
-33
-71
-104
-137
-167
-217
-212
-251
-306
-311
-320
-335
-392
-451
-444
-430
-431
-463
-552
-586
-560
-579
-588
-586
-690
-778
-756
-682
-738
-811
-763
-785
-810
-820
-828
-826
-856
-779
-739
-740
-703
-754
-652
-563
-654
-593
-567
-529
-450
-457
-440
-396
-308
-320
-336
-264
-206
-151
-165
-143
-87
-94
-35
74
143
174
212
245
276
307
347
401
459
496
424
392
458
468
463
487
533
626
639
623
643
618
648
648
667
730
612
512
522
521
510
509
541
587
562
485
499
506
495
476
432
436
482
451
365
313
349
438
404
382
404
364
303
291
299
230
233
238
165
181
138
91
167
153
76
57
73
86
44
18
25
54
61
7
-2
5
32
23
-49
7
31
-51
-66
-28
-75
-117
-107
-149
-136
-197
-297
-294
-310
-279
-346
-421
-372
-406
-433
-426
-463
-441
-463
-527
-470
-476
-500
-539
-560
-481
-493
-497
-556
-603
-557
-606
-602
-573
-543
-540
-680
-679
-568
-521
-520
-524
-460
-501
-516
-451
-397
-385
-458
-403
-350
-318
-278
-330
-301
-244
-200
-196
-238
-195
-189
-205
-119
-56
-42
-50
-46
21
118
155
170
256
320
331
338
369
421
436
415
460
541
605
640
610
634
624
620
665
668
686
698
656
652
698
630
631
649
643
776
699
660
751
647
667
661
610
656
657
625
540
576
537
519
525
341
339
410
403
353
259
219
292
280
200
184
99
105
84
51
109
-31
-62
-27
-111
-108
-172
-216
-195
-231
-193
-231
-372
-391
-389
-401
-440
-466
-455
-513
-556
-548
-500
-581
-677
-610
-615
-595
-595
-604
-522
-526
-577
-543
-553
-565
-462
-535
-540
-434
-449
-338
-325
-474
-411
-333
-373
-353
-332
-357
-310
-259
-392
-435
-339
-365
-353
-257
-198
-203
-245
-220
-223
-222
-176
-193
-137
-111
-150
-115
-137
-135
-72
-94
-81
-58
-49
12
-3
56
108
57
75
110
160
147
163
229
259
227
264
334
318
373
336
331
409
399
442
392
371
475
419
410
464
401
396
459
511
540
466
454
500
480
477
523
599
607
590
622
648
647
604
573
573
553
584
583
574
523
410
414
347
393
437
304
279
199
199
200
55
11
8
38
41
-23
18
-20
-76
-93
-148
-141
-205
-262
-358
-381
-317
-396
-364
-335
-499
-526
-455
-421
-437
-488
-440
-462
-508
-504
-542
-606
-603
-525
-478
-467
-476
-433
-463
-518
-437
-397
-449
-469
-454
-423
-434
-442
-422
-407
-329
-353
-369
-293
-321
-275
-207
-214
-193
-150
-107
-87
-111
-144
-104
-57
-31
0
-64
-96
-14
15
21
12
52
98
58
71
84
60
1
-62
-14
68
86
44
46
91
113
159
155
143
182
167
220
254
226
229
243
294
310
292
334
316
283
397
378
258
303
297
287
313
198
272
411
357
291
297
307
283
303
252
311
378
280
348
317
213
307
291
239
203
208
268
236
206
147
117
199
211
188
188
132
115
140
145
168
103
62
82
60
45
13
9
12
-53
-95
-73
-131
-164
-127
-118
-134
-179
-223
-224
-306
-388
-320
-339
-310
-276
-374
-380
-359
-286
-303
-329
-255
-312
-289
-325
-412
-301
-292
-305
-341
-328
-264
-328
-303
-316
-297
-232
-287
-262
-251
-305
-308
-268
-275
-286
-227
-210
-197
-247
-254
-168
-164
-146
-194
-173
-81
-96
-50
-103
-111
-9
12
-32
-89
-47
-35
47
73
32
151
181
155
171
124
141
199
170
163
154
160
173
136
192
240
269
284
274
283
261
275
215
225
273
256
247
287
337
186
183
280
299
305
253
288
271
188
175
214
219
209
222
167
193
273
240
164
144
194
206
230
147
86
140
135
204
221
156
93
63
68
55
3
-73
-91
-1
13
-37
-38
-62
-70
-43
12
-90
-154
-147
-203
-142
-180
-205
-172
-213
-182
-171
-171
-171
-228
-248
-184
-141
-193
-226
-219
-186
-148
-213
-240
-202
-182
-259
-298
-184
-209
-249
-214
-216
-221
-230
-258
-234
-182
-234
-229
-223
-240
-243
-266
-203
-200
-166
-137
-120
-61
-122
-174
-117
-71
-59
-42
-67
-45
36
43
-12
20
87
81
76
110
81
100
111
30
46
36
19
60
115
102
71
121
159
157
130
163
184
129
118
175
138
123
174
175
216
203
224
230
198
275
278
252
227
179
222
252
216
255
245
241
229
190
212
144
132
136
127
195
214
107
82
202
200
127
66
44
25
-15
25
97
105
40
17
96
138
32
-13
76
66
0
-5
14
13
-46
-57
-11
-13
8
-29
-91
-85
-147
-166
-98
-70
-136
-158
-131
-134
-145
-173
-179
-207
-245
-260
-229
-240
-276
-222
-173
-163
-151
-240
-289
-182
-242
-277
-179
-185
-228
-246
-216
-239
-273
-255
-194
-164
-234
-220
-226
-314
-260
-244
-244
-187
-237
-233
-202
-227
-205
-228
-223
-164
-136
-99
-97
-57
-40
-24
-24
-69
29
16
-39
29
41
72
54
74
166
97
99
169
142
197
194
138
201
253
250
230
263
328
333
339
347
231
210
299
269
248
238
274
340
273
187
184
222
203
181
197
226
227
180
191
217
230
199
222
300
224
187
196
160
191
174
156
178
100
86
98
68
40
-75
-49
-2
-89
-26
-40
-157
-66
1
-55
-100
-134
-128
-81
-67
-66
-91
-140
-102
-108
-102
-115
-120
-92
-143
-99
-121
-133
-124
-143
-68
-96
-129
-100
-93
-125
-135
-118
-89
-79
-150
-165
-127
-101
-116
-169
-120
-136
-167
-180
-212
-138
-144
-147
-173
-237
-197
-169
-155
-143
-122
-140
-156
-107
-89
-83
-82
-55
-34
-87
-61
-74
-121
-86
-104
-110
-67
-18
-11
-85
-127
-26
26
3
-13
-46
3
52
111
87
34
67
69
44
61
148
140
101
117
124
110
100
141
169
196
218
173
186
226
167
220
216
146
234
248
222
214
155
102
161
252
197
102
122
153
171
200
159
158
132
90
166
165
109
110
148
83
62
93
36
66
94
115
52
-3
-10
-41
-23
-61
-100
-69
-113
-150
-66
-63
-79
-54
-63
-17
-24
-78
-84
-87
-52
-17
-14
-37
-68
-106
-122
-133
-96
-130
-171
-125
-163
-114
-117
-173
-107
-138
-108
-90
-167
-84
-48
-60
-63
-117
-104
-53
-16
-74
-64
4
-68
-112
-124
-100
-83
-99
-99
-64
-102
-164
-54
-130
-153
-24
-83
-38
9
-51
-72
-44
36
12
-52
-11
21
1
-69
-86
9
-6
-49
-6
-31
5
29
22
88
57
63
48
50
115
66
7
55
92
50
128
136
89
147
163
126
62
80
107
88
79
81
170
186
89
107
154
141
158
195
137
89
117
135
145
121
142
194
140
93
87
63
98
45
-10
43
66
61
55
48
83
119
37
-8
12
8
-24
-81
-32
-7
-56
-22
3
-55
-84
18
7
-117
-63
-50
-112
-152
-164
-60
-70
-144
-119
-107
-102
-67
-61
-93
-59
-128
-187
-84
-82
-169
-174
-78
-87
-128
-108
-179
-142
-73
-138
-102
-62
-55
-5
-54
-56
-11
-32
-82
-81
-82
-96
-82
-67
-48
-56
-60
-66
-31
-5
-63
-68
18
-35
-112
-67
-40
0
-2
27
33
26
33
-18
16
37
46
30
27
57
39
1
-8
-48
-51
101
62
-55
-25
1
70
67
47
87
54
105
115
47
59
6
33
91
65
91
102
118
125
128
145
91
63
102
96
96
132
118
95
117
143
124
105
113
102
123
108
114
100
78
75
-26
36
89
56
3
-94
-11
41
-12
12
14
-13
16
-17
-24
16
-90
-92
-44
-72
-4
24
17
-23
-1
-1
-79
-53
-47
-63
-112
-164
-77
-33
-87
-103
-158
-162
-102
-107
-132
-128
-143
-135
-103
-103
-76
-88
-90
-90
-61
-32
-42
-4
-60
-64
-24
-18
45
10
-13
44
22
-6
74
7
11
92
-11
47
91
76
32
-51
38
98
90
78
30
50
119
106
83
76
42
48
73
60
43
44
70
102
82
68
79
21
-9
58
-20
-43
96
40
56
77
3
106
118
73
61
20
55
102
65
39
50
34
53
43
-13
-84
-88
-39
-99
-141
-62
1
-33
-40
10
6
36
34
-73
-61
19
-41
-54
-4
-51
-68
-28
-7
-47
-68
-88
-142
-92
-53
-142
-109
-39
-40
43
19
-55
27
18
-32
29
-36
-60
-16
-57
-68
-95
-62
-51
-94
-69
-81
-40
-15
-45
-25
-75
-69
36
14
-68
-78
-12
47
1
-7
-35
-31
19
-12
-10
13
-29
-70
-16
-28
-61
6
2
1
36
17
63
55
5
51
54
22
2
25
37
19
53
91
62
19
41
54
62
80
52
97
155
122
72
66
12
-37
21
86
40
-7
76
50
54
80
2
32
71
142
181
103
111
111
54
59
48
66
22
8
110
61
29
-2
-75
-54
-64
-24
37
2
-35
-55
10
51
28
31
1
49
88
98
48
-90
-90
-69
-90
-67
-95
-80
-43
-89
-59
-17
-63
-95
-75
-35
20
23
-64
-43
-21
-12
20
-95
-102
-53
-24
19
13
40
-17
-23
7
-19
8
3
-20
-22
6
33
-5
-54
-59
-37
9
5
-32
-1
-83
-198
-112
-54
8
34
-41
45
65
40
68
-65
-69
-32
-44
18
1
10
1
-26
2
-30
-55
-85
-113
-110
-103
-26
-2
-33
-23
0
41
76
94
49
14
35
38
14
-30
-31
-17
-18
-28
-80
-24
10
3
63
42
57
98
45
59
58
-64
-78
-1
28
58
58
-13
36
84
28
70
99
-4
-12
46
44
102
19
-22
59
93
135
83
30
-3
22
10
-50
19
41
12
27
54
57
-6
-35
-18
10
-5
-36
12
68
86
73
47
38
10
-35
31
24
-35
-16
-51
-39
-69
-58
56
-18
-80
-9
17
81
61
-36
4
79
63
21
29
46
26
-28
-21
59
30
-48
-45
-37
-6
-1
-39
-85
-118
-78
-147
-133
17
-21
35
6
-92
5
-84
-104
-19
-79
-52
-2
-34
-28
38
-13
-50
-21
-44
4
10
-18
-19
-50
-100
-97
-71
-124
-147
-161
-149
-54
-2
-8
5
-45
-21
103
5
16
116
41
26
-15
-30
36
5
-18
-64
-159
-96
3
4
-93
-158
-48
41
62
48
56
62
22
139
163
81
55
34
109
109
102
60
-7
14
24
22
39
18
0
39
-30
1
28
-42
43
77
22
80
125
51
62
80
95
72
28
41
55
114
6
-63
-16
-34
17
55
53
14
40
94
57
52
41
-7
-44
-43
-24
-63
-103
-84
-5
91
29
-63
0
-8
-48
-24
-43
-20
47
54
21
-14
-68
-92
-75
-13
-5
-95
-81
-74
-133
-113
-148
-77
-5
-78
-9
-4
-25
-14
-72
-43
-34
-9
32
52
50
-26
-49
-79
-86
-15
-25
-83
-97
-70
-95
-80
-54
-45
16
22
9
6
7
-31
5
29
-40
-19
37
20
21
37
52
36
-7
42
41
46
5
-41
36
9
-20
-20
6
33
26
44
36
73
61
-40
-64
18
87
45
-23
0
21
100
93
-18
52
68
14
6
18
25
-16
23
28
0
-22
-31
40
20
-2
6
-21
90
73
-18
45
82
137
129
59
33
52
52
-21
3
48
25
27
-15
-11
7
-34
-12
-53
-83
-88
-110
-32
-20
-45
-8
8
14
41
22
-4
-8
-60
-14
27
6
63
-16
-14
-12
-43
9
-20
29
-24
-66
-75
-24
15
-67
-26
-74
-47
-39
-154
-87
-96
-138
-53
-16
-65
-114
-105
-81
-60
32
53
1
47
4
-52
19
-7
-37
13
1
-42
-29
75
61
0
40
35
21
21
52
113
43
13
106
76
26
-29
-46
8
-17
-4
-2
-58
-27
-1
-47
-31
14
-20
-55
15
47
84
55
12
137
75
-31
23
77
133
116
63
77
59
26
11
70
126
11
-18
5
22
-8
-74
1
15
13
23
-33
-8
28
-6
-11
-4
-41
-53
-56
-69
-32
77
90
8
-60
-87
-96
-80
17
87
100
46
56
70
-14
2
7
4
42
20
20
58
30
-13
-50
-49
-17
-50
-60
-62
-50
-46
-77
-64
-28
7
-33
-53
-49
-60
33
13
-23
-13
-41
9
35
34
31
43
-82
-123
-28
-58
1
-31
-89
8
31
12
-44
-114
-99
-44
-25
-27
-10
-9
25
-11
-14
64
13
-2
1
21
79
109
63
23
58
86
65
3
-28
-85
-70
-50
-39
18
-5
58
54
-16
72
69
9
19
-73
-44
4
-34
91
82
49
43
12
95
38
-19
16
-13
-34
0
19
-13
16
112
62
57
99
58
89
25
10
9
-9
89
10
2
83
7
-10
-52
-108
-19
27
-10
-26
-73
-72
-54
-74
-74
-65
-31
-12
-9
23
22
-52
-43
-34
-82
-79
-30
33
1
16
79
86
74
30
62
26
-7
65
-3
-22
75
36
-84
-54
-21
-75
-4
-67
-171
-79
-68
-48
-35
-30
-28
-27
16
-82
-107
-58
-9
92
102
-19
-74
-40
-26
54
107
17
-53
49
97
-12
-43
41
58
29
13
12
0
-24
14
23
25
33
5
62
47
-68
-12
-6
-46
7
-10
-37
-54
-13
-49
-98
-8
3
-44
-55
-54
-49
32
17
-29
21
1
30
40
15
58
13
-40
9
80
60
2
48
131
73
42
72
38
77
7
-8
55
-38
-32
19
12
-21
-44
-38
-58
-35
-60
-50
1
-11
37
7
-24
-23
-70
-10
10
-29
-32
-23
-11
-93
-48
56
8
-16
-21
67
145
105
31
5
61
25
41
50
-1
-42
-69
43
11
-3
26
-19
56
19
0
3
-16
51
54
-15
-73
-55
-52
-66
-96
-53
-26
-46
69
15
-52
-20
-70
-29
-27
15
85
49
22
-19
-44
-73
-20
58
67
34
39
97
31
44
75
19
75
26
-39
5
-21
23
27
-56
-67
-104
-125
-87
-46
-40
-22
-57
-101
-53
-18
10
-29
-53
-37
-65
-56
-67
-64
-97
-55
41
68
158
68
-69
-44
-27
-21
35
50
10
18
35
35
36
33
6
69
22
-17
98
81
84
-5
-33
12
-106
-60
47
35
47
30
-85
-74
10
37
57
-57
-94
12
3
27
63
71
103
43
39
53
40
68
29
50
40
27
76
27
86
52
-2
90
108
102
-17
-15
61
42
64
72
30
-26
-14
-4
-23
-24
5
30
0
-56
-14
1
-85
-84
-38
-51
-93
-99
-32
19
-19
-18
-6
-95
-118
-61
-38
-56
-90
-72
-114
-52
34
-17
17
25
12
-22
18
68
14
13
-1
28
-9
-106
-75
-54
-50
-3
8
13
28
-21
-77
-70
-24
-1
7
-40
-50
34
-18
-66
-59
-81
-23
-31
-78
-16
23
41
32
-42
-34
16
18
15
48
81
110
136
140
124
139
115
26
75
76
61
114
73
128
112
46
139
81
-18
8
52
20
-101
-114
-51
-91
-119
-62
-1
-18
-50
-41
-50
-77
-70
17
11
31
58
-60
-41
33
15
-12
-17
38
54
43
29
23
36
-10
19
15
-41
-29
-49
-88
-98
-85
-17
-38
-175
-101
-8
-51
-52
-49
-41
-20
-38
-2
14
-73
3
42
-61
-23
-16
-61
-62
-32
-23
-22
-29
-62
6
24
30
56
27
84
89
13
36
115
106
24
32
64
63
62
56
76
110
169
123
83
106
46
26
-5
-46
34
25
-31
-1
-43
-1
59
-51
-19
96
64
40
112
110
51
21
-60
-71
-31
-15
-55
-50
60
117
89
15
-12
-37
-37
-102
-127
-6
-7
16
-5
-89
-27
-33
-108
-61
-5
-36
-53
-73
-32
-77
-116
-68
-115
-81
-40
-37
-51
-60
-98
-97
12
-50
-80
-36
-149
-94
-63
-169
-92
-28
-24
-59
-56
-59
-32
26
6
50
45
24
46
84
97
46
30
25
49
98
39
9
81
83
46
20
-19
-21
-35
-61
8
59
63
88
90
103
103
60
18
40
117
102
46
-12
-6
77
111
86
67
122
55
59
96
-2
27
32
25
31
-27
38
27
-13
32
1
36
31
-21
70
31
-31
-15
-117
-92
-48
-36
-9
8
57
7
13
-52
-84
-38
-112
-105
-86
-49
-46
-81
-56
-91
-117
-115
-101
-60
-92
-116
-61
-47
-84
6
41
-24
-11
0
7
0
-33
-18
29
-3
-14
-5
-7
48
12
-65
-52
-39
-32
-14
-66
-41
33
-18
-78
9
105
22
12
78
83
64
13
0
31
24
-45
-80
13
104
80
87
103
95
42
22
-12
-36
78
33
53
92
33
128
126
23
26
12
8
68
75
65
45
14
8
-9
39
55
-20
-54
-42
-53
-72
-95
-79
26
11
13
57
-18
-3
-22
-2
57
-82
-110
-58
-47
39
37
-38
-59
-53
-64
9
60
-4
30
22
-31
-9
-51
-49
38
9
-46
15
-43
-96
-34
-83
-85
-69
-54
14
-28
-63
-11
39
5
-43
-1
-17
-80
-16
3
-17
47
28
41
48
14
54
60
74
55
35
0
-47
53
87
70
46
19
95
147
110
65
17
55
78
-68
1
74
19
78
59
66
45
-15
-17
-19
-2
-57
-47
11
-3
-5
4
34
53
29
0
-64
-12
55
21
78
43
-27
-2
-46
8
116
61
0
-7
-33
-48
-17
-14
-95
-43
8
-65
-51
-69
-68
-17
-19
-31
-49
-126
-65
-18
-106
-63
-23
-12
-36
-53
55
114
34
-70
-100
15
23
-72
-2
-45
-84
93
78
32
61
15
24
20
55
17
-77
-12
53
10
91
71
-6
81
48
68
45
-27
38
-9
-14
101
78
-22
-26
5
103
137
24
54
16
-4
104
67
9
-37
-66
-17
-26
-16
22
7
18
-15
-17
38
40
5
-18
-79
-90
1
23
16
16
46
31
-42
8
57
-6
-73
-51
-11
3
12
-7
-45
-65
3
69
39
-23
-15
48
17
15
42
-17
-14
-28
-45
-46
-93
-78
-142
-83
31
-24
-40
-80
-21
60
49
24
-64
-20
47
46
71
63
102
107
36
28
23
70
54
-7
55
17
50
64
-36
-12
29
65
7
-39
-1
-34
-51
-47
-13
5
-32
-43
-9
72
22
11
91
-32
-78
-54
-29
78
51
-32
-70
-24
20
-5
-77
-50
47
37
71
60
-15
-9
-35
-69
-46
-44
-37
-16
-70
-32
-21
-65
63
79
-37
-88
-59
-60
-127
-87
-1
-36
-63
-17
-12
1
-9
-35
-39
-61
-82
-101
-129
-46
46
-32
-7
53
24
50
-27
-38
73
30
23
120
113
89
80
38
75
35
-41
61
54
10
-47
-74
14
-47
-51
4
-7
43
46
-6
31
74
38
22
25
6
56
-2
-86
11
-34
-44
56
29
23
29
20
44
77
20
-34
-7
1
35
37
2
42
-9
-2
113
25
-45
-53
-51
-2
-75
-47
28
-32
-8
-18
-80
-82
-71
-122
-126
-54
-65
-83
-117
-100
-47
-41
-55
-45
49
38
18
14
-57
-25
-34
-65
-15
46
28
-17
-48
-58
22
64
46
53
71
46
45
-12
-94
-79
-10
3
-52
-26
-36
0
-2
-101
-82
-85
-1
-28
-63
86
4
14
56
1
-20
-45
83
79
31
55
79
102
54
72
95
112
11
-73
29
18
8
40
75
84
14
11
5
-115
-103
24
-11
9
26
22
16
-78
-31
-16
-46
4
-51
-117
-48
-31
-72
-33
-10
28
74
2
-23
-14
-19
54
60
-26
73
90
-48
-38
-43
31
117
40
-52
-56
-18
-42
-42
-67
-63
-22
-44
-31
-67
-70
3
38
65
18
-82
-63
-47
-38
-6
-110
-54
-7
-1
86
-34
-5
77
40
61
6
49
152
50
17
18
-69
7
22
8
52
60
72
-17
34
91
3
25
10
-58
-41
45
66
-61
-62
7
-3
50
72
93
18
-74
-30
-60
-52
-35
-28
5
-20
37
64
-3
-5
-3
15
10
-11
24
19
29
27
-7
84
41
-85
-38
8
-28
-89
-98
-17
73
-12
-59
-73
-89
-6
-52
-40
-13
-42
14
54
1
-119
-154
-97
-46
6
12
-26
32
29
11
80
47
88
39
7
85
-33
30
87
-12
9
1
22
55
4
-109
-48
73
39
57
50
42
99
36
9
55
-1
55
103
45
22
-64
46
127
-31
-9
22
-28
1
24
3
38
18
-7
50
55
68
56
27
18
16
29
-6
18
50
51
79
52
71
66
-10
-19
-57
-101
-69
-70
-74
-20
45
43
-20
-14
47
45
-4
-27
-53
-132
-151
-117
-50
6
-61
-46
-1
-24
22
22
-37
-63
-11
10
-71
-66
-47
-95
-58
-13
39
22
-21
-32
-84
-36
-29
-76
-50
-26
-4
18
-12
-31
17
37
0
74
96
20
37
-14
-79
-73
-77
-22
-6
48
175
139
149
181
110
17
-46
-46
-40
-41
-21
14
21
113
200
214
209
136
74
72
30
-99
-155
-98
-14
-3
18
111
89
104
181
147
120
72
63
-16
-122
-38
-99
-142
-65
33
94
27
23
25
-32
-53
-64
-36
-42
-105
-57
-65
-138
-27
27
7
125
108
46
42
-32
-40
-80
-175
-126
-127
-175
-107
-92
-65
0
65
126
107
59
51
14
-99
-117
-81
-141
-88
-31
-40
21
-21
-18
-60
-134
-39
-33
-79
-75
-109
-121
-9
47
18
-2
15
47
22
69
179
154
52
-37
-17
39
-96
-111
-14
-23
10
57
23
13
119
191
156
132
129
53
-25
-77
5
12
-76
36
41
68
96
35
75
54
5
-33
-42
-31
-34
-5
34
11
97
159
104
79
74
170
58
-89
-54
-108
-90
-104
-149
-51
-36
7
53
18
63
54
24
24
-103
-196
-75
-60
-137
-124
-120
-40
28
-25
-54
0
-7
-54
-57
-99
-75
-2
-92
-140
-79
-25
68
107
131
148
111
81
-14
-49
-34
-121
-140
-176
-169
-52
4
54
91
158
180
86
2
39
37
-46
-12
-9
-78
-107
-54
18
59
84
64
101
60
5
13
4
5
-25
7
32
50
39
55
152
107
137
135
-13
2
-42
-131
-106
-114
-89
-69
-30
2
-10
109
151
139
99
23
9
-71
-67
-54
-77
-8
-32
-57
8
31
-17
10
41
12
30
-78
-109
-34
-71
-92
-95
-113
-48
3
-56
-15
62
59
-24
-100
-94
-140
-148
-124
-64
2
-21
-30
21
91
49
34
88
6
-38
26
-9
-124
-161
-72
22
-12
26
99
62
82
51
53
41
-75
-24
98
41
-36
-1
1
-13
4
78
126
83
108
130
79
80
32
5
16
19
86
56
33
60
54
68
107
138
91
74
11
-86
-95
-122
-100
-78
12
144
103
106
31
25
137
92
36
-49
-42
-70
-104
-45
-128
-104
-47
-48
60
5
0
46
-65
-35
7
-68
-95
-138
-139
-36
-6
16
-6
-70
-24
57
14
-18
-61
-130
-87
-71
-111
-144
-95
-47
-47
-5
-9
40
50
18
50
-59
-89
-71
-77
-102
-82
1
-49
39
73
37
101
65
29
42
-1
-94
-75
-43
-55
13
75
52
103
74
-3
0
77
155
91
61
22
-26
74
103
14
67
33
15
118
178
193
73
43
21
-11
39
14
-37
-34
11
16
58
33
17
109
78
80
74
9
56
40
-44
20
34
-82
-62
-64
-4
58
0
-44
-89
6
-5
25
24
-128
-73
-40
-8
-16
-62
-47
-51
8
-23
-68
-74
-93
-53
-82
-111
-84
-33
-16
-19
0
-35
-74
-141
-73
49
25
-16
-41
14
51
22
-20
-32
-48
-73
-9
16
31
35
-24
-27
13
27
23
30
52
-4
-20
-6
-52
23
53
91
63
3
79
70
56
41
42
29
-34
-25
-6
-30
-57
-1
69
112
85
18
1
-25
10
38
35
52
50
42
36
78
42
35
129
139
64
-44
-39
28
-7
-109
-65
-14
-39
58
31
-23
-18
12
65
33
13
-53
-42
-23
-21
40
-48
-119
-60
-32
-14
-21
-8
91
62
25
11
-60
-68
-49
-115
-171
-55
7
18
73
91
117
87
15
2
-66
-145
-100
-81
-92
-92
-83
-60
-18
23
39
29
-9
27
11
-23
34
-33
-67
-15
-36
-32
27
68
54
61
55
52
101
23
-70
-24
-52
-83
-1
57
77
142
158
55
13
-7
43
84
-38
-118
-69
35
15
-10
97
103
36
34
80
89
17
-22
-13
-43
-56
34
47
-31
-9
49
51
6
47
64
4
-43
-133
-87
-63
-81
-43
-43
39
79
52
100
113
44
20
22
-16
-54
-119
-160
-86
-39
-49
-24
-30
-16
55
86
21
-5
-4
-44
-37
-43
-30
-61
-122
-63
51
86
79
39
-57
-30
15
3
-49
-91
-74
-103
-101
-71
3
37
56
140
91
63
27
-67
-77
-88
-57
-15
6
49
27
