423
266
134
5
-70
-75
-93
-150
-265
-248
-141
49
199
236
318
248
13
-119
-206
-252
-243
-206
-148
-153
-92
71
270
345
269
95
-142
-225
-264
-236
-45
0
-22
32
139
213
198
204
61
-142
-247
-322
-201
-66
-78
65
165
185
273
255
344
243
-43
-216
-444
-496
-474
-330
-68
39
179
276
310
358
346
315
208
-59
-310
-428
-428
-213
28
143
202
176
146
150
85
26
-54
-173
-343
-487
-347
-94
176
386
484
481
330
176
11
-85
-77
-120
-212
-318
-287
-121
90
260
349
386
276
78
-64
-69
-45
-51
-89
-226
-188
-59
-31
137
212
166
101
-113
-309
-333
-208
-74
-10
38
58
54
130
258
345
330
138
-106
-290
-380
-297
-101
45
63
-18
-62
6
103
209
290
253
44
-165
-296
-242
-63
40
142
-25
-214
-211
-162
18
142
193
121
-71
-193
-187
-14
205
328
219
-37
-218
-277
-208
-48
105
130
2
-71
-97
8
202
243
239
64
-169
-315
-327
-158
25
174
133
-38
-103
-21
202
325
210
34
-164
-320
-353
-247
-11
189
205
135
77
11
51
181
251
164
-94
-339
-323
-113
125
337
414
258
49
-42
-51
60
63
-69
-282
-414
-325
-215
26
348
459
307
125
-41
-217
-199
-136
-131
-140
-265
-372
-171
117
252
407
329
15
-153
-204
-154
-104
-34
-12
-149
-215
-85
158
363
459
372
102
-221
-396
-406
-298
-114
-38
-38
27
156
304
434
426
227
-17
-240
-409
-370
-166
-120
-21
75
-6
69
122
243
383
289
98
-119
-323
-362
-156
64
194
210
168
209
199
220
280
130
-75
-262
-389
-370
-242
56
252
222
138
13
25
93
105
135
43
-75
-152
-184
-96
8
75
6
-97
-149
-182
-104
-13
-44
-89
-76
-105
-4
169
328
480
319
69
-32
-161
-192
-187
-213
-235
-302
-212
-61
8
63
150
161
75
-3
-66
-46
9
31
-2
-58
-91
-72
19
173
220
107
-45
-191
-265
-224
-90
-78
-11
105
137
175
179
260
203
110
-33
-273
-231
-227
-251
-181
-104
20
91
104
85
218
215
114
43
-125
-182
-173
-157
-44
128
99
58
133
70
17
9
-52
-104
-151
-121
-39
9
83
144
88
5
41
36
27
113
71
-61
-48
-6
-78
-99
26
135
102
112
87
32
27
-7
33
-11
-67
18
27
37
53
-56
-93
-52
-42
-58
-101
-22
10
-49
6
17
-14
7
24
64
55
0
-57
-139
-135
-49
21
86
199
208
127
55
-2
-18
-81
-163
-159
-158
-201
3
117
82
227
149
14
8
-75
-124
-149
-156
-44
-11
-51
10
59
76
77
56
56
36
-58
-122
-143
-193
-141
-33
58
58
27
80
152
157
104
153
62
-54
-23
-5
143
236
157
60
-51
-132
-142
-105
-97
-78
-110
-154
-78
76
247
332
327
202
144
9
-181
-223
-343
-333
-346
-432
-295
-66
122
240
243
220
157
32
-59
-48
-30
-103
-131
-201
-213
-74
26
145
178
150
104
-152
-214
-115
-60
-39
-115
-57
-32
-10
120
233
253
139
35
-110
-201
-149
-133
-28
31
-68
-54
11
82
137
192
222
124
43
4
-47
-62
-4
-7
-72
-33
7
8
75
41
10
10
-110
-119
-107
2
225
254
174
38
-42
-27
7
43
23
-71
-142
-134
-107
19
126
112
110
96
34
23
41
23
-29
-114
-127
-93
-54
-50
76
248
158
90
7
-163
-202
-174
-68
4
-26
-74
-107
4
189
104
-20
-32
-114
-77
-86
-96
-36
-60
61
196
170
163
154
117
139
54
-153
-178
-202
-223
-82
-93
-2
151
182
232
223
169
111
108
-22
-138
-167
-231
-181
-113
-55
21
102
27
-25
56
37
46
3
-78
-7
-35
-8
111
63
140
138
40
31
-195
-267
-127
-189
-219
-110
-74
35
170
198
258
235
197
76
-66
-72
-121
-124
-167
-162
-118
-133
17
103
144
214
114
9
-92
-136
-109
-133
-59
16
27
112
107
74
148
176
104
-4
-3
-32
-116
-176
-110
-6
-141
-122
6
94
140
175
220
150
98
-42
-62
45
52
21
-33
-40
-28
-47
-99
-75
-35
-94
-75
5
20
19
83
160
109
30
48
-13
4
13
-120
-77
-101
-186
-114
-57
-67
-75
-16
62
115
172
183
132
86
-15
-71
-67
-131
-162
-158
-108
-42
-32
19
70
121
192
147
107
128
-22
-97
-103
-152
-127
-80
-22
-36
14
94
119
77
31
40
41
64
-4
11
93
43
33
13
27
66
26
7
-20
-82
-150
-145
-123
-49
8
55
81
26
77
74
43
5
-61
-37
-28
-20
0
-8
-32
-16
17
31
-27
-59
-17
-21
-23
-51
-77
-41
43
87
169
151
53
107
-17
-163
-213
-204
-166
-119
0
9
9
1
90
199
132
113
78
-32
-113
-148
-47
66
73
109
142
127
36
17
44
-63
-135
-194
-276
-249
-150
22
164
186
301
237
130
193
113
51
29
-7
-68
-98
-101
-53
73
76
47
16
1
-31
-71
-100
-162
-154
-128
-55
-94
-49
176
188
158
135
44
12
-8
-79
-86
-101
-202
-136
-163
-204
-7
34
64
104
69
71
76
154
144
-9
-18
-2
-50
-76
-64
68
105
6
-80
-114
-100
-126
-80
36
68
20
-22
57
194
243
196
111
29
-66
-113
-123
-87
-45
-50
-40
-92
-139
-85
26
92
77
69
59
39
46
71
99
118
158
104
-32
16
90
41
20
60
-13
-151
-179
-117
4
7
-3
84
71
124
130
58
76
-20
-77
-68
-34
38
67
54
-5
2
-73
-236
-226
-209
-120
36
-56
-67
8
-7
112
145
100
148
112
-34
-122
-120
-54
-25
-84
-60
-6
-27
-51
-16
9
16
-63
-114
-64
-87
-10
22
32
98
55
54
25
32
36
-81
-83
-54
-99
-126
-76
35
100
111
73
28
17
5
65
109
63
26
19
65
69
24
79
62
-25
-4
19
46
9
-42
-43
-33
13
47
61
24
20
64
68
69
58
27
-33
-68
-8
-14
-113
-166
-111
-17
-65
-32
87
62
-5
-46
57
131
72
17
-8
-43
-57
23
-47
-155
-78
-30
-57
-56
6
18
64
84
-9
-3
-46
-46
-31
-85
-40
-27
9
18
-31
41
106
60
21
-26
-74
-48
61
47
38
116
20
45
63
-12
3
1
19
-47
-81
-10
63
116
118
222
208
120
142
36
28
12
-94
-85
-136
-143
-96
-77
-13
-47
-79
-1
43
112
98
27
1
-14
-92
-121
-49
-19
50
0
-52
-18
12
72
-31
-13
33
-70
-41
-60
-90
-91
-13
74
57
124
33
21
37
-121
-107
-112
-147
-135
-87
-12
12
6
39
23
21
70
27
48
35
-47
-139
-79
48
31
97
46
-30
67
57
1
-5
20
60
23
-40
8
75
9
40
68
-29
21
-36
-65
-32
-134
-47
-13
0
149
156
105
64
67
89
3
-18
-61
-130
-96
-122
-66
1
67
128
82
106
15
-67
37
37
-60
-18
-14
-47
-19
11
184
186
44
64
66
50
35
-83
-135
-95
-79
-3
68
115
75
34
70
54
-69
-105
-44
-143
-125
-55
-55
-22
43
181
161
55
42
92
1
-95
-53
-73
-86
-79
11
72
125
128
26
-41
-115
-72
-104
-156
-34
6
27
70
-8
-51
-28
32
51
-100
-98
-37
-90
-72
-81
-1
42
75
154
116
175
117
-8
-98
-190
-166
-110
-44
23
80
45
27
46
12
-23
-69
-47
-20
-35
-64
-121
-25
29
27
95
48
41
37
-46
-60
-45
-27
-6
-52
-10
58
0
-52
-86
-75
-65
-67
-21
-33
-34
-23
-40
-24
-26
56
92
26
-1
-1
0
-23
-11
-67
-78
-58
-52
-13
-30
84
101
13
-6
-39
5
-26
11
113
117
151
61
49
82
16
57
48
-8
-49
-86
-63
5
17
42
97
79
35
-2
-43
-105
-70
-4
-13
0
-31
-91
-60
-53
-66
-42
-111
-53
-26
-103
27
43
83
137
33
98
145
88
135
121
15
40
45
-6
-53
-108
-75
-23
21
30
-9
11
49
19
-93
-56
70
34
105
176
115
35
-54
-65
2
26
0
-42
-92
-156
-220
-112
4
46
98
79
50
-6
-88
-35
22
-27
-40
-83
-87
-1
-23
-16
21
15
68
40
-33
6
29
-25
-41
-61
-70
8
60
130
140
71
60
35
-3
-127
-191
-107
-117
-166
-65
27
80
105
116
184
125
104
31
-97
-96
-106
-76
-47
5
98
112
108
76
22
75
0
-134
-87
-114
-73
-47
-122
25
108
94
142
149
163
78
-61
-108
-150
-158
-121
-89
14
-3
3
112
76
173
178
53
52
-82
-153
-104
-101
-70
-48
45
144
99
125
140
9
-54
-89
-114
-165
-207
-140
-72
35
127
103
74
22
-47
-39
-54
-111
-129
-59
-75
-135
-55
-26
57
120
65
82
37
-12
20
-50
-101
-151
-176
-51
-14
37
137
149
143
133
43
6
-2
-54
-29
-40
-93
-64
-14
11
115
80
0
8
-30
-12
-39
-96
70
224
92
71
154
152
174
134
90
-12
-146
-158
-60
-41
-94
-66
-14
68
98
55
92
126
146
132
25
-6
-1
1
6
-21
-31
-53
-104
-104
41
88
59
112
33
-43
-77
-31
21
10
78
64
11
-5
-9
-24
-50
-44
-65
-56
-61
-92
-80
-131
-41
65
-67
-30
58
54
37
-20
-31
-52
-38
-46
-103
-170
-159
-57
10
-2
-26
29
74
83
3
-37
16
-47
-28
80
58
37
44
34
70
65
25
11
-49
-10
14
-84
8
104
55
59
31
-1
71
100
83
59
-47
-105
-56
-33
-78
-52
-3
0
111
101
73
72
-26
-20
-26
-33
-19
-50
-23
-5
-12
47
30
-14
-31
-93
-43
-40
-24
28
-90
-52
38
14
41
9
-7
17
17
-10
-44
-6
-32
-97
-72
-7
47
37
19
49
66
51
20
-16
-58
-46
-9
-31
-5
9
-18
-49
-69
10
72
69
50
48
-27
-34
34
57
68
-18
22
58
18
-4
-29
36
-22
-66
21
51
51
44
10
10
8
-12
51
31
-33
35
54
-9
-42
-59
-106
-94
-70
-60
2
9
15
-65
-100
33
87
62
73
84
-3
-49
-41
-61
-104
-109
-75
-130
-46
6
-11
84
2
32
73
-102
-49
-12
-18
33
-55
-65
46
34
-75
-28
-8
-49
-80
-141
-108
-71
-12
111
130
76
136
155
116
64
16
22
-2
-23
-37
-32
20
17
-27
26
-5
-33
57
49
16
-38
-59
-17
-13
-39
1
53
8
-59
-3
86
8
-94
-118
-71
-103
-165
-69
-45
-8
126
84
24
91
51
-18
-13
-16
-22
-65
-30
35
-26
-49
-22
43
85
87
9
-53
21
-5
21
-16
-105
-13
-27
-10
70
-9
33
89
-9
37
54
13
15
-21
10
19
-22
-12
23
69
-23
-26
47
-32
4
21
-10
63
9
-97
-10
128
125
87
102
117
74
14
-23
-25
-60
-101
-56
-72
-8
113
71
87
141
55
41
38
-43
-32
-38
-48
-40
-16
2
2
11
65
98
20
-34
-84
-126
-152
-124
-54
-98
-94
25
64
132
162
70
30
14
12
-52
-39
3
-132
-104
12
13
-5
39
55
-41
-14
13
-39
-63
-115
1
33
-66
18
37
61
26
-34
-23
-95
-93
-124
-134
-72
-69
-42
-7
1
-12
22
47
0
-43
-112
-70
4
-62
-75
-11
-42
-58
-75
-91
-72
-63
-29
-111
-128
-53
-7
-1
-28
40
84
100
72
-27
-109
-109
-52
-26
-45
-59
15
86
72
48
68
122
160
79
10
63
106
114
101
147
201
173
152
88
43
122
103
82
93
53
101
118
117
101
110
92
84
170
154
90
32
52
98
52
31
71
77
101
172
193
145
75
79
74
57
39
19
31
27
82
54
31
142
155
96
41
6
-1
0
-17
-115
-102
0
-50
-72
-52
-75
-20
-41
-47
8
-115
-179
-84
-73
-150
-149
-81
-68
-51
-41
-26
-19
-53
-69
-96
-166
-209
-238
-309
-262
-162
-143
-125
-119
-143
-120
-85
-149
-231
-276
-262
-291
-279
-202
-209
-170
-177
-253
-259
-223
-234
-270
-277
-263
-268
-219
-139
-176
-146
-168
-229
-199
-107
-48
-151
-218
-191
-175
-215
-186
-123
-96
-44
-32
-8
8
49
142
44
-25
67
43
99
233
232
208
227
295
348
320
280
284
292
296
273
313
432
453
471
507
521
537
482
434
458
422
366
448
523
506
544
495
363
411
459
444
512
473
382
337
259
209
262
323
296
321
267
208
241
211
269
246
111
118
106
100
102
92
112
62
-5
-24
53
33
-49
-100
-185
-166
-137
-145
-195
-244
-171
-176
-258
-224
-191
-273
-336
-326
-287
-275
-421
-536
-509
-424
-360
-289
-252
-375
-426
-411
-354
-258
-258
-300
-349
-344
-314
-222
-115
-87
-88
-197
-339
-333
-95
5
-103
-164
-245
-332
-306
-180
-18
48
-124
-288
-347
-246
-107
-6
-27
-352
-674
-737
-532
-321
-235
-351
-666
-1040
-1182
-992
-707
-499
-642
-975
-1281
-1339
-1098
-792
-533
-707
-1081
-1301
-1202
-786
-470
-254
-346
-655
-853
-795
-359
76
211
52
-218
-326
-89
411
848
996
827
525
525
783
1169
1528
1446
1103
922
920
1242
1670
1806
1830
1623
1330
1354
1517
1746
1886
1715
1439
1202
1213
1429
1652
1718
1477
1177
997
940
981
1083
1063
840
517
262
261
389
459
396
230
-16
-212
-218
-154
-181
-246
-390
-609
-720
-680
-548
-496
-530
-681
-876
-915
-861
-815
-793
-794
-848
-886
-915
-957
-913
-830
-858
-853
-795
-846
-879
-863
-740
-614
-603
-597
-649
-666
-621
-498
-353
-371
-352
-359
-389
-303
-210
-38
46
-38
-63
-63
-58
122
190
159
163
40
47
69
87
261
257
95
-87
-143
5
180
336
290
52
-87
-113
-52
150
299
226
-28
-235
-202
-122
108
322
167
-105
-403
-421
-147
110
260
108
-184
-357
-241
85
345
350
132
-48
-135
-41
361
632
569
323
-30
-128
58
372
545
304
-99
-383
-417
-126
198
232
-52
-496
-802
-797
-489
-203
-251
-594
-1082
-1367
-1227
-872
-508
-457
-812
-1136
-1206
-838
-295
-1
-11
-325
-636
-733
-356
165
428
380
27
-92
91
481
1028
1294
1072
701
545
708
1065
1407
1523
1235
904
946
1173
1507
1813
1766
1545
1238
1095
1335
1607
1757
1622
1211
938
846
927
1164
1224
1079
789
480
392
428
462
385
191
-47
-267
-366
-311
-228
-259
-386
-579
-734
-766
-728
-683
-720
-909
-1137
-1192
-1133
-1115
-1115
-1098
-1141
-1261
-1213
-1168
-1218
-1203
-1179
-1151
-1264
-1336
-1267
-1266
-1232
-1276
-1370
-1300
-1173
-1063
-985
-956
-924
-853
-716
-554
-512
-419
-278
-286
-197
-13
103
245
336
397
470
475
562
800
888
914
947
895
974
1062
1148
1244
1272
1241
1086
1030
1065
1132
1201
1062
905
837
741
755
867
1021
1036
789
570
444
452
543
554
511
273
-59
-113
22
227
366
328
70
-217
-214
-86
168
326
169
-107
-344
-330
-39
402
559
328
36
-210
-292
-94
248
263
-60
-512
-902
-897
-552
-232
-297
-643
-1126
-1463
-1385
-1131
-984
-1077
-1515
-2134
-2467
-2309
-1788
-1364
-1334
-1640
-2061
-2166
-1851
-1297
-835
-812
-1151
-1544
-1628
-1199
-623
-255
-247
-542
-741
-645
-20
636
865
828
482
303
505
975
1471
1604
1430
1146
972
1160
1660
2078
2246
2069
1628
1417
1609
1967
2237
2199
1863
1478
1262
1350
1585
1678
1579
1281
914
763
822
993
1142
992
686
360
121
235
403
411
345
116
-80
-164
-125
57
86
-2
-120
-342
-442
-448
-455
-418
-496
-657
-858
-930
-869
-866
-808
-863
-1078
-1131
-1162
-1272
-1282
-1282
-1331
-1419
-1455
-1457
-1485
-1400
-1274
-1164
-1077
-1043
-975
-933
-849
-685
-649
-621
-553
-552
-465
-281
-133
-8
21
56
153
216
325
425
457
494
573
677
803
819
804
818
767
829
854
867
927
909
921
922
999
1062
1016
894
736
669
680
752
699
560
411
273
328
461
598
660
535
322
195
149
302
480
343
162
-69
-206
60
368
567
523
188
-124
-255
-95
129
169
-117
-693
-1120
-1089
-733
-354
-197
-546
-1195
-1636
-1692
-1317
-876
-922
-1540
-2310
-2692
-2536
-1875
-1314
-1309
-1789
-2503
-2644
-2149
-1389
-693
-732
-1342
-1912
-2036
-1437
-551
11
-66
-679
-1262
-1167
-295
714
1220
928
291
-76
170
970
1730
2088
1757
984
531
728
1472
2271
2461
2033
1461
1115
1441
2235
2752
2751
2208
1466
1158
1418
1965
2362
2164
1596
1082
873
1231
1678
1860
1712
1146
726
697
864
1113
1149
920
537
214
199
356
541
596
357
135
-46
-175
-137
-125
-194
-389
-679
-904
-970
-993
-1009
-1046
-1144
-1179
-1258
-1303
-1300
-1482
-1557
-1463
-1450
-1588
-1793
-1885
-1879
-1761
-1609
-1421
-1316
-1395
-1298
-1158
-995
-814
-805
-782
-896
-1053
-898
-616
-313
-116
-83
-129
-107
159
418
600
622
454
315
276
326
544
794
761
661
644
662
731
898
1055
1007
862
775
750
802
870
785
692
642
539
490
463
378
355
398
474
496
367
153
17
121
305
450
411
153
-134
-272
-114
216
520
569
238
-204
-362
-125
344
621
297
-463
-1242
-1494
-990
-280
91
-166
-1070
-1941
-2035
-1316
-444
-166
-734
-1890
-2837
-2849
-1962
-875
-439
-1043
-2168
-2807
-2345
-1041
114
325
-499
-1670
-2184
-1628
-340
721
827
-63
-1217
-1542
-675
825
1834
1689
635
-422
-584
251
1522
2292
1869
645
-209
-90
908
2202
2740
2276
1325
578
793
1787
2658
2789
2158
1148
577
928
1642
2334
2443
1705
919
576
893
1616
1993
1786
1155
485
337
671
1084
1263
1033
498
19
14
369
686
674
294
-152
-387
-278
32
174
-32
-381
-736
-933
-821
-665
-690
-855
-1055
-1217
-1238
-1163
-1147
-1273
-1458
-1679
-1846
-1870
-1821
-1789
-1923
-2046
-1991
-1729
-1477
-1434
-1432
-1366
-1280
-1148
-976
-880
-822
-862
-917
-749
-494
-291
-165
-77
3
103
305
470
538
501
382
347
453
675
790
819
817
782
794
831
952
1029
990
900
861
925
1099
1241
1201
1015
721
554
549
732
964
879
700
586
559
827
1128
1149
1013
685
365
378
562
669
535
213
-146
-309
-26
384
616
571
135
-236
-258
-37
184
58
-476
-1220
-1699
-1586
-881
-173
-77
-462
-1102
-1592
-1478
-951
-600
-912
-1881
-2992
-3383
-2845
-1923
-1166
-1106
-1744
-2367
-2359
-1581
-512
-36
-483
-1512
-2438
-2456
-1549
-502
69
-191
-961
-1417
-1021
94
1269
1699
1081
55
-525
-158
947
1954
2188
1589
616
263
912
2091
3057
3079
2297
1351
915
1257
1979
2440
2170
1308
429
196
747
1619
2186
2060
1511
936
776
1042
1362
1608
1324
720
280
153
488
1024
1323
1131
768
322
-33
-68
-120
-127
-208
-456
-664
-827
-804
-620
-444
-408
-558
-771
-927
-955
-816
-564
-411
-435
-680
-1087
-1392
-1394
-1180
-841
-640
-791
-1031
-1221
-1026
-614
-457
-600
-1047
-1471
-1591
-1303
-747
-273
-110
-293
-431
-281
43
426
639
443
105
-165
-127
314
773
976
811
625
446
329
511
615
547
332
32
-147
-69
290
573
681
684
625
668
731
800
770
576
485
391
248
177
30
14
197
334
472
561
503
346
237
274
363
411
159
-400
-837
-813
-405
152
720
844
575
425
320
429
644
234
-973
-2435
-3542
-3899
-3233
-1967
-1046
-905
-1334
-1900
-2010
-1536
-990
-877
-1341
-2115
-2461
-1909
-837
264
660
-21
-1189
-2006
-1887
-810
493
1156
975
139
-667
-998
-905
-585
-631
-1030
-1235
-830
489
2199
3589
4151
3592
2439
1376
952
1242
1686
1876
1684
1359
1262
1450
1593
1541
1109
232
-456
-683
-275
620
1411
1938
1968
1502
991
645
628
829
993
1098
1248
1436
1576
1662
1522
1088
401
-250
-630
-616
-143
546
1186
1551
1505
1030
377
-177
-516
-585
-509
-335
-77
131
350
416
257
-38
-598
-1266
-1761
-1901
-1668
-1178
-827
-900
-1309
-1841
-2106
-1976
-1610
-1300
-1203
-1122
-1012
-965
-779
-554
-596
-913
-1375
-1502
-1259
-755
-28
292
97
-227
-447
-483
-338
-108
38
-36
-158
-28
227
476
563
433
117
-181
-168
87
458
631
591
380
38
-151
-126
110
339
576
892
1204
1514
1646
1509
1096
528
-86
-542
-541
-271
212
836
1249
1428
1324
785
59
-419
-616
-647
-503
-322
-293
-259
12
545
980
950
688
475
430
706
1173
1220
367
-1220
-2914
-4230
-4645
-3995
-2813
-1777
-1458
-1544
-1526
-1069
-270
164
-76
-1001
-2052
-2334
-1612
-478
481
678
-72
-995
-1445
-999
239
1323
1493
773
-356
-1178
-1276
-764
-167
-62
-400
-601
-74
1141
2586
3706
3869
3007
1848
1104
1101
1679
2062
1900
1252
375
-165
-173
246
650
579
147
-219
-149
381
1139
1737
1823
1440
951
735
918
1433
1967
2085
1817
1245
650
455
418
358
62
-462
-771
-782
-264
516
982
1186
933
396
-95
-471
-542
-517
-584
-728
-703
-541
-451
-298
-373
-690
-900
-1155
-1128
-753
-550
-535
-807
-1307
-1883
-2338
-2484
-2378
-2056
-1585
-968
-500
-147
-6
-214
-548
-1006
-1211
-1171
-805
-118
391
717
702
457
257
44
5
-121
-222
-8
182
521
898
987
792
281
-226
-464
-375
109
681
1256
1580
1409
1061
526
-59
-543
-868
-911
-770
-345
335
999
1288
1210
823
126
-461
-804
-678
-135
682
1615
2195
2299
1925
1188
231
-508
-891
-1041
-932
-780
-675
-538
-311
-39
252
449
433
441
753
1363
2025
2144
1218
-605
-2633
-4161
-4726
-4087
-2805
-1716
-1185
-1315
-1598
-1620
-1338
-905
-999
-1537
-2001
-2087
-1303
-181
473
545
-126
-1024
-1279
-630
653
1765
1974
1153
-303
-1768
-2625
-2644
-2243
-1890
-1558
-1063
-63
1412
2766
3601
3597
2770
1778
1233
1492
2205
2693
2707
1956
879
35
-394
-367
-284
-173
-119
2
488
1106
1720
2152
2020
1428
855
680
941
1433
2008
2315
2223
1845
1243
714
283
-6
-224
-358
-134
303
904
1495
1800
1713
1093
156
-681
-1227
-1399
-1194
-828
-427
-110
-27
-94
-161
-284
-579
-780
-939
-912
-571
-301
-117
-325
-927
-1649
-2272
-2595
-2557
-2145
-1617
-1043
-596
-408
-298
-439
-739
-898
-1051
-1060
-593
79
642
1021
905
407
-187
-725
-948
-887
-615
-165
267
596
745
781
629
101
-502
-936
-1056
-639
164
1011
1613
1646
1152
367
-432
-791
-794
-535
-41
398
987
1480
1551
1318
649
-202
-893
-1191
-894
-2
1194
2222
2625
2415
1732
514
-569
-1146
-1416
-1422
-1202
-800
-395
-36
269
469
529
489
536
806
1319
1919
2161
1675
496
-1135
-2774
-3969
-4507
-4292
-3573
-2546
-1581
-1055
-895
-1115
-1289
-1381
-1691
-1910
-1976
-1736
-1041
-244
329
567
438
104
-118
-41
402
977
1311
1108
321
-808
-1850
-2315
-2277
-1869
-1231
-528
266
1150
2040
2874
3493
3506
3107
2644
2286
2108
2128
2173
1752
952
-16
-838
-1007
-737
-137
530
799
977
1104
1218
1439
1581
1561
1344
1059
975
1168
1518
1894
2009
1605
838
111
-422
-596
-400
-70
318
630
914
1151
1196
1115
938
526
-40
-399
-716
-1020
-1100
-1247
-1453
-1498
-1376
-1132
-909
-737
-499
-358
-295
-225
-391
-747
-1048
-1282
-1477
-1801
-2066
-2109
-2178
-2141
-1979
-1729
-1351
-942
-602
-412
-303
-176
-90
-102
-24
116
182
226
363
477
511
718
938
886
704
600
481
285
29
-193
-420
-654
-688
-481
60
657
1111
1499
1619
1478
1057
431
-34
-402
-434
-147
147
407
443
352
104
-85
-182
-232
113
580
1108
1678
1930
1865
1414
761
122
-438
-697
-688
-593
-451
-392
-399
-275
77
637
1025
1320
1373
1081
859
367
-408
-1197
-1874
-2270
-2558
-2458
-1950
-1681
-1652
-1972
-2561
-2824
-2598
-1958
-1330
-985
-914
-1160
-1415
-1586
-1732
-1590
-1222
-650
105
856
1562
1790
1374
409
-930
-2079
-2527
-2205
-1377
-233
722
1256
1594
1723
1634
1526
1568
1857
2421
2969
3452
3602
3048
2032
785
-253
-757
-749
-418
74
521
783
896
809
735
593
463
564
785
1416
2214
2650
2647
2050
1182
392
-253
-611
-593
-372
-124
103
260
578
876
959
997
936
944
1087
1247
1304
925
134
-884
-1918
-2625
-2775
-2336
-1588
-772
-184
-8
-35
-322
-692
-896
-1073
-1049
-981
-872
-684
-679
-742
-956
-1432
-1981
-2338
-2336
-2012
-1382
-584
-70
55
-17
-234
-259
-22
260
677
929
976
1097
1095
1044
902
539
123
-187
-372
-314
62
339
402
266
-55
-217
-165
262
900
1353
1525
1385
1093
857
711
569
446
264
153
90
-86
-105
-108
-82
87
32
-18
119
150
132
174
316
564
844
1190
1458
1471
1186
552
-181
-670
-969
-956
-451
200
659
757
347
-555
-1655
-2511
-2758
-2449
-1943
-1284
-619
-297
-484
-1213
-2115
-2856
-3218
-2907
-2147
-1264
-482
-216
-374
-954
-1927
-2698
-2915
-2385
-1300
-76
1025
1603
1441
750
-406
-1501
-2003
-1919
-1010
222
1326
2140
2289
1919
1132
439
308
645
1470
2524
3443
3881
3419
2268
980
-136
-743
-672
-114
748
1629
1962
1652
1092
412
-87
-160
181
907
1749
2537
2942
2751
2121
1220
348
-261
-525
-397
105
575
714
584
215
-122
-180
29
417
985
1579
1886
1893
1522
820
1
-877
-1628
-1999
-2008
-1646
-906
-326
-38
-39
-485
-927
-1271
-1416
-1224
-912
-502
-234
-339
-674
-1151
-1620
-1763
-1646
-1372
-997
-829
-798
-920
-1267
-1442
-1492
-1312
-752
-16
842
1478
1792
1758
1336
779
347
158
105
299
600
776
800
481
18
-463
-921
-924
-710
-371
241
704
921
792
469
153
-124
-210
-62
303
673
935
1052
821
310
-254
-727
-920
-789
-424
-44
109
-35
-396
-772
-894
-588
38
820
1432
1642
1497
1113
648
258
162
290
435
399
90
-451
-1199
-1913
-2394
-2516
-2202
-1547
-903
-554
-582
-950
-1462
-1970
-2094
-1794
-1392
-942
-626
-643
-911
-1392
-1863
-1979
-1738
-1136
-272
629
1179
1179
756
-93
-1018
-1672
-1848
-1361
-437
585
1438
1925
1975
1609
1159
945
1108
1696
2329
2938
3324
3099
2394
1402
560
-26
-201
176
697
1214
1430
1223
705
-3
-490
-510
-98
740
1585
2144
2319
2120
1755
1095
672
467
245
354
447
421
340
68
-292
-627
-747
-513
36
685
1127
1349
1242
824
337
-122
-430
-643
-701
-639
-508
-353
-266
-336
-688
-1026
-1274
-1251
-998
-733
-422
-388
-649
-1064
-1460
-1672
-1672
-1403
-1066
-727
-446
-328
-305
-437
-844
-1183
-1326
-1458
-1231
-742
-238
282
567
663
600
495
589
668
681
678
569
382
183
62
-67
-242
-304
-277
-136
115
262
302
236
51
-141
-206
-216
-151
261
594
736
753
544
345
51
-76
15
112
321
479
361
-4
-410
-722
-936
-945
-663
-335
122
645
986
1312
1494
1550
1533
1367
1030
516
-81
-829
-1660
-2320
-2669
-2587
-2145
-1520
-1035
-827
-848
-1171
-1371
-1214
-910
-562
-310
-320
-647
-1132
-1478
-1680
-1675
-1327
-893
-490
-83
175
157
-137
-664
-1167
-1375
-1256
-750
-135
433
924
1017
956
905
1024
1448
1896
2416
2760
2797
2584
2122
1738
1333
913
648
563
788
1118
1210
992
560
15
-526
-814
-671
-122
655
1253
1566
1547
1169
885
772
832
1088
1316
1450
1252
833
357
-279
-747
-1012
-916
-324
367
963
1292
1270
849
279
-114
-337
-229
75
265
318
0
-540
-898
-1039
-939
-652
-392
-198
-194
-342
-597
-993
-1244
-1496
-1617
-1552
-1532
-1308
-1106
-1121
-1148
-1068
-906
-763
-622
-526
-498
-515
-582
-664
-782
-739
-530
-337
-29
273
505
770
931
937
899
935
942
850
765
565
350
171
-33
-78
-41
41
218
480
754
937
934
742
405
68
-125
-125
121
455
836
1073
1085
849
374
-53
-462
-654
-681
-615
-369
-214
-134
-58
-119
-212
-66
222
650
1140
1526
1714
1411
758
-139
-1164
-2021
-2675
-2908
-2662
-2193
-1647
-1316
-1443
-1892
-2436
-2708
-2434
-1772
-952
-372
-213
-468
-1069
-1607
-1850
-1800
-1362
-671
61
629
831
769
208
-753
-1576
-1993
-1714
-958
-53
712
1023
947
692
658
871
1385
2181
2868
3319
3278
2953
2551
2053
1741
1583
1524
1671
1905
2048
2045
1694
1062
341
-400
-814
-871
-512
113
603
938
910
626
413
447
705
1061
1554
1837
1787
1525
890
130
-489
-919
-1026
-737
-294
134
412
323
153
-121
-582
-922
-1014
-754
-299
83
164
-194
-651
-812
-715
-352
176
461
532
276
-382
-1099
-1733
-2047
-2057
-1891
-1474
-1083
-776
-639
-800
-952
-989
-833
-477
-13
537
993
995
632
234
-358
-878
-831
-400
164
636
902
945
655
364
125
-86
68
475
874
1137
1277
1329
1137
791
568
476
450
525
677
783
776
509
-48
-541
-818
-978
-779
-286
71
341
355
115
-151
-448
-531
-445
-293
-156
-121
-220
-409
-568
-661
-519
-179
180
541
842
912
574
-30
-689
-1415
-2078
-2462
-2516
-2212
-1821
-1594
-1580
-1828
-2119
-2383
-2251
-1612
-935
-441
-272
-374
-768
-1275
-1510
-1507
-1202
-706
-251
251
556
557
321
-118
-554
-828
-766
-356
116
509
765
744
497
510
935
1545
2246
2758
3007
2975
2679
2328
2117
2004
1995
2105
2085
2153
2189
1945
1647
1284
943
825
699
530
441
272
-30
-305
-376
-295
17
351
661
1033
1188
1140
865
556
273
67
126
221
250
301
213
-6
-153
-332
-527
-652
-724
-717
-690
-745
-843
-933
-945
-856
-714
-583
-355
73
376
532
512
179
-133
-379
-644
-848
-1000
-1090
-1255
-1435
-1579
-1697
-1608
-1484
-1219
-668
-205
101
250
230
167
-82
-252
-171
123
581
767
759
732
575
340
172
21
-120
-119
-32
90
156
124
-30
-222
-302
-270
39
562
1048
1361
1391
1098
622
261
76
-34
-107
-233
-330
-355
-347
-255
-315
-473
-694
-1028
-1203
-960
-465
-5
347
287
-3
-280
-388
-144
155
451
526
295
-61
-358
-612
-979
-1283
-1727
-2143
-2290
-2113
-1565
-1144
-1128
-1513
-1977
-2106
-1760
-1048
-379
-16
-123
-620
-1142
-1442
-1250
-703
-148
224
317
190
26
-59
-240
-479
-666
-655
-418
43
620
859
900
781
540
631
1096
1841
2586
3057
3118
2781
2361
1998
1778
1788
1926
2042
2052
1974
1726
1333
960
566
232
185
236
268
416
484
450
384
255
208
195
382
648
728
797
813
703
496
252
-16
-106
-55
-57
-16
-155
-314
-490
-776
-936
-1011
-1002
-949
-984
-984
-825
-698
-743
-819
-688
-497
-196
246
500
609
520
246
-64
-270
-388
-496
-487
-579
-765
-902
-1070
-1285
-1441
-1390
-1164
-827
-486
-199
-29
-34
-174
-273
-143
139
529
864
1104
1060
621
271
98
45
37
45
101
-4
-122
-265
-463
-512
-520
-428
-166
123
481
762
798
633
402
283
298
409
511
646
646
510
338
-20
-381
-644
-789
-777
-685
-475
-415
-649
-847
-994
-929
-671
-423
-148
37
79
-6
2
176
153
-208
-788
-1484
-1904
-1853
-1533
-1252
-1481
-2078
-2640
-2801
-2313
-1576
-809
-480
-783
-1155
-1507
-1416
-704
52
438
413
206
-13
-3
297
502
283
-63
-325
-374
29
535
744
683
294
-110
-22
474
1307
2189
2578
2459
2030
1713
1823
2234
2572
2553
2405
2117
1819
1771
1801
1893
1777
1330
939
625
538
750
926
876
434
-28
-236
-146
392
921
1228
1212
881
547
288
309
548
695
611
338
-37
-210
-132
-180
-457
-1017
-1631
-2020
-1956
-1398
-808
-636
-990
-1436
-1730
-1636
-1072
-389
211
361
40
-327
-483
-407
-203
0
-30
-247
-475
-692
-756
-772
-770
-789
-1021
-1118
-1080
-831
-425
-233
-154
-189
-158
64
443
931
1345
1463
1244
986
840
751
770
755
605
392
156
20
-21
138
350
356
331
218
37
70
266
486
609
469
255
184
203
368
526
410
266
137
-50
-176
-253
-266
-460
-712
-755
-687
-462
-207
-275
-581
-869
-1184
-1321
-1105
-837
-687
-870
-1539
-2225
-2527
-2340
-1751
-1195
-1050
-1489
-2218
-2548
-2307
-1776
-1241
-1011
-1272
-1798
-2148
-2024
-1507
-798
-284
-197
-195
-190
123
651
888
724
143
-343
-404
-104
521
1051
1105
821
407
390
967
1771
2409
2526
2163
1656
1563
1881
2307
2705
2688
2221
1684
1409
1551
1998
2325
2380
2129
1641
1234
1060
1167
1314
1198
922
732
617
652
778
806
731
632
595
661
866
1008
1056
933
636
365
173
191
307
388
282
-179
-689
-1126
-1285
-1079
-1055
-1262
-1429
-1561
-1679
-1574
-1228
-813
-494
-499
-656
-897
-1023
-903
-836
-800
-668
-553
-619
-678
-629
-503
-428
-479
-376
-196
-122
-54
-83
-278
-458
-528
-394
-128
179
448
482
376
298
325
480
770
1035
1116
1018
760
554
499
478
529
623
480
194
143
250
379
457
290
53
-194
-375
-271
-43
103
91
-133
-514
-740
-667
-562
-480
-458
-731
-1080
-1171
-840
-354
-219
-540
-1185
-1762
-1941
-1651
-989
-599
-1067
-2165
-3311
-3739
-3110
-1939
-1009
-1041
-1897
-2906
-3270
-2709
-1630
-640
-563
-1207
-1842
-1991
-1351
-291
466
470
-65
-392
-112
695
1579
1898
1479
590
-78
122
960
1795
2159
1869
1107
709
1022
1672
2482
2798
2457
1759
1316
1707
2393
2990
3130
2687
2080
1641
1633
2004
2358
2377
2156
1739
1302
1035
930
1051
972
610
377
235
189
172
150
123
53
118
225
336
374
301
268
143
84
119
57
65
-75
-412
-765
-1097
-1129
-956
-860
-1022
-1299
-1471
-1702
-1728
-1498
-1159
-757
-655
-762
-986
-1200
-1072
-752
-465
-307
-219
-178
-293
-339
-229
-136
-193
-349
-418
-512
-599
-526
-411
-321
-343
-327
-158
123
444
598
589
463
386
436
656
1005
1220
1193
964
689
495
495
654
795
742
460
156
-24
46
371
716
754
352
-109
-275
-120
147
463
494
106
-303
-631
-503
-107
136
113
-352
-761
-850
-638
-300
-310
-663
-1332
-1957
-2104
-1840
-1531
-1664
-2398
-3340
-3801
-3560
-2592
-1572
-1397
-2023
-2993
-3496
-3140
-2187
-1208
-903
-1389
-2062
-2338
-2022
-1162
-143
383
179
-347
-603
-299
247
671
719
421
227
312
718
1257
1617
1648
1398
1333
1737
2333
2874
3177
3085
2670
2335
2425
2885
3289
3276
3072
2700
2294
2217
2270
2333
2402
2261
1898
1491
1170
1066
1066
1005
780
459
277
307
422
457
436
252
-80
-339
-409
-309
-151
-44
-136
-320
-479
-563
-517
-535
-603
-754
-1051
-1423
-1652
-1541
-1349
-1186
-1148
-1273
-1331
-1297
-1100
-859
-683
-691
-852
-905
-957
-727
-369
-262
-264
-410
-473
-370
-134
296
536
357
64
-179
-218
-81
142
373
462
482
312
152
143
369
804
1011
1114
1165
1121
1106
1108
1116
1105
1041
880
816
823
738
801
813
551
343
215
128
125
141
95
-29
-205
-438
-578
-566
-460
-305
-168
-190
-386
-647
-793
-686
-473
-357
-390
-668
-1236
-1622
-1637
-1515
-1323
-1493
-2282
-3167
-3715
-3648
-2987
-2261
-1931
-2394
-3338
-3934
-3831
-2979
-1946
-1370
-1428
-2098
-2655
-2705
-2029
-833
-89
20
-277
-544
-356
134
618
958
915
587
529
812
1202
1516
1491
1199
989
1248
2033
2844
3306
3256
2785
2445
2681
3368
4047
4305
3928
3214
2625
2422
2675
2954
2987
2759
2220
1649
1196
977
965
923
903
856
751
499
172
-134
-476
-375
140
567
729
420
-149
-621
-855
-678
-145
256
144
-535
-1387
-1912
-1936
-1413
-977
-914
-1031
-1457
-1751
-1677
-1556
-1267
-988
-838
-635
-533
-474
-381
-410
-483
-393
-245
-58
172
156
-148
-515
-768
-618
-185
201
397
331
83
-246
-365
-116
391
872
1095
1052
835
635
557
643
938
1298
1562
1704
1613
1249
909
728
762
1024
1249
1248
830
245
-230
-409
-102
414
850
722
134
-400
-583
-149
448
737
533
33
-291
-416
-349
-247
-456
-831
-1303
-1687
-1594
-1233
-1202
-1989
-3399
-4644
-4792
-3755
-2473
-2119
-3054
-4490
-5613
-5684
-4423
-2711
-1612
-1649
-2723
-3979
-4315
-3293
-1548
-391
-509
-1327
-1957
-1818
-861
122
486
320
-28
-28
423
1070
1711
1901
1593
1154
1150
1943
3173
4019
3894
3106
2434
2653
3607
4448
4790
4570
3920
3303
3096
3239
3574
3820
3643
3017
2173
1672
1586
1632
1620
1332
1010
740
560
481
215
-95
-165
-160
-123
-11
-40
-187
-379
-646
-812
-765
-629
-520
-526
-706
-1094
-1428
-1490
-1364
-1261
-1191
-1094
-1041
-1085
-1201
-1242
-1254
-1115
-727
-370
-214
-162
-188
-246
-267
-269
-120
78
203
294
175
-45
-87
-1
47
47
113
141
139
271
427
400
368
458
548
791
1115
1376
1389
1054
669
550
884
1297
1428
1270
889
520
373
422
640
905
910
513
-144
-484
-386
-163
72
-101
-475
-679
-722
-416
-138
-218
-495
-976
-1370
-1444
-1344
-1038
-1004
-1689
-2655
-3405
-3312
-2491
-1916
-2165
-3177
-4234
-4827
-4768
-4136
-3473
-3193
-3501
-4181
-4741
-4710
-3840
-2569
-1877
-2012
-2235
-2241
-1879
-1353
-1020
-769
-625
-499
-309
-138
82
419
662
709
589
821
1564
2329
2927
2889
2485
2303
2498
3053
3579
4029
4337
4199
3757
3430
3409
3924
4631
4924
4582
3630
2861
2539
2442
2529
2687
2607
2076
1501
998
738
850
1032
1051
839
557
284
191
204
162
150
32
-42
58
116
2
-353
-741
-986
-1036
-929
-819
-719
-783
-1128
-1542
-1752
-1680
-1259
-688
-499
-625
-946
-1245
-1176
-820
-266
229
392
260
-58
-443
-435
-4
435
600
488
342
152
-27
-119
-149
12
312
572
668
524
380
445
532
620
856
1145
1263
1129
901
618
488
533
584
587
368
204
236
178
-135
-484
-740
-690
-269
10
-9
-373
-1032
-1610
-1902
-1658
-958
-541
-875
-1808
-2867
-3488
-3134
-2223
-1685
-1907
-2801
-3773
-4348
-4329
-3727
-3077
-2873
-3186
-3785
-4156
-3923
-3343
-2926
-2856
-2962
-2899
-2533
-2001
-1557
-1307
-1248
-1324
-1239
-909
-406
133
376
272
19
-6
384
1015
1735
2260
2468
2407
2269
2255
2526
3096
3567
3936
3951
3676
3517
3576
4045
4429
4559
4427
3983
3654
3396
3190
3127
3048
2818
2452
2117
1888
1794
1750
1530
1182
825
633
678
681
527
296
134
81
11
33
107
-3
-241
-447
-606
-726
-759
-739
-696
-710
-786
-875
-992
-971
-862
-796
-606
-459
-374
-268
-324
-299
-124
55
35
-87
24
219
470
722
708
548
455
487
627
855
1131
1267
1105
527
23
-51
206
622
761
649
447
264
221
232
251
348
433
363
137
-126
-225
-265
-368
-529
-713
-677
-561
-705
-1089
-1539
-1733
-1690
-1872
-2341
-2792
-3034
-2984
-2866
-2953
-3223
-3478
-3677
-3900
-3841
-3533
-3330
-3352
-3711
-4258
-4441
-4004
-3189
-2602
-2580
-2838
-2969
-2762
-2347
-1851
-1424
-1136
-1113
-1437
-1722
-1549
-882
-143
275
307
230
437
823
1235
1649
2014
2308
2510
2546
2610
2895
3282
3585
3526
3345
3447
3761
4083
4031
3624
3345
3091
2869
2907
3016
3031
2900
2516
1914
1518
1576
1960
2336
2460
2193
1696
1378
1321
1477
1626
1627
1503
1236
931
764
845
1056
983
672
362
102
2
-26
-99
-314
-645
-867
-876
-622
-214
-27
-78
-200
-285
-234
-59
179
187
42
-130
-224
-111
121
379
410
319
105
-24
172
279
338
237
-27
-197
-294
-214
-51
143
296
313
263
163
251
427
428
352
141
-25
23
10
-154
-396
-718
-992
-1188
-1328
-1368
-1531
-1919
-2433
-2968
-3244
-3161
-2992
-2982
-3329
-3822
-4113
-4189
-3917
-3535
-3444
-3566
-3805
-4086
-4101
-3796
-3414
-3043
-3060
-3387
-3562
-3415
-2890
-2348
-2042
-2092
-2271
-2248
-2007
-1515
-1056
-816
-625
-633
-576
-82
633
1321
1635
1520
1327
1496
2073
2657
3127
3267
3020
2761
2679
2929
3461
3995
4205
3935
3474
3227
3385
3728
3908
3815
3495
3191
3057
3068
3214
3311
3180
2886
2495
2145
2124
2338
2366
2178
1735
1251
1170
1251
1402
1487
1295
921
532
329
296
426
502
399
53
-366
-487
-324
43
259
174
-69
-387
-505
-338
-25
143
88
-62
-299
-400
-184
167
463
592
481
355
312
287
384
592
678
576
440
416
569
744
705
635
784
889
818
620
383
182
-97
-255
-299
-451
-706
-1093
-1566
-1884
-1802
-1692
-1881
-2321
-2972
-3583
-3892
-3844
-3675
-3801
-4225
-4769
-5306
-5461
-5190
-4833
-4615
-4773
-5277
-5556
-5380
-4882
-4356
-4190
-4338
-4601
-4654
-4327
-3684
-3024
-2614
-2529
-2734
-2740
-2348
-1598
-834
-381
-266
-421
-310
187
846
1627
2181
2322
2442
2514
2688
3224
3754
4089
4109
3959
3905
4020
4292
4542
4599
4480
4304
4196
4145
4106
4175
4198
4008
3707
3378
3183
3177
3218
3240
3167
2920
2648
2469
2323
2286
2280
2141
1801
1369
1081
951
914
931
903
780
648
515
535
583
621
693
530
350
267
327
386
423
544
541
528
476
460
537
612
681
647
599
551
595
669
600
467
296
340
474
431
295
156
28
-44
-34
-155
-271
-400
-725
-981
-1171
-1324
-1393
-1582
-1920
-2384
-2773
-2849
-2820
-2928
-3203
-3628
-4153
-4417
-4469
-4343
-4066
-4098
-4317
-4620
-4836
-4704
-4162
-3532
-3482
-3806
-4067
-4100
-3851
-3494
-3084
-2933
-2981
-3127
-3202
-2874
-2420
-1805
-1546
-1751
-1878
-1892
-1381
-751
-447
-210
-179
-173
115
453
896
1430
1720
1834
1763
1667
1869
2243
2598
2733
2635
2510
2467
2486
2534
2672
2843
2924
2736
2373
2149
2215
2514
2784
2800
2641
2521
2380
2266
2379
2511
2617
2711
2643
2522
2498
2540
2590
2642
2574
2557
2692
2683
2639
2537
2282
2194
2255
2353
2450
2462
2351
2196
2054
1946
1931
1980
1976
1862
1812
1784
1779
1762
1580
1354
1154
1007
991
1023
1012
787
311
-187
-601
-786
-758
-682
-855
-1287
-1837
-2412
-2625
-2582
-2406
-2339
-2724
-3267
-3786
-4004
-3837
-3636
-3521
-3781
-4231
-4478
-4528
-4280
-3928
-3734
-3762
-3938
-4064
-3974
-3678
-3343
-3098
-2978
-3056
-3218
-3142
-2783
-2396
-2130
-2031
-2070
-2046
-1870
-1620
-1342
-1080
-1055
-1155
-1112
-1044
-759
-356
-173
-18
-8
-71
58
232
460
639
692
643
574
604
683
865
1016
1094
1191
1187
1247
1268
1144
1287
1465
1499
1638
1660
1604
1723
1816
1889
2046
2135
2230
2266
2234
2362
2567
2781
2924
2867
2851
2889
2952
3161
3241
3300
3230
3031
3027
3064
3196
3298
3242
3068
2780
2641
2656
2756
2793
2613
2249
1814
1597
1602
1737
1700
1329
896
550
324
266
252
102
-104
-533
-947
-1112
-1230
-1127
-1174
-1512
-1788
-2052
-2139
-2112
-2098
-2097
-2226
-2377
-2587
-2650
-2482
-2464
-2421
-2468
-2657
-2691
-2644
-2460
-2307
-2224
-2216
-2313
-2229
-2009
-1803
-1630
-1646
-1744
-1795
-1754
-1526
-1326
-1214
-1233
-1264
-1260
-1184
-977
-874
-782
-825
-986
-1067
-1059
-967
-873
-816
-987
-1201
-1204
-1129
-943
-792
-757
-855
-1028
-1027
-890
-663
-495
-550
-642
-672
-618
-299
-20
165
435
459
446
610
784
1134
1401
1322
1241
1207
1247
1460
1760
1973
2053
2027
1944
1979
2071
2218
2461
2513
2367
2244
2139
2143
2269
2376
2482
2381
2252
2172
2023
2054
1993
1821
1595
1206
977
871
866
832
577
263
-122
-265
-184
-133
-149
-446
-823
-1089
-1205
-1065
-771
-585
-571
-742
-899
-842
-573
-182
0
3
-181
-447
-462
-258
6
113
-20
-177
-252
-242
-20
298
422
357
188
30
94
231
452
462
244
143
-103
-116
150
314
347
128
-105
-333
-524
-507
-442
-537
-844
-1183
-1447
-1578
-1602
-1517
-1507
-1702
-1823
-1836
-1860
-1880
-1827
-1836
-1839
-1785
-1686
-1448
-1200
-1027
-923
-828
-774
-515
-110
106
235
244
205
247
361
546
765
952
954
871
892
1022
1173
1344
1349
1173
1125
1022
991
1117
1185
1172
950
677
597
602
614
656
502
143
-164
-333
-388
-342
-419
-740
-1124
-1359
-1394
-1425
-1365
-1300
-1488
-1748
-1907
-1815
-1578
-1371
-1205
-1284
-1430
-1385
-1215
-879
-514
-286
-225
-186
-85
141
526
834
1006
1096
1053
1168
1489
1754
2036
2059
2009
1926
1834
2067
2245
2375
2342
2146
2016
1886
1906
2059
2098
1990
1850
1624
1446
1418
1380
1278
979
666
474
319
362
359
155
-118
-388
-551
-556
-481
-520
-682
-907
-1047
-1103
-1139
-1077
-979
-941
-983
-922
-808
-736
-666
-598
-542
-510
-419
-280
-222
-147
22
-44
-191
-31
149
234
270
225
181
113
93
178
191
66
-5
-119
-201
-148
-196
-194
-312
-543
-596
-627
-693
-802
-950
-1144
-1369
-1497
-1505
-1561
-1649
-1791
-1951
-2030
-2036
-1972
-1966
-2030
-2094
-2138
-2083
-1959
-1858
-1711
-1600
-1496
-1447
-1365
-1132
-916
-678
-530
-375
-144
-13
150
254
313
527
661
768
1026
1170
1209
1268
1289
1368
1521
1640
1747
1751
1675
1608
1531
1547
1603
1640
1639
1613
1525
1441
1425
1270
1203
1177
1095
1076
968
832
770
786
791
775
735
727
767
741
787
837
788
828
848
833
872
890
1000
1051
1047
1028
1045
1138
1121
1142
1193
1222
1199
1130
1186
1181
1155
1160
1000
841
747
685
636
502
353
154
-87
-238
-365
-504
-671
-823
-1016
-1272
-1441
-1575
-1700
-1779
-1936
-2139
-2273
-2427
-2494
-2513
-2589
-2605
-2656
-2729
-2735
-2610
-2494
-2466
-2515
-2578
-2570
-2552
-2378
-2161
-2100
-2046
-1977
-1957
-1764
-1432
-1170
-1016
-990
-941
-797
-611
-459
-243
-31
43
106
173
332
575
793
943
971
978
933
948
1064
1064
1174
1148
900
840
889
982
1067
1051
897
755
710
754
821
817
750
586
423
392
541
754
896
868
752
756
787
894
1094
1202
1171
1066
1027
1077
1230
1425
1580
1563
1449
1454
1536
1737
1948
1992
1951
1839
1704
1675
1820
1965
1888
1796
1716
1503
1417
1483
1550
1484
1218
907
653
585
484
280
144
-153
-467
-770
-955
-888
-1031
-1139
-1321
-1659
-1803
-1960
-1980
-1967
-2064
-2158
-2303
-2434
-2490
-2480
-2373
-2263
-2323
-2362
-2293
-2225
-2119
-2020
-1983
-1989
-1863
-1671
-1562
-1414
-1332
-1296
-1106
-904
-816
-613
-496
-492
-418
-384
-229
-100
-29
0
-90
-57
-36
26
160
152
139
-48
-168
-61
-105
-77
-71
-164
-287
-477
-429
-315
-214
-137
-199
-220
-268
-228
-43
129
310
340
184
91
170
381
634
810
891
803
786
995
1184
1380
1494
1478
1470
1506
1583
1753
1895
1940
1952
1946
1998
2018
2123
2258
2283
2217
2056
1895
1808
1851
1829
1714
1534
1217
1053
1006
883
803
589
347
215
39
-147
-276
-315
-517
-687
-766
-943
-936
-933
-961
-972
-990
-976
-1008
-999
-980
-918
-838
-873
-819
-770
-844
-797
-701
-621
-622
-602
-502
-508
-486
-407
-324
-371
-486
-460
-460
-421
-292
-358
-376
-351
-423
-403
-449
-440
-373
-423
-596
-820
-912
-971
-1063
-1131
-1205
-1287
-1405
-1511
-1537
-1575
-1539
-1556
-1699
-1727
-1710
-1612
-1554
-1590
-1556
-1596
-1589
-1414
-1255
-1088
-959
-840
-683
-562
-492
-323
-27
8
31
193
295
480
602
662
737
867
1085
1255
1424
1517
1544
1521
1518
1619
1673
1697
1748
1789
1770
1724
1708
1732
1802
1777
1736
1781
1646
1425
1428
1439
1342
1210
1067
1037
962
914
970
913
781
666
622
583
548
517
522
489
298
145
157
251
314
320
239
148
138
155
211
254
213
133
116
86
0
53
83
70
86
62
57
13
-3
11
-43
-114
-232
-314
-330
-439
-491
-532
-612
-623
-731
-761
-742
-840
-901
-978
-1087
-1223
-1274
-1303
-1351
-1345
-1466
-1473
-1457
-1568
-1526
-1501
-1519
-1477
-1559
-1708
-1667
-1572
-1631
-1608
-1525
-1483
-1359
-1306
-1250
-1120
-1062
-975
-835
-738
-678
-640
-573
-535
-399
-206
-92
32
96
193
198
214
404
480
516
503
563
686
598
555
685
791
822
792
748
814
945
919
830
841
830
859
765
711
783
669
630
604
569
608
584
579
541
570
605
559
476
397
528
625
609
634
667
780
785
856
886
784
898
886
806
813
823
815
787
791
803
839
836
810
791
764
763
653
468
435
436
383
313
285
218
159
99
-40
-35
9
-50
-135
-212
-285
-373
-516
-525
-489
-595
-612
-666
-726
-741
-780
-706
-720
-820
-800
-799
-816
-796
-748
-729
-739
-682
-642
-621
-546
-387
-286
-347
-364
-288
-320
-307
-224
-257
-264
-299
-352
-309
-308
-297
-267
-233
-218
-305
-411
-409
-359
-358
-390
-484
-544
-601
-590
-486
-440
-378
-458
-542
-509
-533
-502
-462
-448
-412
-440
-471
-543
-530
-359
-341
-308
-252
-346
-359
-309
-282
-242
-189
-130
-137
-140
-84
-53
72
160
153
156
121
111
179
297
288
342
284
120
221
233
285
426
372
298
275
268
305
440
539
493
466
413
404
518
551
535
521
499
467
512
567
557
659
719
698
650
624
705
793
902
846
744
748
708
784
811
733
667
542
581
693
695
724
667
552
575
655
659
664
634
489
390
345
309
403
455
321
258
285
274
284
287
267
207
159
136
68
70
137
168
126
59
-43
-117
-57
-62
-74
-137
-261
-310
-381
-367
-342
-334
-336
-407
-504
-521
-441
-422
-495
-596
-657
-736
-760
-786
-830
-782
-895
-1036
-1087
-1143
-1069
-1000
-1028
-1148
-1216
-1278
-1364
-1300
-1305
-1376
-1400
-1437
-1455
-1439
-1381
-1350
-1333
-1334
-1385
-1383
-1330
-1313
-1294
-1344
-1393
-1266
-1237
-1224
-1095
-1023
-974
-920
-924
-925
-830
-701
-585
-574
-501
-326
-235
-74
66
135
270
413
548
658
779
937
1059
1165
1302
1407
1506
1611
1720
1777
1818
1884
1929
2066
2095
2068
2136
2178
2284
2337
2281
2243
2182
2210
2228
2260
2314
2231
2256
2230
2102
2109
2088
2083
2021
1910
1907
1808
1691
1690
1688
1600
1504
1389
1241
1143
1069
998
899
751
633
516
405
344
297
218
-5
-188
-194
-329
-525
-604
-762
-905
-975
-1158
-1316
-1444
-1560
-1640
-1852
-2021
-2107
-2204
-2270
-2392
-2547
-2588
-2656
-2740
-2775
-2836
-2731
-2726
-2836
-2809
-2813
-2815
-2830
-2835
-2727
-2576
-2517
-2553
-2474
-2298
-2198
-2099
-1957
-1858
-1765
-1673
-1575
-1462
-1395
-1289
-1116
-946
-865
-731
-588
-499
-328
-198
-54
55
154
281
405
551
590
724
824
846
1022
1148
1237
1292
1354
1520
1626
1745
1840
1870
1911
1978
2073
2078
2113
2153
2198
2260
2256
2335
2365
2330
2312
2280
2261
2274
2268
2159
2099
2087
1960
1877
1802
1689
1736
1653
1492
1482
1318
1193
1069
873
835
702
625
592
416
252
98
95
122
1
-89
-118
-235
-358
-423
-550
-641
-678
-718
-741
-808
-805
-763
-814
-893
-940
-923
-997
-1077
-973
-885
-921
-990
-1089
-1132
-1116
-1008
-849
-863
-907
-921
-964
-1014
-1001
-928
-844
-809
-830
-791
-814
-894
-777
-672
-759
-671
-633
-655
-536
-551
-550
-506
-526
-564
-546
-408
-323
-273
-232
-252
-279
-232
-167
-92
-21
-17
-12
-115
-215
-212
-307
-319
-189
-207
-234
-223
-333
-374
-367
-381
-382
-419
-489
-534
-663
-792
-695
-678
-677
-696
-764
-692
-688
-748
-772
-811
-822
-718
-683
-699
-653
-568
-497
-465
-340
-214
-169
-170
-52
38
79
240
340
427
538
608
719
936
1043
1041
1108
1219
1315
1388
1547
1604
1548
1601
1630
1668
1678
1627
1670
1714
1751
1725
1678
1760
1800
1743
1721
1730
1749
1776
1734
1646
1584
1549
1570
1577
1551
1540
1429
1351
1410
1370
1264
1177
1076
989
967
905
768
741
623
475
373
224
161
72
15
-88
-259
-415
-583
-692
-804
-936
-1038
-1114
-1241
-1340
-1481
-1602
-1653
-1749
-1815
-1873
-1952
-2019
-1943
-2034
-2270
-2345
-2367
-2258
-2188
-2182
-2201
-2248
-2320
-2405
-2330
-2240
-2103
-2006
-2000
-1975
-2025
-2035
-1976
-1821
-1731
-1681
-1597
-1597
-1546
-1459
-1300
-1209
-1212
-1137
-1038
-867
-735
-661
-604
-564
-449
-372
-282
-138
20
197
313
314
333
530
641
742
897
999
1104
1191
1314
1389
1512
1672
1703
1729
1868
1906
1888
1993
1945
1950
2028
2036
2039
1985
2054
2080
1979
1916
1900
1904
1887
1893
1832
1714
1713
1687
1551
1483
1476
1436
1381
1348
1311
1267
1236
1172
1156
1092
1073
1099
959
964
980
800
639
599
675
651
561
521
404
239
199
117
18
21
-99
-236
-359
-473
-593
-700
-664
-693
-833
-929
-994
-1119
-1290
-1388
-1405
-1390
-1415
-1511
-1624
-1775
-1789
-1724
-1760
-1783
-1798
-1736
-1663
-1698
-1748
-1789
-1725
-1609
-1577
-1581
-1553
-1539
-1483
-1399
-1416
-1334
-1273
-1268
-1214
-1222
-1201
-1089
-998
-997
-973
-958
-892
-827
-848
-798
-713
-654
-570
-484
-510
-468
-351
-355
-290
-184
-99
-43
8
75
109
185
287
391
430
515
604
640
661
657
734
851
912
938
1018
1090
1106
1135
1223
1279
1224
1251
1421
1408
1340
1382
1346
1293
1320
1437
1418
1401
1390
1311
1282
1219
1252
1275
1291
1304
1244
1220
1125
1085
1097
1049
1051
955
875
890
848
806
816
730
590
558
505
380
434
440
337
345
159
32
0
-87
-85
-183
-340
-405
-440
-538
-571
-568
-681
-780
-758
-810
-943
-931
-959
-1038
-997
-991
-1059
-1065
-1085
-1071
-1047
-1099
-1090
-1131
-1148
-1092
-1068
-1061
-1062
-1015
-995
-951
-904
-904
-847
-753
-718
-758
-756
-741
-733
-654
-568
-519
-500
-505
-529
-495
-405
-334
-265
-229
-152
-84
-173
-161
-90
-85
5
83
126
159
156
201
295
339
281
323
368
298
299
347
404
434
397
338
416
596
644
470
366
361
313
375
320
301
399
277
226
263
140
159
227
171
213
159
52
137
136
116
83
0
55
27
91
133
31
80
77
47
68
62
74
152
126
50
87
72
23
-16
16
97
99
71
172
221
117
112
104
91
87
112
155
125
183
228
211
228
289
354
405
399
293
255
267
381
466
371
391
410
438
500
503
584
590
522
492
555
589
538
574
574
526
498
494
459
434
419
422
424
284
214
182
138
112
-13
-70
-81
-171
-196
-264
-315
-318
-410
-418
-494
-564
-573
-654
-640
-691
-806
-793
-744
-753
-759
-751
-727
-735
-768
-785
-811
-787
-860
-909
-832
-758
-769
-832
-795
-783
-866
-799
-738
-804
-761
-746
-772
-724
-745
-734
-662
-658
-708
-674
-568
-544
-537
-503
-452
-419
-351
-280
-260
-225
-235
-154
-67
38
105
154
210
129
251
375
371
433
452
488
573
554
573
675
725
755
759
785
829
870
910
871
838
828
831
880
883
888
903
828
822
894
896
908
834
838
929
807
728
761
732
756
830
798
745
727
618
587
634
561
524
564
458
284
266
333
299
235
209
135
123
66
-18
-94
-217
-190
-243
-375
-340
-375
-426
-449
-559
-603
-592
-577
-603
-687
-739
-690
-635
-655
-632
-683
-679
-643
-641
-548
-583
-604
-603
-597
-480
-441
-461
-459
-512
-520
-413
-412
-415
-315
-262
-275
-321
-325
-292
-244
-245
-225
-177
-294
-341
-306
-284
-311
-333
-254
-212
-159
-134
-115
-125
-54
-21
-78
62
89
6
108
121
122
274
297
308
395
437
432
339
251
234
324
413
381
423
420
422
454
354
357
395
333
285
260
199
119
118
94
19
117
135
62
83
106
50
-112
-132
-102
-68
-14
-50
-39
-108
-175
-149
-175
-195
-180
-100
-102
-120
-132
-184
-179
-193
-161
-136
-160
-136
-92
-96
-139
-169
-151
-61
-26
7
47
-15
-98
-177
-142
-46
-36
53
90
41
25
-5
62
160
177
206
238
248
294
340
285
189
235
304
350
434
451
442
483
484
462
484
465
467
458
416
441
377
306
364
404
373
350
395
369
278
211
134
92
74
104
62
3
67
-8
-124
-97
-64
-55
-81
-134
-210
-281
-288
-352
-445
-401
-341
-304
-397
-534
-476
-547
-560
-502
-593
-505
-542
-621
-640
-718
-664
-720
-791
-700
-619
-672
-767
-803
-740
-667
-732
-701
-647
-631
-589
-627
-694
-671
-590
-501
-397
-373
-374
-308
-284
-249
-152
-75
-62
-41
125
187
157
101
73
168
266
424
506
557
624
641
603
623
781
813
767
813
861
847
884
935
994
1067
1049
1074
1180
1232
1177
1119
1080
1061
1098
1088
1099
1154
1146
1123
1089
1070
1036
864
813
858
773
677
601
511
478
454
385
345
250
148
57
-56
-131
-176
-173
-263
-324
-343
-423
-525
-704
-804
-810
-855
-982
-1008
-947
-986
-1069
-1084
-1049
-1095
-1189
-1179
-1112
-1232
-1272
-1254
-1370
-1300
-1272
-1299
-1238
-1299
-1332
-1299
-1225
-1139
-1183
-1210
-1100
-1106
-1133
-1042
-1014
-967
-992
-898
-679
-660
-627
-623
-662
-514
-405
-355
-239
-174
-23
99
202
295
268
394
507
538
666
737
801
892
918
971
1119
1245
1300
1341
1339
1316
1354
1377
1346
1326
1388
1431
1434
1501
1459
1441
1479
1433
1495
1456
1321
1366
1334
1278
1239
1147
1092
1061
1090
1014
934
843
786
798
652
554
553
499
404
376
305
165
31
-27
-20
-118
-218
-279
-389
-457
-506
-616
-637
-712
-794
-730
-770
-869
-1007
-1099
-1188
-1269
-1230
-1225
-1264
-1376
-1348
-1310
-1454
-1382
-1339
-1416
-1412
-1437
-1390
-1365
-1335
-1276
-1295
-1197
-1127
-1186
-1085
-971
-970
-896
-839
-844
-704
-568
-532
-561
-610
-460
-383
-418
-333
-224
-120
-55
-39
13
42
101
165
199
298
303
378
470
473
510
460
558
694
732
759
759
816
874
921
937
954
924
944
999
940
948
1006
1040
963
953
1070
1044
1001
955
997
973
913
929
811
803
827
839
830
732
679
638
681
638
543
556
488
466
445
341
244
139
130
112
42
0
6
-1
-106
-145
-102
-130
-166
-132
-188
-317
-380
-397
-439
-461
-489
-479
-468
-568
-517
-522
-679
-670
-567
-575
-614
-644
-657
-615
-649
-635
-665
-733
-672
-705
-725
-720
-703
-635
-698
-740
-713
-656
-567
-569
-578
-488
-457
-525
-584
-562
-485
-451
-484
-473
-378
-323
-298
-202
-108
-143
-101
-43
-60
-24
-58
-7
59
155
313
297
323
343
344
374
350
344
365
405
360
366
414
395
423
512
523
457
402
396
478
432
359
422
410
422
426
459
537
427
380
342
317
376
326
285
230
236
285
236
262
264
207
257
238
132
111
104
74
16
20
76
41
50
31
-56
-36
-41
-74
-60
-49
-74
-162
-208
-219
-215
-166
-110
-129
-149
-133
-173
-211
-289
-335
-243
-196
-237
-152
-90
-173
-151
-84
-32
-76
-147
-50
-10
8
24
9
108
181
206
189
146
200
67
-19
69
44
125
117
125
249
290
271
211
294
338
259
243
228
153
91
98
147
181
140
149
181
140
122
135
115
66
43
3
13
30
-10
-42
-95
-120
-124
-184
-262
-261
-242
-249
-217
-260
-253
-233
-356
-392
-414
-431
-432
-466
-443
-463
-492
-478
-474
-483
-465
-503
-598
-606
-533
-500
-520
-489
-497
-518
-457
-427
-427
-375
-408
-365
-253
-253
-236
-239
-146
-107
-190
-64
27
-17
0
14
30
89
136
127
194
243
179
339
468
410
410
403
516
576
547
577
562
617
691
685
659
661
645
633
691
712
721
800
762
767
808
748
759
691
631
603
615
697
693
636
588
557
475
439
499
474
381
350
299
296
285
245
226
89
24
-45
-122
-47
-138
-202
-161
-211
-256
-380
-420
-452
-532
-590
-657
-614
-625
-624
-609
-640
-645
-673
-679
-750
-767
-717
-752
-750
-791
-855
-836
-808
-788
-776
-736
-661
-666
-704
-630
-632
-644
-620
-695
-629
-545
-563
-486
-451
-450
-436
-444
-386
-305
-302
-330
-321
-224
-103
-142
-133
-107
-103
33
-6
-28
59
61
113
166
282
332
376
401
343
490
538
452
539
693
631
510
580
572
622
770
727
749
777
721
754
759
760
781
726
643
576
628
703
661
619
604
631
638
552
480
473
531
581
598
552
482
435
369
451
415
321
319
224
262
217
118
210
180
115
129
88
26
-1
-21
-46
-62
-139
-176
-218
-242
-249
-316
-271
-318
-369
-344
-386
-386
-481
-456
-396
-520
-534
-558
-528
-484
-577
-538
-509
-542
-496
-592
-586
-482
-449
-483
-567
-569
-623
-576
-517
-525
-449
-417
-433
-463
-487
-508
-523
-491
-458
-424
-339
-247
-315
-386
-352
-388
-423
-452
-408
-256
-221
-236
-162
-118
-87
-55
-35
-22
-62
-65
14
122
127
84
195
282
252
259
260
252
270
381
439
390
394
465
550
435
388
418
357
424
512
582
529
457
452
395
320
254
284
315
350
399
439
440
359
355
321
250
294
316
287
348
351
293
304
308
326
242
209
199
106
263
320
288
329
250
264
163
84
132
88
55
50
36
27
67
42
-8
26
-6
-36
25
-67
-46
19
-91
-46
-147
-223
-126
-139
-95
-126
-108
-125
-139
-27
-93
-118
-216
-270
-187
-246
-193
-148
-189
-182
-192
-194
-200
-154
-198
-221
-188
-221
-213
-211
-199
-244
-320
-292
-236
-272
-285
-286
-318
-311
-298
-297
-326
-304
-323
-346
-327
-362
-369
-322
-301
-320
-302
-327
-318
-290
-314
-332
-349
-286
-275
-272
-234
-218
-196
-248
-267
-177
-186
-190
-114
-149
-170
-158
-90
-16
-24
-20
2
-48
-66
21
24
17
42
127
242
274
324
335
281
272
345
328
262
333
347
407
505
473
478
529
539
502
492
538
618
663
555
555
638
583
555
540
567
509
495
515
445
492
360
275
346
295
312
341
283
299
267
166
159
120
93
63
61
21
-109
-86
-28
-87
-117
-96
-124
-147
-195
-224
-241
-314
-321
-256
-194
-255
-340
-324
-378
-478
-494
-542
-521
-438
-467
-460
-460
-466
-460
-519
-496
-418
-473
-483
-389
-402
-391
-427
-486
-448
-471
-444
-343
-305
-296
-268
-253
-233
-208
-190
-139
-171
-161
-78
-57
4
13
13
38
44
95
104
219
228
166
310
285
204
327
349
244
314
351
289
295
286
320
367
377
307
241
290
310
373
384
297
326
336
328
314
293
242
177
205
240
215
181
234
211
234
207
68
119
55
-27
50
30
75
98
-49
-14
-60
-191
-185
-210
-123
-62
-135
-132
-150
-199
-157
-191
-177
-176
-247
-197
-191
-145
-121
-200
-153
-185
-247
-221
-232
-180
-143
-165
-164
-167
-137
-70
-114
-146
-94
-76
-56
-12
15
-9
-71
-99
-37
-59
-122
-96
-66
6
5
-10
59
34
47
10
-99
1
31
-30
47
41
7
78
61
30
72
-8
4
106
88
129
100
112
168
152
186
105
59
86
45
21
36
25
-44
-27
5
-33
-76
-143
-100
-24
-41
-80
-107
-83
-85
-126
-150
-148
-180
-189
-116
-144
-169
-190
-177
-90
-61
-19
-57
-30
0
-57
-45
-82
-103
-70
-75
-57
-46
-7
67
36
-20
0
55
77
83
132
191
176
166
158
136
134
93
34
33
82
98
106
219
289
233
195
139
159
187
137
146
146
168
180
178
151
109
194
215
195
230
172
205
176
148
258
188
226
277
175
142
121
76
24
57
98
-17
-108
-31
-16
-21
-53
-112
-34
-35
-33
-31
-163
-149
-168
-227
-110
-164
-194
-53
-98
-176
-153
-242
-329
-290
-209
-162
-194
-146
-128
-129
-189
-280
-240
-233
-268
-326
-334
-325
-311
-254
-239
-220
-230
-275
-253
-203
-197
-196
-197
-206
-225
-208
-172
-269
-232
-139
-138
-131
-160
-121
-131
-57
12
-38
5
-12
14
135
93
22
41
48
97
143
65
77
149
173
199
163
161
173
110
97
167
154
101
84
142
224
134
118
237
234
217
201
174
227
328
343
357
375
345
344
402
442
427
401
345
364
374
369
362
308
354
326
225
297
328
232
196
188
196
196
127
78
81
112
132
104
79
29
16
21
-35
2
38
-25
-6
38
13
12
-49
-114
-148
-169
-184
-248
-226
-280
-281
-248
-326
-354
-401
-324
-337
-393
-298
-340
-338
-321
-457
-533
-505
-423
-406
-457
-459
-475
-425
-407
-416
-372
-400
-444
-461
-397
-343
-339
-290
-294
-243
-191
-326
-300
-347
-376
-197
-255
-188
-130
-141
-45
-132
-40
64
32
106
28
13
67
12
90
125
119
193
151
126
206
227
271
381
423
412
428
405
322
365
436
470
556
499
459
451
376
414
405
440
511
458
480
525
515
472
443
394
359
409
302
242
301
249
265
238
221
241
137
179
206
139
155
164
169
156
128
89
5
-70
-48
-55
-151
-132
-145
-158
-86
-131
-196
-185
-160
-192
-223
-258
-290
-307
-326
-346
-413
-426
-340
-315
-352
-351
-430
-437
-354
-298
-307
-362
-287
-281
-268
-230
-238
-226
-242
-241
-259
-209
-173
-255
-245
-151
-164
-195
-105
-13
-114
-192
-129
-55
-88
-162
-74
-69
-109
-32
-61
-83
-49
-61
-46
-36
3
12
2
6
45
127
130
99
63
129
159
135
95
22
83
85
54
145
127
42
136
218
165
152
156
126
68
31
50
149
228
109
40
88
53
71
88
39
84
60
44
133
100
126
160
64
103
150
81
50
-6
52
131
56
124
134
73
149
140
118
121
158
230
137
80
122
119
95
90
121
109
160
153
93
141
44
29
154
137
93
60
134
182
204
235
197
201
130
93
91
44
30
81
92
17
32
47
35
21
-58
-35
-51
-86
-15
-75
-127
-96
-168
-234
-200
-185
-239
-344
-375
-299
-204
-187
-238
-219
-241
-228
-160
-228
-269
-289
-282
-223
-321
-417
-362
-360
-397
-382
-436
-434
-351
-357
-325
-336
-353
-280
-255
-243
-299
-320
-314
-332
-293
-272
-278
-241
-143
-138
-144
-85
-60
9
23
0
59
68
105
100
85
138
147
174
172
150
157
192
246
238
269
380
390
341
346
388
414
445
489
476
389
303
354
410
424
387
350
472
500
475
466
468
546
507
473
472
463
452
405
365
387
434
389
381
325
263
321
330
272
211
205
218
166
100
151
173
94
24
-77
-77
-44
-134
-205
-196
-165
-215
-260
-216
-202
-213
-210
-224
-166
-181
-308
-328
-345
-385
-412
-423
-479
-451
-377
-481
-476
-417
-433
-395
-362
-387
-432
-438
-410
-444
-498
-454
-458
-470
-450
-439
-473
-482
-400
-381
-413
-396
-294
-264
-250
-241
-227
-171
-185
-149
-186
-168
-112
-197
-146
-128
-177
-127
-81
-9
41
54
85
186
253
179
152
173
209
205
105
55
48
93
149
137
207
228
203
242
238
282
365
304
263
308
303
306
256
260
327
302
299
317
327
322
289
283
281
335
355
309
347
387
332
295
303
355
383
276
196
221
277
202
113
159
109
64
142
193
192
203
202
188
251
232
105
140
152
45
-10
-70
-81
-25
-12
-40
-5
32
55
48
33
24
-39
-21
-13
-37
-84
-140
-82
-54
-119
-129
-88
-59
-93
-136
-160
-202
-174
-214
-246
-204
-180
-210
-260
-221
-219
-210
-245
-350
-360
-333
-390
-453
-416
-377
-356
-317
-277
-242
-273
-259
-193
-272
-329
-316
-301
-234
-255
-280
-231
-280
-263
-196
-263
-290
-296
-260
-165
-158
-160
-152
-149
-171
-220
-214
-184
-198
-182
-105
-59
-62
-70
-20
-22
3
37
0
124
119
102
163
91
116
85
162
261
243
279
204
213
260
292
300
270
296
249
273
367
408
375
333
314
293
327
326
301
339
327
224
290
393
309
309
340
396
405
331
366
315
275
287
276
262
225
194
205
213
206
253
264
250
179
149
231
216
167
134
130
91
64
95
22
29
34
20
5
-116
-53
-33
-61
-6
-58
-138
-196
-200
-156
-161
-193
-185
-211
-228
-233
-269
-323
-372
-344
-274
-266
-298
-296
-342
-303
-252
-233
-257
-335
-282
-370
-381
-330
-372
-337
-377
-398
-398
-435
-389
-304
-260
-226
-262
-323
-316
-360
-333
-305
-335
-304
-309
-261
-198
-271
-245
-140
-217
-240
-156
-173
-190
-162
-160
-73
-69
-130
-93
-85
12
59
97
134
103
111
61
116
161
100
128
180
192
264
325
302
303
297
328
337
290
282
314
328
286
281
235
299
363
412
486
417
450
412
413
504
486
462
385
376
409
405
338
258
351
353
329
421
410
375
362
351
309
231
203
231
207
135
86
60
18
75
153
120
81
-48
-116
-78
-110
-158
-93
-72
-138
-143
-120
-107
-122
-120
-207
-301
-310
-302
-247
-236
-299
-341
-307
-323
-325
-293
-323
-323
-346
-335
-333
-337
-286
-362
-465
-432
-395
-403
-351
-370
-412
-350
-365
-364
-313
-280
-232
-210
-237
-311
-273
-208
-189
-138
-173
-200
-142
-181
-157
-31
-24
-47
-72
-61
-49
-31
5
17
55
33
111
179
169
167
85
59
126
190
178
194
221
179
191
192
169
251
315
297
293
342
307
188
219
286
291
251
246
289
226
215
290
291
310
295
239
199
143
187
239
193
158
168
221
252
194
208
184
106
147
124
40
70
100
73
64
15
36
-19
-65
45
-16
-24
14
-100
-135
-68
-82
-100
-85
-190
-163
-109
-159
-57
-117
-163
-98
-216
-195
-155
-215
-170
-189
-153
-141
-191
-134
-214
-200
-178
-176
-151
-266
-215
-208
-261
-243
-235
-121
-94
-127
-13
-12
-118
-100
-125
-145
-103
-123
-104
-36
-87
-96
-81
-92
-77
-70
19
75
71
-6
5
91
58
56
55
52
47
9
94
180
181
201
129
81
136
151
118
86
108
172
168
104
107
151
180
147
137
102
36
54
27
46
59
42
74
75
141
144
60
63
110
100
48
49
35
9
42
9
-60
-67
7
81
16
17
85
-8
-75
-12
-34
-44
-18
-81
-45
-21
-94
-152
-176
-98
-57
-69
-67
-100
-82
-121
-113
30
-78
-193
-136
-176
-116
-70
-98
-41
-105
-145
-97
21
49
-49
-28
-59
-4
12
-32
-4
-35
-15
-35
-22
42
29
26
17
-27
-33
-29
-38
-2
8
-22
37
72
65
108
81
6
3
35
50
58
66
71
50
30
62
52
-38
57
173
90
85
107
76
87
79
58
36
-25
-71
-68
7
96
45
28
76
62
9
21
10
7
63
-6
-2
-30
-13
51
-43
-21
-3
13
34
-37
54
88
20
40
-28
9
41
-22
14
-12
21
104
11
-50
71
161
92
-2
-10
26
65
69
81
81
-19
-7
8
-20
50
46
55
56
-28
-93
-13
74
-30
-27
6
-60
-11
-38
-39
10
-67
-5
8
-60
9
-1
-63
-63
-26
-38
-110
-86
-66
-97
-83
3
47
-5
-23
-31
-23
-33
-109
-84
-63
-112
-125
-78
-24
-78
-127
-135
-97
-123
-182
-75
-81
-156
-136
-101
-79
-98
-74
-99
-135
-76
-76
-74
-101
-156
-127
-69
-49
-42
-33
-20
-42
-58
8
13
10
46
46
44
63
62
58
24
-52
-68
-64
61
178
121
129
101
71
213
200
107
165
125
120
106
93
180
169
251
250
180
279
235
124
165
163
85
134
182
159
167
165
208
253
192
135
105
35
88
142
115
152
149
116
31
9
45
20
73
79
51
65
26
-39
-59
-18
0
-45
-89
-62
-3
-53
-113
-90
-153
-132
-82
-164
-99
-65
-122
-84
-86
-193
-186
-156
-214
-157
-182
-241
-237
-213
-168
-220
-219
-224
-257
-239
-195
-154
-206
-213
-157
-201
-205
-123
-172
-291
-263
-113
-115
-127
-98
-115
-78
-69
35
76
-3
-52
-37
-17
-52
-13
11
1
14
-2
9
33
50
76
119
113
35
72
76
37
104
77
130
163
154
222
166
161
145
132
205
187
144
98
142
220
95
26
80
115
126
170
193
197
216
132
180
217
112
155
150
59
64
123
91
-13
-12
28
14
0
10
20
27
-6
17
25
24
143
72
54
67
-95
-94
-93
-51
14
-61
-79
-66
-122
-148
-78
-113
-117
-42
-12
-2
-114
-114
-72
-74
-29
-105
-113
-113
-148
-64
-61
-67
-59
-77
-50
-104
-114
-28
-21
-106
-135
-81
-70
-27
-5
-3
4
-13
-34
-82
-66
-33
-36
1
-19
-71
-41
-24
27
61
24
11
-4
4
54
25
27
89
51
26
11
-25
23
113
2
-36
6
-24
50
-47
-49
28
-93
-39
18
42
119
31
-16
-16
19
113
54
49
50
56
96
76
82
47
-31
-5
86
46
-1
0
-13
-27
-54
-45
43
37
-29
20
15
-50
-30
-25
-45
0
-10
-45
-37
-77
-37
5
-19
-35
-83
-43
-37
-95
-49
-54
-61
-75
-171
-97
-12
-63
-61
8
24
-32
-70
-69
-82
-99
-95
-100
-93
-97
-116
-81
-42
-78
-61
-10
-13
5
40
-15
-30
-18
-45
49
5
12
37
-8
33
-119
-111
-2
16
89
86
63
75
77
57
42
43
108
68
36
85
19
76
67
20
128
1
0
106
77
92
66
104
133
118
132
140
138
102
117
158
125
95
113
9
-22
62
44
49
98
61
-9
51
103
83
68
1
-6
-4
-34
19
5
-43
-88
-63
35
19
-8
-7
-49
-71
-56
-82
10
34
-79
-72
-93
-83
-52
-95
-124
-139
-135
-134
-195
-192
-122
-102
-111
-95
-68
-126
-136
-123
-129
-106
-76
-24
-27
-27
-36
-37
-65
-55
7
-62
-61
-39
-78
-43
-20
-33
7
48
15
72
102
41
17
-35
14
69
57
50
28
14
59
123
117
83
24
58
65
35
94
111
159
145
99
88
60
75
41
71
48
21
21
-2
87
71
90
45
-11
134
98
51
77
88
91
41
6
-13
-18
-1
54
25
-66
-86
-8
-16
-65
57
61
-1
6
-48
-22
-1
-62
-51
-19
-41
-97
-72
-69
-71
-22
-84
-63
-23
-117
-79
-7
48
37
-47
-31
-76
-105
-70
-73
-44
-49
-69
-64
-24
17
-27
-4
0
-21
29
2
12
29
62
71
-6
91
71
-80
-23
9
5
12
-7
12
37
48
70
132
81
-14
18
33
37
103
112
78
82
72
19
-36
-49
-40
19
49
53
70
25
63
15
-56
52
63
7
17
-7
-50
-91
-59
11
-7
34
45
-12
-40
-66
-37
-52
-90
-85
-76
-94
-87
-52
-21
7
-37
-119
-131
-34
40
-17
-55
-31
4
-98
-183
-54
7
4
-29
-46
-70
-41
34
-35
-14
39
-33
-78
7
27
-26
44
18
-57
-66
-98
-89
-65
40
93
79
41
-22
32
54
53
85
124
81
6
24
24
70
99
69
146
146
66
59
84
86
32
60
97
102
61
37
85
63
90
114
69
124
185
132
60
-8
-21
-12
33
20
-62
-26
-14
38
122
26
-72
-32
-1
0
-52
-65
-30
-57
-51
-63
-71
-69
-18
-36
-124
-54
-109
-143
-58
-76
-49
-61
-114
-90
-66
-72
-115
-152
-133
-140
-192
-194
-136
-74
-25
-53
-104
-119
-102
-69
-67
-24
-45
-56
17
-61
-135
-106
-114
-74
6
14
-47
0
65
45
63
1
17
20
-60
17
39
-3
-20
13
60
21
37
51
34
88
121
138
117
82
121
88
84
113
72
124
129
67
47
41
119
188
147
78
58
63
71
54
25
64
117
135
150
122
116
72
45
122
43
-34
23
45
9
-11
3
41
106
117
37
-38
-7
-45
-89
-59
-10
-6
-40
28
-28
-84
-67
-57
30
-6
1
-59
-154
-23
-57
-69
-69
-124
-32
-75
-93
-52
-115
-142
-120
-22
-37
-173
-120
-65
-90
-79
-103
-60
-1
17
26
-19
-72
-31
-53
-124
-52
-38
-74
-5
5
-14
7
-55
-77
-8
-42
-76
-45
-72
63
111
-47
-40
14
-4
31
64
101
87
-24
0
-23
42
96
-11
130
186
155
169
76
94
92
44
31
1
-2
38
58
-10
-3
69
96
48
37
82
36
61
103
76
72
102
77
84
147
64
68
35
-54
18
8
28
19
-46
49
24
-3
87
19
-34
-88
-115
-18
-10
-13
-37
-82
-58
-48
-27
-121
-163
-66
-66
-37
-15
2
7
-71
-80
-55
-27
-21
-101
-106
-40
-5
-40
-133
-118
-88
-57
-53
-42
13
-34
-87
-101
-39
-1
-55
-64
-20
14
44
35
-49
-44
-9
9
4
29
76
12
-3
17
-13
-13
15
37
55
-12
-6
59
-7
9
31
47
57
44
49
77
97
-9
54
53
3
87
61
102
85
-3
38
52
5
-8
-28
-51
55
84
25
18
-43
43
44
-46
20
25
33
1
-56
-20
30
29
35
51
28
52
47
16
-11
-56
-69
-29
-28
-76
-52
-18
18
9
0
44
-3
-33
22
18
19
-11
-74
-78
-52
17
-12
-74
-12
-7
-27
20
31
29
37
15
-38
-50
-86
-101
23
122
98
0
-4
17
-27
20
-5
-31
0
4
14
-58
30
92
37
60
52
7
-23
-1
-79
-58
9
-24
6
-31
15
15
-29
23
-19
-2
-2
-16
33
-52
-72
-81
-113
-7
48
-16
-44
-25
27
71
-15
0
-13
-119
-74
-7
-1
-2
3
-4
24
29
34
70
20
-65
-60
-64
-134
-21
42
-25
3
-28
-5
7
-63
1
27
6
3
-24
-1
21
-19
18
60
32
71
43
15
-44
-50
78
22
19
34
-55
-16
24
-5
-34
-21
50
54
51
90
2
-21
-11
-42
70
55
-1
21
-46
-24
54
95
35
25
72
-79
-5
0
-79
80
63
48
13
-74
-27
-19
-20
-21
-18
25
-68
-110
-56
29
64
-33
24
-1
-66
36
-3
-71
-4
35
45
55
31
39
4
-35
-71
-103
-48
-33
-40
-21
-59
-95
-91
-42
-27
-50
-27
-29
-79
-34
35
-8
41
59
-18
60
54
24
31
-27
29
24
-18
-11
-13
34
-8
-53
40
86
51
70
81
29
-16
0
7
-30
-29
-15
-32
-38
-15
16
53
-12
0
112
90
111
58
65
113
24
64
55
-1
76
89
29
32
-19
17
76
34
120
104
7
-56
-105
2
43
53
74
6
-26
-27
5
24
-15
-8
-31
-9
7
-129
-111
-16
-24
-31
-59
-111
-83
-25
-27
-61
-94
-34
-60
-78
-30
-93
-83
-52
-103
-59
-63
-82
-29
-20
-11
-35
-84
-100
-25
-23
-83
-70
-66
-24
-19
1
56
-9
18
68
47
53
-29
-78
-52
-40
-15
15
79
93
46
16
-17
6
26
62
107
83
24
5
41
1
8
104
86
-13
39
85
83
93
128
132
36
17
-5
26
125
139
92
98
67
-36
6
40
-20
-12
54
102
60
17
25
60
5
-26
6
-56
7
58
83
67
-50
-2
-8
0
50
-29
-30
-49
-65
-51
-78
-82
-101
-107
-41
-34
-104
-94
-97
-185
-159
-24
-25
-55
-79
-137
-133
-118
-56
-22
-55
-37
0
-74
-133
-86
-75
-33
-57
-105
-39
-32
-35
8
49
56
57
50
25
63
103
126
78
-7
-3
-19
-77
-65
-3
68
133
113
29
24
24
-35
40
105
60
45
73
113
72
15
11
25
49
28
77
90
10
-3
20
49
8
5
49
27
47
90
63
46
62
15
4
39
84
93
50
37
24
58
52
22
21
-3
7
48
21
-69
-10
54
13
6
-23
-34
-25
-60
-4
17
-25
28
28
25
-27
-88
-12
-76
-125
-84
-89
-20
-94
-108
-38
-68
-1
-53
-143
-66
-71
-135
-55
-8
-34
-58
-67
-39
-44
-9
25
61
37
-87
-98
-35
-12
-41
-30
-32
-69
-10
-48
-45
71
57
-22
-44
57
124
97
69
77
36
2
15
-28
57
56
5
25
13
108
49
-5
32
23
27
-37
-29
8
42
38
18
45
-7
46
70
0
29
47
3
-2
22
29
90
18
-10
82
66
119
55
-21
35
21
51
37
-21
3
20
50
73
78
99
75
58
-28
-45
11
-66
-60
-60
-29
72
-43
-103
-104
-154
-49
-18
-101
-74
-52
-61
-22
-36
-43
-61
-150
-75
-31
-74
-96
-118
-39
-32
-55
-59
-45
-98
-158
-56
-45
-65
-46
18
24
-25
12
18
13
45
86
60
37
11
2
56
48
36
60
72
62
0
21
132
152
114
105
78
49
74
34
38
57
5
70
64
47
121
58
79
125
107
84
-50
-50
71
39
21
63
4
14
32
10
64
48
-40
-40
-34
-74
-44
-60
-45
-12
-79
-8
97
34
-31
-89
-74
-23
-43
-42
-2
13
-86
-105
-45
-57
-85
-22
3
-31
46
-14
-104
-62
-66
-27
-19
-62
-38
-31
-8
-3
-43
3
20
-24
-18
-65
-9
22
-53
-29
20
21
-97
-94
-30
-29
-15
-33
-9
-5
8
42
61
76
28
-22
-48
-11
60
61
11
-4
67
98
129
88
-25
41
22
-22
26
-24
17
79
35
3
0
-67
-29
73
40
10
-57
-64
22
24
-40
-8
21
-57
-12
22
-19
-45
-6
70
-7
30
38
-65
8
10
1
41
-41
-67
8
41
125
117
30
44
49
40
25
-23
-23
34
-20
-56
20
-2
-70
-48
-34
-30
-10
13
28
-15
0
67
69
89
105
50
3
-10
5
-16
-92
-18
14
-29
29
11
-10
-30
-10
78
24
5
51
26
-29
-55
-4
-31
-136
-115
-70
-76
-30
-41
-46
18
-19
-62
-7
-26
-105
-37
38
-8
-47
-30
43
5
-36
31
7
12
30
-3
-2
16
29
-8
-2
45
-19
-32
-2
-11
21
32
43
56
20
-26
32
40
3
2
-39
-43
-53
-61
26
65
7
-54
-55
92
139
41
65
-4
-86
13
12
-25
-4
-24
-35
-2
7
-72
-40
37
-18
7
18
21
6
-39
10
-27
-15
9
-31
-20
-46
21
-4
-116
-33
-25
14
-2
-24
43
-9
14
1
12
67
58
70
28
20
60
44
4
7
20
45
20
13
65
-4
-34
42
67
78
90
80
62
28
-6
-14
-8
-38
-17
4
-54
-11
28
29
4
9
44
-39
-29
-15
-32
-44
-68
-44
-42
-75
-119
-60
-25
-30
-5
-18
58
69
31
51
-20
-9
-30
-142
-127
-90
-64
-40
-112
-132
-84
-62
40
59
-7
22
34
10
11
-18
-46
-53
-22
25
4
-19
3
-11
-81
-88
-62
-35
41
28
13
62
58
27
-13
15
84
95
87
49
27
42
72
65
32
62
50
55
68
20
20
-11
-10
45
3
8
35
78
67
47
61
-37
16
59
31
-2
-33
16
-21
-13
26
20
58
73
15
40
104
7
-64
-36
16
54
-38
-79
-78
-76
-42
-43
4
-13
-52
-79
-49
90
55
0
-50
-71
-21
-54
-71
-81
-53
-54
-73
-62
-61
-42
-15
39
56
14
-19
16
55
21
31
55
5
5
18
-14
-10
-40
-47
12
49
27
16
8
-30
17
0
-58
12
4
-28
42
8
-44
12
20
-50
-39
58
70
108
96
94
67
-57
-49
7
71
38
-36
-38
-4
-2
12
69
5
-85
-74
-57
-32
34
31
-22
-122
-64
6
-47
-24
-26
-39
-27
-20
-26
28
22
-44
-63
-64
20
86
-11
-28
66
10
17
42
-11
29
46
-10
-33
20
38
15
50
52
30
-24
-49
57
110
2
-43
35
6
-31
-2
37
83
50
10
15
33
28
20
-8
40
77
13
43
61
43
30
70
13
-38
9
-17
37
42
-10
-9
-44
-74
-76
-23
25
-13
-61
-50
-6
-2
-10
-41
-29
39
11
-30
-30
29
50
-18
-10
13
24
20
-48
-34
-18
-43
-52
-68
-46
-55
-78
-22
16
0
1
-12
-20
-106
-74
16
-40
-27
-18
70
46
-36
1
-58
-11
-3
20
68
-56
-5
15
-1
63
40
-13
-7
5
-4
31
-51
12
87
14
32
-30
-20
1
-35
17
-1
20
66
3
16
73
61
43
125
116
38
70
42
48
41
-64
1
87
52
0
-59
-15
24
-31
-47
-47
-79
-85
-20
-14
-68
-30
10
-14
18
46
-5
34
83
23
45
43
32
27
-45
-58
-48
35
50
17
43
-8
-40
-2
-3
-5
8
23
12
6
33
43
7
-54
-19
-59
-27
82
-15
-4
35
-34
-21
-34
-69
-8
-5
19
34
-19
11
-1
-3
11
-33
-33
29
6
-24
-9
-16
20
-11
-60
-80
-113
-3
6
-16
94
-18
-104
-19
-62
-42
13
-43
-2
-8
-20
18
22
8
-56
-8
16
1
3
-40
-47
33
96
79
85
29
52
107
10
-81
-24
-17
-65
-15
-2
21
43
78
-19
-72
18
-35
5
-51
-71
36
-8
34
-49
-78
-5
-48
-66
-49
-25
-83
-96
-90
-37
14
13
32
51
36
-51
-65
0
11
-2
-13
-16
12
9
23
37
-51
-12
48
-4
35
45
10
-4
0
-1
3
41
96
85
-4
1
9
30
43
46
111
8
-38
20
-59
-51
28
58
80
19
-4
70
-1
-37
26
-4
66
22
-39
59
9
70
56
-103
-70
-4
-11
-1
16
6
-30
-91
-54
-51
-82
-30
-63
-45
39
-12
-32
26
-15
-3
-5
-72
-57
-7
-8
-47
-11
-49
-37
14
-52
12
69
32
14
-5
45
47
9
-7
-77
-34
42
17
15
-79
-55
28
-66
1
12
-103
-72
-16
21
25
30
63
25
-46
0
0
-13
85
44
0
23
-9
-21
-26
3
18
-29
33
102
21
15
86
150
83
10
31
-42
37
72
-80
-43
25
-38
-19
0
-13
19
28
70
54
-7
-30
-45
17
41
36
74
25
-11
16
49
5
-46
-14
-6
1
-18
-51
-32
2
30
4
-26
7
13
1
-30
3
20
-154
-104
6
-20
-71
-135
-10
-18
-116
-37
-9
-22
-90
-84
5
-76
-96
27
16
-30
-13
-43
-68
-29
13
8
58
18
-55
-25
-25
4
56
70
46
70
4
32
142
5
3
55
43
75
37
61
56
16
24
40
44
25
26
25
-9
-51
24
25
-6
71
44
24
-4
-12
-20
-46
50
48
3
-22
-18
39
11
-15
-24
-22
-12
13
22
-69
-79
-18
-30
-9
64
19
-21
44
-5
-6
-10
-36
42
-42
-57
-76
-83
-2
-37
25
6
13
21
-22
76
69
34
-36
-43
28
34
100
82
17
-63
2
111
17
40
14
-28
25
10
49
-28
-85
-37
-76
24
106
38
25
68
38
-22
-2
-17
-47
-43
-79
-76
-33
-50
-62
-64
-36
-6
-104
-109
-49
-42
-50
-53
17
35
9
-74
-55
34
-20
-41
-27
29
23
10
37
25
49
-40
-79
-95
-157
-93
-24
49
68
6
2
0
-9
60
81
87
56
-9
24
33
52
93
31
33
84
68
78
65
40
-18
-48
11
-14
-84
-55
14
29
12
-34
-52
20
72
3
-12
73
104
140
54
9
39
-39
-11
3
-57
-35
20
4
-33
18
35
-13
-48
-22
19
-20
-45
-29
-52
-38
-32
-69
-47
-27
-30
16
95
47
-69
-59
-22
-23
-12
4
-2
-28
-36
-4
26
-24
-57
66
82
27
80
24
-3
3
14
74
24
19
23
28
60
-7
-46
0
54
-5
-84
-16
6
-11
26
51
87
14
-80
-42
11
1
-35
-37
-85
-86
34
72
12
26
45
-12
-55
-40
-45
-33
-4
-12
-24
-48
-21
-26
-75
-19
36
13
26
-2
-61
1
-19
-25
-4
-115
-55
17
-8
-34
-90
24
76
26
85
30
12
82
-9
-5
62
47
79
-38
-104
-40
-5
10
-14
5
16
-7
2
2
44
14
-77
-29
33
77
67
38
33
42
6
-27
33
43
50
0
-34
-39
-67
48
71
-6
8
-8
-31
-4
-10
6
46
42
11
-17
-33
-47
6
88
79
-1
25
70
-40
-72
-47
-53
-47
-18
40
61
37
-26
2
65
44
49
-19
-76
11
18
7
25
40
49
4
-31
-15
1
-53
-83
5
8
-61
-44
-1
20
-15
-16
9
-40
-43
-42
-120
-10
71
-58
-29
-4
-47
7
-4
-4
16
-4
48
27
53
79
13
70
40
-42
-32
-56
-10
57
6
11
19
-53
-67
7
74
56
33
-12
0
75
-13
-7
3
-65
2
49
68
11
-22
-11
-40
-44
-110
-118
-23
-11
-9
-29
5
46
-9
-23
5
