90
71
18
-23
-32
15
-4
-30
-35
-67
-17
19
19
31
15
27
6
-47
-73
-47
-4
-95
-63
-27
-6
58
-27
4
51
-10
-65
-38
-17
-37
36
10
24
93
-33
-56
-3
-2
63
78
91
86
4
-46
-47
-32
-44
-47
-22
-62
-21
106
42
-23
27
52
-5
-71
-18
29
-3
-58
-77
-61
14
9
-18
30
-36
-8
-10
-39
61
-20
-64
16
23
46
37
-43
-52
-12
5
1
11
-5
-4
5
-30
8
-17
-10
29
-26
10
1
-24
4
-10
-9
22
71
11
-43
-57
-36
11
-47
-11
16
-12
67
56
0
23
13
31
74
35
2
-25
-71
-34
-1
63
24
-23
46
-47
-55
-21
3
63
9
18
32
-30
44
138
68
42
60
35
43
21
-48
-1
12
-31
-4
-33
-74
-7
24
-22
-7
-34
-58
-17
-27
35
104
64
32
-43
-35
56
30
-64
-50
6
-7
-17
-45
-16
-7
-28
-23
0
42
40
77
45
37
61
-17
1
20
-22
-15
-31
-82
-48
-39
-68
47
45
-46
35
32
2
1
-37
-47
-70
-35
-51
-91
-17
27
59
44
-5
-44
-50
69
71
-67
-67
-42
-23
18
-37
-72
-8
31
41
20
-22
55
44
28
32
-36
10
-17
-31
4
24
23
-67
11
89
20
-4
-56
-24
29
24
53
-11
-60
-9
14
42
2
-7
59
-38
4
117
8
-32
-17
-38
-15
44
-14
-63
15
17
31
47
-14
-16
-8
-49
-42
44
24
-28
27
44
54
3
-19
7
-22
14
53
19
-35
-11
61
37
39
18
-92
-45
7
-13
-6
-13
35
31
-15
-32
-59
-99
-63
-10
-9
29
-4
9
39
-30
-41
-8
12
-35
-125
-42
36
-9
21
40
22
0
-43
-2
-7
-76
23
84
59
-16
-47
29
26
51
97
72
-55
-104
-44
-13
70
129
86
-19
32
75
-39
6
2
-66
11
71
34
13
37
1
37
40
5
21
-53
-15
44
21
70
91
-7
-30
-14
5
43
11
-66
-116
-26
-31
-88
-18
0
-38
-52
-40
-58
-76
-62
-57
-80
-84
22
80
54
78
70
21
14
14
17
-10
-48
-57
-25
-46
-32
66
27
37
61
60
52
-20
-59
-45
39
22
-42
-3
-29
-47
12
25
-9
-5
23
39
33
3
-36
5
41
-3
1
-70
-105
-66
-63
6
56
32
-13
-15
10
26
22
6
31
90
78
7
8
19
10
16
-48
-62
-37
-23
85
91
24
6
1
14
34
25
15
-15
-48
23
26
10
36
57
61
8
15
-52
-29
-2
-20
52
-15
25
56
-25
51
66
-34
36
32
-75
21
37
-66
-64
-3
-15
-50
-56
-83
-7
41
-1
2
7
-23
-47
-56
-32
-29
-48
-13
15
41
27
-52
-55
-39
-29
25
26
21
32
-19
-35
-35
-63
-6
0
-72
-25
36
-2
-38
-5
48
4
-46
28
23
-68
-60
13
74
49
-18
-55
-93
-55
-3
-18
24
37
-19
-20
-5
-34
-46
-15
-15
-45
8
28
-1
39
46
63
89
61
-23
-3
57
25
2
-30
8
-2
-61
26
6
-21
132
137
80
65
-3
42
23
-69
-6
31
29
50
7
-20
84
83
0
48
53
48
41
13
-53
-67
57
46
13
-11
-14
14
-80
-120
-50
-1
15
19
0
6
50
8
-54
-60
-68
-75
-57
-40
3
16
-3
65
-47
-118
8
36
26
-29
-17
66
42
-13
14
-44
-49
1
-47
-15
6
23
-29
-39
39
-43
-91
-39
23
39
0
26
15
-43
-25
9
-21
-44
22
37
37
20
-72
-58
-13
-44
-2
23
-26
-37
-48
21
-5
-56
-4
-58
-21
27
-3
9
32
36
16
8
38
69
21
52
67
43
51
-35
-4
35
2
4
-16
-35
-24
-7
4
-1
-29
-22
2
-2
-20
30
12
-17
32
-1
-5
0
8
37
-17
9
31
10
12
-49
-37
-7
58
29
-47
29
-39
7
60
-65
-8
11
58
83
0
75
17
-93
-105
-27
15
-88
-22
35
-37
-21
-6
-45
28
79
16
12
-6
-19
1
46
15
-29
16
9
32
23
-20
7
75
27
-55
36
15
-44
35
1
-97
-65
-13
-4
0
33
67
9
-16
20
46
22
19
15
-11
-15
-39
-33
19
15
0
43
26
-4
-14
33
47
-12
-18
-52
-20
-9
-56
-23
-55
-58
30
44
20
-21
-71
-38
0
14
17
-32
-50
-36
-12
19
18
-27
-29
1
-6
-47
-40
0
-28
-26
9
13
68
96
46
39
21
40
30
51
34
-102
-51
8
4
-8
-63
-53
23
24
-42
-40
4
-15
-33
6
-25
-23
-20
-3
29
14
73
56
52
51
5
37
51
4
-47
45
49
30
36
-39
62
118
30
0
38
54
33
-25
-46
-7
-22
-40
-23
-26
-39
-19
32
121
34
-56
-1
12
28
-14
-20
31
16
14
18
1
-11
-48
-58
-26
-20
-65
-54
76
69
-22
-35
-48
-20
-29
-60
-81
-97
-14
25
21
5
31
52
-47
-35
-47
-12
83
33
-43
-65
-30
4
32
48
57
56
66
32
-54
-75
-49
-26
-20
-45
-66
-74
-54
-7
-44
-28
-23
-100
-61
24
16
36
146
67
33
79
19
1
-7
46
40
-7
69
107
159
158
44
47
96
26
34
118
38
48
101
106
145
109
63
68
124
102
65
123
95
18
-14
0
30
-33
-61
-52
-62
-54
-106
-143
-64
4
-19
-69
-77
-89
-131
-78
-59
-137
-116
-35
-22
-128
-111
12
-52
-87
-77
-103
-60
-23
-42
-61
-62
-63
-41
5
-48
-90
-24
-31
-34
-36
-67
-58
-37
40
5
-64
-6
13
-49
-30
18
25
32
-17
-58
-40
35
104
79
16
4
-1
55
92
2
30
47
41
46
-8
23
60
26
-12
-72
-50
10
3
52
58
15
40
31
1
6
18
13
27
26
-4
52
35
9
0
-39
64
71
41
79
1
3
31
-26
-45
-49
10
37
39
4
-42
17
-45
-72
-27
-76
-55
-28
33
60
8
18
15
43
32
-22
-54
-28
21
-33
-33
5
0
38
27
28
19
-12
56
58
-24
-51
10
24
-28
-58
-22
-24
-58
32
85
77
99
81
38
1
-4
34
18
52
54
-5
6
-15
48
130
80
130
114
-43
-10
44
18
4
0
21
11
-77
-53
60
-4
-13
31
0
13
-1
-58
-18
1
-81
-77
-51
-54
-66
-82
-69
-69
-68
-56
-60
-132
-106
-49
-98
-102
-83
-82
-119
-136
-116
-92
-45
-73
-136
-67
-38
-19
-15
-104
7
40
-54
-18
2
-20
-60
0
-16
-61
-17
-63
-27
-5
31
45
-59
-32
43
42
-43
22
106
51
79
47
-13
30
37
-27
-16
75
90
51
45
103
154
117
93
61
116
127
60
155
141
71
48
39
84
95
82
60
140
204
120
98
94
68
89
75
122
96
47
64
-20
51
120
78
34
47
61
-33
24
66
31
40
20
-1
-25
-52
-51
-19
-31
-72
-25
-86
-113
-77
-93
-21
-92
-64
-8
-127
-64
-8
-58
-51
-72
-51
-89
-49
36
-42
-27
-72
-80
35
-34
-50
-62
-100
31
0
-99
-53
-20
-23
-107
-123
-101
-33
74
-24
-58
-80
-179
-99
-114
-124
-22
-85
-52
20
-45
-84
-99
-97
-92
-108
-68
-45
-43
12
-36
-18
-9
-116
-41
-21
-59
-66
-104
-61
-121
-58
25
-89
-28
1
-60
-35
-54
-84
-64
-70
-41
-46
-47
40
15
8
6
4
54
11
36
59
47
108
137
139
106
98
108
74
69
123
152
94
53
109
175
186
135
166
237
194
204
212
173
135
172
227
207
175
115
197
308
239
160
147
159
183
197
139
123
178
196
158
134
136
82
61
30
-9
35
44
8
-19
-36
-45
-58
-165
-227
-84
-44
-78
-80
-175
-216
-212
-229
-172
-180
-311
-317
-260
-270
-258
-332
-391
-338
-344
-282
-168
-210
-212
-147
-206
-251
-205
-265
-310
-208
-193
-206
-197
-232
-211
-193
-163
-51
42
9
-9
-38
-103
-110
-102
-3
31
44
33
-72
7
70
16
130
162
127
237
154
69
140
137
182
189
198
185
133
212
199
147
134
116
141
141
141
118
122
91
77
117
104
87
42
66
116
104
74
7
27
56
-26
-45
3
-1
31
37
26
63
-5
7
-34
-71
17
-27
42
48
-1
29
42
-1
-19
91
-7
-47
-21
-85
54
77
14
16
43
102
113
123
113
80
54
80
93
146
139
50
57
139
161
127
118
59
102
133
108
210
265
258
150
88
116
102
137
151
104
135
200
119
37
70
94
82
53
-1
3
5
-24
-52
-96
-63
-27
-22
-68
-71
-54
-99
-133
-165
-173
-147
-111
-172
-174
-183
-231
-196
-279
-323
-308
-286
-292
-294
-219
-274
-259
-253
-328
-344
-348
-361
-377
-294
-279
-362
-328
-238
-250
-234
-239
-271
-263
-324
-271
-180
-182
-210
-192
-148
-189
-216
-186
-158
-84
-12
-5
16
39
-30
-7
56
33
38
-13
38
124
113
162
146
155
191
167
157
146
155
209
253
226
230
317
316
274
312
308
249
304
326
339
417
320
341
412
310
311
287
336
385
239
297
323
235
246
213
266
272
273
302
245
291
295
256
216
135
220
229
95
84
66
58
91
78
104
61
60
64
5
10
-35
24
-11
-102
-35
-121
-203
-218
-210
-147
-170
-173
-191
-251
-218
-181
-193
-151
-193
-272
-234
-303
-336
-262
-319
-341
-278
-343
-349
-268
-286
-251
-224
-247
-243
-330
-318
-308
-334
-292
-295
-254
-224
-204
-228
-288
-243
-131
-107
-229
-238
-197
-237
-263
-291
-225
-173
-128
-121
-172
-116
-91
-81
-54
-17
-52
-51
12
21
51
-3
27
87
74
108
95
131
178
162
254
299
314
312
265
311
264
283
348
286
274
318
364
317
291
324
309
355
385
336
370
413
351
315
344
387
351
297
302
309
311
241
165
170
201
205
210
196
138
108
107
88
31
-14
-41
24
50
22
41
47
102
131
66
-21
-37
-27
-45
-154
-146
-108
-235
-264
-254
-220
-194
-229
-165
-129
-156
-161
-184
-236
-269
-288
-296
-237
-293
-320
-281
-300
-215
-251
-280
-212
-228
-216
-156
-152
-142
-170
-263
-155
-162
-309
-267
-261
-198
-158
-205
-166
-105
-137
-153
-112
-126
-72
-76
-110
-50
-140
-211
-149
-91
4
-12
0
68
47
42
20
41
75
43
50
62
5
-17
-13
-26
23
57
78
134
92
93
197
170
96
101
71
20
24
-19
-82
-35
82
90
19
37
110
113
86
122
131
151
138
71
158
160
77
109
85
123
155
159
209
270
315
254
232
219
225
267
236
207
214
190
178
227
213
156
152
208
242
248
269
253
247
221
193
203
175
122
85
85
72
134
188
136
135
137
155
142
59
-25
-36
-22
-101
-67
-50
-98
-30
-24
-44
0
-33
-94
-73
-71
-88
-87
-133
-163
-209
-259
-304
-307
-217
-251
-294
-257
-244
-216
-220
-237
-193
-172
-234
-256
-284
-308
-341
-270
-187
-264
-268
-272
-246
-202
-237
-209
-139
-254
-357
-262
-241
-264
-330
-375
-318
-252
-201
-212
-198
-157
-147
-117
-125
-120
-185
-219
-126
-190
-256
-269
-209
-154
-233
-171
-96
-87
-32
60
101
12
35
115
67
77
71
66
123
58
148
228
173
220
170
179
226
212
257
297
274
269
312
288
268
265
295
278
313
394
339
313
290
282
320
272
303
392
322
270
234
239
285
310
340
254
317
356
285
313
299
340
302
309
365
246
188
158
82
18
66
180
189
191
204
177
144
95
75
82
91
50
31
-3
-107
-120
-150
-173
-159
-129
-82
-81
-81
-157
-186
-188
-217
-213
-320
-325
-308
-378
-440
-467
-360
-330
-351
-318
-295
-313
-372
-341
-272
-274
-313
-329
-353
-355
-324
-302
-310
-334
-286
-257
-256
-260
-284
-201
-164
-210
-140
-80
-142
-154
-155
-202
-131
-161
-186
-50
-76
-116
-3
81
22
-13
39
41
80
81
22
43
31
27
89
164
177
165
170
198
267
205
157
159
132
195
216
161
149
177
163
159
168
178
200
200
260
279
284
257
187
176
176
209
158
104
106
107
132
160
192
166
153
148
112
111
146
179
142
57
78
96
-13
-25
1
21
75
100
116
126
83
11
28
23
26
14
-55
-88
-120
-34
26
-26
-9
25
-11
-67
26
95
6
-20
-7
8
-33
-80
-127
-184
-138
-137
-104
-67
-137
-144
-147
-176
-91
-76
-171
-187
-165
-188
-251
-229
-148
-135
-176
-225
-185
-110
-140
-139
-51
-79
-170
-165
-161
-198
-149
-122
-155
-166
-177
-117
-137
-158
-86
-86
-64
-34
-59
-77
-67
-72
-114
-130
-86
-79
-88
-25
-50
-78
-6
-19
-50
-12
31
44
-4
-14
-9
-8
21
21
37
103
91
118
162
82
66
83
180
242
164
155
174
198
186
210
214
200
232
214
275
280
279
330
350
359
310
323
354
294
196
201
273
282
258
254
191
248
305
215
256
229
187
195
170
229
180
102
49
-27
44
16
-64
0
-57
-71
-53
-57
-40
-93
-74
-15
0
-65
-74
-118
-260
-222
-158
-123
-99
-96
-68
-142
-163
-133
-166
-160
-181
-153
-124
-228
-185
-190
-251
-203
-184
-174
-196
-165
-146
-160
-208
-215
-148
-217
-259
-275
-313
-318
-268
-233
-289
-259
-241
-219
-278
-288
-228
-255
-145
-155
-215
-222
-255
-237
-254
-196
-136
-221
-246
-171
-157
-124
-110
-82
-32
-5
8
-9
14
18
7
40
63
70
115
140
165
159
159
162
63
156
289
288
259
158
168
192
202
239
211
217
177
180
220
187
234
208
200
262
237
265
236
167
154
151
164
115
92
168
210
138
171
191
139
184
125
139
176
129
189
221
199
147
151
175
173
223
184
199
192
81
115
93
64
117
87
62
47
55
87
23
1
38
-20
-1
33
-48
-54
-42
-93
-181
-179
-99
-35
7
-124
-116
-68
-139
-97
-143
-115
-149
-235
-121
-132
-151
-174
-212
-155
-182
-218
-196
-155
-154
-173
-137
-157
-182
-210
-230
-175
-101
-87
-106
-135
-218
-169
-112
-165
-214
-230
-182
-199
-200
-104
-128
-161
-130
-203
-188
-132
-204
-228
-199
-193
-184
-150
-151
-92
-92
-116
-109
-147
-66
-73
-89
-29
-8
6
53
91
48
40
74
102
122
81
20
119
189
138
168
195
234
227
132
170
214
241
262
241
295
232
269
320
168
259
325
264
325
307
283
255
236
281
214
208
246
196
224
211
196
166
148
204
132
87
93
99
70
8
3
2
11
21
8
14
-18
-100
-84
-61
-70
-60
-86
-39
-18
-130
-143
-97
-125
-174
-265
-237
-179
-190
-123
-110
-112
-130
-178
-191
-216
-125
-82
-182
-202
-208
-138
-60
-148
-161
-106
-37
-7
-96
-104
-86
-82
-125
-171
-98
-32
-61
-95
-110
-165
-163
-128
-160
-202
-185
-73
36
23
-44
-79
-67
-50
-21
-32
-50
-63
-102
-36
75
67
53
40
13
43
36
22
29
14
-42
-17
53
73
74
46
128
84
-17
101
127
108
130
145
87
10
71
59
83
93
55
46
13
73
143
159
144
184
166
94
125
182
144
135
186
127
51
69
150
138
155
157
106
109
93
83
87
84
43
14
46
82
87
36
48
103
63
45
101
54
-16
35
-45
-42
0
-55
-4
-26
-10
27
-75
-85
-23
-60
-83
-61
-99
-123
-124
-168
-162
-186
-162
-75
-132
-146
-140
-220
-173
-61
-68
-147
-217
-159
-131
-138
-118
-158
-100
-135
-180
-142
-108
-25
-70
-118
-89
-48
-69
-77
-12
11
12
-92
-128
-66
-38
-81
-20
93
11
20
36
35
29
-3
12
0
35
-18
-86
-5
33
35
49
8
42
82
13
-19
-10
64
17
-109
-15
30
-1
18
-13
41
88
68
126
122
73
69
126
161
129
140
123
69
66
73
71
74
67
90
100
85
52
112
213
155
79
78
33
-3
31
12
-4
51
92
76
89
78
24
45
16
-45
-67
-66
-6
32
0
-2
44
103
63
-34
-35
-2
-5
39
19
-85
-22
9
-4
-4
-41
26
51
7
13
45
27
47
70
50
50
51
56
0
-10
0
-87
-72
0
-28
14
54
107
120
-39
-59
-17
-73
-117
-121
-119
-71
-101
-147
-71
-73
-42
-9
-12
-48
-83
-28
-58
-89
-88
-116
-100
-72
-107
-128
-83
-62
-68
-82
-40
11
-18
-54
-118
-115
-59
-55
-42
-112
-158
-90
-102
-81
9
6
-6
13
-31
-56
-40
-53
-17
-40
-71
-27
-55
-109
-88
-36
-16
7
68
43
-72
-122
-73
23
33
16
75
69
54
120
33
26
121
103
174
132
93
193
154
103
59
24
74
109
118
109
148
216
230
183
133
111
139
122
35
48
135
143
84
77
94
67
73
127
90
113
83
8
52
38
33
54
12
-20
2
-3
13
42
35
36
49
39
39
-20
-101
-11
-4
-20
4
4
9
-79
-114
-85
-65
-65
-29
-24
-73
-77
-39
1
32
35
-10
-32
-24
11
0
17
-50
-168
-117
-110
-86
-4
-24
-24
-74
-153
-114
-89
-104
-120
-101
-104
-143
-152
-129
-98
-131
-120
-119
-213
-171
-158
-244
-158
-88
-37
7
-107
-132
-100
-164
-186
-159
-152
-108
-84
-66
-18
-75
-87
-94
-60
-44
-115
-26
11
18
58
21
61
82
26
102
159
65
138
232
144
101
154
154
75
93
127
180
206
175
239
294
262
177
166
145
97
135
176
126
90
176
231
207
179
209
183
194
243
111
80
116
62
77
117
123
64
61
95
38
-2
8
11
53
20
-74
-122
-73
-16
-61
-16
-37
-85
-21
-27
-15
-88
-105
-18
-62
-9
-35
-71
-7
-79
-107
-108
-85
-58
-96
-128
-117
-143
-178
-87
-88
-84
-82
-146
-63
-114
-216
-177
-190
-192
-129
-94
-89
-141
-88
-28
-124
-117
-59
-116
-89
-47
-136
-121
-40
-18
-78
-105
-60
-103
-84
-16
-56
-44
39
-7
-38
-16
9
28
55
92
36
93
102
100
156
77
108
108
109
130
44
144
189
161
169
90
117
117
121
127
87
90
90
159
190
174
158
50
48
127
146
178
96
62
105
99
101
96
144
127
117
112
-2
-37
18
56
76
49
46
59
36
26
8
25
25
48
21
-87
-42
-28
-104
-46
-23
-75
-63
-62
-52
-44
-62
-19
0
-13
-36
-62
-63
-102
-90
-77
-99
-45
-62
-80
-83
-114
-124
-122
-147
-233
-289
-317
-344
-314
-203
-173
-191
-172
-224
-276
-307
-276
-184
-243
-289
-218
-223
-212
-259
-319
-303
-371
-322
-287
-252
-219
-334
-317
-218
-183
-276
-274
-178
-191
-217
-230
-135
-111
-156
-111
-94
-33
6
-29
48
97
60
112
106
106
194
202
177
223
245
199
232
222
232
292
322
356
414
399
318
426
455
440
532
551
578
592
493
506
581
566
603
578
570
634
659
652
629
674
704
617
591
611
625
564
504
521
511
507
427
418
402
350
385
344
365
350
231
216
222
227
256
212
194
289
264
132
81
104
112
97
38
-4
44
-4
1
57
-24
33
64
-80
-149
-130
-136
-188
-185
-200
-254
-331
-429
-507
-602
-642
-734
-832
-858
-964
-1099
-1227
-1390
-1526
-1601
-1662
-1720
-1790
-1873
-2005
-2091
-2135
-2265
-2276
-2269
-2311
-2304
-2316
-2273
-2282
-2227
-2059
-2006
-1870
-1699
-1675
-1600
-1404
-1216
-1055
-838
-677
-543
-246
-84
-4
237
436
636
825
961
1133
1270
1419
1581
1679
1773
1893
1990
2064
2160
2223
2209
2182
2218
2282
2284
2249
2202
2157
2107
1981
1860
1756
1639
1580
1428
1271
1229
1101
959
854
786
760
665
546
434
302
280
250
184
120
103
269
269
226
219
175
225
296
362
418
485
472
414
410
519
528
553
651
666
656
589
594
605
696
771
709
621
492
438
430
469
450
383
412
387
349
335
285
244
193
129
100
49
19
59
23
-34
-89
-149
-137
-173
-231
-272
-324
-333
-393
-441
-471
-532
-526
-680
-869
-881
-937
-999
-1144
-1361
-1541
-1707
-1800
-1805
-1790
-1903
-2119
-2449
-2691
-2810
-2969
-3021
-3105
-3252
-3431
-3591
-3712
-3767
-3727
-3785
-3776
-3843
-3982
-3885
-3715
-3413
-3163
-3083
-2935
-2821
-2596
-2340
-2245
-2066
-1788
-1451
-1152
-751
-312
-16
370
655
1010
1408
1663
2014
2174
2296
2563
2816
3171
3534
3777
3952
4067
4151
4258
4454
4700
4737
4629
4572
4492
4431
4351
4149
4037
3968
3797
3584
3394
3314
3215
2981
2728
2513
2323
2150
1819
1419
1079
823
599
370
292
211
49
-192
-466
-592
-754
-928
-1077
-1347
-1518
-1633
-1743
-1829
-1955
-1959
-1970
-2058
-2060
-2016
-1875
-1695
-1672
-1751
-1733
-1657
-1571
-1491
-1438
-1375
-1228
-1087
-924
-558
-275
-26
195
282
393
536
723
835
823
773
722
785
966
1176
1383
1479
1505
1538
1549
1613
1583
1423
1204
917
749
667
587
582
451
314
261
118
56
25
-28
-81
-332
-593
-618
-681
-769
-875
-1054
-1200
-1360
-1471
-1489
-1308
-1176
-1143
-1177
-1238
-1163
-1219
-1349
-1606
-1989
-2368
-2658
-2643
-2543
-2452
-2330
-2372
-2524
-2535
-2498
-2561
-2651
-2916
-3323
-3660
-3770
-3666
-3476
-3346
-3293
-3151
-3074
-2945
-2648
-2433
-2298
-2182
-2018
-1767
-1492
-1146
-813
-528
-306
-138
115
519
1033
1459
1772
2138
2455
2850
3322
3620
3750
3758
3820
3838
3871
4073
4316
4636
4899
4985
5094
5275
5384
5334
5117
4760
4219
3741
3512
3339
3201
3116
2993
2800
2656
2494
2292
2042
1603
1084
588
296
226
101
-42
-209
-387
-531
-701
-720
-687
-790
-920
-1147
-1323
-1308
-1288
-1229
-1299
-1589
-1827
-1957
-2001
-2007
-1984
-1980
-1947
-1895
-1919
-1629
-1305
-1210
-1263
-1517
-1760
-1856
-1767
-1627
-1482
-1443
-1342
-1015
-652
-283
45
63
-116
-222
-333
-361
-310
-274
-292
-346
-231
42
295
515
638
486
285
194
107
82
26
-84
-153
-157
-28
133
211
295
239
-22
-185
-151
-27
17
4
50
-16
-69
71
151
116
-64
-285
-376
-345
-249
-85
209
338
276
259
200
129
19
-359
-775
-1035
-1294
-1235
-978
-880
-878
-1012
-1213
-1434
-1588
-1822
-2145
-2431
-2794
-3075
-3130
-3029
-2834
-2640
-2497
-2348
-2285
-2255
-2165
-2068
-1981
-1861
-1671
-1431
-1068
-725
-530
-210
88
233
524
853
1150
1566
1928
2194
2509
2736
2949
3211
3321
3311
3387
3490
3653
3897
3955
3981
4063
3986
3909
3876
3818
3768
3564
3294
2986
2661
2448
2196
2014
1821
1570
1336
1108
956
782
597
302
-11
-296
-681
-998
-1136
-1245
-1499
-1748
-1809
-1682
-1480
-1284
-1220
-1341
-1495
-1657
-1764
-1932
-2058
-1977
-1951
-1826
-1644
-1512
-1262
-1078
-983
-997
-1169
-1207
-1161
-1229
-1270
-1199
-1034
-863
-721
-644
-509
-472
-636
-688
-697
-609
-393
-295
-215
-81
26
226
320
240
233
115
81
190
254
503
778
1009
1132
1156
1271
1281
1116
889
841
831
682
766
916
957
1048
1092
1159
1251
1205
1103
1017
855
733
690
737
805
750
686
702
843
882
804
840
744
507
229
-143
-351
-541
-901
-1214
-1497
-1658
-1659
-1721
-1867
-2042
-2326
-2680
-2954
-3138
-3268
-3475
-3623
-3690
-3849
-3873
-3869
-3940
-3898
-3826
-3666
-3414
-3226
-2948
-2553
-2274
-2091
-2065
-1998
-1664
-1351
-1055
-743
-436
-43
266
489
1026
1722
2119
2118
2107
2501
2941
3244
3366
3263
3305
3431
3553
3714
3885
3982
3920
3836
3866
4012
4138
4163
3906
3418
3060
2888
2642
2318
1961
1713
1730
1671
1623
1702
1805
1579
932
404
19
-301
-799
-1387
-1537
-1472
-1399
-1410
-1568
-1587
-1460
-1369
-1459
-1659
-1802
-1829
-1862
-1922
-1897
-1828
-1720
-1718
-1855
-1925
-1681
-1351
-1414
-1578
-1383
-840
-351
-330
-461
-560
-760
-926
-987
-828
-729
-1033
-1266
-780
139
537
434
493
514
432
517
712
1215
1784
1863
1643
1695
2024
2079
1675
1299
1237
1329
1600
1996
2209
2092
1952
2082
2020
1423
830
687
608
428
551
1232
2008
2138
1760
1655
1931
1789
835
-207
-414
-91
82
208
574
1202
1384
771
20
-667
-1595
-2981
-4684
-5791
-5546
-4449
-3551
-3270
-3330
-3132
-2859
-3365
-4476
-5299
-5543
-5486
-5420
-5203
-4041
-2409
-2017
-3075
-4048
-3853
-3332
-3853
-4932
-4728
-3155
-1664
-1100
-1104
-805
-464
-853
-1805
-2135
-1117
270
1060
1837
3326
5201
6366
5792
4163
3069
2866
2658
1866
1380
2339
4253
5449
5442
5200
5234
4784
3142
1368
1045
2065
2896
2676
2625
3788
5061
4834
2932
1102
431
224
-121
-218
701
2145
2791
2399
1624
1006
269
-1289
-3340
-4522
-3712
-1697
-128
445
741
1317
1402
211
-1552
-2333
-2095
-2065
-2387
-1895
-60
1412
867
-832
-1812
-1674
-1751
-2313
-2022
-520
974
1287
1006
1167
1057
-112
-1754
-2507
-1859
-809
92
949
1864
2454
2216
1493
633
-96
-347
11
788
1609
2414
3092
3256
2729
1990
1688
1568
1024
437
687
1735
2381
2185
1892
1807
1589
763
-91
-128
251
264
-100
177
1058
1307
350
-1149
-1837
-1669
-1302
-834
-199
457
844
880
398
-860
-2904
-5571
-8480
-10419
-10212
-7726
-4512
-2727
-2616
-2843
-2675
-3105
-5000
-6960
-7136
-5775
-4348
-3119
-1267
656
368
-2908
-6420
-7379
-6308
-5487
-5455
-4263
-1050
2158
3115
1890
-225
-2356
-4119
-5075
-4190
-1090
2938
5960
7244
7651
7889
7295
4834
1335
-859
-396
1660
3226
3926
4976
6304
6350
4853
2952
1985
1815
1632
2258
4256
6694
7873
6840
4910
3483
2263
620
-1109
-1774
-732
1402
3488
4803
5233
4755
3481
1487
-698
-1889
-2271
-2881
-3513
-2622
542
3599
3722
1715
417
510
41
-1921
-3153
-1906
151
406
-619
-336
814
-65
-3240
-5128
-3520
-745
220
-75
891
2752
3028
1362
-678
-1886
-2709
-3754
-3850
-2159
48
1132
901
381
124
-257
-892
-1164
-627
415
1645
2717
3033
2515
1640
840
432
187
-120
100
803
1730
2597
2971
2943
2109
455
-1115
-1996
-2017
-1586
-1038
-85
1211
2351
2600
1544
-325
-2192
-3026
-2442
-1131
322
1895
3280
3685
2737
515
-2495
-6328
-10690
-13642
-13221
-9050
-3946
-1249
-992
-1252
-1471
-2956
-5953
-8289
-7788
-5323
-3358
-2253
-395
1986
1748
-2554
-8002
-10066
-8120
-5926
-5460
-4434
-789
3521
4833
2327
-1360
-3891
-5202
-5785
-4661
-672
4734
8291
8822
8021
7512
6845
4391
679
-1755
-1461
949
3727
5575
6294
6240
5634
4576
3286
2293
2232
3302
5033
6939
8690
9441
8323
5285
1421
-1301
-1861
-1218
-587
100
1746
3947
5290
4964
3267
1204
-1031
-2752
-2580
-578
1852
3092
3238
3368
3163
1765
-768
-2840
-3247
-2725
-2172
-1562
-436
527
8
-1607
-2954
-3307
-2920
-2674
-2261
-673
1623
3365
3650
2397
499
-1248
-2531
-3093
-2917
-2226
-1267
-474
-178
-58
-86
-646
-1809
-3028
-3265
-2251
-827
369
1468
2369
2569
1892
1001
571
167
-399
-536
-40
579
712
549
632
897
696
66
-251
-189
-211
-639
-952
-566
20
435
904
1375
1460
623
-736
-1491
-1565
-1389
-722
880
2878
4017
3671
2603
1522
-737
-5508
-11679
-15214
-12766
-6175
-662
834
66
-69
-97
-2602
-7408
-10214
-8059
-3968
-2468
-2683
-206
4241
4426
-2302
-10275
-11712
-7000
-3233
-3516
-3715
319
5766
6525
1709
-3917
-6390
-6640
-6784
-5339
-334
6613
10985
10271
7216
5685
5686
4384
633
-2510
-1518
2618
5870
5897
4383
3667
3450
2425
935
1261
3985
6743
7799
8032
8901
9462
7290
2206
-2530
-3837
-2283
-292
1004
2081
3267
3808
3211
2124
1256
486
-343
-313
1542
4299
5485
3981
1296
-726
-2186
-3760
-4404
-2656
373
1788
756
-353
181
578
-1400
-4648
-5536
-3104
-574
-105
-274
595
1585
1024
-576
-1452
-1290
-1271
-1598
-1445
-722
-357
-1081
-2079
-2657
-2919
-3026
-2729
-1656
-689
-316
-28
712
1504
1395
745
476
729
905
898
1025
1212
884
40
-321
-97
91
114
629
1864
2649
1861
312
-448
-641
-1052
-1317
-514
1007
1879
1481
819
793
639
-443
-1794
-1734
-72
2218
4217
4840
3933
2328
1035
-1001
-6308
-13832
-17786
-13441
-4504
874
571
-946
-198
-292
-4970
-10198
-9051
-2244
1741
-904
-3359
643
5857
2529
-8476
-15763
-12479
-4540
-1159
-2578
-2035
2745
6366
4172
-1541
-5186
-5624
-5706
-5696
-2583
4586
11332
12389
7933
3284
2461
3355
2098
-1170
-2694
-69
4206
6136
4933
2806
1465
440
-445
325
3780
8026
9762
8751
7707
7981
7738
4246
-1398
-4822
-3974
-767
1508
1858
1605
1530
1420
973
382
334
752
1477
2940
4783
6148
6034
3943
216
-4013
-6620
-5822
-2120
1601
3041
2771
2379
1493
-994
-4420
-6296
-5178
-2410
324
2549
4225
4394
2247
-772
-2512
-2673
-2454
-1943
-231
1834
2295
889
-828
-1936
-3489
-5850
-6797
-4329
-98
2178
1770
989
1251
1258
-529
-2791
-3106
-1208
803
1661
2066
2509
2408
998
-1144
-2424
-1888
-178
1099
1486
1785
2430
2794
1712
-705
-2485
-2175
-441
786
783
659
1244
1879
1534
661
343
737
990
399
-142
940
3357
4847
3707
854
-944
-974
-2639
-8676
-15401
-15918
-8610
-273
1508
-1903
-3510
-1698
-1540
-5747
-9183
-6018
312
1863
-1755
-3066
1262
3904
-2302
-12554
-15547
-8268
183
1367
-1936
-1831
2685
4821
638
-5315
-7159
-5160
-3037
-1482
2353
8405
11611
8686
2858
423
2864
5013
3062
-535
-700
3287
6608
5715
2112
-455
-690
159
1263
3303
6228
8181
7925
6323
5445
5279
3771
356
-2739
-2740
-21
2615
3014
1524
299
60
145
133
262
1054
2083
2822
3451
4019
3667
1085
-2795
-4730
-3061
-2
1090
394
942
3209
3873
883
-3254
-4752
-3805
-3042
-2421
-69
3565
4825
1959
-1674
-2440
-1180
-1032
-1844
-745
2362
4339
3161
329
-1961
-3667
-5398
-6315
-4969
-2007
121
563
602
826
663
-510
-2172
-2797
-1825
404
2818
4224
4032
2391
642
-371
-1064
-1788
-2078
-1146
779
2294
2327
1300
159
-646
-1140
-1430
-1152
-46
1481
2597
2949
2618
1730
858
193
-134
16
619
1843
2681
1981
-94
-2176
-2155
-174
1355
1237
674
1315
1630
-2249
-9933
-14728
-11225
-2826
1865
36
-2594
-1601
-707
-4952
-10991
-10585
-3158
2231
-217
-4495
-2361
3240
2096
-7525
-14951
-11411
-1978
2303
-141
-1582
2038
4993
1104
-5834
-8394
-5850
-3328
-3369
-1807
4263
10159
9827
4128
-213
787
4066
4917
3476
3172
4920
6122
4794
2345
979
601
-52
-760
377
3960
7364
7480
4647
2295
2473
3511
2868
817
4
1590
3832
4413
3197
1939
1099
64
-683
-95
1832
3204
2329
413
-278
442
684
-817
-2758
-3170
-1676
666
2872
4427
4423
2540
-484
-3046
-3682
-2690
-1129
107
942
1515
1127
-567
-2704
-3947
-3541
-1741
359
2183
3727
4180
2332
-1378
-4315
-4525
-3179
-2552
-2810
-2358
-373
1338
544
-1869
-3045
-1885
-297
307
979
2759
4624
4259
1395
-1583
-2408
-1262
-30
458
830
1614
2271
1793
87
-1804
-2729
-2152
-741
555
1524
2339
3094
3222
2255
1045
322
58
60
174
699
1320
1159
142
-1154
-2285
-3057
-2947
-1139
1686
3386
3414
3188
2616
-1175
-9206
-15753
-13591
-4054
3323
2542
-2120
-3974
-3825
-7052
-12080
-10772
-1798
5089
2307
-3991
-3541
2010
1552
-8091
-15571
-10711
1212
7327
3985
-553
14
1472
-1793
-7055
-7896
-4194
-1787
-2918
-2673
2537
8443
8270
2136
-2256
557
7080
10433
8667
5736
4943
4759
2966
159
-1061
-165
533
537
1837
5130
7723
6364
2023
-608
954
4325
5457
3727
2115
2351
3448
3433
2044
800
222
-180
-146
1207
3468
4363
2155
-1378
-2590
-977
144
-1557
-3932
-3213
454
3179
2854
1506
1412
1558
-71
-2563
-2773
-483
898
-128
-1223
-231
948
-701
-3961
-4788
-2103
905
1749
1573
2141
2661
1352
-1285
-2625
-2001
-1635
-2524
-3059
-1732
141
172
-1291
-2143
-1327
247
1020
923
910
1549
2447
2567
1475
-26
-760
-77
1164
1450
933
316
-142
-648
-1281
-1119
-93
632
677
567
1113
2082
2163
1472
1138
1488
1643
1108
594
296
-164
-754
-805
-137
-5
-1296
-3044
-3363
-1629
557
1632
1813
2031
2322
1093
-3299
-9671
-13537
-10740
-2710
3534
2929
-1900
-5654
-7565
-9970
-12061
-8757
136
6129
2656
-5242
-6841
-1492
362
-6388
-12762
-8350
3138
8824
4188
-2141
-2731
-1247
-3879
-8083
-6686
-320
3073
-32
-3121
333
6524
7550
2701
-588
2742
9067
11814
9328
5355
2869
1578
615
702
2664
4797
4493
2016
606
2133
4724
5196
3064
1531
2850
5615
6627
4406
1209
-461
-273
969
2505
4074
4725
3632
1642
581
1144
1541
251
-1646
-2090
-896
-22
-535
-1662
-2352
-2844
-3262
-2132
992
3841
3594
434
-2268
-2329
-1354
-1477
-2012
-1160
536
517
-2006
-4340
-4004
-1920
-408
98
1004
2470
2588
512
-2228
-3584
-3054
-1826
-958
-521
-335
-593
-1367
-2131
-2151
-1338
-99
1395
2860
3757
3765
2752
1006
-641
-1324
-604
1114
2608
2967
2223
1023
-232
-1373
-1684
-863
428
1252
1375
1438
1629
1147
-314
-1386
-578
1542
3258
3585
2686
1142
-618
-1810
-1742
-888
-740
-1607
-2035
-1003
195
-337
-1558
-1377
-204
442
742
1561
1032
-3889
-11194
-12975
-5424
3719
4102
-3951
-9853
-8367
-5895
-7707
-8499
-1549
7122
5361
-6016
-12429
-6500
1264
-1225
-9203
-8140
3402
10891
4835
-6216
-9126
-4224
-1401
-3728
-3938
1651
6085
2618
-4617
-6122
-198
5395
4988
2265
3577
8648
11188
8149
3273
1490
3014
4019
3347
3492
5483
6731
4280
18
-946
2631
6475
6099
2634
1042
2683
4097
2659
234
174
2351
3473
2505
1928
3260
4495
2873
-112
-598
1920
3645
1308
-2987
-4657
-2982
-1397
-1781
-1811
217
1951
283
-3141
-3056
997
3547
973
-3141
-3084
60
653
-2621
-4999
-3082
108
244
-1527
-1169
1133
1224
-1732
-3221
-806
2064
1294
-2044
-3544
-2220
-1322
-2579
-3656
-2291
69
410
-868
-736
1268
2764
2073
550
353
1234
1311
430
313
1639
3132
3050
1556
3
-788
-608
237
1146
1691
1601
802
53
-300
-619
-836
-368
1226
3003
3726
3281
2229
1178
157
-810
-1184
-731
-177
-492
-1702
-2395
-1479
-188
-222
-1345
-1547
200
2195
2187
543
-97
270
-1743
-7658
-12738
-10424
-2111
3369
394
-6405
-8806
-6759
-6286
-8225
-6230
2242
8238
2544
-9457
-13404
-5402
2668
538
-5724
-4511
3047
5406
-1800
-9051
-7045
-11
1968
-1573
-2410
1788
3366
-2157
-8126
-5420
4542
11283
9471
4085
2400
4791
6389
5321
4421
5656
6911
5746
2989
1641
2733
3966
3162
1310
1459
4568
7407
6125
1352
-2043
-632
3297
5291
4113
2350
2177
2140
794
-374
753
3304
3751
1494
-296
417
1727
435
-2478
-3574
-1896
148
483
-57
-687
-1906
-3889
-4375
-1273
2707
3230
6
-3078
-3309
-2272
-2241
-2311
-642
1504
1302
-1148
-2731
-1990
-992
-1563
-2071
-282
2145
1879
-1307
-4302
-4624
-3168
-1898
-1083
51
1046
340
-1539
-2252
-974
804
1482
1472
1909
2612
2361
968
-311
-329
571
1257
1402
1285
1101
461
-419
-487
484
1408
1458
956
704
1014
1080
775
945
1806
2353
1529
359
293
1145
1462
527
-505
-721
-260
-265
-852
-471
690
1153
519
-6
513
735
-552
-1903
-1167
1124
2203
971
-1274
-3561
-6733
-10156
-9586
-3167
3605
2885
-5197
-11536
-10081
-4944
-2780
-3131
-957
2592
689
-6983
-11535
-6498
2004
3239
-2488
-5477
-1802
1472
-1934
-7483
-6691
-15
4076
1756
-1913
-1974
-555
-1561
-3209
-839
5524
9903
8053
2864
-111
970
3709
5383
5807
5983
6253
5885
4206
2325
1801
2961
4451
4672
3767
3334
4149
4300
2092
-512
-387
2847
5559
4364
1035
-716
179
1679
1806
1621
2259
2634
1401
-654
-977
578
1536
562
-973
-1056
-134
-222
-1452
-1984
-1053
-147
-468
-1059
-1253
-1895
-3572
-4453
-2004
2083
3189
85
-3408
-3567
-1433
-403
-832
-317
1316
1154
-1793
-4106
-3078
-831
-892
-2697
-2418
289
1629
-446
-3068
-2693
-334
1039
1037
1354
2380
2080
-113
-1534
-175
2235
2636
1013
-170
435
1346
994
144
45
763
1244
947
798
1299
1703
1487
930
813
1183
1407
1373
1316
1484
1478
954
112
-525
-638
-721
-836
-709
-373
-217
-624
-1089
-1040
-573
-46
327
857
1188
765
-126
-636
-151
149
-559
-1120
-935
-1836
-5732
-10124
-9380
-2868
2186
-484
-7836
-11317
-8152
-4089
-3533
-2966
1490
4841
-163
-9899
-12560
-3928
5574
4637
-3176
-6226
-1643
1969
-1467
-6281
-4665
1632
4312
1027
-1883
-451
1419
-599
-3635
-1601
5040
9616
7481
1461
-1457
1184
5963
8553
7981
6232
4666
3358
2202
1949
3357
5504
6162
4234
1858
1710
3220
3372
947
-1065
473
4056
5229
2459
-936
-1657
-158
1123
1524
2614
4270
3662
210
-2594
-1674
1584
3088
1259
-1148
-1457
-892
-1551
-2784
-2351
-199
769
-578
-1878
-1671
-1460
-2691
-3706
-1794
1575
2160
-724
-3556
-3416
-1725
-1236
-1279
222
2081
1099
-2339
-4174
-2326
494
729
-713
-693
580
470
-1416
-2510
-1047
1398
2091
1081
330
-89
-1144
-2170
-1463
1050
2958
2379
432
-754
-752
-126
598
1346
2042
1902
1130
482
336
581
632
810
1364
1627
965
-234
-763
-462
-2
382
763
1082
684
-685
-1932
-1899
-626
682
838
0
-1031
-1381
-705
219
707
603
351
360
298
-183
-755
-595
65
122
-728
-1793
-2878
-5067
-7909
-8173
-4188
593
900
-3730
-8031
-8000
-5522
-3883
-2483
996
4049
1037
-6904
-11051
-6111
1962
3623
-1455
-5026
-2632
728
-432
-3988
-3968
205
2884
1205
-1242
-747
1073
482
-1916
-1667
2647
7095
7117
3160
54
1016
4752
7678
7884
6194
4317
3000
2195
1963
2768
4450
5318
4326
2397
1758
3079
3940
2484
437
862
3656
5306
3132
-824
-2357
-761
1319
1777
1532
1962
1770
-348
-2612
-1838
1782
3992
1988
-1737
-3103
-1715
-311
-393
-664
-262
-379
-1748
-2861
-2108
-745
-970
-2035
-1765
-308
61
-1259
-2266
-1394
69
-69
-1041
-798
326
58
-1788
-2487
-977
358
-559
-2160
-1747
52
517
-942
-2031
-995
589
617
-357
-392
369
284
-517
-599
488
1241
617
-357
-206
903
1655
1459
763
494
587
802
1415
2142
2066
994
140
381
1272
1810
1595
1158
846
503
298
267
335
151
-565
-909
-373
425
540
-530
-1679
-1722
-610
975
1701
1117
-22
-581
-139
363
161
-417
-601
-262
-279
-949
-1283
-1245
-2471
-5893
-8865
-7120
-1213
2895
502
-5898
-9491
-7828
-4383
-2390
-1062
1224
2076
-1934
-8257
-9661
-3812
2591
2533
-2270
-4798
-2579
-198
-1817
-4638
-3430
1240
3643
1395
-1657
-1938
-740
-815
-1205
965
5352
7589
4701
-210
-1518
2256
7154
8695
6566
3970
2730
2315
2256
2682
3978
5188
4786
3033
1720
2407
3822
3385
1513
890
2815
5166
4760
1540
-1359
-1324
682
2038
2150
2005
1742
307
-2033
-2727
-421
2550
2749
-63
-2537
-2218
-625
-311
-1284
-1381
155
992
-212
-1865
-1957
-779
-647
-1762
-1864
-227
781
-738
-3052
-3110
-881
566
-124
-1145
-767
-49
-865
-2087
-1485
502
1128
-638
-1990
-870
821
758
-423
-462
797
1167
-134
-1413
-990
382
613
-133
-357
14
-27
-699
-1034
-349
648
900
712
795
957
695
66
-69
577
1233
1564
1531
1226
773
173
-106
179
549
543
200
-287
-815
-1144
-820
40
777
826
205
-256
-205
52
406
925
1450
1576
830
-339
-911
-926
-832
-893
-679
54
283
-669
-2028
-2369
-1801
-2210
-4165
-5282
-3150
598
1168
-2818
-6753
-6256
-2883
-1272
-2230
-2021
459
670
-3990
-8856
-7432
-868
2593
-668
-4863
-4091
-472
105
-2995
-4261
-817
3342
3538
606
-956
-19
393
-722
-727
2168
5780
6191
2892
-321
-262
2638
5287
5579
4514
3709
3544
3082
1940
1420
2589
4483
5198
4237
3152
3212
3299
2153
811
1404
3755
4832
2921
-167
-1548
-654
495
508
294
622
646
-382
-1602
-1510
-585
-580
-1530
-1807
-418
1066
598
-1123
-2049
-1348
-250
-7
97
666
609
-1291
-3632
-3569
-1060
740
-297
-2242
-2136
-505
-206
-1634
-2038
-9
1749
804
-1162
-1331
164
341
-1461
-2212
-315
1896
1518
-620
-1418
-268
566
12
-520
-89
347
-431
-1424
-1133
-108
479
134
60
766
869
520
671
1346
1646
920
305
769
1435
1141
275
200
1049
1500
964
491
995
1347
565
-300
-113
869
970
-176
-938
-412
530
716
379
282
359
56
-173
373
1042
576
-1132
-2138
-1425
-223
22
-780
-1179
-943
-1059
-1398
-957
41
-757
-4119
-6612
-4872
-427
1492
-1437
-5476
-6351
-4510
-3140
-2853
-1452
866
457
-3862
-7475
-5773
-1003
649
-2309
-4712
-2662
892
976
-2245
-3917
-1650
1564
2394
1582
1322
1313
-115
-2243
-2013
1506
5241
5707
3028
316
346
2752
4818
4989
3878
3202
3519
3761
3173
2146
1959
2875
3647
3650
3649
4261
4401
2693
225
-256
1892
4017
3386
715
-1043
-750
-40
-514
-1207
-447
1090
1389
122
-1220
-1618
-1455
-1686
-1943
-898
860
1394
-119
-2232
-2599
-900
963
1515
1043
199
-738
-1644
-2259
-1896
-936
-499
-712
-962
-782
-790
-1223
-1231
-243
1111
1364
582
-64
-266
-524
-1169
-1172
59
1329
1232
9
-490
264
1029
772
39
-4
361
103
-722
-1107
-775
-425
-469
-430
58
521
333
-53
293
1130
1448
938
237
31
299
488
314
26
79
359
614
790
674
401
90
18
184
235
316
232
-36
-404
-675
-240
613
1151
954
154
-448
-387
-60
-184
-568
-682
-607
-392
-497
-1075
-1452
-1417
-966
-348
30
54
-747
-2706
-4692
-4761
-2603
-375
-617
-3051
-4880
-4651
-3477
-2867
-2448
-1136
-178
-1568
-4406
-5483
-3326
-700
-862
-2706
-2745
-506
961
-202
-2038
-1581
785
2210
1617
646
721
723
-217
-962
-91
2093
3513
3153
1918
1474
2454
3597
3819
3264
3032
3607
3929
3230
2097
1688
2232
3032
3208
3133
3775
4217
3153
1286
622
1748
3021
2572
831
-150
51
212
-599
-1481
-1164
-6
730
306
-420
-596
-728
-1283
-1770
-1368
23
1139
791
-580
-1422
-884
100
315
12
185
577
49
-1489
-2489
-1950
-867
-511
-905
-843
-160
-175
-887
-1100
-266
766
672
-2
-58
39
-477
-1229
-1046
205
1029
820
508
622
635
-142
-922
-441
732
1048
-50
-1281
-1354
-787
-453
-264
157
747
876
484
318
391
306
55
-70
127
237
0
-169
-84
60
212
395
825
1139
695
88
125
664
783
233
-282
-302
100
147
-11
132
161
-10
-205
98
714
518
-502
-1288
-1099
-249
345
178
-320
-693
-922
-765
-146
452
266
-1143
-2960
-3639
-2647
-1262
-1018
-2054
-3219
-3349
-2863
-2693
-2731
-2443
-1744
-1681
-2619
-3166
-2604
-1963
-2446
-3483
-3154
-1104
646
421
-1014
-1638
-876
122
428
514
900
996
302
-473
-303
769
1778
2115
2156
2347
2766
3113
2851
2162
1870
2358
3253
3504
2640
1573
1401
2139
2727
2763
2971
3428
3298
2325
1439
1628
2457
2483
1429
561
689
1092
755
-50
-259
304
821
705
201
-137
-440
-871
-1158
-934
-297
207
280
-230
-689
-538
-290
-145
-14
11
175
149
-546
-1362
-1589
-1079
-414
-283
-524
-645
-609
-645
-748
-646
-280
-91
-297
-466
-328
-209
-352
-604
-627
-244
208
471
498
257
-89
-424
-394
77
435
184
-412
-578
-256
297
680
626
247
-193
-85
377
753
775
249
-172
-335
-326
-22
417
884
842
226
-125
310
994
938
176
-285
54
587
614
113
-269
-229
-171
-137
110
367
369
-74
-679
-841
-564
-165
7
-234
-572
-582
-290
-16
-77
-435
-615
-354
-31
-62
-424
-1030
-1662
-2059
-1916
-1284
-793
-911
-1585
-2198
-2274
-1965
-1684
-1504
-1496
-1933
-2518
-2863
-2770
-2264
-2108
-2309
-2405
-2216
-1831
-1610
-1374
-1197
-1034
-873
-796
-612
-325
-81
42
303
607
841
1133
1316
1474
1598
1645
1891
2133
2114
2045
1945
1885
1876
1817
1828
2058
2439
2550
2370
2328
2689
3098
3003
2577
2283
2159
2067
1765
1578
1977
2233
1885
1152
598
746
1038
1028
705
354
344
333
-5
-427
-521
-208
124
83
-84
-48
219
297
-87
-327
-289
-139
-107
-383
-551
-607
-716
-819
-1037
-1014
-612
-354
-348
-620
-1014
-1102
-921
-779
-814
-820
-798
-969
-1276
-1578
-1434
-799
-429
-572
-976
-1036
-584
-378
-562
-803
-557
25
114
-115
-388
-431
-146
-149
-118
322
694
660
144
-345
-366
-81
219
449
649
559
31
-324
-31
637
1122
1028
827
989
999
634
243
353
933
1189
796
331
305
365
155
-90
273
893
833
142
-392
-203
290
279
-202
-268
28
35
-497
-1140
-1008
-592
-704
-1147
-1259
-869
-757
-1224
-1833
-1986
-1646
-1406
-1499
-1921
-2345
-2512
-2587
-2608
-2724
-2704
-2421
-2316
-2442
-2627
-2444
-2055
-1848
-1648
-1497
-1233
-1024
-1139
-1221
-982
-321
335
571
558
625
932
1264
1370
1462
1813
2032
1982
1909
1776
1886
2199
2281
2272
2283
2477
2862
2922
2845
2897
2988
3148
3168
2995
2746
2549
2463
2473
2484
2339
2037
1680
1375
1223
1188
1103
935
690
434
182
-29
-187
-396
-587
-690
-655
-448
-420
-683
-914
-898
-826
-940
-1049
-1023
-876
-885
-1288
-1587
-1322
-879
-834
-1135
-1280
-1089
-892
-1126
-1443
-1332
-1138
-1075
-1103
-1027
-666
-613
-977
-1130
-787
-157
71
-162
-376
-428
-456
-404
-209
140
499
442
290
308
459
645
627
620
629
616
713
729
636
470
318
405
623
772
788
670
630
720
801
818
713
684
767
751
677
575
489
427
424
457
425
431
373
190
12
-126
-185
-91
-91
-197
-227
-370
-542
-576
-496
-330
-334
-642
-901
-1145
-1395
-1427
-1373
-1232
-1280
-1560
-1653
-1597
-1611
-1844
-2211
-2215
-1961
-1986
-2283
-2619
-2452
-2186
-2532
-2844
-2632
-2015
-1583
-1667
-1829
-1728
-1390
-1208
-1252
-1111
-672
-289
-129
-9
260
619
747
799
1164
1795
2123
2007
1839
1736
1776
1892
2062
2318
2479
2497
2405
2446
2732
2992
3039
2923
2857
2849
2875
2895
2755
2394
1950
1809
1909
2052
2074
1843
1333
820
781
953
1097
927
326
-302
-534
-280
-127
-318
-575
-667
-621
-541
-554
-653
-578
-707
-1165
-1489
-1605
-1299
-948
-1077
-1494
-1770
-1486
-1001
-872
-1107
-1171
-897
-734
-757
-1057
-1247
-1034
-833
-638
-535
-456
-369
-443
-563
-587
-245
35
-42
-139
-79
121
55
-86
21
349
767
841
681
684
955
1280
1184
836
723
793
1029
1053
686
501
484
590
698
666
803
890
815
692
481
329
296
424
490
256
-32
-112
15
116
19
-116
-208
-121
79
-6
-145
-226
-412
-621
-710
-547
-371
-477
-756
-1067
-1264
-1270
-1225
-1236
-1305
-1415
-1621
-1955
-2281
-2388
-2315
-2254
-2306
-2501
-2634
-2650
-2741
-2727
-2625
-2450
-2202
-2027
-1906
-1977
-2061
-1897
-1552
-1160
-896
-972
-992
-673
-408
-363
-292
111
674
1037
1124
1217
1477
1592
1551
1644
1956
2381
2557
2348
2226
2467
2650
2791
2971
3034
3225
3213
2952
2902
3012
2954
2716
2523
2423
2428
2304
2039
1889
1816
1735
1591
1430
1403
1278
813
418
296
134
7
-180
-448
-373
-278
-390
-612
-808
-719
-575
-596
-895
-1358
-1520
-1500
-1546
-1675
-1800
-1666
-1453
-1468
-1511
-1369
-1211
-1144
-1243
-1459
-1539
-1420
-1333
-1308
-1275
-1208
-1011
-884
-742
-502
-414
-282
-141
-114
3
21
-139
-250
-229
8
335
485
498
564
745
1072
1357
1384
1457
1585
1515
1361
1172
1118
1325
1379
1152
1100
1319
1485
1394
1146
1099
1237
1195
921
581
434
384
161
-72
-85
155
316
196
47
78
221
133
-86
-305
-440
-372
-443
-644
-801
-1122
-1458
-1581
-1553
-1395
-1284
-1330
-1561
-1905
-2171
-2326
-2454
-2614
-2872
-3116
-3209
-3303
-3348
-3284
-3164
-3005
-2872
-2758
-2582
-2359
-2224
-2123
-2096
-1988
-1640
-1444
-1380
-1270
-1048
-545
-70
115
238
471
740
963
1162
1345
1540
1793
2024
2108
2136
2339
2762
2959
2901
3057
3342
3612
3701
3688
3789
3776
3553
3337
3263
3201
3059
2826
2581
2560
2452
2102
1906
1852
1847
1682
1337
1024
801
588
293
131
103
59
-36
-230
-354
-347
-569
-899
-901
-668
-575
-902
-1403
-1682
-1728
-1760
-1812
-1791
-1710
-1701
-1819
-1899
-1909
-1890
-1821
-1805
-1805
-1822
-1824
-1889
-1965
-1848
-1718
-1421
-1154
-1046
-843
-670
-549
-502
-403
-86
89
99
111
155
369
680
968
1086
1134
1319
1667
1840
1766
1726
1646
1677
1847
1912
1929
1941
1929
1854
1854
1946
2008
2079
2030
1784
1584
1458
1204
990
789
633
615
449
225
77
70
97
-110
-330
-404
-443
-611
-892
-1125
-1242
-1301
-1574
-1901
-2090
-2070
-2013
-2120
-2258
-2444
-2612
-2840
-2932
-2875
-2946
-3116
-3422
-3547
-3440
-3390
-3418
-3312
-3057
-2907
-2776
-2670
-2536
-2232
-2028
-2055
-2000
-1732
-1375
-1099
-1012
-847
-554
-173
250
558
881
1133
1262
1380
1611
1880
2008
2192
2271
2355
2608
2789
3031
3244
3350
3413
3471
3532
3635
3673
3587
3516
3387
3280
3120
2920
2812
2720
2561
2307
2097
2011
1862
1427
1068
973
854
569
161
-58
-70
-80
-304
-626
-758
-699
-567
-690
-962
-1080
-1129
-1242
-1443
-1570
-1529
-1495
-1611
-1809
-1848
-1752
-1705
-1685
-1786
-1845
-1756
-1796
-1797
-1619
-1491
-1444
-1393
-1286
-1159
-1022
-930
-785
-515
-268
-43
85
187
370
484
557
742
1027
1255
1329
1261
1241
1325
1497
1655
1689
1846
1982
1940
1861
1771
1845
1905
1836
1860
1780
1744
1820
1709
1574
1455
1297
1254
1196
941
691
451
265
287
194
-116
-399
-666
-851
-919
-1074
-1256
-1428
-1727
-2046
-2219
-2276
-2301
-2442
-2728
-2909
-2897
-2818
-2907
-3127
-3208
-3293
-3449
-3514
-3456
-3375
-3367
-3363
-3386
-3454
-3384
-3127
-2801
-2558
-2394
-2205
-1989
-1776
-1616
-1478
-1227
-869
-560
-287
-56
251
683
966
1121
1265
1601
1991
2115
2243
2466
2627
2835
2985
2966
3093
3334
3490
3579
3558
3563
3616
3481
3331
3302
3318
3290
3126
2952
2738
2559
2416
2215
2031
1859
1653
1341
1021
752
502
388
198
-105
-291
-488
-691
-888
-1096
-1211
-1246
-1294
-1416
-1533
-1563
-1601
-1670
-1682
-1565
-1429
-1346
-1342
-1346
-1285
-1231
-1093
-1027
-1011
-920
-798
-674
-595
-516
-537
-446
-254
-190
-82
61
245
300
258
347
586
897
1018
1106
1262
1393
1498
1441
1362
1469
1512
1542
1710
1774
1764
1616
1433
1455
1471
1530
1526
1316
1144
983
827
675
491
408
335
30
-200
-323
-596
-748
-903
-1149
-1369
-1609
-1853
-2035
-2177
-2309
-2372
-2479
-2654
-2895
-3085
-3170
-3280
-3342
-3377
-3353
-3408
-3646
-3660
-3549
-3495
-3415
-3328
-3153
-2937
-2723
-2616
-2576
-2502
-2289
-1998
-1867
-1625
-1389
-1284
-1112
-1002
-739
-334
-74
149
376
690
959
1142
1394
1565
1701
1888
2102
2415
2660
2718
2798
2956
3130
3293
3487
3561
3364
3258
3260
3270
3365
3205
3003
2982
2888
2833
2851
2672
2522
2404
2146
1920
1647
1524
1345
1035
927
700
456
419
328
163
80
-65
-267
-261
-289
-396
-489
-714
-714
-605
-663
-689
-813
-865
-666
-607
-626
-458
-349
-353
-328
-229
-186
-246
-179
-33
3
59
173
242
307
369
452
552
551
558
617
593
505
413
417
433
430
411
318
371
418
239
30
-125
-152
-199
-388
-463
-494
-547
-613
-706
-757
-826
-784
-775
-888
-1070
-1247
-1402
-1610
-1726
-1772
-1823
-1955
-2035
-2218
-2321
-2277
-2325
-2284
-2424
-2571
-2643
-2773
-2801
-2889
-2952
-2859
-2724
-2731
-2711
-2567
-2467
-2243
-2108
-2028
-1845
-1711
-1522
-1423
-1263
-1075
-922
-657
-515
-279
-29
178
470
638
754
939
1117
1257
1494
1682
1794
1978
2041
2167
2326
2379
2581
2729
2807
2849
2831
2861
2804
2781
2766
2663
2608
2546
2433
2258
2188
2168
2102
2013
1835
1755
1674
1555
1391
1260
1221
1119
1031
941
917
873
768
713
636
588
549
513
496
385
298
377
358
258
285
287
309
337
237
183
193
201
240
199
160
212
202
202
253
229
224
262
227
154
130
127
67
-22
-80
-28
87
113
-43
-193
-188
-291
-460
-549
-662
-664
-692
-854
-987
-1057
-1091
-1156
-1161
-1227
-1276
-1425
-1659
-1725
-1845
-1931
-2043
-2229
-2345
-2313
-2317
-2460
-2464
-2526
-2595
-2591
-2712
-2733
-2739
-2741
-2706
-2742
-2695
-2627
-2497
-2373
-2247
-2006
-1901
-1751
-1450
-1237
-1069
-931
-814
-657
-568
-357
-125
32
236
403
651
888
1118
1302
1387
1456
1592
1757
1798
1805
1860
1933
1986
2043
2108
2320
2484
2419
2387
2376
2384
2335
2139
1973
1969
1945
1771
1603
1488
1471
1515
1476
1392
1265
1168
1101
963
871
850
730
540
390
315
468
529
440
454
453
416
356
357
326
333
366
299
263
165
149
184
212
282
245
300
298
266
292
150
108
174
232
250
209
190
254
289
262
318
338
313
317
314
303
309
290
161
67
38
72
144
111
133
88
96
124
7
55
25
-123
-179
-187
-238
-257
-272
-435
-536
-624
-630
-656
-833
-943
-1113
-1289
-1389
-1462
-1542
-1670
-1782
-1895
-1960
-2060
-2202
-2359
-2480
-2488
-2573
-2751
-2812
-2763
-2766
-2771
-2742
-2649
-2533
-2498
-2443
-2398
-2351
-2240
-2152
-2016
-1866
-1716
-1533
-1416
-1403
-1236
-879
-711
-517
-290
-195
8
256
444
525
669
896
1106
1379
1506
1585
1747
1827
1946
2131
2284
2398
2467
2446
2490
2559
2608
2664
2597
2639
2691
2675
2623
2573
2626
2534
2440
2369
2344
2363
2227
2167
2116
2027
1959
1850
1766
1617
1557
1512
1331
1246
1193
1154
1046
904
840
682
717
742
558
511
416
402
383
240
176
79
28
-49
-104
-106
-155
-217
-323
-364
-321
-329
-442
-522
-569
-682
-701
-772
-884
-832
-888
-852
-794
-830
-831
-924
-920
-1011
-1073
-1081
-1220
-1217
-1225
-1214
-1217
-1335
-1309
-1301
-1304
-1273
-1355
-1349
-1364
-1462
-1559
-1604
-1540
-1618
-1639
-1610
-1628
-1608
-1685
-1687
-1679
-1685
-1600
-1536
-1561
-1623
-1561
-1523
-1600
-1553
-1432
-1493
-1514
-1477
-1465
-1362
-1317
-1238
-1170
-1148
-1067
-1006
-954
-894
-837
-767
-645
-532
-458
-362
-248
-129
-68
5
182
329
447
578
675
717
825
987
1093
1188
1269
1382
1427
1476
1620
1691
1744
1788
1886
2005
2082
2197
2248
2251
2282
2350
2406
2349
2391
2523
2515
2515
2505
2489
2506
2477
2424
2390
2402
2310
2229
2166
2039
1943
1888
1848
1747
1682
1660
1591
1519
1409
1289
1181
994
835
760
670
561
442
319
183
116
49
-48
-99
-239
-471
-634
-669
-856
-1042
-1101
-1232
-1351
-1464
-1470
-1522
-1626
-1663
-1741
-1757
-1795
-1899
-2007
-1970
-1934
-1997
-2035
-2060
-1961
-2003
-2066
-1977
-1991
-2011
-2008
-2003
-1989
-2003
-1965
-1983
-2042
-1989
-1970
-1930
-1835
-1806
-1704
-1591
-1571
-1568
-1520
-1445
-1395
-1330
-1303
-1278
-1210
-1165
-1047
-927
-833
-663
-592
-560
-433
-378
-401
-313
-198
-199
-149
-40
27
53
138
278
369
522
593
573
586
649
670
738
815
731
818
874
947
1066
1020
1186
1285
1253
1303
1298
1316
1288
1305
1365
1398
1394
1386
1525
1599
1589
1642
1655
1729
1794
1787
1822
1827
1854
1839
1829
1873
1878
1820
1763
1779
1755
1758
1791
1701
1679
1731
1641
1631
1548
1406
1365
1261
1189
1146
1089
1059
1082
991
897
897
818
735
627
484
380
208
73
34
-76
-142
-184
-311
-366
-494
-656
-714
-822
-913
-1079
-1179
-1184
-1329
-1431
-1511
-1606
-1626
-1685
-1811
-1796
-1789
-1952
-2016
-2047
-2096
-2133
-2230
-2230
-2261
-2326
-2237
-2248
-2322
-2324
-2269
-2232
-2241
-2222
-2198
-2121
-2062
-2127
-2069
-1944
-1904
-1773
-1681
-1599
-1533
-1453
-1301
-1197
-1071
-982
-945
-842
-670
-596
-541
-426
-422
-344
-154
-80
45
142
145
261
410
478
514
574
635
716
801
872
996
1166
1217
1263
1355
1335
1386
1449
1481
1542
1546
1604
1651
1701
1737
1682
1735
1783
1763
1805
1788
1706
1725
1766
1775
1808
1822
1828
1768
1732
1710
1584
1534
1556
1509
1522
1560
1531
1527
1455
1398
1369
1316
1312
1223
1139
1067
1013
975
923
946
873
825
751
631
622
524
513
474
390
347
216
236
170
-1
-2
-104
-264
-282
-391
-547
-554
-644
-792
-864
-1003
-1139
-1192
-1264
-1409
-1512
-1570
-1682
-1758
-1812
-1879
-1945
-2006
-2115
-2233
-2208
-2265
-2371
-2336
-2339
-2347
-2315
-2297
-2329
-2310
-2240
-2200
-2159
-2148
-2042
-1967
-1983
-1917
-1821
-1778
-1726
-1573
-1504
-1407
-1223
-1086
-986
-892
-800
-806
-733
-604
-563
-480
-308
-231
-170
5
82
238
378
368
542
609
600
743
775
813
951
1018
1099
1230
1305
1347
1406
1449
1470
1554
1606
1612
1622
1719
1746
1741
1856
1832
1834
1871
1885
1930
1919
1902
1900
1847
1812
1845
1813
1758
1695
1643
1632
1618
1603
1596
1551
1497
1456
1397
1336
1215
1190
1162
1006
985
958
861
773
681
612
528
405
301
251
190
130
21
-58
-26
-165
-311
-344
-495
-574
-568
-616
-621
-665
-793
-842
-884
-941
-977
-1001
-1034
-1115
-1176
-1216
-1205
-1222
-1308
-1305
-1270
-1328
-1346
-1429
-1510
-1481
-1584
-1584
-1515
-1559
-1571
-1575
-1550
-1564
-1604
-1568
-1546
-1568
-1590
-1555
-1464
-1433
-1404
-1297
-1266
-1313
-1313
-1219
-1123
-1165
-1161
-1030
-1059
-1002
-800
-789
-741
-627
-573
-525
-464
-329
-235
-217
-167
-13
68
92
224
278
341
423
533
662
671
677
733
760
768
937
931
945
1090
1020
1119
1191
1216
1219
1139
1201
1240
1295
1330
1303
1369
1402
1385
1509
1555
1480
1493
1495
1479
1459
1420
1411
1408
1366
1320
1314
1322
1311
1306
1239
1115
1078
991
984
1005
914
881
736
669
683
583
465
381
339
231
266
267
143
141
76
-12
-4
-50
-188
-367
-485
-508
-536
-579
-655
-676
-668
-706
-740
-743
-780
-864
-929
-1013
-1001
-952
-1007
-1003
-1064
-1115
-1077
-1068
-1041
-1073
-1099
-1130
-1144
-1112
-1086
-1095
-1084
-1116
-1108
-1067
-1047
-944
-958
-963
-980
-969
-840
-822
-795
-707
-698
-704
-655
-599
-565
-571
-543
-499
-465
-385
-315
-256
-281
-351
-290
-222
-157
-93
-110
-97
-73
-6
71
79
122
205
203
240
394
486
460
430
412
435
478
509
507
559
634
614
704
757
748
781
788
796
760
747
764
699
672
751
760
805
878
866
834
826
849
851
922
943
894
858
822
838
836
861
862
783
679
621
613
590
565
536
485
469
492
425
390
324
184
89
74
85
16
14
-20
-92
-55
-74
-65
-60
-206
-224
-259
-349
-271
-310
-399
-395
-465
-504
-443
-423
-429
-485
-595
-571
-578
-633
-601
-618
-638
-686
-730
-678
-673
-709
-704
-697
-683
-729
-733
-697
-751
-757
-699
-726
-700
-678
-738
-657
-662
-675
-604
-615
-594
-599
-571
-494
-431
-371
-367
-330
-355
-350
-183
-158
-173
-125
-123
-92
4
108
92
108
154
132
168
236
226
133
166
226
265
330
352
394
402
428
397
374
419
415
414
450
465
439
452
500
498
447
419
411
439
463
446
419
398
330
345
443
385
309
227
208
306
301
331
364
323
312
402
397
366
355
259
321
291
209
254
198
218
268
304
358
246
213
190
179
226
142
182
184
53
26
73
52
28
95
30
40
77
14
40
100
75
-32
-3
-10
-125
-121
-119
-197
-198
-113
-134
-162
-126
-176
-213
-226
-242
-240
-316
-332
-284
-333
-326
-347
-337
-260
-322
-318
-314
-338
-308
-356
-387
-343
-395
-451
-428
-446
-427
-462
-461
-399
-478
-460
-379
-401
-392
-427
-452
-386
-436
-458
-398
-384
-346
-329
-233
-224
-268
-187
-228
-253
-182
-190
-199
-192
-160
-110
-166
-158
-77
-105
-83
-60
-62
-23
-12
-9
43
111
81
114
175
154
167
161
225
228
229
315
268
259
311
381
384
341
294
293
366
386
451
458
400
364
374
445
459
443
387
395
472
449
433
450
432
402
443
529
534
455
433
450
463
478
405
413
380
282
371
345
274
327
250
256
319
291
306
295
252
228
180
133
112
127
111
27
67
121
74
29
20
-52
-115
-81
-96
-66
-73
-166
-208
-210
-173
-237
-304
-345
-438
-427
-404
-390
-371
-484
-508
-417
-469
-482
-463
-544
-638
-640
-626
-704
-693
-680
-667
-639
-630
-615
-643
-673
-658
-605
-609
-602
-628
-582
-475
-513
-486
-446
-453
-408
-365
-340
-320
-285
-285
-209
-187
-181
-123
-185
-161
-43
-40
-26
29
41
88
97
178
293
230
176
206
264
311
290
343
439
359
351
492
525
553
520
493
529
535
554
546
580
550
492
543
578
546
474
477
529
528
539
540
502
433
390
394
408
410
382
356
329
312
326
365
360
354
313
257
269
251
286
284
209
251
251
201
296
293
192
229
239
189
226
204
101
111
140
119
121
76
-21
-72
-87
-59
-23
-68
-78
-85
-134
-107
-157
-231
-271
-355
-366
-357
-387
-375
-408
-444
-439
-423
-452
-540
-503
-571
-684
-618
-681
-755
-721
-753
-745
-729
-726
-739
-804
-738
-715
-731
-714
-734
-684
-701
-683
-602
-650
-668
-573
-528
-525
-435
-408
-461
-408
-306
-286
-280
-271
-322
-320
-280
-162
-88
-100
-46
-25
36
119
147
156
173
230
234
301
377
352
385
377
417
519
520
539
581
565
580
637
653
699
633
623
663
531
591
609
522
605
619
624
658
663
673
617
609
636
602
592
556
476
457
499
499
431
459
430
369
385
364
381
331
280
312
319
308
243
199
178
113
107
164
137
75
91
98
77
117
122
86
63
2
-38
-63
-121
-139
-103
-135
-147
-164
-218
-204
-275
-284
-308
-351
-314
-412
-390
-361
-460
-476
-480
-491
-485
-499
-493
-499
-531
-533
-541
-526
-552
-588
-598
-653
-672
-646
-618
-614
-606
-633
-669
-600
-570
-576
-532
-538
-641
-636
-504
-572
-584
-454
-490
-496
-411
-361
-319
-369
-364
-252
-226
-220
-208
-163
-169
-201
-159
-113
-64
-48
-22
25
136
150
102
163
209
209
193
273
346
338
293
341
413
428
495
495
537
548
513
577
627
651
564
542
624
602
622
644
563
516
590
606
558
616
575
473
494
544
543
503
438
399
449
404
391
447
387
374
367
322
292
217
213
263
243
249
253
200
157
134
123
88
23
19
10
-31
-32
-46
-19
-23
-71
-65
-71
-143
-128
-148
-202
-176
-259
-205
-177
-206
-154
-261
-246
-141
-195
-213
-223
-293
-318
-288
-254
-279
-296
-338
-372
-337
-299
-336
-462
-433
-352
-387
-397
-370
-426
-474
-429
-376
-334
-392
-420
-415
-424
-382
-428
-473
-458
-438
-358
-294
-300
-304
-289
-267
-274
-234
-223
-319
-298
-281
-285
-221
-227
-201
-132
-91
-85
-66
-25
-21
23
6
6
47
-14
10
69
120
104
62
112
134
119
155
239
237
268
298
297
308
245
250
299
247
295
416
344
395
491
421
472
507
528
562
542
545
520
491
505
527
472
462
476
431
406
463
470
387
390
334
363
399
319
313
294
247
175
193
242
171
108
176
185
170
187
142
147
63
30
40
-30
-18
-18
-98
-114
-62
-132
-156
-143
-183
-211
-241
-208
-218
-234
-322
-370
-313
-389
-327
-294
-381
-354
-360
-341
-301
-326
-352
-319
-312
-352
-339
-354
-417
-398
-383
-351
-321
-390
-375
-329
-342
-354
-334
-336
-347
-302
-289
-247
-229
-267
-222
-194
-192
-222
-220
-166
-153
-151
-123
-115
-132
-73
-18
-77
-68
-9
-80
-24
35
0
7
2
29
66
86
69
102
128
109
85
113
171
178
243
287
252
275
348
300
272
336
274
243
308
353
379
265
242
342
343
327
364
415
341
279
351
386
371
309
283
309
260
295
298
244
303
221
204
247
176
206
160
137
180
93
64
94
64
22
-33
-32
-8
-44
-66
-114
-147
-150
-179
-149
-117
-186
-202
-149
-177
-209
-194
-236
-200
-149
-201
-196
-208
-202
-245
-280
-220
-234
-260
-266
-205
-199
-244
-194
-166
-145
-173
-200
-194
-211
-245
-253
-222
-225
-207
-203
-174
-102
-100
-117
-152
-114
-89
-129
-138
-91
-55
-141
-83
-3
-38
-66
-89
-27
-50
-97
-53
-20
-49
-40
-23
-58
-35
-22
23
-13
-32
45
0
-14
20
72
60
41
98
95
128
79
39
128
78
80
151
185
178
90
156
191
193
253
159
122
190
188
205
194
181
140
106
229
277
205
209
265
270
292
349
295
223
245
234
228
219
175
135
125
172
142
150
169
110
128
164
182
92
87
105
44
91
40
-1
-23
-36
2
-18
-23
-56
-10
26
18
55
2
-37
-48
-80
-86
-108
-174
-163
-138
-183
-207
-208
-195
-200
-208
-240
-231
-188
-258
-211
-173
-219
-175
-188
-150
-189
-201
-166
-208
-146
-184
-178
-155
-169
-87
-128
-168
-121
-93
-145
-209
-181
-146
-199
-220
-102
-138
-193
-159
-156
-105
-156
-174
-102
-86
-93
-92
-51
-71
-77
-8
8
42
41
12
67
98
75
77
56
14
87
108
91
110
42
62
135
147
131
119
143
118
116
164
134
83
115
154
156
132
121
161
142
123
173
165
145
176
169
214
235
187
234
229
145
103
169
157
111
149
142
137
137
107
121
163
119
120
117
119
73
32
89
62
61
16
15
48
6
-5
-5
32
54
20
35
75
45
42
8
18
-10
-106
-55
-81
-89
-61
-104
-71
-95
-122
-103
-95
-113
-136
-148
-179
-163
-122
-139
-181
-154
-144
-184
-178
-141
-163
-216
-177
-129
-200
-208
-139
-155
-168
-170
-210
-213
-223
-257
-210
-194
-239
-198
-155
-161
-170
-186
-163
-158
-149
-105
-128
-144
-102
-61
-63
8
73
35
51
97
94
56
62
34
31
29
-12
0
28
88
74
73
131
81
94
168
150
144
110
76
116
163
176
135
106
197
202
156
232
211
179
193
250
283
194
202
184
160
205
157
97
60
26
42
54
104
97
57
88
58
115
119
60
50
-10
45
73
48
63
67
71
131
130
94
132
25
-4
77
-3
-49
-45
-45
7
-39
-78
-42
-80
-88
-72
-76
-121
-160
-116
-112
-102
-120
-155
-101
-132
-139
-94
-143
-124
-114
-99
-47
-100
-78
-50
-63
-69
-110
-83
-147
-179
-156
-209
-162
-194
-220
-106
-134
-165
-117
-119
-116
-153
-132
-115
-187
-152
-108
-128
-140
-100
-79
-81
-15
50
3
0
48
8
15
9
2
-14
-18
0
-19
18
6
2
50
62
79
64
86
91
44
45
74
86
35
51
109
89
100
154
227
226
154
178
221
179
158
181
173
58
45
135
142
158
144
131
122
182
178
98
145
96
51
59
65
61
0
52
122
123
63
72
100
126
171
136
107
67
35
55
51
11
42
-3
-29
41
-18
-42
3
20
13
-27
-26
-60
-78
-31
-54
-98
-88
-74
-74
-37
-14
-77
-91
-72
-116
-108
-125
-102
-135
-161
-63
-106
-111
-64
-93
-88
-117
-145
-149
-170
-169
-191
-179
-179
-192
-129
-79
-91
-90
-58
-104
-131
-36
-50
-153
-132
-100
-110
-104
-86
-49
-59
-101
-62
-11
-41
-46
-43
-37
-50
-92
-68
-72
-2
10
-56
32
16
0
46
74
71
32
55
39
65
82
50
65
76
100
112
87
105
135
106
132
154
106
114
107
120
160
96
79
102
95
108
102
95
92
77
72
104
84
65
101
77
65
54
64
90
63
64
-6
-32
41
1
18
48
0
37
89
126
130
38
55
52
-10
5
-31
-52
-40
-42
-11
0
-6
58
63
43
35
-29
-17
-47
-87
-64
-78
-71
-80
-73
-40
-37
-38
55
23
-127
-26
-57
-86
0
-112
-95
-113
-132
-31
-88
-116
-50
-36
-57
-19
-25
-97
-65
-65
-75
-79
-133
-97
-123
-99
-61
-129
-56
-48
-118
-70
-64
-65
-62
-64
-92
-109
-34
-69
-37
-6
-89
-14
1
-41
8
-37
-85
-15
-12
-58
-25
-20
-47
44
28
-17
59
30
31
42
0
3
32
26
25
63
41
36
128
173
139
108
80
89
81
82
85
24
37
65
49
70
103
118
70
108
164
90
81
85
108
100
69
104
87
68
73
117
122
98
108
68
57
118
93
63
61
-2
22
9
-16
66
-15
-47
50
14
9
41
43
9
-21
48
-20
-62
31
-23
-54
-23
-29
-30
-71
-53
-23
-38
-72
-35
-25
-136
-69
-32
-100
-69
-132
-147
-87
-121
-105
-119
-138
-104
-104
-69
-31
-54
-112
-67
-31
-85
-76
-88
-56
-41
-95
-52
-19
0
-17
-40
-5
-11
-54
-63
5
-56
-116
-54
-48
-63
-90
-107
-53
-16
-89
-91
-59
-58
-26
-85
-26
9
-53
47
77
-10
-66
-2
69
12
1
-10
-15
-4
45
87
-11
-7
40
38
37
-4
-24
0
57
70
43
66
59
81
139
123
76
50
48
10
67
70
54
114
64
94
113
131
142
89
85
0
3
30
24
24
-31
5
35
82
103
43
52
117
70
29
79
22
-26
31
106
62
22
43
52
107
81
37
62
59
4
47
82
13
27
7
-24
9
14
24
-4
-45
-59
-79
-22
-8
-54
-58
-86
-60
-51
-74
-50
-55
-55
-8
-12
-38
-11
11
42
32
-18
-30
-77
-51
-12
-65
-63
-65
-89
-113
-81
-24
-47
-116
-105
-64
-106
-137
-109
-85
-104
-111
-63
-52
-113
-104
3
22
-80
-79
-66
-75
-22
-22
11
-56
-110
20
-4
-64
-11
-11
6
-47
-72
-23
-55
-28
-1
15
-3
-61
32
58
-4
47
31
26
50
18
35
27
36
79
60
25
43
69
79
97
114
54
56
111
68
65
81
51
1
38
70
51
75
52
103
86
50
142
124
86
53
16
24
67
79
37
66
79
91
145
141
83
63
103
87
38
-11
-44
-8
35
26
59
4
-33
101
106
71
50
17
12
-27
-26
-30
-6
-3
-26
-25
-49
7
34
43
39
-12
-41
-64
-32
-74
-99
-72
-104
-102
-94
-98
-71
-36
-9
-20
-96
-61
-12
-81
-52
-13
-87
-70
-68
-91
-80
-53
-22
-108
-55
-70
-136
-40
-41
-43
-109
-111
-15
-105
-115
-51
-82
-88
-134
-55
-6
-112
-45
-9
-26
-73
-107
-18
-49
-78
-17
23
-6
-34
3
20
37
11
0
24
-13
-15
50
51
2
56
52
33
80
50
84
67
24
39
23
30
16
77
97
60
92
63
72
129
105
53
75
80
67
109
95
66
99
61
38
125
70
28
86
87
124
42
-29
21
8
6
-13
54
74
2
38
53
77
75
41
48
49
-6
-10
50
1
-52
-29
9
18
-21
-1
23
-30
22
15
-56
-59
-107
-16
10
-81
-28
-14
-38
-32
-74
-63
-11
-29
-13
13
-50
-54
-27
-56
-58
-68
-83
-80
-66
-12
-51
-61
2
-56
-56
-88
-84
-13
-83
-27
-14
-104
-7
-6
-73
-23
10
46
-28
-52
15
-83
-68
17
-52
-18
-29
-77
17
6
-39
-43
-49
5
22
-16
-8
-4
52
36
-38
13
-55
-106
-50
12
49
7
-2
31
68
25
38
54
43
72
2
14
48
4
18
23
8
24
56
36
23
85
94
47
42
76
0
-34
56
56
49
-11
-41
-5
2
64
70
51
79
57
73
81
53
61
-1
14
27
26
76
27
17
83
48
-24
-2
18
18
19
71
48
4
-37
-41
15
-65
-82
-57
-50
-32
-23
23
38
-11
-9
19
-21
-37
-34
-23
-32
-115
-77
-10
0
-49
-32
74
-2
-48
-22
-51
-88
-94
-53
-41
-96
-113
-56
-26
-41
-95
-165
-116
-54
-64
7
19
-4
59
18
21
49
-58
-64
19
14
-61
-34
-27
-28
32
26
43
11
-21
27
90
30
-29
-28
-82
-83
-60
-39
-60
-62
13
32
33
72
93
73
126
149
79
39
-2
-13
-3
-28
-30
7
28
31
67
111
127
74
60
57
-4
13
25
30
55
-3
-32
19
-1
60
104
52
113
153
122
99
117
62
-15
40
-26
-70
-13
-59
-23
78
92
18
9
56
23
-3
15
-24
-105
-96
-64
-80
-17
28
-9
2
53
23
-30
5
9
-20
-36
-9
18
-47
-22
-20
-40
-11
-120
-114
-66
-112
-47
-21
-44
-48
-87
-61
-43
-33
-63
-100
-32
-47
-71
-21
-32
-71
-30
-17
-40
-26
-41
-31
-25
1
48
-29
-77
-36
-23
-51
-92
-81
-88
-108
-72
-45
-27
-9
-36
39
64
1
14
-44
23
40
-7
16
-29
19
4
11
65
33
45
23
34
72
101
34
-16
70
5
-16
19
5
30
7
95
130
47
69
75
78
75
92
45
-32
17
68
116
91
33
85
77
56
77
32
47
7
-44
49
54
-10
2
64
84
68
2
10
41
14
67
8
-6
19
-46
6
41
1
-36
-7
20
8
31
-1
-28
9
19
-46
-114
-54
-43
-88
-43
-32
-17
0
-14
55
50
-30
0
-15
-67
-66
-71
-73
-67
-39
0
-40
-15
55
-7
-35
-14
4
-15
-114
-70
-77
-111
-80
-93
-22
-65
-56
-9
-4
68
-7
-28
42
-29
-100
-74
-36
-65
-45
22
-1
-18
9
28
53
53
62
-26
-103
-10
-18
-56
0
5
-16
16
13
13
92
22
11
78
3
-14
-29
41
87
32
41
30
0
-6
63
88
64
69
64
33
51
38
17
83
-3
-22
30
-3
32
46
106
80
-4
38
34
-3
19
2
-25
18
-4
-71
-42
22
39
32
20
28
-4
-13
36
42
42
-49
-39
74
24
-35
-2
32
36
-12
23
75
-19
26
54
10
-26
-78
-33
-79
-82
-76
-66
-5
-38
-32
-22
-26
-43
-30
-15
-36
-33
-27
34
24
-20
25
21
11
17
4
9
-47
-19
13
0
20
-10
15
20
6
28
36
-39
-73
-27
-75
-60
9
-38
-61
48
66
14
32
75
72
19
7
51
9
-84
-34
-2
-53
-71
-45
19
25
20
49
34
36
2
-42
-21
-42
-30
-20
-38
1
-10
45
104
4
33
67
-15
21
69
25
-62
-71
-2
-33
-46
-62
-72
-17
-17
-19
-58
-14
29
0
58
0
-14
-1
-48
32
29
-36
-42
-40
63
84
35
67
72
72
20
22
32
-19
-27
-20
-35
-34
-34
-106
-31
0
-52
27
-32
-26
81
72
44
12
-8
-23
11
-10
-38
-1
-33
-36
27
69
28
17
2
37
71
-49
-43
31
7
-55
-82
-4
31
4
55
55
22
54
39
61
60
40
13
-15
22
22
19
-16
1
54
20
0
21
70
88
48
28
59
24
-62
-12
55
0
20
18
-60
10
84
46
53
37
-10
36
32
55
52
-43
-56
-27
-8
-25
-66
-47
-40
17
20
-82
-28
-49
-44
8
-64
-78
-33
3
-32
-10
19
-29
-17
-6
37
16
-73
-35
22
-10
-64
-58
17
-24
-101
-53
-89
-62
-17
-126
-86
-37
-65
-34
32
48
-31
-17
-28
-40
-34
-52
-26
-52
-32
-62
-83
8
8
-8
-21
-20
4
7
36
25
26
34
-14
-6
-36
-81
-13
15
-44
-25
7
-32
34
35
24
58
-11
4
8
13
-21
-39
62
60
30
39
85
111
85
70
74
58
17
8
29
39
0
14
86
58
46
81
30
70
102
50
67
68
7
-32
-14
2
-10
-12
-13
-29
-17
13
21
31
39
3
17
23
2
23
9
72
44
-38
2
-19
-4
21
-1
-20
-39
-2
-8
-16
-23
-51
36
49
18
-14
-73
29
49
20
43
-59
-71
25
70
22
-93
-30
33
-31
20
6
-61
-25
27
83
27
-84
-79
9
-2
-11
38
-17
-40
4
5
-45
-55
-7
-63
-98
-60
-62
-77
-51
30
6
-30
-25
3
-25
-49
21
-48
-86
-55
-93
-79
-30
-21
-8
8
-14
-64
-36
-15
-52
-24
32
-52
-88
34
-6
6
76
-25
-34
0
-21
14
-1
-22
5
-18
-22
24
13
-4
58
38
48
22
4
44
8
55
10
47
70
0
76
29
0
36
-1
0
-28
-66
9
22
-40
1
1
-3
48
40
22
45
4
-5
45
-8
-24
-29
-22
33
16
-31
24
69
-26
0
36
4
21
28
50
11
27
39
8
53
-16
-6
40
20
36
-8
34
10
27
57
-17
9
5
35
14
-5
2
-30
32
25
14
52
22
23
47
24
7
-37
-28
-9
-17
-10
-51
9
36
19
22
-6
21
23
31
28
28
-27
-90
7
-35
-78
-11
-87
-19
6
-96
-1
8
-59
-10
5
-48
-62
-6
16
15
-33
-37
-23
-42
-22
-14
-7
-15
-20
-41
-34
-72
-48
-1
-40
-28
-55
-35
-29
-13
29
1
-23
-54
-10
30
-10
-25
0
2
-58
-52
6
25
24
12
59
42
11
27
24
15
-29
14
-2
-25
28
30
1
35
38
10
25
9
63
33
7
23
-9
16
48
73
59
65
73
85
63
17
51
38
-32
-78
-38
2
-21
3
16
-38
-43
-24
-32
12
-8
-74
-27
-29
-30
16
-41
-10
76
11
-29
-38
-26
10
-49
-61
-17
-69
-47
31
51
58
42
14
-12
0
-5
-59
-10
43
4
13
17
49
102
75
75
33
2
14
20
100
9
-20
56
-27
73
84
14
38
-14
11
-14
-33
-36
-88
-42
25
-31
-92
-60
-47
-33
-56
-65
-86
-107
-61
-47
38
4
-120
-20
-36
-95
-8
-61
-71
-13
-45
-60
-54
-16
17
-7
-51
17
7
-44
52
45
28
23
33
91
33
56
81
12
78
59
-8
25
41
54
65
97
77
84
116
36
38
54
25
30
-4
-7
-19
-18
37
22
-19
-26
-23
28
0
-93
-60
-68
-94
-65
-77
-87
-146
-85
65
-4
-62
-75
-90
-21
-44
-62
-90
-44
-44
-84
59
23
-5
49
36
33
-9
44
43
3
75
27
-29
55
96
83
60
55
97
60
0
37
48
62
68
55
73
36
38
135
108
4
43
3
-14
46
33
62
26
6
-26
-51
-14
-53
-47
-30
-85
-127
-104
-31
-30
-75
-66
-66
-76
-67
-67
-83
-56
-39
-58
-47
-29
18
20
51
94
-1
2
22
9
69
21
46
62
41
96
10
65
116
32
71
53
31
72
80
67
72
51
48
65
54
39
28
21
-5
23
31
-3
2
33
50
-8
1
-2
-30
-3
-102
-87
-83
-118
-78
-108
-71
-96
-57
-58
-165
-77
-87
-169
-128
-63
-94
-127
-59
-72
-83
-26
-29
-18
9
-46
-34
-24
-27
60
2
-28
29
64
105
53
35
18
64
27
-11
125
65
53
108
108
76
-11
40
49
53
49
-25
-5
-2
0
50
12
4
71
6
13
1
-47
-9
-57
-2
-13
-80
-44
-25
25
3
-57
-35
-36
6
29
-15
-34
-86
-30
26
-27
28
-7
-79
24
59
32
-12
16
52
1
41
27
-26
13
9
8
50
41
57
45
68
74
-20
52
109
45
74
110
72
67
72
19
-15
47
48
36
9
-34
-14
-60
8
27
-5
-27
-44
44
-13
-82
-87
-59
-52
-67
-49
-47
-38
-66
-72
-63
-83
-49
-10
10
7
-63
-43
-6
2
-30
-27
-8
-51
9
42
14
-37
29
89
6
23
22
-23
17
28
-37
-14
44
25
19
65
67
26
-7
33
52
-25
9
69
64
17
-59
-15
71
52
35
21
-29
-26
-15
-12
-10
20
13
-8
37
-5
-61
-93
-56
6
-32
-46
-52
6
-12
-90
-1
-58
-96
13
-29
-41
-34
-16
3
-1
21
-18
52
75
0
55
1
-64
-22
1
31
63
49
-3
19
66
25
6
32
14
0
-2
18
-8
-3
-19
-66
-13
17
-10
-44
3
-43
-63
3
-42
-31
-15
-7
11
-19
-50
-32
-3
-40
54
65
-3
-27
-99
-32
-17
1
25
-48
-11
3
-65
-57
12
24
19
-4
-10
82
22
-4
75
5
68
79
21
126
111
35
18
75
121
61
19
94
90
59
64
-20
-41
-10
6
30
56
53
25
31
-21
-34
3
-14
-38
-59
-16
-41
-93
-76
-82
-39
-50
-35
-35
-84
-84
-137
-89
-65
-64
-25
-82
-41
51
45
16
-45
-21
29
-10
-28
3
26
-20
16
36
-7
37
16
40
65
11
35
-2
5
43
35
79
32
41
102
97
86
68
63
43
48
33
5
29
27
-12
-26
-15
31
24
-60
-4
31
37
-19
-97
-33
-43
-63
-60
-23
12
-18
-54
-26
10
-7
-4
-41
2
6
-94
-51
-47
-49
-40
-36
-30
-42
0
-34
-30
-27
-29
-1
-30
-33
-24
27
71
-12
-44
-12
-23
-23
-9
53
30
-32
-43
-35
4
8
17
57
52
11
26
3
-19
31
25
37
58
44
26
7
-13
26
-2
-12
58
-19
-15
-6
-43
-19
-93
-82
-16
-9
-31
-19
12
-24
-17
-38
-13
79
44
-7
41
83
9
-23
14
-14
-24
22
48
7
-21
-67
-59
44
8
16
100
45
60
61
44
51
-47
0
102
60
11
-8
-13
45
32
-4
43
3
-4
8
-9
-34
-51
-83
-78
0
-12
15
-15
-50
-13
7
21
-41
-7
8
-39
-29
-36
7
-35
-80
9
5
0
18
-37
-52
-16
-6
-18
2
-5
-19
32
44
48
45
-1
11
53
22
-5
7
-38
-62
-29
30
-2
-25
49
29
21
7
-50
-1
12
9
71
-3
-42
46
7
28
48
0
74
-8
-53
20
-48
-51
-14
22
-15
-92
-71
-51
-56
-3
-23
-144
-37
-29
-40
47
-41
-24
-26
-51
35
18
-7
43
25
-5
47
47
-15
9
54
34
27
44
-39
-5
56
41
116
115
79
43
41
50
43
29
11
29
48
76
70
20
22
4
-4
70
22
-39
-4
-34
13
9
-27
28
-29
-6
34
-12
1
-74
-101
-46
-71
-34
-2
-20
-4
-20
-70
-68
-107
-141
-102
-96
-48
-49
-65
-38
-8
4
-32
76
77
-14
8
8
-13
-32
-5
16
39
52
28
68
83
57
10
-9
6
6
45
34
-2
15
37
17
27
62
53
28
72
70
40
18
-30
-58
-40
36
5
0
-9
-16
18
-20
0
-1
0
-41
-69
-5
-33
-47
-79
-59
32
11
25
29
-37
-38
-45
-70
-85
-79
-66
-45
13
20
40
20
-42
17
50
-32
-20
7
-57
-23
0
-1
72
91
97
81
67
78
15
14
0
-111
-61
15
30
48
-2
34
40
-10
34
63
7
-31
39
18
-62
-14
-19
-43
17
15
-24
15
-14
-17
-22
-111
-45
-8
-3
2
-74
-40
16
-45
-20
-28
-88
-13
1
-14
7
-9
0
46
24
44
63
-25
69
143
-19
-61
-33
-48
-21
9
59
30
33
90
20
37
80
6
32
71
-4
17
41
17
17
-7
-5
-14
19
17
-73
-105
-60
-50
-83
-71
0
-19
-39
39
-34
-35
-6
-77
-21
-62
-91
-26
-7
80
84
-1
-36
-29
6
61
100
28
-17
-49
-48
14
37
49
79
69
8
53
28
-7
33
16
42
41
29
-20
-19
60
35
-11
2
20
-23
17
32
-58
-2
4
-79
-14
7
-3
3
5
36
-15
-43
-11
-21
-42
-65
-21
-14
-95
-66
-77
-102
-44
-47
-5
-24
-34
-37
-76
2
-66
-81
30
39
58
-40
-82
42
51
71
56
65
99
40
100
74
28
52
23
38
57
76
1
0
78
65
17
-16
71
56
7
-10
-29
42
5
-51
21
11
-73
-13
6
-66
-89
-75
-46
-100
-100
-76
-65
6
-29
-30
0
-55
-52
-33
17
13
-33
0
-5
-47
-38
29
42
19
22
-71
-31
81
7
42
24
4
57
-27
-13
89
83
13
43
45
18
24
49
112
34
3
12
-40
22
-16
-29
44
4
34
31
-14
27
37
14
-41
-71
-23
-27
-20
46
32
9
5
20
15
-22
2
-5
-58
-88
-54
-56
-55
30
-4
0
65
-16
-49
-9
-51
-87
-57
5
-8
-26
-3
29
114
81
15
41
23
13
6
19
37
-36
-16
50
74
70
21
2
18
31
9
-23
-45
-37
-20
-21
11
1
-25
13
-25
-61
-27
-39
-5
0
-91
-87
-5
-16
-59
-28
-44
-80
-39
-31
-80
-36
-27
-26
8
-18
28
-26
-1
104
-38
-35
16
-26
56
52
0
20
29
58
33
17
87
125
52
-56
-8
55
62
77
10
21
30
-29
61
86
14
59
59
38
35
-77
-77
25
11
-23
-99
-92
-56
-41
37
18
2
28
23
-20
2
12
7
17
-70
-57
-51
-76
-17
9
-18
-99
-78
-15
-11
-29
-42
-21
-8
-41
-32
41
23
-31
-16
31
18
-13
15
14
16
33
16
28
79
99
75
62
101
122
48
64
74
-5
-22
-27
8
-15
-71
-48
-45
-19
43
-4
-32
28
-6
-11
-22
-40
-34
-17
-26
-62
0
4
-46
-13
13
-67
-67
-28
-40
-30
-54
-47
8
32
-22
-12
7
-16
16
27
-8
-31
-9
-41
-51
34
43
46
60
43
58
27
40
65
49
40
47
69
70
39
12
8
5
25
32
44
-1
-35
37
11
-1
29
-27
-11
-20
2
-36
-110
-41
-114
-95
-43
-97
-79
-65
-15
-3
-28
-39
-56
-17
-7
-52
48
63
-36
-11
-16
-23
-5
-45
15
59
-46
-5
34
0
0
0
72
43
73
111
-21
-2
45
-16
12
95
2
8
98
-1
20
19
67
128
-53
13
94
-33
-31
-29
12
43
-8
-34
-31
-22
-28
1
-16
-55
-87
-29
-4
-69
-29
-51
-61
-25
3
37
-23
-53
-88
-66
0
-93
-42
47
1
22
0
69
122
42
71
63
55
74
26
51
13
-33
18
10
28
34
32
82
0
-61
-5
3
23
-4
13
74
36
21
31
35
-19
-20
29
26
-53
-105
-25
-38
-91
-86
-61
27
-14
6
57
-54
-40
-12
-12
-10
12
-37
-100
-59
-60
-33
-60
-20
11
-55
-46
-34
0
13
-11
6
17
7
30
72
67
82
80
25
28
38
96
48
-28
34
27
4
24
61
59
18
1
26
0
-34
-8
19
58
49
0
26
63
-16
-27
-3
38
20
-84
-56
-80
-96
8
10
-65
-90
-48
-42
-37
9
-56
-101
1
5
2
29
0
60
17
-28
-24
-51
1
22
20
-5
13
26
17
96
36
-16
14
-15
-10
-61
-20
-5
-93
-12
30
21
41
43
32
19
2
4
65
23
-43
-65
-14
11
-41
-55
-53
24
0
-60
-30
-21
-7
-8
28
68
-3
0
84
84
34
-19
16
-2
-7
59
-28
-41
-20
-57
-19
34
42
-13
-15
56
60
-1
17
-3
-22
53
74
82
94
65
18
35
63
12
4
37
4
22
10
15
50
1
7
7
-13
6
9
-21
-42
-84
-49
-1
-33
-9
2
50
25
-94
-92
-88
-106
-58
-90
-83
-21
-26
-35
-48
-13
-18
-15
-24
-33
-14
-62
-29
-27
-16
14
-26
28
30
43
60
-2
-1
6
27
5
20
54
22
-2
5
49
49
46
3
-21
15
56
64
-20
-51
37
28
-51
37
28
15
53
-21
10
30
19
44
33
-33
-90
-44
-5
7
24
14
12
4
55
60
25
43
22
41
50
29
-31
-60
-27
42
25
-85
-4
45
1
-15
-26
-3
-23
-83
-5
20
-80
-2
46
28
-2
-17
25
17
64
27
4
-11
-83
-43
-51
-59
-56
6
33
-8
25
-47
-59
-20
-62
-28
-3
5
0
-58
-11
12
-6
23
12
-9
-30
-61
-50
-11
-22
-46
-12
25
9
37
45
29
73
44
-20
-23
46
68
59
97
76
38
39
41
35
25
41
27
12
18
5
60
92
61
-6
-10
43
46
42
75
51
-19
-51
-89
-35
10
22
21
-106
-104
-87
-71
-8
-44
24
-34
-23
46
-84
-42
-38
-70
-27
-59
-21
22
6
55
26
-35
25
7
-9
23
18
-19
-32
0
-27
-84
-54
62
61
5
-46
-68
40
41
17
47
-1
83
82
12
66
11
-36
22
20
4
22
-19
17
115
68
-26
30
22
-38
36
-15
-95
-79
-52
12
3
-20
1
18
-5
-54
39
28
-81
-38
-11
-9
-50
-35
37
-19
-7
65
41
31
-10
-65
-31
-40
-49
-33
-55
-77
-64
-20
7
-50
-13
84
37
68
92
2
23
69
10
-23
-19
-26
1
43
12
16
43
-12
118
123
28
42
-8
17
5
18
24
-3
-25
-32
-25
-43
35
20
-44
-20
-36
-50
-27
-75
-89
-2
29
103
52
-99
