-39
-65
-8
86
90
-29
-16
-31
-98
-3
41
12
30
-5
-19
71
73
57
84
17
22
59
77
7
-55
61
45
11
32
45
71
20
20
37
27
78
100
70
-9
-90
-56
0
-17
-107
-135
-72
-95
-83
-76
-79
15
17
14
20
9
-11
-21
-60
-96
-45
-5
13
39
19
21
70
9
21
37
-68
-30
47
-44
-34
3
-18
57
12
-32
-79
-128
-50
18
72
-28
-109
-65
-94
-62
-18
-42
28
42
8
24
21
22
25
12
27
108
94
-67
-121
-28
-43
-21
11
-66
-24
55
-7
-66
25
87
63
1
-68
-82
43
83
-17
-22
-9
52
21
-6
54
75
59
63
54
-81
-81
-32
-47
-34
-48
-7
14
10
1
3
25
-16
-6
11
-58
-72
-58
11
39
49
165
40
-70
15
11
5
15
-8
23
5
-71
-4
-17
-28
31
-26
64
119
28
5
0
37
9
-3
22
-14
-73
-94
-21
-32
-29
78
70
7
16
-31
-46
2
0
17
-23
-31
-24
-47
5
8
-13
64
85
39
39
63
91
76
17
26
38
54
110
-1
-43
15
-80
-142
-109
-142
-76
49
46
44
50
77
27
-59
-72
-62
4
2
25
12
38
79
-20
33
34
21
89
12
-25
-29
-43
28
-3
-55
-39
-40
-10
-61
1
85
7
18
-14
-112
-83
-34
-28
-39
7
102
55
-19
-21
-18
-5
-35
-12
59
38
2
11
-2
6
-38
-46
7
-39
24
60
-9
-37
-68
-86
-64
-7
-12
-38
-1
48
16
0
8
0
41
27
-16
-40
-32
60
88
81
84
26
79
48
-44
9
-76
-97
-21
-30
0
-40
-67
-27
-17
7
20
-5
-38
-68
-81
-77
-54
-13
37
93
58
54
121
71
44
12
-70
-37
-1
-15
-44
-38
49
-18
-104
-33
36
59
-28
-21
39
26
0
-4
-2
-27
9
0
-29
-52
-38
72
44
-49
18
79
82
84
48
49
-41
-79
25
27
52
18
-18
48
11
-29
33
15
-18
62
19
-26
27
31
76
54
52
113
20
-31
-40
-129
-119
-69
-37
-41
-55
4
-30
-25
30
-34
4
1
-13
68
17
12
62
25
67
102
60
60
8
26
64
0
0
4
-25
-46
25
19
-25
-12
-27
9
-26
-98
-93
-9
-21
-93
-78
7
71
-13
-11
37
-41
-46
12
15
-35
-59
-56
-34
56
46
-5
-6
-84
-38
16
-67
-12
17
-52
-49
-9
-16
-43
-26
-14
-6
6
-21
-54
-13
-3
-6
60
106
29
-51
-31
-22
-24
64
155
43
-14
4
-26
-7
-41
-14
6
-37
61
39
-26
71
45
-35
-41
15
68
19
-12
57
98
69
54
59
31
10
1
-32
17
-22
-40
27
-36
16
-3
-110
2
40
-19
-79
-90
-54
-47
-20
10
39
17
-5
2
-2
-17
-32
36
76
-33
-51
36
10
-46
3
16
-11
4
23
11
38
81
31
-67
-67
30
4
-52
-102
-31
35
-46
34
54
33
60
51
33
-11
48
10
-63
-25
-32
-52
-13
75
70
28
66
55
3
-90
-71
11
19
33
28
43
23
34
65
18
25
-13
-25
19
-57
3
79
15
-4
-84
-111
-99
-145
-85
-64
-56
17
42
70
60
2
-8
-26
18
81
-30
-32
72
42
77
8
-111
-39
-28
-30
24
22
-57
-116
-122
-86
8
-16
-93
-83
-24
54
68
-38
-84
-9
17
50
44
-2
8
45
45
18
39
-1
9
88
72
52
14
6
12
4
38
84
43
27
73
22
-36
-39
65
104
-2
10
42
59
29
-22
-27
-11
48
-7
-34
39
26
-5
17
-4
-35
-42
-39
2
18
-36
-26
-56
-150
-99
-14
120
84
2
78
15
-14
17
39
-38
-77
44
82
104
21
-74
-65
-128
-35
41
-42
-15
-28
-28
13
25
-1
-67
-64
-79
-33
31
43
105
79
80
94
20
-7
-15
-2
-10
-8
56
61
0
-37
4
11
-7
8
-24
-29
-21
-59
-9
28
-27
24
94
14
-66
-72
-28
-4
-42
-79
-37
75
75
66
58
16
69
72
31
-7
-45
-44
-83
-108
-95
-69
8
25
-23
-6
80
68
-29
-23
7
-24
45
35
-28
12
23
53
19
-4
-23
-63
78
112
2
-7
26
60
-8
-79
-59
-11
27
-30
-14
16
30
9
-53
8
71
91
41
0
-11
7
32
19
82
140
84
-1
-19
25
-31
-111
-23
-15
-17
24
-48
-66
-74
-28
-4
-73
-14
21
-69
-57
-37
-34
46
10
-21
-28
-9
25
0
60
53
-6
-24
-33
-21
14
2
-55
-62
-68
-42
-60
-75
-47
-47
-22
-39
-23
36
-6
2
41
-15
21
56
27
10
-16
1
-40
-7
46
-20
12
19
6
54
28
-51
-76
-21
-14
-29
4
22
-3
-31
-48
-33
27
81
28
17
95
76
126
137
56
0
-22
62
31
-40
-75
-92
-25
18
3
-3
-4
48
106
13
-17
-20
-16
-13
-63
7
-19
-27
38
52
74
69
102
18
-43
27
-12
-53
-21
60
83
0
-5
-13
-57
-68
-31
-48
-58
68
-9
-92
-38
-28
48
50
7
24
26
-1
0
-26
-81
0
0
-47
-32
-39
-2
27
58
-6
-1
72
16
-44
-68
-35
-13
-11
49
45
27
24
-17
-25
-26
29
24
-49
-60
-14
-33
-48
45
16
21
39
-56
-19
-10
16
27
-80
-56
-51
-80
-58
20
70
0
17
71
64
18
-3
18
64
61
81
70
-38
-49
-66
-29
-12
-70
-13
-22
-68
-42
-69
-28
52
27
-12
-74
-50
-16
-44
0
5
-38
-40
9
41
23
6
20
-8
-43
-16
-31
-2
57
28
-37
-104
-12
92
19
38
14
-49
52
44
-36
1
49
64
72
-27
-102
-72
-36
7
-38
-20
-19
-27
36
-31
-55
0
41
88
107
28
41
80
45
71
0
17
61
12
31
27
67
56
16
-5
-40
-16
-47
-69
-26
-12
-12
-2
0
39
25
-46
-50
-14
25
-34
-9
38
-32
16
18
6
-28
-69
15
36
41
-21
-17
32
25
3
-24
-34
-72
43
24
-50
6
10
9
-54
-76
-18
11
-26
10
10
-28
7
5
-11
10
52
7
34
-3
-83
33
78
22
-52
-27
20
-10
19
-12
-22
71
55
35
33
-54
-5
21
-51
-13
22
3
-34
-14
14
-3
-42
-5
23
-67
-40
-45
-79
24
60
18
-7
-26
63
85
15
51
22
-8
40
35
25
1
0
-32
-77
33
84
43
39
19
0
-8
-39
4
54
53
49
-37
-24
21
-33
-12
33
43
28
48
18
-23
-3
-71
-35
0
-88
-12
45
-71
-104
-107
-85
-36
-105
8
59
-104
-95
-71
-29
68
-8
-68
-22
-9
29
9
-41
-11
45
10
-6
48
68
83
55
38
20
-27
-18
-57
-26
6
-53
-28
4
32
58
101
97
23
16
90
89
40
37
28
74
44
19
105
56
-11
10
34
26
-37
-79
-87
-95
-45
-35
-65
27
55
22
82
79
9
-50
-92
-4
7
-22
15
-69
15
81
-28
-39
-60
-71
-38
-21
11
0
-68
-30
-14
-79
-43
-55
-28
-6
-28
88
66
-53
3
53
65
72
49
59
17
25
21
-38
28
37
2
-22
-30
22
-46
-95
-46
-43
-82
-116
-51
20
-22
-6
35
0
34
-23
-73
16
40
18
31
69
65
74
46
-16
-17
7
25
8
-40
-48
10
-8
-108
-136
-83
-55
2
45
-20
24
62
64
64
66
52
-21
40
117
108
58
8
40
55
-6
25
22
-39
-42
-58
-58
-34
10
-2
-50
-42
-46
-41
0
-21
-30
-12
56
120
59
12
-19
22
49
12
-3
-34
-22
36
7
-27
-30
-65
-31
-104
-175
-101
-38
52
58
-10
18
40
13
47
92
89
-9
-16
73
80
26
-8
63
31
-53
-102
-82
-68
-164
-128
-64
-5
27
-11
-30
-40
9
-34
-47
46
88
101
46
-41
-61
30
99
110
102
84
74
96
84
-26
12
40
29
18
-55
-28
-18
-11
43
113
72
-32
-45
-8
-13
-43
0
27
20
34
36
80
84
14
-15
-45
18
-16
-62
65
29
-32
-84
-115
-57
-36
-79
-122
-65
-43
-26
6
-65
-47
11
12
-2
-23
-13
3
9
-29
-38
12
47
29
43
31
-81
-28
49
-6
-46
-76
-64
-71
-54
-19
5
21
-22
-27
-5
-28
-5
30
24
42
30
-6
35
80
7
1
85
26
-12
4
-55
-6
13
-9
8
-18
11
-22
-94
-16
23
-51
22
81
48
67
89
79
66
107
64
61
78
65
71
16
8
-36
-117
-113
-66
-65
-27
5
23
9
-25
1
-28
-42
-45
10
36
48
135
-13
-56
95
96
109
48
-28
13
-7
-21
-5
34
62
-8
-52
-30
-61
-138
-90
-37
-21
32
78
40
-37
-64
-70
-4
64
75
-5
2
58
9
82
66
-7
41
-20
-29
2
-17
2
-24
-114
-212
-136
-79
-44
39
-23
0
-6
-7
73
-45
-37
82
14
-10
36
15
-14
-35
4
98
47
-50
-47
32
43
-47
-65
-10
-26
-70
-19
-41
-49
9
-13
-53
-18
32
9
-30
-53
-25
-31
-12
87
-5
-60
-32
-116
-47
-33
-66
6
-52
-63
-6
-28
18
1
-4
41
25
54
31
13
10
33
1
10
69
-1
26
26
-14
0
49
121
98
96
112
50
74
109
29
41
133
165
113
61
82
97
121
150
86
37
51
107
148
12
-39
46
54
71
70
82
78
74
115
98
39
5
4
13
-15
3
6
-48
-3
77
53
62
109
15
-2
0
-10
11
-35
-16
22
-10
-8
-17
-102
-90
-84
-68
19
-37
-119
-83
-74
-102
-154
-136
-67
-124
-193
-143
-131
-140
-134
-163
-72
-23
-17
-68
-136
-60
-194
-257
-108
-76
-146
-148
-94
-129
-100
-85
-191
-192
-143
-134
-106
-152
-174
-157
-168
-100
-106
-145
-130
-93
-34
-33
-30
46
130
45
-24
1
17
83
88
67
42
-5
114
139
44
52
18
69
82
56
63
32
144
176
116
133
128
132
129
99
150
186
134
130
156
202
244
137
129
198
109
178
200
116
182
131
127
159
100
128
172
152
137
144
151
136
142
212
203
190
199
157
222
263
205
206
217
216
281
281
203
231
180
78
127
100
67
148
68
-26
25
-1
-80
-59
-46
-174
-144
-69
-104
-36
-53
-98
-79
-180
-192
-137
-188
-247
-293
-275
-223
-236
-305
-400
-527
-577
-535
-518
-652
-785
-691
-691
-785
-786
-779
-761
-808
-763
-673
-645
-572
-586
-578
-541
-544
-483
-410
-331
-244
-278
-264
-133
-72
-51
-20
-40
-29
-2
14
39
127
229
206
233
343
349
336
417
504
534
562
674
723
724
757
787
830
903
885
817
835
769
802
791
671
699
620
593
608
554
627
586
537
480
368
432
382
342
429
342
258
318
359
349
327
410
432
367
386
430
422
366
419
412
315
332
375
374
341
315
346
340
243
332
367
188
227
319
227
118
43
-25
24
164
225
116
20
-45
-72
29
49
-26
-121
-111
-15
-42
-203
-411
-576
-704
-731
-680
-710
-701
-843
-1077
-1194
-1336
-1385
-1431
-1540
-1626
-1680
-1744
-1919
-2040
-2062
-2135
-2090
-1989
-2069
-2071
-2011
-2013
-1986
-1979
-1855
-1744
-1731
-1583
-1519
-1527
-1353
-1263
-1195
-990
-916
-801
-582
-440
-297
-228
-154
-49
81
312
526
606
657
833
1043
1182
1361
1575
1695
1778
1875
1940
2011
2069
2090
2164
2241
2225
2127
2097
2186
2166
2036
1976
2004
1938
1793
1680
1600
1514
1437
1356
1241
1205
1062
949
911
862
903
874
773
614
486
447
368
311
213
60
39
87
11
-109
-209
-371
-508
-606
-653
-686
-719
-741
-937
-1007
-1031
-1125
-1001
-966
-972
-955
-1007
-1051
-1038
-951
-886
-799
-672
-631
-659
-567
-533
-497
-408
-436
-378
-332
-308
-255
-232
-148
-163
-125
-110
-122
-37
29
106
132
173
246
335
426
453
477
503
497
487
487
588
660
690
747
770
751
708
769
729
612
620
490
343
321
317
346
228
117
162
120
94
98
43
32
-60
-219
-281
-412
-566
-563
-626
-767
-828
-961
-1122
-1183
-1226
-1308
-1408
-1454
-1552
-1684
-1816
-1942
-1992
-2055
-2143
-2177
-2202
-2191
-2094
-2097
-2068
-1944
-1911
-1834
-1784
-1730
-1552
-1390
-1257
-1122
-934
-783
-681
-527
-290
-111
87
230
363
568
652
885
1055
1155
1332
1406
1537
1641
1757
1962
2118
2198
2289
2352
2472
2615
2625
2691
2723
2721
2752
2683
2597
2583
2621
2658
2605
2466
2329
2239
2189
2171
2109
1941
1742
1627
1553
1365
1191
1077
860
692
508
311
212
13
-96
-184
-399
-522
-698
-773
-836
-1027
-1131
-1345
-1404
-1405
-1512
-1630
-1772
-1827
-1839
-1873
-1955
-1884
-1882
-1962
-1871
-1876
-1936
-1909
-1780
-1664
-1683
-1603
-1529
-1445
-1344
-1298
-1132
-964
-894
-828
-714
-544
-359
-177
-29
97
294
383
429
553
692
836
915
958
982
1094
1211
1226
1216
1288
1424
1466
1383
1368
1479
1358
1159
1166
1155
1110
1107
1040
1071
1100
953
916
822
718
641
489
347
114
-42
-261
-507
-695
-855
-925
-1093
-1152
-1291
-1545
-1672
-1930
-2136
-2290
-2489
-2611
-2789
-2914
-2924
-3032
-2983
-2853
-2888
-2809
-2751
-2567
-2250
-2091
-1916
-1789
-1719
-1583
-1471
-1320
-1019
-779
-493
-152
74
342
586
867
1130
1301
1455
1541
1692
1805
1945
2072
2177
2369
2488
2637
2727
2874
3068
3094
3147
3165
3072
3004
2925
2859
2768
2637
2494
2382
2298
2188
2107
1953
1772
1613
1472
1271
1019
887
679
493
365
180
-11
-222
-294
-385
-584
-661
-727
-768
-794
-879
-895
-955
-1014
-1062
-1228
-1372
-1424
-1394
-1391
-1394
-1460
-1606
-1554
-1498
-1538
-1567
-1513
-1368
-1398
-1409
-1326
-1244
-1096
-1070
-1033
-905
-884
-861
-804
-623
-418
-281
-66
74
139
258
343
375
491
590
633
756
839
931
992
1053
1161
1110
1127
1129
1077
1138
1196
1225
1197
1235
1276
1204
1109
1024
949
881
837
814
851
883
897
900
775
773
781
641
661
628
534
386
203
75
-191
-490
-856
-1213
-1474
-1610
-1630
-1794
-1982
-2154
-2351
-2523
-2826
-3186
-3366
-3452
-3583
-3713
-3815
-3723
-3506
-3361
-3256
-3172
-3032
-2785
-2531
-2354
-2126
-1809
-1564
-1465
-1487
-1476
-1268
-1027
-881
-684
-372
127
558
719
919
1225
1564
1709
1675
1733
1899
2246
2668
2850
2891
3106
3330
3405
3367
3459
3762
3884
3846
3618
3478
3516
3426
3216
2703
2308
2259
2292
2162
1910
1888
1991
1907
1495
1150
954
876
939
671
379
293
332
392
59
-312
-392
-454
-550
-793
-1086
-992
-760
-770
-996
-1213
-1327
-1315
-1416
-1920
-2099
-1729
-1409
-1501
-1950
-2129
-1887
-1720
-1868
-2109
-2023
-1676
-1491
-1654
-1912
-1808
-1533
-1490
-1799
-2261
-2098
-1248
-648
-663
-660
-238
312
400
-56
-196
425
1365
1731
1445
1409
1839
2184
1947
1417
1295
1734
2144
2193
2202
2294
2499
2617
2219
1476
1037
1077
1223
1232
1203
1491
2044
2254
1922
1455
1241
1340
1242
760
428
661
1137
1121
609
44
-368
-1070
-2259
-3537
-4399
-4182
-3356
-2889
-2966
-3218
-3219
-3253
-3860
-5087
-5895
-5465
-4552
-3944
-3849
-3446
-2186
-1371
-1897
-3066
-3600
-3083
-2401
-2281
-2117
-1250
-9
552
-185
-1368
-1827
-1530
-1386
-1565
-1307
15
1891
3006
2991
2781
3206
3566
2803
1527
1300
2346
3604
4152
4000
4044
4385
4089
2905
1688
1456
2116
2580
2439
2315
2765
3343
3024
1682
366
-26
263
447
444
786
1755
2681
2613
1684
900
731
518
-25
-637
-715
137
900
684
103
-83
31
-113
-755
-1307
-1117
-311
313
256
-69
-175
-290
-669
-1344
-1888
-1491
-567
-93
-152
-201
17
115
-598
-1998
-2726
-2441
-2013
-1891
-1897
-1406
-528
-159
-741
-1778
-2045
-1464
-939
-802
-717
-78
767
1051
477
-221
-261
-67
-139
-369
-26
1038
2158
2636
2401
1973
1576
1103
294
-460
-576
-62
714
1221
1460
1631
1798
1922
1586
1017
710
603
939
1510
1961
2303
2459
2557
2157
1005
-166
-609
-173
419
474
435
842
1317
1098
-302
-2192
-3584
-4470
-5561
-6829
-6857
-4879
-2166
-905
-1617
-2647
-2706
-2751
-4070
-5783
-5638
-3333
-1275
-1150
-2038
-1868
-609
-680
-3030
-5211
-4731
-2352
-911
-1153
-953
852
2550
1472
-1777
-3691
-2808
-1011
-495
-546
1102
4209
6166
5476
3739
3511
4369
4063
2082
676
1639
3790
4689
3541
2274
2108
2050
793
-944
-1094
637
2632
3278
2863
2871
3542
3537
2116
334
-376
114
898
1259
1407
1938
2618
2640
1548
-27
-845
-818
-560
-324
-104
408
1055
1199
738
79
-263
-73
116
-80
-269
-122
351
686
411
-279
-985
-1449
-1764
-1825
-1620
-1298
-707
-257
-282
-712
-1507
-2192
-2497
-2641
-2495
-1991
-1269
-594
-497
-855
-1043
-998
-1137
-1475
-1563
-977
132
1044
1287
1252
1279
968
285
-387
-287
850
2015
2443
2320
2314
2443
2142
1269
413
314
737
1005
991
1298
2208
2961
2864
2084
1333
756
271
44
161
1041
2243
2965
2965
2053
995
288
-270
-826
-1532
-1854
-1241
44
801
460
-234
-1295
-3413
-6993
-10637
-11112
-7701
-3525
-1595
-1761
-1538
-368
-987
-4532
-7854
-7414
-4282
-2848
-4229
-4465
-964
2938
2435
-2218
-5645
-4762
-2615
-3169
-5097
-3579
1680
5149
3110
-1188
-2637
-1049
-394
-2219
-2946
322
5384
7551
6157
5026
6394
7656
5363
904
-1335
295
3129
4063
3484
3635
4366
3649
876
-1732
-1708
436
2366
2704
2718
4118
6124
6556
4644
1966
494
312
321
-5
-94
937
2308
2469
1170
-341
-881
-714
-942
-1642
-1472
11
1678
2359
1702
729
416
189
-723
-1972
-2506
-1801
-584
332
876
924
304
-1088
-2647
-3495
-3456
-2804
-1898
-858
30
427
-44
-967
-1626
-2190
-2588
-2682
-2251
-903
820
1708
1327
344
-673
-1553
-2386
-2817
-2193
-502
1476
2647
2928
2608
2153
1552
418
-586
-714
73
1012
1633
2214
2816
3018
2379
1100
50
-263
4
580
1372
2233
2682
2365
1183
-145
-865
-1035
-675
50
754
1097
1317
1917
2514
2202
638
-881
-953
-83
375
0
-98
256
-1237
-5978
-11459
-12846
-8823
-4157
-3123
-4134
-3093
49
629
-3333
-7110
-5801
-1714
-1203
-5001
-6823
-2463
3503
3685
-1558
-4933
-2882
-286
-2037
-5466
-4371
1538
5018
1848
-3380
-4347
-1222
378
-1715
-2935
551
5963
7894
6014
5018
7247
9307
6926
1472
-1546
109
3223
3986
2681
2273
3200
2969
404
-2242
-1799
1489
4076
3691
2160
2525
4785
6095
4585
1762
395
923
1283
200
-784
212
2315
2701
489
-1893
-1976
-268
552
-368
-1059
96
2099
2578
1200
35
343
902
-4
-1903
-2628
-1373
274
556
-173
-522
-388
-923
-2685
-4190
-3804
-1843
-288
-89
-268
-154
-323
-1513
-3070
-3606
-2773
-1843
-1789
-1902
-825
1093
1927
962
-602
-1289
-1240
-1199
-1076
-220
1556
3053
3187
2444
1797
1534
870
-325
-1010
-716
342
1406
2100
2546
2587
2237
1690
1398
1511
1643
1813
2355
3066
3257
2467
830
-584
-1103
-992
-472
204
639
541
450
883
1568
1646
754
172
583
1333
1532
1149
1146
504
-3159
-9545
-14062
-12395
-6639
-2587
-2663
-3680
-2223
-502
-2700
-7433
-8753
-4849
-1044
-2480
-6245
-5588
22
3731
742
-4442
-5145
-1769
-569
-3647
-5347
-1410
4234
4156
-1869
-6808
-6044
-2733
-2245
-3719
-2062
3787
8580
8504
6104
6137
8610
8590
4277
-289
-639
2657
5045
4257
2459
2107
2519
1209
-1741
-3199
-1158
2640
4816
4586
4149
5185
6511
6003
3503
1204
1050
2202
2433
1316
660
1545
2641
1793
-1004
-3139
-2787
-849
369
154
410
2258
4016
3692
1592
-58
22
533
32
-650
20
1850
2628
905
-1925
-3620
-3974
-4216
-4603
-4171
-2140
495
1795
1447
856
606
-181
-1934
-3541
-3692
-2641
-1774
-1814
-1869
-1160
-261
-243
-1200
-1791
-1549
-916
-410
72
1246
2535
2854
1998
659
-344
-716
-548
-141
567
1367
1695
1705
1561
1354
1237
1122
1058
1196
1505
1826
2256
2605
2442
1787
850
-20
-569
-842
-843
-297
712
1559
1634
702
-543
-1168
-1047
-735
-696
-815
-441
616
1524
1797
1763
1568
314
-3591
-9737
-14102
-12753
-6556
-851
464
-974
-1622
-1412
-3303
-7515
-9659
-6813
-2156
-942
-3175
-3235
1291
5167
2756
-4045
-7798
-5389
-1630
-1393
-2910
-1481
2607
3882
-362
-5757
-6791
-4056
-2001
-1957
-480
4667
10134
11282
8352
5802
5730
5682
3093
-358
-962
1748
4669
5059
3606
2265
1257
-555
-3150
-4088
-1456
3341
6949
7772
7025
6598
6556
5500
3053
649
228
1640
2894
2706
1767
1346
1137
-209
-2844
-4782
-4090
-1427
1047
2202
2864
3955
4534
3462
1012
-903
-1046
-367
136
307
775
1750
1952
443
-1956
-3983
-5220
-5736
-5340
-3664
-916
1621
2496
1525
-296
-1956
-3223
-4088
-4350
-3770
-2421
-928
95
423
162
-558
-1871
-3563
-4575
-4105
-2129
416
2182
2834
2501
1781
932
-233
-1299
-1963
-1676
-564
658
1473
1629
1558
1171
540
55
199
1274
2486
2912
2578
2443
2845
3088
2177
219
-1335
-1647
-736
362
829
999
990
717
256
-2
220
807
1720
2559
2658
1871
591
-319
-499
-537
-582
-42
1170
906
-3328
-10027
-14109
-11832
-5468
-904
-535
-1610
-1148
-423
-2482
-6170
-6718
-3035
291
-588
-3409
-2897
1288
3509
-27
-5558
-6813
-3599
-1167
-2169
-3147
-412
3623
3614
-959
-4905
-4123
-712
1161
1410
3000
6639
8668
6508
2943
2178
4320
5448
3306
497
624
3285
4714
2823
-175
-1283
-828
-522
-632
221
3589
7277
7801
5586
3108
2563
3383
2626
367
-676
689
2922
3161
777
-1730
-2514
-2482
-3027
-3399
-1740
1884
4768
4577
2418
854
784
915
-157
-1113
-329
1473
2468
1696
623
414
66
-1780
-4686
-6000
-4525
-2016
-350
233
682
1065
368
-1624
-3475
-3484
-2236
-1424
-1364
-1296
-708
-107
-465
-1341
-1884
-2006
-1826
-1885
-1728
-907
161
846
534
-221
-782
-929
-448
401
1240
1594
1335
967
530
130
12
106
464
855
1299
1974
2656
3110
2893
1965
1041
634
780
1148
1295
1394
1480
1250
744
198
-32
77
561
1300
1925
2398
2681
2606
1986
753
-652
-1380
-920
266
1131
1686
2099
1184
-2332
-8032
-12614
-12656
-8532
-3470
-448
384
413
-674
-3431
-6394
-6880
-4338
-1600
-1281
-2561
-2522
-699
348
-1368
-4594
-6025
-4896
-3266
-2378
-1411
578
2406
1840
-992
-3309
-3137
-1361
116
1267
2953
4957
5667
3989
1728
1359
3007
4562
4227
2856
2263
2652
2621
1539
466
369
1000
1276
1222
2116
4369
6267
5824
3519
1455
1289
2440
3027
2615
2330
2795
2957
1686
-376
-1824
-2105
-1609
-938
185
1960
3653
4132
2926
1092
-164
-703
-914
-881
-98
1508
2942
3168
1937
-216
-2264
-3406
-3416
-2292
-736
86
-196
-1089
-1895
-2024
-1612
-1326
-1575
-2126
-2257
-1614
-586
-90
-575
-1581
-2475
-2878
-2507
-1549
-206
1098
1429
690
-542
-1386
-1288
-755
-441
-401
-154
540
1055
890
277
-181
-67
234
376
447
732
1352
1725
1485
1025
1000
1551
1995
1849
1321
912
976
1168
849
233
17
235
624
823
673
532
563
736
1036
1462
1778
1739
1502
1212
731
207
-246
-819
-1220
-1260
-690
490
1259
565
-2207
-6504
-10115
-10749
-7939
-3328
693
2233
891
-2289
-5605
-7221
-6658
-4434
-1728
-87
25
-1027
-2213
-2902
-3136
-3357
-3976
-4326
-3520
-1488
757
2046
2018
890
-837
-2612
-3627
-2869
-454
2262
3780
3756
2994
2151
1644
1595
2228
3453
4439
4549
3779
2890
2432
2221
1883
1506
1507
1761
1963
2271
2902
3784
4536
4457
3656
2911
2503
2245
1981
1862
1825
1620
1027
119
-637
-1011
-874
-192
626
1363
1821
1839
1619
1006
45
-766
-816
-83
492
483
235
277
572
478
-58
-193
436
618
-955
-3635
-4808
-3188
-532
783
225
-680
-1180
-2028
-3103
-3243
-1693
283
455
-1128
-2429
-2094
-1036
-769
-1005
-648
284
710
250
-159
110
457
34
-788
-869
-38
608
316
-124
351
1078
813
-278
-894
72
1937
3185
3096
2100
1297
842
548
546
693
885
730
43
-525
-514
128
997
1213
581
-349
-795
-361
618
1410
1814
2317
2692
2344
980
-838
-1952
-2136
-1986
-1756
-960
491
1503
1096
-247
-1443
-2756
-5607
-9187
-10090
-6272
376
4723
3678
-804
-5097
-7594
-8718
-7813
-3613
2234
5139
1979
-4362
-7908
-6681
-4074
-3607
-4321
-3169
132
2474
1731
-223
-697
-34
-510
-2217
-2536
192
3739
4678
2642
149
-440
30
28
283
1866
4538
6276
5369
3049
1625
1956
3118
3817
4034
4090
3839
3080
2100
1841
2733
3917
4250
3352
1774
854
1132
2026
2624
2220
1150
149
-489
-665
-235
809
2017
2420
1628
646
553
1093
1201
574
116
405
837
694
79
-228
0
-108
-1115
-2047
-1678
-506
-296
-1381
-2197
-1787
-874
-1010
-2252
-2829
-1882
-523
-284
-909
-1065
-743
-869
-1784
-2426
-1641
-99
702
298
-399
-787
-1209
-2041
-2636
-2103
-842
321
682
459
219
47
-13
11
173
372
544
676
1150
1973
2324
1952
1156
451
152
214
617
1213
1515
1157
337
-354
-499
-375
-372
-373
3
669
1199
1379
1444
1683
1764
1563
1129
844
1021
1067
551
-513
-1540
-1630
-818
53
180
-889
-2281
-2793
-2258
-1057
85
908
1085
-428
-3897
-7004
-6635
-2540
1997
2760
-694
-4774
-6488
-6071
-5140
-3598
-708
1774
624
-4581
-9259
-8606
-3418
1173
1680
-143
-885
-385
-545
-1595
-1145
1987
4783
3958
324
-2345
-1971
-348
-145
-1091
-734
1392
3254
3134
1960
1965
3214
4010
3366
2650
3499
5259
5902
4567
2700
1708
1583
1591
1413
1817
3021
3792
2961
996
-282
346
1923
2647
1963
793
391
701
781
324
113
652
1207
1007
250
26
890
1552
782
-633
-1222
-499
365
94
-966
-1305
-604
-308
-1087
-2230
-2305
-1046
201
373
-458
-1459
-2236
-2766
-2875
-1710
742
2556
2220
-111
-2436
-2953
-1829
-206
1078
1912
1779
448
-1333
-2487
-2365
-1517
-796
-485
-327
-99
181
107
-424
-815
-680
-129
443
916
1098
885
604
359
78
-92
54
544
1128
1296
1080
925
903
799
292
-221
-68
873
1880
2006
1441
716
187
-116
-332
-57
820
1638
1520
440
-552
-584
-105
-157
-912
-1592
-1273
-124
686
288
-945
-1894
-1744
-828
-74
431
864
534
-1769
-5829
-8146
-5191
1214
4914
1975
-4797
-9151
-8521
-5608
-3205
-735
2652
4058
-228
-7924
-11292
-6430
1732
5001
1660
-2106
-1951
-21
-46
-1598
-888
2342
3637
571
-3390
-3466
22
2507
1572
-393
-40
1980
2513
1160
560
2521
5092
5402
3806
2476
2670
3376
2950
1748
1254
1970
2979
2980
2164
1875
2474
3240
2983
1808
1318
2240
3529
3418
1522
-557
-837
357
1021
230
-786
-319
871
920
-304
-1073
-210
1193
1341
180
-548
-16
577
-99
-1447
-1615
-397
540
-4
-1509
-2478
-2335
-1616
-937
-639
-774
-1374
-2411
-3040
-2253
-620
548
485
-612
-1567
-1604
-799
381
1270
1261
201
-1568
-3042
-3082
-1815
-362
277
15
-581
-1069
-1347
-1467
-1052
-123
813
1199
856
360
-197
-709
-662
300
1792
2605
2122
734
-292
-247
438
1411
2066
2067
1355
318
-206
200
1191
1507
915
334
327
637
765
800
1117
1625
1675
927
3
-129
411
771
513
-182
-580
-393
-151
-346
-999
-1718
-1853
-1054
232
925
572
139
-329
-2148
-5463
-7520
-4815
1420
5145
2174
-4802
-9006
-7547
-3787
-1526
-424
1387
2141
-1458
-7723
-10000
-4717
3037
5397
1010
-4101
-4592
-1968
-500
-607
462
3188
4049
811
-3363
-3872
-385
3052
3292
1855
1226
1346
808
-526
-292
2498
5457
5892
3434
530
-444
602
2288
3284
3364
3094
2662
1917
1224
1357
2696
4318
4548
2821
690
194
1443
2441
1523
-518
-1283
-53
1082
452
-1108
-1567
-476
416
113
-217
656
2023
1827
-233
-1843
-1166
914
1927
919
-656
-1149
-759
-888
-1679
-1836
-783
323
40
-1340
-2310
-2339
-1925
-1592
-987
315
1253
789
-674
-1647
-1219
-41
607
411
169
-59
-707
-1417
-1396
-527
94
-397
-1287
-1250
-379
-28
-753
-1630
-1293
20
599
-10
-664
-476
145
469
635
1147
1772
1563
197
-1114
-716
1101
2458
2069
522
-676
-685
242
1090
1335
1043
708
580
501
559
818
1072
1184
989
492
318
545
671
275
-482
-551
152
511
-94
-962
-783
162
483
-229
-999
-785
-246
-362
-484
317
1108
-531
-4653
-7292
-4785
1229
4555
1563
-4469
-7656
-6270
-3460
-1782
-219
1994
2091
-2332
-8279
-9171
-2875
4563
5959
1002
-4179
-4767
-2381
-794
-318
1233
3769
3955
256
-3972
-4289
-734
2622
2909
1173
238
686
664
-270
-217
1859
4323
4424
1778
-751
-663
1487
3350
3427
2401
1829
1800
1469
792
783
2156
3873
3939
2010
208
332
1633
1786
22
-1581
-1002
820
1158
-527
-1922
-1059
935
1500
363
-355
613
1642
949
-561
-513
1372
2575
1433
-700
-1358
-129
851
200
-830
-840
-208
-382
-1418
-1507
-118
1035
425
-1179
-1698
-778
0
-140
-344
330
1188
719
-788
-1523
-769
403
759
487
312
153
-421
-1112
-1056
-101
789
476
-605
-1324
-1166
-490
-58
165
305
130
-359
-699
-295
574
1010
530
-493
-1040
-626
283
923
872
354
-228
-517
-181
441
761
600
241
132
381
573
427
224
268
429
237
-156
-139
238
333
-246
-1110
-1333
-736
-183
-325
-599
-149
489
396
-434
-1228
-1132
-394
405
1150
1533
609
-2106
-4904
-5045
-1841
1741
2046
-826
-3779
-4599
-3949
-3181
-1750
666
2080
27
-4694
-7329
-4606
930
3869
2083
-1534
-3425
-3175
-2412
-1368
825
3393
3670
518
-3363
-4297
-1574
1816
3231
2390
563
-548
-937
-678
420
1884
3085
3192
2225
793
-47
534
1916
2981
3154
2814
2612
2607
2278
1398
1115
2260
3764
3957
2475
736
65
276
329
61
381
1209
1363
209
-1353
-1639
-385
1049
1315
600
318
740
863
246
-485
-353
552
1119
775
-47
-512
-362
-207
-302
-329
-28
357
125
-941
-1946
-1749
-663
293
350
-520
-1228
-1359
-1228
-865
-338
224
285
-583
-1548
-1632
-861
119
433
102
-413
-1025
-1170
-663
35
535
504
12
-545
-821
-676
-336
-178
-190
-180
-88
-71
-70
86
183
265
355
507
751
914
936
892
916
1044
1379
1465
1062
448
-1
157
677
1099
1060
644
269
120
72
-82
165
635
632
36
-837
-1120
-585
43
-34
-538
-700
-231
360
209
-623
-1210
-917
-203
214
176
256
438
-371
-2354
-3940
-3439
-876
1263
571
-2255
-4532
-4630
-3260
-1902
-793
386
535
-1637
-5132
-6658
-4140
491
3034
1386
-2063
-4097
-3809
-2236
-576
1181
2705
2497
-23
-2942
-3393
-871
2238
3474
2400
535
-621
-891
-633
134
1549
3130
3736
2694
670
-613
-16
1793
3467
3924
3254
2424
1786
1383
1300
2003
3548
4627
3844
1557
-71
69
1157
1780
1424
1017
983
730
-210
-1212
-1045
154
1165
1097
469
502
954
692
-414
-1142
-309
1260
1631
513
-767
-1134
-628
-10
119
184
537
561
-133
-1069
-1186
-158
920
922
-192
-1525
-2017
-1645
-1161
-747
-437
-529
-904
-1340
-1693
-1614
-1035
-348
14
-189
-741
-1281
-1512
-1287
-856
-478
-372
-620
-1114
-1622
-1738
-1141
-179
516
421
-496
-1101
-935
-412
180
537
699
643
67
-580
-357
683
1645
1510
575
36
193
627
720
634
796
1107
1158
685
188
282
949
1422
1377
1207
1029
768
220
-430
-570
-152
374
446
-200
-918
-841
26
780
614
-31
-364
-101
377
533
586
965
1247
292
-1881
-3315
-2128
727
2065
275
-2728
-3766
-2583
-1555
-1711
-1576
-25
1124
-627
-4415
-6086
-3348
891
2019
-337
-2708
-2865
-1800
-1567
-1687
-475
1745
2441
165
-2896
-3475
-1074
1527
1966
720
-455
-839
-967
-1063
-327
1415
2904
2782
1092
-485
-372
1211
2676
2850
2056
1407
1435
1751
1759
1681
2178
2951
2847
1527
229
321
1508
2268
1574
165
-189
479
733
-68
-900
-405
884
1395
523
-510
-429
323
563
69
-220
207
557
80
-809
-982
169
1384
1306
286
-621
-511
130
366
232
145
383
109
-1086
-2017
-1593
-127
762
184
-1038
-1545
-889
-102
-24
-140
153
488
77
-836
-1031
-312
416
414
-285
-739
-577
-441
-734
-1133
-1046
-550
-160
-137
-267
-268
-533
-1028
-1194
-642
401
762
196
-494
-693
-185
527
765
560
395
307
296
311
460
822
935
666
46
-317
37
575
876
629
71
-202
-212
-90
46
-44
-193
-232
-293
-352
-372
-192
201
613
778
382
-117
14
524
926
1170
1194
1041
380
-1122
-2478
-2106
-34
1518
629
-1754
-3157
-2663
-1665
-1420
-1320
-191
963
-227
-3227
-4794
-2824
667
1848
140
-1839
-1919
-1050
-1073
-1393
-395
1809
2832
1052
-1546
-2119
-605
830
753
48
9
335
21
-909
-1142
18
1375
1609
880
260
505
1274
1645
1401
1208
1412
1866
2153
1830
1479
1691
2082
1872
966
287
694
1668
1770
605
-822
-1208
-428
286
192
-76
58
209
-365
-1219
-1027
298
1483
1243
-40
-840
-526
272
635
661
965
1345
1193
272
-506
-233
628
1242
1069
334
-262
-438
-551
-584
-268
47
224
-19
-877
-1540
-1308
-478
253
276
-210
-510
-550
-615
-836
-597
189
626
226
-769
-1365
-1109
-517
-149
-274
-486
-653
-1011
-1496
-1682
-1087
-102
495
126
-702
-1144
-892
-141
380
723
1012
936
544
100
155
814
1440
1638
1319
873
514
339
457
619
830
919
751
488
312
78
-95
81
210
284
372
291
125
-57
-279
-509
-464
112
937
1150
418
-424
-634
-312
122
406
650
1007
855
-571
-2746
-3682
-2075
534
1426
-158
-2273
-2995
-2695
-2474
-2258
-1036
1076
1562
-1054
-4437
-5093
-2230
926
1302
-193
-1223
-1256
-1620
-2574
-2383
-201
2226
2167
-276
-2274
-2161
-830
72
186
393
903
818
-119
-899
-462
932
2010
1828
928
563
923
1510
1681
1341
1074
1240
1833
2138
1980
1923
2103
2205
1612
824
829
1721
2564
1981
402
-632
-419
541
955
661
498
647
564
-100
-640
-137
1057
1642
1077
266
200
543
432
0
-28
627
1360
1228
314
-440
-403
182
411
146
88
262
94
-729
-1656
-1538
-304
608
14
-1357
-1965
-1393
-557
-352
-485
-261
-4
-626
-1808
-2192
-1171
188
204
-1000
-1663
-1318
-852
-1021
-1413
-1093
-358
-223
-838
-1423
-1298
-589
-326
-601
-687
-421
-103
-237
-662
-606
154
932
994
566
249
242
502
811
1056
1208
941
389
152
353
740
927
880
707
409
123
-59
154
657
923
558
-209
-512
-248
114
229
38
23
273
413
410
330
294
388
409
357
264
359
596
465
-280
-1484
-2073
-1309
158
896
63
-1433
-2081
-1697
-1300
-1344
-1070
57
732
-599
-2926
-3581
-1761
280
198
-1402
-2023
-820
266
-325
-1451
-1269
108
664
-363
-1304
-787
450
500
-835
-1688
-851
636
1090
401
-184
216
964
1065
674
768
1523
2218
1982
921
265
591
1503
2092
1950
1644
1863
2225
1835
957
607
1364
2318
2020
549
-630
-371
517
634
15
-279
234
615
233
-323
-138
826
1233
470
-509
-663
213
937
730
86
-293
-2
209
33
-98
3
268
150
-360
-787
-606
-96
-206
-936
-1538
-1264
-314
141
-508
-1295
-1139
-487
-252
-592
-705
-124
225
-366
-1119
-1030
-314
-65
-680
-1219
-829
-138
-167
-770
-1142
-904
-447
-296
-446
-459
-384
-582
-861
-785
-126
505
527
268
121
373
725
838
881
874
687
540
679
992
1317
1243
772
398
331
429
454
526
726
735
392
7
-151
50
256
203
258
354
320
159
-108
-199
-82
241
838
1151
909
309
-207
-107
330
555
586
634
492
-238
-1465
-2069
-1347
2
583
-315
-1517
-1905
-1657
-1570
-1734
-1252
-246
0
-1188
-2643
-2680
-1342
-391
-882
-1790
-1835
-1150
-794
-1046
-1192
-678
-31
-320
-1205
-1494
-873
-135
-256
-905
-1080
-602
-70
0
-181
3
674
1246
1178
792
758
1090
1486
1545
1375
1512
1891
2106
1987
1744
1818
2423
2699
2204
1476
1192
1486
1487
917
294
314
788
857
382
-102
76
689
851
401
190
590
959
705
15
-237
265
751
561
-22
-308
-94
186
161
80
128
255
143
-449
-729
-414
-92
-162
-745
-1193
-1061
-769
-598
-686
-835
-727
-597
-575
-568
-457
-292
-347
-639
-1024
-920
-414
-313
-539
-843
-1074
-932
-663
-576
-523
-550
-577
-678
-850
-669
-354
-103
-53
-275
-334
-65
365
545
312
170
439
979
1206
869
651
785
1044
1071
861
856
1001
1002
600
108
187
615
767
484
-14
-76
230
233
13
-158
-92
26
-107
-283
-195
126
306
245
86
43
208
200
-68
-237
-72
307
368
-106
-695
-926
-797
-682
-816
-1023
-921
-720
-992
-1533
-1736
-1351
-764
-760
-1296
-1635
-1433
-1100
-1145
-1369
-1414
-1171
-1002
-1131
-1219
-848
-235
-125
-499
-852
-896
-731
-541
-292
-66
42
-117
-308
-270
14
513
840
1033
1147
943
742
830
1166
1646
1753
1547
1345
1382
1729
1842
1905
1914
1896
1990
1803
1621
1550
1513
1332
895
598
662
1027
1270
1130
594
4
-152
186
715
1015
953
649
297
-128
-469
-345
209
779
728
2
-667
-652
-237
-59
-148
-126
83
-92
-664
-1233
-1321
-776
-388
-504
-913
-1092
-992
-875
-786
-964
-893
-630
-623
-756
-993
-961
-627
-444
-539
-795
-903
-713
-526
-608
-743
-613
-315
-163
-329
-579
-607
-365
-160
-261
-310
59
404
253
-112
-164
276
772
896
755
701
889
1006
837
793
1051
1314
1283
882
537
544
828
954
735
527
363
218
68
44
144
94
-2
-151
-248
-158
-148
-218
-307
-426
-482
-527
-477
-383
-298
-367
-658
-848
-922
-780
-466
-402
-653
-978
-1069
-905
-753
-858
-1040
-1108
-1223
-1178
-976
-766
-651
-864
-1150
-1271
-1082
-716
-495
-443
-429
-490
-754
-815
-674
-384
79
31
-391
-637
-487
-132
-21
116
206
220
273
225
389
583
661
735
751
892
1124
1258
1292
1415
1555
1660
1762
1854
1997
1945
1736
1671
1734
1765
1585
1375
1412
1436
1270
1022
759
758
824
671
472
472
621
542
204
-252
-394
-173
84
97
-329
-618
-626
-617
-501
-474
-485
-402
-454
-705
-985
-957
-616
-524
-828
-1239
-1352
-999
-681
-687
-845
-855
-681
-580
-601
-641
-424
-99
-100
-424
-624
-409
-117
38
66
22
109
238
132
3
67
128
176
219
253
247
98
3
113
293
284
181
204
426
630
572
418
346
507
658
599
513
597
797
755
487
343
439
678
777
660
522
364
202
91
122
273
291
85
-235
-451
-373
-297
-279
-206
-370
-573
-605
-484
-344
-405
-545
-652
-661
-717
-897
-976
-885
-741
-866
-1314
-1526
-1302
-1081
-1150
-1398
-1539
-1304
-1027
-1191
-1553
-1701
-1521
-1259
-1316
-1421
-1269
-1116
-1064
-1143
-1132
-764
-326
-98
-231
-391
-220
-17
79
177
285
448
575
435
305
520
946
1317
1336
1043
885
1003
1203
1410
1481
1548
1619
1574
1456
1347
1638
2119
2287
2137
1761
1566
1799
2068
2044
1805
1653
1499
1213
958
844
947
1077
929
486
168
252
357
231
17
-79
-55
-146
-477
-806
-827
-668
-642
-814
-963
-868
-711
-745
-906
-1035
-971
-790
-779
-999
-1171
-1155
-1058
-1023
-1042
-997
-792
-637
-630
-590
-521
-412
-366
-208
2
-31
-73
-29
10
50
182
270
299
422
439
374
363
338
474
635
520
283
183
246
231
137
98
109
158
129
17
-13
12
171
274
145
15
-6
-35
-35
59
85
85
23
-100
-226
-230
-47
24
4
-62
-228
-303
-287
-360
-379
-310
-291
-360
-562
-610
-533
-564
-631
-756
-767
-730
-833
-743
-663
-887
-952
-897
-986
-1028
-1041
-1109
-1222
-1335
-1361
-1410
-1385
-1201
-1136
-1185
-1209
-1156
-1091
-1068
-983
-859
-603
-314
-303
-429
-388
-134
197
384
431
555
764
1047
1123
971
1123
1413
1500
1403
1327
1450
1616
1623
1459
1441
1557
1706
1752
1544
1546
1734
1791
1681
1470
1485
1501
1340
1211
1109
1121
1179
1152
1103
947
798
816
876
923
719
492
473
406
165
-150
-299
-186
-9
-97
-340
-538
-494
-310
-388
-546
-548
-514
-557
-642
-750
-803
-796
-855
-965
-1019
-856
-599
-578
-689
-845
-1065
-1077
-834
-557
-497
-667
-856
-913
-803
-695
-448
-191
-184
-151
-250
-256
61
193
153
75
32
176
353
261
186
365
446
551
567
516
677
632
422
404
367
313
350
221
188
238
98
-10
-3
44
-25
-158
-214
-84
132
70
-190
-484
-516
-321
-281
-255
-246
-280
-428
-580
-619
-511
-387
-495
-575
-748
-908
-943
-1052
-1114
-1194
-1258
-1337
-1424
-1342
-1192
-1185
-1251
-1348
-1435
-1290
-1099
-1051
-1168
-1205
-1101
-1009
-793
-691
-568
-377
-366
-246
-92
5
149
269
362
376
375
466
530
561
757
963
1103
1192
1196
1367
1487
1546
1677
1707
1793
1959
1894
1762
1825
1948
2089
2013
1746
1740
1889
1878
1757
1525
1337
1265
1118
965
855
683
548
427
283
206
149
117
35
-64
-183
-229
-204
-256
-339
-457
-535
-633
-695
-628
-557
-527
-573
-666
-763
-811
-791
-779
-779
-757
-729
-784
-894
-910
-821
-682
-585
-575
-534
-510
-481
-346
-203
-94
-21
84
2
-129
-40
115
235
220
136
53
38
124
176
112
173
387
320
112
66
184
359
359
243
200
304
431
516
464
371
386
437
561
500
403
454
442
386
262
112
133
158
59
-110
-327
-436
-424
-411
-478
-561
-595
-566
-655
-833
-753
-572
-498
-619
-850
-938
-889
-810
-854
-1031
-992
-843
-880
-1028
-1171
-1172
-1089
-1053
-1233
-1322
-1246
-1244
-1295
-1376
-1291
-1214
-1099
-960
-980
-971
-855
-554
-363
-379
-293
-154
-73
-54
-21
111
218
280
435
474
475
566
706
828
899
1085
1186
1185
1126
1010
1130
1307
1463
1584
1452
1413
1526
1679
1862
1860
1834
1817
1801
1712
1480
1408
1488
1533
1352
1011
883
875
896
932
759
544
326
160
142
130
220
180
-18
-238
-463
-369
-267
-250
-220
-341
-436
-557
-614
-483
-432
-465
-519
-736
-928
-873
-723
-680
-684
-751
-843
-852
-814
-638
-502
-563
-721
-725
-589
-554
-542
-573
-537
-445
-486
-470
-294
-118
-67
-123
-192
-238
-133
3
-24
-96
-153
-109
-71
-25
92
61
128
279
211
132
182
281
334
343
397
333
278
326
274
338
401
424
527
491
382
301
294
349
254
136
105
91
80
3
-183
-322
-245
-196
-275
-334
-355
-317
-364
-579
-721
-710
-695
-701
-828
-973
-981
-960
-961
-1000
-962
-910
-946
-940
-911
-980
-924
-823
-836
-823
-836
-731
-632
-576
-560
-525
-413
-358
-208
-110
-81
51
200
180
146
270
376
508
520
423
581
692
673
693
701
764
921
1020
976
1035
1069
991
964
929
938
1071
1055
859
854
879
838
840
805
847
912
902
851
766
708
679
619
622
565
509
479
401
406
286
181
226
233
161
58
-24
-23
-14
-117
-221
-214
-247
-346
-360
-432
-457
-338
-338
-400
-482
-447
-316
-308
-362
-374
-312
-298
-352
-391
-422
-418
-345
-364
-311
-274
-308
-227
-195
-179
-209
-153
-53
-101
-173
-187
-169
-108
-16
5
-3
81
133
204
287
234
300
361
330
345
308
306
261
111
127
308
379
300
173
107
147
140
117
141
180
90
-102
-214
-302
-264
-344
-511
-491
-528
-606
-682
-760
-800
-904
-952
-930
-994
-1089
-1139
-1154
-1233
-1347
-1373
-1331
-1318
-1321
-1313
-1303
-1247
-1142
-1081
-1062
-946
-860
-851
-782
-689
-577
-429
-340
-276
-173
-67
13
184
379
531
721
795
847
958
1057
1237
1300
1243
1321
1447
1513
1491
1391
1448
1586
1584
1619
1585
1507
1555
1491
1441
1362
1349
1388
1221
1093
928
882
963
901
799
699
639
576
501
407
306
244
200
129
-51
-175
-315
-328
-271
-461
-548
-596
-563
-524
-611
-567
-518
-543
-608
-676
-750
-626
-513
-625
-677
-677
-628
-585
-562
-488
-423
-355
-312
-384
-466
-416
-294
-267
-341
-347
-320
-269
-221
-150
-52
-24
39
133
198
209
290
386
450
498
483
458
423
475
564
618
554
476
508
509
497
484
532
522
306
144
186
177
123
139
18
-126
-103
-160
-222
-225
-294
-371
-542
-672
-742
-764
-849
-983
-1075
-1179
-1154
-1174
-1255
-1360
-1401
-1382
-1441
-1468
-1463
-1453
-1489
-1464
-1421
-1315
-1239
-1257
-1132
-1002
-919
-809
-739
-709
-536
-359
-187
-55
-74
-12
85
249
354
383
562
619
708
811
816
980
1170
1288
1237
1262
1373
1385
1466
1490
1530
1577
1500
1541
1672
1753
1783
1642
1473
1400
1416
1462
1328
1221
1169
979
836
796
776
688
641
522
347
254
103
68
33
-49
-87
-208
-256
-262
-267
-281
-397
-474
-523
-511
-458
-437
-471
-491
-474
-520
-491
-426
-390
-397
-455
-519
-481
-422
-404
-273
-203
-167
-152
-173
-124
-59
20
18
37
43
13
48
129
240
181
172
217
205
220
242
278
190
204
229
155
162
209
273
177
95
81
9
-29
-72
-72
-54
-138
-213
-179
-221
-237
-261
-391
-466
-515
-531
-684
-749
-698
-808
-871
-897
-928
-996
-1009
-973
-1106
-1179
-1188
-1301
-1372
-1366
-1337
-1331
-1349
-1341
-1315
-1341
-1301
-1148
-1172
-1212
-1056
-1001
-956
-795
-744
-747
-629
-489
-396
-313
-211
-58
57
197
294
374
590
742
865
937
977
1090
1187
1275
1352
1415
1468
1593
1643
1646
1793
1865
1914
1951
1863
1895
1894
1862
1793
1629
1662
1648
1555
1472
1314
1265
1215
1067
956
842
674
519
503
443
199
35
-16
-150
-271
-344
-461
-530
-541
-607
-640
-733
-774
-744
-828
-780
-796
-823
-836
-959
-901
-824
-757
-739
-784
-727
-757
-653
-458
-460
-492
-462
-370
-304
-304
-245
-108
30
46
35
85
159
288
298
332
394
406
424
383
400
405
435
489
492
457
415
382
342
348
294
228
236
183
70
-49
-81
-61
-49
-134
-227
-230
-360
-462
-495
-597
-651
-734
-922
-971
-1025
-1201
-1191
-1220
-1300
-1316
-1405
-1424
-1457
-1535
-1525
-1461
-1462
-1527
-1480
-1459
-1429
-1362
-1289
-1227
-1129
-997
-1023
-937
-790
-646
-572
-588
-484
-401
-312
-155
-45
-39
-9
115
277
415
491
561
675
795
823
988
1150
1180
1286
1345
1428
1472
1471
1571
1631
1671
1692
1691
1712
1701
1773
1747
1646
1665
1559
1510
1471
1360
1406
1424
1273
1108
1122
1013
874
932
850
708
617
486
443
412
304
276
209
107
-4
-154
-236
-271
-396
-508
-561
-629
-615
-591
-677
-756
-705
-774
-835
-762
-802
-822
-831
-790
-642
-671
-660
-583
-628
-553
-517
-500
-429
-418
-336
-344
-292
-144
-90
-68
-104
-37
12
-33
-23
23
29
29
135
180
154
216
180
113
199
224
140
55
79
91
0
-58
-116
-92
-159
-311
-327
-416
-529
-603
-679
-749
-787
-744
-892
-1053
-1048
-1168
-1217
-1183
-1312
-1383
-1376
-1435
-1393
-1367
-1364
-1317
-1341
-1289
-1214
-1214
-1168
-1128
-1073
-987
-1000
-873
-686
-703
-572
-371
-334
-263
-125
8
150
272
378
505
602
668
778
1017
1077
1097
1253
1292
1408
1464
1534
1684
1721
1713
1681
1821
1877
1921
1990
1942
1906
1800
1853
1855
1771
1745
1667
1611
1523
1510
1520
1435
1414
1305
1140
1128
1059
901
861
803
543
429
440
380
277
108
11
-54
-121
-173
-284
-393
-372
-409
-650
-716
-703
-789
-860
-946
-1010
-1140
-1121
-1022
-986
-1044
-1149
-1122
-1098
-1093
-1059
-1081
-1133
-1076
-1108
-1113
-1008
-918
-798
-873
-868
-777
-712
-607
-630
-571
-455
-427
-414
-387
-293
-145
-93
-156
-134
-56
19
133
109
95
192
182
192
245
225
269
227
116
143
134
138
171
140
141
108
47
-35
-101
-67
-154
-306
-276
-196
-292
-402
-388
-345
-379
-526
-454
-382
-499
-536
-542
-568
-556
-498
-487
-522
-520
-521
-591
-588
-490
-414
-319
-307
-362
-322
-265
-158
-53
-106
-125
-81
-35
68
157
190
229
336
463
514
584
696
688
723
799
794
895
975
912
992
1095
1106
1165
1132
1132
1163
1175
1239
1209
1146
1194
1239
1173
1137
1094
1022
1062
1062
980
910
821
766
765
697
672
667
511
473
429
303
199
114
97
34
-63
-177
-240
-317
-411
-458
-511
-591
-631
-625
-697
-783
-867
-886
-904
-944
-947
-952
-953
-999
-1041
-1059
-1039
-987
-974
-983
-991
-999
-982
-938
-855
-794
-826
-811
-750
-766
-756
-635
-646
-601
-448
-449
-398
-310
-249
-227
-209
-120
-79
-84
-113
-81
14
10
-17
-25
40
159
106
45
59
113
125
59
121
96
46
123
104
155
170
74
147
93
76
218
138
164
214
162
177
160
249
252
106
128
122
105
123
93
137
161
109
100
125
139
153
145
177
133
106
150
192
265
231
210
180
173
273
296
332
300
258
327
283
295
406
434
380
328
339
374
385
397
412
376
410
455
415
473
477
392
460
438
438
436
354
411
360
357
315
215
306
315
237
226
194
75
56
107
84
-18
-122
-145
-121
-188
-240
-202
-268
-265
-275
-391
-360
-371
-408
-430
-502
-466
-521
-518
-411
-473
-552
-501
-492
-494
-461
-485
-537
-574
-497
-438
-396
-413
-485
-344
-328
-341
-202
-254
-275
-292
-281
-199
-227
-177
-147
-187
-57
-41
-148
-9
53
-20
9
84
79
-20
-29
0
30
46
-12
-54
-60
-23
-44
-74
29
-53
-133
-41
-11
3
-45
-73
-70
-79
-38
7
2
-71
-115
-66
-12
43
91
74
6
45
94
83
176
179
97
137
156
132
189
228
230
241
265
255
285
314
320
398
420
460
476
449
515
529
538
516
434
501
497
481
564
532
495
526
498
501
516
492
453
377
356
363
339
315
342
331
229
213
209
141
172
82
-10
0
-59
-53
-65
-86
-138
-174
-195
-340
-308
-299
-428
-386
-447
-526
-483
-495
-452
-477
-495
-481
-580
-573
-566
-610
-527
-507
-539
-507
-475
-384
-367
-426
-419
-404
-375
-392
-405
-347
-363
-381
-283
-260
-290
-242
-192
-111
-111
-131
-97
-60
4
-59
-29
62
-11
13
8
0
92
55
46
161
144
24
104
170
99
142
149
89
120
109
53
59
78
19
20
93
95
55
12
86
144
158
192
98
100
199
199
160
84
30
58
162
179
134
138
156
185
201
173
135
165
180
172
173
140
151
240
291
268
279
181
212
281
136
127
180
188
166
195
207
172
190
217
236
194
150
159
143
85
85
69
37
20
58
13
-43
-49
-77
20
-31
-11
31
-107
-35
-25
-67
-92
-165
-86
-119
-197
-200
-199
-171
-171
-102
-66
-124
-165
-92
-86
-117
-47
-91
-40
-37
-135
-82
-78
-56
-27
-56
-119
-102
-34
-39
32
39
22
77
30
16
62
-6
-17
16
-27
46
54
13
59
51
41
-7
3
33
-6
-69
-131
-73
-32
-1
23
-38
-71
-45
-120
-143
-98
-158
-172
-209
-210
-206
-272
-195
-111
-128
-133
-217
-239
-140
-156
-233
-222
-152
-165
-266
-240
-168
-224
-264
-231
-170
-145
-193
-116
-81
-36
-19
-93
38
85
26
-13
-67
-13
41
45
152
146
60
104
154
237
276
236
253
291
273
244
276
334
319
313
354
306
242
277
422
434
410
393
328
376
372
356
329
299
312
267
202
218
257
163
191
250
134
138
90
13
29
-37
-54
-29
16
11
-51
-53
-45
-35
-48
-62
-32
-140
-248
-172
-228
-284
-180
-173
-202
-215
-202
-146
-209
-213
-153
-182
-203
-234
-230
-204
-228
-242
-216
-174
-216
-239
-165
-162
-164
-176
-208
-152
-158
-155
-142
-180
-188
-167
-134
-176
-142
-172
-225
-185
-136
-87
-135
-108
-40
-48
-42
-37
-9
28
-51
-83
-56
-77
-86
-56
39
24
-7
38
37
14
66
32
-65
3
-32
-79
28
-18
-46
-9
34
98
83
71
66
7
-47
11
-4
23
14
-34
33
-23
16
38
30
63
28
36
37
43
51
80
89
99
123
81
96
87
53
104
124
187
219
161
209
266
261
315
269
222
253
243
260
232
206
213
226
263
305
303
203
178
257
282
234
179
193
175
132
169
202
128
86
137
111
80
44
2
6
22
57
-3
-67
-25
-42
-92
-65
-72
-133
-118
-137
-174
-186
-251
-214
-163
-178
-241
-287
-251
-273
-246
-204
-238
-264
-280
-266
-260
-252
-290
-282
-232
-265
-303
-310
-291
-357
-339
-270
-295
-286
-319
-285
-170
-189
-192
-151
-167
-190
-184
-138
-114
-166
-190
-111
-20
0
49
86
12
32
106
180
157
78
108
77
95
220
202
174
219
150
174
264
181
205
262
190
228
285
269
257
276
309
304
276
253
179
182
235
190
208
153
118
152
94
135
119
43
28
0
33
33
-26
-25
-23
-52
-16
-27
-78
-55
-81
-150
-109
-7
-27
-58
-39
-43
-50
-15
10
34
53
10
40
-23
-49
35
20
14
-53
-18
-32
-60
98
90
93
136
55
79
136
91
79
39
-66
-9
41
24
29
23
23
2
57
71
11
-44
-124
-83
-54
-138
-138
-62
-68
-98
-109
-146
-130
-121
-156
-205
-227
-233
-249
-186
-163
-163
-104
-140
-144
-128
-156
-116
-140
-182
-160
-215
-241
-159
-122
-171
-179
-171
-136
-70
-72
-59
-74
-68
-19
-78
-65
-18
-69
-63
-49
-17
1
-25
52
82
66
80
84
140
166
165
126
126
127
184
264
222
215
163
147
194
154
213
254
212
168
193
278
194
229
297
283
239
115
167
191
125
139
129
102
115
126
150
130
49
75
75
68
74
50
32
-38
-20
-79
-60
34
-72
-72
-93
-165
-96
-58
-41
-17
-31
-89
-103
-42
-9
-36
-57
-67
-95
-36
-24
-74
-27
6
-26
-88
-45
-1
-69
-58
-60
-43
-29
-136
-141
-5
-28
-146
-120
-112
-134
-126
-157
-112
-116
-193
-137
-90
-85
-78
-146
-138
-112
-164
-113
-123
-232
-220
-187
-176
-204
-175
-79
-115
-134
-98
-106
-115
-62
-30
-118
-138
-95
-187
-138
-5
-40
-33
-54
3
92
79
29
21
99
49
-28
55
50
-28
23
-44
11
116
62
90
65
64
72
47
131
188
126
51
60
64
97
157
143
102
98
152
160
178
187
168
199
196
176
228
196
123
157
183
194
215
193
134
165
224
160
165
180
123
167
179
162
165
110
112
171
135
139
124
-25
-33
8
30
5
-69
-53
-46
-70
-29
-20
-40
-30
-117
-130
-87
-130
-129
-149
-213
-159
-135
-244
-158
-86
-150
-129
-155
-104
-63
-111
-45
-56
-125
-75
-97
-134
-81
-123
-161
-145
-126
-80
-106
-136
-101
-112
-136
-97
-91
-97
-177
-186
-104
-188
-164
-63
-116
-157
-147
-140
-125
-131
-136
-129
-98
-114
-174
-96
-60
-157
-182
-87
-70
-143
-72
-87
-135
-23
8
27
112
52
24
55
45
100
39
-10
51
97
108
84
107
198
175
218
327
246
185
149
182
213
166
139
116
123
132
151
170
160
165
195
206
195
196
168
157
170
131
136
107
114
154
84
109
73
49
129
95
71
47
-10
-19
55
80
-29
-8
23
-22
60
3
-10
34
-59
-9
-16
-22
-31
-87
-12
-12
-91
-83
-64
-34
0
-75
-56
-83
-102
-18
-73
-62
-104
-166
-128
-118
-133
-125
-124
-169
-98
-46
-33
-50
-95
-22
-108
-117
-15
-104
-130
-132
-144
-83
-57
-47
-25
-15
-23
-6
13
-6
-22
-61
-45
-19
-54
-39
-67
-66
-56
-43
20
-62
-66
1
-30
-21
-4
-17
-29
-54
-3
6
-22
-26
-64
-59
-51
-4
-14
-74
-60
-69
-117
-35
30
-70
-58
-64
-83
4
35
15
-24
-4
8
30
75
33
35
26
9
48
64
21
24
101
54
82
137
106
170
202
164
197
165
90
186
161
99
101
63
74
95
142
151
168
163
157
166
161
202
185
128
136
131
71
96
151
110
72
85
50
35
75
105
36
-16
18
24
8
-26
24
23
-76
-89
-30
-37
-72
-50
-47
-90
-109
-72
-34
-58
-96
-108
-146
-121
-129
-151
-138
-164
-172
-143
-91
-115
-139
-113
-74
-130
-204
-113
-144
-232
-130
-162
-221
-150
-144
-99
-112
-81
-65
-138
-86
-91
-110
-84
-111
-98
-46
-78
-66
-39
-24
28
-12
11
6
-25
14
0
-19
49
56
-15
60
104
69
48
75
125
94
98
113
132
78
49
142
118
86
152
110
67
128
106
109
144
118
88
57
82
94
44
29
88
45
2
102
88
92
76
16
102
53
61
105
-1
21
35
2
24
99
72
-3
42
39
71
74
74
98
76
68
54
92
124
102
58
21
26
8
18
77
43
18
34
50
90
91
107
96
33
2
16
43
0
-79
-74
-15
-56
-88
-15
-41
-88
-113
-38
21
-106
-128
-113
-104
-91
-87
-139
-212
-127
-134
-105
-45
-184
-202
-116
-84
-30
-64
-170
-160
-138
-97
-20
-75
-137
-123
-73
-47
-72
-85
-48
-42
-82
-37
-64
-91
-61
-29
9
-57
-55
-13
-10
-47
-30
12
-48
-46
-10
-27
-45
-12
-48
-21
3
-56
47
61
24
34
22
58
92
105
77
9
13
44
68
98
52
42
128
153
114
180
184
110
131
133
140
126
72
66
94
153
119
93
150
190
138
92
176
135
94
97
73
80
49
80
61
42
61
-1
42
53
7
34
-21
-3
36
-3
-8
-40
-33
19
28
15
-60
-101
7
47
-2
-17
-61
-20
-37
-78
14
-89
-122
-86
-82
-42
-125
-129
-90
-23
-42
-119
-67
-61
-26
-36
-115
-106
-72
-73
-78
-55
-77
-110
-124
-65
-18
-43
-82
-114
-47
-40
-99
-108
-81
-52
-74
-101
-88
-55
-58
-73
-28
-1
-36
-48
-37
38
53
0
-18
-5
22
24
21
6
-9
-32
18
13
-4
29
15
26
18
64
20
-25
47
5
6
-2
16
-7
-23
52
-33
-20
22
-16
-17
-3
-54
-37
67
-2
-2
69
56
83
107
83
43
50
70
70
22
27
62
41
62
68
106
145
96
89
162
122
52
138
141
100
94
71
124
103
91
117
125
93
45
128
114
64
107
82
70
51
21
67
55
-64
-96
14
47
-50
-76
-24
-85
-61
64
0
-52
-70
-96
-39
-60
-46
-45
-137
-133
-107
-16
-35
-170
-88
-121
-119
-3
-89
-70
-84
-140
-73
-50
-2
-34
-114
-79
-48
-34
-88
-131
-46
-23
-90
-116
-76
0
-44
-85
2
-36
-90
-58
-39
-86
-141
-117
-122
-117
-87
-70
-96
-80
4
-26
-50
11
-5
-31
-40
-21
0
-42
-11
-34
-27
77
22
21
26
-40
35
60
7
15
49
16
43
113
68
57
50
85
92
11
19
-5
4
40
-4
-3
12
80
123
29
22
70
71
65
67
80
49
-1
45
85
69
80
85
64
34
76
25
17
55
-16
29
50
47
66
63
40
21
92
96
67
33
-6
0
8
18
42
54
69
81
45
62
95
89
59
-30
-40
14
1
-32
-86
-77
-28
-67
12
71
-40
-69
-48
-21
-31
-56
-61
-77
-84
-96
-86
-90
-76
-114
-134
-101
-101
-82
-71
-97
-117
-89
-34
3
-52
-88
-53
-53
-30
-25
-78
-43
-3
-9
32
8
6
23
-69
4
50
-68
-26
-35
-9
-3
-88
56
75
-13
-13
-40
19
1
-65
-47
-78
-15
-31
-77
31
-14
-13
-1
-2
97
-10
-18
70
-9
14
17
-3
37
18
37
-7
20
109
33
13
64
91
80
3
22
24
22
64
-25
-16
-4
-33
39
36
47
8
1
38
0
26
0
-45
5
49
54
43
24
43
35
16
55
51
22
52
-8
-47
51
51
-43
-1
29
24
44
-37
9
16
-4
51
23
39
81
57
30
66
19
-31
-2
-5
-13
-13
-41
-61
37
83
35
14
51
93
-13
-44
-3
-15
-53
-87
-59
-31
-19
-75
-43
12
-52
-4
36
-41
-76
-100
-100
-83
-148
-151
-91
-76
-75
-35
-74
-69
-16
-25
49
24
-19
3
-9
-14
-26
-10
-19
-13
41
7
8
39
68
76
-9
39
85
65
42
-19
-6
33
45
34
0
-16
42
41
8
47
73
51
67
66
9
29
-27
-15
66
12
6
-25
70
81
6
53
21
121
109
92
102
-15
77
55
-24
39
55
57
38
25
66
56
-23
5
24
-14
-4
-20
13
-12
-64
-5
12
11
-7
-46
-18
-1
0
-61
-72
-58
-58
27
-46
-45
0
-24
41
0
0
32
-8
-40
-42
-2
-35
-85
-51
47
-11
-130
-20
10
-35
35
5
-8
73
9
-29
16
-46
-57
-72
-141
-36
-11
-74
-34
-54
-44
35
41
50
59
0
13
31
-50
-34
-40
-137
-130
-52
-30
-103
-49
-50
-72
32
-43
-47
-40
-38
33
-1
-78
-43
-9
-110
-37
8
12
-6
-48
69
125
65
-21
46
91
58
69
65
56
30
38
43
62
59
19
28
94
68
44
90
84
60
45
78
52
73
71
-46
5
62
20
-7
-20
-11
-39
1
56
-12
-4
11
-19
34
34
-13
-40
-9
38
47
25
0
10
15
5
-51
-18
57
10
18
39
-10
51
54
-41
-13
10
-38
5
50
-32
-26
-25
-26
44
-10
29
49
-69
-65
-22
-37
-74
-102
-98
-76
-82
-57
-9
-13
-72
-104
-29
-20
-64
-79
-91
-19
-23
-37
-1
-55
-63
26
7
-72
-15
4
-7
46
2
-29
1
15
48
45
39
-3
-24
-30
-29
24
23
-12
8
78
56
70
129
96
31
25
40
-42
-18
-13
-125
-60
-31
-46
-2
-62
-44
17
-7
-27
28
50
-11
8
15
-10
-12
-11
34
23
7
17
-11
17
8
11
27
74
73
47
110
69
79
88
39
53
23
0
22
4
18
58
-1
23
74
67
107
59
46
63
20
39
-10
-70
-93
-118
-72
-75
-56
-49
-54
25
16
-13
-9
-3
29
3
-4
-30
-84
-48
-27
-42
-52
-91
-47
26
25
-26
-28
2
23
42
-2
3
-2
-32
17
3
-53
-57
-43
-21
30
0
-48
-30
2
6
-30
-12
-62
-105
-122
-108
-38
-56
-56
-68
-68
-57
-23
-2
-40
-27
1
-9
25
65
10
1
4
17
71
47
53
34
8
52
33
47
24
39
65
11
42
19
51
39
-35
64
68
43
63
27
65
115
80
10
-28
38
72
22
9
42
37
-18
0
-1
-53
-28
-31
-17
10
-25
15
32
38
74
47
16
43
43
46
6
-60
-29
18
22
-40
-75
-59
0
17
-26
-12
-9
-23
21
24
17
83
63
58
47
0
15
-53
9
63
-43
-12
19
26
-1
-32
-14
-35
-55
-23
11
-97
-139
-90
-90
-26
13
-13
-37
-66
-12
53
40
50
50
1
1
-12
-25
-7
-61
-102
-95
-48
-64
-99
-30
-14
-14
55
44
52
46
25
74
43
35
24
-17
-23
-25
-17
2
-23
-36
-56
-114
-37
28
-5
-31
6
34
2
21
60
39
4
-5
-25
47
81
-11
-16
20
66
97
-1
-17
14
-22
-1
-16
6
4
-71
-71
-46
-18
-12
20
63
84
63
32
27
83
157
113
107
83
47
19
-36
6
5
6
-2
-36
31
47
11
31
19
6
32
60
62
-9
-42
27
34
30
9
-40
-46
-96
-49
-16
-59
-85
-106
-6
-7
-96
-55
25
25
-11
-3
-37
-7
19
-46
0
42
-6
40
77
16
-18
-59
-28
23
-14
-44
-47
-17
-18
-50
10
20
-60
-74
-9
-27
-24
33
16
105
0
-31
86
0
48
-22
-42
-25
-117
-78
-142
-138
-11
-16
40
58
-34
17
33
23
39
42
10
-69
-60
16
57
2
1
58
67
26
61
110
31
43
42
21
29
-50
-62
-96
-38
62
42
28
21
42
15
3
44
58
12
0
-28
-93
-46
-69
-83
-1
7
-15
-63
-71
-18
17
-19
16
41
-5
19
4
78
100
36
-4
-68
-13
-22
-63
-42
-4
0
-10
21
20
40
56
53
72
46
31
-5
-14
23
-40
-13
-8
-48
-20
-13
13
-48
-32
88
24
-31
-73
-24
0
-94
12
35
-21
-2
65
60
15
63
27
37
55
15
-10
-101
-108
-22
32
66
63
-24
-59
0
-33
-56
-42
-22
-14
-34
25
56
100
108
85
103
92
87
-24
-74
-43
-99
-113
-64
-31
4
-14
-55
6
-9
15
65
7
-11
-30
3
28
-30
15
84
4
-30
32
54
82
31
-22
-9
-62
-49
-57
-65
-23
-77
-93
-51
-77
-9
88
53
82
49
24
71
-32
-34
20
-29
36
73
12
-48
-74
-49
-56
-53
-74
-94
-106
-106
-78
-42
-27
-9
84
116
50
19
-17
-33
53
75
24
4
18
123
127
38
72
37
16
2
-34
-18
-117
-93
-22
-70
-54
-32
-58
-17
20
-4
-6
-24
-47
-54
7
14
-19
26
31
18
-33
-16
23
-31
41
102
0
-36
-7
-26
-13
32
0
7
58
9
72
92
-23
-28
14
56
67
65
9
-36
0
14
49
99
44
66
105
19
29
-21
-45
5
0
2
-48
-21
8
-21
7
-14
-9
-52
-70
84
44
-16
-55
-109
-15
-9
5
27
17
8
-66
-11
50
21
-35
-61
12
19
-26
-39
-64
-25
-27
-30
33
38
38
18
23
-3
-33
8
94
96
37
14
-51
-15
-17
-32
41
-26
-115
-71
-7
-24
-81
-13
-17
-41
12
-50
25
-34
-94
-3
-55
-29
-13
51
63
-39
3
-5
-5
6
-9
16
5
15
22
0
-39
-55
-21
-6
-33
0
-2
-55
28
33
51
132
75
67
104
53
25
20
22
42
27
32
18
-21
-38
31
20
-32
31
-11
-62
-41
-49
3
31
-10
38
13
-65
-47
-67
-39
-8
-54
9
135
11
-12
127
38
-7
33
-2
30
5
-86
-69
-70
-79
-36
-21
0
10
16
42
8
17
10
-54
9
62
32
78
32
-10
21
-19
13
32
24
60
15
-61
-77
-42
-37
-20
-11
-57
-2
30
48
25
-56
-39
-8
-14
16
0
-63
-40
-7
56
36
3
52
42
45
-5
-65
-60
-21
-30
-72
-86
-77
-2
0
-7
72
63
-23
-4
56
61
17
-12
19
13
-36
-55
-36
-51
1
-15
-57
37
35
24
51
9
7
67
28
25
42
20
57
10
3
129
84
44
94
-6
-8
17
53
44
-69
-39
19
22
-15
-3
-11
-70
-19
-11
-49
-25
-15
8
11
29
27
-17
-25
-51
33
25
-95
-40
-28
-47
-19
-17
22
30
-48
-19
-18
-76
-16
-11
-20
-4
40
72
-16
-8
60
55
8
-4
-6
-57
-7
5
-2
-11
-26
65
33
-15
9
-43
-12
67
51
32
18
-2
15
49
24
11
1
-20
-6
10
-24
-54
-26
-45
-2
23
-44
-24
-24
-106
-34
48
-54
-21
15
-19
29
0
-27
5
25
-22
-77
-43
-27
22
29
11
28
9
3
15
112
101
21
31
17
17
29
28
-15
-9
22
20
-13
-80
-16
48
-8
-61
-43
23
57
0
-38
3
-31
-51
39
39
-28
2
-33
-13
22
31
124
24
17
76
42
23
-5
45
27
-74
-56
-8
-31
12
-41
-55
-14
-37
-18
28
57
-66
-41
14
-26
10
-36
-25
9
3
11
-80
-67
-31
-90
-71
-52
-27
-25
-7
16
23
19
18
60
127
122
25
27
-5
-10
61
-6
-13
51
0
3
33
-31
-29
-6
24
38
-48
-28
3
5
18
20
10
-35
-1
34
16
-26
-88
-70
-14
-30
17
3
-75
-42
-39
-25
29
-41
-72
-49
-108
-14
47
-60
-41
10
0
0
3
54
92
104
65
54
70
59
132
127
44
21
2
-17
-9
-16
-59
-21
7
-13
35
57
3
-5
23
-6
-19
-25
-27
24
-14
-20
1
-25
17
24
-10
-33
6
44
-8
-79
-83
-18
-12
14
37
-23
56
63
-16
-8
-70
-71
-25
-6
-23
-48
-61
-105
-34
-1
-38
-8
-3
33
45
-5
-36
-28
-20
-45
-33
7
27
-6
-10
52
43
59
58
8
49
53
34
37
-1
-67
-24
28
-35
-11
16
-7
44
45
17
-2
-31
-4
10
74
22
-62
-12
-42
-16
-2
-67
-64
-26
0
-28
-11
-3
-22
-29
-57
38
25
-86
-58
-68
0
83
27
24
-19
0
57
42
43
17
-10
3
47
4
-41
18
38
-4
4
38
28
26
-12
-11
19
-39
4
66
41
41
-38
-26
45
-20
-3
5
-45
28
57
-12
-61
-39
30
0
-76
-52
59
56
-25
-28
39
47
-76
10
37
-52
-8
5
9
-56
-42
25
40
41
-4
-19
-28
-35
8
38
-1
-24
1
16
14
-44
4
46
-22
14
-67
-101
-5
11
34
3
19
40
15
-14
-46
-74
-49
40
16
14
35
-12
14
59
38
10
-13
0
61
31
-59
-32
23
3
26
38
31
18
-7
-18
-47
-36
-30
-35
28
69
44
31
-10
-24
16
0
-29
-27
-30
-27
-5
-12
23
25
-44
-65
-42
35
41
-64
-111
-79
-21
43
55
111
99
29
46
37
67
74
63
-25
-72
11
11
12
-11
-15
18
-2
-22
-4
40
21
-20
-4
58
29
-16
3
-29
-37
-14
-40
-18
-18
-32
32
-3
22
62
95
98
-20
-16
4
-61
-110
-80
-92
-42
27
-3
-27
-34
34
29
2
68
76
36
-10
-22
53
35
9
30
-26
-11
16
-58
-81
-3
-54
-49
-38
-14
114
33
38
75
8
38
15
3
42
27
-3
-16
44
52
0
11
-4
-17
47
63
36
-1
-67
-23
33
3
-34
-80
-85
-68
-11
6
-31
-25
16
66
35
-30
4
59
19
8
-2
-20
-16
-27
27
56
-17
-62
-39
3
-33
-57
-39
-75
-52
46
96
29
-22
24
64
36
58
11
-41
32
43
50
88
79
46
69
71
-12
-30
-9
-54
-41
-3
-42
-49
-28
-8
-6
18
16
-47
9
50
-33
-42
-88
-101
19
0
-52
-70
-60
8
-11
-36
46
29
-10
22
18
95
75
13
1
-20
19
-1
21
13
1
83
45
71
83
24
57
20
-20
20
-23
-15
21
-50
-49
-73
-55
3
-6
-11
-18
5
-27
-54
19
-3
-58
-14
-18
-11
29
-23
-12
-33
-43
3
-31
13
54
56
-36
-68
26
13
-23
-17
-15
-10
9
18
38
-22
6
78
48
71
35
-17
4
-31
-33
18
32
39
-27
-62
-22
-5
-20
-42
0
36
-6
-63
-15
56
-24
-81
-9
23
32
-1
-47
-53
-54
-59
15
80
65
51
39
52
32
0
1
47
43
0
5
13
-8
-68
-35
23
-13
-2
24
0
7
-1
-19
-11
-30
18
39
-40
-54
-25
-17
-52
-27
27
-35
-36
-6
-69
-29
-3
-49
-25
57
120
49
28
12
-15
87
91
8
-1
-8
-20
-17
40
43
0
10
43
91
16
-30
-29
-46
-40
-41
-12
-13
35
10
-63
-11
-1
-18
38
28
-15
-42
16
77
-76
-94
-26
-64
-31
-18
-108
-86
-14
-42
16
46
11
2
3
11
3
28
0
3
18
-8
56
-3
-29
77
71
42
31
54
20
15
31
-35
29
78
32
7
-62
-24
45
-54
-66
-18
-41
-6
7
-45
7
-19
-82
-25
-22
25
43
-15
-19
-26
-57
-9
30
-16
0
0
-11
-11
67
69
-26
11
-7
40
48
-2
39
-10
-30
-2
-22
-1
42
15
39
29
-33
41
28
-8
53
-5
-25
-16
-45
-37
-41
-18
-3
24
58
7
-9
-30
-26
71
0
-73
-20
20
32
-6
23
45
4
7
13
-17
7
-42
-92
-41
-41
17
46
77
63
-24
31
35
-4
-55
-69
25
-2
-28
12
81
58
-27
26
73
1
-47
-4
0
9
-62
-87
-29
-17
-12
-24
-10
-70
-74
-33
-5
17
0
40
64
26
54
73
26
17
28
-10
19
106
53
7
-30
-33
42
-12
-54
-79
-94
-17
5
-19
0
13
-3
-24
12
30
5
43
9
-19
18
46
72
21
-9
5
5
32
15
-45
-82
-67
-27
2
6
22
-6
-28
48
-34
-58
2
-45
-17
47
52
-1
-5
64
86
25
-30
16
58
30
-18
-22
-6
-34
-57
-39
-13
-45
0
50
4
41
19
0
42
23
4
18
19
30
61
-12
-54
-68
-89
-18
-19
-64
-63
-99
-73
29
15
38
57
28
72
49
93
60
7
59
-22
-52
1
22
51
28
-78
-33
97
-16
-64
11
-85
-86
-22
-37
11
-29
-48
-43
-40
41
7
5
96
96
61
48
-3
27
77
23
11
17
31
-16
-51
23
-23
-44
-31
-33
3
-22
-10
-67
-77
-33
10
83
-64
-65
44
17
48
-25
-25
19
25
30
-12
51
47
22
9
-20
23
52
39
-33
-65
-21
2
6
-17
-46
-30
6
61
117
44
-14
50
14
-11
3
-44
-34
-28
-63
-14
-31
-87
-11
31
2
9
28
-16
-64
-33
-19
2
6
1
24
3
51
50
-4
-7
-43
65
102
9
-14
-15
-9
-40
-56
-93
-82
-7
25
-10
0
16
44
92
71
84
104
76
42
58
21
-60
-58
11
-42
-62
24
5
6
-58
-74
-49
-49
9
-4
10
11
-21
-14
-36
-66
7
10
-44
12
-22
-32
76
50
-3
-22
6
77
19
0
5
-23
42
32
16
21
5
3
14
40
-12
14
80
78
32
-43
-16
-54
-84
5
5
-64
-48
0
-103
-52
59
2
3
14
9
33
46
-38
-20
37
0
29
0
0
1
-14
53
-74
-134
7
6
-14
-22
10
27
8
24
-11
69
123
9
6
9
-17
55
30
-44
9
12
-67
-63
-43
-22
-2
-44
-3
67
36
34
10
-57
-92
-62
30
12
-42
0
29
1
-36
-25
37
28
23
38
-50
-20
-3
-31
51
-15
-59
47
33
52
75
8
23
54
89
66
75
41
-61
-45
-58
-26
-8
-60
-68
-116
-30
20
-27
-29
28
55
-30
-1
25
18
-6
-60
-18
35
41
22
-9
-35
22
30
-53
-24
-42
-44
-14
-35
72
24
-4
29
-13
14
-12
51
39
-4
51
39
45
5
-61
-14
55
-15
-1
57
14
9
-11
-26
-33
-31
-51
-59
-13
9
1
-74
-107
-30
0
-29
-8
36
45
86
112
79
-45
-55
63
40
16
-24
-34
-8
-6
-17
-51
4
-3
-20
-22
-45
-1
24
40
14
-8
-32
-4
82
59
18
0
-51
-24
-9
-47
-3
-37
-28
2
-21
60
144
74
-42
-35
-25
25
17
-68
-52
-27
34
27
-13
12
15
41
14
-14
16
-34
-24
9
0
30
-48
-38
35
-26
38
55
12
63
-32
-112
-67
10
-12
-30
33
6
31
80
53
4
19
43
-4
32
-10
-69
-17
-48
-25
-5
-57
-2
-35
-69
3
-36
-50
12
32
11
10
26
64
71
55
101
81
-12
11
42
-40
-84
6
29
-50
-8
-11
-19
-8
-80
-73
-57
-48
32
25
-6
55
-21
-32
-14
18
60
-53
35
46
10
43
-5
41
32
7
-10
-6
-15
-59
-4
0
-6
-38
-37
30
-22
27
66
-17
25
32
-40
-21
9
55
47
-54
-13
44
7
-7
-9
-41
-32
-3
-36
-14
44
32
23
-7
-42
-18
7
46
30
-9
21
23
23
-17
-102
-81
-54
47
44
-42
17
41
0
-69
0
39
-6
65
21
26
60
-36
21
10
5
92
-54
-47
5
-5
33
-62
-40
9
108
87
-24
34
-13
-72
-130
-92
-43
-57
-49
-37
49
39
49
136
69
-14
8
-36
-55
15
39
8
-59
-71
19
59
9
-1
6
-21
-87
-45
21
4
0
41
57
-16
39
32
-6
29
-17
-2
-6
15
35
-6
9
-7
13
38
-51
-36
-4
-17
-17
-68
-49
-30
-19
26
25
14
-2
-3
9
34
11
-17
41
11
-38
-15
30
35
2
2
-38
-14
48
49
57
17
-25
5
-26
-75
-48
-1
-3
0
-25
-48
28
-7
-14
31
2
28
21
40
1
-12
47
0
23
-11
-31
-13
-64
-31
-19
-28
-38
-9
60
54
39
-10
-23
29
10
12
-14
6
53
-28
-7
51
-14
-33
-38
0
52
3
-4
-23
-6
-7
-41
27
46
30
-6
-33
6
1
-32
-28
-38
-58
-42
13
37
19
0
14
5
-18
23
56
26
-3
21
52
0
-48
-9
-9
2
-52
-97
15
68
21
-13
-23
-60
-55
15
41
0
-20
-42
-8
75
76
42
-35
-33
35
56
66
32
27
-13
-56
-2
20
-26
21
4
-94
2
-2
-43
2
-61
-106
-18
90
13
-34
-16
-12
59
43
37
53
-16
-38
12
-21
-53
0
-12
-14
36
48
4
-26
-52
1
59
41
41
-2
-7
-23
5
6
-14
43
-15
27
37
-13
12
-18
-55
-80
-41
10
54
45
0
-37
-23
24
-48
-56
-15
1
41
-23
7
14
-39
6
0
22
67
16
-6
71
32
-21
-56
-38
25
-47
-15
19
50
69
-58
-7
36
3
47
-10
-9
33
-9
-2
-38
-39
11
29
41
-49
-41
1
-46
-15
-24
-112
-81
-5
0
33
47
-6
17
88
39
21
34
-22
0
5
-33
12
12
-42
36
53
-69
-6
71
26
67
41
-50
-43
-60
-18
70
-36
-71
18
2
-16
-22
46
48
-4
18
-10
-7
-28
7
61
-19
-15
-21
-4
0
-52
52
-6
-101
-20
-44
-24
25
-27
4
38
12
9
20
41
-1
2
3
-28
-13
37
12
-24
72
-22
-3
31
-53
62
24
-31
-6
-3
1
40
82
64
20
-12
-9
-47
-22
-1
-28
-27
0
-36
-83
-45
-4
35
-36
-36
31
3
20
4
-19
-10
-47
-48
8
3
-15
-16
-14
8
15
61
65
84
116
9
-22
33
91
61
-45
-30
-12
-45
-54
-15
-24
-35
-24
-63
-22
45
25
-63
-54
-18
-21
8
31
47
59
15
-71
-25
7
-1
23
76
75
-5
62
61
-98
-79
4
-17
-26
-98
-31
82
-20
-35
3
-41
30
100
34
43
8
-33
-15
-92
-4
45
-22
64
100
78
9
-16
-23
-39
-47
-72
35
-47
-37
64
-37
-2
0
-10
18
22
25
-64
-100
-4
33
14
25
27
33
-17
-9
15
0
-29
-90
-33
37
37
73
84
33
-19
-48
0
13
7
28
-25
-27
22
55
51
8
7
9
13
-2
-29
-36
-73
-148
-106
13
11
36
55
41
11
-67
-25
32
18
24
15
21
42
14
0
17
42
12
-20
-62
-76
0
7
-51
-38
-18
-41
7
66
26
1
25
-20
50
63
-13
47
70
56
11
22
23
1
28
42
1
-52
-43
-63
-45
-95
-82
-1
-93
-75
-59
-38
17
5
31
61
79
80
62
25
10
16
30
-23
13
42
-84
-47
-7
8
44
16
-14
-19
29
-65
-39
11
-80
-10
-14
73
113
-10
71
4
-6
114
63
12
-2
-26
-71
-26
-32
-33
-21
-31
14
-31
-41
-16
-9
-73
-117
-36
10
11
20
57
61
68
41
-5
52
103
62
-5
8
1
-21
-7
-29
-16
-47
-49
-65
-62
4
-61
-41
-1
-7
-13
0
114
117
33
34
53
-9
28
83
-21
-3
72
-66
-116
10
21
-16
-28
-28
-16
-47
-55
-36
0
27
-16
5
-19
-53
15
45
80
51
43
63
1
-33
-3
79
27
-68
-43
-18
-26
-55
-54
-19
2
-7
-11
24
0
-26
16
41
39
0
7
4
-54
9
17
4
55
2
9
26
45
50
-32
-2
9
-36
33
-8
-51
63
-30
-9
55
-47
-12
-45
0
5
-47
20
3
21
-27
-12
47
64
26
-36
-36
-118
-84
-47
-28
-47
-104
-14
0
-6
80
138
96
39
-9
0
68
47
57
53
45
107
78
-17
15
44
3
-12
-161
-130
-40
-89
-51
-95
-82
-36
14
67
12
-40
37
64
16
41
2
76
51
3
65
-41
-34
15
4
-21
-80
-10
49
1
7
-13
-39
0
-91
-68
64
-10
-34
-1
-36
-5
-7
76
113
53
81
-1
11
63
8
41
-30
-10
64
-68
-38
-19
-128
-42
-62
-94
-12
-11
26
49
46
-28
-8
11
-40
64
120
72
17
10
35
70
-11
-77
-23
9
48
16
-16
-35
-48
-32
-42
-5
-67
-82
-20
-55
-11
-47
3
76
6
21
10
63
48
8
50
25
8
-52
39
43
-10
55
-2
-15
-40
-60
-14
-68
-33
33
-39
-42
2
102
101
41
81
47
41
37
-15
-44
-50
-6
6
-49
-49
-17
-31
-34
-53
-67
-7
-23
-16
-2
-98
-102
-31
54
73
3
54
111
52
25
53
10
13
37
-30
-5
-19
-25
71
23
-18
-15
-68
-58
-37
36
65
0
20
60
22
0
29
-29
-65
28
10
5
53
-20
-30
-25
-6
49
-81
-168
-72
-55
-31
7
-44
17
7
-14
70
22
93
146
63
32
-11
25
37
-35
48
51
-87
-37
-2
-89
-80
-17
17
2
-70
-54
2
5
42
12
-15
14
-29
22
34
20
80
63
78
35
-41
-1
35
71
72
-4
-33
-68
-34
-52
-145
-108
-81
-109
-112
-34
-9
-1
46
99
139
65
28
-35
-77
38
117
82
45
41
50
51
-13
-47
16
46
-8
-45
-51
-59
-76
-19
28
-56
-39
21
-16
18
-25
-97
12
65
18
9
-52
-66
53
51
27
43
44
11
-48
-21
-78
-61
42
41
38
-26
-68
21
41
-12
28
-21
1
91
68
99
-14
-29
79
1
-28
23
13
-6
-36
-75
-101
-91
-71
-40
3
-62
-30
48
-36
24
49
-3
62
-40
0
86
45
54
-8
-25
-31
-18
20
30
6
-14
-11
-15
19
5
28
48
-15
-19
-24
-34
-65
-57
52
113
70
36
35
-14
24
54
15
0
-81
-96
-15
-22
-41
-38
-106
-75
3
24
46
-15
-29
8
11
34
35
-14
3
47
8
26
17
32
35
-37
4
-9
-16
32
0
-4
-45
-60
24
18
-18
27
-23
-30
48
38
45
25
43
50
1
-8
-45
-51
-36
-40
-14
18
-10
2
-16
-20
59
-1
-33
32
-26
-61
10
-50
-76
37
12
20
76
4
14
0
-48
25
83
35
-70
-28
38
4
0
-7
-6
-17
-41
-38
-49
-22
8
31
44
5
26
88
78
41
-26
-70
14
79
15
35
-40
-83
5
-77
-27
-33
-69
4
-3
11
8
32
-4
-12
48
32
0
5
3
-80
-65
-11
1
56
48
37
44
6
42
62
4
-66
-72
-39
-86
-46
-7
22
64
-4
-19
29
43
29
30
45
49
16
8
16
-24
-35
-14
-32
-50
-37
7
7
-68
-44
30
-36
-18
64
-5
-18
-10
-26
15
-22
15
117
60
47
27
13
52
-13
-8
-7
-69
-66
11
64
-8
-35
-25
-70
-73
-11
51
4
-59
-17
9
24
5
-36
62
83
17
17
9
19
12
0
10
31
9
-22
14
-45
-116
5
14
0
34
0
3
-19
-20
-53
-2
95
3
23
59
-44
-53
-8
15
47
4
-53
-1
3
1
6
-42
-34
1
45
44
-17
-31
-37
-9
39
39
0
-53
-23
-13
5
6
1
35
38
102
41
3
16
-55
37
52
-58
-72
-38
-27
-48
-26
35
62
20
16
5
-44
-23
19
1
-22
13
37
-22
-33
45
-29
-91
22
11
-61
-40
3
-11
-10
35
55
62
14
44
45
10
16
-43
0
46
9
64
19
-54
12
1
-18
-14
-15
-11
-2
0
-25
12
-1
-70
-75
-54
-7
13
8
-3
6
22
23
30
28
-4
-9
50
32
-5
-10
22
8
-24
-13
-42
-25
-26
-42
-63
61
111
-80
-5
66
75
64
-29
-8
-23
45
84
7
-18
19
62
24
-38
-15
-13
-110
-89
-77
-48
39
-23
-32
-21
-2
42
-5
-15
19
0
-34
14
60
40
27
21
61
57
21
25
-55
-51
27
5
-36
-5
34
46
20
-51
-51
-6
-8
38
82
31
-34
-53
-43
-88
-106
-42
82
99
9
11
-3
-32
-7
10
8
5
36
20
-63
-43
33
-2
-49
24
65
39
-12
10
26
-46
7
42
41
29
-36
-10
1
35
91
18
-43
-25
9
-55
-100
-24
-2
-18
-25
-42
11
3
-67
31
10
-20
66
19
-1
-17
-8
49
-12
-57
31
31
18
47
57
56
-10
-8
30
26
0
-3
-1
-27
2
-44
-21
54
-55
-21
-49
-76
85
94
14
-43
-31
-16
-6
-9
-45
-48
4
-4
-21
61
-27
-42
21
-33
9
6
-2
-3
40
17
-12
74
52
43
8
16
44
-40
12
46
8
-19
-26
16
-41
-48
10
8
12
-1
-13
29
17
-25
-40
-33
-26
-18
-14
-13
30
-13
-108
-32
-3
-65
47
41
-31
51
21
4
63
38
54
49
-23
16
58
5
-20
1
12
-3
28
-24
-33
67
-3
-61
-77
-69
34
11
12
31
-71
-51
0
-2
49
71
52
-14
-72
-23
-8
-26
0
34
13
-6
8
-30
-16
4
1
-3
-40
8
45
5
15
91
49
-8
2
-21
-69
-106
0
56
4
-35
-58
7
59
78
40
-19
-11
26
49
-9
-11
21
-11
4
20
-21
-15
-11
-56
1
34
-36
-62
-44
-10
43
23
-37
-15
-9
-6
-27
-37
-13
-22
19
40
57
95
57
21
-26
-23
27
34
-2
-8
-36
-64
71
8
-71
12
-25
19
26
-33
12
-31
-25
-38
-64
46
59
60
60
45
25
-54
-50
-71
-80
8
53
30
-14
44
86
16
22
-21
-71
6
-41
-45
22
-47
-83
-46
8
0
-60
11
71
25
22
49
-7
-48
-12
58
122
51
-7
-29
-24
25
15
27
5
-33
-25
4
6
-14
-14
-59
-50
-39
-10
20
3
38
89
134
-20
-86
28
-2
-66
-87
-16
22
-39
-27
12
-19
-42
6
-1
-41
-28
2
13
-23
15
57
48
22
30
71
71
75
31
21
-44
-51
18
6
8
-52
-30
-29
-28
32
-24
0
-39
-90
-7
-2
-1
13
-28
-50
-32
16
86
63
-1
3
26
34
13
-36
-9
73
-1
-51
-44
-43
-40
-53
61
13
-35
14
-4
78
20
-48
0
8
14
6
-32
-34
9
20
26
-3
0
63
6
-27
27
64
36
-36
24
-31
-56
35
-24
-29
-37
15
8
-63
25
0
-36
-47
-61
2
-21
-8
18
-1
-1
-23
-12
29
42
44
31
11
20
38
28
-45
-25
39
69
71
-11
-15
-28
-42
-19
-8
24
22
-8
-24
-20
-79
-42
-24
-26
44
-2
29
-3
-18
62
-37
0
62
-13
42
31
-39
-49
-21
16
-42
-70
-21
-2
-63
1
85
46
65
43
70
82
13
-20
-32
16
-15
-67
-78
-44
-27
-48
34
10
-55
-37
-23
-29
20
131
97
74
67
18
-6
-82
-67
-48
-46
38
-20
-33
43
0
-6
4
24
-24
-52
-14
33
83
43
48
12
-55
-27
0
-14
1
37
-43
-84
-36
-16
19
-27
-24
0
-8
63
57
-23
-55
-1
56
32
35
24
-9
1
-6
27
59
61
-10
-136
-38
60
14
9
-11
8
1
-29
11
23
17
-44
-37
18
-35
-30
16
-11
3
15
-71
-50
1
-8
33
-12
-66
36
60
27
52
-29
3
42
-21
-18
-14
73
46
-7
11
51
78
1
-36
-66
-37
-30
-37
0
12
62
14
-46
-10
15
-11
-80
-46
26
33
63
38
-6
14
-2
-88
-38
25
-23
3
3
8
49
81
43
-54
-51
-32
-52
-45
0
6
