-7
-45
9
-12
-10
36
89
118
23
8
38
4
-23
-70
-51
32
15
23
106
46
-49
10
79
50
29
51
63
51
8
17
-26
-37
83
45
-38
-49
-39
12
28
46
83
95
53
34
88
47
-64
-76
9
43
47
18
4
-8
-77
1
74
0
-48
-36
25
-20
-100
32
100
36
20
-36
19
39
-17
62
3
3
0
-50
-22
-51
3
-32
-54
-40
-96
-37
-7
-29
-18
-35
5
21
43
36
-57
5
-6
-30
3
-42
40
58
33
42
-32
-49
-25
-46
-50
-84
-72
-13
-56
-5
66
-28
-61
-8
19
22
-46
-39
29
-27
-20
31
-29
-68
11
58
90
142
16
-1
29
-62
15
33
-17
40
-13
-3
49
-29
-11
10
7
38
-11
-43
0
17
-6
1
37
1
-29
27
12
-39
26
77
21
-45
-57
8
15
-17
30
53
34
-13
-21
-13
-23
-32
-25
47
26
16
55
15
-6
0
-21
43
89
-39
-44
-6
-23
-11
-86
-60
-2
-41
-60
-16
25
46
74
27
-16
-39
-39
-11
-31
-38
-41
38
101
52
32
19
102
146
98
82
45
27
-70
-79
-39
-77
2
5
-19
0
-25
37
42
-40
-1
20
-33
-4
-47
-97
-80
-102
10
64
-6
42
23
-35
-69
-76
-16
32
27
-37
-23
-13
-22
25
34
31
3
-47
-96
-65
-51
-33
7
-36
12
4
-24
54
40
36
32
11
-4
-85
-91
-14
45
102
91
64
54
22
-1
10
27
-25
-25
4
7
41
11
-21
-24
-4
33
-20
-17
39
-3
-19
-44
-90
-56
1
31
46
23
-24
11
54
18
-6
-19
-6
-25
-53
-21
-45
-26
0
-59
12
72
14
46
37
4
27
8
-36
-46
39
49
30
20
-6
26
-2
-27
47
82
22
6
37
-7
-6
45
12
21
2
23
100
82
74
28
-24
50
73
30
52
3
-31
7
20
32
6
-20
15
14
-47
-64
-68
-78
-115
-73
-16
-51
5
73
44
-58
-41
-17
-75
-6
-31
-91
-43
83
117
-2
3
-29
-36
-27
-110
-65
-27
33
45
-21
-13
-59
-48
30
3
44
20
-21
59
13
0
76
25
16
77
1
-14
-32
-80
-25
-31
21
15
-31
34
14
-29
-38
-51
-38
-12
-31
-18
-27
-25
61
69
53
7
-51
-18
-13
-41
-30
24
119
133
-4
-48
13
-55
-47
-8
-20
70
44
-18
43
4
4
94
15
-60
-82
-89
-45
-35
-65
-35
-4
13
104
51
-26
0
0
33
60
0
-10
-33
-52
-6
35
56
5
56
51
-5
-47
-136
-41
19
50
114
66
52
82
19
-62
-10
41
-18
-37
-6
47
97
93
51
33
-3
-47
-36
-41
-29
-11
-11
2
-15
-60
-33
17
-34
-67
15
25
21
27
-65
-75
4
5
29
82
20
17
33
31
53
-21
-33
6
46
62
-21
-47
16
71
0
-112
-56
28
89
91
27
-20
-31
-9
-59
-13
27
8
41
-65
-90
-15
-30
49
148
19
-53
28
2
-87
-64
25
-39
-31
33
-20
1
-11
-3
12
-35
3
-18
-15
0
-28
62
100
114
125
16
11
9
-100
-56
14
-18
5
17
-19
-61
-58
-23
-73
-51
-26
-62
-35
-30
22
14
-65
-2
25
-58
-28
46
-9
-70
-21
-3
12
70
35
-46
-55
2
-31
-13
34
-1
11
-2
31
71
24
53
19
-17
20
-41
41
36
-52
21
-6
22
26
18
50
-48
-74
-34
1
23
23
-13
-49
-58
-20
40
-19
-42
-34
-6
41
44
94
-7
-80
-6
-17
-47
-66
-21
12
-10
25
31
52
96
29
40
37
-12
29
-8
-15
6
1
32
-12
-85
-40
-43
-82
-55
-8
-14
-6
44
-10
4
26
-24
-52
-40
29
31
-15
-9
24
-7
-39
-50
-38
-60
-64
73
90
64
52
-71
-54
0
-18
14
-16
8
105
104
11
-74
-6
-5
7
53
24
79
28
4
33
43
50
15
2
-5
-18
-36
22
57
20
12
23
1
-16
70
31
-1
21
10
39
-69
-80
-26
-23
-34
-49
-23
-3
26
32
-2
-25
-10
-31
-38
7
12
-107
-70
-17
-73
-30
-29
-20
-72
-63
-86
-91
38
22
33
13
-61
-6
57
-52
-49
23
-6
46
58
71
53
49
22
25
110
54
0
-2
40
38
-17
-32
-75
-46
35
-16
-13
78
114
37
-88
-31
-18
0
68
-34
-52
-7
-20
4
-41
-121
-81
-16
25
-5
-57
-8
41
25
-19
-40
-17
-45
-58
13
23
1
15
29
20
62
38
10
53
-5
-35
-28
-1
55
68
69
31
-24
-36
-63
-24
0
36
55
-34
71
75
-30
35
-29
-60
10
-73
-44
-25
-88
-4
13
-41
-63
-34
-31
0
15
-9
21
-2
25
46
11
11
21
17
-20
22
32
19
12
-38
23
46
-2
4
-7
7
0
-90
-98
-33
26
-23
-34
53
4
8
43
45
78
102
122
91
54
-9
-28
23
16
14
64
53
6
-39
-47
63
5
-54
65
45
-22
-21
-7
-28
19
29
-41
91
106
-42
-35
-24
-36
22
81
82
93
86
63
28
-19
-78
-108
5
72
-1
6
82
44
8
11
-76
-79
-28
-49
-5
-37
-52
49
42
-14
11
71
62
2
-8
-13
-127
-87
-9
-69
-49
-9
4
23
30
-31
-21
-18
-65
-103
-137
-38
-1
-38
-89
-62
-16
-113
-89
-24
-47
-34
-75
-96
-41
-74
-3
78
36
54
29
2
-30
-21
-25
4
46
12
22
-5
45
11
-37
34
82
61
-22
17
20
19
21
-21
39
8
13
19
36
100
36
26
-18
-16
47
35
39
-8
-33
20
10
-31
1
37
8
27
59
-28
-21
15
-19
27
25
10
48
43
25
-9
-23
42
53
32
40
-5
-39
4
42
15
-65
-40
12
12
34
-61
-5
34
18
109
-22
-30
0
-46
21
47
61
-19
-52
-39
-83
-12
94
45
-93
-68
14
-45
-32
-50
-120
4
83
24
10
25
-16
-55
-36
-19
9
119
152
119
63
-59
-47
49
30
-48
-102
-112
-41
-44
8
85
25
60
2
-37
-13
-52
33
21
-51
-36
-1
13
-53
-63
13
22
66
96
24
17
16
44
40
76
104
-14
47
39
-42
44
25
21
35
-75
-74
-79
-140
-11
56
-29
-32
-24
-38
-28
-56
-3
26
-27
-23
-56
-32
-18
-58
-59
-70
-26
-56
-71
34
-3
-14
22
-80
-2
77
18
-51
-121
-58
-63
-54
-2
20
20
0
90
28
-67
-10
30
99
17
-39
46
27
49
9
-52
-34
-67
40
78
8
106
113
50
57
47
66
12
-4
64
4
-32
-50
9
99
54
32
-57
-75
-17
-67
-48
-18
5
30
7
33
43
-35
-81
42
86
-4
17
-23
-48
14
-9
-27
14
-19
-78
-26
-47
-33
21
3
15
-48
-29
66
-45
-12
28
-83
-74
-137
-77
-30
-93
-24
-24
24
81
-23
-14
16
-63
2
54
26
-22
-35
84
91
-30
-74
-61
-57
6
11
1
36
0
-24
-44
-27
-3
-5
5
-99
-117
0
-3
41
43
-50
-44
-48
-6
13
-9
19
27
62
26
-10
22
32
47
26
-37
-16
64
24
-5
-3
-28
-3
-8
-1
-7
-41
-27
-53
-2
65
-37
-5
88
4
-1
25
4
70
87
30
35
2
-1
29
22
45
-5
-45
-5
-23
-40
23
22
14
18
36
31
-4
6
0
29
88
91
-11
2
11
-46
38
40
1
31
48
5
-68
-6
91
84
91
128
68
40
64
9
21
18
-26
-42
-51
-2
-19
-1
-27
3
96
28
-15
-31
-42
-24
-12
-36
-7
-23
-49
29
14
0
56
32
57
-8
-15
65
-46
-60
-37
24
36
-38
-27
-16
12
11
23
34
-18
-19
11
-82
-17
16
-63
12
-30
17
71
28
1
-54
-8
-71
-23
68
4
64
18
-35
-38
-24
22
-44
-51
-9
16
29
19
0
-12
-14
20
68
15
1
5
-46
-47
-39
-20
-38
-37
2
-85
-89
21
24
12
6
-58
-86
-62
-67
-29
23
-62
-56
-27
-92
-19
-45
-48
41
-17
2
27
24
87
-1
-97
-57
-34
-18
-26
-100
-32
63
26
43
-11
-67
-51
-75
-16
23
-24
-53
-64
-78
-16
29
21
31
16
94
111
34
27
29
42
10
-69
-63
-24
36
102
40
78
104
27
47
50
38
5
-31
-55
20
81
-27
-33
15
52
130
75
57
91
-29
-75
-43
-3
27
-39
-54
-71
-29
30
-13
-39
-31
27
15
-36
-4
29
66
67
25
34
10
-40
-15
-23
-93
-64
-7
24
20
-58
-38
-18
32
69
38
87
-9
-13
52
11
57
25
0
-25
-57
19
18
-4
-2
-21
9
14
31
30
25
50
21
6
27
50
20
-26
-72
-58
-15
28
28
-3
52
42
20
60
46
-31
-73
-2
33
40
55
-9
-10
12
-26
13
-2
-62
19
30
-33
-35
-53
-71
-43
0
-19
-24
12
-15
-39
-44
-81
-53
-23
24
38
1
48
27
39
-25
-63
8
-64
-29
38
47
18
-16
87
53
35
71
-24
-2
36
-26
-53
-15
-19
-17
-29
-105
-41
68
33
-81
-96
-12
52
12
-57
-63
1
28
-82
-56
18
-31
-72
-61
6
-2
72
162
76
47
29
2
-7
52
64
40
39
25
92
20
-35
-8
-21
61
55
-10
0
-55
-133
-59
42
49
75
4
-49
53
23
-47
-54
-62
-71
-51
0
14
11
-115
-127
-2
-13
13
50
11
14
-7
-93
-75
14
5
-28
-3
-9
-8
17
-9
-9
22
2
-16
2
-45
-34
58
93
56
15
29
10
41
56
50
27
-65
14
66
37
73
1
-30
-62
-75
15
-8
-63
-68
-69
3
49
-18
-47
2
20
-33
-34
-1
13
30
-21
1
69
22
38
-37
-150
-21
12
-30
-31
25
50
14
65
48
3
-19
15
60
40
0
-14
-12
-39
-26
31
50
-19
-19
42
0
-11
17
19
11
-8
16
41
22
-40
-53
-28
-5
-8
-43
0
66
35
-23
-5
-42
-42
33
10
6
11
-6
10
-6
-21
-23
-10
-10
-2
21
9
15
-6
-25
-11
14
103
86
35
87
125
119
68
30
14
-10
20
17
25
78
65
20
-23
-23
-1
43
35
-38
-38
6
20
-53
-20
-26
-88
16
0
15
103
44
51
59
-46
-76
-51
-64
-34
-43
-94
-1
22
-23
56
39
-16
-29
-54
-45
7
-8
-53
11
-18
-85
-50
13
44
-16
-19
0
54
68
-39
-6
24
26
35
-44
-45
21
23
-10
-23
9
78
83
-24
-66
-5
-26
-10
12
-17
-23
-19
83
80
4
1
-55
-49
-3
15
29
52
11
-41
-14
-47
-57
-17
-23
-13
-23
5
84
34
-32
-19
25
84
35
-25
-4
-37
-28
-4
-41
-30
-3
-15
-47
-31
-30
-31
-45
-81
23
50
-40
-32
-50
-82
-78
-33
57
50
-37
-39
7
18
37
39
58
47
29
59
-33
-51
-40
-88
-45
-48
3
69
35
4
-14
1
-7
-13
19
4
20
69
30
-35
11
20
-24
20
-13
6
32
-59
-34
-45
-37
32
54
7
-32
90
138
68
33
-55
-56
-44
-46
46
-39
5
74
6
43
-17
-32
-6
-38
-70
-42
11
0
-35
-63
26
43
27
68
19
-27
-45
-28
31
16
-6
64
69
-4
20
0
-124
-62
23
64
79
32
1
-48
39
72
44
30
24
41
-15
57
54
-41
-16
-36
12
19
-45
-12
15
21
-16
-58
-17
27
21
-40
-57
-49
-77
27
63
-12
-2
-18
0
9
-58
-80
-12
56
28
11
56
31
54
69
-12
12
26
95
73
-9
100
24
1
101
0
-48
70
92
-30
-4
18
-36
-5
-2
-23
-83
-44
-9
-126
-110
-105
-68
19
-58
-32
-4
-59
-82
-70
52
62
23
31
-18
-6
-2
-2
52
48
-51
-66
39
71
40
14
24
-20
17
70
-28
-14
5
-5
-25
-70
30
45
-10
11
7
3
12
-16
-20
-10
-85
-43
4
-74
-59
-3
-50
-49
-10
-15
35
5
-52
-16
14
-20
-69
-33
-64
-114
3
41
-5
-9
-9
5
24
12
3
14
-5
87
46
-39
69
60
-3
40
61
-9
45
72
26
64
60
25
13
68
49
-32
-47
9
32
7
-2
-29
47
7
-41
-40
-39
86
91
96
-9
-57
51
30
69
14
-60
0
-13
-10
30
-17
-62
0
-42
-51
-14
-131
-70
35
28
2
8
26
7
48
-10
-23
31
24
4
-26
-26
-4
-20
-72
-46
5
-18
-44
15
67
47
7
98
80
-80
-16
14
-9
-64
-95
1
4
14
-2
-32
-5
-22
-6
31
21
-4
15
-1
-69
-24
-52
-67
19
-18
34
70
-25
-3
3
-20
15
-6
52
38
-27
48
30
23
62
15
-47
-63
-23
-21
-32
4
-3
4
44
52
70
-8
-85
0
-5
-16
65
11
-63
-35
-38
-32
-15
-20
-1
-59
-51
45
-7
5
57
44
15
-58
-4
34
-8
-4
-3
-33
-57
-41
-17
0
7
43
35
-34
-6
17
-31
-48
-62
-41
11
12
29
-15
-16
30
-13
24
0
18
57
18
94
87
24
-7
-56
-17
11
-9
-55
-62
24
35
28
53
54
11
-36
-53
-50
2
0
48
62
72
140
49
56
49
35
95
21
18
18
-41
-11
47
-8
-101
-68
-37
-44
-28
26
47
20
40
73
17
23
38
8
-10
-20
35
2
10
26
-14
-2
8
58
1
-57
22
-21
-64
-1
43
68
30
-33
-41
-34
-55
-58
-12
-18
-41
-44
-13
80
36
16
12
-70
-40
-26
-38
-60
-76
-89
-46
44
-52
-112
-75
-112
-25
-5
-30
44
18
-31
-51
-20
66
44
-15
-11
2
38
-27
-66
-28
5
12
-115
-113
-36
-13
14
2
17
57
52
-12
14
13
-18
37
-13
-28
39
34
30
-21
-4
21
-23
28
27
-13
-70
-31
45
14
16
-23
-23
2
2
73
66
30
-21
-74
-34
22
33
-12
-6
-15
-7
37
-11
-6
-12
4
41
-18
24
-4
-25
-34
-56
26
-63
-28
37
18
86
40
47
86
15
-1
-38
-70
15
36
26
17
17
17
-1
44
-32
-26
76
4
-26
-56
-39
60
26
55
59
-34
-5
-2
19
87
65
60
29
11
54
-30
-17
38
1
0
-39
-25
-45
-97
-48
10
9
22
80
32
-36
-33
-35
-29
-26
-81
-85
-47
-28
-21
-21
18
-7
-20
0
0
3
-38
-31
-28
-70
-62
-93
-52
2
-11
11
-42
-19
-3
-6
52
-6
-3
-10
-6
24
-39
-58
-16
12
8
-24
-45
15
-18
14
42
-42
4
33
61
43
-2
35
87
113
75
19
44
128
89
73
130
79
56
1
-33
40
26
38
107
79
-15
-55
-54
-2
26
-42
-26
-16
7
48
5
15
46
13
-18
-35
-61
-4
16
-53
-19
33
-13
-14
-20
-50
-17
22
117
53
-71
9
-55
-107
-92
-114
-43
-69
-24
19
-64
-47
-22
-33
-40
-58
-23
50
4
-31
6
-19
-5
37
29
-22
16
24
6
-9
-28
41
-25
-10
51
58
54
38
74
45
59
48
24
-25
-56
-21
-55
7
15
-5
47
-23
-17
-1
-9
23
-104
-89
-37
-76
46
26
19
157
86
-11
-21
-40
-41
-122
-107
-8
5
-11
-3
-2
-32
36
66
17
6
31
46
45
93
88
48
53
27
-39
3
26
-39
30
-32
-70
20
-50
-45
-30
-68
-53
-11
67
84
21
-28
-43
-76
-120
-27
33
-93
-68
-5
-30
-18
-55
-55
-29
-20
3
44
64
-17
-61
-25
-24
-27
-41
-36
17
17
27
56
18
-45
-49
33
23
-8
-7
0
65
30
3
-42
-62
36
18
39
82
50
97
86
7
72
62
33
62
-7
83
64
-64
-28
11
40
8
-5
-28
-78
-31
-13
15
23
9
55
-5
24
29
-57
11
9
-5
-3
35
38
50
150
35
38
81
-5
-33
-29
20
-39
-27
14
-63
-47
-55
-79
0
-14
-45
-38
-49
-29
19
74
19
-54
-20
6
-21
7
-13
-63
-7
66
52
-19
-27
18
47
-6
-48
-60
-52
-15
-7
16
36
27
46
0
-73
20
35
-31
-12
-4
-58
-92
-4
64
81
42
-1
-13
-12
32
37
37
-2
-34
11
9
32
-4
-53
-9
-4
10
20
39
-18
-62
7
4
-18
-29
-33
28
52
19
24
-10
1
-11
-44
-61
-25
83
8
27
70
3
15
-12
-8
11
19
67
19
-58
-64
-80
-42
9
-21
-23
-20
-3
20
44
46
-31
-50
36
98
52
23
-19
-46
-19
27
80
78
1
-47
-9
-5
-18
-33
-34
-8
32
-23
-83
12
48
11
-36
-7
14
23
41
-10
20
77
33
-69
-14
-9
-51
-13
-2
68
-38
-115
-51
0
50
-14
-60
-66
-67
-19
-6
-11
-14
-102
-114
-5
29
27
15
8
54
52
13
-8
-45
46
94
0
38
71
56
23
8
36
-30
-73
-24
-1
22
7
-24
39
22
29
53
4
48
83
39
-12
10
9
-20
4
4
0
-26
-13
9
-11
14
-15
-28
28
4
22
41
18
43
30
29
89
48
-28
-54
-61
-46
-28
-7
16
21
-2
7
9
-37
-73
-100
4
28
-44
37
12
-66
-6
38
13
-28
0
-21
-70
38
-2
-59
39
-10
-13
34
-36
-40
34
91
41
-33
-7
-10
-52
-32
43
31
-46
-5
33
43
63
65
101
79
21
-30
-75
-55
-1
36
41
9
-41
-38
-23
-36
-56
-108
-78
43
66
-12
-15
-3
-27
7
-76
13
49
-95
-22
-20
14
79
36
2
0
-5
-9
54
51
30
6
-47
-34
-62
-17
0
-15
11
-33
12
0
-11
-1
-34
10
-18
-5
-17
-88
-3
-18
-76
-36
-28
-55
-74
-32
-88
-81
11
49
112
12
-26
2
-37
11
9
-2
0
-8
13
15
9
49
65
31
26
21
64
86
77
88
50
-4
23
116
140
14
-21
67
68
87
56
-21
-36
-39
-6
55
15
-76
-54
-27
-16
-53
-87
-12
-11
-57
-46
-26
-18
9
-22
-35
36
42
39
66
-7
-47
-14
-54
-51
-45
-48
-41
-61
-3
3
-3
89
54
-29
22
4
-54
10
10
12
18
-9
89
48
-62
-56
-77
-56
-9
13
3
-32
-25
-12
-50
-79
-15
15
42
72
44
10
9
5
-34
-4
-37
-44
33
0
24
15
-71
-54
-43
19
60
35
38
12
32
67
0
-80
-75
-38
-25
-19
9
-18
-49
-8
20
53
59
49
1
-29
14
10
56
64
30
23
-53
-43
10
6
2
-6
-75
-74
-4
-27
10
-2
-20
85
32
-16
46
26
-25
-7
18
-29
-14
25
12
33
52
15
-9
0
-19
11
8
-30
-26
9
19
-32
-62
-18
9
-25
-10
-41
4
38
-27
-13
3
12
76
75
16
39
44
35
27
-37
-60
10
30
-13
4
53
56
-25
-40
-40
-43
20
1
-5
-37
-18
60
-18
-10
-35
-48
39
-4
1
27
0
-48
-18
8
15
11
-58
-14
-10
-65
-48
18
14
-61
-22
5
7
19
0
-36
-71
-19
-39
-10
44
-9
21
2
0
71
44
-5
-6
13
38
57
-2
-9
20
-40
3
118
99
90
56
-11
13
-13
-4
-27
-37
100
64
7
-20
-49
13
34
7
14
31
-5
-32
-11
58
-28
-30
95
0
-59
-26
-39
-10
38
-16
-3
3
-34
6
-11
0
1
-3
47
125
74
-62
-24
34
5
41
24
-56
-1
-17
18
55
-89
-47
18
-39
-45
-39
-30
-39
-44
-57
-11
37
0
50
79
64
-20
-110
-52
-6
51
-2
-73
-68
-116
-46
9
3
7
-19
15
23
-27
-67
0
14
-58
-3
0
-45
-50
-58
-56
-72
-5
13
-106
-77
60
0
-77
-54
-38
-24
-30
-7
38
51
-7
16
57
99
133
37
12
52
26
-70
-32
8
21
99
12
-4
-22
-54
87
120
5
-16
41
57
43
77
71
16
-4
-11
97
52
2
70
-43
-41
34
-22
-21
25
-33
-37
54
57
23
-75
-81
23
58
32
6
13
-54
-105
-92
-119
-76
41
20
76
144
25
29
32
11
32
-7
-29
-34
-28
4
25
10
4
1
39
16
-33
22
47
22
16
-49
-71
5
-42
-43
70
89
32
0
-28
-49
-62
5
70
-24
-28
18
32
59
5
-23
-32
2
52
16
-25
-9
59
51
42
70
31
11
0
1
7
-1
-54
-95
-51
-14
32
4
-22
29
-10
-55
-33
5
-15
23
102
2
-24
56
38
-10
-16
-7
-63
-28
38
-65
-29
-4
-94
-49
-55
-23
76
53
-55
-91
-25
-2
19
34
19
3
8
56
37
14
71
47
-44
-132
-60
18
-15
25
-37
-97
3
74
-3
-5
78
22
-70
-76
-24
1
15
-21
-10
26
8
43
37
15
-30
-59
18
38
-2
49
74
56
0
-73
3
58
76
76
9
-1
-9
-22
5
-19
-39
35
55
-12
-42
-33
31
-5
-71
4
-20
-33
64
80
12
38
86
4
-26
-54
-82
10
2
9
45
-15
-5
5
104
80
-74
-24
30
17
-44
-91
-16
57
10
-5
9
36
40
-16
-8
-77
-4
88
39
36
-67
-41
69
-30
-20
58
16
-16
-38
9
8
-66
-61
-67
-78
-49
-65
-41
-18
-44
0
-17
-38
5
-23
-32
-23
-58
0
-10
-102
-4
32
42
58
-37
-8
18
-4
22
75
137
108
1
-27
32
42
32
-22
-38
-16
-2
31
42
80
19
27
22
-37
-5
-34
33
37
-15
61
94
76
10
-8
21
69
120
2
-34
44
-2
0
37
-22
-53
-40
-72
-35
33
22
-4
-19
2
43
18
-4
48
14
-56
-3
30
-32
31
35
-68
-3
-30
-46
6
-69
-8
57
-11
27
73
29
-18
17
93
47
-2
23
23
26
4
-53
-48
2
0
43
110
59
23
-11
-43
-52
-65
-22
-10
3
-17
-37
18
-33
-41
-19
30
73
-1
-5
-13
-7
-65
-77
47
-4
-13
36
-38
-90
-80
-34
-14
-34
-60
-101
10
47
-45
75
13
-59
25
-27
5
54
19
-6
35
2
49
64
-20
87
67
63
86
-36
-38
-5
-1
-48
-38
-21
-116
-91
-30
40
3
-47
22
-65
-76
31
53
-46
-98
-2
-1
22
45
49
46
-6
14
7
1
17
36
64
-24
-26
6
-10
92
47
7
32
8
81
51
-87
-94
8
14
-57
-39
-34
-19
35
-3
22
33
-42
-93
-62
20
16
-17
-54
-40
-28
-22
-17
-47
-27
-87
-94
-22
-28
15
17
-19
49
97
23
55
118
4
61
53
-34
62
-12
-13
8
-48
29
60
-8
-38
9
24
27
-32
-86
-14
-8
-52
-20
48
72
14
-9
1
-5
8
-8
32
97
43
-10
-59
-34
76
27
-20
10
12
38
0
-55
-53
-46
-38
-5
25
11
-17
-32
-44
-9
48
9
-11
89
80
8
-8
-27
41
72
8
-35
-1
21
-8
-8
26
70
0
-22
-31
-27
89
31
2
-8
-22
51
3
-43
-13
1
-56
-50
-24
-5
-3
45
90
-2
3
-38
-74
-18
-23
16
10
-9
37
36
-4
-3
5
0
-22
-8
88
99
50
62
20
-31
14
23
-14
-3
8
-38
-92
-50
-47
-34
64
17
17
-15
-12
15
-49
15
-14
-63
-17
-20
-26
45
47
16
-5
-59
-39
-46
-44
-13
9
7
-28
1
23
5
23
-28
-38
-10
-43
29
28
8
-5
-40
33
22
-28
-32
-1
14
-5
11
23
54
7
-57
-49
0
24
25
26
-11
-5
5
3
0
51
77
22
4
-47
-61
-5
-54
-60
46
21
29
22
-31
-4
-47
-64
-34
28
25
-37
-21
25
74
-12
-25
49
25
5
-55
-71
1
37
96
84
-13
-13
3
39
1
-35
38
53
69
60
41
15
0
53
62
15
-41
-17
31
-52
-53
-14
39
64
-21
-32
-60
-27
-26
-44
4
49
10
-53
50
27
-6
39
-11
-28
-73
-85
-25
17
18
-42
-9
25
-73
-69
-13
25
33
-33
-33
-12
15
79
62
51
55
-11
18
25
5
57
41
-4
32
53
-22
17
74
-15
-16
61
82
25
-3
59
48
-13
-69
-76
-28
-82
-54
30
-5
-46
-45
-55
-41
-40
-35
-9
-41
-17
-28
23
24
-93
16
3
-93
-46
-60
-25
-14
-44
-17
50
95
10
-13
18
13
-28
-82
-55
-9
-13
8
49
34
36
7
-7
27
-17
-34
-17
46
92
41
39
-8
-19
59
69
81
63
16
-3
-15
32
77
67
79
43
-45
-72
-88
-59
-60
-93
-65
-9
76
138
79
-17
11
-13
-57
-24
-56
-22
-7
-13
6
-35
-10
39
29
-3
-50
-90
-29
-41
-72
-28
-30
31
62
11
-22
-49
-49
-34
-24
78
65
-29
18
-6
-28
-27
-12
-4
8
3
-8
29
-44
-62
54
89
-24
-11
55
23
44
19
25
43
-24
-56
-10
0
-12
14
-12
24
0
-21
-24
-96
0
-2
-15
17
14
24
-25
-4
33
27
18
37
26
14
46
-6
12
0
-28
0
-65
25
101
60
62
23
85
45
-52
52
-19
-35
48
-50
-7
0
-51
10
-4
-7
-24
4
76
21
-44
-7
31
21
30
5
11
-18
-88
-50
-45
-72
5
44
-64
-88
-17
61
27
-7
63
-7
-59
-21
-20
-56
-98
-42
-13
-4
17
-43
-29
-23
-37
17
-28
-35
31
-51
-126
-75
4
-15
-61
13
1
9
-5
-47
-10
-43
11
67
72
49
-15
9
-45
-45
40
16
30
71
97
61
21
-10
10
111
80
83
19
-86
38
6
-80
-11
-20
-53
-2
28
1
-50
-90
-7
75
47
4
-43
17
72
-55
-5
37
-45
23
-23
-23
48
7
40
40
-48
-92
11
129
100
-3
-51
-55
-36
37
29
23
48
-4
-80
-162
-89
-19
-69
-21
0
45
92
28
30
23
46
86
-11
-25
-27
-34
43
61
36
-40
-64
-4
-10
-49
-59
5
76
80
19
-12
32
2
-17
-56
-73
-99
-93
37
8
44
100
6
41
68
3
-2
-33
-36
-21
-40
-4
-13
-46
-35
56
57
33
77
-3
-26
0
40
68
39
-10
-23
60
16
41
87
-4
6
-44
-19
27
-37
-36
-60
-35
-38
-21
44
-11
-15
-34
-19
-4
-29
-11
-52
-18
-27
-59
10
26
9
20
3
0
15
36
39
-10
-16
-13
8
-24
-18
16
0
28
-61
-5
30
-11
52
-56
-37
26
16
10
-76
-70
-53
-18
-42
-46
4
-21
29
3
-30
25
89
95
25
44
40
-46
-44
71
108
70
6
-94
27
110
10
-36
-57
51
59
-38
-84
-64
24
-72
-120
-103
-83
-25
-33
14
-6
-24
-23
-26
0
-26
1
57
7
-39
52
80
3
-20
-13
-11
-70
-51
-24
-10
61
-11
15
39
-8
62
23
-12
-18
-52
-37
-5
13
53
76
110
145
60
-10
-32
-50
20
54
14
99
40
-72
-32
-19
62
87
49
32
-55
-95
-35
-4
23
48
-8
-10
29
44
88
14
-13
-2
-137
-78
-15
4
41
-34
-27
-85
-40
30
18
-35
-96
-10
-87
-35
37
-65
-1
22
16
18
-18
-63
-97
1
46
28
41
-6
3
-11
-47
-18
-32
-68
-32
4
-56
-9
51
35
75
37
16
3
-18
16
7
5
20
53
87
79
39
-6
31
54
0
-36
42
70
25
19
6
-16
-96
-27
5
-36
32
13
-2
55
30
-53
-85
0
70
-1
-56
8
36
-5
11
52
14
-37
19
-47
-63
39
-28
-1
28
-7
46
11
19
121
51
17
69
28
38
-8
-49
42
14
-10
5
33
55
-14
-26
-13
-46
-18
-11
-72
34
63
12
-19
-90
-70
-49
-17
-72
-48
24
-6
-3
-16
8
-22
-6
3
-54
-29
22
53
-7
4
-12
-91
-11
42
17
-12
-42
1
50
17
-47
-77
-18
38
-20
-28
-4
-1
76
86
24
0
-12
-27
-2
6
-36
-36
-78
-48
5
6
22
0
-21
-5
43
28
6
-76
-49
79
51
1
-31
-5
-19
-58
-23
-2
21
15
18
49
86
16
-84
-34
-45
-65
31
29
10
50
44
-1
-81
-30
45
15
19
19
33
39
29
53
-14
-80
-37
4
-5
-32
-35
16
1
-60
5
6
34
145
55
-8
-11
-30
22
37
46
6
13
83
18
-26
9
57
13
-61
15
65
-12
-17
54
-8
-55
-38
-33
16
-44
-23
12
-86
-32
43
85
69
-39
-68
-12
15
-20
17
43
20
48
-11
-15
-14
-75
-18
-29
-49
-45
-24
7
-66
-16
-28
-62
34
-23
-30
-3
-13
0
-27
6
12
-38
-16
0
-19
-31
-32
-31
-52
5
22
39
61
21
87
60
34
38
6
10
-34
13
-4
-8
35
-15
33
28
14
2
-18
-23
-110
-38
25
-37
-64
12
73
29
3
-51
-56
-1
-50
-30
37
19
55
60
56
57
16
38
14
2
-56
-71
16
19
-9
-4
29
4
59
62
29
129
86
26
29
-9
-24
-44
-8
89
27
-57
-14
-31
-56
-75
-69
-19
-9
-17
-34
-22
-4
34
57
-6
-67
-30
33
10
2
-13
9
84
29
1
-8
-55
-49
-44
-2
27
-20
-53
-13
41
3
-57
-74
11
73
10
8
-34
-50
-5
-2
-32
-44
30
-2
-70
-10
27
-10
27
42
19
61
72
95
113
55
-81
-43
32
-20
38
4
-40
9
54
78
23
-21
-33
45
25
-3
31
-54
-9
7
-75
-45
24
51
3
-31
-32
-42
-73
-59
-61
-50
0
-20
-6
24
-2
29
31
-9
-7
-60
-22
60
49
60
36
-33
-25
-17
-38
-29
15
5
-43
-45
-26
-3
-19
0
-47
-87
-38
-1
4
-38
-10
-35
-31
42
0
16
81
6
-23
48
43
73
116
62
-2
39
80
37
27
20
36
78
40
4
31
48
30
-36
-24
-21
-33
75
40
1
44
33
57
39
-45
-77
-13
9
-45
-105
-104
-24
-3
27
64
17
-9
-18
45
65
-52
-46
23
-25
-63
-56
-6
30
6
-7
-43
-34
19
-51
-49
-10
-85
-47
-29
-61
-27
15
46
38
19
23
56
23
17
55
49
3
-114
-76
27
39
36
9
-8
-10
-50
0
61
-83
-110
-84
-29
61
-8
52
100
25
-46
-45
-11
-19
-3
10
34
17
39
65
53
78
60
21
30
31
19
87
60
27
25
-8
57
24
-48
-46
-29
-45
-33
-37
3
71
7
0
-21
1
41
-37
-26
35
15
-36
-13
62
58
-44
-41
13
-13
20
52
60
71
13
-1
-27
-25
25
39
-2
-75
3
49
41
-31
-60
-2
-71
11
10
-29
20
-58
-28
14
-27
-79
-68
-60
-89
-76
-55
-68
-10
49
-37
-38
-31
17
40
35
37
-37
12
-14
-63
-52
-46
5
9
104
95
-85
-6
65
-3
26
27
43
80
66
41
53
-48
-92
46
5
-85
-54
-26
-40
5
13
-45
-69
2
77
-21
-26
-39
-49
56
31
21
-9
-74
15
37
10
84
70
-32
-33
0
-4
46
40
26
28
-10
32
8
-53
10
62
8
-56
-24
-15
-35
-23
-1
41
8
0
73
-9
-61
43
126
121
5
-109
-122
-64
-26
9
-4
-23
-11
-59
3
39
-24
34
35
11
-14
-17
24
24
35
10
20
1
24
9
-64
40
61
0
42
13
-12
10
36
1
-36
31
-9
0
-23
-109
-38
1
70
66
-17
26
44
50
64
10
-4
32
40
23
36
13
9
34
-39
-26
-13
-69
-25
-24
-57
-70
-9
73
-20
-42
9
-81
-57
-17
-21
17
-46
-36
22
34
46
-50
-103
-6
28
-13
-23
-7
20
48
10
6
39
15
63
97
24
6
-27
-6
51
-24
-33
26
-2
-63
-13
1
-19
-13
-25
-23
-59
-38
-87
-90
5
41
14
-102
-19
73
-24
-44
3
-22
-72
-13
82
55
-22
-15
-18
-29
18
14
20
38
51
24
-81
-61
95
120
32
34
27
37
38
-33
40
65
15
40
-8
12
33
-11
56
100
19
-71
-66
55
92
-33
-59
-15
19
21
21
22
-50
0
25
-27
-51
-24
43
44
-26
-103
-70
-56
-79
-21
-2
-3
16
24
-45
-82
-12
-6
-14
-59
-75
2
4
-25
4
22
33
23
-11
0
-20
49
96
17
-45
-15
-10
-70
7
20
-20
-15
0
46
24
-11
6
-28
21
69
-18
-27
-16
2
-7
-5
63
58
15
55
41
17
75
22
-21
-25
-53
-33
-32
2
43
22
-18
-35
-14
1
29
-14
-45
-12
-63
-24
-9
-86
-68
-51
-25
43
46
-28
17
38
-7
-11
-53
-22
32
-47
-56
-27
-51
76
74
5
46
65
48
-35
7
-4
-111
16
67
6
11
-5
39
59
20
33
64
67
37
37
11
-15
18
-6
-60
-93
-9
35
20
65
-15
21
26
-64
25
39
-34
-35
1
0
-22
11
-1
-72
-58
-22
-12
-21
-45
-9
-52
-67
9
-33
-65
-16
-4
42
86
37
-70
-55
90
16
-80
-7
96
90
2
-9
-30
4
55
51
43
-34
-55
-9
-43
-45
-54
-18
96
37
31
36
-66
0
13
-36
-26
-44
-10
30
-9
-28
-46
-62
-40
-47
28
36
26
49
-55
-38
1
-43
-22
24
19
15
4
-32
9
16
10
99
14
-33
68
50
85
83
-3
6
29
-23
-7
50
56
117
38
-93
-20
31
-12
-34
-30
0
23
-13
44
82
-5
28
-9
-42
76
69
59
13
-28
12
-31
-14
17
20
-27
-94
-49
-65
-92
-58
-66
-45
-45
-54
20
9
-35
-10
30
9
-46
-23
23
14
-43
-73
-12
19
17
11
6
42
-36
-79
-17
28
25
54
90
50
83
0
-27
41
0
-1
-42
-14
42
3
13
48
35
42
77
73
60
4
11
74
-25
-70
6
-8
-55
-68
-24
8
-43
-52
-33
-31
41
53
-18
-53
-73
-32
28
-26
-79
-92
-45
34
19
-14
-48
-6
0
-42
-22
8
26
12
-25
-38
28
27
-15
38
38
-14
11
-5
-2
17
-38
-9
20
-23
-32
-9
0
57
62
-17
46
111
-11
-46
16
66
25
-32
15
72
66
24
73
64
41
-10
-19
72
-11
-7
75
39
46
-39
-103
28
-30
-101
-18
-47
13
48
-7
-28
-90
-78
-34
-25
-42
-4
10
9
53
49
31
5
44
46
79
97
-8
3
1
-49
-42
-54
-39
-98
-145
-79
-59
20
24
-70
5
15
-28
10
11
5
-10
-8
27
30
10
-47
-51
-8
14
12
-1
43
40
66
121
112
67
14
74
51
-31
-20
-28
6
4
-78
-54
2
-5
0
15
55
45
26
-15
-166
-113
-10
-46
-45
-7
64
95
81
93
28
-34
-29
-26
0
-27
-90
-67
23
107
115
17
48
72
-37
-40
-14
7
19
8
-17
-14
-4
-37
-12
49
22
39
22
-33
4
-34
34
87
23
7
31
21
-32
-53
-75
-8
-16
-48
-15
-62
-85
-65
-30
0
74
91
5
9
-20
13
56
-11
20
-30
-18
32
-69
-38
26
9
-41
-81
18
51
-25
-57
-19
20
-6
47
18
-69
14
12
-26
1
-12
14
0
-29
-3
-17
-2
36
-22
-39
23
21
11
-13
14
11
-121
-48
19
9
56
-8
43
71
-28
40
87
-33
-76
-57
-83
24
60
-35
-51
-51
-1
8
14
43
38
18
-6
52
33
-22
6
-11
-96
-60
-2
-18
-16
-42
12
-19
-48
24
-18
-20
-34
-40
-23
32
96
-10
-8
15
-25
33
-39
-12
52
-18
-13
-13
46
0
-22
83
49
74
42
-5
63
14
24
-4
-70
18
21
28
27
28
74
24
23
39
2
-35
-45
-16
10
-29
12
133
55
20
79
30
-11
68
89
17
39
-1
-73
-69
-67
-72
7
73
-24
-12
-42
-114
4
26
4
0
34
-1
-92
0
-8
-37
3
33
-13
-120
-75
-18
-44
-61
26
24
-98
-33
-11
-5
53
-10
3
-9
-27
-11
-92
-86
-39
-84
-55
19
44
17
17
43
18
31
25
12
5
-28
-53
-20
8
15
57
67
28
81
84
19
25
-22
35
73
23
30
-1
-86
-116
-9
-9
-60
-25
17
7
6
105
53
-39
-31
10
-25
-73
12
16
39
36
1
24
28
44
4
-21
-49
-59
22
24
-62
26
87
22
9
-39
2
14
-32
21
-52
-21
75
-67
-45
85
62
-36
-107
-87
0
-7
-53
-25
20
105
60
-21
-25
16
9
-39
1
40
56
13
0
-73
-80
7
-21
-39
-13
10
-95
-15
23
-95
11
35
34
73
44
48
34
1
100
107
54
38
1
66
-14
-18
3
-63
72
28
-76
-15
-13
-75
-37
34
-3
-2
-7
34
96
45
49
57
42
67
3
-81
-81
0
30
-5
1
-33
-30
-3
-26
0
12
1
-25
-25
0
-17
-55
-41
-44
-88
-18
55
9
0
-75
-142
38
34
-42
42
-31
-79
23
22
20
49
9
-3
-39
42
39
-9
80
16
-39
-18
-65
-41
5
-39
23
12
-68
28
14
-20
57
31
35
-8
-37
62
-7
-39
-18
-31
-3
-24
-26
3
69
18
-42
18
-54
-70
6
-12
-13
-39
10
55
15
26
27
41
33
41
54
26
36
19
-20
-21
-5
0
-11
-16
-34
-27
57
38
11
60
-20
-41
-37
-26
22
85
65
-16
-15
-36
13
-13
-43
58
31
0
82
54
-12
67
27
8
74
14
-23
-88
-92
-32
-14
-6
-9
-48
-85
3
-2
-34
42
-23
-33
-2
2
18
-45
-22
-22
-53
-59
-25
38
46
36
-16
21
26
40
44
-48
11
-13
-32
37
49
77
31
20
-5
-50
-66
-68
13
14
-34
-8
-30
-4
12
-25
126
142
44
25
-66
-31
22
-50
-43
22
30
19
0
-67
-40
-15
-41
-18
-28
-42
-69
-72
2
85
35
-2
-29
-36
-32
-82
-24
59
82
44
76
26
-8
10
10
74
65
37
38
82
64
116
91
-32
-31
-120
-45
58
-39
10
18
38
119
-53
-122
-38
-58
-23
-35
-51
6
-42
-73
23
37
-109
-70
5
-79
15
76
-8
-25
-21
-10
-4
-20
75
27
-116
-70
-71
21
20
-30
6
-115
-33
49
-50
-9
72
37
14
17
1
53
4
-62
31
24
-39
28
61
-29
-59
-36
43
66
15
22
-3
17
-7
34
127
49
-33
-34
4
-46
-37
29
7
21
1
-38
-39
-95
-98
29
90
23
-33
-12
94
45
-94
-3
48
19
89
97
-44
-75
-31
-37
2
-4
26
49
-3
-24
-70
37
79
-80
12
50
-57
16
23
-3
-1
-78
-32
17
30
53
-48
-26
60
54
61
23
3
49
0
-19
27
105
149
66
-2
-45
-32
-91
-73
117
44
-10
32
-42
69
53
-40
27
-24
-23
36
-76
-113
-6
-75
-18
72
-55
13
55
-69
-16
79
23
-25
-57
-68
47
32
-109
-9
84
43
75
-16
-28
86
42
-13
-49
1
-62
-92
49
-14
-49
-49
-23
38
6
-21
-33
25
-32
-75
46
22
43
109
-25
-45
66
23
52
18
-122
-11
-38
-57
38
-44
30
85
-23
-37
-76
-74
5
-70
-16
101
-8
-27
2
12
-74
-45
15
-55
13
3
56
40
-102
-37
24
-61
-158
-117
-49
4
-25
-47
103
29
-24
75
53
177
114
-4
187
164
34
44
41
-11
-19
0
-12
32
15
-21
11
-25
-13
76
21
-45
-10
-36
-49
53
53
-17
17
67
23
-70
-78
-30
-5
77
79
-74
-6
68
-37
-31
-13
46
12
-122
-79
42
31
-59
5
41
-48
2
2
-11
58
-43
11
25
-94
10
-19
-21
67
-39
-2
38
-62
-16
41
5
-33
43
9
-28
29
-52
-11
-39
-61
29
-31
-20
28
-16
-16
27
-8
-66
-17
42
-32
33
112
-14
-3
-4
-150
-110
3
12
32
12
22
26
-57
-72
26
72
10
-6
26
84
107
46
16
-26
-20
20
-37
-55
-30
50
60
15
-5
15
132
18
-57
3
-62
-2
34
27
96
37
19
11
-33
24
18
7
47
61
33
-23
-25
-38
-35
13
-64
-28
52
-43
-108
-50
26
-18
-33
-65
-6
87
-15
-25
-36
-37
40
1
-53
-25
97
-1
-182
18
123
-4
34
108
39
20
11
-16
39
72
40
-66
-48
-35
-22
12
-54
56
44
-73
15
48
-26
-57
-4
58
-9
-47
14
37
15
-5
58
25
-69
-71
-29
-79
-127
56
89
-48
-51
20
36
-36
-54
-35
-18
-35
-25
-6
-46
10
-1
-30
3
3
107
58
-99
-6
79
43
22
89
99
16
36
-19
-21
23
6
51
-82
-79
116
-17
-70
50
-40
-49
35
54
3
-35
12
-17
-28
96
63
-29
55
-56
-85
40
-45
33
56
68
171
-42
-21
63
-62
23
22
-19
-4
-77
-42
2
-10
34
59
-24
-59
12
39
35
23
8
-49
-14
51
-64
-59
-87
-123
17
-50
-125
-37
-29
12
48
17
-33
-19
70
-19
-15
86
63
-56
-82
60
67
25
26
38
39
-37
-81
22
16
-21
75
36
42
26
-33
2
-37
30
60
1
-29
-112
-51
23
-29
-57
-4
58
-72
-113
23
-37
-128
-107
-50
-16
22
21
-28
-3
-54
-16
103
69
4
59
75
-8
-4
2
37
72
23
-72
-40
75
-18
-50
95
105
25
-72
-1
133
-10
-75
42
68
-16
-8
79
-27
-11
126
23
-5
53
-16
-61
-67
-52
-21
-18
16
20
-23
-22
11
32
56
56
25
93
37
-36
14
-84
-82
-8
-13
-45
-36
22
-8
-30
-66
35
45
-132
-92
20
43
35
125
72
-40
-22
-44
36
77
16
-2
-21
8
29
-78
-124
-38
21
-42
-42
35
-49
-32
18
36
62
1
0
2
-61
-44
79
126
67
-3
-13
-31
-5
58
-8
-14
58
60
0
-9
-40
-104
-32
-26
-11
-22
-20
74
-45
9
99
-2
28
-59
-76
-60
-110
59
73
21
7
-92
-68
1
40
-7
-11
2
-86
-49
98
54
8
79
-31
-38
30
1
38
1
35
115
12
-25
36
38
42
37
-29
-39
33
88
9
-14
-9
-93
-58
-63
-30
6
20
111
-40
-60
53
15
15
-24
-35
32
2
-9
61
44
-8
-23
-42
-59
0
-19
-67
28
37
-74
-53
36
1
-13
-19
-27
26
75
46
-5
69
97
25
3
12
-36
-14
23
-2
0
-43
19
94
4
-75
-158
-150
-72
-4
55
-14
6
74
4
-36
13
11
-28
-15
0
-6
-16
-37
-55
9
30
14
-66
-200
-65
32
-40
67
156
52
-70
-63
20
-18
-7
111
103
21
-52
10
8
-41
83
91
0
24
75
3
-75
-26
92
19
-138
13
104
-31
-2
13
-75
-66
0
62
-5
-31
73
39
-89
-77
-5
-51
-131
-81
-7
-10
51
20
19
86
-24
7
22
-21
72
-23
10
88
-22
69
37
-57
-46
-43
21
32
50
56
52
35
-30
-14
40
16
-62
-39
58
15
-23
19
0
15
19
-28
-15
34
-18
-40
113
71
-31
55
13
-22
-12
-23
39
45
45
16
-31
1
32
41
67
26
-18
45
25
10
14
-40
-38
-33
-90
-120
-32
21
20
15
-56
-114
-18
98
-27
-47
53
67
57
-51
-29
-8
-46
11
-34
8
45
-62
6
81
10
-7
-4
-54
5
4
-72
-45
-40
-71
-78
-34
11
-58
-125
-30
-14
-49
-9
-16
3
-107
-88
101
40
17
44
74
131
68
11
6
-37
-51
6
4
31
75
66
37
77
95
17
-26
-39
22
38
5
37
-40
-139
-98
-63
-51
41
69
-16
-11
63
-16
-76
52
75
36
36
-23
-46
4
25
16
-16
-28
-41
-75
-42
-7
-8
5
63
108
12
-35
58
38
-22
6
-4
-85
-60
26
51
-8
-78
-97
-7
116
97
18
-66
-120
-96
-50
22
124
134
-36
-82
49
48
-39
-28
49
6
-14
21
1
-26
-49
26
34
-72
-3
3
-93
-7
40
19
54
-31
58
178
-1
17
68
23
36
-19
-9
57
47
69
81
37
20
-22
-27
-81
-86
31
-84
-43
149
37
-28
-76
-67
39
-7
45
24
-38
54
-64
-163
-56
-56
-73
-20
26
59
13
-14
43
-21
-132
-42
-20
-89
-50
-23
-31
-93
-18
70
-1
-31
-33
22
1
-10
32
-58
-46
25
22
18
-17
-2
34
26
77
-1
-61
23
41
11
-34
6
28
-34
7
70
-29
-68
-4
2
1
-42
-4
65
34
24
-4
-22
-22
-4
62
64
1
-8
133
78
-44
53
20
64
123
22
12
-10
-37
33
-8
-30
34
55
35
-5
22
36
65
73
22
24
31
-4
11
-4
-26
44
46
4
-15
-50
-11
-16
-44
-11
-38
9
13
-84
2
20
-2
51
-46
-29
45
24
14
-63
-29
47
-8
-48
-19
-25
-83
-55
-9
-9
-58
-18
63
1
-8
-12
-36
-16
-63
-52
-1
-20
-39
-33
-54
-90
-47
-53
-70
53
73
29
25
-34
-47
-14
-70
-56
-18
-10
69
2
-19
59
27
33
21
55
62
6
53
16
-36
-59
-50
3
-3
-18
8
29
16
9
0
-4
-70
-95
-71
-38
-8
14
122
15
-23
24
-40
0
0
46
99
66
-17
-23
-27
-53
15
44
91
108
88
72
7
42
50
40
-10
-83
40
85
20
28
10
-51
-60
-61
-64
-22
28
17
-55
-13
82
37
13
-8
-65
-85
-96
-33
10
27
25
-11
-39
-69
-17
-55
-33
54
-25
-8
28
31
91
94
79
114
65
-24
52
20
-59
-2
29
75
32
-97
-105
-37
-18
19
12
-6
9
2
23
-51
-58
48
-1
-57
-72
-34
3
-25
-21
-13
-55
-44
1
-136
-93
-11
-117
-83
-62
-26
45
-7
-15
37
-72
-18
118
38
-36
-29
39
18
-16
19
59
35
36
81
26
-12
11
63
35
-44
0
7
-23
50
24
0
60
87
115
57
69
65
21
39
-21
-24
17
22
49
79
10
-51
-54
-98
-42
42
49
-14
-65
-18
27
17
1
24
-7
-8
-11
-11
3
-28
56
109
92
40
-32
83
121
70
81
33
34
-6
18
10
-53
-24
-15
42
45
9
10
57
131
103
-1
-34
16
-4
-58
-69
-59
-70
-53
7
-33
-111
-87
-17
-25
-29
0
-1
-16
9
-22
-74
-59
-134
-171
-106
-79
-94
-104
-103
-88
-65
-145
-126
3
-51
-122
-84
15
59
-46
-87
-5
0
-33
-81
-132
-55
-32
-62
1
-77
-127
-57
-71
-39
-139
-151
29
-10
-99
-97
-60
20
3
-79
-29
1
-6
-3
-60
-4
57
17
73
85
51
58
-4
53
90
74
108
72
144
139
131
170
95
180
133
-14
47
7
48
129
61
106
100
73
78
15
55
94
123
152
185
129
-38
22
89
58
84
67
40
97
118
54
98
99
-30
-21
12
-12
-17
-56
-70
-46
-65
-43
-38
-115
-50
0
-70
-74
-110
-106
-78
-185
-152
-81
-103
-118
-150
-105
-88
-36
-8
-73
-40
-78
-129
-80
-37
17
43
21
15
13
-40
-55
33
39
0
44
51
51
86
4
-31
35
10
-11
2
63
66
-26
-73
-56
-25
-69
-95
-129
-68
10
-83
-67
12
6
3
5
0
0
-18
-17
30
39
45
103
166
144
160
227
245
344
317
202
252
279
273
257
310
379
276
215
196
197
271
287
259
247
162
136
183
130
105
56
-10
3
26
24
41
54
30
-8
-96
-104
-39
-42
-24
-21
-121
-170
-91
-46
-16
26
-73
-142
-119
-90
-40
-19
-9
-22
-59
-86
-143
-94
-1
3
-22
-106
-185
-259
-249
-228
-229
-255
-287
-250
-307
-377
-378
-417
-520
-597
-664
-686
-663
-656
-704
-780
-834
-981
-999
-943
-907
-875
-847
-786
-826
-675
-521
-389
-307
-452
-402
-334
-230
57
183
309
336
215
294
307
321
403
447
656
683
549
572
485
334
368
461
503
423
244
179
225
269
279
253
159
86
90
124
268
419
462
447
416
442
570
654
623
713
857
930
999
1038
1120
1065
969
1039
1028
1103
1242
1238
1239
1078
918
827
686
721
731
771
776
664
604
527
478
385
322
385
462
440
360
342
272
278
325
130
-41
-124
-131
-14
30
76
-72
-417
-600
-625
-470
-260
-83
-57
-276
-529
-609
-405
-220
-214
-279
-414
-413
-166
111
233
-127
-1067
-1973
-2294
-1751
-700
-216
-718
-1780
-2771
-3344
-3410
-2973
-2475
-2368
-2795
-3373
-3363
-2723
-2008
-1957
-2548
-2998
-2932
-1992
-519
600
944
370
-533
-948
-473
703
1760
2176
1989
1434
1111
1319
1786
2004
1489
487
-224
-30
936
1837
1846
897
-432
-1423
-1501
-787
229
887
771
191
-374
-564
-243
235
373
286
331
708
1438
2070
2211
1778
1063
701
946
1684
2523
2984
2777
2117
1552
1360
1583
1879
1889
1632
1404
1367
1503
1635
1403
888
311
2
106
467
809
903
641
58
-349
-476
-356
-215
-261
-253
-324
-348
-321
-453
-633
-828
-1025
-1139
-1012
-791
-561
-386
-480
-774
-998
-1078
-1039
-844
-505
-100
143
292
255
31
-31
58
308
680
1049
1183
1203
1178
979
849
813
793
662
535
495
400
400
276
14
-249
-716
-1070
-1290
-1416
-1322
-1180
-926
-809
-897
-1083
-1381
-1613
-1635
-1258
-609
0
453
571
430
279
136
83
14
40
290
730
1328
1606
1167
-155
-2026
-3428
-3467
-2185
-686
-271
-1322
-3180
-4994
-5982
-5705
-4671
-3695
-3453
-3997
-4377
-3923
-2881
-2126
-2214
-2914
-3386
-2616
-545
1960
3640
3512
1946
383
8
1303
3467
4955
5176
4163
2744
2122
2376
2963
2949
1794
307
-298
457
1911
2701
1929
-93
-2149
-2903
-1885
136
1880
2395
1535
270
-362
10
1123
2023
2221
2054
2147
2844
3761
4130
3481
2157
1041
980
2015
3206
3800
3304
1919
583
-111
8
646
1062
948
500
62
45
293
330
-161
-904
-1204
-762
85
707
813
287
-580
-1181
-1242
-855
-429
-340
-594
-1001
-1369
-1464
-1391
-1417
-1722
-2199
-2458
-2239
-1754
-1509
-1559
-1819
-1945
-1770
-1506
-1230
-1060
-899
-723
-436
53
536
760
667
441
336
470
752
1064
1299
1379
1180
929
830
743
622
256
-221
-329
-167
-73
-99
-208
-399
-597
-901
-1316
-1362
-1101
-695
-140
253
473
470
223
21
105
303
464
737
1033
1411
1830
1893
1721
1173
-227
-2224
-3663
-3100
-903
820
361
-2063
-4676
-6357
-6956
-6425
-4939
-3286
-2707
-3784
-5305
-5476
-4076
-2718
-2602
-3135
-2977
-1318
1290
3753
4952
4257
2248
412
522
2932
6092
7951
7612
5691
3357
1773
1894
3320
4424
3742
1482
-197
26
1369
1742
222
-1905
-3188
-3191
-2195
-475
1214
1680
183
-2339
-3581
-2304
449
2469
2719
1994
1431
1473
2072
2774
3143
2970
2277
1754
2182
3276
3796
3094
1540
78
-538
-207
826
1697
1557
284
-1371
-2063
-1698
-1080
-863
-1219
-1292
-1043
-880
-724
-575
-469
-836
-1308
-1265
-605
322
300
-599
-1390
-1625
-1331
-1009
-870
-977
-1279
-1823
-2351
-2311
-1943
-1603
-1626
-2107
-2189
-1585
-1029
-830
-937
-1017
-776
-158
752
1432
1587
1169
722
819
1302
1888
2299
2511
2515
2228
1701
1293
1342
1377
1021
436
181
519
772
306
-789
-1532
-1241
-602
-406
-577
-726
-672
-615
-548
-70
674
1133
966
674
923
1453
1815
1788
1737
1947
2149
2374
2463
1692
-490
-3467
-5048
-3616
-688
650
-915
-4217
-7175
-8818
-9230
-8092
-5691
-3633
-3860
-6099
-7684
-6788
-4185
-2557
-2647
-2882
-1862
603
3283
5164
5663
4520
2416
1299
2997
6614
9472
9804
7667
4672
2347
1402
2475
4659
5574
3851
354
-1937
-1473
-86
-72
-1682
-3141
-3269
-2795
-2140
-1060
172
313
-1518
-3652
-3676
-1060
2204
3649
3185
2088
1282
1010
1394
2610
3855
4090
3434
2631
2464
2653
2091
1058
421
306
466
688
958
1106
412
-1308
-2876
-3095
-1905
-615
-233
-327
-436
-644
-1122
-1594
-1496
-768
-2
274
310
403
214
-545
-1434
-1637
-1173
-746
-710
-1034
-1423
-1866
-2651
-3315
-3063
-2313
-1782
-1750
-2072
-2043
-1718
-1469
-1461
-1284
-588
254
1066
1639
1906
2006
1841
1637
1891
2428
2908
3247
3387
3241
2537
1606
1104
1199
1644
1736
1104
649
658
350
-619
-1700
-1732
-714
209
9
-872
-1091
-662
-327
-176
167
962
1553
1488
1386
1686
2364
2602
1814
1012
1079
2007
3205
3837
3125
381
-3742
-6593
-5712
-1977
914
282
-3254
-7224
-9886
-10969
-10016
-6869
-3536
-2815
-5388
-8336
-8265
-5359
-2748
-2446
-3128
-2579
-470
2115
4226
5557
5594
3762
1485
1339
4157
7927
9566
8182
5144
2229
650
895
2865
4917
4561
1414
-2135
-3187
-1866
-817
-1338
-2532
-3101
-3008
-2834
-2270
-729
746
424
-1821
-3526
-2267
936
3589
4076
2950
1825
1238
1374
2347
4008
5418
5218
3543
1761
948
1105
1488
1735
1920
1886
1393
654
62
-226
-606
-1241
-1461
-977
-60
527
363
-209
-765
-1202
-1390
-953
-54
950
1422
1006
85
-888
-1549
-1737
-1483
-946
-626
-916
-1608
-2379
-2851
-3083
-3153
-2832
-2201
-1646
-1577
-1965
-2406
-2443
-2065
-1508
-798
205
1306
1921
1976
1871
1812
1851
1973
2194
2652
3170
3442
3448
3212
2739
2081
1329
1018
1369
1750
1653
952
212
-172
-681
-1379
-1773
-1376
-552
-148
-320
-640
-734
-711
-786
-719
-160
704
1207
1240
1440
1863
1899
1345
639
527
1134
1827
2369
2562
1831
-656
-4521
-7103
-6140
-2548
142
-458
-3764
-7569
-10056
-10854
-9818
-6875
-3621
-2631
-4645
-7442
-8038
-5901
-3082
-1456
-968
-370
902
2466
3862
4974
5227
4097
2756
2918
5126
7859
8916
7754
5138
2299
294
97
2302
5091
5439
2319
-2163
-4586
-3805
-1830
-817
-809
-938
-1248
-2293
-3384
-2745
-294
1472
840
-938
-1073
1201
3626
4199
3250
2484
2416
2454
2962
4395
5994
6060
3907
1168
-113
555
1873
2562
2567
1886
396
-1352
-2276
-1851
-806
-436
-1031
-1522
-1338
-1074
-1290
-1700
-1632
-1203
-941
-708
60
1151
1453
425
-976
-1643
-1248
-316
276
402
185
-580
-1891
-3040
-3027
-1797
-703
-671
-1284
-1740
-1852
-2070
-2365
-2281
-1462
-267
348
399
597
1071
1605
1612
1239
1284
1798
2500
2886
2847
2521
2147
1867
1513
1282
1283
1477
1639
1526
918
-151
-1109
-1568
-1432
-1240
-1338
-1381
-1262
-1041
-1041
-1251
-1282
-1051
-843
-880
-690
9
803
1243
1288
1260
1420
1491
1152
985
1353
1940
2362
2300
1798
411
-2357
-5446
-6341
-3991
-563
728
-1420
-5349
-8638
-10342
-10402
-8442
-4822
-1845
-1983
-4997
-7743
-7527
-4967
-2311
-715
273
1298
2156
2771
3569
4512
4663
3810
3292
4335
6448
7812
7442
5969
4004
1726
107
805
3747
6001
4606
-45
-4101
-4802
-3166
-1541
-580
274
622
-768
-3572
-4838
-2632
966
2327
989
-328
318
2236
3298
3104
3021
3294
3305
3101
3824
5547
6315
4959
2161
25
105
1719
3321
4034
3359
1146
-1700
-3445
-2788
-611
912
774
-377
-1350
-1897
-2437
-2543
-1763
-596
73
-223
-540
-1
572
201
-1060
-2136
-1802
-529
165
122
-292
-1004
-2109
-3427
-3631
-2426
-962
-518
-1536
-2703
-3020
-2694
-2363
-2138
-1525
-703
-320
-372
-211
415
1206
1341
910
828
1339
1904
2031
2022
2092
2193
1880
1287
1179
1421
1646
1381
668
41
-567
-969
-952
-449
161
-2
-1037
-2129
-2344
-1532
-381
395
464
-70
-702
-671
239
1332
1870
1783
1703
1974
2116
1877
1590
1744
2226
2413
2259
2223
2020
125
-3676
-6709
-5998
-1864
1688
1109
-3043
-7550
-10206
-11008
-9821
-6259
-1932
-215
-2937
-7604
-9856
-7789
-3579
-404
814
1133
1447
1593
1988
3075
4155
4301
3798
3844
5223
7020
7428
6517
4779
2541
521
-4
2353
5656
6066
2325
-2891
-5310
-3914
-1483
-73
571
859
-56
-2843
-5365
-4388
-232
3113
2768
293
-787
413
1988
2543
2639
3071
3374
2845
2316
3087
4479
4538
2629
376
-371
596
2138
3013
2649
967
-1485
-3342
-3071
-870
1230
1521
246
-1281
-2406
-2905
-2526
-1139
780
1814
1064
-264
-821
-490
-180
-549
-625
80
799
716
-137
-952
-1242
-1657
-2603
-2882
-1938
-625
-278
-1373
-2643
-3078
-2848
-2564
-1989
-816
249
444
-303
-1056
-928
-40
699
997
1371
1920
2224
2030
1668
1607
1815
1910
1729
1553
1577
1506
1257
981
606
59
-579
-810
-333
221
134
-582
-1374
-1777
-1702
-1265
-480
291
363
-287
-874
-517
412
1059
1350
1755
2326
1985
726
-12
713
2161
2566
2059
1671
940
-1450
-5222
-7002
-4313
398
2303
-398
-5227
-8908
-10639
-10748
-8590
-4177
-233
-433
-4957
-9441
-9526
-5784
-1765
533
1626
2018
1486
749
1293
3674
5854
5946
4822
4762
6295
7359
6917
5947
5020
3573
1685
1202
3513
6252
5251
332
-4238
-4978
-2681
-562
128
645
794
-1322
-5078
-6825
-3878
1466
4095
2510
-315
-1270
-431
468
1366
3071
4792
4647
2668
1218
1966
3781
4104
2624
1034
512
998
1757
2365
2351
1099
-1234
-2986
-2481
-264
1504
1496
174
-1557
-2984
-3587
-2747
-312
2070
2376
521
-1597
-2280
-1477
-332
269
622
647
-79
-1202
-2009
-1746
-1067
-1311
-2200
-2635
-2223
-1499
-1381
-2014
-2714
-3220
-3322
-2812
-1664
-272
320
-274
-1221
-1277
-326
932
1928
2370
2280
1868
1437
1420
2001
2692
3063
2917
2327
1614
950
937
1572
1890
1215
-178
-1096
-949
-372
-171
-338
-518
-599
-1038
-1875
-1848
-621
545
505
-428
-578
406
1168
1151
1155
1846
2411
1753
499
440
1850
3062
3072
2344
1443
-388
-3784
-6270
-4753
-114
3037
1306
-3699
-8067
-10086
-10413
-9031
-5070
-500
527
-3696
-9557
-11301
-7971
-3239
-318
957
1728
1416
-185
-1219
637
4272
6158
5307
4015
4648
6141
6319
5373
4638
4161
2807
1394
2161
4913
6060
2882
-2315
-4838
-3462
-1109
94
771
1302
124
-3461
-6672
-5731
-888
3209
3148
473
-1284
-1201
-694
22
1939
4484
5204
3182
841
733
2604
3898
3464
2362
1598
1259
858
933
1827
2308
1161
-885
-1885
-1115
413
999
642
137
-652
-1674
-2172
-1267
558
1739
1332
28
-877
-995
-711
-173
599
913
356
-865
-1872
-1831
-1227
-954
-1338
-1939
-2167
-2192
-2222
-2042
-1833
-1979
-2512
-2854
-2364
-1284
-219
158
-123
-466
-352
331
1073
1791
2270
2301
2084
1856
1860
2069
2490
2844
2673
1986
1158
678
931
1286
1064
398
-459
-996
-1127
-1124
-946
-600
-395
-840
-1898
-2506
-1833
-270
882
851
199
-328
-495
-186
735
2122
3222
2910
1329
83
318
1616
2841
3410
2812
499
-3265
-6130
-5119
-860
2540
1658
-2738
-7254
-9924
-10657
-9284
-5296
-650
428
-3866
-9908
-11977
-8701
-3669
-426
918
1462
934
-1078
-2603
-887
3395
6610
6385
4464
3817
4656
5250
5085
5208
5523
4728
2893
2023
3264
4650
3599
628
-1566
-1831
-1232
-731
105
1317
1100
-1542
-4643
-4991
-1936
1427
2326
1275
-30
-987
-1635
-1394
736
3686
4930
3501
1004
42
990
2508
3436
3339
2517
1229
44
-55
1054
2357
2635
1571
-6
-1136
-1332
-523
732
1376
868
-275
-1098
-1179
-833
-227
529
899
458
-475
-1018
-750
-112
110
-448
-1195
-1484
-1516
-1593
-1612
-1576
-1832
-2399
-2860
-2767
-2035
-1552
-1756
-2258
-2597
-2541
-2356
-1672
-399
519
539
-218
-710
-75
920
1512
1760
2014
2247
1938
1210
898
1548
2440
2397
1549
830
898
1461
1471
734
-3
-381
-494
-521
-492
31
642
294
-1076
-2411
-2212
-492
1271
2018
1571
486
-668
-1330
-699
1193
3140
3535
2217
539
-377
-82
1169
2644
3280
1613
-2191
-5296
-5017
-1601
1348
1181
-1289
-4417
-7332
-9536
-9233
-5329
-456
876
-2880
-7977
-9818
-7841
-4614
-1826
388
1561
770
-1926
-3629
-1613
2572
5337
5297
4050
3267
3077
3118
3685
5064
6104
5476
3671
2455
2628
3060
2725
1965
1368
780
-93
-573
-169
514
293
-1068
-2117
-2081
-1312
-401
136
450
291
-645
-1436
-1003
521
2076
2623
2190
1414
631
396
1139
2547
3553
3057
1475
224
-70
501
1653
2652
2856
1680
-399
-1517
-849
782
1779
1749
1254
554
-306
-1297
-1180
312
1539
1362
102
-655
-554
-497
-832
-1272
-1101
-767
-1216
-2099
-2457
-2267
-2350
-2893
-3323
-3028
-2212
-1794
-2053
-2416
-2651
-2725
-2531
-1977
-849
306
668
212
-430
-518
-106
559
1444
2217
2579
2150
1255
658
762
1426
1930
1926
1568
1296
1120
771
498
413
298
83
-279
-406
162
712
552
-348
-1436
-1673
-990
121
1153
1494
980
-208
-1309
-1369
-310
1165
2254
2392
1460
-40
-1121
-1067
156
1640
2114
1391
-125
-1826
-3011
-3111
-1692
158
695
-631
-3076
-4948
-5465
-4861
-3518
-1806
-694
-1341
-3355
-5200
-5469
-4168
-2351
-938
-126
145
-328
-1131
-1319
-507
795
1816
2250
2405
2592
2598
2367
2427
2718
2871
2891
2809
2924
3062
2721
1939
1276
1132
1185
1209
1428
1770
1685
684
-681
-1154
-429
747
1347
1160
753
259
-457
-948
-506
836
2071
2003
899
-62
-169
261
439
454
610
763
663
223
-170
-42
218
14
-282
-210
151
530
639
506
219
-159
-444
-335
189
783
1181
1045
425
-201
-674
-881
-613
-28
366
189
-538
-1551
-2297
-2378
-2040
-1415
-795
-516
-703
-1590
-2611
-2943
-2362
-1184
-172
393
544
91
-738
-1265
-989
72
1249
1863
1839
1357
730
161
54
677
1473
1722
1394
998
702
375
-35
86
758
1096
595
-373
-699
-167
416
387
-9
-205
-274
-539
-628
-26
775
920
159
-715
-845
-369
185
526
732
610
-143
-898
-904
-238
264
22
-506
-845
-1065
-1337
-1384
-757
0
-223
-1432
-2418
-2368
-1752
-1404
-1278
-896
-580
-1012
-2017
-2526
-1827
-748
-370
-548
-635
-462
-507
-835
-745
-104
520
572
184
106
553
1036
1151
1073
960
805
717
917
1331
1501
1407
1080
801
780
857
1126
1355
1443
1239
716
457
677
1047
1235
1192
1027
920
944
937
934
935
989
1078
917
659
577
657
693
385
-213
-570
-386
6
231
170
-197
-657
-1098
-1452
-1361
-771
-126
147
-160
-744
-1101
-1068
-759
-402
94
388
321
179
-81
-200
-266
-311
-173
4
200
234
106
-213
-678
-929
-901
-495
-20
135
17
-579
-1220
-1563
-1424
-536
363
657
354
-161
-589
-935
-1014
-605
266
1035
1072
474
-195
-448
-352
-139
204
741
1244
1031
213
-362
-281
202
534
592
642
693
358
-105
-120
395
893
720
334
209
432
744
627
415
369
387
232
35
303
857
1216
892
-21
-786
-799
-333
59
202
-56
-520
-1143
-1848
-2081
-1534
-709
-431
-977
-1798
-2288
-2454
-2205
-1554
-843
-411
-602
-1122
-1416
-1291
-704
-156
129
430
480
230
24
146
666
1082
1137
1065
1015
1092
1086
990
989
1026
1023
918
787
653
657
650
389
148
95
255
558
608
379
103
-132
-196
-102
204
588
811
674
255
53
51
231
580
774
827
703
447
210
113
235
308
171
56
99
232
269
114
-141
-311
-405
-577
-482
-76
286
274
-159
-567
-695
-596
-427
-183
212
476
264
-313
-795
-838
-744
-649
-320
84
234
-153
-831
-1254
-1227
-843
-399
81
441
184
-559
-1207
-1135
-571
-77
418
752
771
422
-332
-673
-214
385
781
820
734
655
207
-304
-396
49
739
895
548
247
77
55
150
222
225
183
-2
-189
-137
71
295
374
290
15
-421
-554
-220
293
495
227
-109
-266
-128
119
232
486
710
394
-217
-606
-473
134
617
564
226
-177
-644
-959
-974
-629
-160
-145
-368
-712
-1261
-1549
-1460
-1066
-550
-295
-444
-716
-891
-923
-838
-590
-52
390
481
289
-114
-220
182
589
894
1047
911
623
326
217
305
700
1181
1307
993
265
-244
-258
-119
123
390
546
496
158
-155
-155
40
108
-3
48
187
380
547
453
375
353
280
138
214
528
665
591
320
114
60
6
27
146
176
83
-101
-312
-421
-543
-554
-275
-25
16
-199
-459
-400
-318
-391
-405
-323
-86
113
-36
-211
-114
-12
-147
-327
-270
-43
149
80
-112
-200
-248
-368
-600
-590
-248
37
24
-188
-452
-595
-538
-492
-246
193
393
419
242
-65
-79
93
348
675
819
771
481
175
51
131
370
451
478
404
141
-161
-405
-373
-151
106
206
134
-39
-185
-247
-357
-228
92
383
425
166
60
175
310
316
243
365
545
462
235
36
111
410
379
202
155
200
226
58
-101
-66
12
-169
-433
-499
-395
-284
-257
-261
-384
-622
-864
-891
-648
-267
15
-122
-416
-604
-766
-714
-333
41
217
91
-237
-350
-238
-53
158
389
387
110
-232
-301
1
266
485
536
410
261
83
40
169
457
656
487
272
231
215
211
233
385
586
525
332
194
113
194
172
188
415
433
277
-21
-209
-64
20
27
82
122
79
-104
-451
-573
-403
-319
-208
-146
-238
-339
-430
-529
-497
-371
-373
-346
-265
-228
-224
-254
-269
-209
-142
-221
-223
-8
239
281
57
-134
-145
-52
12
41
33
-49
-151
-200
-174
-61
156
248
139
-73
-209
-106
-26
51
217
212
108
-31
-148
-85
-58
37
162
147
124
-82
-222
-141
-52
19
19
23
0
-11
-17
-139
-114
-20
14
58
108
265
326
345
278
154
175
149
363
681
759
689
460
210
48
127
441
721
765
473
44
-304
-417
-272
-56
178
238
-32
-350
-445
-444
-324
-144
-131
-28
-51
-237
-245
-165
-17
-29
-27
91
72
48
-35
-136
-154
-175
-186
-143
40
326
416
214
37
-6
18
-1
17
217
385
441
357
132
-60
-127
-152
-176
-145
-24
72
74
-82
-311
-379
-335
-177
-16
32
70
58
-50
-254
-396
-368
-208
25
120
-10
-179
-378
-526
-541
-526
-345
-143
-101
-120
-176
-217
-202
-171
-145
-39
139
181
133
210
203
26
-72
25
189
333
363
218
117
10
-170
-211
-62
147
220
128
12
-23
51
119
170
146
98
109
-15
-47
8
67
132
119
88
-54
-25
88
100
161
146
76
70
155
234
261
317
332
186
-48
-195
-89
186
287
206
12
-257
-388
-408
-346
-139
-24
-160
-341
-405
-459
-462
-376
-227
-16
-7
-192
-368
-363
-255
-204
-113
11
119
182
86
-40
34
255
392
335
313
355
395
327
211
302
450
469
358
179
141
196
125
62
-42
-130
-122
-71
16
42
68
5
-110
-142
-189
-131
29
104
114
35
-122
-167
-64
-21
-81
-74
-40
-52
-123
-251
-285
-227
-155
-95
-46
10
-51
-244
-414
-437
-276
-56
50
64
-29
-66
-99
-259
-197
46
228
253
74
-22
122
220
247
234
341
522
341
81
-63
-71
81
132
113
95
-3
-157
-266
-233
-82
38
41
-50
-65
28
7
31
143
151
145
66
45
158
274
263
131
63
-16
-68
-95
-82
-56
-106
-123
-150
-97
-18
-63
-163
-254
-232
-114
30
110
33
-63
-208
-313
-249
-295
-200
-15
-51
-97
-196
-258
-179
-176
-136
-91
-17
135
36
-62
-81
-29
123
171
236
259
196
53
-56
-57
33
126
34
-13
-58
-118
-104
-50
5
37
156
57
-7
63
45
106
137
162
197
153
139
197
240
316
254
33
2
-42
-19
89
105
209
250
167
-42
-149
-27
29
98
100
27
32
0
-47
-109
-124
-103
-204
-224
-146
-95
-110
-205
-205
-246
-275
-211
-172
24
96
-21
-86
-245
-219
-26
30
78
99
66
-65
-280
-346
-207
-32
66
107
54
3
0
-79
-96
152
407
399
325
276
239
289
428
479
418
347
300
246
193
192
156
104
46
4
-29
-58
-6
-13
-119
-201
-205
-51
41
0
-59
-164
-148
-182
-260
-199
-103
-10
-126
-300
-281
-201
-185
-170
-64
-10
4
-22
-76
-48
-84
7
108
50
70
-30
-121
-96
-159
-126
-101
-175
-122
-65
-144
-157
-144
-216
-224
-123
-55
-16
112
203
129
-3
-121
-64
132
115
128
189
70
48
14
7
-2
-60
0
22
87
99
3
-137
-277
-251
-99
-41
29
105
-71
-165
-132
-132
30
246
225
97
31
-40
-32
22
162
347
450
376
102
3
33
127
287
288
200
101
-47
-121
-124
-101
-18
-13
-13
-76
-184
-246
-206
-40
10
-6
-46
-74
-18
7
20
-5
-18
3
-35
-35
27
91
90
13
-3
16
-19
-34
35
48
29
7
-17
-20
-143
-126
-110
-48
182
107
7
14
32
91
14
30
141
123
99
29
13
128
174
150
38
-25
-15
46
2
-80
25
45
20
16
4
-8
-20
-31
-15
77
51
-5
5
-22
-18
42
61
27
7
-22
-74
-152
-105
-69
-145
-77
-56
-91
-106
-153
-206
-163
-86
-108
-27
39
43
-51
-175
-172
-214
-152
-36
-21
-20
-19
7
-41
-93
-58
-36
-44
11
100
135
172
148
75
94
96
112
173
210
182
96
63
-17
-21
17
-17
37
89
48
-18
-115
-112
-8
27
67
53
1
-30
-86
-114
-142
-104
-49
-39
69
70
-72
-118
-174
-158
-4
48
19
62
67
37
84
57
81
155
115
185
166
67
4
-100
-51
-34
-11
61
29
-56
-166
-137
-26
12
61
40
62
59
-56
55
127
102
87
11
-13
-76
-96
-1
54
17
-25
-113
-182
-175
-192
-89
41
38
-9
-66
-152
-195
-58
81
159
118
-31
1
-28
-110
-53
2
28
-9
-73
-136
-70
24
7
103
226
215
147
29
-15
54
154
179
185
235
181
207
156
-20
-3
-53
-57
50
-27
-8
75
12
-10
27
41
25
13
38
21
-72
-59
-69
-12
123
103
64
-55
-151
-164
-151
-116
-80
41
80
53
-60
-153
-120
-135
-22
81
51
86
18
-59
-26
-67
25
66
-43
-63
-114
-141
-104
-144
-138
-80
-148
-173
-162
-186
-215
-192
-14
4
-48
10
-100
-165
-131
-138
-88
-66
4
99
100
79
40
65
203
256
141
60
121
165
216
288
289
275
230
92
27
111
189
195
177
149
63
-11
-47
4
79
40
7
-58
-170
-162
-59
16
111
132
31
-52
-179
-201
-94
4
-19
-62
-47
-93
-86
-136
-156
-134
-172
-123
-73
-36
17
26
7
-30
31
133
70
87
117
68
84
11
0
48
46
47
-13
-20
-31
-71
-63
-36
46
78
133
109
-70
-29
-46
-140
-25
23
15
7
-32
-63
-66
-81
-120
-104
10
16
-79
1
20
-2
33
-31
-16
-4
7
158
174
101
70
90
172
185
125
100
80
-3
-37
-16
14
22
67
47
0
26
-57
-80
-86
-142
-42
48
6
-27
-109
-227
-135
-79
-202
-146
-108
-111
-48
-47
-15
-5
20
-21
-76
-7
25
60
83
50
102
109
40
86
95
33
40
-19
-48
14
-10
-18
28
11
-4
-6
-30
-28
18
37
8
59
62
41
98
91
63
31
0
-8
-23
27
123
117
123
121
31
20
-82
-105
2
5
80
114
86
16
-54
-23
-76
-95
-116
-66
20
29
71
-51
-66
13
-36
-80
-96
-1
29
-2
-8
-3
11
-37
-12
29
-15
-110
-138
-93
-37
47
54
75
87
-2
-91
-158
-201
-179
-92
-6
19
-10
23
-1
-56
18
10
-66
-126
-79
30
46
33
81
120
63
45
14
82
160
40
29
-10
-59
-75
-74
55
62
23
18
-12
-23
-6
-3
-64
-21
66
77
59
42
88
225
208
32
88
36
-40
29
-21
59
90
87
155
62
-13
-147
-232
-95
-76
-100
-137
-92
34
-76
-79
34
-34
-61
-36
-81
-101
-94
-66
-10
34
45
48
34
-2
-14
31
4
23
123
132
150
123
173
205
76
94
90
-36
-49
-19
-60
-7
89
0
-100
-64
-4
-46
-91
11
3
-118
-42
-28
-117
-35
-9
-66
-63
-6
-38
-173
-141
-81
-108
14
100
78
24
-70
-37
-168
-172
34
-19
79
203
151
152
64
49
61
-18
36
44
28
111
60
69
60
-92
-12
-29
-5
101
-31
-7
32
-35
-22
51
90
55
-53
-99
-63
-109
-71
-85
-34
112
-26
-105
-151
-230
-179
-136
-34
119
115
-35
-61
-60
-80
-63
-82
12
74
69
166
121
0
40
3
-1
13
-9
78
22
49
80
10
64
39
12
60
16
30
57
-75
-40
15
-76
-1
32
-33
-17
-99
-96
-66
-37
34
-45
-24
-59
-109
8
11
58
101
38
57
22
-66
-93
-33
30
27
7
44
79
39
101
63
-68
-60
-128
-101
24
136
223
174
129
60
-85
-144
-92
-47
15
53
79
66
-13
26
88
-22
-68
-117
-143
-60
-114
-44
63
153
132
-29
-33
-144
-242
-160
-131
-16
117
59
108
82
-38
-6
-83
-94
-47
-16
125
134
95
196
123
-9
-24
-71
24
86
-3
92
135
41
70
-5
-46
-66
-91
0
-43
23
82
2
38
-6
-77
-75
-92
-38
-8
8
-12
-24
74
-3
-114
0
-42
-126
-53
-103
71
145
17
139
71
-27
-29
-158
-46
45
79
252
118
41
47
-103
-129
-95
-39
-35
-50
92
162
52
82
120
-31
-67
-66
-90
18
-29
36
124
-12
70
-31
-140
-37
-207
-237
-189
-170
33
13
20
74
-49
-85
-146
-168
-85
-45
-3
59
99
45
13
28
-49
52
92
55
126
56
82
37
39
155
52
7
30
70
125
140
127
120
145
-2
-19
79
-56
-88
-71
-69
39
50
119
183
33
-26
-133
-178
-155
-311
-122
39
27
115
32
32
-67
-111
-105
-165
-46
-70
36
146
12
23
111
-14
-81
-69
-76
-72
-186
-12
139
46
95
34
-56
-23
-107
-41
-31
-127
0
22
49
180
76
-8
37
-115
-124
-61
-105
10
86
134
151
53
97
154
37
45
31
-35
8
-26
30
9
-18
56
4
70
-23
-159
-11
-45
-57
-3
-95
-21
55
58
91
42
35
27
-47
66
97
10
131
134
31
89
-39
-101
39
-50
-9
34
-9
27
-60
19
26
-76
-21
-21
-7
10
36
25
-47
-21
-42
-114
-86
-65
-96
0
64
30
13
-16
45
-71
-215
-156
-190
-152
-20
69
131
126
79
59
-36
-91
-95
-137
-45
-28
23
148
99
120
155
120
18
-74
-64
-51
28
160
225
173
106
28
-19
-18
-166
-125
71
17
-4
67
-16
-36
-21
-64
40
-11
-97
-70
-148
-22
-17
-74
64
36
14
-36
-18
57
-89
-85
43
-2
0
11
-37
18
-9
-19
71
102
123
93
41
-10
-50
-35
-70
21
102
95
194
69
-87
-103
-151
-102
-40
-24
52
58
94
89
-20
2
-31
-65
-138
-162
-71
-13
86
125
104
78
70
15
-69
-52
3
-36
9
71
91
124
62
43
-55
-136
-91
-123
-91
7
24
64
118
18
-52
-22
-74
-29
-1
-44
22
-2
-43
10
41
58
37
22
28
-28
-54
-32
-27
-27
5
-51
-101
58
-24
-77
85
-9
-21
-14
-51
66
13
-47
56
26
-39
51
22
-34
22
-45
-51
-15
-55
-3
41
67
46
43
84
-1
-10
-10
-51
-53
-43
5
-44
-40
24
-54
-67
5
10
99
70
-32
4
-51
-78
-27
-7
-8
51
54
111
127
-29
-57
-82
3
5
-41
35
-8
2
11
14
99
73
47
-15
-76
41
-1
-63
-39
-5
81
-9
-20
70
-12
-45
-2
-6
8
54
98
68
0
-22
-29
-55
-26
-33
-61
-15
-74
-57
-18
-36
0
2
78
76
-11
-41
-92
-128
-60
-29
47
102
68
102
-13
-30
50
-45
-73
-16
11
8
22
19
56
42
-26
72
-18
-30
37
-76
-14
18
12
47
75
65
71
17
-54
-22
-111
14
121
-8
21
10
26
-7
-48
69
28
0
37
47
73
-43
-80
-16
-46
49
46
-47
29
-25
-100
61
48
-59
-97
-77
39
36
78
44
-24
21
-102
-120
-53
-161
-64
47
-75
43
70
-33
75
-10
-58
-43
-163
-15
0
-68
143
80
24
41
17
47
-58
-120
-32
50
97
134
45
23
0
0
16
-73
-8
-15
60
158
69
96
54
-30
-7
-7
-21
24
5
9
46
1
77
20
-87
-88
-172
-77
9
-61
39
38
14
43
-56
-53
-95
-67
13
25
-9
43
81
-63
43
-7
-81
0
-125
31
87
40
144
37
42
52
-15
-1
-7
17
51
37
104
87
43
81
35
4
-40
-78
-56
-45
-65
-45
-46
22
-67
-109
31
-175
-58
22
-134
25
-73
-73
6
-17
115
12
-1
97
0
63
97
-21
11
-2
-88
-5
-37
-17
53
13
98
-2
-95
-1
-13
-9
1
-8
109
12
-129
4
-28
0
60
-21
123
72
-20
86
39
-6
-14
3
38
-80
-137
-62
-33
28
-61
-88
-16
-30
-36
-102
-5
54
-58
-59
89
48
-2
69
-10
14
-12
23
158
72
101
74
-12
97
-14
-129
-92
-83
42
10
25
75
-50
22
1
-15
63
-50
-39
13
19
79
33
9
85
-15
3
56
-60
140
114
0
141
17
-6
32
-29
-9
-119
-189
-21
-12
-77
33
0
-21
48
5
-59
-113
-89
-27
-38
32
99
4
15
-12
6
119
-40
-24
-2
-76
68
-46
-77
0
-101
-41
-28
-77
-53
-28
6
3
-25
7
32
27
28
27
25
-36
-57
26
6
-7
121
52
46
75
-130
8
69
-28
65
-23
6
38
-51
23
16
-38
38
25
26
8
-78
31
62
91
104
-15
30
-5
-16
81
20
-8
42
31
32
12
-21
71
20
-54
3
-57
-12
38
-45
-39
-51
-96
-71
-70
-8
83
-1
-21
-20
-38
64
-40
-62
69
16
15
0
-20
-1
-42
42
52
-75
-101
-63
-50
-7
55
4
-13
8
-15
-47
-55
11
36
-2
-29
-3
26
26
34
27
6
6
-13
-37
45
72
-39
29
24
-89
-9
-74
-44
66
-29
46
-32
-130
76
-43
3
125
-72
28
31
-6
101
35
34
68
68
41
-35
15
48
46
122
31
-24
51
-3
-84
-3
65
-28
-35
-29
-44
5
-32
51
39
-70
15
-76
24
100
-94
20
-23
-42
52
-63
15
26
-19
17
-21
0
16
-19
-60
-38
-3
-82
-111
-61
-75
-52
12
6
-58
-20
42
4
51
97
53
-8
-12
-3
-32
63
81
28
68
3
-15
12
21
-3
-68
-86
-39
-62
-79
12
-52
17
81
-86
14
50
-60
71
46
21
86
-57
-15
-1
-9
108
-24
24
77
-15
119
59
7
54
-11
30
-48
-100
-11
-23
0
-21
68
111
-62
24
17
11
69
-88
-10
-28
-85
71
37
-27
-60
-97
-12
81
44
-20
-20
-49
-51
-65
-77
-37
-65
-13
38
-5
18
14
-48
-21
6
-10
34
-42
-66
19
3
91
86
-3
10
21
32
-18
0
81
10
-75
16
67
32
23
-41
-33
-52
-19
84
21
52
51
-16
30
-67
-94
2
-31
112
83
-93
106
42
-77
63
-17
49
48
-84
41
-69
-76
87
-37
-22
-66
-110
51
-25
29
44
-106
45
1
-49
37
-94
22
88
-72
103
55
-61
127
44
36
16
-157
-26
22
-55
-4
2
-19
-27
-79
-46
29
-2
37
36
-37
4
-1
12
80
-25
-38
38
-28
-4
25
6
45
19
26
-20
-43
-2
-39
20
22
33
-10
-110
1
11
-68
-41
-27
-21
42
-17
65
140
-33
98
23
-110
48
-48
-10
53
-135
-48
47
-25
102
19
-28
108
7
22
1
-113
4
63
-28
40
-37
-177
24
49
-7
34
-57
-49
38
-3
30
83
-98
-11
55
-73
32
-108
-58
104
-77
0
36
-94
11
56
-6
118
92
57
94
-32
54
33
-147
-59
-35
-140
-65
97
12
-54
35
-9
57
46
7
129
-40
-17
119
-83
56
87
-78
111
18
-118
-22
-116
-100
63
12
27
62
-105
29
-23
-184
98
-48
-41
140
-43
90
80
-86
30
33
12
12
-80
42
110
-16
30
39
-51
17
18
-34
-25
-102
-81
15
85
66
-17
73
10
-24
18
-113
-24
-36
-45
74
-15
-19
28
-31
23
59
-23
24
-111
-93
91
-37
32
54
-111
-16
14
-94
8
-26
-84
65
-31
16
86
-43
40
31
9
48
-83
-54
64
-29
-6
10
8
39
-36
79
40
-23
20
-33
2
-64
13
139
0
0
65
-57
-83
15
-46
-71
20
-10
-1
31
18
35
16
47
-24
-29
19
-41
58
73
47
53
-27
-15
49
18
-41
-13
-13
-9
-14
-14
35
-62
-64
95
-53
-96
30
-52
101
135
-19
11
0
0
15
-17
-35
-12
-12
-67
-15
9
9
52
-19
-1
-101
-179
-8
-32
-21
82
29
-2
10
3
66
71
13
48
-14
-30
25
-34
-73
-58
21
36
49
-27
-126
73
54
-40
39
-64
-87
-17
1
67
-1
-99
22
-38
-105
59
-9
43
101
-49
60
35
-32
88
-16
-7
25
-83
52
-1
-97
75
8
-31
17
-58
-11
-22
-107
84
125
14
82
34
70
71
-91
40
15
-123
27
25
55
78
-33
16
6
-15
-13
-44
-6
-28
-44
13
-48
-2
72
-58
-7
-29
-71
10
-42
62
125
10
20
-19
-34
5
-122
-20
69
-85
51
30
-61
77
-97
-46
108
-29
-20
-75
-61
79
16
-10
65
7
-42
7
24
39
18
-102
11
91
-33
-9
-28
25
5
-85
63
60
-82
-7
62
-15
22
13
-49
-19
1
0
18
26
-2
5
-29
-21
84
-16
-59
38
-2
41
48
-22
-3
-25
-41
70
-41
-65
71
-55
50
54
-25
99
-35
-65
49
-24
-49
21
-69
-44
6
-86
48
-15
-74
140
13
33
148
-108
-35
62
-50
101
40
-70
53
-60
-52
67
-108
-38
21
-162
9
-1
-52
76
0
104
101
-30
39
-10
-58
9
-3
20
67
56
-50
-54
0
-68
-17
-45
-75
23
-16
20
78
18
-13
-8
-42
-22
72
-119
-46
31
-127
130
68
-32
104
-57
7
62
-87
24
-13
-88
88
-48
-123
58
-58
12
79
-78
32
19
-8
59
11
38
49
33
-4
-1
-29
-28
8
18
42
-14
16
-41
-18
79
76
80
-3
11
11
11
6
-4
-12
-59
1
-24
38
75
-26
92
55
-69
-18
-71
-38
-57
-75
69
-50
-23
30
-81
72
62
-82
20
3
-72
23
-34
-23
26
-80
-19
-31
-101
-40
-52
-6
29
-13
27
40
-43
27
60
27
99
-57
-83
10
-7
70
13
-93
55
76
39
76
-74
-21
27
20
16
-20
67
9
10
30
-11
-6
0
56
43
41
16
8
39
-49
-17
-20
-46
-9
-66
32
51
36
76
-57
17
39
-105
-31
-85
-45
74
-61
17
0
-150
-5
-16
-22
40
-70
3
81
-75
20
48
-76
12
12
60
73
-41
23
61
-30
9
-69
-167
-2
-36
-18
31
-67
78
72
66
158
36
26
25
28
73
-50
-22
58
-53
10
-13
-76
44
-54
-72
12
-8
67
25
-9
95
23
2
74
-26
-64
-26
-66
4
-3
-69
42
-54
-91
35
-66
10
26
-99
72
54
33
30
-163
8
20
-75
85
-47
-3
85
-37
54
-39
-118
24
3
-25
-18
-78
53
75
-14
124
64
51
63
-81
35
16
-43
92
7
-11
31
-77
28
49
-16
78
2
0
88
-32
-54
38
-28
16
96
-51
-13
58
-46
-33
-42
-22
2
-23
36
2
8
32
-19
33
-60
-141
-16
-30
-69
-21
-42
5
-12
-62
23
-21
-10
-33
-91
91
74
-30
45
7
-15
96
-36
-55
27
-133
50
45
-120
42
-31
99
107
-98
117
35
0
115
-43
83
38
-95
82
34
21
60
-36
33
48
-53
-31
42
20
-38
10
21
-60
-28
3
27
40
-3
-33
19
40
-87
-44
22
9
76
-40
-38
46
-137
-58
-1
-62
33
-98
-17
106
-49
53
103
-21
39
5
-57
22
-79
-43
52
-72
-22
21
-27
2
-13
43
109
1
67
110
-46
-35
-10
13
26
-65
6
82
-34
-50
3
-7
-6
-28
15
0
-26
56
12
57
94
-2
19
-56
-74
-8
-118
-48
54
45
60
-1
-5
10
-44
14
37
-64
4
47
-38
28
2
-77
1
-29
2
-11
-104
33
20
-24
143
64
5
86
-21
-13
7
-57
34
-60
-116
68
-9
20
93
-40
71
-21
-35
171
-89
-63
47
-96
51
34
19
49
-101
-5
38
-11
46
-108
-42
92
-58
64
83
6
72
-82
-6
26
-130
-7
-39
-58
57
-29
-17
45
-25
29
14
-24
81
-10
-53
-1
-63
48
46
-18
162
-24
-147
37
5
68
32
-78
102
0
-121
0
-61
4
30
-13
88
6
22
117
6
-3
-30
-43
14
-59
-42
-35
-39
36
37
0
31
29
7
71
27
7
-7
-87
-16
-36
-65
30
-27
-77
4
-6
10
29
-14
36
7
-7
15
-75
0
77
0
63
-21
-59
71
3
49
26
-60
4
-30
-12
12
-31
13
2
35
34
-57
33
52
58
-11
-58
64
5
5
44
15
45
34
-10
-74
-69
-51
-34
67
75
47
2
-34
-12
-37
0
-23
-31
31
-18
-59
-3
32
-43
-44
18
17
-21
-31
3
35
-22
-16
46
-35
7
13
-35
25
-17
-8
43
6
74
15
-108
29
4
-124
-37
-24
-1
87
4
75
57
-37
89
-30
-45
77
0
58
35
-56
27
-52
-7
66
-114
-74
-12
17
56
-39
19
33
14
88
-9
-59
-4
-57
-17
33
-27
51
12
25
57
-128
-7
39
-111
41
-20
-22
94
-63
48
6
-75
133
0
-38
56
-72
35
43
-121
-3
-17
-10
158
-14
0
59
-62
76
-72
-91
91
-33
0
31
-27
91
25
-44
99
32
36
40
-58
-54
-74
-23
10
-17
45
46
-43
-10
45
29
47
6
-19
-27
-86
18
-17
-67
25
-45
20
30
-34
49
-16
-29
41
-18
11
-13
-30
39
-32
-55
3
-28
-93
-60
-20
39
17
-20
44
-34
-65
1
52
106
44
78
21
-145
-2
-21
-69
70
10
3
-56
-93
61
17
-31
21
65
141
62
-15
-4
-52
-6
57
-36
-28
22
-58
-65
18
30
47
108
49
-24
31
18
-23
-20
-54
-63
20
132
