46
0
-69
-47
-98
-119
-64
-13
16
33
-13
-32
-14
-65
12
53
6
-24
10
126
43
-69
-24
12
33
35
-16
-4
50
6
-1
9
25
-6
-126
-58
23
-23
-42
-15
6
-31
-10
54
83
56
28
28
-14
-24
16
62
4
57
102
26
99
70
37
33
-35
-2
-60
-12
22
-135
-95
-24
22
99
16
-36
5
-63
-5
40
8
75
7
-35
-26
-41
-12
-16
13
25
1
-23
-27
-1
-86
-95
-54
-112
-60
5
2
2
-15
6
-68
-79
-51
-121
-58
-42
-52
-44
-20
53
2
-38
-28
-61
-24
28
-9
-19
-22
-32
-30
-34
-22
-54
-14
43
-51
-18
74
5
-38
-11
32
53
71
94
102
88
31
0
-15
45
115
63
52
93
98
101
-29
-81
19
-31
-32
16
46
30
-20
24
63
69
-10
-48
44
-8
14
61
-20
-11
-33
1
51
-2
-38
-25
-4
12
76
79
32
34
6
4
3
-50
-50
-22
-39
-18
18
-5
-30
-8
38
9
-22
26
15
-36
-90
-105
4
9
-47
0
26
-17
-53
39
21
-74
-13
-48
-91
-94
-57
47
-3
-14
-19
-56
-6
-18
-24
-28
-16
89
70
-26
-47
-65
-35
-4
35
31
-14
35
65
16
13
-13
-36
34
7
-2
-1
-30
16
26
-32
-17
-7
-43
88
102
-25
45
81
-40
-47
-45
-95
-54
-99
-68
9
26
67
14
48
41
-28
23
12
-27
9
25
6
6
10
-1
-17
-20
-21
11
41
33
-3
-58
-28
36
26
16
29
15
55
47
-35
7
-19
-20
49
-51
-61
4
-18
29
23
-7
11
-41
-35
-23
4
20
-44
0
1
22
93
14
-41
1
-6
-31
33
7
4
59
-58
39
126
15
30
-40
-60
-10
-25
-18
-30
-54
-54
-55
-9
50
-16
-67
-41
-84
-105
31
116
53
51
-22
-67
-17
-19
1
-42
-51
-36
-36
-24
-62
-71
-61
1
18
-48
-85
-45
31
68
71
11
-42
-3
33
-37
17
84
2
32
55
23
5
10
39
34
-11
-54
-7
34
-5
-14
-30
7
88
20
14
50
2
51
0
7
91
25
46
56
36
8
-43
-41
-63
-62
-71
-49
18
-5
34
99
-9
41
103
-18
13
11
-8
5
-47
15
38
70
88
-2
32
17
-19
39
33
-68
-93
-13
34
-5
-56
-38
-51
-9
-30
-18
14
-21
15
-24
-24
-68
-114
-43
-14
-29
-40
-51
-79
-23
48
37
6
26
-21
-71
-22
14
-22
-45
-10
-14
5
-46
-41
36
-12
15
36
-3
64
59
-60
-30
42
-13
-32
-17
-25
-30
-41
-13
4
-42
-4
6
-30
-2
-17
-88
-111
-31
7
24
17
23
7
-32
34
33
11
44
35
-20
40
101
29
71
32
5
122
45
25
41
31
59
10
45
44
42
33
-38
21
71
51
29
-29
-47
44
55
-5
-7
44
94
10
-55
0
-13
-69
-42
-44
-18
-37
-68
59
53
-18
23
24
-12
-75
-48
31
30
1
-53
-22
6
4
6
-23
-12
6
9
-31
4
13
-54
-29
7
42
0
-28
42
24
-23
-41
-14
-9
-47
-34
6
-6
-84
-84
-59
1
35
-4
-7
0
17
-9
-24
2
-2
-9
-10
-44
-15
-24
-33
28
-12
10
35
-32
-49
-24
-22
-27
5
11
18
-22
3
4
-34
34
-10
10
70
35
38
28
45
47
51
40
35
54
-32
-71
-18
-15
-51
1
96
74
62
44
23
106
72
-14
1
-18
-20
29
38
61
60
20
26
16
-37
-37
-19
-17
26
48
-10
-35
-29
-25
18
-1
-1
-6
-72
5
21
-14
0
9
66
0
-38
31
46
45
33
-30
-72
-68
-73
-35
10
-8
40
117
4
-96
24
33
-39
19
62
37
29
-9
-19
13
-9
69
72
-47
-23
30
61
1
-11
40
-35
25
35
2
2
-9
11
-21
44
-48
-16
78
-35
10
-41
-68
-2
-50
-5
6
-34
-25
-57
-36
-17
-36
-36
10
3
-60
-4
-34
-53
-2
31
38
-22
3
7
2
30
19
60
56
-35
-5
-11
-24
81
17
-24
14
-65
36
66
-44
0
-35
3
82
-15
-9
31
-27
-40
-24
19
31
18
32
6
40
44
36
50
30
24
-30
20
45
-11
-17
-7
64
67
47
98
33
-20
-60
-68
8
-49
-27
49
-73
-82
-1
-6
0
-30
-58
-67
-74
-77
-84
-49
-17
33
43
16
88
14
-75
27
33
33
56
29
39
20
3
9
-21
-42
2
37
31
1
-13
4
59
69
-42
-98
-54
-19
-11
17
6
-32
-14
4
36
18
-71
-20
0
29
85
-17
10
7
-85
-61
-12
36
2
-11
14
-17
36
65
16
13
-25
9
26
-22
6
16
62
50
6
53
32
-23
-46
-80
-4
50
27
70
37
6
50
-30
-66
2
11
40
5
-23
-14
-69
-47
-47
-7
42
-45
-4
23
-69
24
91
105
116
-31
-30
-12
-73
-74
-74
-56
-57
-82
-72
7
18
2
-21
-77
-77
-55
-69
-57
-17
-45
3
6
-24
2
30
50
12
0
30
12
-19
28
19
11
18
1
7
-23
-13
6
14
22
7
25
-22
-20
68
15
-43
-60
-13
3
-65
-20
8
2
32
46
33
-19
24
3
-108
-38
62
85
38
9
59
53
56
58
37
11
-15
2
-11
16
104
98
-12
-13
-7
-23
22
36
17
-17
20
4
-100
-102
-72
-35
-22
-11
-4
-63
-37
2
1
-10
-46
19
24
-25
-34
-46
20
2
9
-1
-45
19
16
-27
-29
-24
-30
1
-19
-52
-35
-54
-46
-6
-32
-55
-46
29
62
-11
26
70
53
0
-50
7
-5
30
56
-25
-77
-102
-42
-37
-14
-4
-84
-81
-65
7
49
32
61
27
59
14
-74
24
60
25
-20
-55
0
43
80
76
1
-6
11
6
-24
-60
32
93
0
22
40
0
45
29
33
47
-12
20
27
-67
25
99
4
4
-17
5
22
-39
-20
-17
15
-17
-60
34
19
3
48
-4
-19
-34
-31
-59
-55
58
66
29
6
-45
-48
-27
-6
-1
-22
4
-27
-57
-73
-92
-3
25
-25
-4
21
0
-4
-62
-67
26
28
-32
-82
-62
-1
37
63
38
-65
-50
60
46
54
43
20
37
42
33
30
-23
-89
5
57
86
53
-60
-53
1
14
-62
-37
71
81
35
-41
-56
25
2
-49
-36
0
15
10
-28
-54
0
-40
30
51
-57
-9
17
-4
-25
-32
-25
38
92
48
-38
-72
20
32
17
48
52
90
24
21
74
-19
-66
-6
15
-29
6
11
40
83
26
21
-29
-68
-34
-9
21
12
-25
42
14
-30
32
33
35
17
24
14
9
41
-34
-9
8
-58
-19
-17
6
-20
24
41
-11
36
-16
-41
-28
-33
-23
-50
-65
-70
3
67
26
10
-5
-48
-2
111
49
-18
-20
-11
53
-6
-20
17
53
38
-65
-28
26
-11
6
63
31
28
13
7
65
8
-27
-14
34
57
20
63
43
16
34
20
-22
-94
-42
-3
-22
-11
-7
-32
0
98
57
25
-36
-26
60
-1
28
66
38
35
0
49
81
5
-20
-27
16
-16
-95
-50
-34
7
11
24
45
-30
-19
9
-1
-16
-49
29
46
-33
0
55
71
31
7
-23
-56
-55
-80
-31
39
10
-53
-22
49
26
-1
-91
-73
13
0
51
17
34
66
57
51
16
11
-50
-24
-1
29
-1
-45
43
12
-3
-30
-108
-68
-40
-38
-26
-33
73
141
18
-27
-20
-65
-60
-49
-48
-5
24
4
3
-8
-53
-55
17
-29
-18
94
119
124
39
17
13
-72
-22
92
22
-53
-30
3
26
-13
17
30
18
10
-36
32
12
-66
-1
14
-2
27
-31
-65
54
68
12
-33
-79
-21
9
-16
-103
-63
-24
-40
88
41
-39
-2
-10
-46
7
72
-35
-21
57
0
48
47
-34
-7
-7
39
141
66
-19
-23
0
1
-32
48
59
90
99
-13
-25
-4
12
4
-5
-42
-55
40
53
-25
-12
12
25
45
-51
-37
-9
-75
20
14
-27
37
38
71
6
-71
-8
-27
-45
-38
-59
-72
-47
-1
-75
-77
4
-2
7
13
8
11
-15
17
27
-28
-14
42
-4
-43
-27
-11
11
-69
-43
-37
-75
-4
-60
-89
-29
29
58
16
-13
17
30
4
4
59
73
41
63
93
62
-71
-36
26
-46
-33
-46
-25
-49
-66
-48
-41
-39
-89
-77
-55
-33
-62
-88
-15
28
-18
-42
-50
-16
67
39
14
38
-17
0
63
43
-8
-37
0
-10
-45
-29
-3
-1
-7
-24
-32
26
40
108
104
-22
-21
37
11
-68
-6
-22
-66
-46
-88
20
56
1
0
-28
58
164
151
33
12
6
-51
2
-12
-31
-35
-68
20
19
-27
52
94
18
3
52
44
73
26
-11
90
64
-12
19
26
23
-59
-44
16
-49
59
96
14
5
3
-18
-28
45
68
-2
-47
17
2
-19
25
-12
-28
26
64
10
-2
-49
-75
-11
-23
-19
-20
-4
85
41
-27
-13
-59
19
-14
-48
11
-79
-68
-123
-18
54
0
80
-19
0
30
-26
48
16
-61
-25
39
74
30
-11
1
-17
-9
50
48
-32
9
-3
-76
10
42
15
19
51
82
13
-10
0
-44
21
38
3
17
-8
38
42
44
60
-14
-30
-36
-14
8
13
39
54
-3
-83
-64
2
15
-22
-50
-66
-5
33
0
-43
-70
-52
-58
-77
-37
3
-29
-64
-22
16
-54
-101
-61
-62
-46
49
65
16
29
4
12
16
12
7
-53
-42
23
72
29
31
55
10
34
59
35
18
37
33
-13
-11
-25
5
75
14
47
100
10
-17
35
54
53
4
11
79
11
-6
-5
-62
-2
15
-6
36
16
31
-12
-73
16
-33
-55
-14
-25
12
2
18
34
10
12
-35
-106
-23
20
28
38
2
82
69
-23
-45
-19
22
37
-36
-34
34
-5
27
44
-11
-45
-45
-22
-72
-83
-1
25
2
-37
-53
-18
10
-12
-70
-65
-66
-59
-1
39
46
0
-20
34
44
56
47
-37
7
78
62
2
-27
-2
-17
-35
-9
-1
25
62
-6
-40
10
-4
-63
11
109
77
-17
-9
35
35
61
10
63
112
82
91
-16
-48
49
36
42
83
72
102
55
54
45
0
-5
8
-2
-36
6
5
-10
-15
-3
-22
-18
1
-31
-36
-59
-29
-15
-30
-34
-12
53
7
-9
10
-2
-5
-17
3
-38
-34
8
-18
39
-7
-79
-54
-92
-22
11
-28
-41
-39
11
15
30
16
-13
-16
8
-8
18
35
-25
-15
-69
-88
-28
27
21
62
76
38
21
-99
-54
31
-1
11
73
26
-104
-141
-162
-145
-26
29
7
36
44
9
-47
-48
24
32
0
33
-7
-92
-95
-137
-81
0
-7
-23
-20
28
60
-1
-37
28
-17
-3
46
37
97
105
23
2
-2
-42
-61
-91
-3
42
-12
-20
53
82
19
-5
-50
-29
-7
-4
56
20
14
50
15
-24
-63
-45
-27
-13
3
39
54
-55
-39
8
2
-15
-90
-48
-36
-6
56
49
50
-2
-6
13
39
119
93
46
81
75
16
-10
27
48
-13
19
13
-65
22
54
-32
-16
-44
-10
14
-104
11
74
48
117
46
-20
-3
-12
-36
-33
-25
6
-2
-30
47
106
50
-3
-1
40
56
22
-34
-11
27
-27
-20
0
42
50
-9
18
39
43
18
28
31
-8
42
-6
-7
58
11
4
-12
46
58
3
62
7
-9
12
-1
23
-8
-41
-1
27
18
61
28
-29
-68
-63
-5
-39
-38
24
45
44
33
60
0
-23
9
-99
-53
8
-10
17
27
-28
-40
-29
-37
60
38
3
21
10
10
-32
-6
55
74
41
13
-28
-73
-69
-103
-55
9
-41
-64
-36
7
-56
-96
-69
-74
-30
50
34
-63
3
-27
-58
-4
-37
25
25
-2
-7
15
71
-8
-28
62
16
-35
17
-58
-128
-15
-29
-52
-53
-127
-30
38
60
24
-72
-36
-14
-24
-56
-41
-24
-60
12
45
14
-4
8
33
19
41
28
-25
-19
37
20
-32
-37
1
28
-7
2
42
81
40
-37
16
99
49
-21
-34
-70
-33
-69
-19
58
-71
-126
-31
58
-13
-24
-3
6
56
-12
-8
-6
-27
11
30
77
74
76
67
18
23
10
0
-14
-30
16
36
35
-27
-83
-16
-18
-58
-12
-6
4
90
73
46
62
-15
-51
-32
-11
38
8
-50
-21
-44
-32
48
7
-64
-50
51
50
-12
48
25
9
53
-47
-36
-33
-74
11
16
-8
-40
-15
16
31
25
4
30
24
35
15
-25
-18
46
45
-12
40
70
48
10
-22
29
25
-58
-48
27
43
39
-4
-81
0
54
-35
-63
-52
-17
7
50
9
-70
-29
-41
-10
0
-69
-37
26
-26
-46
27
38
-37
-56
45
43
36
65
66
85
13
24
40
-3
-15
-57
-37
30
17
-18
22
100
75
-41
-17
43
17
6
16
-19
-18
21
17
33
6
-1
7
-38
1
81
77
10
-35
18
62
42
50
70
31
-7
52
50
-31
-15
-7
14
54
15
-12
-25
0
66
13
1
55
8
-21
-86
-137
-119
-78
-1
-8
-40
-28
-36
-69
-51
-19
-83
-56
12
-15
-9
-25
7
55
-1
-30
-32
-70
-127
-111
-45
-11
4
-18
-20
5
0
4
-15
-28
34
52
44
17
2
17
-28
-88
-85
-2
-30
-31
36
18
18
30
-13
-78
-61
-55
-40
36
89
52
29
42
39
19
27
12
-85
-26
39
-18
-24
6
-6
-10
85
88
66
71
1
53
17
-25
46
-11
-1
15
-8
59
-22
-116
-52
-6
-16
-69
-50
12
43
17
-33
9
14
28
10
-16
61
0
-81
-61
-24
58
35
-23
48
31
-67
-23
53
14
-34
21
42
66
86
11
-2
12
0
-9
-7
-8
4
13
-3
28
40
29
78
93
113
109
43
14
-2
-75
-40
73
35
8
-7
18
14
-53
8
4
0
-47
-33
88
8
-11
4
-23
-8
-3
9
0
-3
5
18
-23
-104
-63
-7
-14
-28
-69
-52
-75
-64
-37
-94
-104
-108
-95
-29
-20
-5
7
-18
44
16
0
38
-33
36
32
-31
32
-13
-22
-34
-49
69
26
-44
-15
-55
54
53
-35
64
31
12
-12
-16
31
-23
21
25
-43
61
105
40
47
26
7
-15
-22
-14
37
149
69
-27
45
7
-13
5
-60
19
63
-26
-19
39
23
-8
-46
-74
10
-15
-65
-19
-41
-43
-24
-11
-32
-27
-15
-36
0
11
-19
27
13
18
69
2
-12
-15
-34
-49
-38
5
-51
-75
-4
-40
-30
27
22
73
58
-29
-8
38
22
36
35
70
43
-29
23
1
-21
24
19
21
-2
-26
-25
-14
3
-22
11
24
-8
22
47
102
60
-42
-46
-4
42
-6
-15
4
-25
29
-12
-52
25
49
67
-6
3
59
-15
-9
-42
-93
1
31
-26
33
55
41
68
-37
-18
65
31
-5
-120
-20
84
-27
-7
20
-24
43
-20
-58
57
-30
-12
16
-25
-3
-66
-34
26
-2
-32
-63
-112
-46
-24
-27
35
30
11
-32
30
24
-26
-35
-73
-13
4
-16
24
29
-61
-1
-5
-87
53
92
18
-23
-44
15
42
24
-7
-72
-2
84
-8
-105
-50
28
34
32
-35
-75
-20
-36
-58
-5
9
-43
-78
-20
-49
-37
91
47
35
49
80
58
-20
30
-73
-128
-18
19
89
55
18
139
24
-37
45
69
75
-43
31
15
-29
132
49
38
81
-16
8
33
93
171
38
1
88
-5
-84
-93
-105
20
91
-27
-12
55
9
-20
-22
-13
-66
-67
-39
-34
25
-11
2
78
13
-20
-1
-15
-52
-46
38
-14
-87
32
3
-61
25
32
64
65
-5
-60
-73
-14
14
-27
31
44
-11
23
-100
-8
99
-39
-32
-34
9
16
-16
37
-12
-67
-131
-154
-65
-42
-47
-19
0
-13
0
29
76
65
28
-16
-39
20
-42
-67
-18
27
28
-20
54
-25
-79
30
-53
-38
32
-25
-17
-7
9
50
47
-7
-19
-27
-40
-60
-26
-1
-62
15
-2
-75
-16
20
-6
-59
-1
39
16
62
69
49
32
4
-22
-20
50
2
-12
16
-78
-22
35
-76
-52
17
24
12
38
51
1
16
-52
-19
143
100
-6
-25
11
-27
-79
-37
-8
82
79
-57
-15
-1
-9
3
-33
-39
-17
73
-7
22
34
-75
29
6
45
41
-78
-36
-95
-79
-17
-42
41
6
-16
8
-64
6
-39
-32
75
23
18
-32
-33
1
1
14
44
43
-27
44
37
7
76
-28
-22
47
28
27
-49
37
91
9
54
8
-2
56
11
69
79
-22
77
78
3
37
-25
0
-36
-36
23
-42
37
-34
-24
65
-111
-15
-25
-143
22
0
-22
4
-93
-35
14
-40
-40
-75
-69
9
-5
-42
29
66
49
-59
-78
76
20
-17
43
99
30
-108
44
39
3
115
31
62
47
-30
15
23
54
50
63
52
-45
-17
81
-13
-53
-6
-27
8
-42
-64
-19
-74
-39
42
-1
-39
-4
-3
-61
-58
34
56
10
15
12
18
54
87
36
-11
-23
-53
22
-28
-3
99
-35
10
65
-70
-27
52
12
-48
-80
37
18
-80
-83
-76
66
18
-45
1
-51
-10
-39
-37
49
23
65
44
28
82
8
61
35
-81
-21
-38
-6
36
21
65
22
38
54
6
29
-10
-23
-26
-21
-27
-57
30
30
-23
4
60
58
6
64
60
-18
7
-21
20
45
-18
3
62
110
37
-14
-43
-36
26
-17
-73
-59
-9
-6
25
17
-30
-32
-93
-58
73
87
27
15
-18
-84
-29
-3
-37
-53
-104
-46
-7
-43
-48
-34
73
55
-26
-17
-93
-48
10
-107
-35
-7
-67
20
39
32
-57
-24
22
-100
-40
-86
-32
54
-31
128
46
-52
50
0
94
41
-14
119
-7
-53
-32
-71
-43
-9
70
-11
-39
97
21
-47
40
37
26
53
-54
-11
88
-19
-2
16
28
34
-61
27
83
-9
-16
33
30
44
15
-86
-41
46
13
-2
19
0
86
74
41
72
-10
0
-17
11
33
-14
83
-3
-51
55
-42
9
3
-115
-42
-70
-68
-38
-117
-20
45
-15
55
35
71
39
5
101
-84
-28
12
-99
34
-36
0
70
-80
9
-55
-86
110
-43
-82
-61
-101
79
1
-37
-1
-132
18
-12
-33
84
-72
56
-19
-112
104
-55
-19
35
-111
58
-2
-52
72
-44
4
27
-42
12
95
54
-119
13
34
-119
98
-1
-115
67
-91
38
158
-28
44
0
7
-7
-58
98
-14
47
162
-44
91
17
-36
66
-140
72
7
-103
129
-95
-40
107
-136
-103
44
-16
-74
29
49
-65
-2
52
11
13
-23
-27
49
1
-48
111
64
24
184
-56
-74
147
-89
-22
112
-116
86
72
-189
63
-124
-116
198
-97
16
36
-114
-5
-180
-23
-20
-141
-4
-182
-11
85
-134
131
-18
-116
280
-58
-22
203
-218
73
83
-197
109
-39
32
125
-91
182
15
-47
121
-154
1
-30
-65
82
-88
104
28
-106
116
-27
-12
43
-76
50
120
11
-54
85
36
-63
-4
-138
10
109
-107
-14
9
36
120
-112
-15
69
-79
-29
-133
-4
74
-61
112
84
-109
2
11
-76
123
33
-4
174
-9
126
48
-35
189
-147
37
131
-189
191
-43
-130
266
-170
103
99
-259
316
-161
-156
338
-277
117
120
-357
213
-125
-113
195
-249
102
-111
-169
253
-242
103
62
-374
300
-134
-94
357
-372
151
120
-294
391
-129
-111
256
-223
131
-4
-128
171
-70
70
-32
-8
127
-268
-13
-5
-126
285
2
24
205
-79
70
61
30
124
-1
-64
14
256
-58
-112
257
-220
50
262
-342
128
13
-354
191
-85
-73
180
-48
173
-6
-25
25
-153
149
-134
-133
295
-89
72
118
-210
228
-62
-153
186
-141
131
-6
-210
188
-158
-140
158
-24
-7
106
-7
-149
127
35
-249
141
24
-224
119
4
-225
57
57
-209
120
178
-227
140
69
-231
252
-43
-128
180
-184
138
138
-118
179
-176
-83
125
-100
125
-98
17
152
-167
155
-46
28
189
-264
164
-31
-191
365
-175
-31
188
-328
109
-25
-196
168
-145
14
16
-37
89
-197
293
-26
-218
465
-360
87
433
-539
206
19
-287
185
-294
-61
52
126
277
-138
210
-111
-208
321
-271
-54
30
-126
294
-147
-52
22
-197
231
-114
-157
262
-71
-47
164
120
6
93
107
-330
42
248
-301
205
181
-304
272
-48
-287
205
-37
-29
120
45
-94
-132
82
-146
9
241
-178
25
103
-135
149
26
-72
1
-44
85
-86
-56
121
15
-7
128
156
-118
25
77
-164
137
-52
-194
127
-80
148
130
-89
198
-246
-59
164
-325
146
50
-66
243
-88
175
-131
-143
361
-455
82
306
-545
306
86
-284
359
-29
33
-5
-50
115
-394
316
162
-494
449
-19
-210
436
-91
-116
-54
43
44
-317
292
10
-282
382
-217
-284
165
11
22
43
165
-266
-40
415
-457
39
286
-586
163
28
-328
254
-40
115
-51
-100
300
-424
95
163
-536
313
-138
-166
249
-364
353
11
-211
477
-441
73
323
-531
395
72
-426
330
-120
-10
157
-219
222
-147
-86
402
-249
54
301
-232
54
106
-24
-31
79
234
-251
-59
266
-238
39
329
-381
-117
406
-340
-48
420
-376
-53
242
-345
54
171
-133
-35
0
226
-118
-89
351
-166
118
215
-333
176
76
-139
184
-106
69
14
-195
216
-166
-28
206
-239
232
75
-219
241
-147
-44
256
-173
1
139
-127
-68
154
-57
-188
162
-56
-254
136
25
-191
44
211
-263
-169
461
-374
-186
517
-478
35
469
-425
-41
262
12
-235
37
394
-541
42
612
-728
155
542
-647
215
401
-398
-16
262
-124
-406
250
193
-651
297
410
-703
282
468
-775
79
562
-556
19
574
-394
-130
506
-27
-406
269
345
-743
335
620
-1083
457
562
-962
574
258
-515
263
-20
32
-366
123
415
-893
396
222
-851
744
21
-385
446
-151
65
-137
99
273
-567
542
73
-609
795
-304
-373
661
-333
-118
231
11
-76
-122
366
-258
16
497
-612
213
272
-520
345
-135
-213
181
-133
105
-260
0
51
-369
293
-153
-197
429
-139
104
123
-183
191
-116
77
6
-232
464
-188
-163
619
-411
-134
471
-421
18
363
-205
-42
253
10
-285
245
64
-564
308
190
-511
260
77
-517
214
121
-458
216
187
-434
107
269
-149
37
197
-35
-204
220
128
-447
276
132
-519
429
124
-499
209
159
-241
41
274
-293
-177
487
-277
-229
583
-195
-224
425
-174
-223
349
54
-306
157
238
-321
138
244
-391
49
173
-217
-100
97
-7
-329
191
202
-442
153
61
-310
201
-61
-136
25
-106
130
-133
-102
183
-317
-13
188
-203
90
108
57
-154
-108
363
-234
-97
492
-285
-98
412
-311
-34
400
-177
-159
102
4
-107
46
263
-72
-52
317
-158
-171
302
-55
-150
99
14
-77
-32
165
-69
-202
254
-105
-262
275
37
-112
109
49
-137
21
149
-181
-197
59
158
-196
-125
410
-248
-123
520
-430
9
639
-440
-192
361
-22
-290
47
277
-513
139
449
-801
310
429
-680
368
171
-391
109
58
22
-107
318
232
-402
433
154
-495
285
-19
-327
129
108
-77
-28
207
-266
-276
316
-310
-165
411
-200
-7
255
-141
-21
209
-44
-236
294
76
-394
294
-79
-424
293
-140
-268
259
54
2
136
151
-49
-105
185
-119
-81
230
-127
-3
117
-144
-97
1
92
7
-17
124
-74
-86
139
-20
-89
47
-67
-113
83
10
-46
52
-97
-44
-1
-101
72
-38
-56
143
-119
39
105
-288
23
119
-21
55
-27
161
-118
-94
339
-248
140
368
-391
154
17
-282
122
-187
75
2
-115
313
-191
149
262
-382
275
46
-247
191
-186
89
38
-160
271
-189
-20
93
-273
174
-79
-6
192
-224
87
-118
-181
245
-122
-47
147
-27
-63
-9
163
-176
-34
259
-352
6
344
-225
-36
104
-187
-113
236
161
-255
183
169
-350
189
141
-304
5
152
-29
-122
124
15
-215
246
44
-282
252
-1
-250
236
48
-151
100
-10
-136
99
68
-53
137
61
-91
72
64
-100
71
146
-173
58
212
-338
40
273
-328
77
195
-223
88
119
-93
-131
28
28
-268
225
202
-362
193
92
-383
204
199
-245
51
226
-114
-120
276
-93
-349
293
-127
-370
424
53
-190
260
-20
-130
102
7
-236
-83
125
-210
-8
222
-156
30
192
-32
57
33
-25
49
56
72
-29
100
150
-116
-38
-7
-153
9
43
-35
34
83
38
-8
143
12
-93
180
-38
-118
153
-105
-113
118
-113
-121
2
-76
-23
-15
-109
-84
-5
27
-111
-136
52
-85
-89
109
8
27
0
-28
40
-13
110
42
-78
14
-63
-16
5
-47
106
59
-104
-48
47
-45
-32
118
-20
-15
58
-117
52
131
-120
-12
174
71
-17
139
25
-154
127
37
-85
187
53
-61
83
95
11
-62
93
-3
-287
30
32
-107
179
39
-42
46
35
4
-80
69
-63
-217
30
-16
-31
79
-37
-99
-112
-21
25
-52
35
-61
-74
53
-89
36
-7
-80
145
-129
-21
42
-262
72
-13
-155
76
-70
-53
-27
-101
-71
-164
62
100
-147
150
36
-149
205
24
25
198
-14
85
85
49
126
33
196
131
1
176
12
149
195
-13
206
-18
-58
160
-92
-20
0
-177
-63
-38
1
-16
-142
-32
-105
-130
-11
-136
-102
50
14
-192
-119
58
-157
-201
54
-104
-239
60
-67
-197
86
-115
-241
50
-83
-191
-19
7
-54
-83
-2
-100
-138
39
-96
-82
114
112
97
104
197
28
-65
211
79
8
286
79
-7
243
154
4
31
111
8
128
279
-47
48
204
-40
-44
-27
33
121
125
315
221
74
279
-30
-186
240
112
100
389
178
35
223
178
-44
-25
18
-109
68
299
28
30
181
-161
-175
-42
-200
-36
127
87
53
58
138
-66
-82
51
-143
37
217
39
168
125
-83
-2
6
-66
-30
121
55
-73
6
-253
-474
-277
-428
-478
-288
-508
-588
-439
-624
-850
-704
-790
-1017
-765
-721
-879
-637
-562
-797
-808
-633
-715
-715
-262
-263
-291
61
-126
-67
219
-20
-22
191
299
458
580
708
556
475
699
488
570
868
678
778
829
629
719
703
563
611
610
570
699
725
563
532
540
452
472
584
539
529
770
721
490
539
341
272
607
483
382
622
537
405
459
472
232
91
288
271
306
549
400
396
433
60
49
129
138
273
452
599
424
408
332
77
91
-55
-65
132
216
137
-104
-40
-445
-1251
-1527
-1723
-1329
-881
-1317
-1660
-2006
-2376
-2565
-2917
-3009
-2972
-2737
-2516
-2751
-2612
-2298
-2350
-2465
-2820
-2780
-1937
-1097
-493
-405
-356
-90
-151
-31
48
289
1060
1445
1533
1510
1573
1706
1172
668
579
698
1181
1151
698
571
481
274
-220
-500
-337
-205
-7
7
-172
-114
-38
-310
-647
-550
-144
263
684
610
265
541
645
420
557
683
862
1066
1139
1157
1195
1276
987
802
1101
1426
1819
1917
1644
1485
1373
1417
1503
1651
1982
2055
2061
2136
2052
1990
1726
1376
1406
1631
1996
2240
2121
1714
1115
639
291
68
260
574
617
472
134
-78
-327
-959
-1312
-1173
-656
116
581
537
300
138
-175
-616
-450
150
716
1389
1551
1168
953
455
-697
-1827
-2226
-1703
-750
-380
-1136
-2210
-3032
-4256
-5581
-6100
-5936
-5239
-4517
-4552
-4924
-4995
-5008
-5648
-6360
-6206
-5237
-3324
-1525
-933
-766
-772
-1021
-1303
-1403
-755
657
2247
2963
2802
2696
2392
1650
774
-56
-70
971
1756
1645
1109
471
-353
-1211
-1818
-2148
-1627
-574
-56
86
-54
-373
-494
-723
-767
-275
687
1792
2105
2005
1925
1749
1803
1797
1720
1943
2371
2722
2763
2532
2135
1665
1329
1127
1242
1706
1915
1859
1537
986
851
1105
1596
2005
2120
2223
2129
2186
2415
2304
2286
2285
2380
2916
3099
2860
2413
1741
1350
1079
966
1182
1297
1289
770
-117
-771
-1139
-942
-807
-765
-488
-245
74
-88
-575
-648
-279
546
1429
1942
2298
2653
2795
2379
1724
1654
2251
2821
3003
2806
2350
1903
769
-1299
-3013
-3451
-2575
-1765
-2299
-3747
-5294
-6357
-7692
-9284
-9630
-8785
-7593
-6893
-6984
-7147
-6769
-6498
-7085
-7696
-7035
-4776
-2069
-328
32
-230
-409
-832
-1356
-1229
-19
1859
3042
2828
1815
1004
491
-526
-1784
-2069
-1175
26
472
-171
-945
-1659
-2397
-2866
-2981
-1962
-376
676
954
676
719
945
926
1044
1571
2667
3737
3992
3767
3362
2783
2264
1928
2029
2640
3099
2735
1899
1200
729
440
276
324
769
1329
1330
813
438
457
805
1286
1982
3149
4193
4526
4186
3724
3817
4266
4776
5165
5475
5804
5766
5183
4265
3512
3065
2500
1943
1820
1925
1720
847
-412
-1309
-1351
-1078
-972
-867
-754
-702
-887
-1048
-544
756
1969
2296
2216
2476
3069
3279
2877
2719
3269
4235
4771
4175
3000
1845
222
-2087
-4028
-4231
-2626
-1375
-2389
-5143
-7675
-9072
-10328
-11710
-12227
-10982
-8759
-7677
-8171
-9108
-9316
-8964
-9164
-9253
-7770
-4405
-887
410
-226
-1120
-1282
-917
-850
-507
1092
3203
4216
3186
940
-743
-1412
-1848
-2406
-2408
-1418
-525
-987
-2651
-4331
-4827
-4359
-4032
-3577
-2544
-1185
-86
-161
-731
-703
154
1590
2725
3701
4568
4751
4309
3366
2827
3168
3898
4578
4418
3692
2902
1827
1045
735
637
1101
1592
1913
2162
1787
911
-95
-482
472
2292
4267
5698
6160
5801
4465
3367
3604
4778
6477
7714
8109
7926
7134
5892
4434
3160
2522
2620
3348
3941
3766
2580
563
-1316
-2549
-2578
-1702
-927
-116
168
-565
-1468
-2002
-1759
-587
608
1262
1982
3186
4109
3840
2813
2084
2642
4263
5080
4545
3754
2997
1447
-1232
-3745
-4081
-1886
-116
-1527
-4978
-7703
-8964
-10030
-11622
-12276
-10651
-8066
-7297
-9324
-11218
-10859
-9514
-8777
-8893
-7934
-4690
-1499
-805
-1990
-2700
-1975
-1064
-855
-664
964
3491
4014
1765
-1257
-2769
-2115
-1155
-998
-856
-507
-922
-3073
-5604
-6427
-5279
-3389
-2439
-2412
-1974
-1245
-1338
-2242
-2800
-1872
173
2239
3638
4490
4947
4206
2442
1136
1489
3318
5087
5623
4996
3714
2129
592
-326
-24
1033
1798
1970
1530
948
394
-365
-863
-522
952
2923
4460
5176
5230
4890
4343
4255
5098
6703
8086
8404
7897
7185
6737
6270
5741
5511
5527
5493
4742
3446
2448
1891
1504
853
43
-127
184
36
-892
-1998
-1777
-201
986
1101
918
1451
2392
2591
2084
2155
3723
5716
6144
4949
3803
3692
3353
1174
-1560
-2171
81
2388
1238
-2621
-6055
-7930
-9219
-10833
-11560
-9819
-7076
-6836
-10088
-13638
-14285
-12477
-10799
-10287
-9247
-6353
-3308
-2693
-4233
-5156
-4097
-2225
-1159
-524
1267
3845
4656
2292
-1071
-2553
-1746
-162
694
776
595
-446
-2961
-5665
-6720
-5752
-4135
-3570
-4045
-4448
-4294
-4143
-4340
-4207
-3210
-1645
-242
670
1565
2598
3043
2487
1952
2641
4310
5695
5708
4686
3546
2528
1652
1387
2189
3326
3545
2182
177
-980
-1049
-726
-293
478
1422
2138
2106
1774
2020
2785
3602
4274
5247
6502
7572
7933
7443
6931
6948
7291
7546
7670
7440
6659
5637
4479
3582
3230
3228
3157
2666
1624
161
-699
-431
488
1327
1338
870
775
1095
1346
1155
1327
2788
4650
5358
4731
4073
4323
4372
2537
25
-312
2333
5279
4770
745
-3351
-5217
-6199
-7401
-7384
-5198
-2709
-3832
-9073
-13961
-14519
-11556
-8936
-8295
-8076
-6995
-6130
-6953
-8408
-7923
-5393
-3269
-2682
-2471
-747
1837
2292
101
-2392
-2923
-1423
484
1755
2407
1970
-508
-4271
-6925
-6463
-3731
-1772
-2222
-4184
-5695
-6371
-6950
-7078
-5938
-3933
-2889
-3526
-4217
-3174
-955
72
-571
-796
628
2631
3621
3362
3048
3085
2640
1748
1675
3039
4577
4422
2606
929
458
827
1183
1394
1550
1466
926
217
329
1503
2881
3295
2817
2629
3157
4020
4657
4974
5572
6428
6772
6472
6116
6370
6822
6556
5561
4779
5207
5874
5269
3828
2958
3207
3649
3363
2648
2602
3299
3197
2037
1404
2227
3851
4509
3654
2823
3034
3315
2266
418
-248
1361
3779
4358
2436
-253
-2095
-3536
-4883
-4884
-2710
-12
-209
-4299
-9278
-11298
-9668
-6888
-5010
-4232
-4319
-5443
-7644
-9444
-8462
-5072
-2206
-1715
-2782
-3171
-2307
-1442
-1445
-1818
-1488
-768
-310
193
1047
1827
1072
-1618
-4025
-3956
-1775
216
244
-1332
-3366
-5098
-6343
-6648
-5173
-2732
-1519
-2907
-5541
-6583
-5313
-3445
-2569
-2507
-1996
-1029
-688
-1089
-1115
41
1255
1373
966
1240
2472
3442
3203
2307
1767
1865
2246
2721
3199
3438
3018
1840
717
356
810
1726
2612
3035
2893
2340
1722
1531
1749
2169
2596
2784
2933
3306
3758
4082
3983
3282
2539
2431
3095
4045
4586
4325
3627
3025
2791
3046
3289
3407
3463
3312
3230
3314
3586
4154
4301
2924
743
-269
1160
3886
4900
3273
641
-1135
-1991
-2618
-2444
-1006
582
246
-2479
-5440
-6366
-5072
-3504
-3053
-3214
-3427
-3650
-4237
-4920
-4623
-3335
-1996
-1617
-2147
-2441
-2201
-1680
-1188
-772
-31
567
543
84
-297
-195
-174
-614
-1109
-981
-343
-136
-600
-1283
-1548
-1709
-2321
-2853
-2825
-2287
-2052
-2834
-3747
-3693
-2900
-2435
-2814
-3450
-3637
-3411
-3042
-2500
-1715
-878
-745
-1512
-2310
-2245
-1077
423
1537
2172
2121
1436
610
328
850
1936
2854
2953
2700
2365
1735
1102
809
912
1472
2056
2111
1822
1541
1246
756
217
-144
176
1225
1924
1755
1079
511
283
178
93
321
1097
1797
1747
1194
951
1331
1827
2179
2338
2453
2833
3171
3209
2932
2590
2539
2756
2953
3054
3392
3841
3700
2636
1199
324
533
1487
1900
1263
125
-1280
-2549
-3316
-3105
-1786
-872
-1251
-2584
-4036
-4519
-3787
-2404
-1230
-851
-1510
-2486
-2851
-2291
-972
112
504
470
79
-145
148
724
1374
1458
766
33
-157
358
1091
1273
656
-381
-1212
-1578
-1547
-1436
-1507
-1611
-1679
-1784
-2012
-2224
-2042
-1781
-1975
-2526
-2650
-1870
-881
-496
-915
-1652
-2024
-1819
-1121
-302
492
1156
1144
556
-46
-190
427
1381
1934
1585
766
252
244
371
177
86
174
228
-26
-752
-1090
-777
-416
-411
-658
-661
-449
-475
-699
-854
-583
-107
80
86
27
30
12
-40
117
330
430
496
490
512
589
623
704
759
924
1200
1324
1392
1332
1284
1407
1626
1913
2066
2146
2250
2146
1812
1546
1541
1681
1525
997
654
689
991
1086
605
-11
-534
-913
-1087
-958
-455
-229
-727
-1454
-1887
-1691
-1075
-616
-512
-645
-793
-789
-509
58
868
1408
1188
603
212
436
1002
1332
1418
1430
1455
1238
674
140
-147
-127
4
-56
-149
-156
-335
-988
-1811
-2200
-2034
-1361
-681
-531
-727
-1032
-1294
-1422
-1258
-640
178
729
750
506
392
494
691
750
817
880
721
453
200
246
469
402
1
-446
-619
-707
-922
-1061
-1008
-745
-731
-1288
-1680
-1631
-1251
-893
-999
-1214
-1189
-777
-493
-656
-856
-690
-258
-142
-565
-849
-452
-22
-8
-377
-715
-490
-12
168
-19
-82
138
260
74
-134
26
342
655
861
750
592
416
253
184
149
254
343
404
468
301
-65
-261
-181
143
465
495
368
194
7
-111
-33
123
350
570
519
285
102
184
521
793
700
430
464
788
1032
1018
957
1069
1057
819
737
853
1053
1069
754
491
440
436
351
337
404
353
68
-172
-27
250
237
-179
-533
-561
-384
-141
93
388
496
161
-337
-553
-190
509
1079
1289
1149
902
458
129
142
353
857
1097
836
372
-167
-509
-721
-766
-426
-74
-27
-367
-1195
-1918
-2000
-1652
-1146
-715
-354
-319
-866
-1569
-1938
-1635
-827
-177
-62
-264
-326
-416
-662
-915
-898
-290
228
309
115
-244
-567
-834
-933
-677
-210
187
345
70
-563
-1093
-1106
-671
-178
48
1
-201
-422
-570
-811
-913
-665
-275
-22
-108
-274
-265
-135
-108
-145
-31
262
599
681
497
405
490
643
746
691
770
1068
1168
924
612
493
652
843
893
936
1086
1035
601
278
185
364
584
251
-43
8
132
285
201
67
-13
-141
-313
-429
-206
116
246
181
-68
-259
-204
-72
2
68
40
-36
84
385
556
489
334
196
302
582
737
753
754
729
573
452
434
584
836
757
402
19
-178
-10
167
80
-8
-9
-26
-242
-683
-936
-877
-664
-537
-615
-735
-852
-1007
-1152
-1155
-915
-551
-293
-136
-146
-387
-557
-490
-212
233
582
590
433
170
-89
-187
-150
230
636
622
153
-492
-820
-805
-539
-306
-334
-480
-754
-1166
-1437
-1338
-931
-419
-305
-624
-895
-945
-769
-413
-142
6
70
-157
-367
-341
-148
123
342
559
604
460
297
192
238
395
556
624
569
582
578
348
93
-72
-64
191
275
91
0
112
170
-67
-315
-247
69
289
292
163
80
139
115
5
39
346
705
776
527
318
399
622
730
550
372
447
667
711
513
546
767
738
498
292
374
697
888
766
459
378
482
495
337
61
10
63
7
-95
-211
-142
-150
-465
-777
-869
-642
-308
-307
-540
-756
-926
-945
-898
-800
-475
-81
39
-81
-271
-222
-5
2
23
136
434
701
532
140
-191
-183
-20
82
206
279
140
-291
-811
-1020
-790
-440
-251
-421
-698
-915
-1124
-1089
-964
-794
-506
-345
-417
-591
-755
-814
-773
-583
-377
-207
-45
-10
-55
-155
-207
-54
228
422
534
491
353
291
234
312
435
368
277
238
243
329
364
415
484
340
31
-190
-173
59
308
387
353
257
-38
-273
-319
-193
187
407
431
372
184
51
33
180
479
650
592
397
180
132
242
359
413
326
324
443
324
211
195
332
442
296
210
219
346
373
144
-97
-130
103
345
375
211
40
-66
-144
-153
-118
67
161
-2
-220
-417
-344
-134
-79
-81
-123
-191
-290
-253
2
191
237
130
13
41
20
46
210
261
223
174
16
-134
-106
-44
-132
-410
-555
-477
-434
-469
-601
-716
-735
-738
-751
-870
-946
-752
-560
-590
-628
-614
-621
-592
-513
-412
-247
54
136
-32
-188
-298
-182
-37
97
383
384
93
-106
-263
-240
-6
89
199
219
56
-40
-140
-131
-186
-115
114
114
44
-33
-2
32
77
133
120
182
167
134
162
195
241
253
207
92
91
218
273
259
225
288
471
479
340
272
282
376
433
404
438
494
423
335
302
347
432
422
386
337
323
323
294
294
249
276
299
270
272
273
302
147
-102
-83
126
222
225
130
-11
-80
-108
-40
16
120
198
67
-91
-201
-69
175
187
82
-11
1
-30
-202
-227
-123
-54
-46
-156
-210
-195
-306
-522
-718
-733
-569
-444
-471
-535
-559
-551
-554
-573
-658
-715
-562
-429
-366
-290
-295
-232
-231
-286
-283
-282
-181
-128
-173
-218
-346
-433
-392
-323
-224
-128
-29
-122
-359
-529
-577
-397
-137
66
91
17
-82
-150
-162
-133
36
200
272
249
181
144
230
320
332
413
441
510
576
513
409
318
367
469
481
424
380
269
242
297
244
269
293
259
133
-47
-38
96
220
296
228
116
54
-18
42
126
109
210
358
327
242
244
268
274
285
334
391
348
321
264
121
100
209
320
297
268
167
79
111
63
87
143
195
115
-106
-197
-203
-142
-127
-159
-94
-96
-219
-256
-354
-288
-35
-51
-88
-238
-338
-244
-384
-490
-419
-282
-134
-187
-390
-428
-265
-211
-264
-345
-365
-198
-151
-222
-289
-279
-165
-196
-296
-362
-234
-87
-163
-310
-395
-327
-261
-220
-147
-171
-219
-301
-403
-435
-439
-263
-112
-128
-125
-191
-207
-180
-277
-174
-15
79
216
246
202
117
136
196
363
550
484
307
133
158
271
300
395
454
383
232
23
-94
40
322
375
244
77
-103
-112
-66
38
165
181
265
276
209
198
188
205
236
358
462
391
345
349
316
228
115
151
238
309
302
291
259
126
85
-2
-15
118
270
272
80
19
-16
-34
-41
0
174
169
136
37
-191
-252
-228
-165
-166
-172
-145
-108
-128
-260
-352
-454
-376
-246
-219
-154
-142
-128
-253
-383
-338
-261
-109
-46
-92
-206
-296
-225
-157
-63
0
6
15
-144
-284
-313
-241
-44
32
-10
-47
-80
-123
-43
-23
-157
-102
-19
-42
-58
-68
-93
-157
-268
-375
-326
-256
-197
-102
-62
-36
-75
-72
-96
-134
75
190
189
237
158
122
114
196
314
212
251
259
143
165
159
234
241
184
120
34
71
104
84
69
84
25
48
83
38
65
-19
-17
84
112
152
188
53
-141
-81
-96
-58
100
215
347
340
326
312
257
195
221
296
315
354
348
333
274
194
68
-21
0
-9
6
-45
-27
-28
-31
-26
-116
-78
-181
-252
-221
-146
-70
-93
-98
-230
-256
-230
-138
17
0
144
73
-262
-349
-328
-121
52
-11
-70
-185
-285
-305
-288
-246
-140
30
37
-88
-92
-124
-192
-124
-121
-45
43
59
-5
-133
-61
-102
-41
69
-26
-2
-5
-125
-252
-254
-264
-191
-48
-84
-99
-137
-184
-115
-95
-116
-62
-75
-74
-70
-83
36
14
-39
40
17
76
134
38
75
55
29
118
119
139
103
55
49
-63
-120
-58
-54
-19
-35
-97
23
91
29
74
146
133
130
47
40
164
262
372
336
342
321
199
239
218
183
266
270
199
215
215
192
159
118
138
70
63
79
20
43
98
154
124
31
66
93
-17
-119
-41
37
-10
-87
-133
-52
23
14
-54
-51
13
98
121
-58
-76
40
42
60
32
8
60
45
-61
-185
-117
3
-65
-58
96
135
25
-40
-53
-60
-75
-136
-170
-161
-64
-4
-60
-116
-138
-254
-289
-180
-245
-176
-39
-54
-51
-104
-37
-12
-233
-350
-375
-280
-120
-114
53
145
9
-31
-138
-249
-156
-90
-96
-41
14
73
49
-56
-170
-260
-323
-345
-236
-94
-34
32
36
-105
-99
14
8
9
-5
-84
-129
-143
-22
188
215
175
182
83
50
29
-64
20
154
214
203
117
46
102
184
197
266
247
212
136
-49
16
137
275
416
370
255
127
70
-139
-270
-133
6
234
365
308
226
115
7
-57
-144
-105
-1
119
244
267
255
124
123
139
-36
-37
44
67
110
148
185
224
146
112
147
42
-48
3
22
-5
45
-38
-54
34
-35
28
-1
-164
-94
-165
-320
-269
-156
-149
-91
-51
-200
-218
-131
-89
-172
-203
-87
-97
-72
-26
-46
61
113
-72
-157
-118
-275
-274
-205
-267
-142
16
44
-8
57
-10
-234
-214
-330
-394
-240
-61
46
-53
82
12
-146
-43
-210
-183
40
-24
-147
-104
16
69
36
-67
-177
-9
46
-171
31
0
-44
251
74
245
457
284
281
143
-14
-116
-85
-138
-186
45
-40
40
270
128
79
12
9
89
-88
-63
123
179
271
170
211
366
263
192
99
93
137
-23
59
276
312
399
269
-13
-50
-42
-123
-80
-57
-115
59
39
-190
48
188
84
218
159
46
11
-99
-26
69
130
206
239
149
10
62
-60
-160
-97
-183
23
141
40
228
123
-62
53
-105
-233
-149
-188
-141
-68
-32
-53
-61
-38
-207
-209
-128
-211
-119
-102
-132
34
-8
-68
0
-272
-348
-76
-193
-199
157
31
-111
51
-177
-306
-92
-138
-144
52
-164
-149
59
-177
-156
-90
-47
163
120
-39
3
71
25
80
54
34
107
31
-78
-67
-20
-43
-89
-91
-120
-61
-73
-98
44
-45
-26
42
-57
23
75
67
30
86
148
85
132
3
-113
-85
1
181
142
150
247
229
94
-66
3
-13
9
113
-30
14
175
229
252
229
173
5
-84
-259
-292
1
40
146
237
70
84
-75
-315
-254
-218
-37
188
111
63
124
75
-6
176
132
60
280
93
-67
40
46
83
193
197
181
218
34
-173
-152
-220
-175
44
-10
41
209
54
-44
16
-38
-42
-45
-227
-177
-6
-30
49
129
125
172
34
-199
-225
-221
-263
-158
58
3
81
252
-9
-19
-99
-324
-114
-42
-127
17
100
37
108
-42
-152
66
-148
-299
-56
-147
-244
19
32
-52
172
117
22
97
-205
-245
8
-186
-202
32
-32
56
166
-10
17
107
-80
-165
-110
-209
-142
-67
-149
19
94
32
107
11
-92
-89
-177
-163
3
-54
-78
281
249
70
147
-62
-78
-8
-230
-108
48
-49
93
145
79
117
57
94
16
-11
58
31
157
76
119
268
150
245
195
53
104
-47
-191
-71
13
51
195
168
137
127
70
-10
-140
-62
-165
-70
111
-46
223
333
135
195
38
-80
-126
-286
-76
19
37
203
88
76
66
-28
-23
-105
-148
-188
-87
107
36
146
208
22
53
-2
-166
-129
-70
-64
33
52
44
31
3
-35
-85
2
9
-33
-103
-108
-39
-104
-41
42
-23
-36
-34
-83
-88
-172
-231
-182
-153
-24
68
-11
27
-21
-123
-6
-96
-135
-57
-27
38
0
27
30
-15
-12
0
-53
-169
-92
-63
-144
-11
64
-11
-22
-52
-16
24
-111
-165
-76
-120
-97
50
-63
-7
146
35
92
102
65
-21
-10
34
-53
107
-1
-1
159
30
125
112
-87
-61
-3
-1
-86
-22
111
128
100
-77
8
26
-86
-6
-188
-102
172
-26
14
158
55
44
89
43
-32
178
76
59
384
-4
-47
240
-115
-70
173
-49
159
401
214
236
204
-108
-210
30
-64
-78
146
41
161
189
-26
-10
-16
-39
-21
-48
12
3
12
178
114
-63
-86
-18
-155
-217
-120
-201
-6
76
-135
-12
98
-13
-19
-26
-139
-60
60
-71
-51
159
96
124
203
14
84
89
-142
-65
-1
-134
-17
129
34
67
61
-119
-54
-155
-380
-167
-136
-203
29
25
-34
153
31
-191
-70
-206
-329
-47
-90
-85
190
84
-8
74
-9
-62
-31
-155
-153
41
-48
-5
77
-101
-49
1
-108
-84
23
-65
-45
29
-64
92
109
35
143
14
-41
50
-55
-39
23
-23
-7
-13
52
82
3
89
48
-80
6
-24
-29
67
133
182
124
155
79
15
140
60
1
103
98
70
141
65
-78
104
138
-41
26
-78
-80
152
6
-45
83
75
61
-37
-42
48
40
96
62
4
53
20
-52
-35
37
66
116
34
-1
9
-62
2
32
-5
-10
65
111
30
-57
-30
-6
-74
50
92
15
32
-26
-39
-46
-25
-27
-96
-115
-157
-217
-126
-24
-27
97
14
-170
-74
-48
-108
-32
77
35
74
105
-68
-6
-36
-127
-67
-154
-101
63
20
-72
-24
-79
-145
-47
0
-5
10
12
76
163
14
-50
68
-96
-88
77
-149
-147
198
46
-102
148
-2
-41
115
-106
-108
20
-26
-34
-27
-50
-51
44
102
72
-12
17
22
-165
-5
50
-133
33
157
9
53
148
-126
-23
144
-199
-130
152
68
63
160
-29
-58
142
-11
-29
85
-59
0
99
56
85
92
55
-11
-38
-94
-81
-13
-18
63
28
41
155
-60
0
145
-112
4
109
-95
54
206
17
15
88
-144
-117
96
-95
-16
128
-153
-63
5
-175
-106
56
8
-94
110
-2
-133
134
15
-53
-19
-83
105
89
20
75
9
-47
-58
-15
-85
-23
79
-145
27
139
-73
106
58
-99
-7
21
-63
-118
65
-16
-114
139
-21
-78
113
-79
-144
-36
8
-116
1
83
-179
64
63
-187
-8
-62
-149
-22
66
59
-64
43
21
-164
70
16
-33
133
-18
-6
23
-12
-40
-2
91
-38
-42
51
-6
-32
23
-18
-140
-8
142
-99
-1
226
-80
-1
143
-17
60
143
-3
-87
93
-52
-103
209
5
-64
194
-1
-95
104
-36
-111
168
16
-134
152
46
-28
236
127
16
166
38
-68
73
-110
-252
69
50
-59
163
3
-45
76
-203
-135
33
-65
87
132
10
114
146
-82
58
199
-245
-79
297
-140
-30
247
-130
128
212
-212
-62
-54
-171
-15
80
-36
-40
141
-25
-91
40
-141
-79
22
-126
60
17
-100
192
19
-148
110
-78
-250
16
-86
-297
-84
-92
-184
134
63
-153
96
-39
-223
6
-13
-119
-4
-10
-166
21
189
25
50
0
-70
-98
-68
39
-117
68
197
3
77
-10
-86
34
53
-30
-85
10
-30
-4
86
-23
48
66
-60
26
-7
-54
34
-39
31
137
-3
-45
118
2
-52
169
-61
-70
182
-4
28
183
-96
11
332
6
0
180
-123
-61
209
-70
-60
265
-42
43
305
-200
-85
236
-213
-88
241
-121
-45
252
-51
33
257
-201
-77
146
-228
-7
178
-119
-15
134
-195
-87
142
-246
-20
224
-201
87
207
-254
65
152
-239
116
116
-328
45
143
-168
122
192
-216
-12
153
-213
52
130
-243
41
189
-159
-57
39
-235
-21
88
-134
127
208
-111
-48
37
-125
125
121
-183
45
40
-171
91
127
-153
152
177
-174
149
40
-213
204
105
-136
143
-22
-241
112
-11
-163
203
-30
-240
77
-86
-199
148
75
-86
181
16
-213
111
48
-121
82
110
-25
133
127
-167
0
26
-104
57
-23
-111
-25
-44
22
110
17
61
121
-86
-31
39
-109
83
99
-46
88
76
-64
-76
-13
-23
-35
47
9
-151
-80
3
-114
19
163
-7
-1
91
-127
-142
71
-78
-89
116
-6
-43
132
8
-67
163
2
-172
42
-86
-107
120
-28
-33
176
49
-36
79
-125
-78
84
-112
2
164
33
106
88
-120
63
51
-201
44
43
-245
52
202
-20
189
179
-214
16
58
-273
84
160
-138
148
160
-83
161
138
-93
64
45
-198
-94
-32
-59
130
55
143
250
-94
34
91
-276
-115
56
-124
96
206
-96
158
203
-300
1
197
-316
-30
190
-309
91
374
-183
150
221
-380
-19
25
-394
55
167
-262
159
266
-292
140
133
-436
192
94
-452
196
132
-334
263
197
-325
258
73
-532
96
0
-410
333
221
-219
329
28
-237
272
-151
-424
168
-70
-331
353
79
-187
435
-37
-217
322
-272
-365
282
-272
-302
499
-34
-187
526
-199
-407
453
-229
-378
443
-170
-201
575
-137
-266
586
-188
-370
463
-363
-385
501
-166
-66
660
-172
-161
489
-336
-294
378
-342
-172
581
-215
-90
631
-248
-110
568
-368
-240
467
-310
-184
529
-248
-221
608
-212
-343
450
-268
-318
337
-218
-206
423
3
-161
336
-113
-217
287
-132
-278
248
22
-153
289
20
-118
159
-110
-205
30
-101
-192
101
75
-15
199
86
-123
85
-25
-179
3
-162
-101
103
-36
109
200
-81
-62
14
-209
-133
102
-83
-12
271
73
54
140
-72
-137
-41
-143
-168
32
-65
-21
219
67
42
51
-126
-74
-53
-163
-25
48
-79
192
216
-120
102
59
-313
-41
-25
-284
120
111
-207
172
212
-86
68
42
-288
-43
107
-256
64
328
-8
104
221
-57
-24
15
-222
-59
25
-81
31
33
110
150
12
-9
-71
-192
-83
-71
-86
147
159
82
108
55
-80
-37
-14
-258
-78
23
-160
117
173
-47
71
90
-163
-14
103
-290
-27
168
-201
160
267
-225
54
211
-247
-27
244
-136
-1
276
-122
-15
303
-182
-144
164
-278
-180
142
-215
-153
323
26
-105
340
3
-277
65
-124
-238
200
3
-219
190
105
-121
198
100
-250
14
7
-212
50
113
-104
37
186
-99
-14
98
-256
-88
180
-24
8
216
46
-46
178
-15
-149
78
-43
-130
83
47
-98
141
147
-134
61
64
-216
-28
41
-103
32
141
-6
67
140
-163
-67
105
-83
-21
77
-39
-15
84
7
-15
48
29
-49
-43
-63
-116
-28
3
52
96
19
-25
19
12
-45
-13
-27
-53
53
69
-40
-32
-5
-75
-134
-5
-46
-109
68
-62
-39
207
39
-54
98
-19
-137
21
-33
-150
50
117
-79
10
88
-85
-95
41
73
-68
0
6
-107
113
89
-154
-23
99
-184
-103
134
-209
-119
207
-55
-42
235
-31
-123
277
53
-248
183
12
-259
129
-25
-166
123
-21
-151
101
-7
-108
122
93
-19
34
68
41
99
-17
-59
4
-111
11
31
-76
7
19
-45
8
108
2
-2
9
-110
26
91
-94
-12
122
-103
-2
128
-120
21
77
-124
62
113
-114
42
103
-110
91
59
-203
50
21
-171
86
68
-149
112
173
-196
27
177
-251
31
193
-287
9
176
-200
104
266
-187
0
187
-233
-68
195
-152
-112
142
-133
-76
156
-148
-114
126
-112
-137
124
-31
-127
86
39
13
101
-30
-56
47
64
-77
-76
23
-34
-12
-13
35
-55
-85
87
-57
-70
19
-57
-56
32
64
-33
27
90
-10
29
53
-34
8
71
-82
-106
99
-39
-133
138
49
-143
62
44
-92
89
-36
-188
139
84
-232
6
60
-145
91
103
-83
169
131
-111
61
11
-119
30
-24
-87
64
30
-33
97
46
-19
98
-15
-83
82
-17
-77
126
45
-57
120
30
-148
59
-28
-155
100
-13
-121
39
-37
-3
109
-2
23
-7
-82
22
0
-55
88
96
27
140
4
-123
58
-67
-193
94
-46
-191
137
0
-172
175
86
-231
127
83
-274
120
196
-120
91
185
-193
-36
171
-147
-71
57
-121
-8
113
-63
-29
85
-36
-91
-27
-45
-107
13
85
-91
-14
138
-25
-67
52
-48
-105
18
-44
-100
134
131
-63
135
87
-143
-2
1
-158
-24
35
-145
6
61
-61
40
13
-75
-49
-56
-86
-20
99
89
63
47
28
121
11
-107
14
-7
-80
25
55
-21
14
52
32
44
38
-82
-135
-17
34
23
76
55
11
38
-48
-107
-33
15
-19
38
93
-16
140
197
-77
-32
31
-173
-71
69
-180
-21
167
-102
61
269
-9
-42
132
-164
-168
137
-118
-116
180
-67
-100
223
-13
-81
138
-118
-153
121
36
-48
167
70
-41
173
12
-94
47
-115
-169
15
20
-52
61
54
-114
-41
3
-47
54
35
-34
-18
15
50
69
75
11
-46
-28
-17
-58
-7
-5
-45
0
36
79
47
-16
-4
-40
-42
25
34
2
-29
19
7
38
95
-82
-123
35
-11
-70
118
87
-65
101
77
-74
121
103
-128
15
38
-65
16
43
0
-97
-6
-44
-135
58
35
-87
23
140
-35
-44
169
-41
-86
183
-33
-221
134
59
-152
228
77
-184
126
12
-224
70
41
-170
198
80
-185
187
61
-140
115
-27
-168
42
-57
-133
92
-28
-64
194
-11
-74
128
-37
-25
140
-38
-74
70
12
-3
-3
-127
-96
79
-64
-124
49
-73
7
215
-10
-42
115
-84
-44
66
-126
-29
78
-25
79
118
-20
36
62
-45
-22
-18
-93
-43
63
-38
-57
32
-7
77
18
-101
70
78
-13
77
59
-36
24
17
-41
-2
-53
-25
33
-10
28
42
6
13
43
52
53
-31
-115
-19
62
21
18
12
7
51
-25
-14
76
-76
-101
39
-4
49
98
-52
-43
74
-7
-3
61
-24
-58
38
44
-39
151
120
-100
-45
-48
-47
12
14
-64
-79
30
73
74
107
46
-124
-14
69
-83
-6
3
-103
-12
91
40
23
34
-70
20
103
-93
-46
100
-49
-78
38
-40
-48
43
-56
-73
38
18
0
67
19
2
20
-74
18
54
-63
-62
-8
21
101
111
-14
32
86
-40
-58
4
-69
-64
-20
-81
24
65
-11
68
23
-77
-13
-16
-58
20
40
14
89
106
43
36
7
-49
-23
-68
-63
11
-64
-25
103
34
5
76
-41
-110
10
-32
-97
80
52
-65
85
79
-15
66
27
-36
23
0
-27
-8
-12
-31
58
30
-102
22
23
-63
-9
7
54
56
30
37
-60
-45
27
-54
-57
-4
-39
-65
75
108
7
75
6
-52
72
-71
-162
1
25
11
41
-37
-34
112
8
-89
-1
-52
-55
30
-11
-3
64
-22
-3
117
-18
-77
19
-74
-33
96
-70
-54
105
-48
-37
96
-13
-12
32
-6
35
46
41
59
-39
-80
16
-41
-85
-36
-78
-63
16
26
15
60
52
5
45
25
-18
20
0
-8
61
0
-71
42
26
-74
34
27
-84
-55
-43
-4
-3
39
98
15
22
14
-19
49
19
-77
-32
21
-78
-5
68
-80
0
84
-46
34
159
-52
-77
84
-27
9
81
-84
-55
-18
-92
33
111
-58
-115
3
-44
-18
62
-31
-18
52
-12
37
119
-50
-6
102
-72
-10
40
-86
21
32
-102
-12
60
-72
-56
51
-77
-24
36
-58
42
-9
12
71
-26
11
7
-30
-43
-51
-48
15
37
-17
112
119
-42
30
37
-109
-1
-21
-179
-4
7
-108
44
138
1
21
86
-83
7
56
-112
-12
43
-69
47
126
-65
-18
37
-86
-59
-17
-52
-1
62
-47
8
157
33
21
87
-43
-74
-44
-47
27
-10
-64
-5
10
-13
12
26
-9
-29
-5
15
-20
-16
92
104
21
17
29
32
-22
-111
-112
-10
7
-67
15
99
16
18
63
-9
-18
25
-35
-70
-21
-28
-25
54
77
30
7
-22
2
-2
-44
-15
-60
-21
69
35
62
22
31
94
-10
-55
-79
-58
10
-54
-49
37
53
22
43
85
-54
-80
-28
-86
26
36
-106
20
155
9
42
104
-50
19
62
-99
-47
61
-53
-34
125
-37
-81
77
-69
-59
32
-86
-25
68
-2
-12
65
32
-4
81
-1
-55
93
28
-42
-27
-26
37
-8
-43
-64
-99
-16
50
20
19
47
-23
19
128
7
-111
1
5
-73
-15
-23
1
50
67
33
38
38
-23
0
-60
-67
25
-6
-3
39
2
36
12
-11
25
-42
-33
-32
-26
50
18
-8
30
57
37
-7
-13
-10
9
-32
-54
22
22
-26
0
2
1
38
21
3
-19
-1
-18
0
98
21
-11
-3
22
73
13
-45
-55
-41
-81
1
23
-78
19
31
-15
83
52
-1
41
58
11
-45
31
28
-27
11
7
-26
-46
18
-27
-24
21
-110
-6
40
-19
27
4
37
42
48
0
-66
46
4
-63
26
31
1
27
42
17
13
-24
-32
-34
-81
-85
-48
-3
4
52
87
22
14
28
-16
-24
-44
0
0
-72
0
43
-10
55
57
-23
-16
20
-3
-90
3
40
-53
8
41
-7
-37
-58
-72
-32
1
-7
23
0
19
111
38
-21
38
5
-52
-43
-80
-33
26
-1
42
19
-28
14
-39
-47
-15
-94
-62
28
33
22
57
48
24
52
3
-87
-68
-32
-59
5
17
3
50
-3
-20
26
17
-3
-65
-92
-37
-16
-18
34
82
6
65
56
-67
31
-11
-71
-22
-36
-14
-36
-27
16
19
-5
8
47
-36
-52
6
-7
33
79
36
9
28
-13
-15
-16
-59
-18
-35
-92
-9
38
-28
37
13
-82
76
100
-71
1
88
-44
1
83
-42
-16
5
-95
34
110
-62
-62
40
-52
-16
122
-36
-13
24
-84
17
53
23
-18
5
4
-39
59
27
-25
1
4
76
18
-36
39
-28
-72
-2
6
-11
25
46
-44
28
104
-17
-6
-84
-54
50
-98
-56
58
36
41
77
22
51
121
-40
-53
8
-96
2
32
-46
41
-1
-64
20
56
-49
-65
61
9
-24
69
14
-13
15
-12
-8
-22
-36
-20
-24
-24
-6
71
31
-5
61
33
47
26
-25
13
42
19
-25
-29
-70
-74
-28
-39
-67
-34
37
-23
-24
60
64
-15
-20
55
20
35
7
-87
-41
38
26
-22
13
66
53
7
-38
-59
-27
-5
-15
-42
-53
1
-8
-19
48
77
2
-23
0
-31
-17
-74
-64
43
9
13
63
-14
-60
23
43
46
9
-79
8
17
-51
46
1
-48
-4
9
45
-52
-52
18
18
58
44
-15
-69
-50
-9
-20
-12
-22
-20
53
11
7
81
24
-4
-5
19
-7
-83
-45
8
28
-26
13
39
-20
34
-14
-40
-7
-27
27
31
14
8
-37
36
49
-13
41
53
3
23
-23
-30
41
9
-5
-43
-97
-56
40
-22
-59
24
23
23
36
21
-21
-11
29
50
39
36
73
66
-22
-34
51
25
-44
-84
-80
-44
0
28
30
77
26
39
98
-17
-48
-62
-89
-38
3
-16
-39
54
36
10
72
13
-15
2
9
34
13
12
17
-7
46
61
-5
-3
30
19
-18
-8
10
0
0
-19
-42
-95
-98
-16
2
-5
47
49
11
40
26
5
34
46
-13
-47
29
-18
31
101
19
41
28
23
21
-107
-104
-15
-100
-60
84
15
-24
53
32
5
25
-1
-2
17
-26
-40
56
57
-22
-13
-54
-25
64
-33
-30
45
-53
22
120
34
23
14
-31
-38
-63
-87
-4
8
-26
90
76
-7
48
36
-43
-96
-62
-24
-69
6
56
29
35
63
108
15
-55
-17
-55
-34
6
-13
44
0
-95
-33
17
-23
-31
-33
-43
40
39
0
84
58
23
41
70
52
-46
-47
-21
-46
-41
-15
-19
-1
3
-33
-22
-16
-55
-59
-9
4
-8
25
49
26
20
-5
16
26
-7
49
19
-34
-37
9
13
-6
60
-9
-19
82
-27
-43
11
-72
-18
-16
-96
-32
-18
-51
-10
7
3
-16
11
54
-6
12
68
41
15
17
30
4
5
3
32
70
-42
-104
-64
-26
-76
-70
13
29
51
3
-41
-1
8
-12
27
26
-10
-17
-54
-34
40
2
-5
49
15
20
4
10
22
-29
2
-10
-28
-37
-49
44
30
10
33
-84
-90
-51
5
77
-24
0
60
-21
-10
38
37
-4
-31
5
-9
14
44
-28
-23
-8
-24
-5
15
1
-48
-6
-11
-35
16
6
33
32
-4
30
0
-29
-31
-19
73
43
-12
-21
23
33
-31
-12
-41
-37
5
48
-1
-20
7
-62
0
-19
-29
25
-3
12
18
28
-3
-6
35
-20
-28
49
86
53
-9
-35
-28
3
-4
-14
-5
-33
-5
15
11
-13
-16
-6
-52
-10
-10
-22
13
6
13
-2
9
41
45
-27
-46
22
22
3
22
-35
9
89
51
46
15
-46
-81
-47
-65
-41
20
-38
12
50
-14
10
-33
-30
29
-25
-2
64
37
0
12
-7
-34
16
33
-5
61
-33
-90
23
-36
9
33
-20
-6
-20
9
1
15
-24
-99
33
12
-7
107
37
28
54
0
-23
-58
-127
-30
30
-89
-11
54
0
35
25
7
33
-43
-12
48
-47
-3
-3
-56
33
75
51
-1
-10
-34
-42
-15
-15
3
58
41
-9
37
26
4
-63
-86
43
-8
-64
-50
-29
11
13
29
-68
-58
21
15
87
112
64
37
-6
19
32
-49
-8
-1
-42
-23
-44
-42
-29
3
8
2
28
0
-3
2
-19
40
53
-29
7
-21
-74
7
54
10
-31
3
33
33
19
20
4
-14
22
-29
-46
37
47
5
-27
-3
-18
-18
-30
-53
-5
-20
33
99
62
20
-7
-37
-63
-14
-14
-88
-42
55
81
61
26
17
21
-12
14
25
-31
-14
-37
-59
26
-5
-8
51
-16
-26
-9
-37
-80
-17
83
55
-19
-19
74
45
34
47
-63
-53
-1
-21
-3
8
-24
-4
67
14
-33
-23
-35
-21
-24
-39
-27
6
13
10
22
25
22
63
70
32
9
-49
-38
0
-22
3
-2
-16
23
-34
-24
14
-41
11
-17
-109
-14
39
26
24
1
42
12
-11
41
18
-14
-51
-51
26
52
26
48
27
22
34
-3
-35
-35
-6
-49
-77
-35
-27
-12
-22
-14
48
-15
-41
56
47
-4
55
98
22
1
-1
-27
-23
-44
11
9
-27
18
-37
-50
28
16
17
9
33
19
-51
17
-18
-78
11
26
-11
-24
-22
42
68
52
-2
-5
-16
-61
-32
-33
0
21
24
32
0
22
54
5
-48
-17
14
-7
-27
20
-5
-23
46
3
-29
-37
-19
2
-28
-6
12
19
19
62
3
-19
34
-10
28
-24
-58
-12
-27
2
-21
-19
17
28
-15
-53
55
50
22
46
-40
-27
40
13
24
-3
-67
21
43
-130
-105
-27
-58
69
59
42
50
-7
19
23
48
3
-67
-63
-22
22
6
9
25
-22
-13
-29
-38
2
4
61
48
2
-15
-15
-33
-32
37
-31
-21
38
-12
30
26
-5
-21
-59
-17
-20
13
56
54
11
-84
0
54
-12
-4
-12
-42
5
36
6
-8
-13
-20
7
66
18
-26
-8
-2
50
25
22
-10
-112
-61
-16
22
23
23
33
-25
31
16
-3
57
-23
-51
-19
-7
39
-28
-23
70
44
35
24
0
-32
-41
4
12
-13
-13
-26
-21
-7
-15
77
83
-10
72
47
-51
-42
-104
-23
108
73
-52
-70
-17
1
31
-26
-5
28
16
40
-11
14
28
5
52
0
-29
-22
2
40
26
57
63
-28
-125
-64
5
14
31
0
3
23
28
-13
-44
-15
-19
-10
-40
13
82
6
35
30
10
58
27
36
31
-66
-23
-4
-31
9
-12
-14
-62
-15
5
-5
34
-50
-37
21
76
65
-15
44
14
-26
24
-19
12
35
-73
-32
45
30
1
-76
5
50
-59
-51
-22
4
11
12
16
9
25
23
33
28
-5
-9
28
15
-12
-50
-3
66
-24
-80
-46
-5
-13
-22
6
-10
40
45
-78
0
100
-2
-15
9
-15
39
60
10
-22
-27
0
-16
-103
-88
30
34
40
86
-15
-27
34
-2
31
19
-24
-3
-9
-30
-45
19
7
-46
-3
7
-12
-70
19
62
-27
48
72
32
19
16
-9
-28
-39
-52
32
33
-21
-40
-9
45
62
36
-45
-8
-47
-74
18
-4
3
11
39
46
-34
-20
27
38
20
56
11
-35
0
-41
7
-21
-92
24
75
32
-7
-35
23
42
23
34
-17
-35
-20
-74
-70
42
72
31
-15
3
24
-20
54
111
-6
-24
-17
-40
-49
-42
46
-36
-28
32
-4
48
5
12
6
-29
79
28
-32
-8
-49
45
18
-2
71
-64
-52
-10
-21
6
-13
38
75
54
4
-37
-39
-34
9
18
-11
0
-46
-35
53
54
14
-24
-34
-13
19
16
2
10
-49
1
20
-4
70
2
-10
32
4
-6
49
25
-97
-21
5
-57
-5
-16
-32
-35
-60
21
35
31
51
36
40
-11
-15
12
0
-5
-20
-55
1
72
31
-1
13
-3
-98
-105
-21
39
85
20
-5
0
-12
5
-30
-2
-14
0
1
-77
-29
22
35
29
21
33
-50
-49
17
50
58
-1
27
44
-76
-40
-1
-58
13
-64
-60
1
-31
60
-17
-2
59
44
81
-25
-32
31
-1
-44
5
22
-33
-60
-33
60
13
-17
-9
-14
2
-19
15
9
-47
-27
24
18
71
39
-29
-11
-36
18
57
-2
-30
-33
1
-13
-47
-3
27
14
23
6
-18
35
9
5
5
-33
20
-29
-69
-41
-12
22
19
44
27
29
59
-9
-23
10
25
3
-61
-68
-57
-24
17
92
116
12
-27
0
-25
-40
-37
-24
-3
-8
0
-16
38
41
-9
41
11
55
17
-108
-54
-40
17
17
27
69
-61
-30
29
-11
17
67
58
-13
-64
15
22
-31
12
18
-39
-121
-68
19
30
2
7
36
41
53
-35
-18
42
-16
-5
19
27
-21
-27
8
-15
-5
-23
-76
-8
50
-14
36
34
-23
-5
6
1
20
2
-24
-18
-71
-26
25
37
12
-14
75
13
-44
10
16
21
-34
-77
-34
-22
10
2
-31
61
37
25
25
-60
23
15
-44
0
-59
-30
52
17
13
5
-30
-1
36
-10
3
-11
-29
12
-13
39
11
-58
-1
8
-7
-10
-22
-21
-34
7
36
-36
52
64
-46
23
26
4
29
-24
-42
-56
-30
61
17
-49
50
124
-13
-93
-46
-52
-49
37
39
-13
1
5
-4
48
38
-30
-13
-45
0
65
-9
44
68
-21
-30
-51
-14
16
-49
-55
-18
-6
-23
11
132
89
9
-5
-58
3
17
-51
-49
19
0
-18
1
44
60
-35
22
53
-32
-99
-85
-17
31
42
23
47
10
1
49
46
-58
-59
51
26
-1
-62
-38
-12
-59
14
46
42
9
-6
-2
4
42
36
62
-11
-75
-62
-65
32
20
-25
34
-2
11
22
-48
-7
4
-19
4
-3
8
54
46
-17
-43
0
81
43
-71
-35
-31
-15
58
-17
-50
11
29
15
0
-16
-22
-52
-11
38
-6
-12
15
47
6
-55
-16
16
52
21
-37
32
13
-6
34
24
5
-48
-42
-53
-71
-6
1
12
47
50
3
-36
-62
15
52
-12
66
-3
-24
27
-44
-13
7
18
10
-4
30
-3
-9
4
-6
16
-53
-95
-34
-50
-35
77
69
22
48
49
9
-23
11
44
-43
-38
13
-48
-35
28
19
-19
-15
3
-15
-6
37
66
51
-68
-105
31
52
-67
-36
1
24
47
1
14
16
4
-12
-39
-14
35
-20
-1
83
17
25
6
-37
-28
-43
5
-8
-23
29
-1
-20
23
-16
-3
-10
-41
-5
5
29
-12
19
100
29
-25
56
41
-66
-60
-20
-19
-21
-32
-42
29
67
44
15
-20
33
56
3
-24
-2
-26
-57
-27
-35
-7
12
-41
-30
57
78
52
12
-6
8
-21
-13
20
49
7
-58
-28
-17
96
37
-88
0
-48
-22
0
-12
57
1
-45
-37
18
48
8
-39
3
58
26
54
42
-17
-15
16
0
-24
-2
-51
-44
-4
-56
-45
29
55
14
8
28
9
-31
-1
1
-53
-19
41
41
53
50
4
60
23
-45
-24
-74
-48
-21
-58
-12
27
37
48
47
-10
-87
-41
22
9
7
11
31
66
13
-38
-31
-37
5
39
7
27
13
-31
-16
26
71
-28
-70
-14
-14
-45
-37
48
36
-17
-32
-13
8
34
46
29
12
-10
-2
-22
-36
-1
40
22
-39
-6
60
19
-26
-44
-29
-25
-28
-12
-6
74
12
-49
25
11
0
-4
-1
17
47
24
-41
-41
8
28
1
-30
-52
-5
63
43
-42
3
5
-47
0
-25
-44
5
91
73
-7
-31
-90
-40
12
-18
26
-33
2
104
49
41
43
50
-15
-73
-95
-96
-4
-8
-22
60
56
-19
-14
-16
0
18
-20
9
20
7
35
4
8
37
20
6
-34
-50
-25
-42
-49
2
13
8
99
79
-21
-24
-42
9
48
-18
-19
-45
-47
13
15
-8
22
-13
-65
20
46
29
2
39
58
8
20
0
-24
-30
-27
-29
13
-33
-72
46
-9
-30
21
-13
42
53
-2
13
90
55
-67
-62
-44
-43
5
42
54
-18
5
3
-81
33
40
28
81
-6
-46
-24
11
8
-42
-61
-14
34
-23
-41
12
38
13
57
81
-12
-37
-34
3
16
36
47
17
25
-30
-67
-59
4
25
-20
14
0
-44
-20
-12
28
66
26
2
-30
1
59
-49
-43
69
0
-21
7
8
12
18
83
21
-35
5
-48
-63
-44
-15
-25
-34
51
10
-25
102
105
-41
-39
-19
-39
30
13
0
41
15
11
-1
-21
6
31
-9
-63
-19
-8
-7
-12
-61
27
68
0
0
23
12
-4
24
34
-29
-18
-15
-58
-35
59
83
-2
46
14
-40
-4
-41
-16
-29
-60
-2
50
58
-13
-9
25
-21
-24
-12
32
32
-41
-39
-13
9
56
53
39
52
7
-18
-78
-29
30
-69
-44
-56
-43
11
3
81
145
97
24
-69
-87
-6
-64
-66
21
26
32
-24
-5
38
-12
35
1
-43
29
10
14
23
24
31
-29
-8
-20
-62
-8
-21
-3
9
-45
21
40
-33
-16
47
33
27
38
-3
-10
-18
-13
-19
-14
22
-51
-64
49
72
12
-21
-39
17
59
51
90
25
-73
-68
-81
-77
-61
-41
-16
16
33
24
31
16
114
122
-24
18
22
-14
12
-11
20
-26
-86
-53
-55
-42
-32
-16
53
63
-7
-35
-1
31
-32
-24
22
-8
37
54
20
26
58
3
-58
33
96
20
-58
-84
-25
-35
-45
10
4
27
-51
-58
9
-41
28
73
-22
6
2
7
40
4
40
-11
-19
37
-3
-31
19
47
21
20
8
-2
-44
-46
5
-24
-12
-13
-68
-20
24
-21
-13
-5
-20
15
-14
16
50
6
61
42
-18
1
40
55
32
9
24
-18
-114
-89
-13
21
-3
-4
37
-8
-31
-7
-1
-28
-39
-18
-64
-54
28
44
24
9
67
98
25
56
36
0
61
67
60
-67
-134
-84
-104
-53
-38
-39
-4
-11
-12
11
32
47
57
-17
-25
9
2
52
28
4
33
6
36
40
33
22
-56
18
25
-21
-20
-59
-2
-55
-95
-31
-44
-27
-20
-23
-17
-6
30
79
84
38
100
75
14
1
-39
-1
-39
-15
65
0
-47
-45
-33
3
38
15
17
-44
-105
-57
-74
-19
38
8
-47
-7
85
0
29
105
59
33
29
38
-25
-62
-20
54
40
-43
-9
-3
15
-16
-89
12
-26
-79
-46
-37
19
-33
-10
10
-57
3
42
49
32
51
62
5
51
33
73
76
-22
7
-57
-61
-50
-68
25
-4
-54
-31
-82
-78
-21
-66
-42
48
18
50
76
-9
38
87
73
74
75
-3
-113
-49
3
1
33
5
-17
-43
-75
-1
13
-35
8
-22
-47
-1
-53
-41
-27
-9
31
5
44
54
31
21
33
29
29
79
24
19
32
-94
-37
17
-65
-5
-1
-69
7
19
-61
-61
-31
-20
-53
-52
8
8
26
90
139
127
63
32
-14
-71
-72
-39
16
38
-21
-53
44
96
-22
-15
14
-61
-62
-84
-65
-2
-30
7
33
-21
34
53
50
74
14
-12
67
86
-5
-32
-38
-58
15
66
-1
19
-15
-96
2
-21
-15
2
-41
5
-52
-21
29
24
38
43
44
-21
-28
-9
57
68
-29
-34
6
28
28
12
3
23
2
-22
-13
11
-12
-49
-34
-78
-49
17
36
48
59
-13
-63
-12
33
107
-28
-27
50
-23
40
5
15
38
-29
-39
-12
36
-14
-38
-42
-25
38
0
12
21
0
-5
-49
-20
3
39
-6
-84
4
63
35
-23
18
78
-40
-18
38
42
51
-103
-68
18
10
41
-31
-9
-13
-42
-20
8
70
-24
5
32
-77
-66
-36
12
13
7
38
47
70
36
39
31
-10
-27
-82
-38
-28
-66
-5
-14
-4
57
33
11
-7
-40
11
5
-22
40
-9
-22
59
34
-31
-75
-51
6
32
47
29
70
15
-62
-25
-30
-22
-43
-64
37
59
-17
-5
37
53
38
1
-58
-72
20
47
0
8
-14
-7
74
-16
-58
-32
-81
-27
42
54
28
5
1
-9
-19
17
61
0
21
74
-17
-66
-50
-34
0
-10
-2
82
58
20
-33
-104
-27
22
17
-31
-42
21
25
45
52
-2
-46
-14
38
40
-25
-12
38
16
36
10
-45
-92
-47
101
32
-43
23
11
34
-33
-69
28
-24
-59
-49
37
73
-5
32
15
-8
7
0
-14
21
62
37
8
-23
-36
-15
-9
-38
23
9
-34
23
-16
-15
36
-21
-43
6
1
19
-47
-57
12
16
47
-20
32
52
-23
59
19
29
36
-64
39
58
-9
-54
-114
-67
-73
-30
67
41
-4
-50
-19
42
5
9
7
-9
23
6
-10
-28
10
44
-3
90
110
29
-10
-45
-25
-45
-40
-54
-85
-15
-32
-76
2
38
18
19
-8
-4
-4
-20
18
57
85
25
41
36
-46
7
-24
6
29
13
38
-50
-47
-41
-33
-32
-77
-6
-15
-37
-1
-20
11
-1
46
52
-29
-13
26
74
18
47
129
-24
-58
68
46
-28
-40
-60
-57
-28
-39
-27
6
-21
-57
-22
-6
-31
-56
-9
61
47
45
19
25
35
27
105
32
-46
-13
34
73
17
13
-9
-78
-70
-65
-51
-43
-54
-45
11
38
2
-22
-34
-40
15
60
56
15
4
111
90
29
28
43
41
7
-2
-49
-90
-46
22
-49
-63
-17
-56
-42
-72
7
64
-36
19
10
11
28
-49
29
54
75
99
50
64
36
-16
6
8
-24
-22
-26
9
2
-94
-128
-59
-26
-60
-23
10
-2
34
38
10
79
103
42
4
-30
-15
32
35
28
68
13
-22
9
-32
-41
-23
46
31
-91
-48
-17
-91
-20
43
-34
-44
-37
35
87
24
0
2
23
63
80
58
-21
-48
27
16
51
44
-41
11
39
-44
-92
-52
-33
4
-11
-78
-107
-35
89
35
-3
64
39
41
-9
-51
71
75
12
40
47
43
23
-86
-68
-27
-50
13
42
-9
-19
-27
-31
23
-2
6
48
-30
-70
-21
-17
29
-6
-4
55
-25
19
-21
-7
109
80
87
41
12
16
-3
-63
-78
-71
-90
-1
1
-32
-32
-49
8
48
3
-11
14
18
50
4
1
32
-9
20
31
-14
-13
3
-2
49
17
30
86
24
74
-96
-203
-42
-42
-4
-19
-31
25
-29
-27
7
-32
4
13
-36
10
90
36
62
93
38
63
16
11
16
-29
-65
-43
-66
-54
-32
-33
9
-17
-40
-41
30
39
24
-27
-103
-2
47
-30
11
141
103
58
104
7
-78
-33
-70
-33
15
-8
33
-86
-113
-1
0
16
-11
-11
-5
32
44
-17
2
-6
-10
-3
-17
-18
59
69
-7
49
65
65
70
-21
-71
-49
-9
41
18
-98
-118
-78
-63
-14
-41
-8
0
-42
60
94
34
38
60
28
-7
-16
24
63
84
79
17
-18
-40
-12
-48
-83
-41
-58
-80
-24
22
-1
27
1
-43
6
18
8
-3
0
23
30
40
20
28
10
-32
10
7
27
44
-19
2
-6
-53
-18
-8
6
-20
-50
-19
-54
-44
13
-10
15
59
-43
-33
60
98
100
-29
-21
45
-10
7
39
1
-19
-36
-32
14
-13
-109
-108
-16
-10
-45
-24
31
20
-26
14
79
33
8
0
54
142
-9
-59
-10
-43
-14
0
12
19
0
19
47
29
-69
-62
13
-60
-16
-10
-122
-105
-71
24
60
30
57
-7
-68
9
54
64
62
72
124
26
6
37
-100
-47
8
-76
-48
-36
-55
-21
21
-18
-26
16
-37
-38
26
-10
8
51
23
33
9
-8
18
-27
-33
15
1
5
26
21
9
1
-5
24
-8
-34
39
-11
-69
-28
-66
-110
-32
23
29
59
44
73
61
9
33
3
21
-10
-46
-8
-14
94
91
-63
-56
-90
-62
46
-42
-2
52
-32
-44
-69
-46
-3
28
58
-9
8
2
-48
51
42
47
122
15
19
48
-51
57
133
-5
-97
-87
-15
-52
-110
-33
-14
-57
-100
-76
3
35
52
53
49
70
45
-22
27
25
1
91
44
25
21
-32
1
7
31
-23
-77
-22
-68
-93
-61
-38
45
71
-17
11
37
-49
54
52
20
57
-29
-27
-59
-9
48
60
97
20
-45
-51
-84
-116
-36
-23
-27
27
17
52
49
-11
18
-19
-44
5
-1
-23
0
43
23
-3
29
23
48
89
27
-8
-85
-112
-30
-35
27
57
-8
-4
-7
15
-34
-44
-33
-56
26
17
-25
-9
53
49
3
13
0
9
-10
-27
47
95
84
32
-27
-59
-41
-1
-35
-47
-40
-28
-1
-45
-41
-12
-14
-34
-16
63
28
-39
19
71
59
-3
-36
19
8
-6
58
56
-3
0
-43
-32
23
-45
-58
-17
-26
-47
24
80
41
6
-31
-18
33
13
-15
67
73
-35
-61
-30
22
22
10
10
-44
-8
53
-8
-24
8
-47
-42
-13
-25
21
76
68
-4
-23
-32
-35
-17
-39
-27
-36
34
87
55
63
-31
-47
45
54
27
-18
-32
-42
-55
-53
-30
10
-9
14
27
-12
20
4
9
-5
-59
-19
-16
4
77
80
59
94
15
-93
-25
-9
-53
-12
-17
3
46
34
20
13
6
-29
-33
-1
-13
-15
47
7
-72
-50
11
56
68
-9
-56
14
-32
-44
3
-37
-6
-12
-37
-4
28
54
7
-26
1
43
-49
-41
79
35
7
4
-46
-46
3
-25
-9
45
11
51
16
-28
0
-8
25
-60
-125
-40
-1
22
25
59
59
-7
1
0
15
33
7
16
-12
-38
-41
-33
25
42
11
-1
48
-10
-93
-65
-62
-55
-2
-34
0
86
31
62
58
59
31
-60
-22
27
-22
-102
-36
-34
-33
24
18
37
2
-90
-113
-32
39
35
14
63
56
-12
-6
-3
28
6
-47
24
33
-14
20
45
35
12
-2
16
0
-25
-33
-23
-10
-48
-3
-7
-2
51
-4
19
-15
-83
-34
-34
-26
24
87
89
40
12
18
31
-6
-22
-66
-42
-22
-75
-8
26
53
86
2
-16
-44
-24
44
-20
-57
-55
-59
-12
32
41
32
18
92
66
3
28
-10
-2
-64
-86
11
22
17
64
72
20
-15
-42
-38
-60
-75
-58
33
38
-19
81
72
-14
-20
-15
1
63
85
38
18
-12
0
1
-24
-5
19
-8
-43
-37
-62
-66
-54
14
6
-64
-1
7
52
103
28
-6
-34
-58
-59
-12
40
52
8
-5
48
61
31
-6
-12
-14
-5
-12
-35
-38
9
36
-42
-81
-77
-57
30
37
40
38
4
53
35
21
36
-30
10
50
17
-7
-30
-51
-37
11
16
-7
-11
-4
-28
-51
-5
21
-27
3
-33
-45
17
-3
21
-16
48
36
-24
28
-42
-11
-5
-38
36
-1
-18
-5
-15
86
5
-63
-33
-36
37
-34
-51
-15
-77
6
48
-6
-18
-6
57
38
37
38
-20
23
18
8
-32
-53
50
8
-7
98
116
15
-25
-49
-117
-77
-16
7
-22
-65
-29
43
23
-9
63
42
2
37
29
27
-16
-7
58
-34
-85
3
13
9
-24
-55
-18
31
8
-70
2
32
4
-15
0
51
-3
-30
-12
22
30
38
16
-13
-5
-18
-5
34
70
24
30
44
-31
-25
-28
-2
37
-44
-52
29
4
-21
1
-15
50
16
-23
56
13
49
72
-4
21
11
-33
-24
-4
-9
15
-6
-42
0
-25
-13
4
-13
37
36
-34
30
77
-20
-4
17
-42
-17
-3
-55
-32
-7
-9
4
-27
-20
62
53
23
-8
-22
83
38
-49
-2
17
-18
0
-2
-23
21
26
3
-48
23
34
-44
-49
-53
16
80
54
9
-1
-18
24
-9
-20
-2
-17
13
-18
31
56
-16
-13
27
10
-7
-82
-104
-68
-57
26
61
53
-2
-5
33
5
-15
-57
-19
26
-14
-3
17
19
35
38
-9
-5
-7
-47
-8
-18
-41
-82
-94
-22
31
42
-40
-25
53
42
90
16
-1
96
-7
-9
0
-25
27
-9
6
27
-15
-4
38
0
-74
-85
-60
2
52
7
-33
67
106
53
-14
-9
0
-40
-16
-14
44
45
-34
-79
-68
3
39
41
-24
-68
-21
-3
-40
10
56
39
18
-30
-40
-64
-17
0
-21
42
35
67
76
36
50
33
41
51
-1
-55
-71
-76
-86
-40
40
73
35
-27
18
31
8
37
-1
64
101
51
45
23
-12
-60
-21
-30
3
-13
-42
17
-53
-26
61
86
71
-22
-67
-6
10
-35
-14
-1
-79
-38
53
38
-4
-64
-8
17
28
94
17
-29
19
29
-63
-86
-16
3
34
25
18
27
-4
-3
-8
-7
-3
-15
-32
-43
50
105
35
9
15
1
-15
31
42
-14
-4
23
29
2
-37
-91
-54
-3
-49
-31
16
84
77
-5
0
-30
-48
2
18
-70
-104
-38
-12
6
57
51
-59
-22
77
56
21
-14
8
5
-49
-87
-39
26
-28
6
46
-15
-23
-52
-46
-16
-1
35
7
32
82
29
2
-20
-59
8
6
-6
59
1
-64
-11
32
8
-71
-75
28
42
-3
-16
7
37
-7
-52
-55
-14
50
20
-33
6
0
-50
37
59
26
32
-35
-20
-13
-6
58
10
-31
21
-13
-45
-5
-65
-50
38
55
23
22
-22
-43
34
56
34
-38
-33
-64
-66
81
118
96
42
-33
-21
51
51
-56
-93
-42
-15
-12
-49
-82
-17
25
-8
-32
24
54
0
-18
23
55
8
24
68
56
8
5
12
-56
-54
51
79
-20
-78
-84
-41
1
1
-23
3
88
53
30
23
19
37
-2
47
-12
-66
39
0
7
11
-42
-16
-35
8
-5
-31
45
0
17
11
-75
8
52
-45
-49
-43
-51
66
58
7
12
-50
-1
37
6
70
73
-25
-56
-28
-37
-26
47
1
-36
43
8
-44
-14
-44
-89
21
59
24
50
-11
21
59
36
55
-26
-73
-65
-25
57
11
7
80
41
-2
-53
-126
-45
17
-31
1
-15
-17
37
-36
-3
55
21
33
25
14
46
18
-18
31
-26
-82
-33
-19
-15
-43
-45
-6
25
39
6
-17
48
63
34
53
5
-17
-59
-18
3
-50
-6
11
52
46
29
19
-16
6
-10
-12
40
-18
-32
4
-28
-1
-29
-32
-40
22
47
-13
42
1
-22
23
39
-9
20
17
-28
51
-13
-37
36
35
16
-20
14
0
-28
-1
-24
-45
5
36
-11
-63
-58
42
90
54
8
18
21
-8
37
-33
-29
41
14
58
25
2
32
-1
-81
-132
-30
-2
-18
0
-8
51
46
-12
5
43
31
-9
4
11
-18
15
33
67
0
-102
-20
1
-7
-15
-64
-17
47
29
-2
11
-7
-8
50
3
-44
22
50
-7
-18
18
-26
-3
32
-5
25
-1
-52
11
38
43
48
12
-3
-8
4
11
-14
-2
-27
-26
8
17
32
-55
-63
-41
-31
0
-1
32
3
57
96
47
26
22
-32
-78
3
-10
-52
-18
32
21
-40
-31
-40
-30
20
8
7
10
37
56
-13
-23
21
53
24
-6
-11
-32
-1
59
8
-78
-18
-5
28
1
-10
101
-23
10
49
-77
-41
7
36
-9
-41
42
66
15
20
10
-22
-10
-10
-30
-14
36
-4
-62
-7
32
38
-21
-117
-59
-18
24
87
64
47
8
-8
-49
-60
-27
-42
-27
-10
-8
19
15
35
72
11
-20
-17
-44
-30
-17
-4
51
-14
-22
38
0
48
57
28
