-45
-112
-42
64
66
25
-24
-12
-6
-38
-45
51
52
-46
-46
9
50
-54
-88
-70
-99
-39
-80
-42
68
-6
-24
11
-3
-7
-10
-2
-48
-87
-114
-111
-34
-25
-15
-52
-127
-112
-67
2
47
69
-9
-67
39
42
36
29
-16
20
43
61
41
35
14
20
54
-47
-27
-9
-11
80
52
89
145
48
1
90
70
-59
-23
15
60
78
34
51
55
38
9
-2
17
8
-68
-16
47
-17
-18
20
-8
3
39
22
2
9
39
9
-6
-32
-13
-46
-68
-10
-49
-34
-62
-73
-8
33
49
24
3
-9
3
5
48
38
-28
-85
-72
-50
-29
48
48
4
-71
-77
-50
-56
-37
-38
-29
-34
14
44
-21
-31
-30
-21
10
55
127
107
9
-20
-76
-87
29
28
52
84
-30
-30
-16
-54
-20
-16
41
67
2
-21
-30
12
74
87
95
93
65
11
-13
13
29
2
52
93
34
42
46
32
6
6
33
4
15
85
14
-89
-32
3
39
19
-29
34
21
56
20
-97
-12
35
-36
-108
-37
-16
-25
11
24
68
-47
-70
-87
-109
-14
-91
-64
26
-90
-113
-30
-54
-42
-34
-48
-36
-115
-93
-73
-92
-32
-44
-64
-39
9
-42
-58
-19
-24
24
42
47
8
-1
-2
-41
3
-31
-48
-13
14
45
-15
18
93
9
-33
18
1
-61
1
124
60
29
76
71
56
-18
38
29
-24
23
-13
26
70
66
78
38
21
-4
-2
62
29
-42
-65
18
33
6
59
21
30
18
21
31
-35
-41
-131
-102
-10
6
34
-11
-17
-38
-9
76
-10
-70
-38
-64
-25
27
10
-10
21
32
43
49
-22
-56
-96
-94
-18
12
1
19
18
25
51
10
65
61
-13
11
43
25
34
64
0
18
43
-15
-40
4
46
77
71
25
1
-12
9
1
2
-22
17
116
29
1
16
-30
10
68
55
-35
-37
13
-27
5
31
4
37
-44
-56
36
-27
-47
13
-1
-19
-54
-86
-75
-39
-26
-103
-120
-62
17
-33
-66
47
-19
-56
0
-7
21
-3
-5
40
18
4
-14
-18
-60
-106
-40
12
-6
-46
-32
33
17
-7
-19
-123
-121
-104
-106
-24
53
84
-19
-39
-13
1
34
0
-4
4
-6
-28
-40
-41
71
112
34
-1
-27
44
33
-11
22
-49
41
134
32
62
61
-37
-1
35
75
158
96
46
72
3
1
-12
-34
60
27
42
166
107
53
84
46
54
96
66
30
39
11
0
11
17
20
-7
-24
33
32
16
89
2
-33
19
30
68
-23
-80
-42
33
48
-66
12
50
-39
0
-52
-66
-22
-67
-27
-18
-3
0
-78
-38
-18
-27
-54
-83
7
-4
-115
-80
11
-3
-64
-85
-102
-81
-52
-37
2
-12
-29
29
3
-44
29
-29
-4
57
-82
-42
0
-45
-34
0
8
-92
-43
15
-87
-44
-45
-129
-6
8
-40
-24
-10
32
10
2
-11
51
95
20
31
-11
-18
13
-31
51
42
-8
33
-35
-38
-8
1
-18
-32
66
70
112
118
34
48
16
1
1
-55
-49
-45
-16
57
-15
-25
63
56
-33
-22
63
52
-1
20
77
9
62
39
-55
92
51
19
96
76
76
30
6
21
31
-24
-42
38
21
44
66
71
110
35
39
43
61
55
-19
0
64
55
-3
-10
-2
17
-44
-36
0
-42
-4
19
-27
-26
-4
-17
-55
-112
-37
49
-3
-35
54
97
38
41
24
2
-55
-69
-1
-25
13
77
-38
-150
-124
-68
-45
-1
6
-23
-22
-47
3
10
-68
-107
-115
-47
-23
-19
16
-9
-13
-31
-91
-20
52
34
-8
-77
-48
-16
-2
28
-29
-43
-45
-2
28
8
33
-20
-6
13
-20
1
3
53
67
84
97
28
5
11
0
15
20
0
33
28
17
-15
-5
29
-23
-46
-79
-71
-83
-82
-16
-23
-56
-46
-22
12
14
-50
-48
10
-24
-56
-1
20
14
-30
-40
-8
-60
-62
-31
-31
-6
1
59
54
1
54
0
-44
5
2
-21
11
15
-32
13
41
23
14
32
63
44
70
17
-40
-18
24
89
12
8
24
-14
56
63
22
2
24
23
65
57
-46
-28
-75
-94
-34
-32
-1
-8
40
25
-13
22
41
99
64
15
37
20
9
8
-24
27
44
-15
-23
14
39
15
49
53
25
9
-49
3
29
-25
-9
-3
-11
-39
-8
18
-27
-71
-103
4
48
-20
-25
-79
-132
-89
-49
0
28
13
1
-34
-49
-21
-14
8
57
31
24
38
-9
1
13
-43
-24
-37
4
53
-17
2
-4
-28
-62
-40
20
-27
0
8
-32
-12
-26
-49
25
54
85
36
-43
13
-74
-159
-65
-1
8
67
17
-18
69
-43
-86
-8
-1
47
53
45
9
-15
38
23
39
31
-30
37
40
34
-17
-107
-34
12
60
29
46
160
54
0
78
-4
-36
5
-56
-14
-24
-107
-47
18
28
-7
-33
-45
-69
-9
5
-12
38
44
19
-19
-4
7
28
86
62
-31
-59
-48
-79
-23
12
65
82
0
0
-18
-17
20
-26
-54
-4
-12
-31
41
65
0
6
98
47
25
21
-26
16
33
77
3
-82
-57
-12
82
80
37
1
-30
6
34
42
-41
-84
-29
-5
66
34
20
-4
-37
77
13
-53
7
116
121
9
10
-18
-22
-35
-60
-19
-46
-10
16
-41
-5
-33
-14
21
-70
-18
16
-51
-17
21
-15
-33
-49
-90
-64
-34
-48
-23
9
16
4
-61
-67
-10
-4
13
5
44
66
-28
-37
4
-19
-68
-34
5
-13
52
75
46
-6
-56
-17
41
60
-13
0
48
11
-7
24
13
-18
34
41
-5
33
38
-2
42
60
-4
-6
43
-36
-26
43
21
65
83
95
36
-24
-15
-75
-45
-2
-40
28
74
-8
-47
-7
18
-19
-24
2
-22
-40
-53
-47
-47
-23
0
14
36
50
75
81
55
57
23
-69
-65
-46
-16
21
61
15
-18
41
-41
-18
56
43
80
7
5
68
48
50
-19
-2
20
-58
-34
-31
0
1
-34
-46
-71
-5
-17
-80
-43
-2
-60
11
151
41
-25
-12
-13
14
-43
-60
-11
-7
7
-4
-21
57
1
-46
58
84
33
-54
-87
-48
-23
-43
-29
-28
-39
-31
-24
-5
3
27
-36
-82
-63
-53
-40
0
61
-30
-36
13
-95
-49
50
40
-43
-14
114
33
-27
-44
-24
58
14
13
-53
-59
66
2
-23
41
-12
8
14
-3
75
34
12
17
25
37
16
26
-55
-12
5
-45
22
24
-20
-51
-9
39
63
92
28
5
13
-23
24
25
26
55
12
23
0
-45
25
121
90
52
112
106
34
-26
-69
-35
-10
-74
-42
39
-5
-16
16
-37
-43
5
-17
35
-7
-93
0
-49
-40
21
-95
-150
-74
50
52
-4
-2
-9
-11
-51
-38
31
82
72
49
0
-49
-20
-31
10
-38
-17
26
-57
31
76
90
79
-14
-33
-3
29
-13
-47
-9
17
-4
-64
-68
-41
2
41
-3
14
-23
-123
-12
70
41
43
37
21
39
50
-38
-59
-7
6
42
38
7
-17
29
53
41
65
-17
-66
9
-6
-73
-89
-107
-64
0
-16
-19
77
45
-105
-90
-64
-68
-10
-19
-38
1
6
-10
-3
-80
-47
53
38
7
-5
66
31
-4
44
62
65
-72
-32
88
54
46
10
27
78
34
-61
-12
54
39
7
10
59
9
-2
1
-6
33
22
106
126
40
27
31
47
38
21
-40
-1
14
-60
-80
-46
-11
-98
-91
1
31
29
9
50
69
16
-31
-73
-26
37
27
-47
-50
21
-28
-73
-77
-39
-7
-49
-49
-6
18
-19
-35
-13
-50
-47
-17
14
31
-23
-47
-37
-45
-38
69
57
-75
-63
-35
42
69
-9
91
102
-19
-24
25
110
114
57
73
45
2
74
60
-30
-8
43
79
30
-77
-73
-36
9
113
61
-59
-56
-54
-16
-43
-140
-28
77
98
88
27
78
54
-17
11
-34
-49
-12
-52
-81
-34
-18
22
38
-15
-24
-44
-1
-56
-53
93
50
-24
31
36
-67
-105
-37
38
43
-9
-33
-54
-67
8
58
57
52
79
62
-26
-29
-3
-28
-43
-2
-30
-82
17
46
5
18
0
-31
-56
-44
39
75
-12
-25
-21
-8
9
-70
-14
41
-28
-7
-29
-60
27
10
39
153
65
38
47
-2
8
-9
2
0
6
76
88
55
27
-27
15
83
23
2
11
1
11
-38
-30
-25
-79
29
26
-43
7
-11
12
-4
-59
-31
-80
-155
-42
16
-31
17
5
-13
-34
-42
0
-43
-53
-30
-69
-46
-35
-35
-33
-5
35
22
78
93
-36
-63
-15
-50
-21
12
62
75
25
48
48
28
47
63
-13
-6
17
-3
64
-1
-7
59
21
-5
24
67
32
7
14
16
-8
20
-1
-28
74
86
117
71
-13
26
-77
-34
59
-5
27
-14
-29
15
23
-4
-45
-10
16
-24
-50
-46
-53
0
1
-7
-13
-46
9
49
66
17
-86
-34
52
44
-25
-74
-28
17
22
-3
-36
9
20
10
60
17
-24
-16
-26
-15
29
38
0
28
-12
-75
-2
-1
0
-11
-57
19
55
7
-40
-12
72
48
12
-9
-69
-58
-51
-24
-27
-29
22
36
20
-20
-5
-15
-34
-24
-25
-2
11
12
-67
-67
30
35
10
-58
-45
58
29
-17
59
50
0
69
41
39
43
-35
25
-49
-64
25
15
79
21
12
-34
-112
2
6
18
-3
-73
38
17
-33
42
-20
-9
46
46
50
-13
9
1
-39
-6
-46
-27
58
34
20
-16
-24
35
1
-3
-28
-34
29
-3
-19
26
13
-8
73
34
-23
25
29
31
50
99
97
80
94
116
40
-26
44
44
-9
-38
9
57
0
-31
17
-23
-32
-5
-59
-9
7
-37
18
0
-54
-24
-57
-47
-18
-39
-21
-22
-42
-59
-25
-1
-55
-67
-27
-38
-32
-16
-43
-46
-33
2
-1
3
54
14
0
-8
-49
20
-11
-52
57
76
44
42
59
62
34
-7
-37
4
8
-21
-16
-36
25
16
-1
101
114
71
24
17
8
0
21
-19
-12
61
11
-73
-61
-39
-28
9
19
37
56
-12
18
10
-39
33
20
-5
-66
-74
-53
-75
-13
2
-9
-36
-52
-16
-33
-66
-88
-61
35
11
13
72
0
-49
-43
-29
40
115
59
17
-12
-43
32
74
30
-30
-10
-6
14
43
28
62
29
-29
-35
14
87
58
3
11
7
61
-4
-170
-101
-27
-50
-13
5
30
93
34
50
73
-44
12
74
-3
80
79
3
48
-35
-13
-5
-86
31
55
-52
-5
-6
-59
-22
-16
11
-25
-1
-13
-76
4
34
17
-16
-21
19
33
-10
-21
9
-63
-96
-37
-43
-26
-37
-87
-67
-40
22
47
56
60
-46
-49
5
4
-26
-126
-63
38
-31
-49
31
41
-41
-25
25
-20
23
34
-39
8
41
0
-26
-23
-53
-88
-73
-51
0
60
-34
-29
93
69
42
-68
-62
-4
-56
79
80
-24
38
76
75
28
7
1
-36
0
21
-20
-40
-19
-4
-37
-69
-13
64
80
48
57
73
-5
11
78
44
35
-18
-33
-9
-23
33
111
68
-33
7
-35
-94
-49
-76
-78
-67
0
34
-3
31
61
7
-57
42
44
-15
76
51
88
116
-33
-30
11
-79
-86
-9
-42
-59
-51
-71
-71
-20
-10
-35
47
29
-39
3
47
67
36
37
56
18
39
18
-14
15
-48
-73
13
22
40
21
1
94
49
-39
-6
48
91
43
-38
-75
-49
29
-12
-16
5
-57
-111
-117
-7
28
5
23
10
-63
-62
-25
-44
-31
-63
-56
-22
-69
-54
27
1
-18
-57
-143
-102
-108
-31
74
13
-6
-5
-2
-18
-2
8
-21
-2
-57
-71
30
83
8
7
80
58
15
-11
-11
13
65
77
63
48
24
36
19
-72
-66
-24
-54
-15
48
98
50
-66
-36
5
52
89
6
6
3
-18
42
28
0
-18
-9
34
30
3
-46
-69
0
10
-32
-45
-34
-7
14
70
78
-10
-25
7
-38
-8
36
-15
-38
-75
-19
69
9
20
13
-36
0
-13
-24
-17
-29
-4
23
2
19
-7
-82
-29
25
23
31
-4
-18
0
-34
-30
15
-11
-68
-67
-40
17
42
33
53
68
33
-8
5
-9
38
126
35
-17
61
-9
-57
-75
-82
10
16
35
21
47
71
-9
24
-19
-102
-66
-67
-6
83
15
5
46
-9
32
28
-77
-28
31
-20
-19
21
48
58
-14
-24
-6
-93
-93
-14
-7
-20
10
-56
-56
16
25
53
-32
-59
30
8
-3
17
-38
-34
-50
-59
-18
-58
0
91
81
89
131
75
-27
-64
-80
-10
-13
6
78
23
0
-14
-31
-35
-30
19
41
37
0
-56
-24
-2
-41
21
60
54
21
-39
17
54
51
36
51
-11
-79
-34
-17
4
-33
-5
6
-35
17
-24
-95
-90
-57
-13
26
-2
-21
47
-21
-25
33
-28
68
93
91
107
18
-19
-88
-25
61
23
20
13
-23
-32
-14
-70
-105
-74
-65
-42
-25
-7
-35
-81
-31
-13
21
7
-124
-65
11
-29
1
-4
-26
25
44
26
66
61
23
42
39
24
28
6
-10
-29
-89
-34
78
95
86
52
68
88
9
29
76
-2
-21
-2
-7
22
-3
-18
32
30
-40
-20
-5
-5
91
20
-79
-87
-74
4
-60
-62
15
-84
-107
-103
-28
66
-10
24
57
35
44
15
8
30
27
18
30
17
-22
-1
0
-20
52
18
15
48
-32
-7
54
8
12
54
14
-37
8
45
32
70
89
20
-12
13
36
38
5
6
38
42
16
72
60
-41
24
28
-63
-7
7
13
-9
-37
26
-32
-35
5
-36
0
18
26
9
-55
20
100
86
48
-13
-30
-27
-15
2
-39
-59
-47
-19
-39
-52
-11
-56
-53
-46
-15
22
-15
50
30
16
52
43
51
-16
-62
-53
-29
-13
-25
0
17
21
34
-21
-50
-62
-63
-47
-29
72
52
-18
-4
-53
-52
33
-17
-56
40
22
14
37
-30
-59
-25
0
24
-39
-61
64
83
-13
-120
-51
79
3
2
5
-75
-69
-91
-45
22
-10
1
-18
-80
-56
20
59
62
19
-29
-31
6
20
-34
-35
-18
23
31
28
101
44
-52
-31
-7
7
78
-4
-27
119
86
30
23
36
4
-80
-29
4
-81
-36
12
-7
9
-67
-67
5
15
37
46
77
54
19
93
54
-16
25
64
46
39
77
43
3
15
52
86
64
5
-22
-18
-38
-51
-22
-9
-10
-7
-3
44
34
-18
-29
-18
40
-7
-46
10
-14
27
20
-51
-47
-14
-34
-76
23
84
25
-16
-34
9
67
7
-20
7
-6
-38
-28
-28
-64
-1
-37
-38
15
-40
-46
-43
-2
-29
-32
63
68
37
-10
-18
78
53
-83
-84
-47
-18
31
4
28
63
26
18
-25
-46
7
27
-47
-69
-34
-75
-30
39
-10
60
80
27
125
28
19
79
7
0
-39
-26
-8
36
13
-13
45
27
74
96
32
19
29
-16
-58
-101
-115
-38
-7
17
-14
-47
-17
-64
-64
-48
-35
-33
6
2
-95
-47
-8
-53
-34
39
-11
-52
18
15
5
-11
-15
-15
28
69
25
-3
31
46
24
41
-2
-35
19
67
55
50
38
20
71
67
-26
-85
-64
-63
-80
17
3
-40
78
78
16
25
42
35
27
10
-42
-60
-75
-61
-3
5
69
42
7
54
25
43
-15
-27
-33
-46
11
15
-7
-100
-81
-56
-83
10
10
-26
-11
-48
7
52
32
10
-21
14
-18
-51
-4
-5
20
30
-8
-24
18
49
-1
10
-1
-71
-63
-50
0
26
-2
49
57
19
-26
-14
-41
-61
50
103
76
2
13
0
10
59
32
57
55
8
64
56
-95
-47
67
0
14
26
18
1
-38
92
81
-27
23
47
36
79
50
-30
-60
-44
20
38
19
-10
-28
9
36
29
29
48
53
45
-66
-48
6
-75
-81
-71
-41
-93
-74
34
-21
-6
12
27
36
-64
-27
28
21
0
29
50
9
54
42
23
39
3
-49
-25
18
-45
-67
-76
-77
1
64
45
37
-46
-63
21
-64
-43
-61
-96
8
42
64
8
-30
11
-21
-44
-19
27
47
5
-31
-55
-32
32
50
-4
-13
-10
15
32
0
-28
-92
-11
47
-34
-43
-48
-52
-41
-30
0
5
23
11
29
59
20
80
63
22
42
-15
23
82
13
-50
-74
-38
45
9
22
24
-82
-4
15
-45
1
-10
2
15
13
7
-14
-31
-47
7
-9
-67
-79
-25
50
-17
-55
-11
-30
-21
-5
9
13
21
80
40
34
60
18
3
4
8
6
-50
-89
-19
11
35
39
-67
-52
19
3
47
-2
-31
37
-8
34
38
13
13
-12
43
17
35
60
-12
-49
-48
-10
26
56
-6
-4
68
-6
-1
0
-36
63
22
-38
12
-16
0
33
55
11
-53
-4
-26
2
16
-29
18
32
74
51
-4
120
93
7
30
-6
-43
-120
-108
-75
-85
-1
14
-6
41
7
42
46
-63
-18
-23
-36
1
-15
12
-6
-35
26
34
2
41
3
-38
-22
-26
15
-1
-44
-49
-15
49
54
-4
-78
-19
85
25
39
110
66
-10
-21
15
-8
28
24
-59
-34
24
12
13
-42
-20
62
-20
17
12
-30
12
-64
-103
-108
-80
-63
-90
-19
24
40
91
78
-29
-57
-40
-50
22
51
41
39
49
18
2
-33
-60
62
23
-54
-39
-31
22
-6
-25
18
-13
-65
-33
4
0
-4
-41
-38
8
5
-33
-40
15
60
41
29
13
4
-15
-31
26
1
-90
-109
-29
19
14
13
4
46
58
48
31
46
97
87
71
12
38
101
8
-22
3
15
48
-12
74
66
-87
-59
-115
-1
65
-22
17
-12
-2
-39
-61
-6
4
-1
-11
7
-46
-49
6
-47
-62
-59
50
66
-47
-22
-12
50
-12
-92
15
67
83
19
-48
10
57
2
-20
13
47
94
64
19
10
-6
31
-3
-10
82
55
12
37
21
22
57
11
-11
-12
-57
-35
-1
12
-17
-15
35
-16
-77
-67
-34
-33
21
22
-41
-21
15
9
-13
5
13
-40
-78
-47
-50
-9
52
0
-6
18
-71
-117
-33
35
17
2
-45
-105
20
30
37
47
-51
-6
11
34
55
-44
-54
14
6
46
19
-38
-19
32
100
1
-6
73
-25
-32
54
26
0
55
72
34
61
25
59
135
27
19
15
-27
-34
36
120
46
63
41
66
127
82
67
-22
-20
-20
-28
-75
-166
-61
-56
-121
-91
-50
45
34
-12
-18
-85
-39
8
34
74
-7
-38
-60
-96
-34
-67
-73
-48
-58
-3
19
32
-1
-37
-30
-1
2
21
35
-27
-18
-48
-52
20
-56
-40
22
37
88
-10
-12
50
28
14
-12
-4
2
5
19
27
-27
-43
31
4
-26
52
-4
-108
-41
0
27
62
49
15
-18
5
-33
-89
-59
-34
-40
2
94
46
21
51
21
-15
-18
21
1
-60
-54
20
14
-52
-37
37
12
11
28
-14
16
-43
-28
37
11
30
70
103
41
-6
-8
13
39
1
30
100
121
100
-24
-66
23
1
-34
-19
-64
-47
35
29
11
4
45
34
-65
-55
-58
-41
0
-3
-36
-68
85
66
-14
50
10
-19
-49
-54
-27
-23
-22
-2
86
81
24
10
-44
-74
-24
23
83
45
-22
-69
-85
-35
-71
15
84
62
8
-95
-107
-120
-108
-60
30
58
14
-24
-10
20
-54
-39
9
-12
3
47
7
17
80
45
48
33
31
20
-39
-56
-77
-39
-9
-24
27
79
36
20
50
-23
24
105
20
-7
28
29
50
65
58
27
-4
16
10
-23
-45
27
23
-63
-66
-24
41
18
46
104
60
-12
-66
-61
-47
-47
0
66
21
-46
-53
-56
-61
-37
13
15
0
1
-46
-87
-25
48
32
28
29
-15
2
4
16
63
16
40
63
70
80
18
-35
-62
-87
-115
-13
11
34
45
-14
101
8
-122
-62
-56
0
40
-33
-69
-2
15
-6
-19
-50
-6
3
-28
27
39
-26
7
69
-37
-61
47
-22
-86
-84
-76
-6
-44
-70
-66
-36
27
23
35
-17
-2
52
25
51
39
1
28
28
20
32
-32
-34
34
22
30
14
6
81
53
-19
17
-5
-1
62
43
22
-17
-1
16
19
37
57
31
22
69
0
-64
-41
11
30
-36
-141
-98
6
17
11
-3
-36
-115
-41
-8
-62
-36
-60
33
21
-101
-8
27
37
112
46
-13
0
0
-3
33
16
6
29
5
38
-17
-37
19
12
-25
-2
56
28
74
97
84
54
-26
-43
-102
-125
-65
13
17
-6
31
12
-22
-32
-42
-75
-25
47
46
24
-24
-14
11
7
17
-9
-62
-17
9
19
59
-57
-65
-94
-100
24
-69
-33
14
-23
-19
-49
17
-32
-28
51
14
38
0
-37
10
58
80
-7
4
55
32
55
-5
-77
-54
3
59
23
52
113
21
-12
67
-17
-71
-2
-42
-8
-38
-28
42
18
77
-32
-120
-21
3
-2
-3
-33
25
60
-51
7
66
-10
-4
13
42
129
90
-24
49
72
21
80
12
-39
13
16
-13
-37
-13
31
91
65
21
26
1
-43
-57
-45
-32
-19
4
7
-81
-46
70
90
31
-90
-89
-13
-63
-34
10
-62
-83
-85
17
43
6
14
-54
-4
28
-25
-22
-12
-66
6
77
-11
40
40
-13
23
-25
-35
6
0
24
19
4
-17
-55
-92
-79
-58
-70
-1
-65
-81
-2
15
-12
-57
1
-48
16
98
27
42
-25
-60
-1
0
-42
-38
5
1
42
59
-3
-45
-46
6
50
50
24
-14
-4
29
3
-81
-42
32
46
33
3
50
60
20
-6
-23
-29
4
29
3
-26
-14
1
-38
-1
21
11
7
-22
54
52
77
77
8
78
20
-14
-6
-42
2
-12
9
46
-9
29
36
-31
-17
-37
-2
65
15
-56
-2
35
-25
22
21
3
30
-24
-34
-51
-10
28
5
-4
19
3
-21
54
22
-42
-24
8
-2
-21
-34
11
27
-19
29
39
22
4
20
43
32
43
-61
13
48
-52
7
-62
-38
-62
-138
-20
-71
-101
-28
-10
-60
-9
48
-36
17
-5
-102
-80
-9
39
-4
14
45
33
18
-18
-4
-62
-73
29
-19
-4
51
31
3
-40
4
68
15
-64
-51
13
16
-17
27
35
-40
-27
77
105
49
-45
-31
62
25
36
48
39
30
-1
-9
-21
52
58
51
-1
-53
-3
-28
-18
-29
-30
40
20
9
12
-31
-5
-21
-13
48
54
19
-11
7
-7
-6
-77
-90
3
-47
27
65
-31
101
95
43
98
43
57
-17
-64
-4
49
52
-54
-38
-1
31
53
-40
-76
-69
-34
-13
-89
-10
36
-90
-56
-45
-71
-33
-33
-44
-45
-17
3
25
-13
-6
3
-28
2
-15
4
24
3
-15
-40
-12
46
100
70
53
67
3
58
39
-51
19
-57
-56
14
-32
45
43
-25
18
-6
-6
61
14
13
40
-34
-57
-16
12
16
-62
-38
53
-22
-19
11
49
65
-40
-7
-37
-56
-16
-89
-16
32
-18
46
98
18
-18
-33
1
58
-29
38
103
13
41
26
-13
-26
2
44
-30
-29
79
70
42
86
26
11
-53
-127
-47
-23
-1
-14
-71
-4
44
28
39
-20
-73
-52
-36
24
79
-2
-42
-7
-34
-10
26
16
18
31
56
58
25
15
24
17
54
4
-50
23
10
28
46
19
36
-27
-39
-16
-45
-78
-34
-12
-28
65
62
-46
-4
78
46
-11
-45
18
-31
-76
1
33
9
-109
-29
26
-12
45
-23
-58
58
49
-14
-5
-53
-58
-33
10
0
-61
8
27
21
45
-30
19
112
61
29
-42
-91
-20
-23
24
47
-32
1
-1
-30
40
-39
-67
58
56
21
-79
-58
76
39
13
30
12
25
38
56
13
-24
105
113
28
26
-34
-2
71
41
22
11
-17
-45
9
47
-50
-1
3
-51
24
-105
-50
33
-22
130
35
-21
45
-47
-27
-18
-12
-50
-130
-108
-32
3
-96
-32
37
-22
-5
-17
-18
-27
-25
19
39
-4
-85
-69
0
-15
1
23
-1
-2
-49
-14
38
67
-5
-42
68
0
-5
50
52
27
-68
-17
48
34
22
-41
-54
29
64
44
48
45
-20
-30
49
55
21
-13
36
47
6
44
51
136
167
32
-39
-20
-39
-33
-21
-56
42
47
9
80
-45
-54
21
2
86
50
-17
-2
23
41
1
-22
-29
-58
-30
-47
50
76
-25
107
6
-83
4
-30
24
-40
-92
-16
-62
31
77
-16
24
20
-26
-20
-20
-28
4
0
33
43
-56
-34
13
-17
-22
-98
-109
-17
-68
-38
-7
-14
18
-29
24
7
-13
31
-41
46
6
-51
23
-18
-25
-71
-37
-40
-94
-32
-20
51
58
-13
0
-37
-19
-8
-42
10
-11
-48
5
-57
-21
45
-12
24
-34
-89
-4
56
25
7
39
-40
-42
-6
42
138
62
32
56
14
67
68
12
31
43
7
3
87
16
-37
75
-44
-46
34
-50
78
5
-40
65
-52
48
35
-8
86
19
7
-10
-34
2
81
78
-20
14
84
7
-4
29
32
73
57
86
33
-33
-15
-33
37
10
-78
-68
-46
-22
-42
-17
-36
-64
-50
-68
-43
-24
-15
-71
-52
-47
-54
25
7
13
33
10
28
0
-84
-54
-59
-126
-121
-56
1
-10
-9
-28
-10
-23
-63
-2
18
58
93
27
-2
-29
35
29
19
49
-52
-2
32
67
18
49
161
21
67
66
37
43
-49
67
29
-28
26
-11
46
62
-4
-14
63
61
83
65
-41
47
18
-25
49
-49
-27
76
-22
-11
-8
-61
17
23
-40
17
37
-34
67
-35
-94
-23
-18
107
4
19
25
-72
-15
-76
-6
-14
-113
-73
-51
23
31
-27
-25
-34
-85
-114
-12
-32
-95
-1
-6
4
14
-65
-88
-86
-50
16
74
53
43
46
5
150
47
-74
78
-4
34
81
-31
36
-11
-50
-22
-78
-14
-24
39
19
-111
-54
-44
-76
-111
3
-9
-81
48
22
-8
25
-44
-2
4
-83
-24
-49
-2
66
18
51
-1
25
10
24
49
-55
53
-47
-5
116
-44
65
-21
57
188
0
17
11
48
90
120
84
-31
15
33
59
69
-19
-27
-35
-26
-16
-58
3
23
54
-45
-112
23
-15
-6
51
101
35
-14
109
4
16
46
-30
103
19
52
23
-62
151
7
-18
-23
-143
-64
-106
59
12
-105
21
-78
-119
-103
-62
23
54
77
38
-4
-41
-45
-13
-76
-17
40
-82
29
7
-87
32
19
25
11
20
-61
-75
-20
-100
33
-3
-56
-29
-70
94
-4
-49
123
-2
-9
41
-53
-69
-21
11
81
108
61
66
1
-59
13
-31
-87
114
-8
-49
63
-88
22
0
-56
24
71
-11
-127
20
-76
-1
64
-133
45
96
26
-16
-19
4
-93
-16
5
109
54
-129
95
3
39
146
-162
49
98
-11
133
13
-31
-139
-55
-35
-19
112
-176
47
-28
-126
225
-69
85
122
-100
110
112
93
-25
73
-6
-83
165
-174
-12
36
-218
182
-50
-130
107
-24
-56
88
41
-201
116
-7
-180
119
-227
-43
208
-153
125
94
-130
86
-3
-17
120
11
-160
46
-76
-157
203
-160
-13
195
-188
113
-8
-160
80
-21
-167
-90
102
-176
153
123
-190
417
-106
-53
269
-304
71
86
-153
124
100
-57
103
127
-194
112
94
-213
260
-40
-117
161
-337
-18
145
-177
95
63
-154
95
165
-177
63
26
-271
216
-37
-132
363
-97
29
356
-297
-25
171
-312
151
111
-202
279
30
-143
252
-141
-172
180
-220
-125
143
-132
45
129
-223
-35
192
-173
45
247
-204
173
83
-279
320
-141
-263
363
-249
-65
263
-372
81
216
-270
220
36
-269
237
-130
-180
199
-142
23
194
-186
-115
164
0
66
179
-276
33
208
-103
278
-48
-262
232
-177
-214
231
-188
-15
167
-231
151
121
-104
221
41
-104
65
-25
-109
119
50
-336
30
81
-161
196
-177
-117
230
-199
169
224
-309
73
79
-325
114
119
-180
255
-80
-145
254
-294
96
101
-280
246
-141
-48
45
-136
178
-142
101
-29
-114
265
-205
103
54
-207
145
-73
17
17
41
58
-87
18
-148
103
-119
-160
304
-278
71
200
-246
283
-77
-75
183
-231
-31
-28
0
125
111
83
34
81
-200
-25
49
-150
162
-33
42
159
-141
62
-91
43
49
-225
151
-76
103
202
-228
232
-179
-245
260
-381
58
247
-275
267
106
-116
218
-100
-252
9
-173
-145
221
-184
-87
187
-375
184
229
-451
245
25
-317
246
-134
4
226
-197
102
105
-179
123
256
-178
-52
207
-135
192
237
-185
-48
-54
-2
79
-81
-101
158
73
-166
234
-82
-255
358
-316
-21
390
-534
223
40
-399
563
-226
-61
506
-443
44
235
-458
129
126
-399
300
38
-386
282
-231
-163
277
-404
26
210
-261
157
84
-283
51
45
-163
90
-2
-148
153
-31
-175
177
-164
-93
310
-142
37
130
-229
161
159
-117
91
63
-126
107
136
-187
178
157
-200
255
-103
-214
307
-337
-27
272
-473
239
209
-353
350
-28
-142
394
-230
24
294
-291
321
105
-370
405
-55
-232
338
-118
-29
172
-194
73
19
-217
150
-135
-187
141
-242
-17
12
-266
190
29
-110
46
-45
146
-52
-65
27
-134
150
-81
-41
128
-165
98
-28
-154
191
-92
-244
231
-95
-207
302
-322
-29
209
-532
318
-51
-254
625
-478
-40
450
-628
191
161
-476
392
28
-204
438
-151
-120
424
-205
-40
252
-259
112
58
-289
154
90
-140
57
52
-123
173
129
-230
150
-7
-251
220
-37
-13
301
-225
-75
280
-261
-51
327
-293
9
322
-369
204
177
-497
348
-60
-280
480
-303
-67
377
-513
116
295
-497
367
91
-446
473
-66
-153
274
-245
151
-7
-197
242
-130
53
108
-54
129
-97
106
-25
-142
232
-150
-47
198
-190
56
71
-251
64
-4
-85
245
-139
-68
217
-260
59
129
-243
128
-18
-172
92
-19
-29
-2
1
64
-23
-29
3
-6
-91
10
111
-89
95
99
-11
137
-45
2
27
28
148
-116
95
158
-222
119
7
-153
128
-171
-64
-18
-112
183
3
-31
63
-15
-73
19
204
-28
93
108
-207
92
49
-98
79
-147
-122
86
-55
-16
39
-146
-54
2
-160
190
84
-157
186
-122
-33
150
-108
41
-66
85
50
-143
151
-214
-71
126
-270
199
-108
-306
209
-244
-25
123
-318
31
44
-180
165
104
-248
104
70
-154
236
-4
-43
166
-169
82
165
-34
219
82
15
212
102
-13
57
39
-130
47
158
12
46
-20
-7
-36
-128
-77
-52
61
-21
119
110
-94
264
-68
-51
276
-386
54
220
-292
247
-16
-26
302
-215
108
140
-187
55
-84
-46
96
-5
110
109
-105
-75
-1
-32
164
109
84
199
-35
151
173
-11
108
0
155
165
165
314
35
84
58
-16
60
-108
9
-37
20
118
-143
17
-114
-188
96
-229
-204
-12
-220
-63
-57
-277
-100
-219
-402
-160
-289
-305
-76
-238
-240
-177
-271
-230
-205
-193
-164
-55
-76
-109
81
-97
72
178
-243
111
127
-52
297
85
78
316
91
103
190
47
58
211
124
81
217
23
103
207
-83
126
100
-235
136
35
-120
300
-64
-32
266
-169
53
141
-218
218
246
35
324
145
204
398
154
245
311
208
343
328
318
407
429
349
292
397
288
315
372
197
397
390
162
372
232
44
196
16
27
178
125
191
145
145
131
-22
-22
33
-57
-179
-62
-53
-132
62
-116
-337
-225
-426
-516
-477
-705
-657
-564
-728
-666
-782
-964
-950
-1197
-1158
-1002
-1137
-882
-815
-988
-821
-885
-938
-813
-743
-542
-397
-298
-99
52
116
181
226
70
98
330
352
634
692
519
667
503
453
461
191
270
322
283
474
466
359
431
352
149
166
179
163
384
480
562
776
776
743
825
675
534
753
735
827
1126
1040
1212
1155
794
916
722
627
817
583
777
938
778
959
829
618
511
349
266
323
620
655
847
1091
920
976
806
566
712
616
650
820
760
929
876
495
375
-69
-720
-1054
-1481
-1530
-1262
-1507
-1739
-1998
-2694
-3161
-3611
-3925
-3869
-3928
-3787
-3515
-3117
-2750
-2530
-2471
-2769
-2705
-2483
-2011
-1079
-386
353
800
862
1039
941
857
915
998
1235
1570
1942
2122
2134
1768
1166
639
-82
-416
-243
-61
222
338
127
-71
-414
-1003
-1098
-1148
-1238
-659
-367
107
783
549
547
347
-278
-190
-118
129
752
1075
1342
1348
980
505
118
23
-159
-67
401
706
1073
1009
756
705
291
140
301
334
841
1454
1730
2143
2122
1773
1757
1482
1497
1904
1906
2232
2448
2166
2184
1896
1396
1227
861
583
659
473
364
456
55
-247
-432
-665
-483
-372
-280
-96
-148
-160
-7
223
685
1244
1600
1819
1957
2089
2277
2379
2416
2449
2469
2562
2562
2474
2282
1614
740
-348
-1381
-1801
-2079
-2047
-2101
-2898
-3669
-4652
-5675
-6114
-6569
-6676
-6575
-6442
-5805
-5215
-4746
-4477
-4620
-4785
-4714
-4079
-2725
-1169
189
1018
1163
1084
930
664
779
1165
1362
1844
2166
2164
2332
1843
742
-414
-1651
-2170
-1829
-1368
-718
-463
-1025
-1612
-2287
-2791
-2521
-2137
-1530
-673
-156
634
1401
1661
1858
1602
1340
1660
2196
3154
4119
4435
4112
3308
2530
1989
1832
2000
1959
1792
1537
1133
1011
976
664
315
-278
-776
-651
-222
510
1088
951
643
403
324
907
1559
2016
2404
2230
2070
2222
2403
2639
2412
1741
1182
943
998
1216
1344
1085
444
-294
-753
-683
-296
-70
-118
-418
-561
-239
363
1039
1440
1486
1260
1177
1667
2667
3963
4782
4672
4255
3909
3794
4065
4239
4203
3994
3490
3156
3083
2775
2065
359
-2194
-4227
-5140
-4605
-3491
-3239
-4082
-5972
-8215
-9805
-10416
-10075
-9281
-8753
-8559
-8071
-7014
-6014
-5631
-6165
-7129
-7203
-5907
-3349
-84
2531
3279
2207
480
-809
-808
190
1129
1905
2252
2292
2389
1928
929
-657
-2816
-4398
-4851
-3834
-1537
270
469
-900
-2898
-4098
-4122
-3235
-1631
158
1479
2301
2821
3313
3685
3364
2557
1903
2201
3684
5543
6848
6840
5575
3538
1390
147
128
791
1519
1663
897
167
-149
-528
-820
-1296
-1551
-1117
-564
498
1862
2667
2776
1996
1286
1669
2675
3968
5009
5342
5323
4921
4345
4028
3877
3616
3020
2166
1419
1067
955
582
-106
-746
-1333
-1764
-1903
-1891
-1684
-1264
-1153
-1261
-1125
-631
450
1434
2085
2738
2937
2897
2928
3146
4126
5455
6104
5996
5432
4676
4158
3665
3193
3046
2675
2226
1868
1435
1188
271
-2013
-4989
-7441
-7990
-6738
-5088
-4189
-4706
-6553
-9026
-11198
-11867
-10833
-9396
-8364
-7803
-7067
-5868
-5069
-5148
-6167
-7337
-7344
-5759
-2607
1190
3767
4005
1889
-1124
-2957
-2802
-1255
427
1377
1707
1599
931
-158
-1540
-3034
-4409
-5366
-5068
-3130
-600
1089
755
-1257
-3110
-3829
-3280
-1622
666
2917
4353
4555
4020
3551
3273
3089
2775
2683
3663
5265
6569
6852
5919
4257
2385
714
-301
38
1311
2312
2474
1542
330
-378
-816
-867
-412
479
1587
2313
2457
2665
2976
2994
2843
2549
2897
4206
5265
5620
5389
4681
3990
3243
2459
2332
2662
2559
1672
211
-954
-1392
-1753
-2127
-2075
-1732
-1439
-1415
-1671
-1609
-928
-65
671
1170
1690
2536
3333
3912
4695
5594
6076
5761
4826
4343
4795
5447
5535
4830
3553
2565
1915
1252
985
728
42
-1091
-2176
-2167
-1119
-536
-1793
-4740
-7899
-9328
-8438
-6429
-4415
-3580
-4738
-7232
-9885
-11144
-10344
-8878
-8305
-8596
-8586
-7421
-5846
-5216
-5765
-7030
-8057
-7688
-5502
-1756
1983
3320
1470
-1979
-4393
-4275
-2310
-101
1435
1907
1361
213
-1033
-1748
-2170
-2954
-3965
-4256
-3052
-723
1218
1200
-528
-2522
-3553
-3012
-1142
1468
3822
4704
4087
2843
2139
2503
3032
3277
3543
4275
5484
6367
6358
5640
4485
2926
1572
1151
1853
3060
3737
3403
2416
1542
932
422
201
525
1344
2130
2570
2846
2873
2576
2283
2185
2711
3860
4721
5015
4831
4463
4072
3456
2997
2776
2573
2402
2130
1638
1042
344
-502
-1237
-1568
-1416
-973
-712
-779
-803
-658
-409
102
943
1934
2677
2761
2535
2796
3504
4312
5005
5132
4915
4302
3135
2299
2282
2839
3279
2747
1468
384
-464
-1171
-1741
-2294
-2451
-2138
-1543
-625
394
313
-1879
-5820
-9391
-9895
-7198
-3505
-1092
-1193
-3615
-7484
-11343
-13151
-12082
-9632
-7986
-7580
-7385
-6485
-5473
-6066
-8281
-10586
-11378
-9587
-5552
-641
3208
3749
388
-4472
-7505
-6676
-2887
881
2963
3360
2503
1106
-457
-1880
-2566
-3003
-3582
-3258
-1452
1434
3481
2501
-769
-3890
-4856
-3286
-370
2716
4985
5336
3701
1631
883
2005
3755
4563
4777
5475
6767
7870
7826
6703
5008
3460
2780
3119
4619
6375
6584
4684
1996
340
390
1153
1495
1457
1325
1235
1195
1380
1925
2412
2353
2005
2177
3382
4851
5271
4614
3521
3040
3468
3933
4300
4412
3981
3130
2005
1094
740
497
-115
-887
-1234
-933
-640
-857
-1334
-1469
-905
-54
638
1176
1531
1593
1447
1414
1966
2882
3536
3666
3319
2912
2441
1779
1196
979
1304
1667
1494
816
-147
-1031
-1723
-2274
-2427
-2099
-1381
-596
24
314
-416
-2722
-6086
-8744
-8987
-6732
-3641
-1730
-2263
-5061
-8694
-11786
-12948
-11755
-9656
-8096
-7483
-7258
-6909
-6836
-7617
-9262
-10543
-10155
-7624
-3492
428
2463
1540
-1767
-5114
-6371
-4630
-1052
2160
3621
3316
2013
355
-1051
-1942
-2211
-1772
-930
171
1617
2693
2310
319
-2246
-3610
-2840
-322
2609
4680
5377
4569
2950
1665
1662
3051
4865
6322
7086
7522
7863
7599
6561
5131
4121
3973
4615
5534
6188
5989
4330
1928
-7
-603
320
1413
1689
1347
918
936
1264
1595
1944
2232
2358
2606
3424
4643
5691
5713
4726
3886
3707
4305
4892
4630
3970
3012
1975
1172
660
554
422
-211
-1176
-1733
-1827
-1915
-2102
-2226
-1762
-730
41
201
72
-1
237
590
884
1419
2337
3052
3157
2986
2771
2378
1400
230
-68
783
1820
1777
510
-1169
-2187
-2397
-2403
-2395
-2415
-2456
-2495
-2198
-1265
-440
-1282
-4632
-8831
-10810
-8657
-4013
-603
-376
-3171
-7356
-11074
-12619
-11054
-7703
-5308
-5417
-7024
-7928
-7219
-6569
-7498
-9170
-9942
-8523
-5423
-2015
502
716
-1609
-5322
-7651
-6323
-2110
2294
4199
3488
1714
115
-733
-975
-382
1018
2180
2355
2104
2197
2457
1901
137
-1254
-708
1516
3960
5180
5090
4125
2506
945
621
2375
5513
7724
7796
6541
5234
4758
4763
4874
5247
5793
6032
5471
4567
3860
3159
2229
1166
817
1766
3068
3452
2583
1205
329
365
1175
2477
3926
4841
4761
3952
3332
3437
3694
3947
4193
4425
4858
4809
4013
2725
1432
849
768
907
1259
1192
267
-1185
-2503
-3122
-3026
-2626
-2077
-1389
-738
-450
-697
-954
-902
-513
70
782
1716
2582
2976
2658
1886
1172
821
703
952
1685
2341
2303
1089
-740
-1985
-2314
-1925
-1527
-1690
-2045
-2262
-2062
-1307
-566
-927
-3487
-7497
-10370
-9640
-5588
-1550
-359
-2826
-7346
-11481
-13327
-11843
-8327
-5341
-5153
-7577
-9931
-10311
-9173
-8411
-9005
-9882
-9537
-7419
-4211
-1523
-540
-1909
-4981
-7059
-5902
-1566
3511
6077
5110
2324
9
-633
512
2740
4860
5662
4563
2643
1498
1578
2077
1697
703
376
1186
2634
3429
3166
2401
1354
306
179
1732
4450
6515
6480
4981
3627
3518
4614
6005
7077
7745
7629
6343
4768
3995
4217
4714
4613
4187
3979
3966
3658
2619
1606
1402
1729
2271
2963
3742
4233
3916
2863
1836
1936
3104
4047
4427
4439
4067
3489
2534
1867
2285
3106
3405
2718
1488
368
-571
-1369
-1710
-1474
-1130
-967
-1321
-1856
-2121
-2327
-2608
-2903
-2651
-1759
-768
0
362
438
364
207
219
267
486
883
1118
1388
1576
1404
594
-600
-1277
-1194
-743
-725
-1389
-2331
-2998
-2744
-1718
-771
-1126
-3713
-7573
-10079
-9230
-5380
-1624
-822
-3426
-8121
-12371
-13972
-11890
-7548
-4271
-4406
-7435
-10581
-11602
-10586
-9103
-8036
-7484
-6976
-6159
-4868
-3059
-1809
-2397
-4535
-5920
-4416
-266
3997
5692
4318
1538
-588
-969
947
4561
7582
7994
5456
1978
373
1353
3306
4580
4750
4059
2993
1655
538
676
1780
2678
2637
2152
2453
3276
3554
2857
1968
2273
3661
5099
6117
6779
7073
6518
4901
3534
3801
5371
6926
7265
6535
5514
4237
2859
2069
2606
4233
5418
5130
3864
2692
2201
2170
2246
2506
2913
3371
3430
2924
2502
2438
2382
1870
1459
1931
2901
3286
2403
782
-593
-1097
-854
-295
262
178
-690
-2076
-3259
-3277
-2388
-1519
-1318
-1649
-2150
-2404
-2068
-1482
-786
-200
106
81
-297
-549
-545
-258
202
448
437
181
-216
-653
-986
-916
-879
-1211
-1631
-2021
-1891
-1477
-1761
-3179
-5526
-7499
-7707
-6046
-3676
-2432
-3410
-6439
-10275
-12759
-12274
-8978
-5125
-3619
-5378
-8787
-11433
-11905
-10352
-7717
-5242
-4081
-4585
-5959
-6561
-5608
-4088
-2929
-2325
-1704
-585
649
1572
1773
1687
1666
1776
2384
3746
5430
6109
5289
3561
2401
2938
4533
6081
6654
5972
4294
2018
372
594
2550
4734
5435
4439
2647
1014
278
683
1978
3608
4929
4959
3878
2864
2484
2718
3175
3819
4817
5640
5702
5119
4194
3607
3511
3607
4125
4779
5281
5073
3925
2950
2786
3277
3776
3969
3761
3254
2700
2179
2287
2967
3530
3406
2467
1582
1218
1200
1391
1572
1689
1551
829
-176
-848
-1037
-1058
-1236
-1505
-1558
-1400
-1289
-1607
-2343
-2932
-3079
-2809
-2035
-917
-161
-351
-1402
-2463
-2570
-1535
-19
982
839
-198
-1389
-2074
-1822
-700
399
702
96
-1188
-2262
-2709
-2837
-2922
-3201
-3603
-3958
-4127
-4243
-4742
-5938
-7332
-8191
-8282
-7575
-6702
-6202
-6475
-7616
-8832
-9507
-9055
-7573
-6033
-5049
-4998
-5639
-6386
-6767
-6134
-4495
-2536
-1330
-1441
-2439
-3249
-2870
-1413
508
2041
2650
2274
1223
596
1181
2740
4295
4824
4424
4010
3964
4118
4273
4447
4694
4795
4625
4482
4580
4753
4539
3674
2772
2696
3414
4122
4275
3903
3265
2600
2045
2021
2849
4037
4755
4398
3259
2319
2091
2582
3403
4378
5185
4936
3628
2190
1738
2644
4058
4925
4936
4427
3672
2785
2196
2501
3270
3669
3677
3368
3112
3005
2568
2007
1484
1240
1505
1858
2043
1793
1014
52
-737
-1003
-677
-20
218
-457
-1582
-2619
-2916
-2561
-2140
-1772
-1800
-2155
-2657
-2892
-2602
-2240
-1793
-1533
-1631
-1634
-1480
-1309
-1477
-1994
-2372
-2361
-1741
-829
-440
-970
-2025
-2968
-3365
-2941
-1890
-1109
-1397
-2746
-4428
-5399
-5306
-4357
-3484
-3462
-3974
-4876
-5945
-6724
-6915
-6477
-5778
-5395
-5513
-5650
-5713
-5830
-6110
-6208
-5545
-4730
-4203
-4020
-4117
-4003
-3695
-3450
-3258
-2877
-2144
-1315
-535
64
273
262
92
62
727
2052
3414
4075
3714
2747
2093
2221
3093
4381
5427
5919
5674
4674
3719
3451
3836
4551
5188
5648
5850
5714
5235
4473
3736
3449
3930
4616
4999
5091
4715
4138
3467
2710
2476
2839
3346
3546
3291
2853
2541
2330
2018
1760
1795
2178
2382
2092
1791
1777
1985
2004
1773
1821
2143
2337
2121
1609
1467
1744
1910
1800
1586
1500
1310
781
270
209
535
767
405
-369
-815
-1031
-1255
-1622
-2079
-2053
-1887
-2102
-2475
-2606
-2443
-2592
-3095
-3226
-2822
-2168
-1818
-2138
-2647
-2843
-2828
-2779
-2736
-2480
-1972
-1887
-2397
-2875
-3082
-2976
-2842
-3002
-2994
-2642
-2413
-2658
-3185
-3489
-3343
-3114
-3023
-2767
-2434
-2452
-2923
-3551
-3858
-3629
-3158
-2796
-2545
-2385
-2473
-2816
-3321
-3608
-3358
-2758
-2014
-1618
-1683
-1934
-2488
-2999
-3079
-2592
-1552
-699
-456
-768
-1401
-1905
-2076
-1549
-373
756
1388
1430
833
192
67
449
1261
2209
2942
3234
3184
3033
2929
2926
3086
3414
3867
4290
4629
4930
4938
4595
4223
4067
4179
4547
4982
5255
5120
4656
4119
3524
3151
3272
3703
4008
4010
3744
3335
2948
2648
2491
2551
2856
3022
2935
2588
2160
1986
1828
1647
1647
1760
1793
1607
1159
740
568
598
783
909
814
567
246
-219
-444
-180
113
221
-137
-826
-1327
-1649
-1840
-1835
-1628
-1518
-1598
-1824
-2262
-2542
-2762
-2983
-2937
-2684
-2163
-1820
-2012
-2544
-3099
-3301
-3160
-2730
-2460
-2473
-2667
-3231
-3655
-3749
-3521
-3024
-2812
-2920
-3089
-3229
-3357
-3497
-3537
-3390
-3075
-2778
-2621
-2636
-2741
-2772
-2724
-2567
-2248
-1865
-1565
-1584
-1883
-2062
-1910
-1585
-1306
-1118
-877
-541
-474
-686
-863
-958
-818
-490
-203
110
405
482
363
173
68
431
970
1196
1309
1289
1248
1219
1157
1339
1676
1920
2085
2149
2093
2187
2366
2402
2425
2505
2671
2807
2617
2430
2477
2594
2830
2865
2812
2912
2820
2578
2194
1999
2337
2753
2941
2899
2585
2190
1931
1755
1838
2140
2363
2431
2195
1781
1582
1606
1728
1849
1865
1787
1647
1371
1200
1391
1634
1717
1463
1030
768
557
579
678
625
495
43
-438
-735
-770
-540
-512
-738
-1171
-1592
-1780
-1855
-1792
-1715
-1820
-2014
-2331
-2627
-2646
-2502
-2329
-2222
-2147
-2118
-2213
-2331
-2470
-2601
-2553
-2372
-2142
-1970
-2089
-2230
-2221
-2255
-2268
-2267
-2246
-2232
-2200
-2185
-2159
-2101
-2248
-2404
-2445
-2297
-1926
-1708
-1617
-1599
-1754
-1918
-1940
-1812
-1591
-1322
-1172
-1120
-1112
-1199
-1293
-1322
-1233
-1120
-949
-808
-771
-761
-781
-673
-442
-264
-180
-124
-110
-72
139
501
692
802
882
794
971
1383
1693
1881
1972
1955
1879
2056
2403
2702
2921
2904
2843
2948
3089
3245
3302
3120
2899
2720
2718
2831
2916
3033
3016
2757
2422
2317
2326
2212
2157
2199
2274
2286
2060
1759
1517
1197
921
863
1014
1259
1316
1060
583
160
40
9
68
327
526
530
330
-41
-340
-370
-264
-208
-266
-259
-261
-564
-882
-953
-833
-736
-799
-822
-844
-853
-943
-1175
-1268
-1222
-1095
-1061
-1145
-1322
-1482
-1548
-1749
-1869
-1761
-1600
-1604
-1789
-1994
-2090
-2029
-2088
-2176
-2047
-1816
-1682
-1800
-1963
-2070
-2205
-2221
-2202
-2082
-1776
-1600
-1628
-1786
-1790
-1600
-1458
-1448
-1403
-1218
-1109
-1116
-1127
-1044
-950
-869
-912
-958
-777
-685
-677
-589
-590
-587
-434
-404
-391
-224
-91
-13
19
118
318
430
321
182
235
414
703
976
1111
1202
1059
835
774
904
1330
1607
1597
1658
1666
1592
1548
1485
1557
1680
1757
1890
1966
1967
1962
1809
1600
1603
1715
1730
1706
1777
1881
1951
1900
1697
1550
1494
1489
1675
1916
1987
1891
1583
1259
1100
1242
1450
1471
1464
1200
916
707
540
667
811
736
384
73
-58
51
303
223
60
-148
-395
-604
-782
-604
-420
-428
-627
-953
-1076
-1184
-1188
-1139
-1142
-1142
-1327
-1533
-1548
-1402
-1226
-1176
-1257
-1363
-1465
-1575
-1653
-1665
-1567
-1411
-1433
-1450
-1459
-1495
-1457
-1528
-1590
-1512
-1304
-1183
-1136
-1163
-1300
-1285
-1300
-1386
-1377
-1262
-1046
-944
-949
-940
-1014
-994
-946
-943
-805
-710
-645
-660
-727
-614
-409
-277
-273
-289
-262
-245
-279
-262
-185
-174
-145
-152
-144
-29
120
154
-14
-62
166
539
842
903
831
673
581
694
876
1232
1558
1565
1447
1209
1039
1182
1365
1525
1706
1733
1615
1331
1055
964
1144
1527
1687
1465
1194
1085
925
800
888
1065
1249
1218
1019
984
1036
1063
978
881
941
1163
1383
1344
1114
852
730
664
686
810
1013
1052
664
406
300
371
669
718
549
342
145
92
85
7
53
85
-77
-337
-514
-451
-400
-556
-672
-754
-806
-833
-975
-1031
-1044
-1150
-1310
-1438
-1433
-1282
-1143
-1138
-1282
-1474
-1541
-1489
-1424
-1393
-1244
-1123
-1279
-1399
-1448
-1466
-1378
-1332
-1170
-1127
-1151
-1061
-1093
-1140
-1085
-931
-801
-637
-519
-464
-410
-585
-662
-536
-389
-195
-174
-206
-251
-223
-61
-80
-95
-54
-89
-127
-115
-62
-58
-45
25
65
86
121
121
114
108
177
259
320
402
394
349
331
407
553
715
873
923
851
787
769
843
1003
1143
1221
1186
1079
1015
1015
1053
1134
1154
1199
1219
1132
1057
871
769
781
822
895
958
1033
1003
902
754
727
736
725
764
756
778
720
644
603
544
619
658
583
561
403
294
273
177
236
252
251
196
-26
-127
-84
-51
-84
-144
-118
-139
-361
-450
-429
-392
-304
-393
-434
-443
-488
-495
-608
-688
-566
-427
-442
-445
-670
-1060
-1302
-1367
-1027
-694
-508
-460
-749
-1127
-1401
-1450
-1311
-1029
-760
-584
-630
-970
-1222
-1398
-1429
-1297
-1213
-922
-643
-613
-715
-945
-1160
-1303
-1180
-788
-441
-153
-55
-268
-582
-833
-814
-520
-203
25
116
105
-45
-305
-292
-109
68
342
527
586
496
267
169
265
417
570
653
660
605
558
578
532
589
801
832
856
870
814
854
873
931
976
1004
1090
1155
1124
1215
1262
1089
1047
951
913
1024
1013
1095
1199
1184
1141
945
738
725
815
898
985
1076
1004
701
425
384
466
605
696
740
747
654
546
347
235
235
250
343
438
513
435
237
-56
-298
-379
-332
-133
-82
-158
-208
-413
-730
-920
-873
-726
-587
-478
-568
-749
-996
-1174
-1210
-1135
-800
-625
-706
-860
-1066
-1213
-1245
-1145
-1003
-794
-683
-754
-845
-992
-1075
-1031
-929
-811
-689
-566
-515
-603
-801
-1012
-1080
-991
-841
-649
-503
-310
-357
-662
-819
-832
-653
-378
-217
-145
-117
-288
-399
-354
-389
-222
35
142
117
66
73
20
-9
-8
94
248
323
433
402
309
314
325
409
560
672
709
657
567
614
682
703
745
721
715
779
844
899
956
970
972
971
884
870
966
957
927
958
955
968
864
746
794
805
827
805
744
779
753
705
687
649
645
643
584
608
611
576
542
474
382
224
141
78
67
149
304
338
278
286
161
96
3
-119
-20
194
427
433
230
-3
-237
-459
-535
-440
-378
-291
-185
-312
-578
-714
-786
-861
-879
-760
-634
-641
-631
-731
-901
-1041
-1187
-1232
-1123
-875
-792
-889
-987
-1168
-1240
-1209
-1099
-894
-745
-560
-558
-684
-821
-1019
-1021
-875
-602
-367
-298
-303
-492
-610
-668
-640
-487
-335
-37
75
98
76
-59
-111
-178
-111
108
331
511
473
341
251
44
-41
29
136
404
582
584
465
314
305
258
205
296
384
461
541
598
601
490
430
359
330
496
571
643
749
723
688
601
572
668
769
888
892
774
669
574
580
713
834
902
886
730
549
438
296
263
345
491
678
768
770
683
480
245
65
-34
77
384
624
660
527
244
-81
-284
-377
-187
69
131
246
148
-15
-103
-287
-374
-451
-436
-345
-329
-262
-213
-288
-354
-484
-625
-659
-811
-877
-1046
-1196
-974
-724
-410
-311
-364
-476
-816
-1062
-1190
-1099
-806
-486
-143
-70
-230
-363
-739
-1040
-1066
-993
-642
-342
-91
-2
-185
-418
-784
-959
-947
-826
-554
-303
-139
-50
-15
-197
-313
-331
-472
-489
-429
-293
21
230
266
235
152
21
-161
-183
-103
-55
172
429
551
621
500
234
144
150
145
335
488
626
716
625
600
511
374
266
227
341
509
664
777
821
580
284
54
-2
181
328
595
814
855
752
495
273
159
147
311
595
816
959
976
938
745
521
443
223
157
308
384
503
609
501
336
147
-123
-167
-40
117
208
201
175
65
35
65
-8
-191
-384
-438
-386
-300
-147
36
140
147
-42
-293
-458
-685
-790
-672
-474
-126
111
4
-125
-273
-510
-655
-729
-604
-336
-162
-83
-153
-404
-743
-919
-822
-607
-365
-180
-152
-270
-549
-848
-958
-902
-829
-612
-372
-450
-500
-503
-594
-654
-679
-527
-426
-363
-221
-259
-331
-348
-389
-379
-339
-239
-95
-10
1
-32
-78
-30
25
57
123
23
-49
-21
-38
109
203
255
414
360
200
156
199
190
129
205
350
383
490
548
514
597
456
274
259
287
385
452
533
628
673
634
536
509
436
390
381
311
282
352
499
561
692
751
539
243
123
52
-98
9
200
305
311
347
276
81
48
-2
-40
35
238
319
259
247
49
-78
-81
-54
111
161
206
133
68
113
23
31
30
25
82
27
-28
-111
-252
-198
-194
-263
-269
-363
-384
-461
-445
-326
-453
-477
-422
-532
-491
-444
-649
-736
-709
-659
-445
-330
-208
-119
-317
-539
-768
-827
-671
-521
-234
-52
-139
-171
-363
-590
-544
-598
-514
-359
-252
-37
-41
-14
-59
-291
-412
-567
-491
-229
-102
1
9
-65
-104
-63
-20
-87
-142
-21
70
-44
-72
19
117
204
173
120
133
119
128
110
112
241
282
281
358
413
321
311
406
390
373
367
410
449
408
422
361
342
451
424
419
425
349
285
204
286
380
372
524
604
556
554
411
284
225
122
223
232
267
466
472
467
383
215
72
-2
-22
25
154
258
390
295
114
119
-9
-96
-77
-6
137
62
49
74
-24
-35
-63
-212
-299
-283
-266
-277
-307
-204
-181
-232
-252
-299
-281
-400
-560
-530
-413
-281
-192
-128
-116
-146
-235
-432
-528
-580
-410
-173
-158
-107
-309
-401
-347
-483
-441
-349
-260
-255
-290
-274
-354
-395
-393
-326
-303
-317
-189
-215
-223
-228
-285
-180
-134
-44
52
-19
-82
-86
-220
-299
-222
-106
49
102
91
51
60
136
133
232
204
165
226
167
235
220
267
339
275
330
387
401
324
236
145
45
148
335
304
306
407
272
157
114
115
227
230
442
524
434
459
273
248
223
176
160
104
173
222
366
366
288
276
195
125
68
120
144
104
119
-13
2
58
-28
89
50
13
-9
-147
-221
-242
-95
0
86
148
158
46
-150
-197
-171
-133
-35
64
17
41
83
15
-76
-140
-104
-105
-135
-160
-118
-25
-62
-76
-83
-124
-82
-152
-304
-325
-411
-379
-243
-235
-118
-145
-232
-237
-351
-433
-523
-448
-210
-126
-79
-165
-172
-119
-259
-270
-282
-322
-193
-71
-67
-20
64
65
-41
-159
-102
-104
-198
-89
-30
-52
72
28
-99
-30
-43
-54
19
62
184
215
128
34
-35
-48
-76
-97
-22
114
233
312
328
126
-57
-46
-87
-13
106
198
338
370
340
210
128
43
-59
-39
38
160
189
348
426
304
233
118
41
-69
-31
129
186
227
261
327
214
78
-9
-173
-157
-28
103
213
281
293
128
-35
-49
-157
-198
-117
-61
44
60
62
-45
-94
-90
-121
-17
-81
-112
-103
-136
-49
-94
-49
85
-24
-87
-125
-198
-211
-167
-173
-221
-43
-18
-120
-126
-219
-239
-190
-132
-52
-21
-35
23
-15
-197
-214
-190
-235
-185
-60
-40
-90
-62
-91
-194
-205
-83
-62
-45
11
-30
-25
-75
-77
-71
-72
-10
127
215
139
92
-2
-117
-150
-137
-178
-59
152
205
273
212
95
-4
-159
-77
56
85
157
234
215
110
69
19
44
77
-35
93
214
146
191
131
135
205
43
94
77
-12
138
107
147
188
239
312
260
305
238
57
99
93
63
158
181
274
263
170
130
118
132
124
142
75
0
-5
24
61
49
91
38
0
51
19
102
-43
-162
-7
-68
-11
79
61
55
-56
-85
-71
-109
-69
-109
-111
13
-55
-121
-165
-223
-221
-248
-226
-183
-225
-218
-173
-75
-47
-164
-151
-230
-353
-305
-252
-234
-172
-107
-86
-78
-114
-168
-170
-168
-169
-155
-151
-46
11
-40
38
0
-68
13
-95
-126
-3
3
10
-32
-62
-58
-131
-115
-28
-60
-40
-12
-1
-75
-148
-68
-155
-60
-1
-19
85
-3
44
38
-43
9
-24
11
129
152
205
194
154
143
45
-32
-7
77
109
176
268
334
295
181
86
24
70
93
108
176
223
221
199
137
101
66
71
94
91
148
98
118
174
132
95
71
87
66
63
108
200
276
224
165
87
70
111
72
25
-32
14
89
145
183
123
103
45
69
32
24
7
-108
49
79
23
0
-113
-131
-96
-107
-67
-3
-10
17
20
-24
-66
-165
-148
-86
-106
-53
-37
-63
-98
-140
-128
-171
-163
-167
-170
-89
-128
-79
-97
-150
-123
-91
-4
-88
-106
-130
-173
-123
-152
-131
-129
-95
-38
-86
-42
-51
-133
-37
-57
-74
19
-40
-133
-124
-57
-93
-68
-17
-35
-14
-29
-31
-78
-91
-22
-61
-32
44
-19
25
90
17
-93
-86
13
10
82
105
43
153
48
-28
79
-31
47
100
34
89
86
74
74
102
20
62
70
4
97
41
39
113
157
166
124
162
90
0
69
53
22
85
179
320
223
104
124
1
47
29
-29
84
64
64
54
103
124
115
87
-36
2
24
28
7
-8
128
104
66
127
61
6
-29
-94
-135
-106
-67
-35
84
115
44
59
4
-106
-134
-104
-38
-36
5
48
35
98
46
-61
-95
-155
-148
-121
-81
-34
-10
-2
-97
-152
-145
-177
-135
-119
-117
-85
-84
-150
-169
-129
-201
-153
-113
-160
-143
-143
-192
-121
-46
-108
-92
-92
-66
-86
-129
-81
-118
-85
-58
-34
61
50
0
-26
-76
-54
39
-28
19
93
96
104
15
95
47
-56
47
75
72
55
49
93
18
30
36
-55
-15
-4
69
151
63
72
51
-1
19
56
132
169
100
118
141
53
127
109
38
92
113
127
106
79
82
113
56
43
75
50
97
120
90
70
11
-40
13
77
138
58
40
98
-60
-79
-46
-130
-123
22
71
-3
57
-8
-57
29
-22
-39
-26
-34
9
-10
2
55
-45
-28
-10
-4
5
-93
-69
-126
-78
-20
-10
56
-63
-94
-98
-98
-101
-146
-55
-80
-50
-31
-110
-106
-169
-101
-55
-110
-48
-32
-33
0
-58
-122
-59
6
3
-54
-54
26
-41
-138
-127
-82
-34
-6
-9
-8
-6
-67
-49
10
-9
-49
-25
-54
-53
66
-14
14
9
-56
54
-64
-102
-43
-44
30
36
27
21
26
47
2
-30
40
32
19
42
13
52
106
167
174
123
66
54
38
112
88
-70
109
163
112
135
53
27
41
54
16
-19
63
152
113
95
46
65
81
-46
7
69
37
60
6
77
186
86
97
4
-85
20
-45
-17
0
-27
67
74
71
7
-29
-8
-21
40
-13
11
89
-62
8
104
-9
-22
-97
-127
-49
30
43
68
125
24
20
-27
-93
-90
-138
-111
-43
-53
-17
35
-43
-36
-120
-96
-47
-65
-33
-83
9
-43
-78
-27
-120
-158
-138
-26
11
-82
-43
-41
-33
-11
-115
-100
-216
-198
-66
-127
8
-86
-86
-14
-144
-53
-89
-23
23
12
82
33
-53
-102
-18
-11
19
5
-20
55
75
88
52
66
33
-32
-59
-84
8
27
69
57
-2
31
14
54
57
20
19
43
118
153
86
-8
6
34
-2
93
124
71
95
77
125
43
-31
5
-27
16
-5
85
250
96
-12
3
48
129
-27
-42
29
2
70
142
224
186
67
-7
-22
3
14
-9
-29
36
61
27
32
18
2
-12
-107
-76
-44
-71
0
19
61
19
-20
-13
-74
-21
0
-10
-40
-15
76
32
67
21
-69
-3
9
34
9
-34
25
-37
-88
-33
-72
-69
-17
17
-46
-114
-98
-151
-147
-131
-113
-82
-94
-12
20
-60
-55
-19
-29
63
112
-35
-186
-108
-19
-71
-8
-29
-130
-35
29
0
2
-31
-100
-121
-82
-52
-29
-4
0
-37
-19
-24
-56
64
101
-20
-45
-16
-54
-6
59
-1
-49
-10
98
121
31
17
36
29
-45
-112
-57
-90
-101
-35
37
133
97
-29
-23
69
52
73
83
50
106
84
136
247
175
72
35
8
37
138
24
-21
36
-74
-50
-59
-109
-87
-76
-4
78
56
17
11
28
108
54
-1
0
-35
-33
52
130
96
115
104
100
115
0
5
-13
-140
-80
-70
-99
-8
7
-45
-62
-52
-30
-10
-45
-77
5
12
10
42
-50
-1
114
201
213
147
61
-73
-72
-53
-121
-204
-222
-300
-215
54
90
7
-48
-73
-106
-79
-85
-133
-33
2
5
65
57
156
185
50
63
42
-61
-71
-87
-53
77
91
6
-48
-11
35
27
-82
-170
-100
-138
-129
-68
-12
125
152
165
178
123
56
125
86
-38
74
-29
-91
-10
-85
7
131
208
151
3
-54
-98
-137
-170
-157
-173
-122
-11
44
123
227
231
161
123
50
9
-18
-74
-15
70
22
57
179
153
88
-51
-80
-118
-258
-149
-109
-96
-90
-144
13
43
110
156
14
31
4
-5
-63
-61
-6
13
119
26
-3
44
70
118
14
-52
-55
-132
-149
-174
-125
-26
4
63
12
-16
-78
-148
28
47
1
55
-29
24
101
82
5
-104
-110
-98
-93
-158
-113
-113
-123
-61
-103
-79
-119
-106
-56
-25
40
-26
26
155
161
155
96
19
-37
-2
24
-71
-8
56
15
-25
-67
-43
43
125
95
57
0
-55
-43
-72
-60
8
-2
30
47
61
174
165
52
50
125
22
-65
-40
-13
8
28
72
99
81
38
34
-18
-76
-113
-76
-28
45
101
135
266
237
144
165
148
97
82
-16
-40
-28
-5
121
80
37
49
-17
-65
-133
-155
-174
-255
-197
-100
-106
7
67
106
213
161
102
-11
-77
-81
-61
22
38
110
96
-28
62
98
-44
-18
-76
-173
-224
-287
-217
-107
22
91
123
46
-32
-37
-61
-27
-112
-147
-132
-156
34
163
147
170
87
5
-35
-157
-167
-142
-177
-181
-175
-132
-12
117
118
53
-30
-62
-46
-131
-84
17
24
122
120
182
241
152
55
-63
-107
-236
-185
-42
-96
-52
-7
29
122
80
0
25
-25
-104
-103
-123
-48
57
77
89
161
248
229
160
131
18
-170
-159
-91
-6
116
117
107
123
200
159
23
-25
-137
-170
-170
-174
-107
4
60
102
226
225
239
142
-120
-189
-245
-262
-83
-3
76
194
163
140
85
14
6
-32
-92
-195
-260
-176
-70
66
230
262
180
96
75
9
-5
-39
-179
-228
-238
-94
6
79
202
119
88
-15
-119
-127
-199
-204
-192
-152
-80
-16
171
305
126
113
138
1
3
-52
-68
-93
-121
-84
5
140
171
120
74
25
-99
-179
-117
-84
-128
-121
-70
7
38
96
142
111
86
-4
-51
-59
-99
-111
-142
-89
39
133
98
106
106
-54
-69
-59
-115
-61
-26
-54
-57
13
136
195
156
67
71
78
-5
53
16
-39
-29
-87
-32
-32
74
114
-6
-42
-97
-35
35
12
-15
-19
-22
-24
-2
58
84
47
18
-4
0
-34
8
68
-13
-41
10
2
94
202
101
15
-28
-36
-13
-47
-11
29
4
-26
-15
-19
8
81
98
68
-43
-33
-33
-58
88
46
23
-5
-106
41
94
17
23
-1
-59
-79
-98
-10
64
-40
-52
86
47
-1
59
47
13
-96
18
67
-163
-105
-40
-22
101
30
1
43
-64
-23
42
-76
-65
39
-9
-22
12
0
130
131
58
61
-39
-49
-55
-14
33
-26
-32
-87
-71
-15
-19
10
-11
20
4
-95
-102
-86
-74
-75
-95
-65
10
145
208
144
98
64
-32
-121
-40
-51
-113
-76
-169
-78
80
107
210
134
67
-15
-200
-150
-115
-107
18
87
11
24
160
181
171
132
55
-25
-100
-89
-113
-100
-79
-58
13
45
85
49
25
24
-12
-84
-160
-108
-24
63
160
266
269
153
113
108
3
-39
-5
-65
-15
-11
15
94
100
152
55
-31
-60
-162
-258
-205
-121
-29
73
61
116
221
188
81
74
40
-89
-228
-127
-4
41
141
93
142
97
44
35
-44
31
-77
-178
-215
-212
-69
5
141
172
139
123
23
-30
-68
-59
-40
-46
-23
-64
33
119
126
174
-20
-58
-177
-271
-78
-143
-122
-114
-79
37
77
128
83
84
4
-95
-132
-79
38
2
44
79
68
104
78
33
-38
-22
-18
-28
-59
-108
1
-13
-57
-28
-87
-20
27
0
23
0
28
11
-13
-32
46
138
70
79
-32
-107
-47
-51
38
90
123
110
-28
-22
-152
-148
27
-24
0
-25
-48
-89
-44
136
167
83
100
105
-34
-101
-122
-80
-79
-35
-22
37
100
-35
55
26
-38
-9
-147
-64
1
36
61
-9
8
15
104
148
129
90
8
-60
-81
-42
-50
15
98
63
55
14
-85
16
0
-104
-83
-168
-72
-23
-35
35
11
84
102
-3
-2
61
-11
-29
-2
-4
-22
-63
-49
1
22
1
-47
-96
-39
-138
-132
39
116
138
15
43
17
-4
25
-25
63
43
-37
-43
-23
-26
-14
6
11
99
90
-14
-29
-5
0
-32
-60
-102
-67
92
125
48
-23
-49
66
110
34
89
74
-35
-76
-9
83
93
115
105
64
51
15
-54
-79
-104
-108
-106
-96
-34
-23
23
35
-28
11
20
-56
-8
-26
-44
20
-40
-23
81
65
98
135
22
18
-32
-128
-119
-174
-172
-60
54
117
120
71
101
82
-5
0
5
-26
-121
-138
-110
-34
64
122
206
141
67
23
-51
-118
-204
-170
-122
-115
-44
56
53
45
11
-66
25
0
-52
-75
-161
-35
-65
-116
13
49
157
182
55
37
-34
-98
-107
-149
-27
-8
-10
62
2
41
74
4
0
-71
-95
-25
-55
-50
-72
-41
25
93
207
149
85
60
-85
-164
-23
19
34
94
8
69
97
58
76
-42
-109
-52
-42
-38
-34
0
61
13
-11
-40
26
97
-14
14
23
-22
-37
-41
61
45
8
6
0
24
-24
-37
-40
-12
53
46
66
56
42
2
-42
-56
-76
-47
-38
-19
-35
-70
-16
73
94
120
125
164
157
-77
-75
-50
-130
-45
-55
34
82
13
33
18
10
-50
-39
16
-26
-76
-126
-71
30
24
82
66
32
63
-23
-25
-75
-100
-96
-106
-95
-72
63
-5
17
70
39
85
-68
-39
34
-76
-98
-83
-59
-71
-40
56
111
118
89
-10
-66
-39
-48
-83
-15
15
-29
19
86
94
14
31
51
-58
-108
-81
17
10
-14
35
-60
-47
159
81
27
86
-76
-37
-38
-43
43
-1
53
53
-19
-36
-40
-66
-40
-19
44
93
56
22
-70
-19
62
24
25
-16
-9
-58
-67
86
69
77
90
13
9
38
-25
-103
-82
-171
-93
38
10
89
45
91
125
17
10
-17
6
-51
-59
-8
-43
87
150
122
188
126
61
4
-87
-120
-185
-136
-92
-97
-50
-11
69
122
95
79
-14
-156
-75
-42
-101
-51
-24
-27
16
70
18
89
107
-14
-15
-83
-88
-59
-59
-3
9
72
47
16
20
-20
55
15
-48
-82
-126
-20
-32
-81
19
63
67
63
66
-8
-47
60
29
-22
4
-43
-23
35
17
26
50
51
-55
-144
-43
0
-63
-49
-12
12
65
44
50
84
-13
-39
-80
-65
20
-18
3
37
77
90
47
73
38
-5
-86
-148
-113
-142
-63
32
51
83
93
61
12
72
72
-14
-34
-20
-14
-54
-70
30
116
138
130
-2
-38
-11
-18
3
10
57
0
19
84
48
106
54
30
45
-69
-134
-134
-95
-93
-45
24
60
131
106
89
82
-20
-68
-58
-69
-126
-163
-81
7
43
61
58
40
97
100
-18
-81
-129
-125
-58
-11
19
40
57
141
90
-44
6
16
-17
-15
-57
-62
-59
-56
-23
54
106
34
8
-13
-60
-76
-133
-78
-45
-47
47
94
72
38
59
59
6
-4
18
1
-58
-113
-38
24
15
19
33
4
34
43
-94
-82
-123
-89
57
20
41
-16
-71
23
34
0
29
5
44
2
-96
15
16
9
39
37
45
1
-1
59
39
-45
-61
-98
-58
44
1
-52
17
32
38
86
37
-1
27
31
-11
-24
29
31
34
82
74
76
51
-36
-78
-44
-74
-79
-47
-35
3
-49
-2
79
9
-38
10
33
-80
-109
0
113
56
25
96
38
61
46
-14
8
-7
-31
-69
-63
-56
-28
26
9
74
32
-19
7
-65
-31
-36
-94
4
75
33
-13
-18
39
24
36
79
33
36
-43
-57
-5
-47
39
49
47
86
-5
-51
-42
-127
-133
-35
-24
-5
-46
-8
42
-17
55
59
47
43
0
-19
-70
-66
-1
-15
0
96
32
38
51
-86
-127
-58
-112
-76
60
-25
-35
-5
17
58
68
57
-17
61
37
-11
34
-34
14
43
18
40
47
61
11
-88
-75
-54
-76
8
0
-20
-36
-8
67
49
41
-8
15
13
0
-18
-81
-11
0
12
28
51
111
67
41
12
-44
-81
-75
-2
5
-82
-17
-14
-49
63
40
50
-13
-83
-23
-59
20
32
-8
25
130
156
118
174
2
-40
33
-23
-50
-117
-165
-104
-8
30
4
17
86
70
6
-3
0
-1
-25
-4
50
13
-11
7
54
79
77
20
13
27
-42
-30
-25
10
-77
-69
8
-146
-101
-37
-10
38
-30
40
71
4
68
53
56
45
-24
41
21
2
1
-10
20
-25
-40
-42
11
8
-66
33
9
-71
-7
-40
-45
-15
-65
-59
-19
10
88
53
13
57
97
129
24
-29
33
48
0
-1
29
-24
-16
-34
-82
-41
-82
-100
-62
-38
44
26
-70
9
62
8
36
8
11
10
-24
48
86
67
23
71
110
66
19
-65
-44
-49
-53
32
-37
-72
-81
-104
11
27
-22
7
48
35
36
96
72
108
106
74
112
50
0
-13
63
-8
-121
-53
-25
31
18
-82
-68
-27
16
31
-40
11
7
-44
2
26
36
4
46
80
45
74
32
-26
23
42
45
15
48
-24
-113
-22
-27
17
15
-92
-52
-50
-53
49
12
-21
67
68
52
39
9
31
48
14
11
46
1
-22
-33
-28
59
36
-15
-5
-53
4
58
-40
-56
-55
13
30
-18
34
-32
29
28
-10
47
16
119
89
-9
-22
-9
33
31
-40
-105
-73
-52
-33
-49
-51
27
86
73
31
12
-9
-34
2
-1
-45
15
-73
-15
64
23
120
45
78
67
-108
-37
13
-49
23
4
-39
-1
43
34
-72
37
5
-45
-34
-111
28
2
-49
74
110
121
71
34
60
-37
-95
-26
-7
-53
-56
6
-42
-82
19
43
16
-10
-75
-63
-44
-22
5
-30
-6
36
79
75
63
29
-18
-6
-36
-15
-65
8
8
-140
-24
15
86
41
-66
-15
-14
25
2
-46
-86
-89
-59
-3
36
43
35
7
35
-11
-27
7
17
0
-22
56
30
-46
10
34
4
-18
31
6
-103
-97
-70
-37
-20
12
-5
-40
93
0
-78
66
-50
-25
16
-27
47
-54
-17
73
33
-17
2
52
-14
-20
-79
-71
-9
-66
-26
-47
-32
34
-22
24
5
-24
42
-23
2
7
-13
46
40
56
-3
-7
3
-31
2
-37
-30
-21
-22
8
-63
-30
-14
-84
-33
23
-5
-101
-65
19
-12
-4
37
32
57
62
-11
-7
-33
-59
36
-38
-51
-8
-34
0
-50
-60
-4
17
-29
-40
-3
-20
-59
-65
-17
3
18
30
-34
16
-16
-96
30
-62
-74
1
-21
43
-4
-8
8
-19
9
-16
-42
-43
-57
-27
-46
-60
8
9
55
63
-4
59
2
-67
24
-58
-65
29
-15
-11
-18
2
-2
-25
34
-8
-53
0
-53
-84
7
-45
-58
0
-18
33
11
-64
-24
-37
7
46
4
-7
-100
50
45
-57
80
-23
-9
-17
-18
86
-13
10
0
-40
15
-21
-9
-3
-98
-51
-9
20
31
-65
-6
0
-80
-49
29
21
23
17
-43
-11
18
54
31
-77
-19
49
-42
-25
14
20
31
-21
49
28
-56
-81
-88
4
-53
-56
63
-18
-20
23
31
44
-12
24
-10
-6
35
-3
8
-17
3
11
-30
-22
-114
-110
-56
-40
5
-43
-45
-12
45
62
73
7
-54
41
-34
17
70
-29
90
37
2
99
19
41
-7
-52
13
-85
-83
-46
-29
-27
-58
21
0
2
21
-9
27
25
37
77
14
-14
47
1
-39
0
-12
-6
-12
-55
2
11
-36
-1
28
19
-1
-8
-14
-24
-5
65
82
66
24
3
66
-17
4
30
-7
3
-47
29
-26
-42
7
-30
36
-67
-9
75
-58
-29
2
67
74
5
-1
-31
-23
-4
21
24
1
24
43
41
63
54
74
73
-7
-5
-41
-73
-31
-5
28
-46
-50
26
-3
20
61
40
4
-3
-33
-3
9
18
2
-34
103
60
11
54
-30
-11
-31
-69
1
-32
-58
3
6
44
99
39
22
22
-4
-3
-4
30
-2
-38
25
55
98
92
36
69
32
-19
-22
-34
0
0
-12
-77
-58
-2
-6
-9
-43
32
48
19
45
34
4
35
33
-48
18
-10
-63
42
8
-3
45
-9
37
69
40
23
-82
-33
15
-23
28
-17
-25
19
51
43
-14
7
-3
-5
-14
-59
3
51
-16
-47
-8
52
80
0
-41
-29
0
31
-39
-27
21
-43
-49
21
99
0
-74
49
87
-17
-72
38
37
5
37
-54
-11
18
-78
-23
35
28
-14
36
89
8
-49
-1
32
-62
-86
-9
-16
-68
-45
-41
-12
51
17
8
28
-22
-42
23
64
36
22
32
69
49
-36
-75
-79
-47
-25
-3
-24
-61
17
59
81
25
-11
58
-29
-41
-5
-30
-47
-42
55
8
-40
15
38
46
-44
-16
2
-36
34
-30
-36
25
-36
-39
-13
-24
-61
-55
-23
-18
25
21
-14
-3
34
98
69
-19
21
93
0
-71
-69
-31
45
-67
-108
-32
-35
-8
-44
-27
16
-40
12
44
0
23
17
-4
15
-18
-5
27
-60
-36
6
-31
3
0
-15
2
-59
-14
34
-7
20
-45
-27
-2
7
60
-48
-59
5
30
5
-67
-10
64
-20
10
78
43
-7
-89
-65
-48
18
26
-26
-17
-100
5
10
-47
37
-67
-12
67
-21
-36
-19
-28
68
69
-13
11
-20
-11
-28
-7
13
8
37
-14
-28
-80
-48
23
10
-33
-19
56
19
-6
-21
22
98
-47
-82
-5
-37
23
-10
-3
79
39
-7
-17
-32
-49
-46
-81
-58
-41
-47
-20
-11
29
60
103
107
40
29
-10
-35
2
24
-25
-122
-39
51
-49
-76
-38
19
82
-5
1
74
-5
-36
-46
17
71
-54
-10
5
-55
28
-33
-42
53
38
10
-40
-29
10
8
16
-6
-5
34
-21
-52
-11
11
29
-43
-40
53
22
5
7
14
79
49
-8
-28
-30
-42
-2
57
-4
7
-4
-24
17
-43
40
76
-37
-11
-48
-67
-4
-1
3
13
6
2
6
-44
14
30
-4
55
51
46
-1
-38
6
12
38
103
-19
-92
1
-3
19
-30
-79
-30
-17
21
34
-2
-15
82
87
51
34
-21
-35
-36
36
-38
-25
42
-22
31
-7
13
47
1
-20
-71
-38
39
32
10
27
3
47
56
12
17
-53
-48
27
44
37
30
0
-41
26
57
20
-52
-31
20
-30
-1
75
56
-31
3
8
15
86
-23
-65
-10
-11
13
0
10
-45
-5
100
-11
-53
11
37
92
82
35
3
-11
9
-17
-34
29
42
25
-40
-35
55
-1
56
34
-42
6
-24
34
-11
-59
48
32
38
51
38
-16
-22
45
1
8
25
18
-41
-55
49
76
46
0
-11
-34
-17
19
-29
0
-9
-79
6
79
62
73
34
28
62
-22
-23
-3
-17
15
-33
-31
27
69
87
45
-11
-16
-2
5
-18
-49
-25
-61
-16
15
-6
41
51
54
38
42
37
16
26
-8
-16
23
-24
-38
2
-52
-13
33
35
17
0
47
-8
-16
-19
41
62
-53
2
6
-26
29
45
14
-40
-32
33
42
31
31
31
19
-8
-19
-49
8
11
-65
-22
-61
-47
19
6
78
14
18
76
-45
14
71
-7
0
15
-8
5
-41
-43
43
21
-2
15
21
14
-2
3
-19
-36
17
-31
-106
-5
51
49
3
-31
46
55
24
-40
-48
17
54
29
-57
-74
33
108
10
-59
-39
-24
-37
-53
-2
-28
-41
16
8
61
83
12
-24
21
77
-4
-33
19
-14
-15
-17
-27
25
-40
-36
32
13
25
-34
-40
9
-26
-47
3
31
-46
-23
0
-20
43
34
35
33
-38
-44
21
26
-6
-17
-22
-11
-10
50
49
-3
-7
-61
0
30
-31
-28
-59
-18
38
-19
-31
31
12
-4
58
3
-40
14
-11
-8
25
-32
-61
16
41
0
-21
-26
25
3
-2
-8
-38
-23
-24
41
7
-40
-53
-55
52
44
13
23
-21
23
32
4
19
-10
2
39
-28
-43
3
-24
-10
6
0
-22
-42
-51
-57
-40
-1
23
-18
29
57
3
0
34
39
1
-22
-45
-32
-3
15
7
-34
-14
38
-2
-37
-8
17
-32
-32
18
1
19
-20
-43
-1
8
22
-24
-57
-38
-10
30
17
-11
15
19
-1
7
10
21
19
10
-36
-37
-39
-56
-16
-87
-29
17
-37
-8
19
31
14
45
23
-33
-44
-40
7
55
10
-18
26
5
7
63
0
-49
-31
-67
-33
-30
-112
-57
8
29
13
-52
-2
43
13
38
58
31
35
-8
-52
-11
-52
-40
37
-68
-76
-15
-74
24
94
25
6
-24
47
53
-74
-26
-2
13
5
-107
-78
-39
-5
11
2
27
60
68
40
41
-13
38
68
-10
-66
-75
-31
-89
-58
24
-41
10
26
-54
-3
-55
4
102
-21
0
58
7
19
12
8
54
7
-9
34
-2
-42
-36
13
29
-12
-36
-7
0
-57
-57
-26
46
39
-28
2
11
36
30
-1
36
8
-18
13
42
3
-33
55
47
29
6
-36
12
-56
-54
-9
-97
-49
28
19
35
-2
22
39
-4
36
36
13
10
-21
30
55
-16
65
93
18
-7
-59
-47
-53
-42
1
-35
8
-12
-23
12
-42
-17
38
26
15
16
-20
11
31
76
99
-10
-1
42
-17
-70
-45
-6
7
-20
-28
0
-17
-24
10
49
45
21
-11
-21
44
28
-18
-23
-41
-19
-4
35
5
-67
-12
31
0
21
60
19
-46
-15
48
4
-32
-19
26
-15
-68
6
-36
-45
-4
42
71
-4
-14
-48
-4
53
14
-12
2
45
-5
-18
-19
9
42
-6
14
-33
-78
-19
11
3
-18
18
33
-75
-52
58
7
-25
3
-16
19
49
-57
-12
66
-37
-4
32
2
-8
-34
48
23
-60
10
28
-33
-53
-8
31
-22
3
16
-22
31
-13
6
54
6
-42
-49
41
22
-10
-25
-64
-23
10
32
-15
9
70
9
-2
-3
-23
0
26
34
-64
-103
-16
19
34
38
6
-14
10
14
29
21
-2
23
28
-52
-57
49
-44
-75
-6
15
61
-11
-34
29
43
15
14
14
-22
-25
-24
4
-6
0
56
4
-69
-14
0
-45
23
18
51
18
-14
60
-26
-5
3
-19
11
-60
-65
10
65
39
-20
34
38
-17
-20
-40
-19
14
23
14
17
24
11
1
-62
-70
-19
-12
-31
-25
67
51
29
74
11
8
-16
-47
7
-6
-76
-72
27
111
58
-46
-28
11
9
1
11
-3
-55
-9
25
40
25
-47
-28
8
-26
-12
40
3
-51
-12
51
75
20
-28
-33
-25
58
38
0
-17
-40
-14
-46
-26
6
-15
-23
29
46
-16
5
44
12
-3
-7
-17
11
16
-20
-36
13
88
84
11
-62
-28
-44
-34
12
-15
-28
-85
-16
13
-6
32
29
40
22
25
33
-6
-13
28
12
-21
-1
-38
-10
32
-42
-7
-4
16
91
-55
-50
-35
-86
74
48
-7
-5
-47
-3
-2
15
31
7
5
35
0
-13
29
5
29
47
-4
-41
-38
-59
-34
-9
-38
-14
-53
-35
56
50
33
-29
-43
73
108
18
-45
-95
-27
77
-9
-29
35
5
16
38
13
-48
-31
-4
-54
-45
-1
-3
-74
-29
37
13
43
37
-63
-41
40
45
6
-51
42
55
-21
29
30
-17
-26
-17
-10
-12
0
-41
-80
-35
-4
-8
-15
7
-18
-17
25
63
91
25
-17
11
-46
-19
43
-36
-51
-76
-1
43
-16
35
19
55
23
-126
-34
43
-6
-34
-45
5
1
-15
24
3
-13
54
39
-55
-76
-8
90
5
2
74
1
13
-14
-21
20
-69
-105
3
48
-10
-62
-50
29
56
19
59
-2
-102
-30
31
47
-8
-14
28
48
68
-35
-61
4
-25
-20
9
-16
-18
0
51
15
-5
43
-29
1
15
-98
-35
32
-37
-41
77
84
-22
-21
27
29
5
-61
-25
49
4
0
-21
-30
67
49
-50
-22
23
-5
0
-25
-67
-5
0
-16
5
-17
15
32
15
0
16
57
31
9
47
12
-85
-71
-7
70
34
-74
-29
6
-17
7
30
-35
-16
50
0
-56
-47
3
36
25
3
-31
-35
60
34
-9
41
57
52
10
-9
-38
-14
-52
-86
8
-26
-60
7
-21
-3
40
-14
81
7
-84
25
36
85
14
-35
46
18
29
77
3
-95
-108
-41
-20
-51
-26
2
31
0
-55
8
114
97
4
-15
-33
-44
31
11
-42
-26
-25
22
33
26
15
-55
12
87
53
12
-95
-80
21
-24
7
35
-47
-1
-15
-47
26
57
27
-15
-29
6
23
-9
20
37
23
28
-17
-29
8
12
2
4
12
-15
-44
-17
-14
-31
-20
31
22
-57
-21
34
65
39
4
41
17
2
-15
2
29
-25
-31
11
37
-19
-20
-1
-24
17
32
-4
-86
-49
41
27
16
-4
11
45
35
-2
30
50
-21
-40
-16
11
-35
-54
27
12
-11
32
29
7
-30
36
60
-5
-7
-25
45
13
-23
1
-37
-47
-33
-3
-74
-9
69
13
71
71
42
41
-11
16
12
-53
-79
1
11
-83
-11
65
53
25
-37
-47
5
-22
-25
23
8
38
47
-18
20
3
-11
23
-11
6
-15
4
45
1
-15
-15
-8
-19
-20
3
-51
-38
8
43
100
19
0
-12
-57
3
-53
-54
49
0
8
56
11
27
34
28
13
-58
-40
3
-11
-27
-42
-38
-4
30
48
49
-33
-52
68
23
-29
23
-37
-37
0
-17
-35
6
85
72
52
0
-48
-25
-36
-41
-37
-18
-15
-41
41
48
32
48
9
18
8
-25
-80
-61
-14
33
55
6
-1
14
-12
-16
19
14
-12
-51
33
52
-16
0
-23
5
12
51
14
-67
0
-10
-35
-55
-4
-2
-19
7
-4
16
-22
42
78
55
100
13
-52
-15
0
8
-40
-44
-8
-34
-65
-80
-48
-6
51
33
11
84
89
56
35
-18
-7
62
-44
-110
-43
-72
-19
-2
-8
111
48
-61
11
36
-6
18
37
-25
-58
-3
48
14
-38
-34
3
9
-44
-53
19
59
-7
38
53
-41
39
66
-14
-32
-26
-8
-27
-18
-14
0
14
-13
16
-23
-26
41
2
-44
0
13
-23
38
14
25
78
-25
-36
30
39
-34
-43
-2
-57
-38
-36
-2
69
-7
-19
58
34
4
8
-60
-22
22
-18
22
-6
-54
15
13
61
114
-15
-73
-82
-81
2
62
-36
-9
96
-42
-12
30
6
86
-40
-59
-50
-98
9
45
78
54
15
-7
-27
46
16
-57
-49
-51
-26
2
-26
-33
39
89
21
-18
-20
16
80
1
-47
-7
22
3
-53
-40
-24
-39
-7
7
14
47
26
-9
9
31
25
-8
-11
-27
-43
7
-21
0
33
10
48
-41
-20
43
-18
-9
-44
1
35
7
-35
-15
23
-3
48
-15
-72
2
53
19
-33
36
25
1
52
-57
-6
86
-16
-27
-56
-52
-15
-3
12
-9
-29
-19
-9
80
76
4
25
-30
3
41
9
-8
-47
-42
1
8
46
-1
12
75
-4
-24
-60
-25
-9
-54
-36
-64
-18
-5
17
83
62
93
67
50
7
-28
37
-2
-33
-19
-70
-111
2
41
-53
-21
-3
-43
-33
34
71
5
-2
62
43
57
28
-24
8
-26
-10
2
11
-8
-46
9
-8
23
28
-66
-56
-66
-44
-2
43
68
25
21
34
25
17
75
10
-62
-48
-83
-54
58
90
3
-43
-1
26
4
-10
-20
-1
-31
-42
-8
-21
36
56
51
11
-31
2
-21
29
26
-33
-40
-57
7
32
38
27
30
23
-31
-25
-7
3
-8
0
13
0
-50
-69
-42
30
105
32
-30
-54
-4
20
7
129
98
-41
-51
-11
-14
-51
-59
6
46
-53
-57
-3
-14
72
26
-22
57
44
40
-13
-43
3
-5
-11
-4
-19
-44
28
48
-22
1
54
48
-32
-37
-6
-33
-52
-30
39
46
-33
27
70
-38
-1
23
-68
-16
79
31
3
52
14
-35
-9
17
-19
-65
-34
-34
-16
25
19
27
15
14
13
-26
-42
-31
10
72
82
11
-12
39
20
-34
-38
-12
13
23
-19
-53
-3
-30
-100
30
58
-48
4
8
30
37
63
80
-23
-3
4
-21
-27
-1
6
-30
9
60
31
-57
-35
-14
-88
-22
8
-17
27
43
44
2
-11
-26
0
83
53
8
-5
3
-4
-8
-22
-34
-36
-30
37
23
-23
-31
-32
2
16
-48
-6
72
-1
6
36
34
86
48
11
-59
-131
-66
-48
11
48
-7
25
45
33
48
21
-9
-7
-42
-86
-43
38
6
-25
-14
-22
-17
-5
53
70
82
62
31
-19
-65
-2
-71
-62
10
-53
-3
35
11
29
13
16
38
-34
-40
11
-18
-25
-31
10
53
14
12
70
0
-61
16
43
59
-3
-40
-16
-41
-87
-63
-20
-38
57
37
21
74
3
5
23
3
-5
-4
36
9
-46
22
15
-67
2
68
-20
-86
-65
0
56
6
32
26
-29
-7
-60
14
74
-25
-58
24
84
28
-9
-3
-3
47
48
13
-21
-108
-68
-20
24
3
-95
-5
43
9
24
18
42
20
-25
41
9
-15
22
-5
74
57
-28
-38
-56
-11
-29
-42
-18
-75
-33
31
25
61
11
-24
28
21
15
41
54
36
-7
-17
19
-32
-99
-54
-2
1
24
27
-31
5
12
-6
-6
5
16
-36
13
10
28
65
-9
32
24
-75
-68
-13
7
55
61
-17
7
-56
-85
26
-27
-15
1
-10
14
-9
97
114
41
17
-30
-44
-80
-88
-50
20
63
31
0
-30
-17
-14
25
63
19
-33
-20
13
-61
12
47
35
67
-44
-18
-23
-25
63
-39
-22
-34
-91
27
-45
7
67
17
64
-23
19
55
24
33
-63
-43
15
12
13
-3
-31
-80
-96
-38
10
2
5
30
99
101
16
17
10
-24
7
-16
-73
-68
-20
-6
17
20
-1
29
55
-23
-82
-38
-22
39
37
-5
36
20
-43
-29
18
17
2
38
4
2
17
-13
13
-51
-31
36
-15
-89
-85
4
15
26
23
22
52
16
28
25
0
0
-29
2
