-149
-100
-113
-155
-125
-131
-107
-78
-126
-93
-165
-236
-128
-157
-207
-182
-248
-207
-166
-163
-96
-127
-144
-158
-195
-124
-59
-98
-88
-22
-54
-20
7
-72
-10
21
-31
14
52
78
92
70
96
98
88
93
80
83
110
112
133
138
163
227
165
145
165
123
89
21
42
119
83
57
105
160
189
185
132
98
77
20
12
13
68
121
75
71
42
42
21
-57
-37
-54
-68
-17
7
-91
-142
-39
-79
-189
-140
-57
-91
-136
-89
-119
-196
-172
-138
-121
-102
-76
-154
-199
-144
-211
-239
-224
-236
-230
-241
-138
-102
-137
-74
-91
-124
-164
-148
-59
-1
59
3
18
83
37
76
106
67
109
88
115
233
170
161
186
123
200
271
235
228
259
241
223
204
200
296
299
260
230
165
199
223
254
256
177
163
177
199
230
157
76
96
38
18
46
12
125
74
-3
102
6
-36
-39
-140
-123
-146
-184
-116
-127
-203
-208
-177
-163
-165
-165
-147
-122
-130
-144
-123
-160
-142
-89
-176
-181
-131
-119
-65
-111
-123
-98
-39
44
-40
-55
20
60
32
47
74
29
43
71
104
101
113
80
68
100
16
45
95
33
71
76
28
101
120
44
72
79
55
78
90
67
34
48
10
29
27
-61
-26
-44
-78
-76
-78
-70
-88
-39
-33
-52
-104
-167
-152
-100
-15
-41
-67
-84
-177
-213
-151
-90
-90
-39
-12
-32
3
-15
-47
7
46
44
50
68
22
21
100
38
27
100
86
97
147
165
116
91
216
238
157
145
119
195
150
28
57
41
98
119
41
92
88
60
92
40
18
-29
-1
67
-14
-9
-26
-103
-91
-157
-189
-105
-142
-208
-158
-95
-109
-164
-137
-139
-202
-174
-147
-114
-153
-202
-107
-175
-231
-124
-156
-214
-105
-15
-40
-43
-53
-61
-9
-3
26
72
27
97
183
172
193
150
187
287
237
254
292
315
375
393
360
273
330
366
272
265
269
269
285
300
328
276
204
196
164
158
92
37
76
10
-28
-35
-22
-36
-84
-95
-143
-136
-154
-200
-234
-244
-264
-289
-312
-406
-395
-392
-399
-335
-383
-379
-390
-459
-433
-391
-386
-372
-339
-374
-378
-353
-298
-222
-299
-265
-155
-171
-166
-117
-62
-113
-82
-18
-16
35
47
88
81
98
154
173
168
100
163
237
217
222
270
352
342
298
331
328
308
276
287
282
194
237
167
104
197
161
203
154
122
186
87
140
104
20
57
-26
-20
23
59
40
13
0
-68
12
80
95
54
-54
-33
-51
-57
16
57
29
3
22
17
59
-3
58
115
41
65
69
139
72
91
204
150
106
57
82
82
34
44
41
59
49
22
65
76
68
-10
9
89
60
55
-51
-57
47
-22
-60
-65
-77
-48
-119
-193
-129
-106
-169
-207
-175
-152
-193
-165
-210
-256
-212
-239
-287
-263
-233
-197
-187
-239
-208
-292
-348
-282
-299
-325
-308
-233
-161
-139
-162
-131
-151
-172
-119
-134
-124
-168
-131
-15
-39
6
-8
-25
26
-32
-10
22
-22
15
62
108
138
128
155
169
145
124
136
82
37
127
136
113
168
128
130
154
173
223
168
137
146
104
101
131
129
134
96
123
119
63
84
86
105
108
35
-11
50
51
-1
58
134
91
1
14
70
125
107
40
92
136
95
88
121
128
118
154
132
83
134
172
163
103
61
86
86
136
105
83
165
170
138
105
164
119
63
111
34
65
154
73
29
55
69
99
82
73
43
-41
-39
1
-28
-114
-107
-70
-108
-109
-62
-112
-214
-229
-207
-151
-198
-216
-161
-247
-243
-211
-253
-218
-195
-201
-194
-223
-190
-203
-276
-189
-164
-197
-189
-151
-88
-117
-96
-128
-172
-106
-90
-24
-46
-134
-71
-25
-57
-35
-2
61
133
62
0
-30
-50
21
37
-7
9
-50
-44
20
13
61
96
93
-6
-36
54
15
35
106
109
133
46
16
36
-13
41
66
29
80
99
2
-32
28
83
35
-23
-35
-52
-3
38
84
109
128
79
25
39
-37
-65
-27
3
5
-23
-6
-35
-33
56
52
59
69
79
108
118
65
-24
54
19
-39
64
46
38
44
89
175
198
165
104
169
141
55
104
57
104
150
22
77
59
-7
42
10
64
75
-37
-5
43
-4
-44
-23
0
-22
-59
-83
-54
-93
-142
-104
-136
-140
-108
-98
-82
-103
-13
0
-108
-118
-80
-97
-81
7
24
20
-38
-41
-34
-18
16
-44
50
78
49
54
11
83
144
119
37
19
100
111
72
10
-7
21
1
-3
13
-26
-75
-20
-23
-111
-92
-105
-147
-158
-205
-278
-239
-229
-322
-229
-240
-324
-235
-244
-300
-226
-180
-218
-239
-208
-140
-120
-158
-156
-99
-105
-108
-92
-107
-100
1
108
65
56
90
97
186
190
174
262
263
306
315
251
331
300
274
372
393
372
335
374
365
351
396
341
346
291
180
240
198
125
167
138
77
44
80
96
13
-17
-84
-100
-28
-100
-137
-128
-134
-165
-178
-213
-262
-245
-286
-252
-239
-226
-148
-192
-191
-188
-218
-219
-252
-208
-170
-165
-103
-140
-222
-127
-88
-71
0
-27
-19
-35
-16
-15
-53
-6
-39
-64
-43
-7
73
51
26
78
132
100
32
46
-11
27
52
6
125
83
38
69
13
30
9
-43
-32
11
-18
-85
2
17
-72
-1
-9
-86
-27
-29
-37
-12
-5
3
-26
-8
-57
-121
-105
-143
-120
-111
-134
-157
-182
-92
-115
-158
-101
-147
-156
-69
-51
19
75
55
32
-19
56
94
58
77
41
32
-1
-5
55
92
136
133
162
168
179
214
221
206
136
177
225
226
265
262
197
184
216
186
178
203
211
212
174
135
146
98
84
100
86
79
46
20
18
-5
-101
-80
-46
-163
-148
-75
-69
-94
-181
-203
-176
-209
-153
-174
-237
-181
-257
-263
-205
-235
-241
-208
-228
-282
-226
-232
-247
-137
-154
-202
-157
-169
-132
-115
-85
-47
-60
-2
57
53
-61
-38
5
23
65
24
98
117
73
128
108
14
118
184
86
74
111
129
129
92
130
157
87
98
108
96
102
120
122
98
110
134
204
155
61
62
21
69
163
129
39
-7
18
93
113
30
-40
14
29
-3
7
-31
31
7
-95
-62
-7
9
-46
-33
-71
-82
-34
-52
-60
-135
-134
-93
-90
-41
-57
-74
-68
-104
-58
-16
-2
51
68
78
3
2
64
57
78
47
16
36
93
100
128
101
64
178
123
98
152
120
93
52
101
72
21
78
37
47
45
21
42
-37
-75
-63
-61
-113
-128
-131
-208
-144
-119
-185
-245
-265
-211
-252
-205
-188
-245
-195
-233
-285
-276
-205
-196
-245
-193
-140
-151
-136
-35
-11
-1
-33
-28
98
84
49
52
50
77
133
208
235
192
169
193
176
191
172
77
63
118
170
140
128
194
165
73
40
35
2
19
91
76
15
-95
-177
-70
-25
-104
-100
-85
-96
-108
-92
-143
-125
26
-36
-164
-90
-26
-122
-128
-52
-19
37
116
92
32
116
53
3
152
92
105
190
149
202
165
108
117
154
167
176
199
125
196
256
109
68
120
170
184
77
64
107
45
96
110
52
72
49
14
-39
-33
-19
-3
-18
-111
-35
-14
-102
-105
-35
51
-29
-88
-88
-155
-107
-29
-59
-102
-61
-52
-118
-97
-101
-123
-110
-171
-178
-131
-186
-131
-84
-100
-35
-137
-149
-43
-87
-125
-104
-96
-69
-45
-48
-35
-61
-106
-57
-36
-105
-129
-139
-11
40
-38
-48
-103
-45
-67
-145
-31
-13
-74
-40
16
37
-59
-90
18
23
52
61
-29
-7
68
65
2
56
76
60
81
-7
61
129
-9
-55
45
89
111
85
-20
8
34
39
53
-8
37
34
3
91
82
55
83
76
-2
8
84
74
97
163
136
69
85
45
60
157
98
49
60
29
88
153
147
138
78
90
93
-33
23
58
16
76
-19
-67
-40
-51
-25
-53
-79
-76
-5
51
46
-52
-100
-41
-56
10
-7
-30
0
-95
-51
-77
-162
-90
-92
-160
-99
19
-43
-42
-38
-80
-46
-56
0
-29
-38
-42
-120
-82
-53
-74
-46
-6
-24
-93
-78
-95
-102
-65
-119
-78
-39
-13
-25
-44
44
53
-50
-107
-95
-89
-78
-74
-17
60
48
40
65
38
7
-8
-47
-47
-46
-34
-3
-11
36
60
11
8
60
61
14
30
43
7
-20
23
43
30
73
18
12
89
110
100
70
83
70
81
55
3
45
63
5
-62
10
3
-82
12
34
40
87
84
93
57
46
37
73
68
-18
-4
27
39
51
8
-16
14
27
43
69
20
-42
2
62
32
-16
-36
18
48
-22
46
65
34
37
-7
79
77
-25
-49
-1
31
27
12
-70
-68
-106
-127
-66
-58
-61
-93
-46
-9
-81
-107
-112
-181
-193
-159
-141
-79
-92
-147
-145
-123
-105
-90
-116
-99
-56
-127
-125
-64
-70
-54
-20
3
-15
13
80
78
80
89
97
62
97
198
163
145
132
75
120
202
201
177
154
157
138
107
147
111
58
85
95
132
107
39
16
5
57
67
36
-44
-40
-12
-23
-46
-150
-95
-75
-183
-157
-124
-65
6
-77
-84
-41
-91
-33
-41
-34
66
-15
-62
-14
-18
-11
29
41
84
75
55
100
130
75
24
115
86
97
88
23
147
149
105
109
73
45
48
70
11
24
71
69
89
30
-15
-24
-32
-29
-47
-85
-106
-62
-91
-165
-101
-45
-98
-138
-191
-171
-107
-130
-126
-142
-107
-86
-166
-90
-85
-157
-35
-32
-149
-116
-31
-39
-75
-91
-95
-54
-59
-49
-13
-13
-10
-47
-54
-40
-6
-38
-101
-25
13
23
-18
-29
101
191
140
8
0
12
6
2
31
32
-38
-16
-49
23
58
-41
12
1
-34
42
40
32
67
23
74
3
-98
26
38
-12
-15
22
13
-7
7
22
80
100
127
109
58
73
33
42
81
62
120
109
97
115
106
131
49
21
44
16
81
53
92
179
31
35
118
121
113
87
45
26
102
90
110
119
68
76
76
123
94
64
85
82
132
150
169
104
56
74
63
106
134
160
136
49
-17
14
34
22
9
32
82
35
13
-29
-22
-36
-87
-112
-96
4
-96
-126
-61
-117
-102
-122
-143
-75
-96
-146
-119
-139
-179
-143
-117
-170
-189
-146
-135
-119
-143
-162
-115
-45
-30
-92
-110
-94
-104
-81
-50
-44
-27
-58
3
60
-12
-27
-35
-50
-74
-21
-23
-79
30
-2
-41
67
12
-34
-32
-5
89
31
30
48
28
36
-57
-58
-10
-1
14
77
54
24
93
72
0
-39
-31
25
46
-21
3
62
14
33
25
-37
-47
6
33
42
89
50
100
85
1
59
62
34
43
31
22
43
32
65
37
-57
2
-5
-43
-9
22
94
65
82
103
-40
-112
-40
69
62
1
53
-23
-119
-26
5
1
26
51
33
41
80
61
36
-45
-2
51
-1
84
87
154
235
49
60
153
149
158
76
80
135
116
104
96
67
126
141
58
102
81
50
95
97
50
2
48
-13
-17
58
46
3
-47
-37
-97
-101
3
-20
-47
-73
-162
-105
-43
25
64
-78
-94
-79
-113
-83
-76
-47
1
-45
-71
4
1
20
60
10
-41
-47
0
-5
-5
27
-35
-42
3
5
27
13
-6
0
-47
-17
61
13
-25
-42
-55
-21
-72
-23
84
-39
-111
-34
-29
-67
-99
-39
75
0
-126
-131
-95
-40
-40
-47
-36
-6
68
11
11
10
41
92
18
30
-6
1
25
28
116
78
19
-22
-62
9
60
51
112
131
73
121
49
87
137
-52
16
109
80
-1
-34
29
-5
-9
6
25
30
-40
-57
-56
-70
-61
-27
15
17
109
95
-31
20
60
56
98
75
56
44
-5
-34
-48
17
120
81
5
-20
22
72
79
99
42
100
217
223
162
82
108
172
190
199
219
227
207
159
172
173
129
119
98
66
21
19
-21
-39
-9
7
32
-3
-4
55
66
-36
-63
-35
-52
-105
-134
-62
-1
-80
-147
-81
-75
-80
-60
-87
-64
-60
-95
-113
-116
-73
-101
-73
-28
-8
29
-50
-19
31
-47
-33
-3
16
17
-20
-16
16
31
5
7
0
5
-35
-74
29
43
42
37
0
12
15
88
88
36
-13
-30
97
68
-59
-19
0
-30
17
85
136
119
70
61
80
77
56
48
34
49
83
140
195
134
122
153
59
60
53
78
139
56
47
43
42
20
43
81
16
50
11
-39
-84
-93
3
-55
-136
-104
-50
-77
-105
-50
-68
-44
-13
-71
-68
-92
-103
-96
-113
-90
-81
-31
-41
-130
-111
-59
-1
-73
-137
-67
-31
15
-3
-68
-27
-11
-8
34
24
62
88
143
131
78
131
89
134
123
51
107
53
31
29
-26
10
47
7
33
63
18
-15
-22
4
-86
-158
-76
-17
-4
-28
-22
20
15
-8
27
35
-14
-9
19
-50
-111
-31
0
-24
-26
-23
-25
-30
-23
22
68
56
49
63
97
52
12
27
34
82
58
36
7
-17
126
154
-41
-8
63
49
167
40
-29
77
-3
-22
11
43
43
6
13
-44
-14
8
-79
4
25
-32
68
104
10
-20
-8
-18
3
49
35
8
34
-2
23
130
74
68
128
45
47
33
-9
41
42
71
43
42
164
150
94
124
89
61
95
111
114
99
19
-4
55
46
9
1
-18
-7
21
-23
-46
-33
-75
-63
-24
-54
-74
-64
-58
-98
-111
-108
-101
-8
14
-32
-127
-232
-191
-141
-102
-48
-140
-170
-90
-94
-31
0
-84
-142
-178
-137
-85
-140
-114
-5
-8
-2
-17
-59
21
43
-33
8
-24
-30
17
-68
-31
-36
-54
26
15
-8
19
116
88
30
67
25
26
48
9
-22
18
67
64
66
67
90
95
23
91
93
-18
38
0
-13
34
-1
-5
-18
1
29
103
98
-25
40
48
-21
16
47
67
-32
-29
37
-43
3
25
-35
24
39
84
70
26
45
-49
-65
-72
-95
-37
-23
-22
-48
-62
36
39
-59
-19
12
-23
0
39
34
-6
-31
-29
37
52
-12
19
9
-12
86
86
56
86
65
64
68
106
119
72
73
48
44
55
73
84
-21
-77
-25
11
-39
-9
88
28
55
103
61
57
24
73
43
-40
21
-27
-20
10
-82
-49
-83
-91
7
-32
-69
-78
-78
-46
-60
-109
-109
-72
-82
-81
-86
-110
-83
-95
-145
-131
-122
-75
-120
-215
-186
-216
-141
-65
-74
-33
-19
-20
-49
-65
-89
-87
-56
-73
-67
-92
-66
-19
-62
-50
-56
-50
-25
1
42
35
45
55
74
60
49
91
78
70
112
108
121
70
15
59
91
163
96
26
119
160
74
-7
39
43
36
-51
-19
120
-35
-61
-68
-38
102
55
33
-36
-4
43
-29
-30
-51
-96
-67
-80
-87
-89
-90
-19
-76
-73
-34
-57
-40
-68
-56
-57
-31
-8
-49
-10
-43
-80
18
28
2
36
-56
-82
-7
-51
-54
-46
2
-2
-84
-6
37
-20
-37
21
17
-22
6
0
-57
-55
-51
-37
38
-47
-93
-16
-39
-32
-36
-49
-20
8
13
-15
5
-41
-50
13
22
32
-19
15
81
8
7
44
37
63
76
-21
-49
76
43
31
42
-29
8
0
-32
3
0
-31
-14
-9
-22
-107
-130
-47
-63
-60
-64
-103
-121
-121
-32
-48
-133
-112
-107
-171
-226
-206
-124
-98
-86
-37
-85
-160
-96
-99
-201
-175
-51
-12
-36
-11
-19
-49
-64
-50
-65
-86
-90
-122
-68
-25
-33
16
52
0
-38
-56
57
159
110
66
-23
16
60
69
53
-30
0
47
21
-17
5
40
33
-14
15
41
21
49
67
67
30
3
14
58
31
-27
23
55
19
-2
-30
-46
21
17
-32
2
-25
-92
-99
-31
-57
-135
-50
26
-23
-123
-116
-33
-23
-15
-16
-94
-84
-31
-85
-99
-54
-43
-155
-149
-30
-91
-133
-133
-160
-171
-192
-137
-66
-69
-6
-23
-91
-21
-26
-120
-113
-56
-79
-47
-50
-62
-32
-42
-73
-127
39
70
-8
26
-21
-6
-62
19
122
14
4
43
86
-6
-14
42
-43
23
34
38
41
-28
17
12
39
76
-7
-113
-42
36
-59
-80
24
-4
-109
-52
-94
-120
-86
-130
-94
-84
-81
-31
-27
-22
7
-50
-65
-50
-32
3
-71
-55
-29
-49
-68
-88
-27
-22
-77
-97
-59
-79
-67
-6
-32
-19
73
69
18
52
-4
-10
44
-16
-87
-52
33
-68
-138
-70
38
62
3
55
64
48
25
-17
-25
29
-22
-111
30
38
-95
-29
2
-107
-54
33
-9
-29
-7
63
50
-17
15
12
-5
-33
-50
-33
-45
-6
-103
-185
-41
10
-61
-98
12
70
-16
-94
-87
-14
-39
-74
-31
-15
-56
-93
-37
-2
-35
-71
-59
-22
-4
-16
-147
-171
-75
-63
-168
-124
-34
-137
-73
7
0
-9
12
25
-45
-7
6
34
55
34
32
-54
-99
-129
-99
-16
0
-53
-38
34
-49
-121
-51
43
83
73
-22
-87
14
30
-51
-75
-66
-59
-59
-16
-64
-63
-2
-16
54
15
-13
-37
-70
-63
-162
-122
-80
-27
-66
-126
1
-91
-128
-70
-90
-58
-51
-17
9
-75
-47
42
17
-41
-112
-32
-46
-99
-36
-59
-32
75
99
0
-19
42
5
-52
-34
12
-45
-23
76
0
-33
75
124
56
10
10
-13
2
36
-28
-23
52
14
-95
-99
55
22
-95
15
118
35
-54
-72
-19
15
-97
-43
42
-26
-4
-60
-58
-9
-84
-91
6
-18
-112
1
-13
-90
-20
-23
-16
-61
-145
-121
-95
-60
-22
-65
-121
-41
-27
-79
-96
-131
-112
-124
-99
-79
-104
-73
-131
-149
-96
-88
-86
-181
-87
39
-51
-15
53
18
-36
-18
-46
-60
28
-8
-53
6
-16
-24
69
66
0
-54
-26
16
20
-3
-57
28
57
27
-37
-31
120
27
-96
-49
5
13
9
-38
14
67
-75
-55
8
-5
-17
-76
-3
54
-5
29
9
5
64
-58
-64
62
-4
-112
-21
60
0
-29
-2
72
57
-2
11
4
8
-40
-21
36
-8
-65
-121
-62
-47
-170
-167
-54
-111
-126
-17
-59
-14
40
-32
-45
3
-16
-43
-54
-63
-1
22
64
48
4
-5
-14
27
3
18
56
35
36
14
-28
-52
-66
42
17
-63
48
29
-75
-12
74
-25
-4
101
13
-26
50
54
35
47
55
42
10
44
-7
17
68
-18
-39
0
92
52
-15
-42
-88
-55
5
17
-26
-60
-126
-62
80
80
6
-52
59
85
-40
-17
6
8
-50
-69
21
-11
11
-17
-142
-20
60
-33
-64
-16
101
73
32
100
22
41
24
-66
1
-58
-94
10
0
8
46
19
16
-31
-26
-20
-34
49
58
-19
-38
9
87
54
13
101
65
48
74
76
75
25
116
131
71
45
-12
70
101
-18
32
152
66
6
82
99
38
53
46
-54
-17
40
67
7
-15
19
-129
-65
119
4
-130
4
122
34
-57
-21
-19
-68
-31
-89
-156
-32
-12
-97
14
92
-38
-85
-9
-99
-113
31
8
-48
-90
4
76
-105
-125
4
32
-23
-82
2
89
42
-21
-17
-37
-61
60
-12
-97
48
116
31
-62
94
49
-73
97
105
21
-2
39
107
47
2
131
123
96
132
15
24
94
118
142
152
110
79
174
159
32
33
109
77
6
124
156
7
26
132
46
-26
130
158
3
-39
143
131
-56
-1
118
144
65
0
-24
-29
58
39
-42
109
180
0
33
150
87
93
20
-27
31
29
112
26
-84
76
85
-28
20
23
-84
-41
38
16
9
-5
-48
-78
7
32
-51
-40
21
38
-24
-60
54
21
-19
122
51
24
73
-8
-42
0
97
74
-3
82
66
-59
-28
34
-7
-15
63
-10
-58
121
163
28
-36
86
145
-50
21
179
0
-71
99
87
-92
-32
85
110
69
105
163
-77
-94
124
37
0
113
64
17
139
130
-22
-16
75
66
-3
74
75
-44
16
63
6
8
58
46
-98
71
224
-107
-75
128
-66
-110
84
170
-12
-52
140
7
-156
30
50
-109
41
66
-76
36
194
75
-176
35
209
-54
-65
148
137
-89
-9
192
23
-43
144
144
9
107
225
13
-9
233
135
10
221
185
-114
132
311
-66
-89
169
115
-32
135
220
-44
-58
169
55
-107
122
126
-90
73
202
-30
-34
296
108
-180
147
261
-134
-140
133
16
-45
56
54
-40
43
151
-39
71
270
3
-136
119
187
-98
-88
145
64
-95
-24
91
-73
-9
164
-17
-12
138
19
-135
52
33
-211
-109
87
-12
-155
119
189
-124
-97
75
13
-14
-23
-154
-53
153
-22
-89
181
62
-275
-71
181
-46
-88
196
117
-90
43
-1
-158
24
67
-241
-41
316
-123
-168
337
177
-171
47
257
-45
-55
197
-24
-133
148
-27
-279
213
259
-394
-53
570
14
-349
291
371
-253
-93
367
-8
-240
228
111
-127
345
296
-269
-6
510
-25
-277
456
359
-303
-25
448
39
-216
246
134
-188
222
256
-183
8
290
-103
-240
303
291
-295
-37
471
-102
-333
367
266
-272
89
357
-169
-163
352
56
-223
335
236
-328
119
443
-230
-262
524
140
-627
179
592
-359
-208
499
65
-248
293
329
-198
73
332
-178
-147
379
36
-415
157
417
-337
-370
372
104
-344
86
240
-203
-72
314
10
-132
172
123
-198
69
324
-212
-107
379
-20
-352
107
458
-91
-236
334
137
-208
225
256
-142
152
278
-158
-36
364
64
-254
205
276
-398
-202
470
-3
-418
185
306
-272
-141
341
-87
-214
334
44
-224
242
197
-371
-127
413
-116
-315
408
267
-362
-30
279
-185
-156
194
-157
-260
171
-6
-304
27
155
-349
-161
456
-85
-496
101
299
-179
-256
132
59
-178
25
-76
-69
295
-108
-334
127
252
-106
-230
202
258
-180
-39
350
150
-91
77
196
27
0
89
-30
32
136
-146
-73
328
162
-157
108
433
6
-357
210
373
-214
-58
322
94
27
99
-45
-12
214
23
-220
171
243
-267
-129
386
97
-356
139
333
-135
-41
141
30
51
102
-206
-175
275
-34
-362
218
385
-269
-317
312
258
-289
-52
319
0
-96
81
-88
-112
87
-123
-239
190
159
-344
-77
430
-57
-549
15
382
-195
-331
148
96
-198
-34
74
-145
113
244
-242
50
486
-194
-423
378
316
-443
-129
452
-37
-335
209
128
-274
52
170
-193
-4
330
-172
-315
369
164
-404
122
366
-250
-193
363
150
-307
14
235
-166
-130
156
-80
-50
319
30
-208
190
186
-307
-93
272
-135
-305
86
239
-3
33
123
-98
-11
182
4
-106
103
32
-176
42
245
56
-95
62
81
-177
-148
60
-108
-166
-123
-53
89
-91
-160
-111
-38
-11
-159
-146
-8
25
-89
-10
99
-41
-76
-28
-106
-44
14
-156
-79
39
-73
-132
75
117
-215
-85
233
89
-87
48
118
-31
1
100
44
88
105
-63
27
301
69
-197
205
292
-22
0
102
81
-30
36
-28
-94
175
-44
-267
128
245
-184
-143
300
-2
-283
53
133
-142
-147
-11
-134
19
127
-224
-97
220
-151
-363
72
120
-257
-215
40
0
-143
-70
-62
-110
-7
-125
-95
133
-41
-254
-118
92
-103
-245
34
52
-98
-125
-122
18
118
-85
-184
89
138
-208
-160
274
93
-92
106
18
-13
119
-6
-96
140
49
-199
169
376
-92
-81
351
109
-221
52
136
-72
122
76
-293
29
305
-100
-105
368
126
-380
56
287
-273
-199
174
-113
-172
161
-30
-238
28
-10
-362
-71
195
-274
-228
171
-19
-255
13
130
-182
-57
206
-120
-151
128
-174
-208
110
-29
-229
-3
182
-180
-127
244
-1
-203
41
103
-187
-118
35
-105
-77
56
-30
-123
141
178
-153
-104
196
70
-165
61
167
-83
-51
153
37
-96
32
-2
-45
93
21
-148
-37
141
-69
-161
218
158
-187
90
259
-107
-151
145
57
-165
-18
11
-164
0
53
-217
-7
234
-107
-235
105
126
-199
-177
81
-23
-121
32
-64
-160
-5
-95
-221
-21
55
-155
-154
27
-12
-54
-25
53
-39
-198
-14
-48
-189
-77
-31
-43
-108
-14
39
-58
36
1
-97
-12
95
21
-95
41
64
-184
-82
161
-52
-155
31
21
-133
-8
161
-44
-64
56
-88
-65
83
-59
-70
144
15
-101
55
88
-86
-94
131
98
77
185
1
-115
103
148
-49
-39
70
24
1
185
122
-111
81
124
-141
-42
142
-4
-92
97
55
-112
-22
-41
-137
30
142
-70
-99
119
35
-162
-57
94
-68
-103
99
-33
-146
41
75
-53
-120
-50
-49
-50
125
70
-105
31
108
-178
-159
241
156
-202
-68
202
0
-164
101
132
-40
171
243
-80
-85
95
-110
-165
157
51
-242
57
234
-203
-146
251
-111
-405
-15
85
-161
-74
25
-212
-171
86
-113
-258
38
-17
-368
-128
134
-215
-248
33
-74
-270
-210
-79
-198
-203
-51
-221
-222
-53
-116
-156
-90
-19
-174
-85
146
-93
-283
-73
111
-153
-198
133
42
-183
-90
43
-10
-41
-18
4
43
25
-69
-79
80
154
-16
-70
186
121
-87
79
162
86
44
10
-21
70
182
34
18
166
53
-14
131
115
-27
-15
74
91
103
111
44
84
172
29
-18
167
137
-47
-12
100
58
-9
30
107
10
-78
-55
-25
51
-15
-40
44
-10
-133
-86
41
2
0
-21
26
122
-55
-123
-34
18
20
-61
-107
-86
-126
-206
-201
-159
-152
-229
-224
-47
-73
-211
-64
-56
-188
-57
2
-130
-147
-66
-110
-28
67
-26
-101
-53
66
-79
-171
-15
-60
-179
-85
26
20
-15
-37
-90
-55
61
-33
-39
184
179
39
140
207
32
-9
157
126
-5
75
23
-81
-5
-62
-146
-13
58
-72
-16
141
105
28
63
16
-45
152
140
67
238
220
124
206
240
161
127
207
189
8
133
268
164
219
226
21
50
178
63
93
335
348
244
420
412
200
303
303
193
341
470
384
343
440
269
99
309
287
85
132
235
141
92
279
138
-36
198
77
-195
107
279
8
-33
65
-123
-257
-136
-367
-761
-651
-581
-925
-1032
-936
-1227
-1579
-1592
-1752
-2077
-1975
-1946
-2301
-2148
-1902
-2145
-2202
-1891
-1819
-1989
-1689
-1272
-1204
-1062
-797
-700
-558
-246
-34
-25
187
438
355
501
675
607
666
831
841
740
865
1009
911
895
1068
1138
1111
1169
1255
1261
1349
1455
1455
1563
1721
1765
1706
1738
1903
1904
1854
1946
2000
1939
1875
1891
1885
1735
1654
1672
1577
1425
1358
1394
1328
1215
1194
1143
1105
1076
905
842
1018
1014
948
1073
1072
980
1015
1068
977
871
785
708
738
617
366
114
-46
-348
-895
-1273
-1518
-1880
-2359
-2655
-2879
-3255
-3713
-4158
-4458
-4726
-5053
-5174
-5076
-4959
-4845
-4733
-4414
-4153
-4065
-3754
-3362
-2926
-2322
-1687
-1115
-505
-35
178
412
601
754
1018
1379
1658
1674
1724
1762
1570
1349
1102
821
641
562
505
550
522
435
245
-86
-169
-127
-61
92
317
548
599
638
774
906
881
865
944
995
1030
1026
1056
948
760
591
375
318
193
5
70
79
-35
10
104
150
202
274
456
523
678
969
1054
1336
1612
1785
2109
2281
2277
2194
2258
2339
2287
2357
2455
2432
2264
2027
1814
1574
1327
1020
798
741
661
526
525
596
394
214
46
-149
-6
271
548
970
1420
1552
1491
1580
1587
1499
1681
1951
2065
2275
2500
2454
2260
1758
808
-282
-1024
-1354
-1554
-1583
-1819
-2583
-3523
-4567
-5658
-6471
-6886
-6945
-6863
-6673
-6274
-6008
-5778
-5654
-5923
-6009
-5619
-4741
-3397
-1860
-574
95
205
34
-254
-166
368
880
1480
1999
2171
1888
1368
731
-146
-920
-1586
-1944
-1680
-1121
-682
-680
-1090
-1887
-2658
-2815
-2421
-1607
-549
467
1111
1374
1473
1428
1346
1442
1570
1787
2357
3064
3602
3609
3157
2355
1385
797
618
759
1144
1386
1352
1110
639
288
59
-106
140
594
1137
1812
2332
2638
2676
2560
2557
2634
2817
3255
3766
4002
4017
3811
3424
2990
2462
2071
1865
1615
1324
1030
678
285
-143
-551
-783
-862
-837
-720
-609
-589
-488
-198
178
705
1384
2083
2566
2918
3188
3282
3481
3650
3796
4162
4482
4648
4435
3798
2822
1293
-88
-860
-1203
-1323
-1650
-2382
-3606
-5178
-6747
-8021
-8735
-8740
-8427
-8092
-7661
-7240
-7124
-7234
-7229
-7211
-6912
-5733
-3993
-2305
-723
352
428
46
-260
-491
-146
821
1780
2330
2321
1824
859
-268
-1168
-2031
-2779
-2899
-2570
-2225
-1914
-1838
-2437
-3417
-4012
-3944
-3295
-1997
-532
418
1113
1407
1296
1317
1629
2215
2749
3282
3870
4185
4174
3896
3266
2378
1565
1014
897
1048
1181
985
304
-377
-963
-1409
-1283
-744
-312
64
506
777
934
1244
1756
2237
2695
3270
3814
4372
4844
4829
4518
4250
4104
4121
4160
4236
4087
3499
2861
2199
1604
1399
1194
802
537
253
82
233
525
692
586
458
489
723
1272
2124
2887
3373
3678
3862
4045
4202
4274
4248
4164
4192
4336
4495
4563
3963
2420
489
-1404
-2696
-2924
-2602
-2441
-3013
-4536
-6638
-8756
-10131
-10516
-10156
-9384
-8719
-8252
-7987
-7840
-7763
-7888
-7906
-7418
-6119
-4081
-1727
276
1208
876
-320
-1384
-1599
-715
925
2422
3084
2431
888
-845
-2239
-2903
-3200
-3369
-3315
-3158
-3096
-3044
-3165
-3672
-4303
-4719
-4446
-3298
-1580
304
1653
2011
1693
1190
1231
2117
3324
4457
5149
5178
4770
4239
3676
3127
2709
2216
1578
1159
896
624
311
-108
-656
-1248
-1435
-1106
-475
158
572
842
1004
1392
2095
2978
3892
4573
4924
5034
5283
5667
6020
6259
6181
5741
5091
4545
4230
3832
3333
2757
1999
1291
772
401
44
-433
-1118
-1703
-1860
-1537
-733
-20
382
280
-282
-374
72
1156
2797
4131
4856
4928
4485
4125
3984
4013
4246
4393
4672
5001
5148
5067
4094
1922
-863
-3262
-4387
-3864
-2245
-1134
-1653
-3927
-7392
-10435
-11963
-11622
-9760
-7642
-6322
-6271
-6992
-7817
-8567
-8833
-8468
-7485
-5637
-3119
-482
1387
1593
177
-2087
-3930
-3927
-1952
856
3187
3726
2168
-706
-3531
-4949
-4796
-3634
-2357
-1840
-2029
-2410
-2865
-3362
-3794
-4254
-4412
-3601
-1773
633
2613
3355
2828
1321
64
244
1803
3979
5739
6094
5137
3689
2329
1611
1557
1697
1556
1069
529
154
-42
-228
-679
-1523
-2097
-1925
-1062
204
1358
1871
1587
1272
1385
2130
3543
4959
5703
5466
4898
4812
5210
5929
6645
6642
5992
5026
3929
3258
3125
3253
3090
2624
2013
1256
634
141
-115
-368
-676
-667
-483
-64
721
1206
1253
1181
931
817
1250
2259
3454
4348
4728
4663
4220
3822
3860
4082
4334
4400
4065
3602
3438
3494
3458
2898
1357
-1066
-3627
-5041
-4815
-3367
-1909
-1918
-3808
-6986
-10070
-11759
-11481
-9558
-7321
-6150
-6406
-7619
-8876
-9334
-9020
-8281
-7237
-5942
-4422
-2707
-1092
-266
-853
-2606
-4282
-4686
-3343
-572
2081
3018
1815
-912
-3693
-5012
-4164
-2036
-208
277
-718
-2282
-3378
-3618
-3092
-2171
-1453
-1085
-577
314
1344
2024
1968
1061
44
88
1395
3298
4753
4970
3726
1743
229
-109
825
2245
2952
2433
937
-731
-1570
-1433
-686
122
403
394
474
827
1483
2073
2401
2510
2654
3218
4186
5291
6028
6076
5651
5185
5185
5637
6305
6698
6308
5444
4301
3347
2933
2767
2721
2481
1881
1178
644
140
-176
-271
-336
-231
-90
145
300
375
566
815
1287
1901
2547
3023
3150
3190
3311
3500
3931
4516
4845
4850
4637
4138
3608
3152
2762
2587
2309
2045
1807
1139
-4
-1630
-3427
-4760
-5221
-4711
-3909
-3774
-4676
-6745
-9235
-10863
-11123
-9963
-8131
-6877
-6765
-7853
-9458
-10409
-10253
-9006
-7232
-5678
-4458
-3860
-3770
-3847
-4035
-4163
-4240
-3747
-2464
-865
613
1232
522
-1107
-2767
-3547
-2873
-1088
913
1895
1255
-484
-2357
-3267
-2854
-1339
439
1481
1518
788
-25
-352
-161
404
1012
1400
1622
1880
2178
2206
1908
1309
713
608
1109
1946
2651
2712
1910
704
-186
-124
932
2410
3474
3415
2546
1702
1423
2029
3301
4575
5311
5356
4896
4524
4653
5027
5454
5776
5745
5650
5687
5712
5647
5231
4378
3440
2681
2389
2514
2577
2423
1831
962
230
-208
-173
21
157
227
99
82
244
436
754
968
1011
1089
1413
2019
2570
3076
3378
3296
3116
2791
2571
2598
2589
2538
2407
2101
1654
1055
365
-157
-426
-389
-385
-836
-1811
-3229
-4618
-5432
-5298
-4517
-3892
-4156
-5492
-7359
-9017
-9618
-8889
-7396
-6210
-6186
-7270
-8910
-10143
-10185
-9230
-7848
-6545
-5823
-5732
-5841
-5877
-5742
-5424
-4937
-4295
-3378
-2074
-896
-229
-281
-963
-1606
-1708
-762
958
2482
3096
2408
859
-632
-1084
-174
1539
3140
3547
2738
1266
-125
-464
99
1118
2103
2304
1831
1242
845
815
1092
1374
1469
1377
1578
2209
2711
2865
2402
1537
889
813
1766
3229
4318
4500
3534
2258
1628
2010
3385
4911
5678
5350
4200
3114
2728
3348
4471
5307
5470
4980
4302
3609
3293
3290
3150
2910
2530
2261
2168
2159
2114
1679
1013
534
309
489
1007
1365
1283
893
458
216
567
1158
1485
1650
1576
1528
1642
1934
2363
2558
2370
1776
1229
1001
1092
1477
1621
1378
995
490
-18
-321
-490
-593
-678
-921
-1112
-1235
-1580
-2296
-3238
-4006
-4548
-4559
-4052
-3553
-3506
-4401
-5994
-7619
-8650
-8646
-7787
-6832
-6420
-6989
-8478
-9903
-10394
-9804
-8407
-6818
-5890
-5781
-6184
-6633
-6488
-5605
-4210
-2906
-2126
-1704
-1437
-1146
-721
-194
198
481
861
1273
1564
1736
1632
1120
611
272
399
1071
1701
1905
1409
441
-353
-443
274
1412
2415
2685
2094
1140
535
720
1680
2834
3659
3966
3788
3370
2917
2816
2990
3313
3707
3970
4139
4186
3975
3465
2933
2509
2479
3004
3726
4286
4312
3678
2838
2259
2138
2620
3530
4310
4518
4153
3564
3096
2983
3346
3788
4101
4139
3815
3492
3199
2972
2794
2503
2197
1935
1801
1942
2053
1855
1343
684
184
-64
27
320
510
469
124
-281
-509
-462
-221
160
428
317
58
-228
-404
-563
-663
-576
-527
-470
-437
-603
-842
-1180
-1646
-1891
-1830
-1623
-1544
-1784
-2358
-3163
-4105
-4792
-4905
-4681
-4202
-3961
-4415
-5381
-6635
-7661
-8075
-7908
-7301
-6546
-6171
-6605
-7546
-8450
-8882
-8519
-7391
-5991
-4921
-4641
-4991
-5455
-5752
-5340
-4272
-3045
-1997
-1401
-1347
-1481
-1401
-1152
-542
153
682
1115
1367
1592
1690
1689
1745
1889
2137
2488
3014
3450
3537
3407
3050
2736
2831
3211
3858
4357
4398
4275
3934
3578
3510
3634
3960
4215
4169
3889
3548
3388
3235
3103
3119
3016
2761
2542
2504
2714
2962
3051
2962
2691
2392
2204
2287
2854
3633
4147
4276
4192
3839
3530
3675
4056
4464
4628
4403
3903
3479
3134
2913
2941
2781
2438
1994
1552
1345
1301
1244
981
431
-292
-812
-901
-617
-151
91
-110
-572
-1073
-1427
-1281
-706
-235
5
-181
-688
-1194
-1554
-1489
-1249
-1049
-909
-935
-1156
-1481
-1709
-1928
-2159
-2336
-2393
-2278
-2284
-2409
-2624
-2969
-3298
-3497
-3464
-3251
-3037
-3074
-3363
-3892
-4439
-4706
-4710
-4474
-4326
-4444
-4766
-5379
-5954
-6174
-6174
-6026
-5972
-5998
-6199
-6712
-7071
-7284
-7193
-6787
-6297
-5756
-5512
-5451
-5416
-5350
-4948
-4137
-3121
-2143
-1362
-980
-884
-662
-105
809
1931
2997
3694
4051
4021
3808
3943
4358
5047
5751
6224
6436
6219
5893
5523
5166
5242
5479
5704
5846
5620
5182
4496
3872
3644
3635
3859
4009
3845
3527
3064
2612
2456
2584
2816
2928
2829
2659
2542
2541
2680
2816
2915
2837
2639
2732
3012
3305
3441
3362
3050
2654
2418
2414
2859
3389
3486
3229
2691
2115
1708
1617
1908
2174
2185
1790
1147
603
236
73
19
5
-90
-456
-823
-1015
-1259
-1406
-1525
-1726
-1974
-2159
-2107
-2045
-1906
-1909
-2162
-2418
-2785
-2820
-2557
-2306
-2044
-2172
-2577
-2916
-3108
-3045
-2762
-2484
-2454
-2674
-3039
-3286
-3305
-3058
-2763
-2646
-2575
-2764
-3090
-3243
-3135
-2836
-2677
-2691
-2792
-2978
-3203
-3348
-3307
-3227
-3282
-3432
-3543
-3567
-3694
-3978
-4317
-4569
-4653
-4673
-4498
-4130
-3928
-3976
-4185
-4418
-4370
-3976
-3412
-2788
-2274
-2126
-2129
-2056
-1863
-1245
-344
405
940
1234
1263
1324
1605
2148
2835
3399
3790
3890
3797
3822
3881
4044
4475
4933
5294
5564
5620
5463
5173
4991
5029
5158
5547
5931
6005
5935
5550
5010
4751
4634
4733
5039
5055
4814
4384
3718
3082
2731
2661
2591
2552
2575
2346
1959
1641
1339
1241
1300
1264
1202
1176
1161
1043
976
1009
1053
1174
1217
1176
1012
833
847
799
688
586
430
256
-38
-317
-448
-558
-675
-833
-1107
-1329
-1519
-1617
-1670
-1894
-2158
-2528
-2786
-2726
-2659
-2601
-2636
-2818
-3064
-3440
-3640
-3635
-3480
-3266
-3210
-3184
-3418
-3882
-4053
-3969
-3713
-3310
-2968
-2837
-3015
-3242
-3460
-3580
-3455
-3182
-2782
-2541
-2463
-2573
-2790
-2909
-3045
-2909
-2627
-2285
-1930
-1831
-1853
-2114
-2373
-2389
-2257
-1802
-1231
-872
-763
-881
-993
-1003
-798
-362
56
361
461
545
661
739
979
1261
1451
1459
1334
1239
1224
1299
1341
1318
1245
1158
1066
992
936
877
901
856
876
1043
1177
1256
1318
1382
1320
1445
1823
2137
2526
2798
2862
2995
3126
3280
3494
3644
3828
3919
3870
3856
3913
4035
4008
3970
3924
3818
3747
3550
3464
3374
3191
3102
2978
2867
2733
2537
2266
1958
1778
1684
1565
1497
1391
1078
708
286
-25
-157
-280
-254
-266
-509
-834
-1156
-1397
-1601
-1717
-1727
-1776
-1863
-1960
-1984
-2078
-2279
-2327
-2321
-2237
-2013
-1792
-1754
-1822
-1946
-2074
-2085
-1986
-1765
-1613
-1590
-1667
-1871
-2063
-2093
-2008
-1848
-1866
-2072
-2205
-2400
-2574
-2584
-2493
-2474
-2542
-2733
-3036
-3109
-3092
-3009
-2772
-2711
-2814
-2938
-3019
-3004
-2878
-2664
-2444
-2313
-2351
-2301
-2213
-2155
-1827
-1475
-1303
-1260
-1245
-1081
-868
-575
-151
215
469
570
610
791
965
1308
1783
2041
2276
2340
2238
2242
2297
2488
2714
2811
2920
2951
2886
2824
2684
2605
2591
2608
2701
2687
2616
2546
2384
2183
1988
1915
2030
2137
2142
2140
2034
1775
1680
1691
1672
1775
1808
1726
1575
1401
1289
1231
1272
1335
1350
1316
1267
1113
960
949
925
972
1117
1035
889
833
704
563
422
446
618
715
681
509
266
71
1
-9
93
88
-76
-316
-573
-731
-900
-866
-759
-757
-892
-1231
-1581
-1808
-1748
-1672
-1711
-1769
-1998
-2249
-2429
-2460
-2343
-2196
-2135
-2179
-2252
-2357
-2321
-2213
-2098
-2017
-2041
-1959
-1962
-1884
-1621
-1430
-1349
-1489
-1510
-1454
-1436
-1238
-1124
-1066
-959
-956
-1009
-1079
-1123
-985
-892
-863
-765
-730
-722
-813
-920
-1025
-1016
-772
-525
-369
-323
-343
-452
-507
-413
-306
-69
171
239
312
297
230
312
378
557
780
897
992
1040
1178
1196
1080
1118
1243
1351
1470
1654
1810
1877
1849
1811
1924
2077
2231
2407
2483
2477
2408
2329
2332
2398
2451
2518
2634
2634
2552
2495
2345
2150
2044
1951
1923
1908
1799
1783
1615
1345
1151
928
836
826
841
729
482
252
-8
-291
-401
-350
-433
-508
-593
-768
-906
-1039
-1119
-1088
-1002
-1060
-1172
-1304
-1407
-1373
-1270
-1134
-1154
-1259
-1308
-1402
-1467
-1409
-1314
-1154
-1113
-1173
-1225
-1347
-1356
-1394
-1403
-1335
-1290
-1144
-1057
-1056
-1063
-1086
-1143
-1222
-1156
-1064
-977
-847
-898
-978
-1071
-1200
-1212
-1191
-1193
-1162
-1208
-1359
-1466
-1493
-1364
-1315
-1325
-1351
-1504
-1473
-1386
-1331
-1201
-1065
-863
-778
-791
-652
-467
-222
-17
154
376
484
600
755
965
1119
1175
1282
1383
1521
1627
1619
1589
1555
1487
1378
1357
1362
1358
1434
1374
1310
1147
950
967
923
1004
1164
1103
1070
1118
1085
1076
1063
1090
1201
1249
1251
1280
1290
1296
1253
1140
1060
1005
1044
1104
1098
1114
1075
958
904
881
974
1065
1065
1049
933
866
885
960
1044
1045
977
818
686
582
411
378
439
471
335
68
-221
-498
-581
-639
-690
-678
-802
-965
-1113
-1357
-1525
-1560
-1543
-1501
-1559
-1674
-1783
-1913
-2011
-1974
-1930
-1910
-1797
-1851
-1930
-1903
-1913
-1819
-1736
-1667
-1563
-1465
-1387
-1319
-1244
-1229
-1184
-1066
-905
-800
-727
-761
-811
-789
-874
-792
-552
-421
-450
-484
-517
-580
-601
-640
-518
-374
-332
-342
-405
-457
-519
-520
-449
-346
-174
20
14
-1
-4
-11
111
195
295
482
645
709
774
800
793
898
1041
1249
1353
1388
1564
1582
1489
1479
1455
1484
1534
1492
1487
1532
1512
1521
1480
1335
1286
1231
1172
1224
1214
1234
1306
1208
1089
941
900
1015
1057
1188
1179
976
761
526
419
406
437
580
625
474
240
-44
-161
-114
21
124
75
-35
-184
-253
-272
-214
-136
-60
15
-33
-71
-112
-71
-23
-105
-181
-254
-320
-393
-442
-398
-386
-453
-520
-582
-662
-730
-803
-846
-871
-907
-916
-919
-902
-871
-935
-1078
-1142
-1116
-1017
-928
-932
-961
-1079
-1223
-1314
-1309
-1216
-1182
-1099
-1095
-1269
-1273
-1216
-1223
-1170
-1123
-1152
-1194
-1179
-1145
-1006
-952
-968
-849
-766
-678
-682
-631
-504
-397
-266
-221
-91
11
-17
-4
173
255
301
471
523
592
670
699
758
761
833
909
878
852
805
908
992
1006
1030
950
866
763
821
954
941
973
1013
974
921
782
773
896
901
965
983
955
997
939
862
861
898
906
1012
1028
948
1011
964
933
935
911
896
874
857
756
648
574
614
679
688
697
585
416
278
200
104
23
112
123
-4
-123
-285
-360
-385
-401
-362
-385
-396
-440
-620
-754
-835
-860
-752
-694
-693
-651
-699
-816
-827
-949
-1010
-931
-916
-849
-930
-975
-945
-1002
-1009
-1008
-918
-788
-767
-723
-721
-794
-834
-788
-682
-622
-537
-521
-554
-634
-688
-624
-601
-471
-506
-668
-704
-818
-792
-715
-717
-685
-677
-716
-777
-773
-699
-613
-501
-430
-439
-454
-480
-415
-304
-212
-138
-131
-122
-94
23
165
319
377
270
238
285
338
421
566
685
787
849
791
803
816
870
992
1047
1136
1153
1097
1074
1052
1118
1135
1101
1142
1134
1094
1035
868
779
861
884
836
756
671
630
603
607
591
628
650
591
526
500
593
607
566
707
698
519
523
553
593
686
741
720
642
515
466
462
348
331
331
239
73
-112
-211
-269
-186
-140
-273
-384
-533
-612
-650
-659
-574
-592
-640
-677
-756
-866
-933
-830
-698
-777
-892
-854
-861
-937
-987
-974
-951
-918
-886
-882
-853
-931
-981
-916
-941
-930
-801
-835
-889
-792
-893
-984
-800
-679
-664
-621
-586
-566
-555
-601
-523
-445
-447
-402
-403
-401
-388
-315
-333
-332
-264
-264
-186
-175
-133
-57
-72
19
14
-94
-27
44
115
124
96
162
174
223
239
193
212
220
238
320
371
390
442
473
533
576
524
479
563
645
662
778
770
673
666
707
792
851
904
965
1009
955
860
820
829
902
918
946
1073
1027
922
889
790
792
852
806
854
889
713
654
621
573
572
405
367
362
320
368
384
344
203
118
35
-45
-17
-3
-40
-89
-156
-286
-384
-458
-495
-422
-402
-455
-489
-546
-581
-588
-575
-541
-486
-499
-537
-541
-623
-623
-536
-556
-587
-560
-618
-677
-697
-754
-736
-685
-703
-736
-787
-814
-841
-948
-922
-888
-897
-856
-865
-894
-932
-870
-838
-857
-702
-584
-602
-594
-552
-584
-547
-401
-348
-305
-268
-269
-180
-107
-36
9
-39
-25
-59
-30
14
55
221
230
214
230
264
309
310
358
363
348
386
420
438
509
563
569
561
525
484
539
617
586
618
685
610
606
649
635
676
650
615
620
560
585
633
654
689
664
658
565
516
585
542
519
566
558
522
496
456
468
523
532
532
499
518
513
414
376
332
310
337
260
195
214
137
56
-17
-103
-76
-72
-122
-159
-270
-311
-299
-377
-361
-312
-350
-333
-401
-504
-459
-492
-509
-469
-481
-509
-578
-568
-585
-666
-682
-649
-615
-673
-715
-670
-650
-604
-576
-607
-623
-589
-565
-583
-576
-596
-625
-546
-537
-582
-519
-516
-555
-489
-468
-543
-561
-541
-496
-535
-521
-383
-375
-363
-321
-295
-223
-154
-141
-126
-56
-112
-103
-31
2
100
93
153
193
151
160
183
251
247
288
431
460
424
449
386
300
324
351
386
413
374
413
403
310
322
299
421
551
543
569
507
496
526
524
566
639
637
571
579
529
480
470
405
394
430
419
361
383
355
227
218
215
199
217
212
262
228
133
158
238
248
271
380
324
270
273
243
259
236
272
308
275
205
159
134
141
159
44
6
-9
-91
-95
-76
-82
-86
-91
-173
-193
-187
-223
-248
-204
-158
-182
-214
-348
-454
-456
-399
-369
-461
-513
-493
-588
-682
-679
-682
-613
-556
-602
-636
-628
-648
-730
-653
-561
-650
-635
-644
-560
-514
-549
-458
-475
-369
-373
-475
-432
-401
-262
-297
-325
-245
-309
-285
-267
-268
-259
-216
-118
-179
-231
-206
-266
-187
-94
-202
-173
-101
-72
2
-18
19
-18
-77
47
102
128
225
282
266
282
308
289
359
360
324
349
375
416
399
435
424
434
549
506
456
487
517
565
519
432
508
588
558
552
518
515
521
508
537
521
480
429
356
298
245
198
232
207
188
272
228
129
83
97
165
189
206
209
121
46
77
169
241
200
166
174
103
85
81
17
-12
-20
-70
-138
-132
-89
-73
-170
-252
-217
-204
-220
-251
-177
-157
-179
-118
-195
-188
-185
-251
-245
-262
-200
-185
-257
-267
-249
-230
-258
-316
-303
-318
-383
-416
-398
-365
-421
-477
-429
-454
-487
-449
-444
-408
-421
-367
-341
-391
-335
-387
-300
-210
-297
-283
-247
-172
-145
-177
-150
-98
-31
-8
1
-55
-80
-70
-104
-42
4
11
-24
-15
67
53
55
96
70
104
124
154
238
267
261
214
258
318
313
317
372
399
370
362
345
346
339
343
375
383
377
405
398
290
268
296
321
328
302
284
307
313
281
362
290
249
284
258
287
226
251
245
216
293
264
202
176
153
114
94
79
73
55
-1
-34
-7
60
75
56
0
-38
-12
-25
-145
-127
-75
-114
-128
-191
-172
-225
-271
-312
-368
-303
-320
-348
-418
-428
-357
-333
-331
-417
-385
-317
-315
-318
-400
-393
-295
-230
-265
-287
-238
-248
-293
-322
-291
-249
-158
-64
-112
-148
-189
-189
-92
-160
-181
-113
-97
-55
-135
-142
-28
-30
-23
3
-31
-91
-67
17
-22
-30
36
1
11
43
1
-22
18
47
50
64
87
127
138
77
116
199
186
185
117
150
201
197
239
216
201
164
187
263
281
288
271
292
366
307
302
402
331
293
309
331
300
157
137
158
92
117
152
154
184
134
110
116
47
-1
55
109
104
132
123
72
13
3
67
46
25
-5
-37
52
7
-101
-50
-39
-41
-37
-58
-36
-94
-91
-31
-82
-93
-113
-156
-85
-114
-207
-214
-222
-208
-207
-146
-87
-178
-218
-233
-221
-153
-209
-223
-173
-117
-157
-279
-312
-280
-196
-158
-166
-197
-154
-109
-214
-206
-159
-189
-212
-258
-235
-231
-248
-212
-180
-140
-143
-142
-120
-137
-98
-63
-131
-131
-54
-22
13
111
215
201
99
85
127
174
218
225
157
91
137
114
58
105
133
126
137
162
118
59
83
79
79
164
170
151
121
103
159
99
117
202
188
153
123
94
58
146
136
56
132
108
162
206
161
184
119
71
62
109
184
190
197
133
78
68
35
85
92
119
247
193
87
95
86
53
42
26
-11
-8
-18
-31
-9
26
40
-48
-110
-123
-162
-153
-169
-190
-137
-138
-194
-169
-90
-151
-232
-168
-152
-158
-151
-107
-107
-96
19
-60
-118
-153
-276
-201
-87
-48
-27
-37
-44
-10
-93
-138
-41
-109
-113
-112
-154
-103
-44
36
9
-19
25
-18
-143
-141
-89
-93
36
55
4
24
-96
-135
-121
-131
-145
-118
-40
-10
11
27
61
18
-58
-90
-49
-24
8
145
87
86
237
137
0
0
97
96
12
99
136
139
193
119
144
153
5
-68
-97
17
121
98
127
198
192
93
54
2
-44
22
55
67
66
51
136
196
152
57
3
-30
-105
-14
143
209
173
147
149
39
59
168
111
27
96
60
13
39
97
214
117
208
283
153
209
113
6
121
92
28
88
18
0
43
30
0
-41
-9
-78
-166
-165
-157
-149
-66
-15
-62
-18
35
8
-127
-192
-166
-310
-299
-108
17
61
9
63
-66
-223
-166
-276
-245
-8
-52
-149
-36
-4
-82
-15
-22
-225
-180
-135
-224
-69
-3
-43
112
134
-27
-161
-195
-199
-234
-167
-86
-47
46
124
-1
-114
-103
-179
-206
-196
-207
-139
15
57
38
83
0
-148
-120
-46
-119
-56
35
67
101
169
225
138
209
174
-20
43
59
50
279
321
294
391
251
163
196
114
60
154
243
248
280
348
282
123
240
277
151
170
62
116
254
276
327
186
126
213
140
112
67
91
215
68
154
280
149
150
141
84
58
60
33
13
69
75
66
104
111
57
88
161
127
98
0
-41
-48
-101
3
17
26
15
-64
-121
-180
-106
-166
-248
-133
-97
-126
-78
-112
-143
-88
-84
-169
-282
-266
-249
-223
-139
-23
4
-157
-156
-169
-367
-298
-179
-245
-224
-145
-76
-113
-120
-95
-130
-163
-235
-203
-230
-215
-40
11
-14
-9
-22
-60
-76
-153
-130
-66
-143
-93
47
74
-41
-106
50
45
-108
-32
-18
-48
69
14
-45
96
84
29
137
117
134
155
-35
-123
-71
0
25
126
208
140
176
208
134
59
69
131
202
168
131
297
313
305
341
304
240
80
62
156
120
183
292
341
435
393
262
170
105
11
13
81
141
234
310
301
230
188
82
-48
-138
-118
-49
-1
77
158
248
185
121
85
-14
-68
-149
-169
-78
29
124
149
50
21
-4
-88
-166
-180
-95
-67
10
113
96
5
-59
-161
-245
-239
-241
-144
-165
-102
14
-30
-18
-109
-203
-219
-204
-282
-309
-165
-71
-54
-44
-42
-144
-194
-241
-271
-250
-249
-131
-71
-34
6
-42
-72
-145
-196
-120
0
38
-4
63
133
106
55
3
-61
-74
-54
-23
62
87
80
117
205
123
-51
-32
-25
30
144
126
156
197
154
120
92
71
37
44
96
136
170
180
216
146
71
92
76
6
15
175
201
148
150
170
158
110
67
2
91
229
215
146
175
245
202
115
99
84
0
33
144
188
253
243
178
130
-13
-78
-93
-51
40
95
217
206
34
38
157
45
-117
-153
-113
-92
-57
21
16
9
38
-21
-56
-74
-149
-134
-77
59
92
73
41
-89
-50
-123
-280
-217
-209
-176
-90
-113
-1
-19
-103
-21
-114
-191
-177
-165
-54
30
14
5
-13
-31
-45
-164
-195
-157
-119
-116
-112
37
26
9
6
-116
-157
-110
-97
-85
-39
-111
-9
66
25
-16
-66
-48
-149
-55
-20
-58
102
95
49
82
10
-89
-60
-134
-117
33
43
38
26
27
4
3
-2
-48
42
85
-29
29
96
101
118
70
79
0
-17
29
61
142
138
134
139
125
52
2
55
32
34
121
204
270
167
115
160
77
66
55
31
118
125
137
220
227
125
112
42
-34
154
76
27
162
79
158
115
20
88
-20
-74
-58
-6
144
111
50
118
26
-39
-70
-52
-48
-105
86
115
44
69
0
34
-26
-139
-100
-129
-122
-23
-11
18
22
-3
-31
-152
-140
-178
-258
-97
-18
-29
-42
-38
-20
-110
-214
-215
-276
-224
-86
-156
-49
24
-127
-92
-143
-213
-131
-175
-189
-165
-91
0
-23
-27
-41
-107
-78
-54
-133
-87
-87
-36
39
-10
24
-36
-77
-71
-129
-145
-65
26
9
28
-18
-21
55
-58
-37
-71
-147
3
50
94
41
25
115
-67
-93
-13
-137
-51
-17
0
77
-103
-4
155
85
58
-79
-50
67
105
139
126
179
111
142
143
43
-20
-62
35
29
71
130
124
84
76
125
132
161
91
78
91
116
153
61
53
100
35
-6
-12
76
205
62
-18
50
52
81
-16
-36
5
2
47
24
8
-5
9
53
4
-98
-124
-173
-169
-17
-68
-76
41
-76
-37
-14
-101
-44
-65
-28
-56
-105
-138
-256
-156
-113
-202
-141
-122
-164
-146
-127
-82
-63
-107
-105
-174
-218
-147
-209
-154
-102
-187
-51
-102
-248
-154
-177
-195
-181
-219
-138
-89
-65
-54
-139
-135
-95
-137
-126
-140
-222
-105
-91
-108
-19
-94
-12
-48
-126
52
36
22
35
13
121
68
-13
37
-120
-122
-69
-125
58
62
89
173
77
150
181
48
72
66
-17
125
80
53
162
39
49
94
37
20
68
134
153
140
139
124
87
54
-1
20
5
10
69
24
109
72
9
113
103
6
-89
-3
79
42
93
128
92
84
38
-67
-114
-86
-51
37
0
-24
113
26
-75
-47
2
-16
-27
-19
-45
32
41
15
25
-56
-102
-55
-108
-124
-75
-81
-27
-23
-61
-99
-141
-156
-178
-143
-172
-108
-24
-49
-62
-127
-87
-136
-158
-126
-216
-203
-175
-169
-76
-77
-128
-55
-120
-228
-163
-61
-61
-67
-39
-78
-10
-84
-205
-112
-100
-60
-41
-66
-6
14
-25
-88
-28
-34
-77
-77
-117
-1
-16
-42
82
27
24
1
-93
-71
-104
29
122
26
73
22
58
172
26
-30
11
28
77
22
43
163
158
82
75
65
44
117
147
90
107
255
184
80
169
51
52
167
74
96
138
41
111
167
109
115
19
-4
29
25
52
40
82
83
77
44
-16
-43
-113
-43
-35
-83
-23
9
48
0
-18
-48
-91
-32
-82
-84
-26
-118
-11
95
-71
-51
-73
-104
20
-58
-41
-75
-155
-22
-40
-60
-30
-2
-32
-155
-107
-20
-62
-39
-19
-119
-53
-67
-138
-92
-154
-117
-73
-138
-87
-75
-175
-172
-95
-76
-67
-64
-86
-71
-147
-124
-76
-119
-65
-83
-110
-29
12
-9
-36
-48
-47
-74
-43
-66
-87
-4
27
38
80
37
7
70
23
-13
20
-2
-2
106
153
125
43
-17
23
-11
-17
-78
-29
50
5
80
66
95
83
1
26
0
-2
28
43
-15
31
66
-10
73
36
-23
27
-6
77
128
91
100
74
61
79
36
52
58
-11
37
61
82
57
24
67
-54
-17
96
36
64
54
52
126
113
-1
-48
-25
-33
-8
-42
-92
-78
-82
-50
1
-75
-118
-86
-140
-89
5
15
-30
-64
15
-8
-70
-91
-143
-101
-51
-64
-7
12
-49
11
0
-61
-98
-146
-64
-97
-75
29
-91
-12
45
-76
50
-37
-110
-19
-124
-38
25
-41
-28
-41
-23
-71
-86
-128
-205
-86
-75
-45
-24
-51
32
-74
-128
-47
-22
0
-58
-74
1
23
42
17
5
2
-130
-37
60
-21
4
9
91
124
107
119
63
43
73
111
73
71
83
89
128
74
-12
50
116
-4
-12
106
126
66
59
137
65
-10
23
10
27
0
-34
-15
52
70
-21
-60
-59
-74
-103
-69
0
-6
-2
49
-30
-23
33
3
54
-51
-69
-23
-44
52
3
-15
56
28
-22
-16
-14
-13
3
14
55
61
77
-20
-97
7
-4
-40
38
-23
-12
61
13
67
-56
-105
-10
-36
-63
-125
-116
-69
-35
-87
-142
-108
-41
-70
-156
-106
-48
-74
-33
30
-34
-50
-47
-52
-72
-132
-122
-84
-68
-79
-36
-9
-26
4
23
33
28
27
65
87
57
61
37
-8
-6
44
68
94
101
10
21
66
85
101
46
-37
38
96
88
86
14
75
61
58
82
35
18
-20
17
38
35
47
82
34
39
1
-19
78
30
88
6
7
85
-11
100
32
-50
10
-44
70
144
55
96
76
1
4
12
108
36
-37
20
-58
18
34
3
92
13
-12
14
-5
-15
-4
1
-9
14
13
5
2
16
-50
-68
0
18
-9
15
69
6
-70
-32
44
32
1
-10
-8
-14
32
15
-9
87
48
-1
10
-21
-40
-39
-68
-52
50
4
-46
51
30
17
12
-65
15
54
7
-38
-72
-11
13
-14
-42
-84
-44
-51
-67
-40
-65
45
30
-53
-9
-39
48
2
-117
-22
-55
-93
-75
-8
57
-12
19
50
-59
-9
65
0
20
-19
-82
1
-44
-64
12
-64
18
66
-12
30
15
82
72
8
83
-25
22
135
6
-7
90
103
-6
81
101
45
108
38
73
3
43
166
15
78
64
29
160
41
-2
17
54
140
61
103
58
23
135
34
48
97
39
3
-55
-60
-21
0
-15
-27
-31
25
35
-22
42
31
-20
18
16
-4
-39
-36
-41
2
16
-39
-7
-27
54
70
-46
-55
-10
26
29
15
-14
80
37
45
170
69
22
35
41
-17
-2
48
13
37
13
94
64
44
120
1
57
40
6
22
-43
-22
37
136
98
32
-21
-17
66
-3
26
45
-62
53
0
-26
47
-118
13
6
-80
54
-64
-57
-23
-66
106
98
-22
18
-28
-83
-31
-28
-38
-52
-47
-87
-84
-40
-140
-114
-1
-62
-144
-28
17
-37
-10
-24
47
7
-64
1
-98
-48
13
-54
11
-56
-76
122
56
-39
45
9
31
35
45
160
155
61
67
126
131
129
79
80
72
23
143
124
62
145
89
160
154
103
180
47
46
83
47
59
25
54
93
6
9
90
76
122
35
14
70
-20
16
55
-7
0
24
-16
-19
-58
-60
42
54
74
-31
-64
109
-2
-4
79
-37
-45
-35
-18
10
76
93
72
28
-40
44
67
-1
-92
-70
29
-16
-9
-19
7
51
7
-29
-41
41
7
-76
-64
11
61
39
0
-93
-40
-38
-112
13
-35
-53
-30
-80
22
-36
-63
51
37
0
-39
-103
-58
-3
28
93
17
4
42
-30
31
58
3
38
10
-64
-7
44
71
89
69
113
27
0
94
44
16
-34
-13
115
39
19
63
11
73
94
25
73
82
20
3
57
152
51
12
93
-31
-41
58
37
81
62
38
73
42
83
66
22
83
56
-4
39
11
0
92
64
50
58
65
88
-35
16
106
61
21
-61
-11
19
-94
-4
37
-58
48
-2
57
126
-68
2
11
-69
72
-15
-74
33
-74
9
107
7
-66
-44
14
-52
-34
-9
-59
-22
85
100
-2
7
-5
-3
-6
-52
-28
-99
-7
18
-114
-29
23
10
-18
-105
-62
-40
-58
-2
-66
-83
-45
-74
15
-54
-163
-66
-53
-18
-105
-135
0
-113
-57
40
-87
-95
-37
-7
-10
-70
-66
48
14
-25
23
-9
49
127
55
-29
47
86
-5
35
59
64
103
84
32
64
189
99
61
126
25
58
111
124
108
93
146
116
108
112
27
-28
82
109
90
46
-7
59
4
48
63
-1
1
-21
67
59
-19
2
60
117
74
-54
-95
-104
-79
1
24
11
-59
-44
-55
-40
-25
-92
-53
-71
-47
-45
-75
-20
-4
-12
-91
-53
-7
-163
-95
-62
-158
-54
-87
-66
-11
-118
-127
-175
-142
-45
-83
-46
-37
-58
-29
-116
-62
-2
-98
-59
-89
-129
-48
-33
-75
-41
-26
-59
-58
-101
-53
-62
-18
-24
-82
79
55
4
-20
-74
-5
-4
-31
-39
-32
42
39
18
41
-6
-27
41
8
-92
-11
6
-44
-8
18
100
46
0
94
-30
-40
43
32
26
-44
69
106
21
24
49
109
33
18
49
8
-37
-35
66
75
61
65
-10
21
92
27
61
90
7
37
36
13
62
71
91
22
12
51
-21
6
2
-22
-2
34
16
-39
32
88
27
-29
38
52
43
-12
-31
59
-42
-45
54
-10
25
70
-44
-35
-19
-23
69
-13
-77
13
-12
-107
-36
-18
-30
73
-4
-85
-43
-50
-50
-7
-77
-105
-56
-122
-69
-41
-111
-18
-33
-67
-77
-199
-147
-118
-131
-38
-85
-96
-23
-41
-37
-112
-72
7
-167
-171
-103
-104
-38
-30
7
8
-40
-43
-28
6
-38
-59
-32
-46
7
30
42
25
-31
31
57
24
33
26
9
57
82
55
60
31
44
35
9
49
11
-42
31
129
67
51
109
32
-14
32
25
33
34
-9
17
34
72
73
24
38
-1
-40
-2
22
-8
-33
51
94
56
12
-21
-10
-5
-8
-7
37
62
45
70
72
37
-33
-96
-58
-19
-18
13
23
15
64
56
47
90
11
-20
-4
-22
-11
-34
-50
-32
-54
-55
0
10
7
64
72
-21
-38
-11
-30
0
-31
-110
-90
-74
-13
-20
-26
54
-33
-49
-61
-92
-34
-1
27
-4
-38
-15
-60
-43
-39
-85
35
13
13
18
-85
-48
1
61
7
-95
-133
-68
46
-37
-2
58
11
-15
-30
33
63
46
-21
-30
-29
-61
-70
-107
-26
99
-24
-81
12
-34
-18
-38
-39
22
-50
-56
-7
11
57
-54
-104
16
-32
-35
-13
0
81
-19
-35
16
-22
-37
-52
-8
10
-3
44
41
17
73
58
31
51
-38
-13
67
42
136
106
5
91
68
13
71
37
10
0
76
219
68
-43
37
4
11
33
62
99
80
110
35
3
89
46
4
50
-9
0
92
-3
-5
52
-15
-62
-122
-70
56
-52
-108
41
52
6
-12
-47
-60
-13
-20
-49
-15
-122
-112
-37
-65
-75
-147
-94
-48
-135
-148
-140
-69
-17
-84
-107
-85
-88
-70
-58
-49
-65
-96
-89
-59
-36
-64
-113
-125
-62
-64
-92
-46
-75
-93
-29
-17
-32
6
51
20
-34
-33
-56
-26
27
7
59
53
13
55
6
20
52
-17
-8
-14
10
38
47
93
90
76
16
46
21
40
181
98
103
69
-5
70
25
-9
36
-14
-44
42
48
57
122
106
63
50
49
83
72
15
27
22
61
25
13
128
-8
-21
54
-18
34
0
-9
4
-34
25
23
21
42
-7
-44
13
37
30
105
59
-66
-56
-1
24
0
-10
-37
-100
12
23
-37
-5
-60
-46
-16
-24
-27
-68
-78
2
4
-30
31
-36
-49
-12
-60
-42
-31
-71
-52
17
-11
-44
10
-18
-115
-85
-11
24
-23
-90
-106
-134
-89
-50
-119
-108
-37
5
52
48
29
-12
9
38
-17
-33
-27
-38
-54
-19
-27
-30
2
-67
-106
-69
-50
-27
17
30
-13
2
78
87
36
15
73
25
-26
87
84
-23
-80
-6
77
-6
3
18
-1
31
19
79
80
51
68
4
20
27
5
15
37
91
77
59
65
57
84
129
84
22
1
-48
6
27
-32
50
71
88
81
55
59
-50
11
6
-78
24
22
-5
5
23
72
38
-41
-62
-52
-30
-40
-44
-41
-70
-6
-52
-44
-20
-86
-21
0
-50
-78
-14
-32
-79
-59
-135
-102
-7
-68
-52
-32
-64
-30
-5
38
-11
-88
-62
-44
24
76
-9
-86
20
57
-50
17
18
-41
42
16
-13
-3
0
1
-70
-39
78
59
34
67
45
73
70
62
55
11
-14
-76
-56
4
6
16
17
16
-13
28
105
45
24
34
-13
-16
-19
-19
6
-18
4
58
86
51
7
64
52
-23
-1
-30
-69
44
51
20
44
7
39
1
32
72
-9
73
31
-11
56
-39
23
99
-75
-17
-5
-71
84
23
18
49
-100
-63
-28
-14
20
-61
-51
-40
-31
24
47
10
-33
-34
-64
-41
-77
-16
54
-41
-75
-115
-66
1
-58
-11
5
-46
-17
0
46
19
-47
5
14
0
96
52
-7
31
-21
20
20
-13
-18
-49
27
69
-15
0
103
20
3
-20
-66
27
3
50
105
16
5
13
-3
18
2
-4
6
-58
-5
11
9
20
-38
25
-43
-27
25
-71
12
28
-55
-22
23
-24
4
45
-12
36
66
60
69
34
49
23
-34
-5
92
78
17
11
-22
33
29
-30
4
-34
-53
52
-3
-33
127
58
40
111
-4
20
58
4
21
3
1
17
-68
-108
-66
-45
22
27
-35
-72
-66
-27
40
49
-93
-89
7
28
74
1
-46
33
-19
22
64
-14
43
-22
-79
-29
-27
33
12
-51
-43
-53
-36
5
58
63
-14
-2
56
12
-51
-29
43
74
-70
-136
-44
-81
-32
-12
-47
30
-32
-63
-59
-87
28
-45
-137
-91
-94
-22
-24
-29
15
-28
-41
-10
-2
31
22
-2
-21
-36
22
57
38
-12
-55
-37
-53
-66
86
120
37
142
90
13
163
154
96
105
52
35
56
48
38
6
-35
68
109
52
79
39
60
52
64
127
25
19
12
-34
6
-61
-58
58
28
13
72
5
-27
57
49
21
-23
-59
-29
-54
-58
-30
35
32
-5
18
-11
-50
-7
17
-9
24
24
24
32
-1
31
68
107
36
-50
55
36
-33
-9
-14
-35
-10
-13
-43
17
-3
58
72
47
101
-31
-55
-42
0
30
-40
-22
-61
-35
-33
-26
29
-39
-48
-50
-48
-46
-87
-49
12
-15
-30
-64
-81
20
-5
-32
14
-39
-22
20
-59
-52
-63
-97
79
57
-65
-37
-69
-34
5
-13
6
-12
-51
-35
1
16
-29
-22
-13
-19
63
-9
6
46
-6
12
0
73
-21
-77
15
-35
-1
76
-38
-62
60
-1
4
28
-27
-32
-7
119
107
17
8
18
108
149
68
-3
70
66
-3
0
44
84
13
-21
50
131
76
48
-7
-25
87
45
39
7
43
92
41
107
112
110
53
-21
25
44
-17
22
63
-21
26
-14
-52
33
-50
-11
17
-40
125
135
3
-41
-10
58
-26
-19
9
-112
-28
46
27
38
-32
-6
-30
-33
48
2
-31
32
4
-10
40
-17
-46
-61
-18
-63
-144
-38
-13
48
19
-115
-31
-27
-47
-3
-89
-75
13
-48
-71
-49
-18
43
-35
-65
-26
-48
0
4
-66
-33
-34
-80
-59
-97
-35
9
-96
-36
-6
1
81
50
42
27
-70
-35
24
-11
70
65
19
31
10
76
75
70
68
-21
-36
-24
-3
47
111
66
15
34
22
86
42
-4
56
16
35
70
-6
20
35
77
116
42
92
90
53
87
23
32
-6
-89
7
42
27
39
54
45
-25
-6
33
-38
45
124
12
23
-3
-41
116
87
-11
1
-122
-78
60
24
63
114
77
-27
-65
6
-86
-94
22
-31
-64
-54
-51
15
-42
-93
1
-24
-32
1
12
10
-45
11
26
-56
-28
-77
-93
-16
-68
-10
13
-12
20
-49
-78
-51
-97
-77
7
-43
31
10
-67
-53
-105
49
41
-12
-14
-89
11
25
-51
-75
-28
-41
-32
-2
-81
-46
18
20
-40
-22
46
21
-25
-72
-52
-14
0
20
29
-14
-90
-107
-31
16
24
56
13
25
73
8
9
53
30
4
-2
11
17
0
49
56
60
87
82
91
-1
-38
12
-32
-24
1
-56
16
81
49
52
100
94
51
82
34
-15
-92
-66
35
-42
66
103
-21
26
14
1
-14
-44
51
31
-43
2
24
-17
-40
-22
-39
-28
-40
-48
15
-30
25
110
87
74
-20
0
6
-77
-25
14
15
38
36
-21
-16
26
-31
-45
-31
23
59
-31
-55
-42
-29
-7
-25
-49
-59
-38
-51
-21
77
31
-69
-7
-6
-63
-89
-89
-45
-70
-49
-50
-78
-66
-38
-64
-104
-67
-68
-87
-21
-4
-76
-74
-49
-38
-17
-25
-80
-54
-65
-95
-6
28
-50
-78
-17
41
16
-28
52
26
12
1
-93
-40
-56
-37
38
3
-26
-20
-15
-11
-2
11
53
8
34
70
-27
4
61
17
-33
-46
-9
26
16
-28
30
50
37
52
8
-24
-56
20
40
33
56
-29
-3
51
-15
-10
-18
10
78
-38
35
125
45
65
-27
-44
-16
-39
83
71
-17
18
90
112
36
17
60
-44
-93
-1
28
-29
-49
64
25
-88
-51
-2
33
3
11
23
14
65
21
9
3
-97
-85
-72
-68
-6
-34
-51
-9
57
38
-31
-47
-102
-22
5
-114
-105
-69
-17
21
-9
-30
-47
-38
-32
-42
-4
1
-28
-92
-86
27
-12
-65
-13
-18
-38
-16
-18
-15
-28
-45
20
-43
-123
3
43
10
-39
-64
-48
-9
14
-52
9
-9
-59
-10
-40
15
28
-11
37
-39
-30
41
-17
44
73
18
32
28
17
-23
4
58
10
20
37
-27
-13
-1
-42
28
0
-50
87
53
4
4
-30
97
106
46
-7
-109
-15
95
34
-3
35
9
0
-13
-75
-51
1
-32
-11
41
-48
-67
-8
-46
-39
11
-40
-51
-46
-29
-9
-81
-8
38
-24
-69
-53
19
3
-14
-10
30
16
-47
26
-8
-76
-67
-60
-19
-21
-35
-39
-37
-36
5
-15
-49
-9
-37
-28
66
66
11
44
33
2
21
43
30
-29
43
41
-18
12
-43
13
56
-37
-43
42
42
-7
18
29
62
54
41
56
-23
-17
31
11
7
22
13
39
29
1
14
-37
14
44
45
95
53
61
-14
-51
-40
-28
42
-111
-149
-77
-62
15
-33
-76
-14
-36
-50
-23
-33
20
-36
-77
23
3
-22
-70
-57
-26
-108
-97
-80
-64
48
9
-58
-21
-31
-12
-69
-69
-84
-152
-81
-56
-95
-72
-43
-17
32
-5
-16
-46
-22
53
12
47
39
-19
29
51
1
9
-41
-90
-43
-34
-3
-61
-81
-23
-46
-45
-39
-25
-29
-76
14
117
184
202
18
55
94
-15
50
7
-92
-83
-34
28
53
26
18
107
84
9
49
19
-8
-19
0
39
73
26
-77
25
66
18
15
-4
65
90
17
18
-17
-64
77
96
28
73
13
-5
26
-11
-23
-25
-13
-66
-73
-72
-89
-40
-14
21
14
-6
-61
-87
-33
5
-9
-14
26
-5
-30
2
29
-13
-3
29
-6
40
-51
-118
-48
-18
17
-27
-56
-36
-8
-5
-41
-47
-52
-84
-45
10
-34
0
29
47
63
14
34
79
76
-9
-7
26
-41
2
53
29
-25
-40
-4
-41
-87
-61
-19
-49
14
52
-28
-28
21
59
25
12
59
19
-4
-5
16
19
-7
45
28
-23
15
24
-35
-4
46
-40
-63
-33
-25
-26
-9
46
-13
-47
-51
-88
-60
14
-34
-30
10
-83
-19
8
49
112
16
4
-20
-39
-25
13
60
-38
-45
41
37
-41
-63
-6
-29
-76
-80
-12
17
-28
-72
-53
34
59
48
87
84
100
94
1
66
93
25
83
1
-39
21
-43
46
15
-44
80
34
27
21
36
36
-29
79
77
-36
-2
59
40
15
32
59
70
20
-3
60
50
26
86
85
71
61
78
72
-21
21
-24
-109
-41
-47
-18
0
10
28
43
77
38
81
53
-6
9
30
78
37
-25
-43
7
34
-11
-28
10
35
37
10
-52
0
21
-70
-67
-43
-61
-52
-53
61
57
-13
65
-10
-49
-17
-33
18
-26
-69
21
5
-30
-21
-2
8
-30
-10
2
-5
30
-4
-27
14
-19
28
47
-9
-58
-106
-42
23
47
32
-43
-104
17
101
31
109
100
38
88
59
33
-1
-17
16
-22
-28
4
19
92
68
-42
0
19
7
-27
-24
61
54
39
25
39
38
52
72
1
27
71
-3
37
49
29
96
76
53
23
-9
15
-20
5
39
-14
-4
42
-18
-66
-43
-50
-15
-8
48
45
-19
73
46
0
33
16
19
6
20
8
-49
-86
-56
37
-21
-65
-31
-92
-82
-12
-46
-81
-64
-55
3
-114
-161
10
-4
-26
-35
-20
64
54
15
-4
14
5
-18
5
16
24
16
18
-35
-69
8
-51
-103
-24
-23
-12
4
28
61
41
119
108
-6
-18
-6
0
59
121
119
104
92
92
115
118
49
-9
-29
-35
-51
-50
5
-9
-12
-4
18
95
47
2
31
-27
-35
35
68
91
15
-40
3
40
74
82
13
-15
63
25
20
35
-66
-48
-15
-32
-40
-95
-24
-4
-76
-58
-1
74
23
18
56
7
49
51
57
63
17
46
12
13
-6
-49
28
71
67
-24
-21
62
27
-29
6
71
-48
-75
-1
-12
19
-36
-30
56
42
54
4
21
76
36
114
106
39
69
38
27
23
-38
-55
-30
30
-57
-55
14
-50
36
-10
-58
13
4
-47
-12
20
-6
75
40
43
69
28
71
44
30
33
22
27
49
39
-30
-29
-37
-55
-11
-6
32
45
9
-11
1
54
2
-9
27
25
0
-48
8
21
41
64
22
24
48
97
82
59
43
62
65
2
-28
-88
-67
-57
-109
-50
-3
22
-25
-25
6
-57
-60
-25
-2
53
8
-78
-51
-25
4
0
8
44
56
81
8
-50
-5
9
-31
-89
-118
-127
-116
-59
-77
-86
-15
8
-10
-20
-8
-29
-11
21
45
85
42
75
93
26
29
1
-13
30
41
-3
-11
62
32
10
73
-7
14
3
-51
58
31
13
5
-47
31
82
91
56
-13
-10
0
72
127
82
63
86
88
19
1
20
50
40
-55
-59
-41
-29
-17
21
26
-17
-42
-111
3
20
-15
7
-68
21
2
15
75
32
86
49
-19
1
11
31
64
26
25
50
0
-37
-26
-60
-83
-70
-48
-50
-57
28
16
-27
53
69
47
65
45
46
90
56
12
-21
-51
25
46
-1
-2
43
0
-57
6
-30
-3
12
-50
-44
-81
-43
-23
-43
49
78
40
58
-16
-58
48
28
-36
-30
15
47
-7
7
-7
-76
-40
-37
-17
53
-2
6
32
1
-24
-81
39
114
-7
-74
-84
-24
36
65
64
8
20
2
-65
-55
-52
9
27
2
64
27
38
156
134
7
-38
-37
-6
-5
-27
0
-35
-43
-35
-6
30
-23
-23
35
49
10
0
43
5
13
52
-2
25
41
-4
-26
-6
49
23
-29
-64
-39
10
-42
-26
18
34
12
-95
-68
-5
-16
-29
-26
11
2
-1
37
0
-11
29
-43
-72
6
79
17
-82
1
42
-1
7
20
51
-31
-59
-9
-50
-9
-30
-42
62
42
25
26
-2
40
15
28
39
-9
35
36
17
3
-1
78
85
47
27
-61
-74
-18
-17
-54
-18
42
0
-27
-61
-56
-5
7
-35
12
91
3
-2
-26
-7
61
7
-16
-73
-34
-36
-111
-64
-88
-88
-41
11
13
-48
-22
26
64
48
-8
8
13
3
-12
5
36
13
51
34
-25
21
19
1
-23
-16
37
34
109
36
-27
22
-7
26
41
48
-35
-47
79
73
30
2
56
49
-7
43
-37
-66
22
-30
-46
-9
-1
-27
-65
-84
-75
-19
-68
-23
54
-44
-99
-70
-17
-37
-19
15
-33
-19
-79
-109
-9
26
39
1
-55
-46
-14
4
-18
2
45
64
18
-61
-72
-66
-21
23
-4
0
73
73
16
37
43
31
68
66
19
51
69
-4
36
37
-39
32
75
64
-4
-34
44
48
-22
-56
-34
-65
-79
-35
-25
6
76
83
39
-9
-20
-25
-18
-14
-49
-82
-73
41
16
-55
-3
-3
20
23
-31
-30
-15
-4
23
-25
-83
-51
9
28
-48
-18
31
-26
5
45
27
-41
-24
0
-17
-5
46
142
48
-6
45
60
36
-29
-1
-16
-32
-35
-60
43
30
-89
-63
-6
32
-10
-9
-27
-85
-40
-32
13
-7
-21
56
17
-11
-38
-85
19
33
-21
3
-71
-14
92
-13
-116
-127
-76
-31
-33
-35
-74
-47
52
-23
-76
-39
43
91
-8
-47
-9
20
-58
-2
109
47
17
0
-24
27
53
9
-14
-60
33
87
-63
-51
-22
-36
19
48
-6
-51
-19
-11
28
43
30
12
-7
32
26
34
23
8
89
30
4
41
13
29
-14
-36
-73
-104
-39
-57
-50
-22
-47
-15
2
47
37
-46
-90
-44
60
54
28
-23
-26
34
-4
-77
-48
11
77
63
-53
-26
6
-48
-72
-15
27
-26
-21
-74
-99
-38
-57
21
48
36
87
61
43
31
14
76
53
7
42
0
-17
14
1
-52
-59
25
75
34
32
23
-34
-26
27
71
38
8
-32
-107
-82
23
59
22
0
-18
-44
-59
-1
57
-5
7
93
38
-7
-74
-118
-65
-90
-74
-5
25
-53
-106
-25
-7
-62
-7
47
-16
-26
-48
-80
-12
-14
-4
47
34
42
-10
-40
-54
22
81
15
18
-46
6
61
-10
-5
-9
17
25
-14
-22
-42
-56
-8
35
37
-7
8
63
68
102
88
-4
-35
31
22
-51
-70
-67
-73
-16
10
-55
15
16
-109
-27
14
18
91
39
-41
-8
8
-50
-17
2
-47
-82
-40
-22
-29
19
-4
8
77
18
-11
49
22
-40
-57
-27
-23
-26
30
15
24
87
47
15
46
-6
-28
32
69
31
-39
9
8
-40
-25
-60
-26
-9
-39
-11
20
68
49
55
56
-34
-5
59
-24
-103
-57
-46
-22
6
-95
-61
-45
-45
29
-7
61
39
-51
-78
-41
2
-70
-63
-62
-70
-21
17
62
23
-33
-34
-37
-1
33
19
-32
20
-6
-62
13
-20
12
58
-41
5
17
-44
47
57
62
55
-69
-38
23
17
14
17
81
54
34
68
47
33
25
0
-25
14
35
-46
-21
32
24
6
-37
42
78
58
47
4
27
-5
-3
28
12
5
-39
-121
-103
-33
-43
-39
-63
-47
-35
-30
39
15
7
14
49
86
33
26
-2
-87
-143
-106
-120
-117
-47
-77
-15
-4
9
32
-11
62
32
17
47
23
-14
-70
-9
-1
-14
2
-24
27
49
52
102
87
30
23
31
30
16
12
30
23
0
21
20
-16
11
32
32
-13
-43
1
-25
43
150
80
3
-104
-62
36
18
55
-34
-91
-28
-19
-44
-53
-30
-70
-71
-50
-47
-15
-59
-83
-37
-11
-47
-65
-81
-132
-123
-91
-54
-40
-24
-15
7
11
27
56
3
17
-12
-85
0
78
-1
-14
-10
-74
-39
-26
1
19
14
5
21
79
26
41
26
64
114
-2
12
78
59
62
100
87
82
67
-2
37
72
3
16
41
-34
-23
-32
-47
16
-32
-57
-11
18
2
-36
-14
30
7
-56
-10
20
36
50
19
27
-5
-39
-35
-20
-78
-115
-58
-40
-10
-36
-109
-102
-55
17
25
5
4
-13
-4
46
39
-13
-39
-73
-48
-6
52
37
16
53
35
61
50
23
-3
-65
-25
3
-26
-6
-5
-21
46
44
-22
4
14
39
25
-26
45
18
43
63
-29
2
-51
-54
9
-7
-26
34
57
-8
-41
-11
75
67
0
-2
17
2
-16
-32
-62
-85
-102
-60
-14
-17
64
88
11
-15
-25
-22
-26
20
60
41
37
-49
-60
78
66
20
-40
-101
35
67
-54
-46
-42
-42
8
-43
-34
21
63
82
-62
-59
55
-4
-43
-39
-14
16
10
91
101
-11
-16
-27
-52
-17
-3
-3
-1
14
-21
-17
71
44
-19
-2
1
-46
-92
-43
0
35
75
-44
-101
28
54
73
44
-6
30
31
37
32
53
0
8
38
-39
-61
-63
19
49
16
-13
-49
-52
-85
-26
12
28
6
10
71
33
72
12
-11
115
99
-32
-89
-30
-46
-59
-22
-46
-82
-34
0
7
53
-4
15
58
-26
-16
-1
-29
-5
45
12
-83
-75
-36
17
30
-22
-19
9
-3
-23
43
110
42
-16
32
-3
-4
26
-35
-33
-44
-94
-58
-11
-12
0
17
16
19
35
54
53
49
85
66
40
-7
-90
-76
-23
-1
-35
-37
24
84
34
0
82
52
55
76
-24
-57
12
-1
-77
-52
6
-10
-70
-22
32
36
57
26
35
71
75
39
34
70
13
-40
-54
-47
-10
-40
-44
-35
-37
-47
-18
21
32
65
24
-26
-12
-22
-27
-7
4
7
-31
-39
18
29
-44
-45
23
45
14
8
41
23
42
33
3
-34
-90
-111
-132
-81
50
60
17
44
33
49
67
-8
-37
23
-1
38
122
65
28
21
15
-15
-3
73
12
-13
6
-85
-51
-45
-48
27
56
75
29
7
-6
-7
70
50
6
25
37
-36
-97
-53
-25
29
10
32
62
-48
-49
-23
-52
-66
1
-25
-65
-47
-74
8
49
9
-3
12
0
-22
-21
-1
18
-27
-38
-26
-47
-8
21
-2
13
17
-19
-53
-39
45
108
26
27
101
23
23
14
14
-15
-65
-2
-27
0
49
-1
18
80
6
11
77
39
102
99
10
49
-35
-10
130
74
-1
-81
-23
-24
-133
-21
50
41
5
3
32
-18
29
79
0
-44
-41
-33
-27
14
64
13
1
-45
-106
8
30
-4
29
-1
-21
-18
-38
-8
-45
-88
-30
0
35
-44
-39
93
79
46
-21
-71
-25
21
19
57
34
-8
39
76
22
-41
22
-23
-33
45
35
0
-40
38
108
13
-22
61
-10
-12
3
-84
76
66
-30
103
29
-28
6
27
63
6
-24
-44
-17
19
-17
-25
-22
-54
-19
22
-17
44
71
-55
-56
-36
-33
23
-44
-76
-22
-6
4
9
-16
-6
33
0
-44
-55
-54
-81
-25
15
-33
43
27
8
-21
-88
-35
-42
14
26
5
60
-38
-5
10
-90
-10
-4
0
52
26
57
17
-78
-57
16
40
-13
12
105
80
2
-13
49
18
-6
61
10
27
74
-36
-34
37
50
20
-46
-8
48
69
21
13
39
3
89
110
13
2
33
44
68
49
-3
-2
-13
-67
-17
12
43
74
-45
-48
34
35
34
-6
-6
-7
-49
-13
-7
0
-1
-66
38
133
48
-1
-11
-44
0
-4
-76
-94
-109
-15
9
-38
-53
-52
12
12
8
11
-13
2
-41
-55
3
-10
61
16
0
-29
-114
26
42
21
-10
-45
-18
-92
-82
2
-6
5
65
43
-10
-23
25
19
-36
20
58
26
-4
-26
-7
-11
12
0
5
57
14
-13
-66
-104
-29
64
78
48
76
19
-25
-40
-12
30
-23
32
19
19
27
-35
-4
-62
-14
50
-9
20
23
35
72
-8
-39
0
14
47
22
46
103
5
-2
32
22
36
10
-22
-70
-25
77
47
19
30
-63
6
117
29
35
46
9
48
42
34
57
-27
0
20
-48
19
30
29
-18
-48
32
-19
15
7
-68
9
8
-8
-3
-46
-47
-4
5
-49
-47
4
-10
-41
-41
-39
-36
-32
33
63
-41
-100
-26
-27
-74
-29
-61
-87
-38
-79
-87
-74
7
15
-48
6
-21
-53
-31
22
47
-17
-16
-26
-79
-28
44
14
-64
-90
-9
-14
-19
4
-34
6
45
50
80
0
-37
-6
-28
30
14
-34
-21
44
126
-3
-26
60
76
47
-10
55
40
21
74
35
65
85
18
1
13
21
62
97
71
51
38
5
22
36
16
48
77
11
-13
80
109
82
119
54
6
60
78
85
7
-24
-2
10
71
40
1
-50
-10
69
28
-28
-69
32
10
14
94
0
7
-31
-60
21
70
42
-53
-80
29
54
-12
-25
-56
-12
5
-41
-84
-111
-76
-84
0
37
-20
12
-3
-17
-85
-69
-14
-12
21
-22
3
-17
-37
-13
-23
20
-52
-108
-91
-27
-9
-79
-54
-75
-40
-2
-27
28
-8
-73
-32
-15
-54
15
-20
-13
43
-88
-58
-106
-84
26
-16
-25
-24
60
-5
-75
12
-46
-28
41
-47
-26
16
-15
-18
-50
-45
-15
-5
-24
23
52
68
101
26
0
16
17
11
-11
-10
-2
10
51
113
55
45
99
20
47
68
8
10
10
47
50
75
75
19
47
3
17
70
42
54
39
89
107
49
29
-1
14
67
53
64
106
42
-69
-104
-66
-37
-4
47
63
84
44
5
-7
-51
-14
-45
-31
21
-45
21
-18
-68
-42
-74
25
33
-56
-10
-42
-112
-31
-39
-23
-6
-96
-23
30
-32
-38
-72
-161
-132
-57
-22
-24
-61
-27
43
-29
-87
-14
-16
-51
-86
-76
-28
18
28
-64
-27
30
-79
-123
-39
-35
-28
-9
-33
24
34
-25
-53
-65
-48
-7
22
8
18
-3
-22
-5
1
74
85
27
3
-37
-44
-27
-3
54
48
5
9
23
3
-9
39
52
37
20
-10
71
77
-5
0
4
65
11
19
77
2
29
6
9
4
-20
85
45
48
144
69
19
16
-8
-3
-30
-20
8
19
22
31
39
1
-32
-15
17
5
0
74
80
41
10
9
20
-20
-3
18
10
-2
-5
11
-40
-64
-56
-25
29
-17
-129
-107
57
73
-6
9
2
-44
-37
-2
-9
-64
-46
-39
-83
-36
-19
-27
-92
-94
23
27
-21
-26
-77
-132
-41
-62
-108
-16
-99
-22
39
-112
-37
-21
-47
48
9
-59
-68
-108
-61
0
-29
25
45
35
-55
-121
-76
-40
72
-16
-48
20
-28
46
54
9
-3
-19
-32
-30
17
31
15
21
52
82
97
-14
-34
75
18
5
83
88
57
16
-7
-20
-64
3
48
15
43
30
17
31
56
121
85
39
93
84
18
-3
-34
-40
16
-8
-29
10
11
10
23
67
86
43
2
5
6
-38
-30
34
-16
-50
24
21
45
72
-21
-7
26
-10
-7
-65
-29
68
29
-79
-58
11
-47
-6
-15
-23
42
-35
-22
1
-4
28
-9
4
3
-56
-28
8
-58
-77
-31
-25
-27
-18
-21
-26
-21
-10
2
-30
-27
45
26
-15
-59
-114
-39
-5
-79
-22
-2
-10
37
-18
-48
-47
-38
10
40
-59
-110
36
10
-32
34
29
-5
-36
42
26
9
8
-76
-72
-103
-25
68
-9
-14
43
36
31
18
40
31
-6
35
21
-12
-17
-55
-3
117
65
-19
2
31
37
66
27
-11
35
-28
-36
12
-12
32
29
15
89
120
93
-31
-77
-35
50
90
30
44
29
21
43
16
-2
-7
-1
14
5
30
27
-34
-60
0
45
44
20
-14
33
27
12
21
-1
26
-5
-72
-57
-21
-14
-11
38
29
-21
-33
-91
-63
15
2
-64
-42
25
-55
-33
-43
-68
-23
-72
34
18
-79
-30
-91
-59
27
-26
-20
-27
-13
35
-23
-114
-117
-37
-17
-30
-60
-56
-10
4
63
62
39
58
1
-61
-83
-84
-60
3
-41
-69
7
32
12
-6
24
55
44
21
11
-31
6
102
-4
-44
41
11
16
32
33
88
58
35
78
29
-25
-12
28
93
106
22
33
102
48
50
99
55
69
53
-3
55
34
34
-8
-17
40
-2
-4
-50
26
155
58
11
11
-92
-54
0
-1
-15
-37
84
71
11
16
-43
-9
-43
-74
-24
-36
-9
-7
-31
29
79
53
48
50
35
15
-26
-14
24
26
-3
-40
-9
70
74
17
-11
-31
0
-23
-18
108
10
-114
-56
-36
0
-8
-50
-22
-7
-24
-55
-85
-32
-37
