-94
-12
2
45
6
-40
-19
-35
-1
-11
-26
16
-70
-103
-6
-5
-46
-55
-14
-29
-75
5
4
5
12
-51
27
-16
-48
38
-2
-5
81
73
22
55
42
40
141
114
27
35
78
120
84
44
11
19
127
60
27
76
36
36
19
57
60
89
104
28
105
97
-15
2
7
15
96
79
26
62
55
-34
11
36
-19
-23
-70
-46
-34
-34
73
43
-52
-33
-10
-37
-83
-57
-17
-81
-71
-65
-95
-84
-78
-98
-125
-63
-4
-23
-105
-153
-142
-142
-67
-42
-32
-12
-40
-21
6
-12
-24
2
8
-20
25
46
15
35
18
-52
19
130
97
61
16
-34
-64
-69
-24
3
89
78
12
62
22
26
64
30
30
36
80
74
36
10
16
66
35
-29
0
61
57
-6
-9
10
1
29
80
92
64
48
18
11
85
68
25
52
35
69
59
-19
81
94
13
-34
-72
8
61
-35
-105
-123
-120
-82
-72
-11
-32
-29
59
-16
-65
-81
-65
-39
-84
-74
-25
2
-40
-104
-63
-65
-5
23
-60
1
-10
-46
9
-31
7
99
55
12
-26
-53
-49
-46
47
17
-90
-113
-66
-3
20
54
18
-14
37
104
123
59
90
19
-29
56
10
-2
-45
-99
-25
-6
-1
48
46
104
127
51
29
4
13
19
-20
-10
36
-3
30
67
46
35
49
42
-22
5
9
-6
-36
-15
43
52
27
-25
3
17
31
84
68
47
2
-45
-54
-24
78
27
-17
31
41
14
-12
8
-21
-8
29
8
-24
-68
-11
35
-46
-23
7
-3
34
4
32
18
-14
-36
5
30
-50
-25
-36
-64
-40
6
26
-43
-4
47
-23
-5
24
30
27
18
8
-79
-46
-23
4
33
-6
-35
5
28
-37
60
38
-52
-30
-63
-2
25
33
36
1
21
-10
-69
-57
-64
-64
7
-11
-76
-10
43
63
91
74
96
148
93
12
19
29
-7
-42
-27
24
-3
2
7
-33
-11
-81
-68
45
32
71
10
-60
-47
-62
8
15
5
-19
-69
-17
-43
-52
24
-4
-18
-65
-59
7
3
24
-38
-19
-17
-72
-1
14
-18
-56
-65
0
27
-14
-10
7
-21
4
-22
-60
-62
-41
35
34
9
19
13
-51
-25
49
27
64
51
-18
-21
-15
-9
3
-5
-10
47
35
42
100
21
49
66
6
-1
0
24
-10
2
-40
-106
-32
6
-28
-12
63
37
-38
-22
46
32
-2
49
32
-18
-13
-12
7
-45
-22
-11
-63
-45
-64
-16
-2
22
0
-43
6
-65
21
36
-43
65
11
25
80
7
22
9
2
-19
-60
-37
24
62
21
-16
-24
4
18
-23
30
13
-52
43
18
-37
19
-18
4
58
-6
-31
-21
5
-21
-62
-40
-17
7
18
31
-27
-31
34
-20
-16
60
14
17
24
-34
-15
-36
-59
-29
26
29
-73
-25
46
15
10
-26
17
-9
-70
-1
-3
-5
-10
76
121
-44
-78
-12
34
57
27
-9
-60
-40
-10
-10
43
61
14
2
4
-10
25
68
0
-61
-67
-42
45
78
45
-35
-63
-26
-51
-7
-23
-1
52
-16
-2
-46
15
105
38
25
-62
-92
-40
-49
0
74
109
19
-76
-55
-40
19
21
0
27
-40
-100
-12
21
-26
-12
-28
28
25
2
112
32
-6
31
-52
-64
-71
-63
-74
-79
-17
-90
-30
79
-44
-57
-21
-19
-42
-103
-42
-23
0
17
-37
-16
20
61
60
23
25
38
26
-41
-55
-56
-55
59
55
-26
-30
-30
50
46
-30
9
46
32
33
0
-11
-4
-19
-33
11
62
5
33
27
-8
45
52
82
42
-59
-71
-59
-9
-102
-81
94
38
36
11
-19
-8
10
65
-37
-28
70
26
-24
-11
17
16
15
60
52
-12
12
40
-37
-20
-31
-113
-33
-3
-45
-79
-64
44
77
28
-17
-32
-11
-1
-12
-2
20
-3
-22
-10
20
32
24
-3
-36
34
0
-77
16
46
-18
-26
-24
-36
-26
-51
-48
-14
-1
35
24
-36
36
65
-43
-94
-89
2
52
84
86
-1
-36
-64
7
61
86
159
-7
-65
34
59
83
0
-17
44
-35
-71
-32
-65
9
84
33
20
44
61
32
-20
-42
-80
-126
-100
-23
60
13
-35
-4
-27
-15
-8
-10
-11
-43
-42
-44
-8
72
115
84
-16
-75
-94
-27
79
7
-67
2
4
-84
-23
18
9
49
-3
-28
27
52
117
91
55
90
-15
-18
28
23
41
-35
-40
33
32
33
-15
-82
17
107
58
15
38
25
-43
-65
-21
21
48
16
10
30
9
22
20
15
-56
-88
15
7
-1
2
-67
-110
-19
19
-38
-1
6
-53
-63
0
27
23
19
20
12
-31
-72
-82
-7
24
-12
11
71
56
39
57
15
-24
-23
-49
-31
63
47
-37
-26
29
24
-12
22
66
10
-31
-58
-75
-7
10
53
24
47
32
-85
-16
-56
-44
-9
-54
-9
13
15
5
7
-25
-52
-15
-15
-8
48
2
-33
26
-25
-23
9
-26
4
18
2
-25
-42
-48
-31
1
-10
-4
22
57
58
24
44
36
0
-3
-37
-37
30
72
102
37
39
42
-76
2
34
-21
86
98
-10
-66
-57
6
48
-4
36
66
-9
-22
-46
-8
-15
-53
-24
30
59
-29
-79
-83
10
19
-35
80
91
-5
-51
-51
15
90
56
-26
-50
-14
21
-14
-29
-4
15
43
44
93
97
31
-16
-27
6
-45
-5
59
21
2
-47
-2
-24
-80
-29
-40
2
-6
1
58
-9
0
0
-47
32
37
-73
-60
-29
10
18
-54
-19
-50
-45
3
28
57
37
44
29
37
-1
17
57
-65
-72
-33
-25
12
-11
34
13
-64
-51
-20
59
32
2
38
-16
-4
20
-7
24
24
-15
-44
-57
-42
-17
39
26
-29
0
28
40
75
50
40
54
41
-1
-50
-65
-63
11
26
25
54
6
18
3
-20
51
-6
-41
13
-40
52
94
38
72
-5
32
74
35
47
33
6
7
10
41
7
-80
-43
-29
-18
-60
-57
25
-3
-22
10
-48
-81
21
-11
-9
12
-60
-59
-54
-13
30
22
25
16
28
11
67
112
35
45
66
39
12
31
9
-58
-59
-105
-103
-17
0
-35
-18
0
4
79
47
12
9
-30
-17
4
21
-14
-46
-59
-70
-28
30
32
-33
-7
-23
-97
-67
-44
-16
-35
-73
0
9
-50
9
57
-3
-41
42
79
-16
-21
-22
5
41
25
45
24
-26
-87
-9
20
35
55
-59
-8
48
39
73
36
8
39
40
-25
-54
-9
-10
9
23
54
88
-35
-63
-25
-52
-35
-5
61
0
-39
45
-9
8
-2
-55
-14
-33
22
33
19
63
93
37
-56
-35
-16
-24
17
45
-9
32
106
34
-27
15
37
-7
-53
-74
-22
-41
-48
-7
-39
-72
-104
-38
-15
-46
-10
9
83
112
24
-69
-74
14
33
0
9
9
-27
-27
-22
75
73
-16
19
5
30
24
29
118
44
-29
44
48
52
83
53
63
17
-11
64
47
10
33
60
58
52
26
6
44
-15
-4
20
-22
66
45
42
-35
-141
17
-5
-17
17
-68
-54
-93
-110
-58
2
-7
-38
17
0
-52
-70
-95
-16
38
-6
-37
-39
-20
18
39
17
-5
-32
-68
-75
9
45
2
-33
-5
-1
32
18
-111
-56
24
-31
-21
-40
-71
64
66
20
45
-24
6
-13
-27
46
19
21
-42
-33
46
32
67
54
-32
-43
-73
-51
80
53
15
56
13
16
43
54
-8
-72
-18
28
32
1
0
29
16
-23
23
16
1
-14
-16
52
-12
14
92
30
-46
-67
-78
-75
-34
-70
-40
59
-12
-13
27
-15
-44
-40
-12
-20
15
3
23
-2
-48
0
-67
-52
7
-8
10
-1
18
-15
-19
11
23
82
47
23
-52
-66
16
32
17
-65
0
90
63
51
29
7
9
0
8
21
-37
-43
-2
17
-6
-38
-48
-54
6
60
64
32
5
-24
-33
85
155
98
27
-11
-33
-55
-33
-63
-12
22
-132
-48
65
-17
-7
-27
26
9
-29
62
0
70
59
-34
18
20
55
31
0
-21
25
75
-27
-15
-45
-31
76
-70
-65
2
-38
10
0
39
51
-2
-2
35
-4
-112
-7
-26
-80
52
26
-15
5
21
64
11
-32
15
-16
-10
-19
-63
-33
-49
-46
-67
-41
109
97
30
33
0
47
45
-16
23
11
0
95
37
-67
-39
1
14
11
42
-13
-34
-19
-38
-36
-67
8
42
51
79
-25
-46
23
-90
-92
38
-60
-52
-37
-57
37
59
42
-67
-35
6
-26
-3
-80
2
43
-24
-1
-60
-33
31
20
-9
-43
10
17
25
27
-46
-17
-4
-15
17
34
-9
-49
-35
-41
4
5
7
95
2
-48
-36
-40
57
24
-30
24
47
16
18
10
13
27
30
86
20
-114
-108
-63
-34
-30
-37
-23
51
47
-6
16
7
44
-17
13
82
18
6
-22
-9
9
69
83
13
6
-7
32
51
2
40
67
21
-24
45
11
-86
-56
-47
35
-7
-44
-1
-39
29
-4
-13
13
-44
-2
-27
-12
39
16
36
-10
-66
-12
8
-14
42
33
-23
-32
-38
60
40
-51
41
29
-25
-3
-62
-51
-37
-63
8
-11
-72
-16
8
24
-38
-48
20
-53
-64
-49
-69
-37
67
134
27
29
33
38
119
60
53
71
21
-7
6
8
41
11
-14
63
14
-23
-36
-21
7
-35
-19
25
9
-26
2
-16
-11
25
6
1
3
12
0
-8
34
76
54
48
87
0
-44
50
13
-45
35
51
-3
-29
-23
33
-16
-14
77
-2
-62
-36
-70
-56
-38
-69
-1
52
-13
17
92
-28
-82
-52
-18
9
-83
-124
-73
-11
-2
-66
-26
0
-60
-65
-22
-9
-65
2
51
87
162
107
73
17
-55
-101
-66
6
-9
35
22
0
-47
-83
12
5
-22
4
-28
-44
-13
-34
1
-11
-54
-27
-41
10
37
19
44
76
49
-19
30
23
-28
23
-14
-36
-33
-76
-22
0
-45
-40
-48
-26
46
32
56
61
26
131
138
27
2
41
12
-31
14
-51
-55
11
-26
30
50
20
-17
-88
-50
-11
19
98
99
7
-113
-70
51
62
44
-23
-22
18
-9
-4
83
94
50
53
48
18
2
53
33
0
16
-42
-9
20
-31
13
111
121
42
2
14
-13
1
47
-2
-43
-40
-38
-43
14
-6
-54
44
35
-45
-18
6
5
7
-3
-5
15
26
3
-22
-38
-18
1
10
-2
-59
-40
-89
-104
-16
9
-28
-65
23
5
-24
-7
-1
21
-7
26
19
-28
-13
19
4
-16
41
74
116
75
-57
-45
-69
-29
-20
-84
75
10
-110
4
0
-85
-32
-2
-75
-67
-56
-1
-9
-57
-39
-117
-82
-13
-18
-1
-31
24
-14
-121
-115
-73
7
-51
-30
9
6
65
-13
78
97
50
96
-9
-14
-26
-4
51
-20
-9
14
-26
51
64
18
109
84
28
17
-5
31
24
12
28
-49
-36
68
22
82
86
-41
-28
-17
9
16
19
-31
-41
41
-20
-12
47
80
75
-13
3
9
-41
12
43
12
26
42
8
58
54
16
19
-38
-40
7
25
-12
-77
-80
44
43
-10
-11
-47
-7
0
10
-12
-40
21
33
-23
-53
9
-35
-103
-44
-53
-28
68
54
-6
-31
-42
26
34
-42
-25
-49
-64
-9
-38
13
19
-25
34
34
19
-9
35
31
-47
-9
37
48
-11
-31
-13
-25
51
56
10
30
-11
-24
29
12
-40
-34
35
82
26
-23
3
25
33
31
4
16
76
28
-20
-6
-67
-14
40
7
49
45
42
18
-24
30
15
-31
-8
-32
-7
24
-38
-30
-24
-31
-47
-34
14
9
-12
-57
-61
4
109
93
-35
-54
-20
-23
-104
-98
57
86
31
-14
-54
-1
28
16
-43
-69
-92
-91
-39
-92
-88
-32
-61
-68
-50
-40
29
9
-42
-6
-14
-36
-24
-5
34
20
-6
24
-61
-82
13
13
16
26
52
23
-8
8
-37
-35
46
121
70
-19
-12
18
68
83
16
33
37
28
121
77
-18
-20
-22
-53
-48
54
40
13
105
73
28
48
15
-7
-19
2
36
-4
0
8
39
29
-55
-2
76
71
8
10
32
46
76
29
70
65
-52
-52
-17
24
20
0
-1
-58
-33
-9
-5
-19
-59
-64
-73
0
69
-4
-58
11
-4
-29
-3
13
43
-24
-64
-27
-37
-27
-12
-50
-15
59
19
-11
-5
8
38
-3
-32
-32
-47
-8
26
56
64
16
-7
8
21
-54
-41
32
12
7
22
-3
-6
-16
-24
-37
-44
-6
-45
-69
-60
-55
-38
-12
87
83
-4
14
2
-9
2
-20
-1
11
1
-36
-23
18
71
119
37
14
2
-36
-41
-36
16
29
44
98
125
101
-33
-88
25
31
54
59
25
33
-10
9
-28
-18
62
70
9
-47
17
30
28
41
-84
-92
-75
-106
-16
18
6
-55
-59
-13
-20
-6
-15
-50
-32
-9
-37
-65
-74
-63
-30
35
84
74
-31
-62
-70
-99
-31
0
29
44
39
44
55
40
11
-13
12
58
26
20
25
33
-60
-91
-12
-3
-11
-56
23
44
-8
20
-4
-1
-53
-93
-49
-9
43
40
2
-2
-18
-20
-1
-1
28
28
31
-48
-132
-14
12
-19
29
16
-23
11
47
17
14
-1
-39
10
47
10
13
27
45
24
-79
-31
25
-6
-7
-42
40
105
55
30
-11
-6
26
42
-21
-36
17
39
80
8
10
32
-63
-32
-2
-10
-5
-26
40
22
-39
5
46
58
-8
-47
44
101
68
70
45
18
35
20
13
58
77
31
-30
-30
12
1
-10
-18
-47
-74
-41
-13
-29
23
43
71
57
-4
31
-40
-73
-27
-38
-46
-62
-55
-74
-1
33
27
96
20
-30
-25
-81
-65
-51
-57
-25
-12
2
-10
-22
39
37
7
22
-15
29
22
-52
-32
5
133
145
73
75
38
70
50
-35
-61
-59
-8
-20
-24
-17
-62
-32
-18
-56
-22
-38
-40
13
-7
44
53
-27
-11
1
-12
-20
5
21
26
9
-21
-30
-73
-35
1
0
-7
-36
41
53
-1
42
15
-47
-68
-22
44
28
-2
-46
2
65
25
7
48
8
-77
-42
-16
-10
0
5
3
-31
22
42
18
26
8
4
5
-1
21
23
14
69
10
-16
-15
-26
36
0
13
-7
-34
-22
-35
44
-5
-8
85
50
34
9
-80
-55
27
-3
-22
-20
18
37
13
25
14
35
48
-29
-10
13
-11
20
-61
35
101
9
38
-50
-28
23
-63
-16
-34
-79
-33
-58
10
20
-74
-81
-31
-22
-72
-6
3
-16
7
18
13
6
36
63
61
75
80
29
0
0
40
17
-8
31
90
78
-14
-30
-5
16
-35
-17
26
-53
13
-23
-35
94
104
74
-47
-19
16
-31
-14
-28
59
22
-44
-4
-75
-53
10
-29
-53
-50
-38
0
-17
-16
-41
-112
-82
-37
17
49
63
51
-19
-45
-8
45
-8
0
5
-5
2
-18
130
66
-59
-38
-53
-1
-46
-62
0
67
99
3
-27
-20
-22
17
20
65
92
59
63
59
59
-72
-88
45
38
21
7
17
16
22
-34
-100
-101
-105
-55
-47
-13
-14
-40
21
18
14
9
-15
18
6
34
64
63
46
-20
13
-36
-92
-62
-30
12
51
-22
-82
-5
-27
27
30
-27
56
12
7
44
-16
20
12
-68
-44
-13
36
40
-20
-33
-41
-12
-5
-21
-5
23
-15
-6
26
0
20
-66
-50
5
-1
47
1
52
79
29
42
26
8
4
108
84
55
101
58
92
9
3
41
12
111
88
37
-10
32
85
24
20
-26
-3
-8
-55
1
-20
-33
-7
-55
-58
-43
-15
-1
-65
-67
-129
-153
-25
-63
-137
-125
-122
-71
-29
-14
-26
-56
-37
-12
12
-47
-86
-63
-59
-30
-8
4
-48
-64
-38
-37
-87
-51
56
49
57
39
71
131
62
77
87
-30
-16
6
-28
32
9
-33
-15
3
24
-66
-57
-28
-48
107
59
3
26
10
97
58
46
45
4
13
20
28
31
45
2
-48
-24
47
58
15
44
25
4
29
-49
-28
-3
-61
-6
66
114
115
50
52
18
4
17
-30
40
14
-26
-21
-23
18
-21
-4
5
-7
-47
-26
14
-62
-35
8
-3
-2
-62
-67
-52
-59
-28
-58
-27
-55
-50
63
42
27
15
-8
21
83
14
-28
49
-1
12
-24
-97
12
31
0
22
-39
-60
0
12
44
33
-28
25
13
-38
70
27
-37
30
4
11
9
22
56
7
-35
3
39
-9
-8
7
-32
-30
-12
-67
-83
-75
-60
-30
10
66
52
18
9
26
-12
-5
39
17
34
16
14
87
50
-48
29
48
-45
12
-18
-89
-10
32
34
21
-98
-89
15
-22
-37
-58
-2
60
5
36
28
-16
-48
-90
-17
30
-19
29
41
-17
52
42
-20
28
17
-22
-6
0
13
-5
0
50
41
-28
-39
-18
40
44
-96
-23
39
-8
73
45
30
67
7
43
73
21
60
130
89
-19
-27
19
15
-5
-43
-13
63
11
-96
-81
-33
-63
3
36
-42
-103
-82
31
-14
-78
-48
-71
-36
-27
19
83
0
-5
-8
18
70
12
7
13
51
59
56
5
-87
-50
-39
-78
-126
-72
42
24
35
68
8
28
2
-28
6
-51
-55
-33
-43
-43
30
66
-23
0
52
4
-48
-59
-14
11
15
42
75
67
21
39
88
4
-8
18
-41
-1
-20
-68
-2
33
-11
-36
-40
-42
-46
-73
5
19
1
70
74
100
83
76
102
18
-25
-26
-82
-89
-45
-53
-107
-86
-44
-4
34
53
34
13
47
6
11
10
-29
29
8
-18
28
33
37
30
-6
1
28
38
73
-23
-36
28
-11
45
1
-15
-28
-65
60
13
-20
18
-16
14
48
28
7
-12
-12
9
-48
-48
-7
18
36
-17
-6
16
-19
-22
6
59
47
1
34
-8
-25
-23
-41
0
-35
9
9
-12
3
-52
10
68
40
-14
-66
-53
-44
-35
-17
-7
42
69
35
-41
-87
-22
-3
-63
-102
-36
7
-76
-11
10
-77
-22
0
23
34
-1
32
11
8
13
-15
19
80
116
42
-18
6
-47
-6
46
15
4
-51
-8
30
47
35
-41
-10
27
22
-15
-29
-20
18
94
47
51
45
45
59
-40
2
52
70
20
-62
10
-6
-68
-60
-40
-8
-28
-73
-53
6
-16
-54
-34
-34
-67
-14
15
-12
38
33
19
56
23
-43
-51
30
32
-30
5
-17
-60
0
32
-1
11
27
-49
-49
13
19
-10
-100
-91
5
-14
-75
-72
-76
-49
39
73
53
-39
-43
48
14
0
-4
-25
-36
-69
-45
-25
41
47
14
46
-16
-42
-32
-17
56
68
69
119
156
113
-10
-10
27
14
3
-73
-22
12
8
61
-10
-52
38
75
52
58
31
25
43
41
-3
-28
12
25
31
40
28
-13
-48
-30
5
-1
-50
-61
-55
-38
-14
-37
-18
67
60
0
-14
-19
-72
-118
-75
-79
-92
-59
-23
-37
-39
32
5
-35
1
10
-141
-197
-52
-34
-13
63
70
-22
-51
51
54
39
-1
-38
22
33
10
69
68
33
73
16
-22
13
33
108
75
-14
-58
-71
-58
7
102
64
3
-57
-44
43
-6
-52
4
-11
11
13
2
45
32
8
-7
44
14
-1
0
-15
45
17
16
-7
20
25
-98
-53
6
-2
-10
-30
8
42
75
106
73
64
101
58
28
101
86
8
66
32
-34
-30
-29
1
-122
-72
-3
-26
65
-18
-72
-54
-26
-37
-93
-65
-13
59
32
-13
0
30
63
29
5
-2
-3
-52
-98
-18
-19
-70
4
45
-42
-105
-56
-3
22
9
-12
25
-35
-94
-46
43
-7
-108
-56
-7
36
-10
-28
12
-16
-32
-30
16
10
-2
30
41
67
26
-87
-8
93
23
57
99
41
12
19
0
-9
-2
-40
-54
16
-49
-101
1
25
110
118
56
28
-3
-4
0
-59
-55
23
4
71
59
-44
-52
27
77
30
-5
-4
31
116
62
-22
8
-17
-48
-75
-7
-13
-75
-19
10
13
9
3
-105
-80
-2
-13
21
-46
-5
21
-61
-53
-65
-49
-18
-37
-35
23
26
46
57
57
125
29
15
33
-65
-53
-75
-20
11
-66
0
-11
-77
-77
-12
77
74
70
12
-14
37
-8
-18
3
-19
91
82
-33
8
-6
18
70
28
18
-10
13
34
-24
-4
-4
31
10
-33
-5
-10
10
-42
9
-5
-31
94
32
-16
46
26
-59
2
104
70
-32
-24
84
65
12
60
55
-18
-20
-88
-135
-30
31
19
20
16
32
51
84
104
-18
-20
26
-29
-19
19
26
-51
-12
29
-34
7
77
70
19
5
-31
-81
-35
-24
-38
-53
-106
-30
4
-36
-49
-9
76
7
43
53
-20
14
-3
45
28
-33
-74
-73
-34
-90
-16
33
-46
11
14
-2
0
-26
26
2
29
51
19
30
41
43
-60
-49
9
-1
58
74
21
-18
-56
-75
-59
-87
-70
-66
-101
39
82
45
-14
-90
8
-50
-58
30
15
15
-38
-3
4
-57
-54
-65
9
42
-14
9
29
-12
-30
19
18
2
29
0
-53
-47
11
71
63
65
86
46
36
86
113
96
26
-39
-22
44
34
0
-2
-81
-6
-22
-131
-39
-103
-65
32
-61
-74
6
28
-55
0
-26
-124
-19
-1
-11
58
121
58
36
82
77
47
-91
-39
70
8
47
71
-29
-42
-30
-4
56
18
-29
-46
13
28
-99
-66
54
74
12
-7
-21
-68
-22
-7
65
81
-45
39
56
-21
16
-64
-71
26
-13
-37
-2
-8
-55
-85
-70
-15
35
-14
-25
-22
-87
-82
45
107
22
-10
21
66
35
-18
33
68
16
14
54
-4
-5
28
42
32
-43
0
32
17
62
68
71
79
51
-13
37
18
-107
-85
-74
-53
-11
45
64
43
86
25
-44
-22
3
-37
-69
17
-15
-40
27
23
77
77
-18
-71
-41
-53
-36
6
-69
-11
72
23
-26
-26
-49
-119
-83
-38
3
-1
-61
34
93
-5
-13
29
-36
2
45
-15
-35
-23
4
-6
-5
4
5
2
-15
14
50
98
135
78
-5
-18
-55
-114
-37
-55
-84
-45
-92
0
-33
-103
27
50
17
28
-27
-85
22
44
11
144
140
76
79
8
-4
-24
-54
67
94
40
32
16
8
-4
57
7
-20
-11
-60
18
-10
-54
-50
-78
-12
-6
-69
-12
7
-69
-16
-24
-68
26
-8
-36
40
65
89
62
-5
38
52
-16
-42
-29
49
91
80
22
-5
-28
-63
-15
-47
-122
-99
-50
-54
-45
-46
-46
6
-1
-19
-8
-55
-36
16
-34
13
64
56
57
63
131
103
19
-17
11
10
-36
-49
-54
-15
-41
-18
56
-10
11
23
-124
-71
43
5
82
13
-90
69
-19
-84
74
11
-54
-20
-41
-4
29
-108
-46
74
-28
21
13
-88
-22
11
-44
-4
16
9
58
-4
-37
35
18
-5
37
-17
-29
79
26
10
54
-8
53
62
-75
-29
53
2
2
11
71
110
92
77
-74
-50
-20
-108
-31
-36
3
0
-20
94
35
-2
64
0
-13
17
-64
-44
-42
-7
58
-23
47
68
-25
25
38
-14
35
64
-26
-18
12
-4
-34
-75
-7
-12
-103
-28
14
-74
34
40
-43
4
14
72
-74
-164
6
35
-43
-55
-76
-62
8
-39
-24
100
10
-83
76
37
26
130
-50
23
114
-46
86
86
-30
132
77
-6
107
29
74
126
-86
-81
-90
-104
54
-95
-137
75
-46
-153
-18
10
68
40
-60
77
32
-74
-27
-100
-80
6
-10
-28
-9
-2
20
20
-9
38
-60
-58
71
-41
-81
21
-38
51
135
-70
76
107
-78
99
-28
-152
77
-61
-97
107
-7
117
145
-47
140
25
-108
81
50
-43
-7
13
37
93
-53
12
73
-159
34
53
-150
94
69
-56
97
11
24
16
-177
30
85
-102
18
22
-46
56
38
-42
0
4
-44
-58
-88
-20
-38
-104
5
-13
-62
26
63
24
-66
-56
12
-70
-66
45
85
28
7
0
-104
-63
-13
3
122
50
-4
10
-36
11
17
-16
-32
55
58
-21
1
-25
87
110
-93
-84
56
22
-43
1
0
35
-41
-150
28
-39
-61
99
-137
-19
222
-43
40
103
-124
69
-32
-210
174
23
-92
259
-3
-32
174
-163
12
196
-187
34
113
-202
79
-57
-185
220
-52
-144
174
-133
22
254
-241
105
283
-195
135
42
-216
279
-110
-282
225
-252
-48
354
-302
68
332
-335
61
106
-261
304
2
-242
355
-135
-111
392
-262
4
293
-305
144
167
-307
171
-93
-394
321
-58
-259
270
-291
-123
332
-252
90
289
-192
279
-54
-519
184
-108
-188
296
-254
-100
308
-242
-25
215
-230
132
44
-279
266
-33
-154
349
-74
-7
369
-105
123
223
-256
177
108
-261
214
55
-208
176
-112
-201
187
-200
-43
224
-340
-60
99
-281
184
66
-244
292
-70
-95
385
-241
-42
246
-259
184
172
-344
71
-67
-182
240
-197
-47
364
-285
-63
298
-296
58
231
-325
-13
-2
-107
242
-46
-33
265
-169
-138
160
-188
52
244
-200
153
285
-201
44
6
-260
155
-145
-166
325
-235
-20
217
-288
173
107
-272
196
-14
-185
158
-133
-73
195
-132
47
195
-153
67
39
-239
166
60
-281
121
91
-90
216
11
-79
165
-98
-10
111
-174
47
94
-76
180
-35
-101
270
-48
-129
127
-76
-58
74
6
189
136
-135
26
-32
-105
51
-126
-10
148
-121
-86
15
-25
71
-103
-140
60
-92
-42
175
-70
-62
117
-137
-22
35
-121
102
-48
-57
183
-89
-33
147
-92
-26
57
-67
117
-9
-102
146
-127
-75
233
-69
-85
150
-21
80
106
-74
113
-43
-128
40
-155
-97
36
-162
-22
97
-73
-13
-58
-88
76
18
49
171
-9
-20
141
-24
-51
55
-88
72
158
-109
4
37
-115
93
-11
-156
119
-25
-71
80
-90
48
149
-27
80
80
-6
80
-12
-74
-39
-23
0
-8
-115
-52
136
-86
-101
124
-17
-1
36
-142
-30
-11
-144
-6
-17
-47
90
-93
-182
0
-20
42
130
45
64
23
-53
30
-5
-101
52
53
-72
69
139
47
47
55
-29
-22
-29
64
139
-111
-18
127
-87
-10
54
-53
36
-60
-36
129
37
69
26
1
80
4
-39
-48
7
-11
-37
8
-9
96
52
-20
83
-36
-79
9
-41
13
14
-43
-5
-116
-28
95
-47
43
108
-72
-66
-12
-54
-87
-60
6
-36
-140
-82
13
-76
-29
31
-26
35
105
75
20
-40
-14
-8
-33
53
26
-38
-29
64
86
50
71
10
-21
-56
-30
-15
-187
-76
-21
-143
7
-74
-125
53
15
45
75
-27
139
190
-41
130
157
-98
61
86
21
179
6
42
297
-55
-50
151
-106
82
72
-206
85
-2
-153
153
28
-39
191
25
-13
115
-123
-34
80
-159
-7
-43
-226
25
-141
-196
125
-75
-14
198
-118
-30
98
-157
-4
-36
-129
132
-104
-167
145
-73
-33
156
-128
36
198
-31
160
105
-51
142
-84
-31
245
-127
-141
43
-207
-61
53
-204
-37
-77
-366
-162
-181
-187
-41
-228
-52
83
-219
15
203
-12
166
158
46
332
233
128
312
103
71
148
-34
102
80
-104
99
-12
-214
37
-89
-157
83
-138
-63
119
-132
-38
67
-104
57
94
-15
240
128
-55
127
7
-14
71
-141
-51
130
-84
-14
116
-33
126
109
6
110
6
-10
57
-11
83
146
-47
50
70
8
152
-62
-170
-21
-8
-95
-160
-86
-27
-106
-239
-175
-118
-160
-45
17
20
55
56
0
56
115
-37
-19
105
135
155
101
153
145
64
141
145
212
343
306
231
148
-6
-136
-204
-151
-165
-290
-233
-240
-368
-387
-399
-429
-427
-356
-238
-287
-252
-165
-247
-63
39
55
249
195
301
402
283
391
389
202
296
365
134
83
74
-11
-56
-194
-169
-120
-218
-244
-303
-272
-161
-269
-349
-143
-73
-142
-59
23
94
199
238
265
262
102
174
207
157
279
115
168
211
-59
14
31
-90
-76
-192
-242
-119
-132
-150
-66
-118
-60
19
-95
-34
45
-10
33
44
30
112
76
42
64
-50
12
139
68
152
186
41
54
10
-118
44
15
-117
-22
-114
-40
25
-146
21
6
-202
-45
-33
-11
77
-75
3
94
8
151
151
58
175
76
-26
76
-24
-48
78
-19
-35
-49
-149
-61
-79
-94
15
-89
-47
60
-118
-52
90
21
133
138
-79
22
131
34
168
148
109
215
21
80
253
102
99
190
82
99
133
2
140
164
45
70
-59
-27
21
-124
-94
-57
-163
-168
-217
-273
-95
-171
-287
-171
-185
-176
-171
-178
-25
23
-31
81
133
88
233
185
81
274
191
157
316
166
140
179
127
108
-22
-116
-64
-58
-140
-93
-46
-124
-106
-106
-122
-1
6
9
14
-23
72
125
112
196
197
100
234
226
74
138
3
-128
-48
-88
-96
-76
-151
-93
-116
-257
-221
-225
-247
-139
-51
-38
24
20
43
170
143
132
166
117
186
376
404
367
410
332
206
59
-115
-28
-60
-76
102
-50
-89
-16
-223
-307
-297
-590
-684
-535
-573
-438
-289
-397
-453
-577
-695
-529
-541
-540
-303
-260
-96
132
153
253
233
170
321
317
391
663
711
696
787
737
568
432
223
167
92
-78
46
-6
-113
-31
-213
-338
-488
-677
-577
-525
-540
-440
-314
-294
-218
-92
-170
-135
-18
-73
59
126
55
282
295
190
316
252
236
252
121
217
314
226
300
305
311
462
430
429
459
384
442
628
632
620
738
736
740
663
650
720
508
430
557
577
549
554
489
398
291
82
17
63
31
14
52
25
-133
-260
-300
-377
-432
-404
-368
-371
-260
-164
-205
-231
-318
-485
-544
-413
-182
90
286
389
442
372
273
197
207
339
517
633
808
1115
1133
992
671
-35
-587
-891
-900
-743
-744
-742
-1042
-1598
-2090
-2663
-3177
-3473
-3622
-3661
-3499
-3226
-2897
-2567
-2464
-2515
-2619
-2695
-2458
-1822
-914
31
698
1052
1245
1385
1373
1351
1496
1637
1829
2048
2388
2795
2911
2721
2120
1278
662
401
514
873
1058
1039
851
391
-60
-400
-491
-539
-775
-772
-568
-371
-63
60
-47
-237
-562
-681
-460
-75
424
823
869
683
518
480
703
980
1053
1379
1657
1684
1930
2047
1986
1921
1786
1689
1620
1680
2008
2162
2106
1984
1500
1185
1189
1224
1458
1532
1230
860
633
524
678
771
481
165
-247
-531
-440
-315
-247
-278
-623
-1013
-1179
-1119
-697
-475
-599
-781
-1117
-1047
-506
127
867
1253
1079
827
634
733
1246
1653
1750
1676
1675
1990
2480
2710
2276
833
-1376
-3063
-3578
-2980
-1764
-1346
-2127
-3695
-5706
-7425
-8230
-8237
-7965
-7840
-7887
-7571
-6673
-5535
-4743
-4934
-5855
-6677
-6715
-5192
-2301
472
2202
2672
2004
1237
958
1280
2214
2890
3122
3380
3678
4376
5129
4798
3369
1227
-755
-1411
-641
911
2350
2633
1681
257
-1200
-1762
-1357
-756
-221
-107
-32
667
1631
2339
2491
1746
690
292
772
2115
3853
4874
4821
3833
2480
1760
1679
2000
2471
2487
2166
2030
2101
2305
2113
1246
334
-395
-627
56
1232
2251
2633
2187
1242
549
493
926
1616
2267
2599
2681
2702
2699
2596
2164
1504
721
164
243
647
880
644
-5
-882
-1693
-1935
-1685
-1477
-1363
-1409
-1459
-1307
-1093
-605
-117
65
131
103
382
1119
1768
1963
1788
1344
1040
1457
2242
2964
3157
2507
1497
462
-101
-136
13
124
27
-50
-93
-190
-610
-1765
-3752
-6185
-7716
-7233
-5053
-2678
-1976
-3390
-6117
-9149
-11208
-11504
-10212
-8309
-6931
-6504
-6480
-6224
-5904
-5826
-6365
-7390
-7727
-6471
-3425
385
3194
3954
2535
77
-1589
-1643
-63
2468
4549
5521
5392
4785
4457
4191
3391
1844
49
-636
590
2973
5189
5831
4484
1710
-1196
-2702
-2217
-61
2435
3913
3762
2633
1557
962
838
765
683
950
1832
3262
4612
5180
4583
3042
1248
145
523
2128
4057
5250
5142
4040
2579
1660
1541
1603
1787
2210
2633
3116
3472
3447
3081
2330
1512
1136
1444
2352
3321
3693
3411
2735
1898
1280
1094
1044
965
880
662
534
441
58
-641
-1442
-2044
-2331
-2358
-2090
-1448
-907
-848
-1301
-1948
-1968
-1473
-963
-300
440
846
851
473
82
205
461
813
995
666
432
377
409
582
364
-365
-1289
-2083
-1976
-1142
-675
-720
-1238
-2028
-2465
-2445
-1958
-1511
-2156
-4461
-7228
-8280
-6599
-3355
-1457
-2601
-6054
-9983
-12820
-13240
-11050
-7778
-5355
-5267
-7168
-9095
-9555
-8524
-7337
-6822
-6628
-5943
-3747
-231
3061
4380
2765
-529
-2866
-2532
613
5121
8642
9721
8108
4643
1876
1467
2825
4317
4295
3205
2648
3410
4738
5127
4104
1946
-382
-1810
-1452
1124
4611
6844
6282
3390
420
-698
384
2519
4413
5516
5641
4899
4077
3793
3966
4093
3773
3253
3041
3502
4216
4585
4402
3409
2099
1255
1119
1853
2648
2670
2057
1187
756
682
882
1394
1826
1989
1502
827
887
1573
2135
2146
1960
1965
1894
1416
795
555
733
721
213
-166
76
449
66
-1166
-2219
-2435
-2260
-2171
-2112
-1702
-990
-864
-1547
-2192
-2122
-1495
-880
-594
-583
-452
-422
-648
-691
-472
-57
130
-193
-928
-1684
-1918
-1576
-813
-346
-892
-2090
-2855
-2700
-2103
-1968
-2579
-3189
-3354
-3130
-2488
-1362
-152
-314
-3422
-8099
-10426
-8148
-3142
383
5
-3530
-7912
-11300
-12547
-10819
-6955
-3660
-3392
-6203
-9342
-9922
-7790
-5164
-4063
-4804
-5667
-4599
-1539
2057
4091
3535
1026
-1485
-1652
882
5116
9005
10197
8013
3744
518
1008
4591
7878
8094
5575
3105
2530
3292
4224
4672
4335
3080
1254
252
1701
5120
7660
6769
2852
-878
-1584
808
4330
6676
6830
5243
2862
1088
1171
3033
4934
5264
3943
2328
2029
3121
4593
4999
3793
1974
896
1391
2976
4356
4661
3577
1651
163
-131
942
2617
3276
2326
567
-539
-108
1084
1860
1577
531
-422
-1075
-1325
-969
-115
550
194
-992
-2180
-2538
-2150
-1826
-2031
-2634
-2881
-2412
-1626
-1319
-1773
-2483
-3018
-3077
-2577
-1603
-338
728
749
-471
-1993
-2686
-2092
-870
-27
65
-163
-101
53
-314
-1381
-2728
-3759
-3947
-3086
-1631
-302
-62
-1125
-2604
-3751
-4291
-4061
-3020
-1668
-753
-541
-768
-696
-608
-2261
-5820
-8764
-8234
-3800
1186
2590
-226
-5193
-9844
-12487
-12211
-8741
-3713
-334
-1177
-5243
-9025
-9986
-7864
-4754
-2629
-1837
-1478
-417
1263
2634
2689
1363
141
306
2102
4813
7496
9451
9555
7111
3103
634
2136
6318
9397
9102
6735
4631
3586
2947
2578
3345
4889
5583
4349
2115
1332
2726
4378
4270
2489
891
797
1947
3444
4602
4986
4369
2960
1497
1183
2436
4298
5737
5679
3938
1846
894
1787
3590
4600
4258
3161
1975
1194
962
1221
2025
2661
1882
-99
-1644
-1795
-756
178
-61
-972
-1877
-2387
-2458
-2190
-1639
-1464
-2098
-2993
-3142
-2438
-1496
-1150
-1827
-2672
-3318
-3394
-2528
-1408
-640
-842
-1886
-2915
-3424
-3210
-2443
-1745
-1576
-1784
-2039
-1981
-1593
-1479
-1849
-2360
-2453
-1790
-1284
-1334
-1402
-1343
-1311
-1697
-2299
-2284
-1408
-737
-963
-1763
-2562
-2542
-1918
-1394
-966
-787
-1016
-1392
-1676
-1720
-1459
-1159
-820
-383
-203
-86
402
1190
1465
-245
-3648
-5627
-3851
748
4584
4653
1300
-3340
-7273
-9160
-7751
-3204
1754
3468
139
-5521
-9341
-9205
-5875
-2288
-375
-281
-961
-1155
-669
-49
237
224
544
1767
3797
5913
7520
8079
6924
4155
1484
1763
5577
10062
11458
8829
4993
2645
2198
2941
4265
5768
6533
5392
2403
-267
-377
1668
3344
2812
676
-1040
-907
766
2353
2780
1995
369
-1035
-1180
212
2382
4032
4049
2232
-53
-1109
-25
2520
4382
4131
2256
276
-668
-448
313
887
1119
722
-318
-1279
-1707
-1320
-816
-980
-1599
-2276
-2379
-2101
-1920
-1845
-2025
-2333
-2492
-2323
-1789
-1160
-952
-1337
-2032
-2604
-2699
-2411
-1734
-879
-541
-974
-1883
-2821
-3254
-2882
-2180
-1604
-1400
-1562
-1862
-2317
-2757
-2990
-2921
-2639
-2218
-1676
-1224
-937
-957
-1275
-1713
-1868
-1415
-627
-27
-185
-782
-951
-498
311
749
172
-905
-1305
-800
-104
390
824
1533
1784
660
-1051
-1723
-385
1810
3133
3275
3083
3314
2730
232
-2822
-3494
-139
4741
6913
4765
75
-4214
-6592
-6969
-5072
-1447
1895
2501
-1062
-6852
-10904
-10495
-6132
-1436
497
-280
-1645
-2318
-2369
-2300
-1638
702
3915
5907
5600
4352
4480
6298
7593
6703
4954
5070
7521
9534
8823
6148
3991
3421
3325
2896
2938
4165
5161
3885
162
-3526
-4169
-1763
1229
2294
933
-1407
-3524
-4896
-4883
-2960
15
2096
1826
-465
-2803
-3379
-1859
527
1948
1937
1283
795
890
1242
1514
1556
998
75
-383
157
1559
2557
2013
-11
-2281
-3084
-2230
-695
622
1071
497
-924
-2672
-3671
-3121
-1572
-472
-582
-1512
-2209
-2138
-1773
-1713
-1842
-1899
-1977
-2132
-2346
-2197
-1704
-1538
-2090
-3065
-3599
-3130
-2165
-1456
-1311
-1756
-2266
-2496
-2446
-1940
-1122
-276
344
301
-217
-457
48
976
1739
1928
1615
1308
1125
1098
1338
1672
1785
1453
663
108
473
1242
1577
1104
21
-534
-95
801
1564
1835
1888
1570
895
490
867
2245
3592
3950
3710
3576
3686
3012
911
-1308
-1550
864
4055
5312
3460
-532
-4561
-7236
-7640
-5246
-1374
1512
1143
-2998
-8239
-11146
-9920
-5602
-1314
749
227
-1574
-3328
-4196
-3593
-1343
1943
4182
4318
2963
1728
2140
3570
4591
4664
4272
4274
4856
4876
4016
3265
3045
3227
2931
2093
1790
2054
2105
1143
-775
-2015
-1425
104
844
-53
-1864
-3253
-3736
-3703
-2944
-1332
177
386
-1302
-3543
-4454
-3391
-1182
413
844
562
-129
-900
-1287
-972
129
1360
1827
1480
913
621
495
465
369
406
726
1045
1358
1363
1057
512
-307
-958
-1025
-317
879
1603
1217
-9
-1379
-2076
-1764
-758
326
843
524
-471
-1860
-3037
-3036
-2013
-844
-153
-501
-1330
-2123
-2759
-2868
-2390
-1057
589
1403
906
-625
-1900
-1920
-806
848
2221
2831
2712
1937
760
-32
311
1539
2658
2782
2217
1662
1461
1511
1270
1093
1253
1402
1487
1523
1622
1701
1444
960
465
424
802
1239
1837
2245
2182
1377
248
-273
57
961
1733
2142
2261
1656
-266
-2762
-4044
-2969
-224
1740
1550
-207
-2662
-5225
-7151
-7073
-4629
-1432
246
-1064
-4431
-7573
-8772
-7556
-4733
-1606
260
-42
-2111
-4412
-5351
-4359
-1631
1521
3480
3446
1690
-37
-191
1259
3211
4564
5126
4980
4077
2551
1564
2185
3757
4570
3884
2593
1734
1745
1830
1214
535
313
299
-4
-539
-863
-831
-1089
-2151
-3075
-3067
-2041
-770
-551
-1365
-2503
-3250
-3122
-2243
-1006
73
491
260
-306
-787
-451
772
2054
2640
2371
1858
1741
2094
2597
2859
2956
3032
2941
2603
2247
2234
2605
2877
2518
1733
1025
728
656
566
469
232
-231
-907
-1439
-1717
-1778
-1789
-1928
-2109
-2415
-2665
-2686
-2490
-2184
-2223
-2513
-2535
-2094
-1229
-445
-104
-214
-639
-918
-843
-299
617
1380
1656
1480
1236
1040
971
1101
1251
1404
1464
1559
1798
1770
1529
1135
638
400
621
1183
1469
1219
785
308
29
57
-65
-199
-189
-64
29
-159
-444
-661
-700
-898
-1351
-1604
-1466
-882
-488
-894
-1685
-2253
-2331
-1993
-1621
-1383
-1225
-1327
-1688
-2225
-2569
-2041
-1080
-636
-946
-1910
-2812
-2804
-1921
-926
-462
-571
-1064
-1542
-1853
-1901
-1222
38
1022
1219
617
-142
9
894
1488
1725
1933
2159
2259
1961
1478
1298
1581
1864
1823
1557
1383
1521
1375
787
151
-222
-123
83
251
324
142
-296
-956
-1344
-1118
-374
497
888
685
63
-416
-246
422
1386
2138
2260
1818
1088
530
657
1468
2461
2940
2380
1374
655
578
955
1172
1302
1359
1278
979
497
313
451
625
397
-257
-698
-541
85
289
-334
-1213
-1979
-2281
-2092
-1685
-1187
-801
-802
-1404
-2395
-3104
-3019
-2185
-1084
-404
-371
-732
-1174
-1421
-1425
-1209
-827
-144
592
838
540
-1
-289
-191
47
260
508
994
1437
1392
856
189
69
466
876
984
749
624
631
579
436
302
408
630
569
251
-60
-189
-71
81
-60
-419
-677
-729
-490
-298
-355
-561
-757
-699
-632
-739
-801
-747
-551
-459
-599
-837
-1180
-1203
-945
-760
-580
-518
-522
-715
-1264
-1724
-1738
-1066
-167
114
-109
-491
-622
-321
12
209
483
839
970
857
624
609
1015
1343
1384
1301
1266
1332
1187
942
795
829
1051
1250
1240
965
739
512
285
309
444
496
603
765
710
343
-225
-465
-198
143
309
294
330
432
143
-362
-506
-193
437
815
621
357
355
446
375
106
49
394
746
913
933
829
592
218
-134
-219
9
407
654
607
245
-353
-719
-791
-618
-493
-649
-846
-922
-836
-917
-1258
-1507
-1634
-1635
-1439
-1218
-1091
-919
-867
-1096
-1389
-1587
-1308
-698
-210
46
-12
-240
-320
-113
162
361
655
936
979
699
384
442
712
1047
1110
922
813
594
418
291
224
612
999
988
652
166
-130
-307
-289
52
357
414
262
-137
-559
-807
-830
-723
-597
-586
-770
-889
-846
-610
-646
-884
-846
-673
-402
-309
-368
-310
-36
197
56
-189
-158
177
476
447
267
252
352
339
243
307
584
825
738
344
-49
-183
20
320
597
713
428
-105
-505
-526
-332
-82
178
274
105
-323
-689
-508
8
464
659
528
407
413
542
671
890
1164
1218
1149
903
817
959
1067
1062
854
582
288
274
483
616
560
198
-134
-416
-490
-258
-54
198
319
82
-310
-743
-853
-567
-309
-238
-389
-393
-297
-436
-659
-865
-808
-609
-550
-489
-282
-89
-84
-320
-871
-1289
-1269
-960
-437
-97
-51
-282
-902
-1475
-1668
-1330
-654
-97
-38
-468
-904
-1238
-1344
-1052
-509
101
347
98
-180
-339
-342
-290
-134
197
502
789
765
497
302
224
379
696
889
956
946
806
756
688
647
814
1014
1104
973
654
419
438
615
670
466
329
336
270
107
-93
-241
-260
-179
-267
-468
-449
-236
-28
-107
-451
-709
-743
-635
-448
-276
-60
167
-6
-427
-647
-618
-223
311
511
515
282
-101
-227
-177
95
540
742
708
538
226
13
-70
-61
141
278
240
159
-55
-297
-447
-404
-254
-118
18
-62
-269
-483
-527
-371
-215
39
189
161
50
-80
31
172
228
321
393
502
678
656
466
418
448
531
460
379
495
586
610
364
-36
-332
-504
-535
-529
-549
-446
-388
-619
-929
-1120
-1012
-820
-639
-432
-446
-500
-552
-636
-658
-568
-351
-193
-213
-273
-343
-375
-291
-296
-395
-485
-397
-174
8
28
-121
-225
-251
-162
-103
-23
75
77
96
121
87
2
95
270
150
20
82
157
355
468
407
315
284
321
368
430
371
405
489
518
502
445
460
389
272
164
111
259
574
882
854
357
-106
-165
-3
231
437
554
414
155
-97
-367
-456
-343
-122
13
-18
-79
-149
-132
-54
-109
-168
-204
-105
94
218
264
160
134
101
-15
-12
48
158
325
401
260
-2
-107
0
77
-31
-76
-10
-2
-75
-231
-281
-195
-159
-269
-331
-283
-272
-326
-308
-257
-375
-353
-298
-298
-177
-162
-176
-240
-224
-63
-102
-186
-141
26
206
133
-56
-9
109
106
109
110
234
345
154
-69
-22
168
304
333
195
48
2
-75
-224
-278
-183
-117
-84
-119
-225
-304
-466
-587
-664
-626
-419
-258
-133
-222
-453
-544
-474
-368
-243
-158
-167
-32
90
114
150
169
155
207
252
242
497
769
829
599
248
182
268
458
666
707
525
261
79
-40
-73
177
539
553
346
5
-258
-215
-103
61
243
390
352
113
-122
-214
-66
265
605
575
294
159
87
99
149
256
370
376
310
160
91
127
117
6
-173
-304
-229
-46
-53
-137
-188
-334
-386
-411
-403
-208
-157
-162
-184
-306
-259
-181
-224
-204
-203
-306
-412
-384
-208
-155
-160
-102
-160
-264
-305
-295
-93
165
239
148
32
23
52
173
220
306
455
312
118
-96
-123
104
254
294
63
-200
-320
-279
-54
105
197
163
-78
-257
-254
-96
173
246
163
14
-146
-204
-298
-239
-120
-114
-230
-411
-478
-464
-376
-323
-214
-72
-54
-146
-368
-372
-290
-139
141
164
119
18
-59
-67
-78
93
214
322
337
194
160
112
152
224
256
219
213
366
379
333
245
133
139
199
207
194
255
220
195
177
4
-15
58
78
186
195
113
124
102
-11
-144
-121
106
291
311
121
12
0
-96
-17
70
165
318
270
128
32
26
19
16
47
-84
-71
52
45
-31
-130
-77
-82
-202
-221
-172
-161
-77
19
67
40
-141
-179
-122
-59
-31
-106
-13
73
19
-117
-211
-156
-40
171
169
13
-51
-170
-184
-248
-336
-210
-106
-54
-172
-306
-305
-274
-156
-156
-128
-40
81
145
-41
-97
-106
0
224
298
304
116
32
72
45
145
149
111
116
-3
-131
-186
-122
-38
-87
-154
-243
-135
103
58
-78
-156
-70
35
45
87
57
20
-105
-210
-192
-185
-38
-16
-18
32
-135
-223
-186
-134
-40
44
136
175
104
-36
-108
-99
-58
102
211
284
232
54
67
41
74
244
395
359
201
188
162
171
197
135
63
105
125
21
80
196
167
44
-89
-55
77
241
359
315
171
54
88
95
130
206
238
324
269
265
292
130
53
32
20
68
39
0
11
-113
-265
-298
-184
16
-6
-139
-312
-463
-463
-414
-292
-185
-163
-251
-427
-603
-609
-367
-142
-43
17
-61
-265
-428
-368
-176
-29
29
-26
-80
-133
-180
-109
90
182
190
91
-91
5
124
141
107
27
-79
-148
15
99
89
101
48
-66
-178
-194
-98
35
164
90
-95
-74
-103
-43
96
141
148
61
28
76
117
126
130
177
211
118
19
-43
-19
117
160
76
-69
-144
-53
65
0
-82
-92
-123
-124
-140
-126
-51
64
101
79
85
44
22
48
107
218
286
217
119
94
71
28
50
85
131
168
105
28
33
27
54
62
52
103
103
121
71
95
139
-27
-160
-139
-86
-52
0
-55
-70
14
-47
-135
-145
-33
82
115
204
161
35
-31
-39
66
144
166
166
71
21
3
-63
-72
-82
-2
100
32
13
29
-64
-27
-5
-53
0
-26
-40
32
45
62
13
-148
-181
-195
-265
-277
-194
-78
-169
-316
-422
-501
-408
-394
-375
-198
-91
-39
-38
-69
-143
-191
-203
-178
-61
-18
105
208
173
249
231
196
194
79
53
20
-16
-1
6
76
97
135
96
9
1
-107
-85
25
47
48
0
-6
23
38
11
33
68
-21
-104
-169
-149
-83
-50
-36
-90
-53
58
117
71
-12
-33
-31
-25
-55
33
187
228
278
197
50
3
-66
-71
41
210
314
278
234
229
193
125
156
142
105
210
235
130
93
124
99
164
263
191
51
-60
-132
-161
-113
-44
1
31
6
-18
-26
-8
27
-32
-73
-109
-103
-50
-33
24
-6
14
84
20
-95
-191
-157
-26
1
-24
-53
-145
-137
-60
-22
46
31
-75
-166
-281
-316
-233
-107
31
116
55
-97
-184
-128
-97
-85
-28
-67
-58
-68
-66
-19
-61
-24
20
14
-65
-162
-87
-43
-13
3
-52
-90
-160
-150
-76
-28
62
68
-93
-122
-101
-61
51
81
106
22
-144
-145
-57
-33
43
128
150
132
106
49
-8
111
174
157
168
154
227
255
234
211
109
92
261
265
190
269
164
134
213
101
-7
6
-32
-125
-128
-126
-115
-51
1
-22
-58
-53
-86
-205
-302
-377
-385
-213
-107
-98
-84
-84
-107
-110
-31
39
67
26
-2
-24
-61
16
115
168
267
260
138
154
103
57
208
201
162
278
235
131
99
75
62
13
0
32
74
89
88
1
-36
0
-63
-100
-101
-86
-84
-136
-173
-201
-150
-72
-80
-60
-131
-149
-128
-137
-97
-126
8
88
72
94
2
17
89
115
157
97
-10
-19
0
-30
5
71
3
-79
66
167
55
54
19
-38
-70
-120
-74
31
164
135
38
47
91
1
-85
-47
-50
-28
19
5
33
104
69
-66
-127
-79
-3
-36
-90
-72
-95
-66
-19
10
-2
-23
-69
-134
-142
-195
-173
-96
-15
-24
-55
-10
3
13
-23
-2
-57
-154
-131
-177
-151
-84
-47
18
-17
34
64
-95
-139
-133
-102
51
87
111
134
107
130
-23
-121
-108
-75
9
-15
-29
-46
33
124
75
40
-12
87
131
47
54
9
72
84
148
179
72
78
-14
-39
-55
-61
76
63
50
81
-26
23
84
51
7
-20
30
1
-57
-9
49
103
230
208
131
61
9
59
45
60
105
194
170
45
-2
-36
51
50
11
46
-3
0
-33
-79
0
24
-87
-124
-60
-162
-242
-171
-87
-31
-12
-50
-99
-103
-112
-58
10
-8
-34
27
13
-17
-28
-47
57
119
92
38
50
15
-52
75
165
108
22
-41
-59
-75
-58
-23
-16
-14
-46
-20
-3
-5
-35
-71
11
6
-101
-114
-27
-26
51
94
21
-25
-113
-21
-66
-97
27
8
22
-110
-162
-49
-59
11
57
6
-34
-143
-129
-2
5
-18
-33
-189
-258
-172
-141
-42
-113
-129
-9
-145
-115
20
46
72
-10
-26
12
90
188
212
165
83
40
-26
-71
-17
70
96
89
97
46
14
13
-5
37
57
120
142
32
13
42
36
30
-54
-81
29
109
85
-32
-62
99
93
-16
92
112
171
136
-62
32
-30
-129
-10
-57
-75
18
18
-8
0
40
90
20
5
47
50
23
-10
73
57
20
15
-9
16
-19
-2
15
12
30
-80
-78
31
-26
-60
-92
-191
-102
-48
-50
43
4
65
148
58
56
-22
-8
94
28
61
49
64
116
35
79
23
-54
25
40
122
137
-9
13
14
-78
-14
-26
-34
2
-39
-63
-125
-148
-174
-154
-60
-52
-29
-76
-81
27
-27
-35
-19
-62
1
-29
-116
-69
-35
-105
-77
40
-8
-45
-71
-140
-25
-39
-38
19
-63
-41
6
3
19
-19
-63
-27
-48
-42
35
73
34
3
-30
-49
-33
-25
-25
-84
-52
14
42
61
70
102
98
86
90
3
-33
12
55
166
104
27
59
-8
-4
66
34
-50
17
42
-18
87
112
97
98
86
77
-68
-87
-31
-54
3
-15
45
62
-33
-9
-42
78
53
-46
12
-106
-74
-18
-15
90
147
140
62
81
30
-25
62
15
80
188
93
15
11
-7
8
-38
-68
19
-55
-109
-78
-77
-37
-47
-55
-26
-121
-135
-1
-15
37
20
-59
-35
-143
-102
-41
-76
-11
-41
-69
-58
-73
-46
-43
0
30
-11
9
26
-46
-55
-29
54
175
166
155
28
-61
-24
-37
5
-10
13
0
-59
21
-35
-8
61
-85
-16
18
-27
56
-33
-6
58
-29
31
-25
-42
110
-32
5
175
15
24
13
-71
23
-81
-43
26
-143
4
35
-20
97
23
37
83
78
163
133
44
113
125
86
60
-14
23
-17
51
82
-70
-22
11
-19
-40
-60
-25
51
14
-19
27
-29
52
76
-74
-47
-67
-59
-83
-179
-106
-156
-113
-53
-65
-12
-45
-36
-32
26
167
110
79
113
59
100
102
62
45
91
101
1
-72
-145
-130
-114
-55
26
-25
-51
-67
-6
26
75
93
7
56
83
133
104
79
75
-27
11
-69
-140
-42
-96
-138
-117
-162
-145
-114
-94
-155
-108
35
-77
-69
13
47
83
16
46
74
69
-41
-62
58
-29
-5
13
-34
-35
-69
-49
-81
-88
-67
-89
-7
104
41
39
164
147
109
64
23
101
82
22
42
-20
30
22
-56
76
44
-46
-83
-118
-103
-54
24
48
124
154
131
96
111
48
-14
134
88
65
69
-69
-46
-18
-14
10
-23
-15
-23
-97
-45
34
-2
51
52
80
161
77
105
100
73
94
14
-47
-62
-30
-7
-104
-172
-85
-82
-130
-79
-68
-46
-7
13
82
38
8
44
2
17
-2
-22
15
-13
-13
-42
-68
-86
-103
-102
-166
-133
-108
-139
-120
-61
82
100
128
195
177
180
153
136
127
64
27
70
47
55
17
-89
-14
-76
-94
-70
-154
-15
-94
-164
3
-78
-36
43
-1
102
86
72
108
78
167
125
23
41
-67
-119
-88
-153
-85
-121
-141
-37
-109
-26
41
-60
-13
58
111
179
94
60
192
174
59
-6
-34
-41
-67
-65
-75
-29
-31
-201
-176
-60
-121
-113
-105
-76
-36
-141
-25
77
49
108
96
110
64
9
39
36
27
-34
10
-2
-62
-24
-13
-69
-168
-31
7
-96
4
45
63
112
56
115
183
116
148
56
55
90
-63
-9
-58
-158
-18
-46
-113
-39
-31
5
-11
-16
62
55
88
101
56
67
98
109
96
105
98
3
-45
24
-29
-172
-157
-174
-140
-72
-77
-32
-82
11
41
-34
77
28
118
197
31
41
70
-8
-72
-39
16
25
-7
-14
-60
-119
-82
-90
-73
-9
25
34
37
19
2
67
136
155
94
56
128
78
-50
-46
-25
-42
-63
-134
-110
-111
-197
-165
-168
-171
-44
-73
-88
1
24
91
96
74
161
114
48
77
53
48
-23
-64
-24
-110
-193
-187
-179
-192
-157
-99
-126
-74
50
76
88
156
179
148
110
62
143
113
31
106
99
102
-8
-65
-53
-170
-114
-115
-112
-103
-178
-87
-20
-5
138
121
58
65
37
80
63
97
115
66
110
47
34
81
-71
-123
-100
-85
-58
-174
-126
-62
-19
68
48
46
75
168
187
164
136
60
111
42
-49
25
28
-4
-110
-129
13
-27
-84
-100
-37
29
-10
24
10
44
134
123
137
192
154
123
84
-30
-4
2
-50
-93
-100
-64
-127
-123
-130
-150
-160
-121
-59
-116
-21
73
44
41
40
126
214
52
4
84
90
27
-107
-104
-113
-129
-124
-165
-38
-65
-135
-37
-103
-30
50
40
178
150
141
223
157
98
81
23
12
-49
-131
-150
-167
-117
-99
-133
-130
-112
-112
-72
-65
-97
-21
63
173
198
133
151
136
50
78
142
90
35
-8
-30
20
-56
-126
-128
-116
-118
-114
-3
-12
-19
35
83
129
102
114
99
85
70
74
83
26
-23
-128
-148
-81
-90
-54
-77
-84
-72
-83
-24
-29
-3
-47
-72
50
-10
79
105
26
119
92
149
98
-18
-9
-74
-50
-114
-145
-19
-91
-160
-59
-66
-82
-55
-11
63
27
55
115
65
160
191
49
143
129
-66
58
83
-47
-84
-87
-62
-86
-72
-76
-86
78
107
-5
20
47
75
85
42
130
125
97
78
-33
26
66
-35
-48
-86
-107
-137
-187
-135
-81
-44
-39
-74
-34
8
-17
48
100
71
100
121
104
3
68
130
59
73
0
-33
-1
-23
11
-70
-98
37
-44
-104
-17
-10
15
33
50
70
-2
-2
68
46
36
-14
-7
12
-52
-38
16
-14
-44
29
9
-18
-10
-79
-31
20
8
-34
-63
-27
6
8
17
56
47
-1
-9
-47
-49
-56
-12
48
-7
21
-14
-41
29
-36
-49
-36
-46
-50
1
11
-41
33
97
-34
-91
15
-74
-109
-117
-119
19
6
43
16
1
125
111
87
95
70
41
33
15
47
59
-34
-6
-51
-111
-70
-153
-184
-144
-82
-2
-126
-117
22
14
53
100
99
134
149
157
104
28
64
83
39
18
-11
-51
-46
-45
-58
-38
-90
-118
-66
-14
20
44
61
42
61
138
76
98
154
48
123
76
16
99
-41
-47
-63
-145
-121
-159
-129
-110
-234
-141
13
-91
-55
38
-5
82
116
88
213
162
158
183
68
209
127
-36
3
-103
-107
-83
-150
-123
-189
-195
-115
-112
-37
7
-23
-33
30
81
101
100
26
81
159
124
90
73
30
53
-100
-133
18
-166
-140
-92
-210
-73
-24
-93
-40
62
55
61
90
74
101
55
38
112
39
52
15
-80
3
-20
-14
36
7
-31
-31
-34
-107
-85
-31
-86
-97
68
116
42
73
64
121
90
-20
60
-11
19
52
39
103
8
66
28
-54
20
-4
0
-82
-109
-8
-35
-48
11
-44
-37
0
-74
-15
-42
-84
-6
-72
-59
-31
-59
61
41
-52
98
217
161
143
112
35
4
-70
-6
-6
-97
-104
-140
-31
6
-75
-91
-114
-77
-23
-14
2
46
45
108
127
157
228
92
62
101
-6
-19
0
-40
-69
-93
-168
-154
-96
-128
-133
-128
-162
-97
7
42
139
149
121
238
216
173
202
112
31
81
18
-40
20
-10
-36
-66
-143
-111
-97
-183
-232
-210
-187
-142
6
-15
9
141
49
136
299
144
100
153
21
95
66
-71
33
-50
-119
-120
-187
-148
-120
-149
-180
-64
-54
-82
39
39
37
80
124
167
149
199
163
45
91
123
-16
-35
-39
-26
-24
-184
-129
-121
-175
-95
-144
-133
-18
-70
-48
93
64
115
110
45
171
122
82
123
23
56
100
23
-27
-12
3
-103
-118
-54
-104
-60
-41
-109
-63
-38
-17
39
-16
-46
-8
14
110
114
51
77
87
77
68
82
100
30
-65
-16
24
-36
-54
-88
-103
-68
-71
-24
-28
-57
-1
-32
6
93
68
85
40
59
135
42
85
96
5
18
-26
-27
14
-33
-124
-87
-58
-86
-75
-87
-36
-107
-98
-4
-105
-17
24
56
153
58
77
144
146
107
90
109
81
50
0
10
-67
-149
-85
-76
-112
-90
-43
-152
-157
-18
-31
3
-18
-41
101
92
14
117
165
93
38
54
82
-8
-39
38
29
-41
-66
-12
35
-76
-118
-74
-68
-13
-110
-99
1
-44
14
45
47
105
4
10
77
20
43
26
9
-7
11
4
-39
7
-28
-30
5
-17
-102
-124
-56
-13
-25
-85
38
72
-60
44
64
56
121
60
53
106
117
62
79
37
0
77
-8
-67
-64
-110
-76
-98
-71
-33
-103
-61
-52
-19
-28
-109
-17
38
62
87
75
95
145
231
159
6
36
47
-28
-35
-40
-60
-62
-90
-71
-20
-31
-83
-48
-33
-45
3
-21
-32
-14
30
110
83
21
117
165
46
37
102
90
56
0
-92
-79
-88
-94
-98
-148
-111
-116
-86
-66
-19
25
23
28
39
155
126
97
105
39
126
133
11
-10
0
18
-102
-145
1
-70
-130
-81
-57
-39
-48
-38
-44
-59
-36
37
18
27
66
105
188
121
111
136
57
67
20
-16
5
-81
-90
-43
-72
-32
-42
-92
-24
-76
-103
36
-33
-52
32
62
103
93
69
41
132
106
10
57
26
8
1
-84
-73
-76
-69
-59
-178
-139
-49
-44
-21
0
27
44
47
45
112
182
91
53
78
79
78
-51
-77
0
-41
-56
-83
-116
-56
-58
-11
-4
-83
-45
17
3
-10
13
-17
55
143
115
82
23
17
36
19
-17
-25
-41
-99
-76
-68
-44
25
-10
-44
-5
24
65
18
17
25
-8
8
0
2
32
59
0
-25
25
60
30
-57
-21
-29
-36
25
-43
-78
-36
-18
-30
12
26
55
99
-19
-11
47
46
64
-23
-61
-23
-69
-72
-20
0
0
-61
-4
85
54
18
19
22
-4
32
-9
-22
-14
-54
-26
-12
-24
-21
-18
-38
-44
12
65
-35
-45
94
50
4
31
26
21
47
-7
-42
-16
-87
-32
5
-9
-29
-21
-32
-36
43
6
23
-50
-41
105
-9
47
80
11
154
99
11
20
41
-18
-60
-54
-108
-55
-21
-107
-104
-19
-35
-57
-15
63
37
17
28
22
93
51
63
54
-35
28
12
-15
3
-16
-53
-102
-113
-52
-27
-85
-63
-56
5
23
42
113
60
54
88
100
68
47
14
-65
-27
14
-13
-68
-106
-31
-61
-109
-17
-62
-54
-41
-79
23
9
-9
35
62
121
92
22
75
90
69
62
-76
-17
27
-99
-54
-25
-44
-99
-123
-12
-32
-72
-22
-59
13
53
-7
29
30
75
48
27
114
38
39
90
-7
-8
-37
-33
71
-84
-153
-68
-77
-29
-44
-51
12
-35
-50
21
8
11
57
4
53
128
93
75
32
39
37
-5
-15
-61
-93
-84
-85
-84
-85
-40
-20
-86
-32
30
-13
0
31
2
0
69
59
14
51
41
34
73
27
-1
44
25
-43
-32
0
-32
-75
-63
-45
-66
-38
-56
-84
12
21
-38
44
55
-32
113
87
-49
48
79
28
-6
14
24
-26
-39
52
16
-116
-62
-30
-18
-15
-68
-28
-111
-89
40
-16
-7
22
37
47
28
87
111
47
25
21
59
48
-6
19
-29
1
8
-28
6
-117
-160
-88
-20
-98
-105
55
-24
-38
9
62
160
35
62
124
32
93
88
20
3
-2
8
-113
-136
-96
-91
-37
-84
-74
-3
14
19
27
-31
-7
80
-16
-13
38
29
77
76
26
34
89
40
-6
-10
0
5
-42
-38
-86
-98
-70
-82
-10
-25
-74
-26
19
24
34
58
56
37
16
71
50
-49
48
83
-14
-4
21
-23
-45
-34
-80
-13
-5
-101
-9
-5
9
13
-55
-4
8
0
12
28
-20
43
51
-11
77
35
12
55
-30
-41
-21
-39
-37
-37
-13
35
-10
-69
-21
15
-9
-58
-35
12
10
-6
19
-10
5
128
50
39
56
-37
9
39
12
-30
-30
-54
-16
-28
-112
18
-16
-102
-18
-26
-45
-48
-49
-10
-14
-4
-2
28
84
55
101
110
67
67
69
59
20
41
6
-55
-34
-72
-147
-101
-77
-104
-101
-53
-8
-27
7
58
64
49
84
104
33
32
36
35
67
53
23
-39
-62
-68
-68
-23
-106
-121
-32
-75
-61
16
32
-1
-60
45
93
6
57
76
65
93
69
95
116
30
-3
11
-91
-93
0
-114
-166
-87
-41
-15
-66
-76
-18
-54
-43
-8
2
54
16
36
95
132
199
141
59
101
93
14
-34
-66
-53
-32
-90
-163
-90
-59
-84
-21
-74
-114
14
12
-29
63
24
4
106
140
74
3
127
153
-33
0
43
-51
-42
-56
-63
-38
-61
-104
-68
-11
-110
-60
-19
-17
63
61
86
65
86
126
137
139
34
-78
-60
51
41
-42
1
-55
-111
-52
-27
-79
-143
-87
-141
-82
16
-31
1
-38
27
141
83
87
139
121
85
104
142
105
-4
-16
-33
-80
-71
-56
-44
-96
-64
-61
-92
-81
-27
6
-75
-55
5
61
165
111
50
110
51
45
82
-30
-48
-7
-54
-40
-84
-37
16
-78
-43
-37
-1
27
-12
24
33
29
19
61
75
-12
-13
40
-21
19
64
3
73
43
-57
22
83
-41
-100
-62
-55
-93
-125
7
-19
-71
20
9
38
88
50
-55
23
67
-19
51
61
62
68
31
44
34
15
-3
1
17
-22
-12
-2
-32
-15
-21
-72
-115
-103
-78
-57
-50
-16
36
13
85
143
89
59
10
36
59
69
23
-35
29
-5
-8
31
-35
-63
-57
-75
-36
-9
-52
-16
11
-47
-18
55
61
48
41
11
72
101
-1
42
57
6
1
-60
-34
-7
-58
-85
-66
-64
-36
0
-64
-1
26
-35
15
77
87
-20
-10
65
88
80
37
78
39
6
34
-42
-6
-54
-126
-46
-49
-20
-4
0
-29
-22
64
19
-54
-32
41
52
10
-1
-4
74
86
-22
-3
3
39
85
-10
-37
-6
22
28
-94
-84
-13
-98
-22
-14
-5
61
27
43
31
56
5
-41
-39
-17
35
-38
-25
44
26
4
18
7
-27
19
26
-12
-23
-17
66
40
-16
-5
14
35
-40
-23
10
-14
9
-39
7
31
-78
-13
9
-47
1
-46
-38
23
-12
4
16
44
31
49
119
70
40
89
87
0
-32
-48
-97
-85
-81
-152
-135
-33
-28
-10
-6
43
143
100
63
53
61
72
16
-4
-9
47
47
-53
-71
-33
21
-11
-100
-133
-99
-58
-48
-37
-69
-14
63
14
76
161
103
70
82
173
187
69
26
2
-16
-39
-110
-185
-161
-136
-177
-120
-72
-46
-3
-14
-5
24
43
69
97
68
73
92
93
137
75
38
68
11
-35
-21
-18
-70
-77
-96
-85
-70
-98
-66
-61
-49
-2
23
58
68
48
89
67
16
37
58
67
25
-7
-18
24
16
-34
-74
-92
-53
-99
-91
-73
-50
-29
-79
-13
42
69
55
6
68
103
121
98
58
106
68
35
68
4
-42
-11
-83
-145
-112
-106
-175
-132
-62
-125
-55
0
-3
18
50
80
76
70
58
130
115
69
114
82
23
37
19
-1
-51
-67
-52
-62
-28
-102
-112
-109
-142
-51
-48
-79
-35
-14
64
147
118
83
118
138
73
59
37
-18
1
-38
-28
-4
-141
-100
-23
-71
-56
-80
-27
-6
-13
61
-13
-27
60
31
24
42
-14
32
86
54
22
17
28
10
-3
-34
11
-32
-26
24
-57
20
20
-63
-25
17
-43
-36
-21
-87
-21
11
-46
4
51
-11
25
57
26
71
28
26
74
-19
-7
72
21
-36
-29
13
-13
-70
-85
-105
-77
-33
-34
-55
-33
90
82
19
106
107
86
100
60
54
30
-2
4
-30
-78
-26
-52
-148
-116
-79
-56
-21
-105
-100
-11
-1
23
54
104
30
72
189
153
117
61
79
32
10
19
-72
-107
-94
-33
-67
-92
-97
-92
-37
-82
-77
-49
-28
42
58
31
30
119
186
120
101
103
81
60
12
8
12
-41
-95
-61
-87
-162
-129
-106
-118
-173
-139
-43
-51
47
43
30
169
162
176
187
122
118
123
101
79
31
9
45
20
-112
-122
-43
-120
-177
-188
-173
-146
-137
-82
-58
-20
-20
15
74
68
125
114
105
79
100
197
105
29
26
43
74
16
-40
-47
-4
-6
-70
-71
-81
-79
-46
-90
-120
-63
-7
-23
-25
45
54
-2
13
76
85
95
34
5
97
24
-23
12
10
-63
-90
-25
-74
-30
-33
-27
28
-16
5
62
18
-37
19
3
34
60
30
29
24
57
31
47
10
-8
21
-38
-66
-45
9
-38
-56
-30
-50
-26
-62
-48
-13
-20
-35
-23
33
34
27
92
100
45
75
97
67
8
37
4
-53
-13
-48
-64
-59
-71
-124
-37
14
-107
-80
-23
29
51
21
82
106
118
123
111
100
32
46
67
-22
-70
-85
-74
-64
-152
-180
-82
-109
-156
-119
-125
-56
1
81
116
70
113
210
282
203
124
107
124
126
35
-12
-58
-105
-144
-87
-76
-202
-204
-159
-147
-149
-103
-41
-53
-9
67
45
96
150
129
124
74
123
117
41
119
99
46
49
34
40
-17
-56
-138
-169
-132
-198
-184
-146
-145
-115
-46
33
86
127
67
74
144
137
136
77
44
69
60
86
39
18
45
-17
-25
-90
-112
-112
-152
-148
-161
-126
-70
-62
-97
-56
74
71
35
67
86
161
120
128
170
81
136
132
19
2
0
-27
-81
-75
-76
-158
-187
-130
-129
-180
-137
-94
-57
-33
-2
63
102
163
144
125
166
177
163
99
91
66
25
20
-83
-95
-134
-177
-148
-203
-121
-133
-171
-53
-96
-48
62
-10
32
105
109
160
183
185
181
201
145
81
52
-20
-25
-87
-130
-158
-187
-137
-167
-145
-152
-167
-110
-63
-42
-19
48
11
115
210
173
246
179
130
161
108
113
60
-53
-128
-92
-39
-128
-174
-169
-111
-71
-127
-131
-99
-24
-3
-48
-13
85
134
92
91
98
138
188
134
94
13
10
78
-26
-71
-39
-79
-111
-90
-114
-88
-61
-55
-48
-104
10
23
0
46
-10
97
116
13
98
64
5
44
-7
31
24
-18
-37
-19
49
12
6
47
5
-7
-33
-44
39
-33
-74
-53
-47
-58
-19
50
-61
-9
68
45
81
-9
23
73
29
69
7
-8
36
16
-14
-1
-9
-53
-54
-20
-45
-111
-2
42
-28
4
13
65
54
-34
32
33
52
116
23
55
53
37
81
-21
-17
-71
-126
-98
-111
-56
-49
-62
-35
-14
-6
19
48
9
-18
22
84
117
118
91
96
64
60
94
15
-74
-115
-94
-102
-86
-72
-79
-76
-74
-12
-4
0
18
0
24
52
50
64
94
68
87
108
20
39
49
-19
-31
-47
-67
-62
-72
-81
-86
-111
-72
-77
-59
-23
-62
-25
25
63
67
90
133
89
134
127
47
80
49
19
15
-34
-66
-112
-84
-84
-98
-68
-135
-105
-93
-70
30
-15
-5
60
89
128
86
37
93
80
24
33
30
-13
-33
8
1
-54
-64
-15
-81
-86
-63
-113
-10
-44
-38
89
47
14
51
103
107
73
53
19
-13
29
34
-13
-20
-40
-7
-7
-78
-54
-53
-98
-68
-36
-21
12
-3
-11
9
46
81
-17
-23
67
39
66
69
54
90
73
52
7
5
-10
-31
-42
-110
-57
-18
-68
-79
-70
-38
26
5
-17
46
36
-6
25
105
37
0
78
30
30
60
-3
-18
-40
-47
-14
-47
-12
40
3
-42
-19
43
3
-26
-39
-62
0
38
12
2
45
19
26
40
-27
44
17
-12
80
33
9
49
44
2
-35
-68
-17
0
-82
-133
-77
28
-79
-112
32
60
52
4
-35
20
26
28
30
-39
24
70
66
90
81
73
30
56
67
22
-88
-105
-4
-41
-87
-126
-109
-99
-59
-24
-108
-63
-8
54
70
7
49
70
90
113
86
93
88
-3
-37
21
0
-31
-49
-62
-65
-22
-9
-99
-64
-57
-69
-38
-51
44
34
3
55
68
92
52
13
8
26
9
0
0
-22
-25
-40
7
-29
-119
-68
31
-4
-18
-38
-36
73
49
55
26
24
63
-18
42
-14
-66
21
-23
4
-14
-26
32
11
-8
-58
-71
-30
26
-19
-67
-8
-8
75
56
-17
16
-17
8
60
34
-8
19
59
38
35
-18
-32
-11
-26
8
-43
-27
8
-8
18
-39
-66
-30
-45
-52
-6
-16
-16
-19
28
115
26
7
79
78
72
65
0
-8
55
-1
-56
4
28
0
-65
-63
3
-69
-106
-95
-95
-19
13
26
73
51
37
64
69
60
9
27
45
32
56
20
-53
-30
3
-37
-67
-74
-57
-16
-51
-65
25
-15
24
46
8
64
36
25
34
19
-6
-3
63
57
8
46
72
20
-33
-29
-56
-73
-43
-66
-78
-53
-29
-41
-11
-8
9
62
-6
9
73
-2
0
37
64
50
-41
53
28
-45
45
38
15
21
47
-13
-50
2
-18
-46
-59
-39
-17
-68
-67
-4
-21
-73
-50
51
39
16
54
31
32
44
83
34
-73
-19
19
6
-13
-8
42
-26
-50
-44
-26
28
-30
1
34
-12
-24
-20
14
17
-4
8
17
0
7
-7
-62
-41
2
31
11
15
68
-26
-90
-20
32
-7
-88
-46
-3
-16
10
28
15
19
69
18
2
68
39
-1
0
-5
-7
-2
-52
-44
0
-8
-28
-36
-9
-80
-106
-35
-14
24
-6
-19
41
44
83
77
-18
24
65
57
36
-32
-64
-39
50
67
0
-51
-20
-11
-18
-45
-94
-61
-35
-17
-83
-67
30
2
-8
30
31
56
97
57
17
63
82
41
49
0
-11
49
-33
-97
-53
-35
-77
-86
7
-27
-57
19
14
-4
-46
-27
-20
-35
22
62
91
34
7
75
60
79
87
31
20
9
63
-12
-94
-72
-162
-83
-40
-73
-26
-136
-58
17
-54
68
63
13
104
123
119
137
94
41
61
91
44
0
-30
-89
-68
-67
-150
-189
-104
-60
-61
-34
-41
17
35
32
13
-14
73
86
79
104
63
118
137
56
15
35
55
-8
-54
-63
-82
-131
-107
-70
-96
-30
-77
-60
42
-13
25
42
-8
49
111
92
32
21
36
65
96
44
-12
-5
6
-14
-67
-112
-73
-55
-71
-19
-2
-5
18
-13
55
63
0
31
-16
10
45
-5
51
62
34
34
9
42
15
-27
-75
-80
-35
-59
-46
-35
-6
11
-4
-4
7
-13
-44
-12
12
89
104
43
66
85
62
34
-17
-8
9
-54
-10
-14
-112
-84
-30
-44
-7
-23
-36
4
-32
49
44
18
46
-20
66
99
38
-7
-30
36
4
14
67
-40
-20
41
-22
-39
-41
-20
-49
-82
-31
26
15
20
11
-45
10
56
0
2
20
22
49
13
57
59
-30
4
0
-2
18
-14
-6
-56
-79
1
8
-34
-23
-13
-51
-16
58
35
7
5
33
76
71
50
56
-8
-15
46
3
-1
11
-35
-56
-39
-45
-19
-8
-52
-61
-50
-7
-26
-31
13
-17
-3
39
76
82
1
-11
43
62
14
24
86
9
3
34
-28
-55
-52
-43
-47
-75
-97
-61
-20
5
14
-31
-3
39
47
62
26
37
55
16
68
81
1
0
30
37
-37
-73
-42
-84
-81
-42
-34
4
50
37
-6
-33
-52
-3
-9
-16
31
10
68
71
0
19
10
9
10
-25
-91
-95
-57
-29
-25
-45
14
-8
-36
55
29
-35
0
39
45
7
24
23
25
27
-18
86
75
-24
-9
14
1
17
79
-38
-107
-46
-42
-25
-73
-96
-5
29
3
-22
10
-1
21
44
12
54
-4
-13
-53
-14
83
12
12
-13
30
25
-42
11
-38
-72
0
-54
-116
-52
-37
-18
20
27
58
74
43
6
14
-12
0
31
-22
-24
34
96
67
14
72
49
-6
-35
-114
-21
44
-41
-20
-27
-41
-17
-24
-8
-19
-28
3
24
-12
-8
-13
-15
46
6
-8
23
-19
-30
-1
27
17
36
49
1
-22
-72
-10
27
-47
-50
-82
-52
13
24
4
14
60
20
-3
23
47
35
24
47
59
29
0
16
-4
-3
-39
-36
21
-27
-91
-81
-38
-17
30
-17
-17
44
-4
-16
-21
6
79
37
18
11
-19
53
58
16
-18
-43
-27
-65
-107
-49
-9
-79
-65
-17
38
39
-20
34
40
58
34
2
37
49
61
26
-9
38
95
15
-45
-66
-27
22
-48
-63
-64
-30
7
-23
11
43
62
34
23
30
-31
9
27
-46
-20
5
-8
-11
3
-1
-6
-23
-39
-10
-43
-28
-14
-19
36
-64
-103
-22
46
75
27
12
40
72
79
43
6
24
34
34
-7
8
14
-69
-61
0
21
-18
-50
-20
-6
-34
-11
17
44
44
-47
-22
32
11
27
24
27
59
3
-10
39
-3
1
-9
-56
-46
-63
-40
-24
-1
27
7
-26
-45
1
-22
-42
-13
-14
49
90
77
33
16
20
-19
43
70
-23
-67
-30
-14
-38
83
58
-42
3
-31
60
72
-44
-25
-15
28
20
-38
-37
-19
-39
10
66
-17
-13
26
33
49
-53
-74
-15
0
-3
-52
-59
-26
10
-3
-16
24
5
-31
4
52
60
59
48
28
35
1
-48
-10
0
-58
-38
-27
7
76
-34
-32
61
-23
-45
-18
-18
9
0
12
-26
-15
152
88
8
19
-83
-17
39
-19
27
-42
-73
34
-10
-33
-28
-72
-92
-63
-5
-30
1
-8
-31
67
77
94
61
-5
97
84
-32
-18
20
0
-36
-49
-89
-62
18
-26
-75
-31
21
-33
-29
36
32
97
104
54
28
23
43
-4
0
-7
-59
-22
-28
-28
13
0
-29
-6
-6
-59
-4
-2
-89
-94
-19
23
-7
35
-11
-40
42
65
61
60
64
44
18
21
7
-5
-28
-95
-65
-89
-91
-10
-3
13
-13
-23
77
96
9
1
59
72
57
33
-9
-13
-12
20
16
-23
3
-12
-9
-17
-52
-62
-78
-32
-11
-52
2
16
-3
40
15
44
57
9
0
-65
5
97
31
-45
-35
8
-33
0
-20
-80
-24
-62
14
81
-39
-44
-33
-39
8
9
44
43
-2
115
135
31
85
44
-26
11
-25
8
23
-68
-48
-31
-65
-57
-63
-111
-87
-30
6
39
73
78
-12
-39
28
38
19
66
27
25
69
-11
36
2
-96
-45
-23
-28
-113
-38
31
-66
-25
-24
12
53
-19
3
-58
43
181
82
80
-21
-45
9
-20
19
0
-12
-6
39
42
-34
-50
-43
-16
-45
-68
-13
14
-19
2
58
48
33
-21
-45
-34
-4
62
45
31
55
53
-14
-66
-58
-21
-5
-65
-14
43
-34
-68
-29
-33
-46
36
29
-41
49
92
80
76
28
21
14
-11
-55
-50
-34
30
71
-42
-9
37
-33
-21
-42
-56
15
14
-18
50
45
13
-25
-38
67
-9
-5
53
-4
23
57
14
-27
-21
-87
-49
-73
-87
21
-70
-10
38
28
92
-2
18
44
33
2
-9
28
-28
5
8
36
29
-32
34
15
32
3
-83
-46
-42
-56
-25
76
24
-51
23
-9
36
62
-11
-18
12
85
74
23
-33
-13
0
-84
48
42
-74
38
-17
-34
34
-17
-40
-116
-110
-19
-35
-17
12
77
144
58
47
101
1
-66
-75
-1
36
-59
-13
-1
-2
29
-18
-56
-20
20
-12
4
14
3
40
35
24
28
26
4
-42
23
90
33
49
-17
-67
2
-62
-98
-55
-38
-36
34
39
5
13
-21
42
37
0
26
-8
8
-2
10
59
22
-16
-25
0
32
-13
-62
0
-24
-38
-26
-101
-20
-31
-55
32
25
62
55
29
82
62
10
42
44
-7
3
23
-22
-30
-13
-23
-14
-50
-47
-25
-10
24
18
-18
-47
-7
1
0
49
60
40
62
73
20
-21
-33
-46
-40
-38
-49
-50
-21
46
56
20
-57
-78
32
7
-61
-32
-7
23
67
59
24
22
-4
40
50
-30
-37
30
66
-63
-102
-26
-23
-14
-44
-25
6
23
53
60
129
53
-36
0
-15
-20
-23
-64
-57
13
38
82
21
3
20
-74
-39
-66
-65
12
-12
41
32
-31
26
54
44
8
-18
-27
-97
-19
41
-18
10
14
50
-9
-60
11
6
47
-2
-24
71
38
24
-11
-130
-76
23
0
-29
-4
-31
-24
81
115
97
69
-12
-57
-39
-19
-12
-43
-43
1
3
29
-1
-22
58
37
3
-19
-4
34
-56
-88
-12
-7
-6
-16
-48
-7
6
3
27
40
35
20
18
29
70
11
1
7
-30
43
-28
-68
-51
-55
-7
-76
-100
1
56
39
22
1
65
93
45
47
51
53
1
6
27
-19
-72
-91
-23
-6
-52
-24
25
-11
-33
6
3
-16
-30
0
-23
-63
-18
91
108
14
29
50
37
36
-8
-29
4
-75
-65
33
11
-10
-108
-31
78
-21
-77
-42
66
41
-40
20
14
-2
93
67
31
31
3
31
38
12
-29
12
35
-42
-95
-40
-9
-45
-43
-40
-72
-59
34
34
0
-9
14
100
121
86
-2
-29
-22
19
46
-35
-9
-21
-27
-3
-46
-34
-25
-18
-41
-69
-38
-7
-35
44
67
8
88
77
37
86
29
-24
21
-26
-29
-38
-58
3
-14
33
-9
-24
31
-21
-4
-69
-24
24
-16
49
-24
-10
50
-2
-19
27
38
-6
11
11
-26
-4
44
35
13
-68
-84
-46
-50
29
15
-24
34
5
-13
56
6
-17
49
41
31
-16
-7
59
-22
-67
-36
-11
-82
-65
21
-24
21
21
61
132
61
-8
-46
0
22
4
20
-6
-49
2
57
-14
-58
-27
-26
-52
-51
-35
15
37
-24
-31
-2
26
34
-23
-12
83
51
11
71
2
20
75
-13
-27
-31
-41
-72
-42
0
4
-18
-94
-42
-36
-6
5
-25
71
76
90
89
29
24
26
50
8
-9
-10
-40
-30
-78
-61
28
-15
-65
-34
-64
-12
33
-31
-9
20
45
63
34
47
69
22
-2
26
-2
-14
-15
-8
-62
-60
75
12
-34
-5
-86
-27
-10
-65
-5
-49
-8
103
69
44
2
15
51
-12
25
48
20
-14
-82
-22
33
55
9
-70
-48
3
-24
-49
-1
4
-22
-16
5
31
3
-65
-23
101
123
53
-28
-2
60
-19
-48
12
27
-37
-80
-38
-8
-12
9
39
-18
-7
-20
-16
25
-41
-25
45
28
22
10
-68
30
105
25
8
11
18
-13
-19
0
-56
-65
-11
-28
-22
7
14
18
-4
15
49
11
-16
-15
-29
8
9
-1
22
4
64
55
21
28
-47
-72
-49
-63
-1
23
-33
4
-15
12
70
-19
53
79
26
35
-85
-24
19
-55
11
-12
-33
-18
-35
-42
-16
5
-11
89
87
-15
-3
-17
12
40
-3
34
26
-42
-39
-20
-28
4
6
-11
-18
-35
0
-21
9
39
2
3
6
56
34
13
4
-21
75
40
-7
-20
-58
-14
-26
-9
-19
-63
-19
-19
-32
29
56
-4
-10
-12
16
61
18
-8
6
13
23
38
-25
-48
-42
-22
39
36
9
-34
25
12
-84
-6
2
-37
-63
-55
-25
24
46
10
52
48
65
94
28
-6
-9
8
10
-36
-8
-7
-30
-11
-16
1
-21
-64
-22
25
-39
8
91
16
70
79
-4
-37
-43
-11
5
-31
-42
59
17
-62
16
53
9
35
20
-30
-6
-37
10
14
-53
4
-2
-50
-5
0
-10
5
1
9
-36
39
62
-15
22
-6
0
26
-9
-7
-13
-53
13
59
-11
-6
1
-49
-28
13
7
8
-50
-95
-9
26
14
18
-9
7
41
44
23
6
21
23
-4
-27
-49
-76
-59
48
70
-42
-2
53
-6
9
22
9
-36
-52
3
-3
-6
16
-16
-8
3
44
73
2
21
-7
20
58
15
35
-66
-62
56
61
-3
2
28
-33
-45
-87
-41
61
8
-59
-22
76
32
-3
51
41
26
48
20
-48
-27
-44
-65
-10
36
49
5
-46
-17
-5
-66
-38
19
-17
-28
-20
6
53
-31
-5
42
17
14
-65
-13
68
2
-15
9
-17
9
-19
-66
-18
0
7
-1
-13
-40
-22
-4
-44
-33
35
84
24
24
3
-56
25
45
32
-5
-17
9
-11
11
35
-44
-76
27
14
-37
22
3
-15
-5
-72
-22
67
46
34
26
57
51
-20
-27
3
-26
-97
3
50
-32
72
79
7
27
10
13
0
-25
-39
-35
-16
-41
-47
-2
-19
14
68
21
10
14
45
26
-9
-13
4
43
2
1
-34
-69
-15
-20
-7
0
-32
-19
-55
-55
45
30
-33
-47
-13
9
13
53
47
11
36
43
-28
-59
-73
-90
-37
-31
-43
17
24
-30
-5
0
6
59
34
7
4
-2
-12
-2
28
-18
-29
20
-11
11
25
-33
-64
-131
-79
26
34
51
83
76
39
38
61
22
-10
7
-53
-49
-20
-50
9
-10
-36
59
66
36
4
-47
-8
-10
-30
-58
-88
-31
15
78
92
125
94
-10
27
-20
-57
26
49
-15
-20
5
-41
-58
-73
-66
-8
-7
-33
6
10
-1
29
11
37
17
-34
63
72
-13
25
9
-5
41
19
-20
-39
-16
-39
-36
-28
-95
-80
-27
3
34
39
-7
-23
-8
-24
-25
-17
35
60
52
68
26
31
62
87
24
-72
-28
-60
-111
-23
-32
-83
-58
-45
-27
-12
30
48
46
74
58
65
67
41
42
18
-33
-38
-18
-12
25
22
4
-50
-22
93
-14
-28
38
-8
8
-25
-36
3
-36
-72
-29
2
27
55
21
56
113
47
25
37
31
72
18
-65
-29
5
-60
-77
-46
-47
0
-41
-92
-37
11
34
-15
7
66
95
89
-9
15
16
-17
25
-13
24
68
-44
-79
-21
-54
-42
1
-5
-41
-87
-12
71
23
-9
-1
-62
2
59
-55
-33
26
38
64
23
-12
-16
-40
12
71
13
16
-28
-65
-39
-63
-6
36
16
-1
-1
-41
-60
-18
25
-40
-40
45
37
16
6
57
9
-38
19
58
61
5
-10
6
18
-4
-3
-16
-49
-35
-52
-42
-7
-42
1
49
-4
-27
0
44
0
23
44
-15
32
32
29
39
7
16
-13
-43
34
93
-9
-74
-95
-124
-28
7
-19
20
-22
14
112
30
16
42
14
1
-39
-5
-16
22
67
-35
-29
39
11
14
11
-22
-6
-3
24
-7
-12
-5
-83
-18
34
-3
-8
-17
43
30
-46
45
68
-19
19
59
32
-23
-23
8
16
18
-75
-33
37
14
22
-13
-5
-45
-47
-6
-18
43
46
10
16
12
35
-30
-35
39
-10
35
31
-17
68
24
-68
-41
-55
-29
18
11
28
45
23
-13
22
-47
-26
7
-64
9
-25
-14
47
47
80
-8
-58
-12
-3
2
4
34
79
61
39
-45
-120
-58
-44
-52
-6
33
78
55
-12
-62
-10
44
20
39
7
-30
-2
-22
-47
47
49
-26
38
-33
3
119
-44
-50
-31
-119
-10
31
-26
-12
-58
-35
45
25
53
112
36
-37
9
-12
-39
-32
-29
-8
-53
-59
-8
39
29
-49
-38
1
-29
-17
10
8
39
84
0
-49
-10
-28
52
0
-19
63
-67
-29
12
-123
-63
31
30
58
-20
-25
35
-21
-32
-28
20
59
29
-37
-11
17
-14
27
38
46
-40
-64
77
75
-8
-70
-37
-42
-119
-84
-32
88
124
32
26
16
28
56
6
18
1
6
102
57
62
54
-66
-87
-102
-109
-18
-22
-26
30
-2
15
29
25
78
37
5
16
-18
50
36
-24
-20
-12
26
-25
19
29
-19
16
-9
-58
-14
68
21
-31
-31
-7
30
35
14
14
55
-7
-88
-49
6
-5
37
46
4
-4
-34
-3
23
0
-47
14
77
52
16
-34
-2
-23
-86
-96
-47
18
9
56
105
30
-1
37
22
25
82
27
3
37
-15
2
16
-46
-52
-35
-15
13
-35
-28
-31
-69
0
16
89
67
-29
27
-24
6
79
5
-5
49
26
0
-7
-61
12
-7
-72
-20
15
69
15
68
72
-59
-34
-65
-63
-3
-34
-13
60
81
64
32
-42
1
7
-98
-36
-36
-12
42
-10
-13
-42
-54
0
0
-54
-30
-5
-9
10
9
83
100
-1
-37
-38
12
31
27
-3
-39
60
21
13
28
-58
-12
-14
-32
-59
-79
-52
-27
0
-55
-45
21
69
52
13
49
31
-35
-24
33
41
2
-30
-32
12
58
6
-16
-31
-68
-11
21
11
-12
-27
-26
11
13
68
53
43
90
-76
-83
-29
-9
30
14
32
11
3
-28
-8
6
-42
-21
32
53
-43
-49
11
-41
-47
-58
-9
69
1
17
40
-44
-23
22
22
39
71
85
63
62
7
-26
-20
-11
10
