0.824958 0.175042 0 0 0 
0 0.813968 0.186032 0 0 
0 0 0.830131 0.169869 0 
0 0 0 0.869648 0.130352 
0 0 0 0 1 
0.0221801 0.224779 0.00844231 0.000439837 0.00751521 1e-29 1e-29 1e-29 0.403259 1e-29 0.0931923 1e-29 0.00775759 1e-29 0.000153255 0.00300599 1e-29 1e-29 0.0124273 1e-29 0.0360373 1e-29 5.91008e-11 1e-29 0.167161 0.0135544 9.47506e-05 1e-29 1e-29 1e-29 1e-29 1e-29 
2.42623e-16 2.43635e-06 1.72514e-15 0.0252607 1e-29 1e-29 1e-29 1e-29 0.028429 1e-29 0.211746 1e-29 0.00771181 0.0144617 0.0535956 0.0639879 1e-29 1e-29 0.000201392 1e-29 0.0109034 1e-29 0.0086717 0.000532425 0.00171473 0.416801 0.152242 1e-29 1e-29 1e-29 0.00373782 1e-29 
6.93789e-06 0.0265924 0.00151759 0.107739 2.04634e-19 0.00409183 1e-29 1e-29 4.04283e-08 1e-29 0.224557 0.00151852 0.0096299 0.0669954 0.115688 0.00909643 1e-29 1e-29 1e-29 1e-29 0.0176845 1e-29 2.19687e-08 0.0410473 0.0554254 0.152791 0.130432 0.00328185 0.0102971 1.5599e-09 0.0216083 1e-29 
0.0283231 0.182366 0.0734783 0.363252 0.0263519 0.0188225 0.00464526 1e-29 1e-29 1e-29 0.0341296 4.45506e-20 0.0892608 0.0236426 0.0388446 6.60744e-28 1e-29 1e-29 1e-29 1e-29 0.0170567 1e-29 1e-29 6.73762e-06 0.0136817 0.00173394 0.00240431 1e-29 0.0392995 0.00725321 0.0354473 1e-29 
0.015055 0.0727501 0.112276 0.180165 0.052196 0.00583474 0.238297 0.00638776 1e-29 1e-29 0.0597339 0.00478645 0.00659284 8.77169e-21 1.05591e-08 1e-29 1e-29 1e-29 1e-29 1e-29 1.45539e-13 1e-29 1e-29 1e-29 4.68651e-14 0.000721256 0.00904939 0.0162446 0.146534 0.021037 0.0517473 0.000591622 
1 0 0 0 0 