0.850813 0.149187 0 0 0 
0 0.807112 0.192888 0 0 
0 0 0.831289 0.168711 0 
0 0 0 0.91911 0.08089 
0 0 0 0 1 
0.066078 0.040588 0.0691262 0.0128798 1e-29 1e-29 1e-29 1e-29 0.401307 0.23463 0.116662 5.85263e-06 2.74834e-05 0.00277788 1e-29 0.00123719 1e-29 1e-29 1e-29 2.01871e-29 1.5803e-05 1e-29 1e-29 1e-29 0.04361 6.73191e-07 0.0027779 1e-29 0.00827668 1e-29 1e-29 1e-29 
8.82281e-10 0.0293212 0.0404049 0.0197904 1e-29 1e-29 1e-29 1e-29 0.278403 1.49574e-05 0.166242 0.0229657 0.104196 0.00999978 0.016913 0.0044634 1e-29 1e-29 0.0165427 0.0101683 0.029658 1e-29 0.000191092 1e-29 0.00317926 0.19889 0.0486308 1e-29 2.56511e-05 1e-29 1e-29 1e-29 
2.51355e-08 0.245865 0.0393391 9.42115e-19 1.70587e-13 8.90177e-07 1e-29 1e-29 0.0970862 3.21397e-29 0.00649414 1.01607e-11 0.202852 0.00914816 0.0169073 0.0102401 1e-29 1e-29 6.32241e-05 0.00143565 0.0834596 1e-29 0.0400521 1e-29 0.0315473 0.20663 0.00887966 1e-29 1e-29 1e-29 1e-29 1e-29 
0.135826 0.472533 0.108266 0.000249326 0.0265672 0.00868053 0.0165208 1e-29 0.0490432 1e-29 0.020065 1e-29 0.0301031 1.28717e-05 0.00170728 0.00305462 1e-29 1e-29 1e-29 1e-29 0.00574012 1e-29 0.0317646 1e-29 0.0681306 0.0217249 4.20135e-07 1e-29 9.78315e-06 1e-29 1e-29 1e-29 
0.0137122 0.060708 0.177981 0.336346 0.0132185 0.0038172 0.0250317 0.00133578 0.00812095 1e-29 0.128368 0.00255127 0.0201839 0.00335084 4.96722e-27 1.75701e-05 1e-29 1e-29 1e-29 1e-29 4.78318e-08 1e-29 4.83043e-12 1e-29 0.087235 0.00128131 0.029585 0.0364707 0.00702125 1e-29 0.0436642 1e-29 
1 0 0 0 0 