-38
-15
-49
-123
-79
-53
-34
13
-50
44
72
-32
46
10
-31
10
-107
-152
-124
-35
66
-38
-56
-11
-55
-35
16
104
157
91
13
25
27
-12
-38
-12
44
56
10
-29
39
43
40
27
-7
38
10
-13
-26
-28
-26
-51
-48
-14
-18
1
100
63
-8
-70
-125
-94
-111
-28
18
-29
22
-2
-21
53
65
70
50
-15
1
56
21
-47
-70
-77
-78
-39
-33
-16
24
44
92
8
35
75
-21
24
-16
-53
-68
-95
-65
-103
-47
-41
-47
-28
-83
-17
-79
-71
83
39
16
60
41
60
42
-18
35
-34
-73
-25
-70
-60
3
38
31
87
141
149
102
15
18
99
94
27
107
147
51
17
17
21
39
45
-11
-71
-45
6
22
37
62
14
-16
58
100
30
27
112
23
-45
17
36
30
-14
-54
-11
0
-5
-36
-39
37
-17
-26
44
37
17
-11
22
30
-62
-72
-52
-38
-21
-81
-62
-22
4
77
17
19
50
-1
70
47
-52
-72
-156
-113
-52
-125
-27
28
-85
-47
27
11
-6
-43
-1
48
-3
3
12
-30
2
17
34
60
6
-43
1
2
-21
35
-28
-45
-27
-29
88
53
18
66
21
6
-2
-5
-36
-38
-53
-102
-54
-51
-17
62
39
-7
4
45
9
-21
-1
76
59
-41
30
18
0
-1
-78
-67
-49
-27
-67
-77
-6
24
64
33
-14
13
12
34
46
10
32
21
-5
-37
-103
-114
-110
-115
-61
-14
-2
26
55
46
53
93
61
93
103
77
92
50
14
-59
-41
-21
-113
-79
-22
-7
-18
-56
-26
-15
-3
25
-8
29
76
85
97
-32
-66
37
-25
-77
-93
-41
-14
-136
-80
-77
-97
13
13
3
26
8
67
201
183
98
24
55
87
27
53
74
9
-6
41
54
31
-14
54
103
82
110
115
118
94
2
-32
-14
5
23
-44
-33
18
-33
-51
-10
52
-4
-11
72
31
53
69
64
31
8
76
17
-27
-63
-133
-149
-68
46
21
0
-49
-129
-68
-18
28
65
7
4
-12
-33
-48
-100
-84
-56
-33
-56
-24
18
-44
-49
-17
-10
-15
-35
19
128
73
26
-22
-45
-9
-55
15
23
-41
-30
-23
-6
-39
-128
-112
-24
-1
18
27
48
35
-7
9
3
39
-27
-127
-47
-20
-71
-36
-29
-45
-22
-34
22
55
-2
48
88
20
13
-31
-40
-3
5
55
5
5
58
11
-21
-40
-16
0
-58
-1
81
17
55
60
-42
-46
-15
-13
-64
-86
-122
-89
38
15
-57
-81
-98
-45
15
24
48
66
37
-4
5
-20
-38
-26
-33
23
39
12
-63
-66
-1
-17
-13
25
-41
-104
25
153
155
84
11
76
106
-33
-83
-22
2
-53
-78
-32
-22
9
27
-17
-68
0
50
-72
-67
15
40
25
-49
-50
10
13
15
-1
-35
-6
10
-7
11
32
40
50
63
91
87
100
121
43
4
27
-52
-49
-36
-14
0
-69
4
3
29
98
36
14
-19
-84
-72
39
40
12
33
50
42
-9
11
7
-28
-56
-45
-2
14
69
75
17
-8
16
22
16
59
65
13
21
19
-20
2
-14
-76
-83
-19
3
2
-22
-35
13
25
21
-7
-27
42
97
84
17
-31
-2
0
0
-20
-28
-4
-54
-11
16
-52
15
28
-25
-1
-35
-24
29
15
33
-12
-9
91
23
-57
-28
-28
-75
-20
30
22
24
-21
0
35
40
3
-36
-20
29
42
-19
-111
-113
-58
-59
-34
-8
-25
-30
-9
-53
-50
7
32
75
53
-30
-11
-19
-82
-62
-33
18
37
-10
-47
-43
-63
-123
-112
-44
-25
-16
38
26
-12
35
102
81
-8
-31
-29
-49
-21
-3
-57
-83
-62
-41
35
68
31
12
-10
34
88
99
106
45
-38
-9
25
14
32
4
23
-17
-50
3
21
70
37
51
94
70
31
-33
-37
-11
13
-8
0
15
-25
-19
-57
-39
49
40
3
4
-9
3
49
29
51
98
75
55
62
74
93
87
24
21
27
-40
-51
26
-21
-19
109
46
28
34
-38
-24
-27
-48
-22
4
-10
-16
32
54
23
37
44
25
7
-35
-35
-26
-25
24
65
51
-20
-55
2
61
5
-59
2
57
18
-68
-43
28
-36
-29
50
40
62
21
0
30
-39
-80
-34
17
-61
-46
-28
-84
-3
21
18
-40
-66
10
-11
-42
-54
-69
-114
-104
39
59
-11
13
53
43
18
-33
-33
54
-9
-51
4
5
10
-53
-59
-35
-10
9
-47
-16
74
88
39
-7
0
16
-17
-34
-12
43
63
6
0
2
-30
8
58
7
-24
-27
24
54
-84
-70
36
-13
1
13
19
-6
-39
12
35
102
80
68
82
34
45
37
0
-22
27
21
-40
-20
1
49
33
-6
-12
-7
27
-20
-13
-3
-39
-3
18
-4
-48
-14
14
-6
-8
29
69
42
47
54
-29
-45
-29
-39
5
-4
-35
-42
-3
69
31
-5
-17
-55
-2
17
-39
7
52
9
-51
-92
-62
-47
-48
-61
-65
42
16
-105
-64
4
-12
16
36
-49
-45
-2
-15
-105
-129
-35
-80
-24
68
-24
-58
-18
34
20
-28
0
0
-60
-52
86
100
67
46
3
41
11
-20
-21
-15
-20
-71
-82
-85
-57
-46
5
89
102
85
65
73
19
-16
40
17
6
-25
-91
-24
7
-29
-20
40
27
-32
-99
-177
-30
93
38
33
13
-13
26
19
0
-14
-24
-2
-38
-46
-1
52
62
11
-39
10
43
-36
11
2
-37
-9
18
100
10
-49
34
5
62
87
22
50
2
-59
-85
-50
6
-24
24
30
-32
35
-21
-34
82
7
-22
5
-23
-37
-5
16
-26
11
26
-4
70
121
20
-6
-3
-36
21
-10
-30
-68
-59
15
-41
-55
-20
-26
-30
2
31
34
24
39
23
-15
-24
-6
-22
-3
55
-37
-46
-15
-44
27
70
56
35
-27
12
79
8
-7
-63
-77
40
11
-22
-7
63
63
-90
-71
-49
-62
-9
-2
-23
-37
39
96
37
28
47
-4
-32
-33
16
58
-3
22
40
-68
-20
27
-3
128
116
6
77
3
-1
102
11
8
-19
-89
-3
35
12
-29
-52
13
42
107
68
-55
-44
-80
-44
-6
-66
-43
-1
66
115
93
0
-31
49
-37
-104
-38
-59
-40
-54
-79
27
20
-41
-38
-27
4
2
60
60
-2
18
-3
-73
-117
-34
45
36
50
7
-29
-54
-117
-106
-79
-14
50
21
47
28
-21
66
26
-64
-9
-1
19
5
-22
5
24
20
-8
98
129
44
69
-12
-17
8
-65
-15
8
11
29
-4
-18
10
60
63
15
30
3
-34
-10
-51
-14
40
27
14
51
92
45
-1
-54
-20
23
18
46
4
1
6
-41
-31
-26
14
26
30
80
-29
-29
-14
-59
25
71
73
-20
-67
-33
-62
-36
60
67
52
110
88
14
13
31
0
-71
-27
51
-10
13
68
18
-73
-112
8
44
23
135
109
37
43
19
-43
-72
-7
-20
-4
-30
-62
13
-21
-20
-7
-63
-51
-90
-117
-16
27
61
69
-19
-46
-65
-63
48
57
-4
-56
-33
41
-63
-72
-116
-67
115
32
21
-31
-64
-97
-131
-30
-48
-8
-34
12
111
-11
-65
9
71
83
36
-69
-25
64
76
-23
-96
-33
-47
39
-5
-72
28
14
82
45
-106
-64
-3
9
34
3
-32
-10
-2
18
29
-2
24
90
48
-35
-10
82
74
4
5
6
1
-14
11
11
1
51
45
119
112
-17
-1
-14
-15
39
-20
-18
29
51
-28
-48
17
-35
2
3
35
53
-2
13
-15
32
-11
-62
0
2
66
81
40
17
-46
2
-21
-105
-61
-65
-69
-75
-81
-51
12
16
-3
34
7
12
2
-23
2
-49
-43
61
20
-35
-12
-7
-17
-59
-36
0
9
64
67
26
2
69
90
84
111
3
35
73
-17
21
35
-8
5
0
11
54
3
-59
0
36
0
-27
-94
-95
-5
-5
-43
-45
-63
-6
40
20
-5
-8
38
17
-17
-34
-17
19
27
56
42
8
2
-34
-71
-41
11
2
-29
-16
-45
-54
36
46
6
38
3
-73
-23
53
46
-28
-13
65
8
-37
14
1
-34
-35
-27
3
-56
-59
42
47
-13
-5
0
-28
7
-26
-20
5
-56
-35
-55
-91
0
70
-32
-44
48
13
24
16
60
95
44
7
-43
-18
-43
-4
65
41
40
7
62
68
-52
-32
-22
30
85
25
40
16
23
58
-13
34
85
-18
-26
-12
5
40
-41
-37
10
-8
-7
-29
-93
-24
-8
-69
42
79
41
-7
-27
-3
-17
-28
-41
-32
-34
-41
-77
-113
-87
-44
-23
-9
1
-14
-6
-18
-80
-43
37
-39
-26
60
20
57
80
79
64
-1
-25
-54
-6
43
37
74
78
23
-11
-30
-35
-61
-3
36
-42
19
32
-41
0
18
-35
-19
2
-54
6
44
-57
-32
21
-33
-38
-2
9
-60
-83
7
23
15
86
122
21
-54
36
67
-4
-69
-104
-116
-46
25
21
32
-1
51
36
-14
18
-16
-18
-35
16
73
45
7
-19
11
16
55
-7
-35
23
-74
-73
-62
-32
77
62
18
-7
-11
14
-13
-2
52
32
19
38
-7
-43
-28
10
-13
-52
23
47
41
34
-66
-26
17
-4
-1
7
90
84
8
-71
-51
7
9
-13
-45
-44
-45
16
-31
-48
9
-70
-69
-84
-74
7
-66
-53
-44
-99
-3
-42
-45
7
-2
-35
-108
6
7
-73
-20
9
24
3
47
65
36
107
92
8
16
65
72
57
35
5
24
38
-16
-27
14
-7
-28
88
106
-25
9
-8
-28
16
-15
85
65
-61
-22
-8
-15
-19
-26
-7
-37
-43
0
9
25
10
12
77
38
-46
-31
-30
-26
28
31
0
-39
-1
-14
-78
-11
47
60
-4
-91
14
69
-14
7
50
-11
-30
41
66
15
-17
8
-16
-84
-85
-26
23
-17
-24
39
-1
-23
-32
-54
-39
-47
-42
-2
44
29
12
3
-28
-36
-11
-18
-19
20
23
23
31
35
50
34
56
0
-71
-13
-58
-20
5
-26
98
91
46
66
67
51
-8
40
40
-4
4
-20
1
23
37
30
7
-39
-28
-13
-55
48
105
84
13
-54
61
35
30
63
-41
24
51
41
32
-56
-48
-51
-49
-22
-41
-44
-44
-18
-53
1
70
-16
-36
5
49
3
-46
-53
-45
15
30
9
-59
-22
36
-65
-97
-74
-43
12
-15
-24
-22
8
66
3
-8
-4
-18
42
62
-17
-74
12
11
-43
19
-22
-84
-50
-23
30
22
-4
-32
-79
13
78
25
2
81
139
56
-12
-39
-77
-69
-18
-6
20
66
34
75
49
-38
-50
-63
4
60
67
59
53
66
101
49
-22
-5
-77
-120
-91
26
106
25
16
-20
-40
49
74
61
23
-36
-5
-21
-76
-70
3
24
-41
19
44
-35
-41
56
46
2
28
-18
13
35
10
0
-52
-21
11
56
77
-15
-6
5
-26
-21
-51
-27
30
34
62
18
0
22
-53
-31
-32
3
61
2
-40
-52
9
36
-43
-48
46
23
-22
-48
8
74
33
31
-13
-29
12
22
8
-20
-15
9
-25
-77
-72
-19
15
-62
-81
-11
7
46
50
40
51
37
63
37
28
38
-33
-69
-36
-36
-30
43
103
97
107
95
-14
-42
-46
1
49
-28
17
62
-9
28
16
-25
-18
-141
-108
-16
-21
4
-44
-34
53
81
65
45
0
-39
-57
-40
20
-20
-25
-1
-11
69
44
3
-11
37
68
-57
-19
-11
-74
-55
-10
-2
1
26
-12
-8
-56
-65
-10
-12
5
13
-34
-40
12
-28
-19
-38
-91
-16
23
0
24
2
-28
-17
-35
15
13
-11
19
4
0
-9
-89
-80
-42
-108
-54
25
37
122
115
79
36
0
-2
-3
66
-35
-73
-29
-61
0
-21
-15
32
73
35
-85
11
58
-2
0
-7
16
-3
6
47
50
35
29
16
-17
-24
24
97
64
22
76
79
52
50
28
-41
-59
-2
11
26
51
45
12
-29
-64
-55
15
25
-11
-17
23
2
-28
16
39
13
-69
-17
25
-40
-92
-101
-33
-40
-30
35
22
-32
48
105
22
-9
-65
-87
-47
-8
26
1
21
21
-7
47
28
31
11
-38
29
-1
-30
7
-1
19
41
35
19
8
25
49
68
54
16
-15
2
3
-31
-18
5
18
43
30
49
7
-64
-27
-16
3
13
-12
35
96
0
-50
26
29
-26
-98
-77
7
61
76
-35
-58
11
-25
-20
7
-7
-14
-44
-27
5
-37
-23
-24
-53
-49
-64
-36
-9
5
-43
-91
-13
59
74
27
-39
32
6
-51
56
52
12
-40
-97
-68
-27
-35
-45
-27
-45
5
12
-4
49
69
15
-51
-35
-12
23
42
15
5
-21
-29
-10
-17
45
40
-18
10
-13
-17
2
-5
-30
-27
15
-4
2
6
-11
3
-33
-1
16
-37
5
39
15
40
90
41
-25
-20
59
133
75
37
1
-31
28
47
37
28
-3
-1
24
17
22
9
-46
-38
-68
-6
75
1
18
8
15
56
-8
7
77
77
35
62
18
-26
-17
-15
59
57
69
37
-94
-101
18
41
-34
13
5
-40
17
-23
-50
-4
-20
-9
-12
18
-1
-111
-61
-36
-78
-92
-124
-35
29
-6
1
-1
14
1
2
23
8
22
-26
-20
-39
-53
20
-52
-32
13
-42
-41
-51
2
52
0
39
50
-54
-53
29
69
17
-5
32
66
53
9
21
19
45
44
-3
14
53
23
-32
-20
-18
-12
-10
32
47
-9
-14
6
74
56
25
14
6
41
5
16
-13
-77
-14
7
-2
8
-2
15
25
2
9
27
64
75
-24
-100
-117
-70
-10
-100
-92
-32
-49
24
24
76
110
39
-53
-102
13
-19
-20
43
7
30
62
27
-20
0
6
27
57
12
-47
-85
-68
-39
27
59
37
18
-39
26
3
1
38
-81
-25
10
-44
1
19
29
24
-17
-1
6
16
-49
-94
-1
-19
11
49
1
-10
-46
-91
-33
73
-2
-29
20
30
89
16
-50
-9
-45
-30
9
49
38
-11
-5
-39
33
96
0
-29
1
25
12
-35
-64
-52
-19
-41
9
73
10
-28
-12
12
31
-72
-109
-37
-63
21
98
73
76
11
7
17
-48
-53
-27
2
55
34
25
-5
-18
40
-4
-2
5
53
76
-55
-49
-40
-42
-6
70
57
-23
33
4
32
1
-22
39
9
34
5
-6
18
0
2
-11
-5
-5
-36
-12
-38
-95
-84
-47
5
61
27
-31
0
-3
14
61
-23
-104
-45
60
81
8
10
60
51
23
10
30
44
38
6
60
58
-14
12
-11
21
25
2
16
-3
58
79
30
-28
4
21
-47
-58
-28
13
-29
-76
-23
13
23
44
-26
-60
0
40
6
-5
36
37
12
-37
-13
0
-39
56
43
-36
18
2
-33
-106
-156
-8
62
51
3
-83
-80
-30
0
-24
-50
-71
-84
-66
-18
-81
-69
-21
-73
1
6
-23
-6
-14
-16
-35
-23
-17
-50
-34
7
27
10
-15
60
58
48
117
68
51
17
-14
36
42
39
37
31
74
32
28
75
17
15
9
28
43
5
31
64
51
-15
-89
-75
-7
2
34
97
22
-81
-60
-41
-26
4
-13
24
29
-8
-27
5
37
0
8
30
-30
-74
8
-31
-45
67
-19
-40
-2
-20
23
44
64
-12
-93
-101
-81
15
23
-21
51
96
37
26
-11
-23
0
-80
-43
19
20
28
-34
-40
7
52
0
-88
-27
-30
-76
-7
-60
-50
14
-32
19
50
27
52
41
23
36
20
21
19
40
56
30
0
-14
21
-3
-1
50
10
-8
-31
-27
-11
-34
5
0
13
12
17
55
35
47
15
-9
6
-9
-45
-7
6
-84
-36
21
4
35
60
32
-27
-45
-49
-14
71
78
25
35
-40
-110
-46
-56
10
19
-20
18
-76
-45
39
20
14
-34
-99
-5
79
20
27
15
19
51
54
37
5
-39
8
20
-75
-73
-50
13
23
-49
-21
20
40
7
9
53
36
19
19
86
61
-43
-29
4
31
45
-25
6
25
-25
32
26
-16
-2
5
-33
-12
49
-64
-101
-37
-73
-17
7
-43
-41
-50
-31
-32
-42
-24
-29
-28
-37
-2
61
19
-8
-3
-43
-54
-40
62
59
-31
-41
-35
21
-2
12
9
-76
-34
5
93
112
10
56
67
5
7
54
45
32
50
9
6
7
37
0
-90
-30
10
13
54
34
32
78
1
30
57
-45
-3
-10
-52
-16
-47
-55
23
58
-37
-39
-35
-58
71
30
-19
17
17
39
32
54
-10
5
64
37
19
39
68
3
-5
21
-7
-49
-33
-1
-57
-106
-48
-40
-88
-29
27
76
41
-28
-48
-16
59
8
-27
-22
19
54
-37
-72
-22
44
47
3
-27
-4
-25
-77
-58
-23
24
35
68
60
6
-8
53
98
32
-3
-18
-26
24
6
-45
12
13
24
102
-2
-114
-41
-18
-26
53
52
32
31
-39
-57
-38
3
-13
-62
-7
-12
-30
-7
44
36
-2
49
3
-7
-8
-44
44
21
-36
-32
-55
-49
-59
-84
-51
39
30
39
46
-14
19
-27
12
89
10
-1
22
-26
-89
-34
-51
-113
-82
-57
-77
-34
-2
-38
16
16
-59
-83
-22
90
95
50
30
39
88
18
-25
36
28
13
42
62
32
32
12
31
-26
-71
92
36
-3
47
-1
1
-26
-12
-33
-23
49
15
26
64
40
14
11
45
-11
-42
0
0
20
-58
-41
48
33
67
69
8
31
57
35
41
-25
-19
-22
-18
29
-16
-28
-72
-82
2
66
47
45
46
-31
24
44
-13
-9
-7
8
-10
-35
-49
-76
-91
-69
-57
12
28
-43
-36
-50
-19
-57
-66
32
-29
-52
-16
-17
-37
14
24
-37
1
-9
-15
-60
-42
5
18
83
4
8
32
-9
-17
-79
-42
36
-5
-39
-31
21
81
20
17
15
-32
-60
-33
25
-21
-49
7
45
3
-9
8
-23
14
14
-33
-22
-34
-43
-20
8
7
-6
-44
-50
31
36
16
67
79
47
112
148
41
35
34
24
82
96
104
70
25
12
53
74
100
19
-63
-55
-138
-67
-4
-26
36
78
42
23
6
33
75
16
-26
23
44
-93
-41
49
35
21
-15
39
54
76
41
-28
-26
-11
-23
21
66
-39
-37
-4
-45
-35
-10
19
-21
-25
2
0
12
0
55
68
14
5
-10
6
30
31
7
-31
-38
-52
-25
-4
-52
15
40
11
50
-46
-61
54
45
22
51
-13
-31
-16
-64
-45
-4
-33
-42
-50
-9
37
-67
-84
-79
-29
-9
-85
12
7
-24
-34
-115
-60
-25
-35
-41
-47
37
30
-22
15
-9
-12
8
-24
1
-13
-28
-21
-46
-25
0
22
2
-56
-17
13
-74
-61
-68
-59
0
-12
-16
-12
61
56
78
91
53
66
7
14
12
-2
1
-39
18
23
21
38
-14
22
-37
-42
39
41
96
31
-7
31
38
80
15
-63
-18
0
-71
-61
-10
-28
12
43
43
30
28
34
-39
-24
1
-47
-20
-53
-123
-75
-29
-69
-101
-99
-86
-72
-81
-39
-34
-41
-36
-38
3
-10
-33
3
27
-3
11
-21
-54
-65
-35
33
-38
-54
37
6
-3
42
-36
-22
51
25
41
65
33
16
39
67
86
102
28
30
36
-4
92
121
66
52
90
94
81
87
92
106
-38
-30
92
46
105
83
25
81
18
27
74
75
15
-19
25
18
55
50
-8
11
28
33
75
71
14
-31
-77
-59
0
-48
-75
-23
-53
-91
-83
-103
-5
5
-82
0
-7
-3
11
17
61
-6
10
36
-29
6
95
59
-8
-10
50
34
-39
-39
-43
-8
30
21
19
42
92
46
22
68
8
-78
-132
-86
-15
-52
-35
-2
28
47
-25
-13
5
-114
-190
-155
-151
-140
-93
-89
-124
-156
-133
-118
-123
-175
-188
-74
-80
-160
-121
-129
-149
-111
-248
-298
-226
-207
-185
-211
-154
-199
-199
-159
-183
-141
-276
-226
-148
-266
-156
-113
-204
-84
-14
-21
9
-41
-24
-27
-35
-15
-62
-82
-54
16
5
17
74
133
189
140
145
186
270
328
254
255
285
299
323
362
358
292
263
295
386
455
459
448
401
324
354
397
372
349
240
262
358
278
327
302
225
273
203
192
250
239
170
138
193
207
151
90
48
24
-7
20
-58
-130
-69
-123
-129
-105
-147
-103
-64
-116
-114
-92
-91
-98
-139
-182
-193
-127
-125
-133
-181
-273
-252
-262
-274
-297
-320
-282
-234
-208
-150
-113
-171
-144
-112
-135
-85
-197
-251
-115
-117
-111
-141
-220
-214
-266
-219
-170
-229
-210
-226
-199
-124
-109
-138
-187
-214
-231
-219
-234
-239
-221
-272
-295
-289
-269
-250
-248
-266
-351
-330
-246
-240
-267
-287
-261
-231
-179
-209
-248
-167
-157
-188
-222
-229
-106
-24
-80
-28
60
48
104
124
153
197
166
195
211
268
327
302
320
344
363
424
401
457
550
527
570
609
617
651
704
780
813
761
792
798
792
782
657
627
637
597
520
466
389
432
505
380
391
429
375
389
350
338
322
271
247
155
68
19
-39
-102
-214
-283
-265
-326
-383
-445
-531
-552
-556
-543
-559
-618
-618
-635
-710
-693
-638
-623
-578
-558
-621
-595
-550
-583
-563
-546
-543
-518
-511
-533
-518
-450
-458
-470
-443
-380
-347
-389
-311
-231
-218
-178
-126
-79
-79
-77
-8
112
188
147
218
289
139
181
252
220
153
72
14
-96
16
50
9
12
-42
33
29
0
78
146
200
212
190
173
223
175
73
106
82
50
5
-83
-103
-198
-182
-112
-135
-142
-128
-82
-94
-8
30
-51
60
149
162
153
178
320
282
174
223
251
261
344
318
265
372
408
408
403
392
440
444
483
504
507
536
534
605
661
656
742
806
795
753
738
743
654
644
731
767
698
608
599
524
413
356
330
272
181
134
71
-37
-86
-22
24
-16
-98
-161
-224
-303
-340
-345
-467
-552
-642
-830
-855
-905
-988
-986
-1014
-1085
-1205
-1244
-1162
-1180
-1204
-1182
-1195
-1139
-1043
-972
-989
-1060
-1051
-962
-866
-815
-776
-744
-752
-796
-714
-542
-571
-608
-551
-527
-423
-326
-289
-261
-179
-85
-58
10
82
112
165
213
240
288
315
350
442
530
501
360
323
409
466
429
369
410
406
334
342
311
328
300
280
430
479
425
352
326
386
396
387
445
403
417
435
329
375
326
291
398
344
266
301
357
344
449
467
420
559
527
523
595
599
647
688
820
857
849
855
828
889
911
928
916
932
932
863
865
888
953
959
906
880
844
849
816
696
700
673
523
471
408
335
258
183
184
125
-20
-212
-315
-455
-609
-678
-825
-926
-1087
-1239
-1299
-1383
-1390
-1428
-1470
-1576
-1697
-1671
-1643
-1605
-1631
-1658
-1646
-1739
-1699
-1608
-1592
-1513
-1501
-1520
-1453
-1416
-1371
-1308
-1306
-1204
-1116
-1125
-1010
-832
-699
-594
-536
-450
-260
-160
-90
50
185
251
320
409
415
465
507
555
624
665
619
555
637
711
722
697
757
738
649
718
767
833
870
804
760
770
778
751
699
700
705
612
536
512
532
517
443
358
327
384
382
350
227
199
295
236
307
322
223
289
285
283
311
317
298
317
363
325
338
336
369
370
332
389
366
330
376
497
531
563
645
657
808
845
880
1024
1021
1047
1058
1117
1144
990
1008
1028
975
1025
987
841
757
729
652
572
487
461
418
318
304
302
208
82
-20
-121
-212
-364
-579
-714
-898
-1105
-1277
-1495
-1662
-1832
-1963
-2103
-2254
-2289
-2293
-2326
-2413
-2481
-2458
-2455
-2426
-2318
-2327
-2319
-2200
-2178
-2121
-1977
-1908
-1818
-1707
-1636
-1529
-1472
-1378
-1173
-1048
-884
-741
-632
-374
-198
-91
30
209
453
569
639
745
876
1019
1109
1179
1246
1272
1251
1325
1400
1330
1358
1347
1236
1196
1152
1136
1115
1066
976
912
852
803
794
758
759
696
779
854
732
704
614
530
508
466
454
383
334
328
357
377
331
291
266
271
322
398
339
297
384
429
446
456
447
484
664
692
615
665
626
643
719
729
799
793
824
879
828
921
1025
1081
1127
1106
1112
1105
1166
1199
1159
1201
1174
1134
1094
1035
984
917
894
825
764
741
579
386
327
279
168
-32
-169
-270
-443
-604
-862
-1071
-1249
-1427
-1602
-1806
-1942
-2145
-2305
-2371
-2561
-2717
-2763
-2934
-3034
-3002
-3077
-3120
-3089
-3111
-3115
-3055
-2904
-2807
-2734
-2619
-2507
-2374
-2279
-2094
-1920
-1829
-1740
-1513
-1292
-1189
-988
-787
-510
-301
-156
63
239
480
607
663
820
910
1027
1121
1169
1368
1463
1482
1552
1587
1689
1739
1730
1721
1606
1633
1671
1557
1581
1525
1411
1392
1338
1261
1172
1123
1031
943
915
883
855
815
844
783
703
782
757
736
708
651
666
659
663
678
680
635
597
496
436
433
411
403
340
303
305
340
387
348
338
403
387
458
500
525
704
716
750
832
883
1020
1068
1077
1114
1191
1253
1288
1269
1264
1345
1306
1268
1214
1097
1107
1098
1021
874
741
676
549
525
476
350
234
106
17
-184
-438
-649
-866
-1072
-1274
-1507
-1721
-1978
-2214
-2423
-2708
-2901
-3092
-3334
-3455
-3477
-3548
-3641
-3670
-3647
-3611
-3540
-3467
-3400
-3262
-3183
-2990
-2713
-2557
-2437
-2320
-2132
-1981
-1838
-1597
-1368
-1180
-998
-764
-544
-357
-193
-83
135
380
611
851
953
1035
1137
1281
1470
1587
1644
1663
1683
1738
1775
1808
1808
1858
1924
1850
1771
1659
1646
1615
1472
1451
1351
1304
1275
1198
1195
1073
998
961
847
813
798
834
853
804
782
785
828
766
708
747
799
821
781
793
845
834
823
822
828
804
663
642
635
584
603
564
519
480
488
460
461
545
518
500
488
536
586
627
819
906
900
898
992
1069
1019
1054
1085
1051
1108
1144
1036
1028
1001
845
732
713
697
578
493
415
354
311
188
81
-16
-127
-282
-464
-668
-859
-1011
-1293
-1540
-1796
-2069
-2292
-2604
-2800
-2989
-3163
-3268
-3456
-3650
-3746
-3756
-3824
-3826
-3768
-3700
-3584
-3573
-3508
-3292
-3113
-2964
-2827
-2636
-2424
-2270
-2099
-1926
-1706
-1462
-1211
-930
-733
-454
-170
-9
256
457
680
940
1060
1170
1304
1434
1540
1664
1697
1750
1912
1925
1891
1942
1963
1975
1947
1848
1786
1725
1718
1722
1617
1543
1513
1464
1472
1442
1354
1312
1308
1304
1216
1150
1094
1015
953
969
1015
922
880
852
768
786
770
855
912
887
1055
1062
1037
1099
1118
1204
1186
1180
1169
1080
1085
1097
997
882
873
803
730
716
669
646
575
580
690
705
751
761
691
748
792
710
702
688
633
712
606
473
498
391
328
318
175
33
-75
-155
-203
-287
-440
-528
-508
-605
-713
-703
-793
-903
-922
-1042
-1208
-1351
-1473
-1565
-1748
-1919
-2064
-2253
-2358
-2476
-2692
-2850
-3011
-3161
-3263
-3414
-3476
-3539
-3627
-3598
-3639
-3667
-3608
-3560
-3406
-3322
-3200
-2948
-2856
-2713
-2496
-2313
-2100
-1890
-1615
-1327
-1084
-845
-594
-354
-116
135
392
691
941
1143
1338
1538
1753
1957
2193
2271
2282
2459
2525
2544
2699
2722
2632
2629
2660
2642
2580
2448
2411
2406
2277
2179
2086
1873
1689
1629
1475
1299
1169
1083
1009
806
790
786
662
629
507
503
544
495
596
627
652
766
790
818
886
1038
1145
1108
1129
1177
1253
1286
1211
1285
1346
1268
1207
1159
1083
1090
1087
1034
1006
929
894
838
768
787
739
688
664
578
551
503
445
317
168
110
-52
-138
-236
-360
-432
-603
-710
-782
-863
-903
-965
-1014
-949
-1043
-1178
-1099
-1113
-1146
-1157
-1284
-1375
-1424
-1540
-1601
-1620
-1752
-1890
-1927
-2011
-2145
-2206
-2206
-2246
-2355
-2407
-2513
-2585
-2603
-2741
-2814
-2865
-2883
-2824
-2843
-2963
-3016
-2917
-2852
-2775
-2692
-2669
-2484
-2383
-2308
-2062
-1875
-1709
-1560
-1377
-1187
-1009
-795
-596
-422
-248
-10
207
381
569
721
924
1092
1228
1403
1511
1642
1773
1925
2034
2120
2283
2319
2347
2394
2493
2587
2613
2682
2703
2648
2547
2483
2442
2437
2397
2248
2207
2217
2090
1960
1922
1921
1837
1742
1767
1672
1531
1596
1567
1478
1562
1562
1441
1392
1418
1406
1313
1237
1260
1262
1216
1171
1049
977
1049
1034
933
896
857
762
578
542
595
456
389
360
265
181
141
203
67
-29
4
-114
-128
-263
-362
-332
-456
-502
-569
-609
-642
-727
-725
-758
-775
-800
-852
-888
-928
-982
-1081
-1150
-1205
-1250
-1320
-1412
-1503
-1631
-1685
-1728
-1801
-1901
-2061
-2135
-2174
-2242
-2333
-2430
-2450
-2481
-2504
-2584
-2722
-2741
-2762
-2868
-2938
-2981
-3022
-3109
-3159
-3060
-3067
-3105
-3022
-2941
-2779
-2639
-2531
-2367
-2175
-1933
-1719
-1529
-1346
-1140
-901
-656
-494
-328
-128
38
272
472
692
966
1135
1292
1496
1728
1929
2069
2218
2288
2403
2607
2690
2744
2830
2857
2858
2923
2945
2823
2798
2819
2766
2725
2654
2660
2647
2593
2572
2449
2349
2271
2199
2200
2119
2022
2015
1904
1821
1897
1837
1746
1760
1710
1629
1550
1474
1369
1379
1436
1288
1151
1190
1189
1132
1086
1028
1014
1004
966
846
751
716
646
538
415
360
266
142
-15
-189
-228
-299
-469
-585
-694
-846
-858
-963
-1068
-1046
-1224
-1339
-1363
-1393
-1390
-1486
-1579
-1578
-1625
-1617
-1588
-1680
-1738
-1731
-1766
-1869
-1885
-1874
-1900
-1903
-1947
-1945
-1936
-1991
-1945
-1960
-1991
-1916
-1855
-1815
-1880
-1882
-1873
-1865
-1826
-1931
-1990
-2002
-1995
-1957
-2039
-2066
-2042
-2145
-2158
-2124
-2075
-2032
-2111
-2022
-1940
-1916
-1831
-1782
-1609
-1488
-1401
-1229
-1102
-956
-791
-634
-515
-380
-161
9
182
381
535
736
907
1092
1278
1389
1574
1724
1878
2113
2238
2383
2508
2532
2605
2660
2728
2834
2904
2848
2865
2928
2881
2878
2809
2754
2764
2753
2690
2631
2571
2490
2364
2246
2194
2067
2000
1919
1813
1724
1648
1629
1549
1502
1440
1341
1289
1221
1211
1181
1127
1140
1058
973
917
851
789
734
659
571
599
557
396
307
280
187
104
-7
-137
-183
-272
-333
-384
-480
-570
-691
-808
-858
-958
-1108
-1151
-1208
-1316
-1389
-1460
-1558
-1610
-1686
-1806
-1787
-1776
-1828
-1878
-1986
-1988
-2003
-2116
-2099
-2043
-2082
-2081
-2067
-2135
-2125
-2005
-1970
-2024
-1932
-1842
-1874
-1808
-1792
-1809
-1636
-1570
-1635
-1593
-1589
-1539
-1515
-1558
-1522
-1493
-1439
-1412
-1336
-1295
-1351
-1364
-1235
-1014
-1010
-995
-922
-962
-819
-717
-674
-543
-533
-489
-408
-312
-260
-267
-138
-34
53
154
158
300
443
525
631
744
839
884
995
1081
1199
1365
1507
1673
1786
1884
1994
2094
2154
2150
2258
2365
2402
2481
2532
2532
2530
2598
2645
2579
2492
2468
2510
2530
2478
2448
2406
2307
2217
2172
2133
2029
1916
1850
1777
1690
1580
1493
1345
1125
1059
1044
951
863
762
656
586
461
355
248
148
90
-32
-62
-87
-146
-242
-370
-379
-451
-488
-437
-573
-660
-630
-797
-872
-880
-928
-887
-883
-905
-968
-1079
-1194
-1184
-1201
-1291
-1316
-1360
-1376
-1374
-1504
-1550
-1520
-1612
-1654
-1769
-1856
-1845
-1862
-1821
-1871
-1912
-1863
-1854
-1868
-1879
-1842
-1817
-1854
-1806
-1723
-1661
-1596
-1565
-1513
-1450
-1375
-1273
-1252
-1234
-1136
-1069
-997
-974
-892
-781
-789
-651
-512
-550
-529
-438
-438
-448
-316
-196
-206
-242
-174
-125
-100
3
38
43
31
-53
-38
41
105
120
121
162
215
289
275
366
412
347
429
506
638
741
802
843
875
995
1037
1170
1344
1347
1423
1582
1642
1725
1816
1867
1907
1948
1986
2018
2079
2110
2139
2123
2115
2109
2003
2015
2054
1990
1979
1919
1824
1783
1666
1550
1469
1350
1226
1082
938
896
858
705
589
502
426
351
258
116
40
23
-48
-134
-180
-296
-407
-378
-425
-462
-533
-613
-707
-722
-630
-646
-672
-760
-765
-736
-694
-644
-682
-696
-734
-793
-886
-845
-788
-846
-837
-887
-940
-984
-1089
-1111
-1154
-1239
-1293
-1331
-1383
-1490
-1498
-1464
-1496
-1482
-1490
-1486
-1482
-1496
-1437
-1434
-1437
-1400
-1294
-1219
-1236
-1150
-1042
-953
-924
-959
-925
-852
-660
-543
-578
-504
-403
-293
-153
-142
-58
62
-25
20
146
209
321
335
328
370
412
401
339
309
323
327
302
279
205
164
182
144
52
-21
-22
-42
-110
-112
-100
-125
-124
-155
-150
-106
-35
16
28
116
286
337
356
525
580
654
776
880
961
975
1017
1083
1233
1267
1240
1392
1484
1461
1441
1441
1468
1486
1483
1401
1345
1275
1178
1145
1124
1095
996
885
827
787
718
655
633
633
515
389
313
205
209
164
72
74
38
-3
6
36
-45
-175
-146
-55
-29
-64
-116
-109
-94
-87
-90
-127
-152
-166
-148
-138
-123
-117
-219
-263
-257
-299
-329
-359
-320
-270
-311
-422
-487
-505
-496
-496
-589
-567
-521
-582
-603
-638
-611
-636
-650
-595
-661
-756
-820
-744
-758
-806
-789
-806
-714
-706
-738
-634
-629
-632
-529
-541
-478
-410
-454
-347
-246
-250
-227
-158
-15
87
128
257
302
293
344
269
248
336
303
175
85
18
-48
-87
-177
-283
-353
-435
-450
-518
-688
-734
-776
-888
-948
-1066
-1158
-1117
-1141
-1104
-1036
-968
-842
-756
-600
-550
-536
-404
-281
-182
-58
98
188
263
366
444
551
713
771
846
976
1098
1204
1225
1303
1274
1222
1319
1338
1353
1392
1427
1414
1424
1512
1469
1423
1379
1351
1280
1162
1079
928
886
789
692
654
552
477
347
280
245
135
91
87
17
-31
-10
3
-59
-95
-117
-134
-85
-59
-80
-41
-20
-72
11
49
43
55
27
122
114
70
162
90
-8
-35
-139
-83
-70
-247
-208
-146
-172
-129
-175
-234
-274
-367
-353
-367
-343
-285
-281
-207
-231
-176
-134
-213
-140
-91
-90
-85
-148
-185
-196
-258
-246
-152
-159
-50
85
142
223
246
342
380
371
442
419
355
389
452
467
511
523
492
507
451
277
-21
-324
-562
-775
-1014
-1385
-1667
-1837
-2140
-2390
-2478
-2501
-2510
-2666
-2747
-2760
-2882
-3030
-3002
-3030
-3113
-2937
-2758
-2456
-2023
-1636
-1329
-994
-649
-374
-41
102
155
311
515
697
823
1045
1292
1536
1770
1912
2042
2141
2221
2205
2061
2023
1953
1842
1729
1636
1634
1629
1765
1796
1766
1828
1724
1671
1590
1399
1312
1156
1011
938
787
670
661
656
620
648
685
631
474
314
193
105
5
-41
-7
65
136
163
322
550
728
829
843
806
820
871
894
911
780
761
771
666
706
737
691
598
489
386
256
67
-82
-278
-490
-558
-708
-839
-768
-747
-717
-523
-393
-275
-157
-227
-212
-158
-227
-142
-111
-112
-92
-60
92
233
339
390
497
695
758
695
685
668
614
508
358
248
187
204
268
322
339
400
414
334
304
97
-317
-840
-1416
-1917
-2411
-2966
-3524
-3982
-4391
-4622
-4745
-4904
-4968
-4969
-5023
-5144
-5100
-5060
-5090
-4904
-4726
-4480
-3999
-3440
-2729
-1920
-1116
-390
301
1007
1521
1834
2027
2167
2252
2229
2210
2179
2166
2286
2386
2476
2551
2606
2615
2500
2325
2041
1673
1327
1027
764
572
550
677
934
1291
1553
1796
2025
2146
2227
2163
2116
1988
1751
1650
1529
1516
1542
1509
1598
1715
1749
1534
1261
1073
788
426
11
-301
-460
-531
-469
-270
30
358
760
1096
1318
1511
1568
1539
1475
1340
1191
1129
1103
1190
1390
1493
1643
1749
1645
1470
1155
770
314
-321
-871
-1232
-1532
-1624
-1563
-1354
-878
-386
76
556
915
1156
1261
1236
1148
866
601
480
413
414
518
847
1146
1419
1623
1694
1783
1606
1276
867
283
-249
-737
-1075
-1264
-1315
-1043
-773
-572
-342
-159
6
-232
-786
-1652
-2816
-3796
-4852
-5891
-6667
-7325
-7726
-7761
-7669
-7571
-7387
-7241
-7087
-6928
-6866
-6835
-6866
-6864
-6624
-6057
-5348
-4397
-3085
-1733
-358
896
1830
2735
3357
3472
3383
2978
2588
2269
1837
1555
1451
1623
1888
2152
2418
2469
2470
2351
1963
1535
1067
607
311
223
347
718
1330
2157
3032
3753
4401
4855
5014
4942
4674
4188
3706
3311
2956
2894
2890
2957
3210
3381
3532
3614
3442
3085
2534
1749
968
284
-195
-497
-621
-330
132
673
1323
1917
2460
2691
2629
2438
2001
1483
974
467
98
-120
-132
94
334
558
771
874
698
276
-264
-987
-1773
-2524
-3083
-3348
-3380
-3114
-2589
-1844
-906
-6
795
1479
1910
2070
2037
1834
1579
1283
981
900
948
1109
1334
1535
1748
1769
1658
1489
1074
507
-98
-786
-1452
-2020
-2487
-2693
-2601
-2373
-1997
-1588
-1083
-481
-48
310
464
380
175
-179
-707
-1633
-2759
-3782
-4720
-5494
-6260
-7064
-7684
-8074
-8321
-8461
-8583
-8779
-9040
-9189
-9209
-9282
-9169
-8770
-8138
-7278
-6091
-4508
-2813
-1001
814
2446
3798
4655
5219
5592
5388
4763
4146
3516
3016
2528
2108
2066
2226
2503
2713
2615
2434
2328
1989
1388
805
287
10
102
395
1034
2072
3261
4437
5420
6225
6793
6981
6898
6541
5956
5329
4736
4258
3954
3834
3835
3846
3707
3474
3191
2638
1874
999
117
-635
-1238
-1497
-1318
-886
-252
545
1225
1932
2509
2675
2585
2215
1638
1023
524
235
149
227
568
1076
1628
2060
2147
1951
1446
547
-680
-2000
-3157
-4111
-4712
-4874
-4601
-3845
-2820
-1688
-542
429
1110
1516
1657
1506
1103
615
290
176
297
654
1190
1875
2505
2964
3113
2917
2494
1692
650
-607
-1873
-2867
-3655
-4063
-4231
-4164
-3722
-3044
-2268
-1589
-1007
-547
-183
86
73
0
-60
-203
-393
-737
-1283
-2142
-3259
-4191
-4964
-5807
-6775
-7728
-8398
-8853
-9113
-9292
-9428
-9434
-9402
-9231
-9001
-8660
-8017
-7138
-5866
-4410
-2961
-1238
681
2655
4240
5204
5819
6049
5964
5387
4243
3071
2239
1757
1321
1004
1151
1564
2116
2613
2769
2708
2488
2159
1668
1145
824
866
1375
2140
3187
4548
6031
7372
8346
8838
8807
8357
7601
6578
5341
4180
3303
2718
2463
2539
2746
2868
2867
2663
2100
1303
375
-763
-1729
-2296
-2526
-2204
-1431
-179
1318
2719
4072
4979
5363
5270
4567
3409
1940
469
-714
-1504
-1782
-1656
-1262
-653
111
666
706
226
-774
-2066
-3498
-4893
-5960
-6579
-6676
-6092
-4847
-3136
-1115
982
2646
3685
4196
4096
3638
2691
1255
35
-870
-1377
-1366
-1045
-342
620
1393
1888
1985
1539
770
-394
-1931
-3557
-4896
-5526
-5618
-5344
-4766
-3874
-2369
-678
598
1331
1675
1823
1721
1349
757
140
-3
218
474
702
927
1381
1438
447
-1447
-3471
-4993
-6396
-8064
-9900
-11251
-11535
-10903
-10105
-9650
-9300
-8675
-7731
-6886
-6402
-6071
-5332
-4051
-2640
-1120
588
2733
5229
7177
8089
8236
8151
7841
6655
4388
1793
-200
-1318
-2000
-2531
-2657
-2125
-911
343
1073
1349
1500
1685
1557
1008
758
1265
2227
3492
4911
6353
8244
10301
11613
11945
11366
10207
8734
6873
4722
2668
932
-215
-655
-616
-203
341
719
685
313
-69
-474
-1061
-1656
-2035
-1913
-1182
82
1785
3420
4786
5818
6367
6443
5896
4678
2926
977
-784
-2180
-2876
-3015
-2922
-2547
-1962
-1260
-721
-696
-1365
-2541
-3797
-4908
-5709
-6027
-5726
-4827
-3418
-1614
317
2146
3622
4420
4301
3557
2518
1149
-340
-1801
-2917
-3363
-3075
-2264
-1257
-191
755
1394
1472
1005
88
-1148
-2460
-3848
-5044
-5567
-5225
-4109
-2764
-1678
-508
894
2163
2786
2555
1792
865
229
-334
-877
-1041
-682
159
1124
1974
2560
2911
2742
1520
-861
-3719
-5948
-7457
-8709
-9993
-10714
-10173
-8821
-7260
-6265
-5945
-5834
-5823
-5839
-6215
-6609
-6371
-5475
-3806
-1680
527
2987
5648
7832
8798
8583
7681
6417
4635
2053
-660
-2605
-3329
-2978
-2285
-1346
-26
1572
3262
4268
4247
3588
2663
1872
1272
1021
1331
2322
3913
5685
7634
9644
11288
12115
11664
9952
7530
5021
2622
354
-1569
-2895
-3155
-2411
-1138
446
1680
2186
2027
1338
484
-594
-1787
-2721
-3072
-2529
-1137
1001
3405
5539
7067
7737
7607
6530
4561
1966
-973
-3590
-5479
-6392
-6337
-5624
-4375
-2894
-1424
-101
654
482
-515
-1934
-3291
-4336
-4908
-4896
-4369
-3147
-1131
1274
3389
4832
5401
4984
3798
2245
468
-1424
-3060
-4288
-4782
-4438
-3547
-2189
-786
267
874
1008
1036
831
105
-897
-2028
-2802
-2823
-2295
-1591
-755
311
1436
2369
2617
2276
1735
989
72
-1025
-2020
-2536
-2447
-1967
-1527
-937
94
1378
2349
2558
2424
2270
1964
1099
-818
-3140
-4746
-5322
-5153
-5163
-5643
-5771
-5343
-4922
-5062
-5942
-7176
-8108
-8609
-8769
-8447
-7387
-5346
-2679
-309
1638
3559
5456
6959
7093
5830
4249
3076
2245
1144
-369
-1538
-1386
-101
1220
1943
2303
2803
3225
3106
2156
781
-108
-493
-379
206
1224
2914
4889
6498
7527
8085
8310
8212
7205
5157
2926
1230
434
130
-223
-355
-13
931
2173
3009
3126
2567
1604
516
-493
-1344
-1709
-1526
-966
47
1449
3102
4599
5429
5201
3997
2164
106
-1705
-3363
-4751
-5498
-5406
-4398
-2840
-1043
588
1660
2252
2343
1836
815
-607
-2021
-3023
-3524
-3428
-2832
-1874
-681
538
1540
1936
1659
720
-638
-2217
-3635
-4512
-4984
-4756
-3962
-2821
-1189
631
2390
3613
3979
3779
3356
2933
2380
1624
863
220
-118
55
401
560
622
435
64
-367
-979
-1642
-2333
-2706
-2646
-2419
-1930
-1343
-746
-59
562
1031
1440
1922
2342
2820
3480
4189
4804
4776
3800
2043
-174
-2085
-3457
-4960
-6800
-8453
-9267
-9133
-8522
-7986
-7874
-7903
-7618
-6825
-5669
-4630
-3764
-3017
-2399
-1544
-323
1007
2096
2767
2960
2799
2571
2435
1922
623
-1119
-2573
-2842
-2338
-1738
-1148
-571
495
1886
3080
3672
3612
3383
3269
3346
3641
3978
4216
4382
4481
4756
5090
5348
5191
4101
2594
1307
631
450
147
-141
-86
534
1944
3525
4525
4708
4223
3497
2747
2177
1698
1036
489
355
635
1219
1913
2236
1826
686
-841
-2154
-3118
-3902
-4576
-4750
-4026
-2511
-394
1664
3232
4293
4621
4458
3890
2701
1269
-51
-1087
-1694
-1966
-1922
-1621
-1288
-1106
-1115
-1386
-1909
-2354
-2893
-3619
-4114
-4171
-3529
-2573
-1526
-247
1086
2354
3274
3592
3277
2717
2013
1174
369
-398
-697
-558
-418
-506
-784
-878
-700
-651
-1000
-1587
-2002
-2023
-1729
-1361
-1160
-858
-225
672
1382
1658
1677
1445
1322
1191
876
906
1284
2038
2969
3536
3824
3736
2977
1111
-1693
-4375
-6307
-7393
-8057
-8567
-8624
-7861
-6479
-5359
-4995
-5220
-5486
-5604
-5632
-5619
-5532
-4961
-3771
-2213
-451
1342
2830
3825
4081
3503
2546
1373
-181
-2061
-3942
-4993
-4623
-3137
-1366
60
1319
2647
4015
5063
5071
4305
3442
2889
3063
3626
4360
5158
5769
6371
6797
6916
6750
5943
4298
2378
908
134
-209
-437
-377
150
1239
2578
3516
3715
3272
2488
1488
572
75
-53
131
398
894
1815
2765
3191
2496
999
-596
-2022
-3073
-3842
-4322
-4192
-3381
-1895
-63
1664
2937
3509
3706
3379
2583
1598
503
-353
-1223
-1922
-1915
-1322
-610
-249
-354
-631
-906
-1528
-2360
-3124
-3681
-3634
-3133
-2575
-1885
-909
158
1156
1792
2006
2031
1839
1516
917
107
-568
-970
-1145
-1296
-1353
-1224
-1035
-1072
-1320
-1582
-1777
-1688
-1512
-1359
-959
-171
786
1413
1645
1741
2036
2489
2719
2546
2190
1961
1767
1590
1348
1137
1162
1282
1510
1889
2256
2408
1823
29
-2410
-4514
-5879
-6460
-6834
-7261
-6856
-5683
-4396
-3608
-3895
-4738
-5473
-5969
-6351
-6727
-6650
-5551
-3912
-2229
-670
379
1241
1770
1533
798
-229
-1215
-2158
-3386
-4363
-4317
-3294
-1839
-656
126
895
1856
2805
3120
2812
2337
2325
3051
4090
5139
6033
6893
7597
7718
7295
6573
5638
4645
3641
2705
2053
1623
1248
838
572
630
1002
1257
1018
526
208
316
598
816
958
1018
1356
2090
2760
3112
2821
1836
671
-357
-1086
-1515
-1704
-1637
-1274
-634
201
985
1407
1531
1435
1224
1151
1233
1312
1224
950
726
585
456
181
-318
-834
-1180
-1273
-1292
-1353
-1528
-1685
-1629
-1430
-1166
-1019
-923
-893
-1027
-1078
-1038
-892
-589
-285
-57
17
139
186
-111
-536
-1110
-1721
-2165
-2297
-2068
-1713
-1273
-885
-714
-580
-522
-533
-496
-568
-590
-274
178
509
860
1265
1699
2162
2519
2771
2755
2532
2224
1699
1314
1202
1399
1927
2457
2936
3215
3093
2249
378
-2252
-4977
-7031
-8107
-8474
-8332
-7671
-6530
-5251
-4555
-4773
-5516
-6309
-7067
-7683
-7864
-7274
-5791
-3604
-1269
599
2037
2981
3212
2705
1446
-81
-1542
-2868
-3953
-4915
-5289
-4695
-3533
-2176
-1068
-243
857
2129
3142
3823
4087
4416
5266
6348
7454
8380
8994
9332
9220
8672
8011
7148
5946
4613
3218
2086
1408
874
318
-361
-822
-858
-687
-310
10
318
859
1499
2164
2769
3156
3232
3011
2552
2073
1794
1608
1345
906
455
312
351
125
-306
-787
-1159
-1171
-1178
-1025
-641
-242
364
886
1352
1755
1774
1413
604
-374
-1066
-1266
-1178
-1174
-1174
-1040
-800
-682
-907
-1503
-2295
-2983
-3462
-3733
-3755
-3356
-2699
-2110
-1763
-1477
-929
-188
301
306
-105
-556
-815
-1125
-1506
-1975
-2203
-1992
-1629
-1258
-826
-472
-355
-274
-400
-517
-197
199
577
1157
1941
2866
3628
3772
3419
2917
2794
3146
3360
3131
2588
1990
1628
1541
1362
1093
835
702
772
1016
1331
1036
-392
-2738
-5106
-6506
-6714
-6504
-6542
-6653
-6531
-6235
-6130
-6706
-7954
-8799
-8788
-7964
-6472
-4793
-2885
-889
881
1909
2006
1430
326
-963
-2280
-3220
-3229
-2667
-2223
-2345
-2504
-1859
-485
619
734
554
834
2187
4149
5698
6769
7595
8616
9663
10411
10677
10140
9109
7843
6407
5046
3915
3005
2152
1351
624
25
-499
-1141
-1881
-2450
-2398
-1579
-428
709
1864
2917
3971
4954
5384
5046
4027
2774
1835
1268
806
272
-365
-860
-1031
-1168
-1402
-1703
-2113
-2266
-2108
-1817
-1284
-688
-119
423
881
1396
1798
2085
2130
1834
1475
1077
579
9
-538
-1129
-1647
-2190
-2958
-3802
-4671
-5327
-5687
-5805
-5527
-4915
-4104
-3204
-2396
-1739
-1276
-910
-497
121
924
1436
1428
1019
591
261
-19
-196
-498
-702
-622
-432
-96
199
129
-90
-201
-234
62
743
1581
2483
3386
4178
4762
4881
4349
3512
2833
2495
2500
2393
1966
1513
1203
1016
677
209
-95
-115
202
894
1647
1929
1406
-181
-2445
-4501
-5663
-5903
-5986
-6389
-6869
-6939
-6638
-6799
-7684
-8782
-9437
-8996
-7757
-6389
-5064
-3812
-2556
-1386
-844
-843
-813
-755
-547
-167
334
1215
1963
1729
670
-506
-1079
-911
-677
-621
-180
1266
3683
5995
7147
7163
6709
6538
6541
6290
6000
5673
5592
5923
6120
6105
5748
4940
3670
1890
263
-843
-1483
-1857
-2049
-1602
-488
1067
2443
2957
2869
2577
2352
2197
1947
1525
1014
807
925
901
571
91
-385
-865
-1314
-1622
-1755
-1764
-1755
-1658
-1478
-1093
-474
32
290
578
1108
1795
2377
2660
2540
1892
1140
425
-553
-1695
-2883
-3832
-4325
-4417
-4250
-4168
-4198
-4298
-4476
-4507
-4518
-4345
-3825
-3065
-1922
-545
807
1952
2640
2967
3083
2723
1950
925
-256
-1227
-1791
-1796
-1462
-1101
-755
-557
-348
-135
102
467
747
937
1292
2197
3521
4767
5585
5889
5857
5510
4941
3987
2677
1689
1366
1464
1471
1093
584
70
-658
-1466
-2175
-2431
-1901
-786
484
1406
2049
2091
859
-1678
-4805
-6949
-7386
-6724
-6099
-5920
-5474
-4773
-4692
-5797
-7876
-9663
-10100
-9308
-8027
-6436
-4283
-1741
782
2310
2442
2084
1706
1274
782
204
145
678
956
556
-110
-303
43
415
234
-324
-80
1170
2520
3514
4078
4610
5560
6519
6986
7005
6949
7065
7000
6420
5543
4617
3666
2549
1341
435
19
-172
-517
-1048
-1472
-1182
-524
-429
-671
-870
-623
242
1138
1957
2609
2911
2892
2400
1519
556
-181
-753
-1136
-1160
-649
183
695
686
206
-273
-641
-1043
-1383
-1582
-1308
-566
327
999
1253
1177
885
448
21
-488
-1058
-1459
-2022
-2487
-2699
-2920
-3124
-3616
-4307
-4636
-4195
-3144
-2040
-1127
-350
418
1058
1190
813
390
80
-12
248
621
1088
1520
1605
1270
653
-31
-630
-1093
-1352
-1182
-455
731
1885
2783
3435
3952
4366
4434
4393
4136
3766
3421
2923
2521
2128
1628
883
-23
-584
-715
-652
-852
-1430
-2013
-2461
-2672
-2767
-2705
-1898
-422
1248
2507
2869
2522
1589
-192
-2966
-6007
-7892
-7859
-6713
-5797
-5435
-5181
-4998
-5580
-7251
-9151
-10074
-9336
-7341
-4979
-2572
-186
1891
2997
2666
1284
-54
-582
-369
159
674
1576
2649
2984
2075
148
-1434
-1857
-1548
-1006
-246
1267
3577
5755
6917
6785
6059
5329
4605
4065
3947
4430
5390
6204
6316
5886
5162
4008
2380
459
-1254
-2204
-2163
-1658
-1158
-455
430
1183
1421
1223
997
968
1009
1014
1131
1322
1583
1722
1572
1297
1000
748
368
-197
-789
-1335
-1518
-1539
-1703
-1627
-1264
-855
-420
-68
252
763
1120
1154
1007
712
517
322
36
-420
-1010
-1283
-1312
-1461
-1901
-2533
-3176
-3769
-4220
-4318
-3860
-2972
-1920
-830
93
750
1218
1216
714
175
30
460
1014
1299
1403
1385
1271
1010
482
-196
-730
-774
-343
327
1028
1562
2051
2346
2175
1918
1863
1971
2207
2360
2476
2769
2928
2463
1315
-108
-1067
-1531
-1848
-1993
-1811
-1065
-111
425
283
-263
-766
-1259
-1670
-1795
-1412
-310
824
1170
879
404
-254
-1674
-4171
-6805
-7994
-7250
-5749
-4888
-4732
-4565
-4134
-4100
-5068
-6374
-6788
-5942
-4514
-3105
-1787
-389
908
1407
759
-394
-1014
-636
35
133
185
823
1807
2036
991
-372
-932
-121
1175
2060
2724
3698
5081
5953
5712
4649
3610
3263
3360
3572
4092
5055
6089
6389
5609
4250
3117
2236
1142
112
-406
-159
624
1212
1098
921
1106
1042
775
355
128
428
676
775
735
532
307
-45
-568
-934
-835
-599
-491
-622
-696
-390
-133
-228
-597
-815
-711
-467
-181
-96
-160
7
353
537
317
-180
-523
-783
-1023
-1242
-1443
-1405
-1323
-1312
-1419
-1576
-1574
-1661
-1775
-1709
-1366
-674
-32
411
568
436
404
348
44
-256
-322
-258
-157
-2
10
-60
-75
-133
-147
49
460
905
1227
1223
1101
1286
1395
1122
708
438
562
910
1052
1008
956
833
579
209
-231
-556
-499
-308
-187
95
429
471
217
-149
-494
-493
-217
-154
-241
-167
25
117
-138
-687
-1198
-1375
-1275
-1186
-1084
-1077
-1215
-1615
-2513
-3141
-3074
-2686
-2471
-2752
-3051
-2862
-2531
-2619
-3245
-4044
-4087
-3472
-3026
-3025
-3127
-2688
-1845
-1068
-855
-1020
-658
172
856
1058
1052
1374
1765
1619
951
381
439
925
1270
1180
1043
1374
2085
2541
2220
1640
1580
2155
2775
2894
2985
3360
3944
4301
3957
3471
3258
3360
3412
3015
2614
2416
2300
2053
1441
927
781
677
514
80
-392
-436
-325
-154
23
117
343
627
713
658
421
231
278
210
285
445
509
772
864
537
147
-308
-835
-1152
-1399
-1506
-1373
-1152
-1047
-1189
-1302
-1436
-1630
-1846
-2020
-1982
-1725
-1262
-742
-355
-297
-413
-570
-719
-831
-1026
-1002
-788
-528
-311
-319
-345
-392
-427
-526
-598
-604
-676
-681
-757
-646
-347
-163
22
80
214
623
990
1279
1381
1264
1152
968
744
610
512
548
786
978
1131
1192
1095
935
607
248
53
-25
36
88
124
327
494
743
786
468
354
351
330
245
-101
-593
-993
-1104
-1015
-955
-879
-866
-990
-1080
-1241
-1392
-1549
-1897
-2041
-1909
-1592
-1209
-1004
-1008
-1399
-1799
-1953
-1878
-1605
-1607
-1694
-1666
-1543
-1375
-1524
-1927
-2392
-2516
-2204
-1822
-1342
-957
-597
-101
210
258
4
-384
-544
-477
-62
563
1159
1687
1831
1809
1765
1574
1260
881
655
692
1069
1639
2049
2186
2080
1965
2079
2185
2173
2193
2188
2300
2589
2772
2885
2829
2605
2452
2322
2178
2022
1730
1372
1182
1055
922
624
178
16
-11
46
13
-197
-351
-477
-334
-176
-140
-146
-355
-498
-488
-585
-728
-853
-986
-1098
-1235
-1301
-1249
-1196
-1142
-1023
-790
-616
-560
-471
-587
-703
-605
-477
-363
-314
-223
-97
69
196
59
-141
-283
-510
-587
-579
-472
-179
44
394
660
645
558
428
301
143
147
382
640
822
929
906
697
480
117
-256
-459
-694
-622
-378
-273
-52
213
348
390
364
286
115
48
293
504
565
493
420
446
276
-79
-533
-878
-961
-947
-949
-915
-941
-1026
-1050
-1132
-1198
-1294
-1277
-934
-618
-326
-89
-89
-197
-415
-720
-975
-1018
-916
-974
-1237
-1434
-1458
-1325
-1309
-1791
-2339
-2579
-2438
-2176
-2122
-2075
-2097
-1916
-1574
-1387
-1195
-1023
-669
-274
-158
-79
32
91
-10
-264
-324
-91
417
839
921
1101
1483
1866
2041
1834
1519
1519
1763
2154
2468
2380
2291
2424
2636
2800
2809
2791
2776
2700
2541
2419
2458
2531
2322
2044
1961
1948
2004
1828
1449
1179
1063
972
611
201
-32
-152
-151
-213
-475
-862
-1113
-1208
-1350
-1471
-1423
-1149
-869
-881
-994
-1027
-942
-825
-919
-995
-819
-409
11
101
35
-95
-372
-499
-592
-797
-722
-467
-148
130
77
-87
-188
-409
-711
-849
-780
-546
-241
-147
-144
-54
25
60
-60
-175
-94
105
222
213
54
-49
0
-151
-489
-754
-764
-616
-496
-432
-365
-256
-168
-80
-111
-145
-121
-180
-125
-42
48
216
303
295
229
149
182
272
322
401
586
750
828
786
654
483
205
-70
-282
-319
-165
25
134
167
168
76
-72
-460
-977
-1217
-1112
-926
-956
-1057
-982
-709
-554
-706
-989
-1268
-1486
-1603
-1666
-1645
-1483
-1335
-1411
-1694
-1996
-2225
-2284
-2324
-2460
-2431
-2054
-1424
-886
-613
-523
-566
-571
-461
-395
-288
9
412
904
1422
1785
1854
1772
1706
1705
1768
1790
1771
1774
1876
2102
2288
2303
2196
2047
2017
1949
1896
1968
2014
2157
2073
1869
1834
1773
1854
1792
1442
1249
1183
1202
1186
936
637
440
266
62
-100
-308
-379
-266
-284
-384
-512
-508
-452
-624
-847
-976
-969
-792
-506
-285
-148
10
187
119
-215
-456
-527
-415
-301
-320
-160
74
163
68
-219
-345
-358
-472
-537
-562
-427
-175
-119
-271
-583
-805
-738
-732
-759
-655
-642
-460
-322
-434
-502
-699
-780
-809
-851
-756
-658
-366
-104
9
35
-80
-146
-298
-502
-563
-493
-243
27
174
163
170
208
147
68
19
85
287
464
460
386
310
271
337
384
366
355
279
206
161
39
-15
-151
-238
-204
-146
57
129
42
-92
-154
-107
-84
-175
-385
-434
-350
-280
-286
-572
-869
-914
-872
-790
-778
-897
-1041
-1182
-1204
-1108
-1005
-953
-1023
-1134
-1150
-1006
-764
-652
-848
-964
-747
-451
-161
-142
-270
-203
-176
-123
-110
-296
-383
-346
-140
292
539
659
794
824
1012
1095
1094
1161
1021
1060
1192
1372
1674
1661
1528
1433
1371
1542
1634
1614
1644
1601
1645
1648
1592
1465
1194
1055
954
931
1014
987
1006
1012
931
879
769
595
377
175
69
3
-41
-60
-131
-290
-412
-537
-594
-512
-442
-376
-379
-354
-217
-142
-209
-332
-428
-437
-336
-258
-250
-222
-170
-96
-140
-306
-467
-649
-674
-654
-636
-528
-533
-526
-393
-312
-260
-276
-243
-118
-206
-302
-263
-268
-333
-394
-369
-401
-488
-477
-527
-471
-301
-235
-158
-156
-89
-53
-85
-46
-105
-45
-41
-18
284
468
518
424
246
187
43
-151
-181
-219
-167
-31
11
87
16
-41
-50
-212
-373
-444
-369
-323
-286
-286
-352
-308
-319
-453
-610
-533
-403
-452
-505
-494
-436
-509
-623
-779
-922
-983
-894
-745
-734
-683
-683
-635
-558
-623
-744
-924
-1077
-1102
-1009
-851
-685
-536
-469
-475
-411
-388
-401
-466
-527
-336
32
327
293
208
292
344
437
524
414
478
712
900
1097
1040
976
1030
981
905
966
1067
1111
1254
1458
1640
1756
1856
1877
1653
1439
1522
1669
1747
1737
1552
1571
1652
1506
1285
911
612
599
510
422
420
285
237
252
147
-108
-230
-236
-275
-266
-338
-321
-264
-248
-219
-235
-231
-285
-384
-510
-629
-591
-561
-566
-597
-639
-604
-600
-642
-743
-773
-745
-673
-567
-494
-354
-200
-92
-127
-161
-219
-402
-471
-427
-353
-140
48
-17
-43
0
-62
-173
-343
-443
-440
-418
-276
-158
-125
-25
62
14
-72
-87
-55
11
57
-62
-190
-189
-290
-300
-254
-304
-310
-342
-257
-80
-70
-75
-111
-206
-227
-192
-19
155
124
51
99
140
68
-117
-320
-424
-381
-306
-273
-265
-308
-212
-132
-234
-358
-599
-808
-892
-866
-786
-803
-815
-862
-982
-937
-775
-837
-1003
-1172
-1338
-1279
-1124
-1037
-1133
-1238
-1184
-1058
-807
-741
-743
-661
-541
-388
-307
-113
16
98
221
326
539
615
639
822
928
1081
1268
1299
1364
1409
1466
1598
1588
1631
1813
1880
1917
2046
2070
2006
1922
1724
1587
1470
1339
1260
1158
1073
923
868
903
791
606
401
342
378
227
134
147
103
151
103
-59
-157
-242
-262
-302
-454
-508
-426
-438
-448
-424
-500
-551
-557
-528
-504
-465
-470
-471
-289
-180
-84
62
94
128
116
54
47
94
109
23
21
44
-49
-73
-61
-127
-197
-319
-397
-365
-377
-395
-383
-356
-398
-435
-343
-287
-208
-167
-246
-189
-174
-235
-235
-252
-236
-212
-145
-47
-33
-56
-92
-148
-180
-199
-246
-237
-184
-152
-84
-25
1
-50
-108
-115
-167
-175
-218
-182
-76
-64
-10
12
-6
-45
-129
-167
-133
-112
-101
-192
-364
-462
-517
-622
-682
-771
-891
-844
-773
-732
-765
-814
-892
-1039
-1165
-1278
-1336
-1389
-1420
-1330
-1155
-1098
-1055
-1025
-958
-823
-838
-754
-660
-574
-388
-252
-129
7
116
188
262
333
488
624
663
723
843
979
1067
1143
1237
1323
1394
1572
1749
1733
1626
1586
1673
1721
1632
1611
1640
1695
1699
1541
1378
1229
1090
1026
924
788
731
592
527
491
383
404
330
234
214
70
74
139
31
16
20
28
45
-21
-101
-151
-121
-88
-156
-363
-495
-492
-431
-329
-342
-449
-421
-216
-117
-168
-223
-235
-178
-129
-157
-269
-272
-276
-323
-227
-246
-254
-258
-367
-371
-384
-322
-279
-397
-445
-437
-297
-213
-317
-284
-242
-229
-85
-49
-214
-306
-257
-159
-153
-230
-291
-298
-274
-253
-200
-81
27
42
7
-11
20
-47
-63
-74
-87
6
60
169
310
344
305
244
155
75
-27
-151
-175
-230
-264
-176
-188
-261
-270
-271
-299
-288
-420
-572
-610
-647
-626
-695
-830
-862
-897
-991
-1040
-1097
-1200
-1263
-1238
-1197
-1224
-1317
-1315
-1242
-1186
-1128
-1010
-880
-756
-646
-550
-403
-326
-270
-226
-176
-34
185
337
396
538
682
771
891
936
970
1009
1047
1244
1424
1491
1575
1674
1721
1704
1669
1669
1660
1636
1615
1547
1561
1483
1285
1232
1093
914
818
712
675
602
429
367
396
262
161
101
46
80
53
78
103
88
21
-115
-215
-266
-243
-235
-295
-279
-233
-233
-195
-205
-205
-226
-264
-283
-261
-181
-212
-197
-120
-71
-56
-103
-114
-160
-251
-255
-211
-230
-320
-291
-233
-231
-116
-178
-307
-304
-333
-300
-339
-358
-266
-270
-202
-166
-281
-277
-319
-414
-456
-496
-446
-354
-286
-231
-107
-7
-33
-18
-5
-145
-270
-267
-205
-93
51
125
192
227
192
167
147
99
32
-14
-37
-16
-81
-99
-172
-348
-340
-313
-390
-507
-528
-567
-634
-582
-609
-574
-515
-607
-657
-666
-655
-706
-834
-960
-1037
-1012
-1006
-1067
-1079
-1069
-1086
-984
-931
-904
-838
-881
-844
-737
-679
-635
-548
-455
-329
-156
20
169
286
366
436
510
571
696
762
781
907
1057
1208
1347
1374
1446
1551
1572
1634
1727
1822
1830
1846
1880
1835
1865
1844
1743
1698
1673
1557
1462
1361
1188
1111
955
786
709
514
368
279
152
58
-41
-82
-118
-293
-351
-264
-428
-566
-578
-593
-558
-698
-706
-666
-707
-656
-815
-873
-806
-846
-797
-758
-651
-553
-493
-351
-344
-342
-319
-372
-317
-285
-313
-240
-154
-100
12
43
-82
-134
-70
-63
-88
-91
-60
6
22
47
76
46
-14
-49
-37
-60
1
0
-60
-10
-1
18
0
-14
-66
-176
-158
-89
-107
-119
9
88
143
122
77
104
107
96
39
66
34
-45
-90
-125
-120
-126
-151
-269
-339
-374
-396
-384
-465
-547
-590
-632
-625
-632
-689
-721
-741
-751
-716
-626
-680
-789
-790
-827
-847
-898
-965
-949
-973
-988
-886
-816
-825
-861
-814
-701
-658
-640
-630
-516
-374
-287
-183
-132
-78
22
154
287
343
449
641
835
942
940
1014
1084
1082
1095
1242
1361
1387
1506
1599
1596
1580
1631
1628
1597
1532
1490
1562
1479
1353
1320
1273
1187
1040
927
880
801
741
651
524
456
304
149
97
80
67
-37
-99
-108
-171
-191
-271
-370
-391
-350
-387
-472
-418
-369
-312
-330
-354
-355
-367
-346
-413
-394
-373
-366
-355
-309
-151
-138
-251
-225
-179
-144
-144
-198
-85
-57
-120
-144
-121
-95
-129
-139
-123
-75
-95
-45
1
-51
-84
-109
-45
-64
-94
-15
3
1
-8
-47
-93
-189
-276
-227
-252
-333
-280
-278
-313
-388
-436
-406
-432
-435
-474
-488
-340
-365
-439
-425
-535
-553
-525
-547
-644
-757
-668
-687
-795
-738
-790
-841
-753
-797
-810
-768
-794
-760
-793
-813
-746
-711
-632
-635
-677
-588
-564
-539
-415
-354
-335
-312
-206
-104
-157
-135
-78
-60
-6
39
172
217
120
169
325
436
595
733
797
886
997
1058
1089
1126
1159
1182
1255
1271
1246
1298
1300
1315
1285
1281
1310
1223
1241
1191
1101
1148
1072
996
915
918
968
886
826
726
645
516
380
363
312
221
156
130
121
101
91
52
12
-8
-85
-101
-187
-301
-267
-292
-322
-307
-341
-380
-404
-417
-446
-437
-379
-340
-311
-338
-391
-409
-453
-408
-356
-405
-358
-384
-439
-428
-460
-413
-445
-510
-467
-465
-456
-389
-366
-388
-359
-333
-312
-326
-399
-458
-439
-359
-266
-189
-177
-156
-199
-226
-263
-326
-263
-335
-325
-204
-172
-58
-41
-122
-185
-196
-274
-351
-358
-437
-389
-364
-354
-295
-386
-398
-393
-538
-645
-604
-574
-614
-548
-539
-588
-544
-606
-642
-605
-604
-523
-528
-475
-403
-404
-323
-311
-309
-221
-85
-39
-29
60
151
179
173
196
232
282
384
475
577
613
610
610
629
697
724
748
706
744
763
700
789
843
780
751
811
810
804
831
824
825
800
826
854
822
775
822
866
817
824
707
649
736
704
675
689
651
601
501
472
446
384
408
397
440
459
451
370
307
419
346
190
185
132
118
121
94
54
52
59
-103
-217
-247
-303
-344
-377
-398
-401
-363
-390
-437
-441
-493
-535
-618
-746
-779
-727
-670
-622
-636
-714
-758
-775
-865
-902
-822
-857
-889
-908
-960
-943
-898
-891
-933
-884
-920
-962
-921
-930
-877
-816
-792
-819
-784
-772
-754
-712
-732
-649
-673
-683
-568
-562
-490
-440
-425
-386
-375
-342
-270
-187
-195
-146
-16
-53
-114
-28
47
68
46
133
246
239
202
191
267
263
272
357
463
556
541
594
677
697
675
662
681
694
709
747
748
694
718
704
676
730
678
643
644
660
638
711
906
791
772
881
808
760
698
702
724
693
715
709
706
735
692
664
705
683
696
676
619
660
604
579
599
585
610
621
630
591
573
510
462
422
342
395
354
299
308
271
304
235
218
211
103
2
-103
-96
-208
-377
-428
-408
-395
-501
-527
-465
-467
-516
-598
-662
-733
-820
-879
-927
-953
-1054
-1047
-981
-1005
-1031
-1144
-1131
-1173
-1265
-1183
-1191
-1230
-1219
-1193
-1162
-1122
-1060
-1090
-1148
-1124
-1108
-1166
-1183
-1081
-988
-992
-993
-966
-869
-804
-850
-799
-765
-790
-760
-723
-615
-471
-492
-502
-394
-319
-265
-234
-148
-31
4
78
136
182
331
399
414
450
544
681
735
805
820
871
1011
1028
953
942
1059
1135
1155
1191
1217
1264
1326
1343
1310
1303
1282
1266
1268
1200
1217
1204
1084
1064
1072
1012
987
1004
969
1023
1005
862
844
781
750
766
678
627
628
624
617
562
485
443
401
388
361
296
231
219
224
210
171
112
124
62
-54
-88
-89
-116
-158
-190
-215
-329
-393
-368
-497
-590
-616
-638
-614
-715
-729
-725
-835
-825
-877
-902
-862
-938
-913
-884
-933
-926
-1000
-1034
-1020
-1084
-1075
-1026
-1069
-1058
-1079
-1074
-946
-989
-995
-995
-1008
-893
-872
-853
-848
-879
-811
-728
-687
-671
-695
-617
-584
-599
-553
-578
-514
-416
-411
-411
-431
-423
-384
-337
-267
-277
-215
-83
-60
6
65
56
52
26
93
138
113
126
172
317
413
435
547
505
455
557
587
608
658
707
712
816
889
867
898
910
941
894
893
1008
1047
1056
1111
1177
1151
1042
1039
1058
1049
1091
1091
1106
1094
1100
1151
1094
1022
985
965
904
756
723
696
591
579
548
529
464
327
273
211
154
157
159
49
31
47
28
36
-102
-174
-210
-251
-273
-313
-305
-335
-309
-302
-368
-391
-390
-445
-521
-526
-512
-539
-544
-535
-611
-595
-538
-583
-572
-607
-586
-587
-737
-791
-743
-716
-756
-765
-825
-848
-880
-929
-868
-911
-941
-912
-873
-822
-846
-860
-764
-759
-815
-808
-865
-893
-804
-730
-693
-623
-583
-571
-564
-536
-508
-511
-509
-463
-374
-283
-241
-249
-163
-74
-33
12
-25
-5
94
77
91
239
252
244
283
287
333
405
467
498
561
572
538
609
654
643
640
677
821
850
769
726
744
771
726
747
727
685
793
817
736
813
797
744
828
830
785
698
681
716
684
663
712
711
622
593
593
575
531
525
545
521
492
459
350
336
382
356
303
207
202
249
262
197
128
92
74
32
-66
-97
-194
-140
-82
-206
-198
-226
-242
-319
-364
-315
-424
-465
-496
-439
-402
-520
-468
-423
-447
-450
-547
-615
-561
-559
-569
-588
-641
-706
-717
-671
-677
-636
-702
-672
-528
-541
-533
-633
-597
-511
-571
-492
-492
-495
-447
-469
-447
-432
-391
-400
-507
-496
-435
-490
-430
-317
-367
-276
-215
-243
-212
-273
-283
-288
-261
-146
-77
-99
-138
-166
-111
-71
-58
-47
-78
-34
-32
114
162
19
78
142
168
167
253
259
214
332
288
248
224
236
368
418
476
431
373
451
538
619
592
553
569
518
478
513
570
588
581
587
611
633
649
670
651
567
562
591
571
539
500
544
550
531
454
366
347
346
441
402
314
361
374
303
309
287
191
158
164
193
126
88
27
-36
-14
-53
-67
-101
-208
-223
-200
-272
-262
-217
-260
-242
-287
-345
-273
-332
-354
-311
-369
-375
-374
-372
-428
-423
-336
-382
-422
-428
-503
-529
-469
-457
-507
-560
-588
-493
-400
-429
-475
-503
-516
-537
-498
-494
-535
-546
-527
-426
-369
-303
-334
-434
-381
-357
-380
-375
-370
-355
-290
-224
-170
-171
-230
-186
-130
-111
-61
-69
-70
-6
30
102
61
-3
109
94
97
180
108
119
228
234
209
213
232
326
359
328
355
317
333
362
290
335
383
362
464
494
352
319
368
412
411
345
376
414
440
441
390
393
388
455
453
416
437
432
479
425
426
526
437
424
500
420
374
330
322
361
365
395
390
408
406
376
289
218
243
225
189
147
188
230
176
99
74
83
46
31
-2
22
-32
-102
-12
-58
-65
-66
-176
-180
-229
-223
-261
-374
-264
-268
-369
-413
-443
-426
-474
-553
-586
-626
-622
-616
-632
-634
-652
-583
-610
-638
-619
-691
-699
-691
-647
-607
-584
-601
-585
-490
-564
-573
-493
-494
-447
-429
-464
-421
-361
-336
-236
-208
-241
-237
-250
-182
-165
-154
-74
-97
-29
-19
-14
96
126
227
180
141
176
152
219
237
289
273
213
302
316
330
338
331
365
320
356
373
271
238
277
286
281
346
406
367
356
387
395
423
426
413
431
463
447
466
480
456
518
528
507
491
434
438
476
429
432
426
388
490
465
412
394
271
299
419
350
216
207
239
212
106
85
155
112
77
108
54
-48
-47
-55
-138
-174
-215
-147
-153
-230
-152
-248
-257
-219
-358
-377
-406
-422
-414
-431
-398
-427
-441
-368
-378
-431
-414
-415
-396
-388
-362
-392
-469
-332
-297
-310
-296
-411
-401
-353
-322
-303
-331
-291
-237
-258
-332
-360
-320
-237
-230
-335
-302
-289
-312
-227
-240
-285
-268
-317
-318
-217
-222
-228
-225
-271
-182
-155
-179
-109
-145
-119
-88
-111
4
45
19
42
77
147
190
194
207
202
205
237
247
249
301
342
346
397
407
380
369
330
382
425
360
396
420
391
422
434
457
404
368
388
361
373
391
346
302
278
304
380
332
308
303
195
147
154
238
304
253
216
194
185
183
173
125
139
109
68
161
78
38
106
112
172
165
108
66
-18
-66
11
-7
-33
11
-97
-159
-135
-123
-121
-161
-134
-167
-280
-249
-228
-214
-179
-220
-241
-243
-244
-301
-285
-271
-373
-343
-319
-380
-347
-344
-413
-350
-343
-356
-333
-427
-410
-357
-373
-336
-303
-292
-324
-283
-255
-291
-242
-264
-282
-186
-128
-111
-107
-118
-92
-81
-108
-82
18
7
-50
-33
-15
0
-17
45
68
-16
26
54
67
91
21
65
55
-1
60
46
86
98
39
15
62
148
103
123
126
91
142
122
163
191
153
160
139
168
199
191
172
179
244
288
206
119
215
243
179
235
254
253
233
199
263
286
370
355
233
235
214
211
180
197
254
239
242
174
115
149
180
155
90
114
209
214
94
171
252
158
132
82
87
6
-21
65
8
6
55
149
114
-32
26
38
-8
-47
-85
-116
-173
-167
-224
-208
-190
-274
-206
-157
-218
-286
-295
-244
-224
-213
-299
-288
-267
-262
-201
-295
-299
-247
-266
-278
-287
-275
-251
-172
-162
-238
-207
-204
-265
-274
-315
-294
-241
-341
-375
-325
-303
-264
-242
-207
-190
-178
-169
-126
-166
-164
-93
-134
-105
-94
-129
-156
-102
-70
-97
-12
-15
-9
55
40
66
-15
-29
111
112
119
144
118
130
134
170
224
146
138
263
318
266
187
205
309
323
232
294
326
241
236
202
174
210
222
192
219
238
200
229
207
162
245
234
204
233
220
204
173
205
189
139
139
169
163
167
215
141
111
198
189
169
157
103
150
130
72
70
20
14
25
35
51
15
-42
-61
12
11
-20
0
-7
-26
-118
-161
-164
-155
-138
-203
-231
-199
-197
-191
-135
-127
-154
-224
-248
-186
-264
-291
-246
-237
-221
-281
-302
-269
-292
-323
-274
-172
-136
-241
-262
-127
-135
-202
-147
-153
-171
-193
-257
-201
-197
-186
-124
-164
-66
0
-55
-1
0
-32
3
-13
3
46
-21
-8
-22
-2
78
-32
-7
8
29
115
-3
27
42
-11
27
66
60
55
112
40
73
151
93
95
94
132
181
147
245
282
193
238
207
168
262
255
244
309
252
235
259
256
268
205
278
309
170
170
210
136
109
199
218
164
99
94
143
108
88
67
99
102
28
66
27
28
28
-59
41
52
-52
-42
-50
-60
-69
-106
-91
-94
-108
-94
-101
-104
-127
-87
-70
-89
-78
-125
-129
-148
-148
-175
-170
-98
-167
-203
-139
-116
-154
-184
-167
-175
-153
-136
-139
-125
-181
-186
-157
-156
-157
-152
-170
-176
-130
-188
-155
-15
-33
-48
-24
-26
-49
-54
-80
-66
-4
-97
-133
-90
-75
-25
-28
-11
-60
-75
-6
-33
41
103
20
53
76
23
21
0
77
123
111
87
28
67
54
99
169
107
62
76
94
45
76
161
157
149
94
49
84
97
139
147
81
123
109
92
128
115
145
157
152
114
141
123
78
162
149
158
132
17
74
37
34
111
40
90
82
11
98
66
-75
-38
-16
-91
-37
-27
-48
16
22
-38
-65
-103
-121
-55
0
4
-33
-34
0
2
-83
-151
-163
-121
-99
-146
-115
-133
-189
-129
-75
-91
-75
-111
-117
-68
-55
-60
-191
-196
-127
-183
-204
-164
-102
-66
-24
2
-4
-17
-78
-60
16
-2
-36
-12
32
-11
-74
-59
3
2
-77
-56
5
-87
-126
-50
3
34
-19
-44
22
34
16
88
41
-18
-29
-7
31
37
116
115
68
73
134
146
81
114
154
123
75
123
159
56
93
174
209
202
102
86
100
140
145
118
117
100
108
76
125
171
160
187
73
50
94
97
114
60
96
85
25
117
102
7
89
56
20
40
-13
29
-17
-40
0
-59
-98
-50
1
27
62
24
-40
-59
-30
-113
-147
-134
-123
-7
-64
-98
-79
-103
-68
-111
-106
-70
-165
-136
2
-109
-218
-130
-103
-70
-56
-164
-179
-78
-81
-150
-119
-90
-84
-41
-71
-76
-94
-107
-29
-30
-11
-37
-118
-148
-158
-91
-37
-57
-26
19
10
-22
-53
-45
-65
-87
-110
-83
-7
7
-25
21
22
-66
1
-11
-8
25
-10
5
-27
7
-17
-36
10
-21
18
38
52
67
62
68
49
83
11
-34
79
90
52
54
64
107
95
53
56
73
89
108
122
86
71
63
51
18
45
133
62
48
62
27
55
-58
-25
136
85
70
103
126
134
64
16
24
44
35
49
88
101
93
145
104
-18
20
32
7
7
13
0
-35
-22
-45
-30
-18
-57
-45
59
126
26
11
55
51
57
13
-26
-26
20
35
45
44
27
-25
-75
-20
-27
-29
36
45
-8
-37
-91
-116
-80
-70
-11
24
-2
8
-34
-84
19
1
-35
33
-5
7
46
-6
-40
-29
-7
-49
-142
-103
-66
-94
-19
-44
-140
-147
-169
-176
-57
-35
-91
-92
-99
-84
-112
-104
-46
-43
-26
33
82
38
-1
-1
-27
-55
-87
-66
-69
-40
-19
-59
-20
-44
-53
-76
-85
-15
-93
-43
21
-27
-11
-58
-16
20
11
45
48
100
55
76
113
24
26
-15
-50
30
-6
-28
108
109
-30
-79
-30
26
39
-24
68
136
78
104
68
96
88
57
126
108
117
126
111
105
108
139
111
90
97
150
164
112
83
21
-47
-57
-35
3
18
21
1
4
104
150
110
67
59
84
23
-28
32
75
57
50
98
56
-54
-94
-69
-8
3
-47
-99
-91
-82
-77
-46
-52
-38
-33
-85
-113
-61
-26
-40
-29
-62
-31
14
15
48
-35
-30
37
-27
3
-27
-120
-126
-88
-80
-117
-19
26
-22
-28
-93
-149
-98
-37
-3
-41
-56
-17
-9
26
33
0
-37
-11
46
7
-72
-65
-29
-60
-82
-41
24
18
-2
-60
-84
-23
-105
-68
4
-48
25
96
5
30
132
94
64
24
59
105
85
95
78
8
13
17
-71
-8
57
61
13
-130
-56
-6
-40
-6
-60
-26
71
69
19
36
108
59
-34
-11
14
57
40
0
65
70
116
68
34
98
-32
-97
-81
-86
-59
-70
-19
6
-63
-66
-47
-108
-120
-49
-29
2
-20
-98
39
71
-73
-74
-6
43
62
41
-42
-28
14
-69
-89
-92
-62
31
-27
-24
8
-40
6
-12
-109
-121
-69
-68
-63
-7
64
118
29
-52
-36
-81
-21
78
9
9
9
14
-22
-77
59
-6
-89
-13
59
43
-40
-18
-51
-17
16
-43
-13
66
183
117
-4
14
4
-8
0
26
78
62
28
54
59
103
36
3
75
74
60
-25
-27
29
54
92
21
-64
1
37
56
113
135
71
-35
2
29
26
49
57
77
47
60
49
-13
-43
-41
-4
-9
-15
18
21
52
93
-21
-110
-87
-20
39
2
-1
-10
-9
6
-40
-38
-18
31
36
-25
17
22
-24
-13
-69
-112
-38
-28
11
57
68
76
-20
-45
-76
-99
-53
-38
21
0
-24
-3
-74
-79
-71
-128
-135
-91
0
55
79
11
-92
-46
-65
-100
-103
-131
19
29
-78
-71
-87
-43
-3
-67
-74
8
58
60
6
-63
-73
-90
-75
26
41
-9
18
45
49
70
27
13
7
19
94
13
18
48
-16
53
45
-13
-15
-88
-39
50
-7
18
16
6
66
19
46
93
-6
9
16
-84
-26
28
28
54
13
33
30
-32
38
51
20
-27
-53
-15
-91
-39
-39
-82
-9
-62
-62
-39
-39
3
-21
-25
-9
-58
-7
63
-9
44
119
-6
-14
36
14
49
-29
-96
-46
-73
-6
4
-51
9
2
7
17
-53
-23
5
-6
39
2
-41
52
114
77
62
7
38
86
39
111
104
25
19
41
39
-6
57
90
43
-1
-78
-115
-25
25
-47
10
15
-2
70
35
77
109
66
41
17
29
46
33
-27
1
39
13
13
27
45
-14
10
18
-32
1
-9
-37
-40
11
26
6
-11
13
24
-62
35
71
-6
80
60
47
50
-13
42
21
-48
-34
-18
-29
-113
-133
-84
-94
-60
-78
-106
-12
-4
-39
-51
-58
1
-5
-64
-44
-62
-58
24
-12
15
32
-52
-5
-15
-3
-3
-62
28
-6
-65
-21
-49
-61
-60
-8
-84
-104
-25
-78
53
42
2
66
-13
9
40
34
22
46
79
77
31
-24
-17
-17
-8
29
9
-50
-21
37
57
19
-4
-23
-66
-31
-14
44
69
-3
-17
-18
-30
7
55
30
59
79
67
105
47
-9
-8
-70
-65
-8
35
30
-40
-69
-70
-29
-2
20
39
48
14
14
97
123
117
42
-45
-10
69
82
63
39
-33
-46
34
36
-36
-25
27
41
-35
-79
-8
-2
-28
-107
-108
-73
-61
73
39
-33
-47
-21
63
12
39
64
22
85
73
-14
-58
-41
-25
-9
0
17
67
19
-4
19
-32
-66
-55
5
4
-14
12
27
44
1
8
2
0
80
114
48
-5
85
112
51
-3
6
65
25
-19
8
-28
-43
9
-16
-22
-75
-60
44
50
37
4
2
65
1
-34
61
44
4
-9
-16
-3
13
26
7
0
14
16
-21
-85
-88
11
15
-1
-30
-78
-5
0
5
18
10
71
63
26
29
-4
-65
-14
29
-50
7
91
56
68
38
-33
-15
-19
-56
-67
-37
-26
-102
-76
0
-5
-41
-58
-74
-92
-55
-55
-27
46
19
-61
-18
91
27
-9
63
-19
-89
-66
-90
-93
-97
-70
-85
-113
-41
-5
51
88
12
-50
-61
-28
4
19
52
63
29
22
52
74
57
79
116
70
8
18
110
52
-62
-26
12
56
41
0
59
55
-15
-12
-38
-35
19
-9
5
1
34
71
38
93
78
20
-35
-41
7
42
56
-26
-1
22
-30
16
41
95
80
-24
-87
-142
-123
-77
-59
27
61
51
116
80
73
184
163
81
62
42
20
14
28
-28
-14
31
-39
-38
-34
-62
-68
-48
-23
-11
-14
-46
-14
-8
-64
-42
21
36
0
-31
-95
-121
-36
-68
-116
-85
-73
-19
-5
-4
-21
8
9
-120
-136
-120
-81
-65
-106
-70
-79
-59
5
-14
6
75
60
31
54
-24
-55
3
-57
11
129
66
41
92
63
24
53
23
-46
-43
-44
-6
38
-26
-27
36
64
112
85
-10
-5
36
19
23
11
-37
-11
6
22
-3
-51
13
-34
-86
-90
-101
-44
-64
-75
-40
-9
32
64
47
27
64
69
41
3
-23
18
0
-10
-17
-30
62
18
18
21
-94
18
53
-5
22
-37
-74
-47
38
115
88
58
112
84
-24
4
35
-19
-90
-103
-60
-54
-29
34
51
-31
-23
-13
0
42
1
54
12
-100
16
52
-31
-5
-8
10
-32
-59
-3
5
24
-67
-69
62
17
25
78
73
96
11
-20
-6
-49
-41
-7
-83
-58
-5
-107
-55
10
-16
43
90
95
74
12
-24
28
53
30
1
-102
-29
52
20
35
-45
-118
-47
15
-88
-112
-85
-106
-39
23
54
33
40
5
-14
106
57
0
40
-26
-15
-10
-15
26
48
67
26
-7
13
-10
-85
-35
7
-21
-51
-54
53
108
116
154
101
-6
-36
-31
10
39
18
14
-19
-41
-8
24
10
-66
-58
28
15
-23
-95
-91
-42
-26
-21
-47
6
-8
38
55
-36
68
55
-64
-70
-47
32
60
17
33
85
-5
-52
14
-73
-73
-55
-121
-54
-33
-71
-81
-58
4
58
140
57
35
59
-51
31
51
-5
-10
-2
87
27
-25
30
-40
-54
-22
-66
-77
-41
-15
27
121
44
10
116
93
93
7
-69
-29
-17
16
-3
-32
-29
-23
6
-4
32
79
17
12
-14
-17
-15
-74
33
33
3
18
-29
-34
-83
-52
-43
-69
-48
33
129
62
55
44
19
89
82
87
77
59
5
-55
3
4
-34
-45
-27
-17
-19
10
-32
-46
-19
-5
36
27
30
30
18
1
53
80
41
125
29
-48
-19
-4
70
-2
-7
-13
-70
-6
12
-25
-29
-37
15
28
-26
6
27
30
-21
-19
65
51
24
-47
-61
46
-11
-80
-69
15
38
-11
3
-41
-39
18
58
-5
-33
42
39
17
0
-34
16
33
-23
-22
-6
-3
17
13
-62
-23
-3
-33
65
23
-62
-33
-85
-119
-34
-25
-65
-27
-11
-19
12
45
-12
-86
-104
-47
9
-3
-18
-77
0
69
-16
20
46
15
-28
-108
16
22
-81
15
42
38
74
89
96
61
66
100
18
22
75
17
87
60
42
118
46
33
-5
-30
-10
-100
-105
-32
-70
-116
-11
20
2
42
-24
-20
32
-5
-10
35
-53
-89
56
82
57
56
128
102
41
54
-16
47
36
-84
-100
-56
-83
-75
75
0
-57
20
-17
-20
1
10
-34
-45
52
67
57
77
58
45
29
33
34
18
10
-41
-88
-79
-92
-75
-32
18
70
-4
-73
-30
-91
-89
-29
-111
-75
4
-8
33
85
23
59
103
41
75
31
7
-18
-78
21
6
-17
5
-1
28
-48
-82
-84
-56
-30
-71
-28
-51
3
53
41
78
23
42
73
60
82
89
32
18
23
-38
-18
36
33
30
11
-105
-122
-72
-93
-36
-15
-37
-71
-45
14
-17
-4
36
27
8
33
84
62
57
77
22
-29
-36
33
20
-24
21
-10
-5
36
-34
-79
-38
-11
33
53
-32
6
67
-9
24
34
43
147
147
66
11
1
-17
5
22
4
47
-17
-25
20
-46
-72
-83
-75
41
-4
-112
-39
-37
-21
24
-27
-49
42
45
25
89
-21
-20
69
57
59
-24
-42
33
100
47
-49
-71
-60
-8
-78
-134
-84
-63
-37
-55
-63
9
29
0
75
100
83
104
70
62
8
-26
57
37
-8
-35
-10
5
-20
12
-32
-111
-131
-33
-3
-44
-57
-44
34
54
40
31
14
-6
-17
-56
-13
57
-14
26
65
19
18
-13
52
65
-53
-66
-30
-20
-48
-139
-79
-28
-51
18
5
1
-31
30
60
-22
48
96
138
129
117
226
174
79
119
43
-43
25
24
-34
-79
-144
-155
-161
-135
-45
-34
-77
-56
-62
-65
-9
4
17
19
2
28
16
16
24
-36
-23
-50
-77
-25
-66
-53
-40
-23
33
12
7
-45
-16
69
-6
-35
12
38
19
37
72
31
94
79
-5
35
60
80
75
55
51
72
56
19
4
-22
10
-24
-31
-25
-36
28
-34
-36
-31
-95
-43
-48
-83
-60
-39
-11
-19
-52
-19
0
-9
101
78
38
63
-23
-44
-40
9
-17
-67
-63
-66
24
-5
-35
-20
-57
-12
23
23
37
28
80
181
125
50
66
101
71
15
70
83
52
25
-56
-81
-5
9
8
3
-83
-95
-73
-27
-25
-115
-67
4
-27
-12
31
5
-35
-42
-40
-53
-15
27
-33
-51
-57
-115
-67
-3
-34
-48
-44
-22
86
78
39
64
6
-6
-31
34
107
23
19
59
122
141
76
78
108
105
53
-37
-16
20
-18
20
81
8
-22
-21
-90
1
7
-72
-38
-77
-53
23
10
8
-15
-9
-5
-89
-18
12
-55
-87
-109
-62
-71
-41
36
81
30
0
28
-37
-44
-43
-55
6
-17
-10
67
65
45
43
68
113
128
79
-2
46
47
-11
27
17
13
24
-2
33
37
34
27
-28
-22
-70
-19
44
-42
30
81
18
5
-54
-91
-107
-83
-4
-39
-45
-57
-89
14
56
13
-45
-84
-15
2
-52
-30
-9
-42
-9
32
45
44
32
69
65
61
3
-4
80
6
-49
-16
12
46
41
-48
-60
-3
-3
4
-10
-41
-20
29
64
66
43
-26
-77
-89
-84
-15
-29
-47
-8
9
-44
-139
-62
-38
-64
-13
-54
-90
-77
-21
-47
-6
40
-39
57
51
38
59
-9
83
93
7
31
83
93
97
36
60
97
-9
20
57
68
135
50
48
92
64
98
41
3
83
19
-2
4
-30
24
-21
-37
26
55
46
67
5
-52
10
-55
-52
20
-4
-84
-118
-90
-155
-178
-118
-89
-81
-60
-26
-36
-106
-88
-48
-71
-6
34
68
120
39
16
2
9
13
-43
59
69
11
-19
-72
-1
-26
-101
-21
-16
-21
8
-30
-19
9
-9
-2
34
61
44
23
42
39
78
101
-6
-26
16
-32
-77
-69
-58
-31
6
15
9
-58
-36
-37
-73
8
-10
46
60
-10
31
30
54
65
51
92
115
68
20
33
74
56
-30
26
111
84
81
20
-27
4
49
90
-28
-158
-47
63
-2
-28
20
41
25
-35
-26
-8
-58
-62
-7
12
37
25
-49
-40
-71
-53
2
-65
-89
-125
-150
-105
-94
-87
-99
-50
-23
-49
16
-35
-84
-44
-94
-55
22
-37
-12
16
10
60
-5
-14
-4
15
31
17
118
95
22
0
111
115
23
74
6
28
-5
-28
75
73
104
66
44
61
32
33
15
15
23
3
24
66
51
-47
-109
-41
31
10
24
96
32
-32
-53
-47
-44
-80
-64
-8
43
-7
-15
18
1
47
-12
-31
60
56
89
67
9
-11
-20
34
-32
-79
33
66
-32
-144
-134
-93
-24
44
-78
-35
55
-35
-21
-78
-69
7
-9
-12
-41
-89
-35
25
-14
35
15
33
28
-76
-56
-39
3
-12
-80
-60
-32
31
42
-29
-25
-4
4
16
0
-66
-105
-20
10
28
76
67
103
101
112
100
29
-26
-40
58
18
5
83
16
25
36
-5
30
5
-80
-115
-126
-49
48
65
21
-44
16
85
58
40
9
-24
12
-3
-49
17
41
21
18
43
24
-73
-70
-24
23
-36
-106
-9
19
33
5
-46
-5
-14
72
79
9
77
-9
-78
-51
-55
75
105
5
13
54
110
98
45
10
-9
14
-44
-76
-81
-79
-21
-23
-10
19
17
-53
-105
-25
13
-48
-51
-35
-30
-21
-66
-35
0
30
52
14
10
-58
-78
-56
-34
64
32
5
28
31
64
53
-6
-41
-3
-2
21
42
33
30
-7
18
56
84
44
13
36
-2
-9
-44
-73
-50
-20
0
31
91
120
91
-34
-19
37
-12
-44
-24
54
31
15
77
39
-2
63
61
21
1
-78
-74
-65
-121
-63
-29
-44
7
18
-10
-20
-15
59
38
-60
3
75
110
43
-63
-8
88
106
43
18
-49
-52
36
-2
0
35
52
53
-20
14
33
-38
21
-48
-65
37
-89
-148
-90
-114
-60
46
4
-35
-16
-38
-34
-39
-70
-86
-58
-56
-44
7
-19
55
96
47
-8
-17
46
4
5
17
-14
-16
48
0
-27
63
38
59
59
-7
-67
-105
-46
1
33
40
49
86
0
-4
109
88
14
69
117
44
4
22
67
17
45
83
3
37
-3
-68
-58
-40
-4
-43
-58
-18
-2
-25
-50
-24
29
17
-101
-136
-64
-43
-67
-38
16
4
-13
32
52
64
64
28
25
-18
-78
-52
1
0
-26
1
19
23
29
-53
-49
19
-9
-14
3
-7
21
13
-20
-39
-40
62
81
-1
-50
0
31
-18
-7
39
-14
-47
-29
-59
-1
-28
-74
-22
-30
-91
-75
-51
-35
-18
-29
4
28
57
60
60
-12
-35
53
12
-4
5
-23
-30
-10
7
16
60
10
-34
29
12
-5
31
-35
-36
37
50
79
69
2
-9
24
13
11
-11
-28
-29
-45
14
-2
-66
3
11
16
53
-16
-10
16
16
-7
-14
-26
-13
-26
-82
75
112
6
-11
-42
-41
-30
-10
4
-56
-49
15
-1
-41
-41
