28
-36
-35
-46
1
5
-4
49
43
73
58
17
15
-24
-51
32
66
48
78
-19
-80
-4
5
14
44
-4
-17
17
2
18
52
22
-10
32
35
-15
46
54
2
-34
-35
32
48
-26
-47
39
-10
-42
-43
14
56
-77
-20
-15
-43
26
-11
32
35
11
85
45
-5
-7
0
65
22
-28
-18
-43
-9
12
41
55
18
14
-20
-17
-3
-65
-62
-37
-84
-47
13
9
-9
-64
-58
-42
-29
15
43
0
-51
18
3
-4
10
16
29
-42
17
-5
-22
85
21
49
16
-97
19
-9
-29
58
17
24
35
40
9
-59
-1
57
40
34
8
-6
14
-6
0
38
54
21
-14
-38
-93
-63
11
14
32
68
40
-82
-65
-4
-39
55
-3
-29
30
-43
51
110
53
5
-21
-13
-20
-35
-63
-32
-57
-60
28
8
70
89
-47
-22
15
-7
21
51
23
-19
0
15
-15
-24
26
6
-67
-12
43
48
42
0
30
-28
-59
-6
-12
48
13
11
39
-19
27
-24
-79
-37
-10
7
-7
82
143
66
59
19
0
54
-27
-35
30
38
38
-1
-18
-41
-55
-38
-25
-29
-28
-51
-80
-9
-11
-3
-4
-32
18
0
21
8
-5
31
-24
23
52
-35
13
29
2
-7
-10
-21
-38
14
14
-23
-84
-5
41
-71
-1
25
-76
-30
3
-47
-3
-38
-69
68
57
17
35
-28
-19
-23
-6
6
-21
-37
-49
-13
-68
-47
42
11
-21
5
-31
-117
-49
-2
-5
-21
-62
10
23
-12
13
74
118
73
12
1
40
11
-7
-4
-59
-56
-47
50
80
-46
-63
52
141
55
-11
29
40
46
55
43
53
64
9
68
118
14
40
40
42
18
-66
1
29
43
70
50
28
-28
-58
-7
-40
-42
23
12
42
23
-38
-28
-41
-40
4
28
38
-19
-23
40
1
-41
-26
-37
10
23
-32
-55
-68
-57
-71
-30
1
-63
-70
-40
-21
-46
-34
-29
-54
5
-70
-101
-45
-38
-4
-40
-66
-30
43
17
-43
29
53
7
37
32
-7
-13
-17
-24
27
67
31
-21
-61
-51
-69
-94
-23
61
11
-46
0
4
-6
69
72
66
60
-22
-4
-27
-40
22
56
112
91
99
137
55
38
81
55
2
24
29
10
51
31
-26
-9
21
-35
-20
-52
-71
30
39
-21
-47
14
-77
-152
-95
-50
18
1
41
59
-7
-7
-37
-43
24
11
22
14
-57
-74
-55
2
-14
2
37
-6
-49
-58
-7
24
12
-41
-44
27
-30
-25
43
10
33
-10
12
-9
-69
7
-18
38
8
-83
-13
12
28
30
0
-41
-50
8
-29
-80
-15
-71
-76
12
-30
-14
-25
-58
-27
49
106
103
100
78
90
56
45
39
10
82
32
-12
60
11
6
18
29
18
-16
31
13
55
68
51
103
18
-62
-56
-70
-6
64
73
42
0
11
-6
16
5
-68
-90
-68
3
-25
-29
-7
-22
52
23
-23
-38
-39
29
32
-1
1
-18
-23
15
-42
-68
-12
0
-32
-17
38
-11
-45
-7
24
50
31
3
36
5
-48
-38
-31
-16
-7
-12
-4
28
-40
-21
2
-98
-49
-43
-33
-21
-66
12
15
-10
-37
-21
-7
-74
40
24
-4
51
-38
-5
-27
-38
5
-2
69
8
4
35
32
99
23
-10
-43
-36
85
93
78
39
-8
2
28
-21
-82
10
71
-3
-33
-9
32
30
-3
-30
-5
42
41
9
-71
-26
63
31
5
-18
-7
56
-5
-48
-25
-15
35
-16
-50
17
43
32
25
-7
-22
-77
-43
51
18
27
-13
-34
9
36
32
-17
-34
-35
-49
-26
-45
-18
30
4
60
21
-20
-23
-72
-53
-61
-33
41
15
12
90
92
52
22
-4
-27
-28
-10
-43
-74
-13
3
-11
0
-42
-33
30
17
15
38
-21
-80
-59
-23
-35
-68
-13
74
47
-15
-55
-18
-10
-44
-1
56
99
18
-24
6
-9
54
53
2
26
45
70
48
26
34
0
1
21
-7
-7
-1
-44
-7
75
89
17
-7
-16
-79
-75
-45
38
52
-44
16
65
-86
-51
42
3
11
2
24
3
-3
31
18
-39
-90
-84
-77
-45
-29
-4
-16
-14
24
-32
-72
-21
69
47
39
37
43
108
22
41
76
26
15
-29
11
-14
16
80
-45
-47
-2
-3
58
14
-19
26
-18
-33
13
-32
-49
-17
-9
25
-15
22
34
-45
12
47
8
-17
12
14
13
3
-54
-86
-58
-43
-80
-19
58
27
-23
-10
-7
-63
-51
-55
-25
23
-41
-2
36
-12
4
-18
-34
1
11
-6
-8
7
20
-17
-27
28
5
-5
-36
-5
28
-14
48
18
-21
48
16
8
68
-1
11
23
-20
18
-9
43
19
-79
-39
-12
0
-7
0
48
6
-43
-45
13
7
-108
-55
22
4
13
25
-15
-16
28
56
90
89
50
74
65
-23
-14
-51
-47
-14
-50
-29
-74
-57
-1
21
52
-7
-17
10
-22
-46
9
10
-68
-33
23
82
83
32
51
66
52
83
52
-51
-42
-34
-40
16
24
57
68
60
78
44
2
8
34
22
-44
-57
3
-8
-73
-36
-40
-41
1
-64
3
62
0
35
47
4
-18
-29
9
31
84
42
-26
65
72
5
-58
-31
2
-34
-27
-82
-61
6
-33
-35
0
11
-3
-1
40
2
-33
39
-9
-80
-16
27
-48
-73
-17
0
20
-33
-23
68
40
-62
-51
-17
-63
12
15
-14
25
-54
-6
21
-77
-17
-60
-75
-7
-61
-27
-37
10
74
14
9
-1
-18
-97
-101
-17
-75
-59
30
69
27
-50
-28
-13
-9
-8
46
35
2
89
16
-2
31
-6
33
-10
-8
51
58
80
78
37
28
33
25
49
12
18
10
-41
-4
15
42
63
87
45
50
51
-9
23
-1
18
60
35
34
-6
-47
18
102
87
-11
-11
24
-15
35
24
-59
-12
-12
-48
13
1
-44
-27
15
-6
-48
-65
-17
74
14
0
42
-33
-85
-63
-62
-28
-17
-32
24
10
-64
-77
-48
5
28
33
49
-8
-42
-43
-87
-101
-32
79
23
-43
8
5
-55
-70
11
26
-3
-15
-32
1
-15
-28
2
-15
-23
17
69
39
15
6
-22
-68
-74
36
44
33
59
-27
-24
-9
-28
155
151
26
17
1
42
-35
10
72
-33
-12
-18
-58
-28
11
67
68
61
20
27
73
-4
6
-25
-77
-13
-44
-38
2
-28
-70
-38
19
27
32
22
-8
-14
45
51
18
30
8
-7
28
20
-7
27
9
-49
-17
-26
-71
-17
-15
-3
9
-20
22
3
-28
-32
-26
26
79
82
-53
-86
13
-7
-36
-62
-28
24
11
24
-30
2
51
34
89
28
-15
0
-51
-20
10
26
24
13
9
-32
-40
-57
-104
-42
67
-41
-50
66
18
32
14
-3
40
-6
0
43
-1
-29
10
9
9
17
-2
34
23
-10
-2
-20
-15
17
24
-21
-30
-23
11
69
25
-33
-37
-42
-12
55
2
-60
11
29
-3
45
68
2
19
47
0
36
-3
-14
47
20
-13
-69
-55
3
23
-43
-23
6
-51
-51
-49
52
-24
-114
39
8
-19
42
8
-39
-26
54
20
-33
7
13
19
-1
-28
5
42
35
1
91
113
-9
-18
0
-5
45
20
-22
31
1
-76
-17
-11
-36
13
5
-24
-13
40
4
19
91
12
-53
-21
5
12
3
-46
-54
-56
-32
54
45
-24
-26
-14
6
-6
31
29
-51
25
17
24
88
16
19
9
-7
16
-47
14
-28
-132
-25
-65
-15
22
-53
5
21
50
32
-28
-44
-39
-13
20
58
66
-1
-17
27
-2
-4
-4
26
16
-59
-23
19
-22
-50
-60
-10
-4
-20
39
15
14
8
-8
9
67
90
-18
-59
-70
3
37
-54
-27
9
-5
5
18
57
48
57
93
18
-21
-102
-87
57
50
55
21
-38
7
-85
-82
62
30
-10
-60
-69
-46
-11
66
-18
-80
-15
46
42
22
60
4
3
55
-16
-45
-12
36
26
17
37
-30
-50
17
28
-41
-57
-2
37
8
6
32
16
9
-51
2
87
-20
-16
5
-57
6
-23
-50
30
-33
-48
-52
-73
-2
17
72
131
21
-29
57
74
-5
-52
-17
45
42
-77
-102
-89
-69
-48
-6
7
-59
4
-13
-19
37
-5
-11
35
64
58
44
70
-3
-23
25
-58
-29
-8
-52
-49
-52
54
87
47
29
-31
29
78
60
72
16
16
45
-68
-99
-9
-45
-50
8
-13
4
37
58
50
12
6
0
-7
-29
22
36
3
58
-1
5
-6
-93
-67
22
65
-26
-22
-4
-16
6
-7
2
-9
-13
5
-54
-37
-3
-70
-102
-91
17
55
0
5
-44
-70
-3
69
56
-44
-70
-15
11
2
-5
14
7
-20
-10
20
15
-59
-67
5
8
-1
-4
-8
61
31
-13
-3
-57
13
59
45
54
1
36
47
8
5
5
0
-46
-8
50
-12
19
104
20
-37
39
36
30
52
24
38
41
32
10
-3
-12
-4
7
-40
-44
-13
27
95
121
100
-37
-75
-25
-55
-33
-39
-4
35
17
-16
-52
-10
-15
-53
-23
-44
-21
5
-22
17
-43
-33
21
-47
-50
22
69
38
38
39
-38
-47
-11
-6
13
-17
-40
-53
-36
16
-13
-15
-17
-20
20
-37
-52
7
30
8
-57
-40
10
28
49
32
14
-22
-17
-27
-62
-19
-43
-12
108
81
-2
-53
-108
-69
51
74
37
50
46
57
14
-57
-13
-6
-24
-31
-20
1
-20
-13
51
24
-4
97
84
8
-15
-19
-26
-33
19
24
-20
16
60
63
33
-68
-66
33
46
-3
-27
2
34
2
-19
-37
-25
40
64
-4
-98
11
-29
-75
77
-6
38
68
-2
9
-35
0
7
-36
-50
0
28
-22
19
1
-71
-35
11
40
-12
21
46
-4
15
29
61
54
-34
-80
35
-18
-90
93
55
-85
-37
-36
-16
26
-4
-19
-62
-43
-17
-38
-48
-15
56
12
2
21
-45
-34
14
26
-2
-17
21
3
10
68
57
-14
-17
-9
-100
-54
44
9
11
25
10
33
-31
-4
78
0
101
165
69
36
38
24
-48
-13
7
44
37
-31
14
-28
-40
-14
-26
19
-4
5
46
-1
11
61
37
-54
-48
-1
-40
-20
0
-20
-64
-45
24
55
48
-7
23
5
8
36
-17
11
-15
-51
-43
-11
20
-32
-6
-26
-63
-3
14
68
43
-44
-26
-41
-39
-8
-72
-22
-1
-57
-7
9
-10
-8
7
-28
-12
52
-7
-44
2
13
-24
-91
-91
-35
-36
20
-35
-23
56
-65
24
45
-59
8
-23
-34
1
-20
-19
17
53
92
98
53
55
50
25
-46
-55
28
-20
-75
-10
10
26
15
6
52
-4
12
61
14
-27
-39
-48
-35
12
33
41
5
1
20
50
32
-15
-5
-29
-27
-46
-34
2
86
61
-70
4
25
9
10
14
1
-30
33
11
-21
-59
-13
25
1
14
-12
23
64
59
22
33
62
44
25
28
47
62
81
43
34
-7
-32
-67
-80
-46
-113
-75
-51
-3
20
-34
-2
10
-6
-55
-48
-31
-55
-4
100
33
-25
22
-47
-8
11
-61
-39
0
55
1
-60
26
17
26
51
24
51
-36
-22
13
-25
-21
-63
-55
-33
39
75
54
87
33
-54
21
55
-5
-32
-65
-54
-14
49
60
-23
-72
-38
-36
-69
-97
-110
-84
-66
-15
-45
-56
-34
-74
35
58
11
149
126
71
26
-31
32
-73
-71
23
-43
-27
41
46
35
6
-15
27
78
81
50
14
35
0
-83
-66
-70
-67
22
68
32
26
50
78
55
-17
-3
-21
-68
-35
-1
33
-15
-116
-45
59
71
21
6
95
38
-39
-31
-32
17
-57
-51
30
-13
19
5
28
31
-73
-40
5
22
-15
7
90
0
-51
36
-25
-120
-17
52
-15
-28
-14
22
28
19
72
-44
-65
3
-49
-77
-45
43
45
-11
36
90
66
64
88
25
-59
24
68
-6
-53
-82
-71
-31
20
59
50
14
46
69
63
30
-25
-22
-18
-11
13
21
33
86
4
26
76
-46
68
117
45
53
-23
-82
-52
-45
-152
-130
-35
9
17
-33
43
85
47
19
-21
-74
-57
-9
-3
93
87
-42
-106
-100
-15
12
-10
16
-3
-30
-48
-94
-63
-30
-83
-136
-85
-33
-30
15
9
42
69
-14
23
-28
-36
46
1
38
-14
-83
-110
-91
24
11
-6
44
64
62
20
-17
16
33
9
63
97
2
-43
-12
-20
-31
-29
80
143
60
41
-2
39
1
-97
-16
0
64
48
-36
-1
-37
-9
-18
-23
53
69
134
71
-48
-52
-54
-70
32
60
-3
46
37
29
64
22
0
-34
-51
16
-55
-82
-12
-11
52
92
93
59
-42
-49
0
1
-1
6
-3
-42
-43
-23
4
5
-14
61
84
33
61
26
-29
13
50
-22
-59
-4
10
-32
-76
-38
1
-51
-26
-1
49
139
16
-4
-10
-44
-54
-123
-49
-33
-96
-82
-10
92
106
25
49
59
-15
-62
3
57
-59
-92
-19
-5
-38
-76
-40
33
62
49
-19
-72
19
32
-27
44
48
-25
-10
4
-26
-8
20
37
14
42
100
57
0
-78
-106
-10
-3
-19
38
72
35
-49
-31
15
38
38
0
14
34
-1
-14
42
4
-20
-9
-99
-87
-20
13
13
34
60
19
-2
-41
-17
3
-99
-71
-31
-17
17
-6
31
-10
-27
-7
-11
6
-28
-12
22
59
46
-75
-80
-14
-42
-60
28
93
53
29
30
68
8
-21
-7
-62
-22
18
30
64
12
-8
43
68
77
65
18
-73
-9
38
29
28
-17
61
22
-28
43
57
84
-15
-79
14
4
-9
17
10
-78
-108
-33
-45
-53
-23
2
-18
9
82
69
67
45
13
26
-12
21
67
-63
-60
44
8
-49
-45
-3
60
57
0
-18
-47
-19
-39
-127
-125
-145
-119
-29
-60
-85
-8
23
-16
-86
-21
70
-72
-52
20
-31
45
33
29
3
-72
17
63
15
2
7
-15
41
8
40
131
-37
39
92
-5
86
63
54
31
26
33
-47
-21
0
25
15
21
28
3
97
62
-49
-24
-19
-22
33
21
-5
21
0
32
40
-24
-23
-6
12
42
53
14
0
27
52
18
-35
-51
-41
19
9
8
-9
-39
-43
-26
30
2
-5
-16
-40
-40
-31
4
-36
-46
-48
-64
6
14
35
75
-20
-47
-15
-44
-15
-38
-16
4
-13
69
12
21
40
-29
5
-63
-29
-28
-74
37
-11
-1
-23
-26
133
18
-30
32
-27
27
49
64
66
67
59
-56
-6
18
-27
21
10
0
16
3
-60
-30
-49
-99
-15
-27
-14
32
24
21
-2
-10
14
16
41
89
-19
-35
31
-12
-44
-79
-21
3
-48
-70
-62
32
63
70
58
-1
-31
-95
-94
-32
30
34
11
-8
-21
20
-38
-29
39
26
50
-11
-29
9
-26
-19
21
2
-23
38
30
33
104
39
25
27
-21
-18
-74
-44
30
8
17
32
61
16
-5
9
44
59
-21
-7
-9
-44
-24
-14
-26
-57
-69
-38
-7
-54
-62
25
61
81
77
20
-12
-20
-49
-31
9
-27
41
50
-11
36
13
43
83
67
69
0
-23
-28
-57
-17
-48
-65
9
43
78
43
38
73
-1
17
24
-32
-38
-62
-88
-11
40
14
-44
-60
30
64
20
4
30
-53
-30
45
-24
-37
-63
-123
-76
11
12
11
43
71
47
2
5
20
-2
-25
-15
-67
-98
-25
49
60
35
-4
27
37
13
67
48
20
17
-87
-92
58
104
13
-5
4
7
72
53
8
-11
-69
-41
-59
-22
21
-8
46
13
-6
-11
-18
-2
-19
-41
-27
19
-48
-39
-37
-95
7
48
59
9
-13
50
-9
-52
-39
0
24
19
10
29
5
-88
11
71
-13
50
0
-39
70
101
89
59
-29
-75
-40
-62
-25
8
-1
16
-4
55
90
35
-7
-41
1
-9
0
20
-12
9
-25
-15
23
20
19
-27
-16
-3
-23
52
15
-21
42
72
33
-59
-57
0
26
-5
-16
27
13
-60
-32
-8
-21
-10
-13
-13
-38
8
20
-27
0
43
55
11
-12
3
-59
-119
-38
-11
-87
-38
10
1
-2
-8
-10
-25
-80
-48
64
79
87
39
-17
11
41
36
16
0
-47
-34
18
21
74
30
21
45
-2
66
27
43
90
-3
-16
-23
29
9
5
72
8
30
-15
-8
64
-6
32
57
-3
59
100
9
-54
-23
22
29
-13
-36
-16
-36
-29
-22
-68
-40
13
-6
-43
-34
-28
-18
34
23
-54
-65
-8
-60
-96
-62
-37
31
27
17
-36
-81
40
22
17
90
26
-28
-34
8
11
19
35
-53
-88
-99
-65
57
27
-8
58
-5
-30
13
23
67
13
-46
38
13
-43
-27
-22
11
13
44
24
25
5
-37
24
-52
-92
-56
-42
65
52
-47
-49
45
27
-56
-44
-27
33
21
1
25
21
47
14
17
8
-7
41
27
81
107
71
18
-10
11
58
112
16
-3
-7
-13
43
11
63
75
-9
-35
-39
11
39
-1
1
-7
41
9
-38
71
32
38
39
-96
-40
3
-27
-30
-14
20
-51
-9
33
-3
10
-93
-60
59
32
47
-8
-18
48
-35
-66
-42
-46
11
43
59
14
-7
45
-35
-46
-7
-17
15
-46
-85
-44
-24
19
38
65
28
-46
-46
-66
-28
-41
-75
-34
3
-23
-7
11
-80
-23
-44
-97
-51
-47
20
10
-2
24
0
4
8
-18
-11
-28
-27
-23
-60
-47
-54
-20
-15
-34
12
25
25
16
-31
-6
63
37
-30
20
107
51
19
-42
-51
23
-25
-30
6
44
15
-51
-1
15
-14
26
8
-4
107
84
56
56
55
78
-8
0
26
-9
-38
-33
-39
-35
-34
-86
-32
4
10
36
15
-30
-40
40
116
41
-48
0
-83
-106
14
10
29
42
79
47
-15
30
4
-12
-9
-60
-37
-6
-35
28
-2
-57
-28
-90
-54
7
-15
22
35
-2
39
90
73
37
16
65
116
44
5
-9
-39
31
62
40
31
13
23
52
53
16
-21
-6
-5
-11
36
70
79
26
-52
-93
-71
-38
-21
9
-26
-34
-38
-48
-3
-19
-36
-25
-20
-12
-21
-81
-69
47
5
-19
28
-13
-38
-2
0
0
-42
-55
25
-12
-13
44
-12
-9
75
67
30
-19
4
47
-14
-6
51
99
52
-3
-7
34
54
-27
-41
-35
-54
-22
10
-18
-22
-9
-26
-15
-6
-40
-60
-49
-33
-18
-41
-42
-9
18
8
-29
-81
-99
-28
-21
-64
-43
-22
-16
-15
-7
-53
-57
-12
21
64
-7
-60
32
25
-39
-3
-57
-24
11
-70
11
14
-26
84
89
-13
-8
-25
-48
71
95
39
-9
-22
43
103
64
-65
-32
14
-14
19
43
44
-26
-24
40
65
28
-3
37
47
83
67
24
43
54
124
86
22
32
-10
21
22
21
10
-40
-39
-29
-34
-115
-66
96
97
36
-45
-78
-36
-54
-10
26
-30
-19
8
24
-5
-75
-58
-10
-54
-37
59
-15
-30
25
-34
-23
33
-12
0
0
-76
-47
74
103
-14
-16
36
11
18
43
33
-2
5
22
-20
-15
30
24
5
35
30
-24
0
-18
-38
7
70
75
-12
0
33
-28
7
-2
-55
10
3
30
55
21
-11
-45
47
19
-20
2
40
64
-29
26
14
-55
-20
-7
-4
-43
-65
-31
-28
16
44
7
-22
-87
-53
-9
-60
-21
48
8
24
106
59
-50
-64
16
-24
-102
-22
5
-19
51
12
-47
-11
-27
-3
-1
-20
26
-5
-42
12
-2
-43
-39
-10
-17
-44
-7
18
26
-30
2
33
20
-31
-105
26
47
2
27
10
-15
-47
-32
-41
-4
67
48
38
6
50
95
64
71
74
87
103
110
16
-43
10
33
50
7
-52
-35
-24
19
42
6
20
-3
3
8
23
-15
-101
-13
-19
-38
6
-32
-93
-93
-52
-6
48
-22
-64
-42
-53
-40
-55
-47
-8
-12
-11
-11
7
13
-43
-70
-50
-55
-110
-40
42
56
38
-69
-50
5
29
38
-13
6
11
-22
3
-2
16
13
-20
-14
4
13
-12
-21
50
40
24
82
-28
-9
82
73
-17
-99
-5
24
28
35
-3
27
2
-42
23
70
85
6
20
115
1
-4
-8
-91
-23
-8
9
30
3
-22
1
106
8
-92
-39
-6
69
27
-16
97
45
-51
-8
-7
-31
-27
10
9
13
-26
-79
-52
-82
-4
57
17
44
8
-17
0
-1
46
8
-94
-23
-17
-68
6
-14
-19
-9
6
30
-3
1
-34
-40
-40
-47
-34
-53
-1
-9
-60
16
34
-62
-50
-18
-6
-29
-45
63
17
-10
37
-5
-9
-26
-19
82
67
-12
17
1
17
57
-19
-37
-2
-11
-2
-18
15
50
-39
-52
-7
46
100
47
17
92
20
-94
25
58
-29
2
55
51
9
22
51
37
53
61
68
55
43
0
-2
27
-23
-28
-51
-25
35
70
43
18
67
42
49
61
36
47
-4
-73
-2
33
18
47
63
24
-53
-44
-54
-68
-37
12
16
-5
-54
-18
19
-22
38
-2
-25
-76
-153
-55
-70
-80
34
8
-48
15
35
-11
-25
-38
-15
16
-50
-93
-52
-7
58
3
-3
24
-51
38
43
-88
-78
-19
-22
-29
-10
26
23
-86
-105
-71
-41
-23
-21
33
62
34
6
38
2
-34
25
-26
-47
-38
-53
44
71
37
-12
-24
37
41
0
40
57
14
45
19
73
83
18
126
3
-57
-32
-71
83
26
-51
53
-16
-39
76
20
-17
4
-30
-6
-8
-44
-11
-35
-43
50
-11
-55
-3
-1
-22
-30
2
27
50
13
-16
20
50
42
-21
-39
46
39
14
-18
-62
11
14
1
68
63
57
75
0
-39
-19
9
52
4
-24
3
61
74
-44
4
57
-2
9
-3
4
-42
-119
-23
66
37
33
67
-14
-31
11
-46
-48
-65
-86
-18
-18
-64
-47
-66
-89
-16
-22
-38
56
19
23
-6
-15
76
23
57
38
17
30
-18
-62
-73
8
-2
-32
19
10
-17
75
84
-2
4
3
38
-30
-86
-20
-42
-31
-35
-71
-38
-37
-74
-36
36
34
65
26
-62
-5
-38
-78
-22
-33
-13
-2
-26
-9
24
48
-16
-8
67
48
25
-49
-38
19
-51
-25
41
53
98
39
-1
5
-32
0
2
17
55
33
29
-14
-52
0
-4
-41
-23
-38
-5
62
50
92
84
25
13
16
63
7
-29
-31
-21
4
-46
0
63
68
61
-23
-39
31
-5
-23
61
84
56
10
-34
-76
-76
-13
40
23
-47
-136
-142
18
70
-8
-7
-51
-61
-46
-43
2
-11
37
2
-35
39
23
40
13
-83
-55
-26
-3
10
62
127
31
32
54
14
0
-45
17
2
-65
-26
-43
-28
36
63
44
47
85
41
43
23
-84
-48
-4
-30
-8
25
86
80
-17
-66
-70
-11
20
18
3
-64
-40
-16
18
39
-21
-70
-71
-26
-42
-71
-34
14
-5
11
23
-38
-25
-53
-71
-51
-42
16
-8
-87
-90
-26
6
40
-4
-26
70
36
-7
21
54
77
97
46
-53
-30
41
54
28
31
72
46
-19
16
42
-9
66
114
110
103
-3
11
46
19
24
-13
-47
-35
4
7
12
9
-62
-63
-44
-39
-21
0
70
33
-4
27
-18
35
74
6
-43
-134
-87
4
53
43
14
73
35
57
74
-42
-38
-6
-7
25
18
19
-22
-63
-27
-3
43
74
27
-64
-47
-7
2
16
-26
31
-3
-68
-70
-44
63
45
-4
-62
-87
-2
-21
-74
-52
-68
-51
50
10
-39
-5
-38
-22
-13
26
15
-48
-7
-46
-19
71
56
51
-6
-53
-25
-52
-54
29
29
-8
-9
-8
20
33
-26
-43
20
24
-2
-31
-46
0
33
-1
-26
-18
51
98
18
11
39
-13
-12
30
87
86
29
22
16
-9
-24
-51
-42
-11
-1
-3
-1
8
29
86
76
29
-4
-49
9
51
19
23
40
40
35
25
15
25
-44
-77
-92
-53
3
-29
4
66
44
-83
-108
-38
-5
-16
-25
-27
-97
-75
-5
7
10
-9
-28
-43
-29
-31
-8
-27
-26
29
28
68
46
17
2
43
88
18
34
-19
-70
34
71
59
-4
-34
19
-26
-26
-5
-6
77
41
39
81
-20
16
62
72
39
-43
-49
-50
-3
-43
-37
-1
32
68
2
-16
7
34
-39
-59
-6
30
47
45
74
-36
-65
-38
-83
0
21
-14
-48
-17
72
4
16
48
-11
6
-40
2
9
-32
35
8
2
59
-20
-35
-39
-101
-16
13
-11
-64
-83
59
74
6
15
-2
7
6
4
-4
-12
-16
-70
-12
-10
-16
9
-63
-52
-5
33
-3
-25
-37
-61
2
-26
-84
-36
-12
-27
53
115
62
-30
-54
8
-17
-51
3
3
-28
-13
-8
16
38
20
70
16
-45
8
10
77
112
88
60
-27
-28
14
28
32
35
-50
-2
126
45
24
45
66
70
-8
41
68
30
39
-37
-45
-28
-26
25
-12
-63
-15
-7
-77
-22
20
13
-5
-8
77
9
-40
19
38
5
-31
-19
-38
-51
-9
26
45
48
24
-1
-66
-55
-30
-51
-13
-57
4
26
-43
-24
-53
17
-20
-36
71
53
26
-56
-58
22
0
6
-61
-82
-6
-44
-19
-30
-28
77
35
18
50
-32
-33
29
-17
-85
-120
-54
1
-65
-54
0
11
18
42
79
49
36
50
32
41
63
19
5
65
51
11
-31
-25
61
58
48
60
26
7
-16
-28
-55
15
68
-6
-7
35
14
-58
-14
24
-5
-37
-80
-1
34
14
28
-103
-105
70
35
-3
-9
-92
-29
7
-7
45
2
-28
-59
-6
94
-26
-73
3
22
39
41
-40
-18
28
-17
-2
7
63
17
-29
45
9
-28
-29
28
36
-43
36
47
-4
14
-13
28
-25
-65
8
-23
23
48
14
5
47
63
38
6
-62
32
28
3
34
-61
-91
-28
-20
-58
-79
-62
11
-40
-69
4
3
56
101
30
-14
4
51
81
6
-66
-14
7
-41
-67
-64
32
64
1
40
42
15
6
-32
32
78
-12
-105
-34
21
-24
28
-25
-71
0
-61
-92
-40
-32
34
63
25
43
43
49
15
-5
58
68
19
-10
75
83
-35
-62
8
36
64
81
9
-15
-19
20
51
34
-12
-13
12
-31
-69
-83
6
-9
-40
8
-6
11
14
27
30
-2
1
35
10
-38
28
29
13
32
-26
35
-19
-186
-95
-15
-23
-14
-42
16
8
-25
32
-24
-109
-102
-90
-62
-10
-109
-128
-7
35
25
-28
-56
-12
38
70
5
-39
57
53
44
64
23
12
-12
29
62
25
25
11
0
21
33
71
79
2
-12
61
89
83
-36
-52
57
66
-33
-91
-36
6
35
-40
-1
65
48
51
14
2
-11
-24
5
-3
-35
20
5
-13
-41
-61
22
-19
-106
-76
-87
-49
25
1
64
61
-9
-43
-88
-34
-8
-48
-10
46
3
-8
-40
-20
37
-3
-23
-52
-16
10
48
34
-53
-77
-11
88
59
65
96
85
51
-79
-60
43
-2
9
8
-14
52
44
-4
-13
30
43
-10
3
17
35
6
9
79
77
41
-69
-52
41
5
-19
-24
-39
-73
-70
-51
-24
23
-18
-51
-47
-52
-73
-48
49
6
35
150
106
100
86
25
4
-29
-53
-47
0
26
18
30
7
18
41
38
15
15
98
57
-26
-22
18
22
-34
0
45
-1
-12
-33
-52
-18
-78
-30
53
-24
10
45
-5
-11
-42
-23
10
-24
-13
-46
-93
-112
-45
66
-3
-45
-6
1
-26
-6
68
42
41
55
-7
-46
-77
-45
-14
-25
17
7
65
51
-63
-75
-100
-23
15
-24
-39
-41
-32
-98
-18
-16
-86
17
23
38
42
-1
54
76
-1
-25
-4
31
39
-42
-59
-13
45
0
8
108
65
-8
-55
-18
-3
-3
-20
-15
16
-1
96
56
1
18
-99
-73
45
57
70
80
53
23
24
-15
-105
-19
53
6
-22
-54
25
15
-4
74
42
34
32
6
27
38
5
13
45
-19
-34
29
27
10
12
-28
-17
4
-18
64
77
-13
15
19
10
44
3
28
-7
-55
-8
-52
-76
-64
-89
-58
1
-11
36
8
-105
-48
-12
4
-25
-88
-21
20
10
37
37
-13
34
92
18
16
12
0
77
55
11
73
24
-54
3
41
62
27
-1
-18
13
70
57
56
-60
-50
14
-60
-29
21
8
7
7
45
-17
-43
5
-85
-30
-3
-45
-8
-56
-47
5
-26
0
12
-62
-22
8
-6
57
57
-4
-59
-87
-40
-58
-97
-32
4
20
10
-48
-79
-65
-11
-23
-59
-68
-30
-8
-17
10
-22
-26
-13
-11
58
101
71
54
27
24
32
21
25
-24
-22
21
37
-5
-49
37
74
49
52
-33
-61
-2
-55
-8
53
17
15
-8
11
24
12
22
36
-1
-74
-17
61
62
12
1
60
88
82
59
69
-10
-61
-56
-82
-50
-1
29
18
30
6
43
52
-16
13
19
-28
-66
11
69
37
-6
-1
7
-29
24
53
-9
-18
-8
6
30
49
32
-14
80
93
-18
-52
-34
-28
-20
24
34
15
-77
-33
-16
-117
17
39
-22
22
17
29
-46
-117
-8
-8
-3
-7
-73
32
6
-46
-38
-105
-20
34
-31
-3
12
45
61
-12
-26
-63
-44
-25
-24
26
-58
-44
26
19
39
-6
-38
-44
-6
-21
-39
13
-37
-37
-4
11
6
14
40
22
10
5
21
37
-7
19
71
25
18
31
-1
-60
7
54
21
9
18
64
13
-29
11
34
55
60
-52
-54
25
0
74
44
-59
-20
-7
69
40
-81
-44
41
49
-11
1
22
19
-5
-52
-80
-51
-7
-54
-97
-82
1
15
-27
-41
19
47
21
28
-58
-3
53
-4
58
95
2
-47
31
-10
-53
-28
-57
-28
-6
21
50
29
12
-27
-19
54
0
-1
65
20
26
-4
-2
67
31
-46
-83
-2
55
-30
6
80
82
131
43
5
12
-24
24
23
23
24
-21
-60
-145
-155
-44
-26
-2
43
42
21
-24
0
18
24
9
-42
-54
-74
-48
0
20
80
101
8
-31
24
-6
-36
55
-15
-43
76
16
0
-50
-63
-2
0
-29
-92
-47
-60
-53
-4
-28
108
109
29
32
-111
-79
26
-31
-57
-5
-29
-35
-24
-11
31
-96
-48
70
35
52
54
56
29
-1
-4
6
64
74
49
43
34
20
33
27
-8
-5
-3
-4
-21
-65
0
39
-13
6
-9
-7
31
-37
0
47
-2
97
119
-5
-20
37
16
-37
-28
-39
-66
-28
4
25
8
10
13
-68
12
36
-32
8
-8
0
-8
-16
54
86
12
-20
23
47
39
1
14
25
-22
-42
-34
-40
0
23
-75
-113
-58
-75
-28
-25
-76
-50
-50
26
-17
-122
-77
-1
-6
-51
-44
31
121
66
-16
9
53
-3
-2
30
-11
9
43
62
55
85
106
-19
-65
-35
-55
-42
-60
-17
44
77
77
-35
-36
-10
-53
58
117
65
74
73
54
-21
-33
-52
-86
-59
-82
0
54
59
-3
-47
47
38
2
6
23
0
-32
16
54
38
29
38
-3
32
78
69
80
11
-32
-9
-5
12
11
-32
-15
-48
-87
-30
-45
-7
25
-33
-7
-15
-91
-84
-63
-90
-65
-10
0
6
-11
4
29
17
71
6
-54
-18
-18
17
57
63
0
1
45
-41
-51
33
-25
-52
-18
-108
-59
16
-15
-11
-34
2
62
16
-56
-63
-2
25
-31
11
40
-17
-8
-14
8
2
1
69
27
-13
29
11
13
34
6
-34
-28
70
53
1
0
-21
43
43
-3
-25
-26
23
35
29
4
-22
-15
-28
-74
-8
39
-16
-47
-97
-63
20
-2
-18
-7
13
73
32
69
119
47
104
66
49
49
-13
43
12
-12
-80
-38
33
-27
11
15
-1
-20
-78
-62
-1
20
37
-5
8
46
9
-1
-19
-79
-92
13
68
40
-42
-47
102
39
-12
75
-44
-38
56
25
21
-19
37
70
-30
-54
-82
-191
-130
-36
-82
-48
-71
-113
-36
11
3
-68
-38
67
8
-30
21
27
33
46
6
6
50
52
59
62
48
33
11
40
50
49
47
-5
-3
59
70
-19
-35
7
9
-19
-55
-52
-64
-71
-51
-51
-35
5
-14
16
4
9
26
-35
49
30
15
75
-12
-4
49
50
31
18
42
6
-38
-12
10
12
-24
-22
41
5
-20
-11
-10
-20
-66
-26
-29
-48
-31
-68
-63
-30
46
48
-13
12
-25
-19
20
0
33
11
-40
-27
15
-1
-7
25
-18
21
7
-52
46
17
-55
-43
-32
-49
-102
-6
13
-74
-41
-66
-42
-15
-21
58
17
8
28
-16
29
35
78
110
38
71
61
50
64
12
67
66
63
95
-42
-46
-44
-114
-33
17
23
3
0
0
-19
-14
-21
-68
-32
-33
-83
-20
-41
-65
-97
-42
64
-16
-36
0
-35
-56
-38
9
32
43
44
74
107
77
15
-9
23
88
135
75
90
72
-7
-1
-13
-37
-71
6
60
32
34
-37
-58
-52
-92
-77
-109
-90
-11
-25
-24
-52
-78
-71
-12
57
37
71
36
18
88
31
-12
22
23
-36
-1
56
0
-5
13
10
8
-35
-70
15
27
-22
31
9
0
27
18
44
-18
9
47
-35
-4
-41
-76
-25
-37
24
56
-11
40
53
19
78
17
16
41
-61
-55
0
-18
16
36
4
27
14
-11
-40
-102
-77
-51
-107
-93
-80
-50
-14
-53
-16
-19
-28
-6
-37
-78
-43
16
-66
0
111
28
-6
-25
3
42
0
14
52
56
-6
-13
-10
-22
32
40
33
-23
-61
-59
8
61
23
29
-12
-11
-10
-12
20
30
95
71
94
71
-38
36
25
82
136
-51
-45
32
14
37
65
66
41
-9
-36
-47
-34
28
24
5
10
-7
35
-7
-97
-25
-43
-85
0
38
1
-33
50
24
-90
-68
-54
-56
-23
52
10
-28
40
35
39
21
30
7
-64
19
-4
-57
-5
12
41
-29
-67
-5
-1
-30
-16
38
69
-5
-86
-26
65
93
28
-6
1
-19
-29
-61
-52
7
37
56
40
20
17
6
20
-9
-29
30
7
-6
13
-48
17
24
-51
-42
-56
-14
34
46
-1
-16
15
-17
-2
-21
36
64
-36
-7
27
61
-16
-61
-10
-40
-11
30
86
51
-38
-41
-27
25
37
-2
39
111
118
25
-52
-6
7
-35
-3
34
-10
3
97
88
23
6
39
27
20
28
-41
37
73
-5
-12
-46
-89
-82
-39
31
-43
-117
-67
-48
-19
-19
2
-8
-46
-3
-9
-45
-31
-34
-85
-43
-25
-68
43
78
38
36
6
1
-8
22
-30
-71
1
46
54
36
-29
-80
1
61
64
8
-42
3
34
37
53
92
23
-26
29
38
2
27
65
20
33
68
93
107
49
3
27
-9
-11
72
-25
-58
58
78
37
-18
-50
-41
25
46
-30
-34
-30
-58
-37
-29
10
7
-12
16
-38
-81
-68
-36
42
33
-22
23
10
-23
-37
-30
49
51
27
-20
-64
6
26
-43
-21
-38
-4
63
21
58
38
-83
-85
13
-16
-21
-40
-45
49
27
102
81
-52
0
41
31
-14
-49
0
-15
-51
28
4
-20
-3
-36
29
-20
-30
73
21
-16
-46
-73
1
16
-31
-79
4
57
-65
-38
-17
-19
61
-15
-101
-48
-32
-1
90
47
-6
29
67
47
4
41
8
-50
15
58
47
38
31
31
4
-1
6
70
35
4
8
-88
-36
-72
-61
27
-4
40
59
42
-20
-19
73
61
58
72
28
-37
-31
20
-20
47
54
-21
2
-50
-47
15
25
-5
-36
-40
14
75
0
-22
33
-8
0
24
-52
-60
-84
-69
-25
-82
10
5
-74
-63
-114
-29
65
4
25
52
10
-5
-126
-126
-10
-46
10
36
-22
55
83
-5
-40
-72
-43
10
-29
-33
-28
4
23
48
74
15
36
-1
-23
17
32
36
32
28
-1
55
49
38
-8
-64
17
17
11
47
-12
-29
-35
-114
-67
-47
-32
-13
-75
-88
-78
34
73
48
47
-11
6
-51
-17
52
-1
52
71
105
68
-11
41
38
55
91
-23
-35
65
4
13
80
35
36
19
-50
-11
1
-34
-24
-12
-29
-40
-43
-93
-91
-135
-61
39
2
46
-16
-23
42
-3
40
9
-60
-9
21
19
32
82
34
0
57
24
-24
-38
-20
-17
-46
4
20
22
41
-30
-27
2
-25
18
53
-39
-83
-15
-28
1
2
-60
15
78
79
30
26
40
43
83
42
30
32
22
2
-17
-12
1
50
22
-34
-46
-35
-76
-85
-29
-62
-65
0
-43
-118
-74
-82
-88
-25
-57
-56
6
-21
-113
-79
39
4
0
83
23
-22
36
136
119
-1
7
19
-9
28
34
-10
-54
-55
-27
-11
5
29
56
13
-42
-53
-21
57
6
-14
-10
-33
58
22
-26
6
41
12
-35
53
9
1
38
99
136
-26
-21
24
83
83
22
65
15
-2
17
0
-45
-68
15
52
12
-6
-24
-27
-36
-61
-48
-19
-25
-22
19
18
-34
-102
-117
-42
12
31
8
25
37
-21
28
18
-63
-12
18
-27
-34
21
19
-42
18
28
-5
-2
-25
-3
-40
-50
-91
-65
45
5
46
70
22
61
67
49
60
43
28
38
17
39
101
60
7
71
82
-2
26
60
64
60
23
15
-18
20
17
-52
-76
2
29
-44
-24
-43
-17
-19
-87
-37
-41
-72
-54
-75
-68
-82
-112
-45
-38
-94
-64
-29
-39
35
45
-60
-122
-126
-50
-10
19
-25
-69
-31
-34
-12
-41
-12
37
6
-47
-79
17
38
41
88
30
-11
13
41
62
17
-31
-23
-3
92
86
119
180
131
120
0
-26
30
4
38
41
41
67
28
65
62
-8
20
-14
-24
-38
-52
8
-45
-76
-35
-25
-58
-32
86
50
-28
-13
8
21
-30
-29
-16
-87
-45
-21
-61
-86
-66
-12
-46
16
45
-5
-2
10
32
38
-31
-64
-13
28
31
-7
25
0
-64
-27
-43
-54
35
50
0
32
44
47
5
-94
-71
-37
-46
-8
9
24
69
90
78
42
12
65
39
-57
0
33
6
6
29
23
-8
-10
-14
-22
-39
17
-6
-62
-23
-46
-10
48
-65
-112
-40
-71
-19
18
-14
36
-27
-83
-25
3
-28
-55
-8
9
-11
-41
-64
-4
-8
-41
15
31
-24
25
38
-58
-83
-42
73
105
70
51
21
13
-6
17
57
36
67
46
-5
67
34
2
31
-21
4
88
34
-50
-13
38
42
-23
-24
-11
-52
-59
-84
-32
10
-20
-20
5
-8
-25
-12
-24
23
22
5
43
12
0
-33
-25
8
-6
16
63
35
26
72
-28
-56
-27
-58
0
-60
-76
-50
-72
24
16
8
-25
-56
0
-38
12
-1
22
55
7
97
25
-16
50
14
66
87
-58
-29
83
38
86
86
27
32
-5
-47
-98
-53
34
67
40
-6
-4
-48
-31
60
28
-64
-19
8
-60
-64
-75
-3
24
-57
-72
-83
-15
-4
-59
-16
-17
-45
0
58
76
63
-21
-69
19
34
16
22
-46
-68
-21
28
26
7
-3
6
21
4
-30
-61
6
-4
-22
71
-31
-76
60
48
36
-67
-39
151
41
10
59
17
67
4
-36
23
-23
-28
46
59
-4
-5
1
-13
14
-2
-5
31
31
17
77
96
0
-67
-44
-37
-51
-18
34
42
-33
-19
67
66
21
2
-37
-44
-23
-65
-83
-52
-23
-56
-32
32
-17
1
44
-8
9
19
-24
-48
-42
-17
-7
-49
-97
1
56
45
42
-23
39
43
-73
-21
44
-28
-54
19
6
-28
35
24
-26
-11
-23
-25
24
-5
10
69
-28
-60
49
106
50
26
47
-1
14
3
-32
8
13
21
16
35
80
56
55
124
100
-11
-30
-21
-16
-39
-45
2
27
62
29
-12
-23
4
40
-2
42
83
25
0
0
38
52
-10
-19
5
-14
9
41
25
0
3
26
9
-42
-58
-9
-24
-35
3
-29
-73
-29
-6
-1
-6
6
57
70
46
-12
21
0
-42
-13
0
11
-50
-29
-1
-69
-91
-9
58
-33
-32
46
-21
-46
-28
-31
-39
-44
12
12
-36
-15
-20
-79
-43
-29
-73
-102
-116
-66
-33
26
21
-51
19
55
27
10
-67
-56
-15
-9
28
8
-4
2
-35
30
89
-13
3
41
66
96
11
31
80
44
86
108
13
34
48
-1
93
143
51
46
25
-25
29
10
-9
-12
20
0
-149
-67
-43
-87
43
21
-36
1
-19
-17
-18
-49
-49
-77
-80
-85
-46
-63
-99
-15
-37
-25
9
-33
-16
17
49
36
53
35
33
47
38
76
29
-6
20
107
81
22
28
-15
46
34
19
67
86
129
102
24
-45
-34
-1
0
-5
-24
-1
15
-36
5
5
-74
-36
-67
-38
-17
-78
-26
-69
-122
-127
-112
-48
-62
-95
-127
-130
-101
-127
-125
-125
-125
-92
-114
-96
-59
-86
-96
-76
-68
-60
-31
-27
-53
-84
-34
31
38
62
78
40
50
133
154
177
159
140
47
4
125
129
111
172
189
121
127
225
208
132
166
159
156
124
67
96
84
78
30
32
75
35
84
85
-42
-81
-60
-21
-33
-95
-88
-78
-75
-101
-148
-87
-153
-193
-34
-58
-96
-74
-47
-52
-87
1
14
48
115
41
64
118
106
147
138
138
163
179
163
63
88
168
118
84
146
171
227
253
182
163
111
113
115
70
90
87
51
35
32
-8
-11
-57
-143
-95
-48
-56
-78
-135
-144
-109
-201
-233
-180
-198
-150
-245
-369
-380
-430
-435
-463
-459
-456
-470
-537
-617
-616
-703
-715
-640
-664
-662
-636
-685
-732
-701
-579
-536
-550
-478
-477
-508
-447
-370
-250
-112
-77
-75
-12
71
93
159
291
346
472
604
605
599
671
719
757
793
808
860
881
909
855
833
875
829
848
794
691
692
698
689
688
646
591
546
436
414
397
332
295
169
125
158
76
37
73
52
65
54
18
0
-57
-31
15
7
21
59
31
42
61
-2
97
192
149
146
95
122
157
110
177
211
156
55
86
93
-12
0
-77
-62
-24
-94
-7
-67
-166
-133
-140
-94
-158
-230
-197
-129
-107
-182
-171
-140
-173
-176
-85
-94
-184
-205
-156
-96
-151
-178
-132
-135
-209
-249
-270
-313
-335
-408
-524
-647
-685
-672
-769
-809
-935
-1131
-1121
-1173
-1239
-1237
-1262
-1289
-1440
-1540
-1516
-1535
-1582
-1550
-1490
-1516
-1559
-1502
-1383
-1287
-1176
-1068
-965
-879
-766
-594
-405
-187
0
51
152
338
459
623
858
1011
1049
1177
1358
1480
1598
1764
1838
1802
1812
1856
1917
2021
2156
2134
2019
1943
1921
1946
1942
1865
1785
1596
1410
1419
1323
1256
1192
1084
966
791
668
550
517
528
445
296
223
141
47
47
-3
-76
-97
-169
-294
-337
-359
-354
-284
-327
-412
-398
-384
-368
-373
-423
-405
-339
-396
-428
-341
-408
-448
-368
-409
-472
-379
-353
-367
-318
-389
-356
-229
-226
-220
-186
-160
-161
-182
-135
-113
-85
-47
-91
-60
-7
1
98
50
15
97
19
19
37
-37
-70
-148
-211
-190
-241
-282
-247
-383
-447
-395
-508
-547
-545
-626
-691
-729
-763
-765
-696
-662
-670
-617
-633
-650
-588
-556
-445
-422
-444
-438
-470
-381
-329
-339
-350
-312
-342
-407
-347
-421
-459
-455
-550
-621
-610
-613
-731
-744
-748
-872
-978
-1034
-1103
-1142
-1140
-1139
-1095
-1150
-1216
-1150
-1040
-999
-995
-908
-888
-829
-739
-656
-391
-289
-201
-8
117
310
460
620
808
939
1034
1164
1431
1681
1734
1812
1999
2099
2185
2253
2293
2354
2426
2480
2475
2507
2502
2490
2441
2349
2259
2101
1975
1902
1866
1760
1596
1423
1164
966
861
709
591
446
249
75
-85
-183
-283
-319
-394
-521
-548
-645
-706
-645
-638
-686
-713
-705
-727
-716
-703
-627
-515
-570
-589
-555
-518
-414
-414
-434
-406
-390
-362
-382
-377
-375
-488
-511
-477
-507
-497
-494
-543
-606
-686
-693
-680
-652
-637
-732
-669
-660
-782
-778
-785
-730
-755
-801
-728
-804
-831
-769
-689
-618
-612
-534
-491
-452
-416
-358
-304
-283
-201
-213
-140
1
-31
14
76
84
245
287
245
323
378
441
420
388
468
477
483
452
390
417
359
314
263
139
78
-2
-128
-312
-448
-527
-696
-870
-1048
-1136
-1246
-1374
-1394
-1555
-1700
-1786
-1817
-1789
-1779
-1727
-1702
-1606
-1478
-1429
-1380
-1271
-1046
-833
-704
-452
-287
-154
138
355
584
728
868
1117
1182
1308
1534
1735
1902
1955
2055
2132
2241
2352
2356
2440
2463
2488
2531
2443
2406
2338
2352
2294
2084
1988
1850
1712
1539
1396
1274
1046
810
696
564
313
185
-7
-196
-306
-469
-610
-788
-883
-941
-1019
-1057
-1159
-1184
-1100
-1077
-1074
-1064
-952
-934
-891
-757
-762
-582
-497
-511
-412
-346
-288
-228
-66
-27
-54
80
129
133
117
147
268
281
202
155
189
135
99
151
68
6
49
-42
-53
-65
-184
-158
-160
-246
-418
-465
-450
-540
-578
-610
-588
-619
-675
-610
-568
-633
-746
-648
-536
-562
-540
-566
-537
-451
-408
-389
-310
-197
-100
17
16
39
161
241
334
437
516
601
658
642
650
706
691
755
776
666
572
437
395
310
76
-68
-237
-469
-657
-948
-1235
-1420
-1593
-1815
-2084
-2242
-2391
-2542
-2668
-2788
-2832
-2821
-2769
-2745
-2690
-2545
-2430
-2275
-1984
-1748
-1443
-1149
-919
-550
-212
120
487
731
945
1289
1530
1734
2054
2271
2509
2726
2772
2901
3030
3075
3165
3187
3197
3211
3097
2985
2921
2866
2820
2703
2531
2364
2256
2092
1849
1646
1380
1177
930
648
528
263
19
-160
-425
-634
-837
-986
-1054
-1190
-1267
-1316
-1419
-1431
-1458
-1403
-1252
-1212
-1193
-1044
-902
-799
-648
-545
-375
-262
-217
-79
-9
62
134
155
193
235
264
281
266
200
120
85
27
-63
-166
-217
-306
-448
-382
-409
-474
-472
-573
-563
-561
-545
-543
-631
-604
-586
-596
-539
-566
-546
-515
-531
-443
-487
-450
-290
-223
-180
-200
-187
-148
-57
15
15
129
173
129
196
219
235
319
352
390
452
480
524
539
578
698
693
725
726
719
818
761
727
713
712
692
537
462
396
193
-8
-197
-387
-577
-892
-1227
-1505
-1761
-1994
-2291
-2544
-2776
-3024
-3178
-3380
-3487
-3471
-3516
-3543
-3435
-3341
-3298
-3056
-2807
-2500
-2110
-1750
-1328
-1003
-656
-235
179
600
937
1275
1619
1925
2249
2534
2791
3014
3118
3237
3363
3359
3488
3598
3453
3458
3475
3388
3312
3175
3140
3075
2837
2503
2272
2083
1818
1591
1329
1116
852
558
338
138
-42
-284
-474
-708
-913
-985
-1133
-1313
-1379
-1349
-1384
-1437
-1394
-1335
-1252
-1079
-892
-764
-486
-256
-256
-115
63
142
248
330
439
601
659
665
784
826
795
857
830
690
613
530
416
233
-13
-182
-382
-459
-543
-733
-778
-850
-901
-1001
-1109
-1105
-1147
-1154
-1121
-1139
-1063
-973
-1033
-1026
-966
-840
-701
-598
-386
-238
-220
-132
83
162
212
237
215
311
248
145
108
128
169
202
277
276
306
351
324
381
403
396
470
534
577
588
612
639
701
734
767
789
771
694
551
413
210
-71
-392
-648
-1020
-1427
-1804
-2272
-2606
-2975
-3353
-3574
-3866
-4116
-4259
-4443
-4495
-4448
-4473
-4427
-4246
-3954
-3662
-3343
-2857
-2294
-1709
-1174
-638
-6
629
1246
1796
2361
2871
3216
3578
3929
4254
4507
4576
4642
4692
4665
4632
4574
4474
4325
4155
3967
3663
3396
3135
2781
2467
2154
1866
1483
1103
771
382
126
-87
-303
-571
-815
-941
-1189
-1351
-1455
-1600
-1650
-1765
-1880
-1820
-1814
-1908
-1793
-1656
-1557
-1346
-1083
-812
-519
-280
-166
89
344
478
634
746
913
1018
1092
1237
1341
1436
1479
1495
1467
1409
1333
1177
987
713
479
291
6
-269
-458
-690
-916
-1000
-1150
-1247
-1265
-1320
-1350
-1383
-1398
-1464
-1478
-1478
-1471
-1301
-1163
-1102
-942
-708
-506
-317
-109
18
178
399
528
596
583
668
768
661
596
600
555
574
603
539
534
568
598
625
633
643
622
611
569
578
658
659
702
703
594
588
552
508
431
172
-108
-545
-1003
-1457
-1939
-2434
-3081
-3612
-4037
-4349
-4642
-5005
-5299
-5567
-5740
-5733
-5693
-5679
-5505
-5301
-5008
-4619
-4187
-3541
-2925
-2160
-1205
-486
278
1113
1919
2731
3271
3774
4296
4633
4935
5183
5396
5622
5748
5783
5819
5834
5775
5632
5334
4958
4570
4120
3585
3058
2493
2028
1638
1147
817
580
294
124
-44
-252
-354
-544
-730
-895
-1139
-1260
-1325
-1347
-1367
-1362
-1174
-986
-910
-715
-488
-285
-131
-130
-21
24
-52
-4
6
48
72
77
229
406
607
860
1054
1145
1263
1436
1540
1454
1325
1280
1232
1145
1000
793
635
487
194
-64
-280
-511
-786
-1117
-1425
-1711
-1952
-2162
-2230
-2318
-2436
-2453
-2429
-2223
-1999
-1840
-1574
-1312
-1029
-759
-533
-150
86
308
583
736
1021
1069
1030
1168
1067
1004
1055
1001
957
874
756
667
549
438
299
77
-133
-270
-336
-417
-434
-433
-390
-87
167
277
416
448
424
341
93
-332
-931
-1443
-1945
-2528
-3079
-3635
-4106
-4542
-4862
-5062
-5279
-5465
-5752
-6046
-6150
-6208
-6170
-6101
-5904
-5407
-4833
-4084
-3121
-1981
-792
380
1467
2365
3237
3980
4521
4883
5146
5336
5367
5372
5421
5615
5802
5860
5916
5829
5671
5400
4980
4465
3814
3076
2290
1571
990
469
83
-79
-146
-70
71
195
349
469
539
510
422
350
218
74
77
122
134
188
328
401
428
587
582
493
439
160
-141
-434
-655
-821
-899
-863
-818
-572
-410
-178
170
486
792
976
1178
1233
1359
1506
1486
1466
1422
1406
1278
1151
1056
891
691
381
80
-194
-531
-888
-1236
-1563
-1885
-2177
-2447
-2570
-2515
-2501
-2362
-2129
-2018
-1700
-1369
-1144
-756
-498
-242
42
255
554
633
598
740
884
870
901
967
964
1018
1003
934
919
853
667
423
118
-118
-333
-619
-688
-727
-826
-650
-348
-83
138
389
598
602
479
258
-196
-974
-1863
-2608
-3241
-3784
-4329
-4937
-5241
-5367
-5536
-5600
-5823
-6074
-6291
-6649
-6917
-7092
-7089
-6953
-6643
-5886
-4893
-3750
-2438
-916
632
1912
3046
3883
4492
4928
5085
4962
4722
4582
4417
4499
4709
4887
5185
5328
5423
5362
4968
4460
3791
2913
1905
1037
393
-62
-247
-98
286
869
1619
2259
2789
3220
3438
3354
3067
2732
2296
1870
1525
1351
1404
1508
1682
1839
1923
1908
1647
1207
496
-274
-988
-1719
-2332
-2762
-2915
-2762
-2327
-1874
-1258
-471
47
488
890
1092
1172
1197
1187
1254
1473
1725
1963
2172
2410
2561
2510
2330
1887
1215
460
-306
-1004
-1684
-2296
-2705
-2869
-2837
-2763
-2672
-2555
-2386
-2270
-2321
-2384
-2380
-2263
-2016
-1685
-1234
-558
274
993
1533
2002
2208
2151
1904
1363
755
174
-400
-889
-1271
-1383
-1306
-1160
-838
-612
-491
-434
-623
-783
-1066
-1479
-1599
-1592
-1316
-753
-155
782
1779
2527
3096
3353
3289
2816
1830
480
-980
-2322
-3558
-4657
-5457
-6073
-6462
-6561
-6537
-6551
-6722
-7070
-7601
-8156
-8521
-8753
-8693
-8248
-7397
-6030
-4300
-2275
-214
1881
3879
5335
6268
6634
6639
6425
5893
5322
4786
4420
4328
4375
4597
4903
5142
5214
4896
4146
3267
2242
1030
-59
-886
-1364
-1493
-1146
-315
820
2131
3378
4488
5210
5523
5474
5121
4642
3937
3288
2728
2369
2310
2367
2545
2620
2594
2387
1755
884
-153
-1350
-2545
-3557
-4209
-4598
-4656
-4238
-3494
-2542
-1487
-525
315
910
1284
1596
1735
1853
1903
1967
2172
2532
3026
3299
3475
3461
3113
2527
1616
566
-589
-1680
-2680
-3502
-3825
-3908
-3730
-3385
-2933
-2394
-2190
-2023
-1941
-2124
-2184
-2337
-2322
-1959
-1543
-767
100
1045
1974
2487
2862
2830
2297
1546
535
-586
-1592
-2293
-2587
-2589
-2420
-1923
-1220
-681
-200
100
-20
-385
-888
-1511
-2002
-2162
-2018
-1384
-343
918
2317
3667
4799
5497
5619
5086
4110
2615
510
-1648
-3552
-4975
-5856
-6447
-6794
-6881
-6758
-6555
-6565
-6900
-7553
-8524
-9446
-10099
-10352
-10054
-9250
-7853
-5860
-3456
-844
1688
3917
5725
6827
7089
6713
5919
4967
4127
3390
2789
2625
2814
3195
3766
4206
4390
4277
3717
2682
1360
79
-939
-1556
-1688
-1321
-494
812
2503
4313
5881
7075
7753
7745
7309
6545
5561
4586
3695
3085
2636
2403
2531
2704
2911
2839
2275
1412
233
-1067
-2351
-3514
-4342
-4757
-4711
-4125
-3170
-1979
-642
496
1309
1822
1907
1745
1518
1185
895
883
1059
1474
2103
2699
3376
3681
3436
2917
2038
883
-481
-1822
-2950
-3767
-4177
-4127
-3638
-2940
-2099
-1256
-644
-354
-367
-613
-1109
-1663
-2176
-2552
-2548
-2273
-1699
-728
277
1096
1655
1860
1699
1220
440
-557
-1569
-2492
-3222
-3595
-3482
-3013
-2316
-1482
-738
-228
97
206
149
-13
-451
-919
-1315
-1507
-1166
-514
351
1426
2449
3310
3989
4471
4693
4392
3529
2378
1001
-663
-2397
-3812
-4631
-5016
-5259
-5618
-6054
-6303
-6516
-6751
-7076
-7789
-8735
-9501
-9859
-9586
-8642
-7213
-5450
-3429
-1273
855
2786
4463
5810
6457
6288
5520
4496
3575
2932
2498
2071
1824
1785
1826
2052
2313
2355
2194
1645
705
-285
-1096
-1314
-882
-98
872
1987
3440
5204
6804
8045
8771
8816
8319
7341
6162
5162
4230
3488
3063
2602
2211
2030
2004
1848
1387
632
-563
-1857
-2869
-3539
-3807
-3668
-3226
-2508
-1588
-530
627
1642
2307
2574
2451
2052
1673
1244
963
953
1069
1467
1797
2006
2146
2129
1845
1215
406
-644
-1633
-2409
-2945
-2987
-2762
-2311
-1732
-1200
-689
-401
-310
-419
-707
-1075
-1521
-1908
-2036
-1843
-1461
-1023
-610
-268
-87
-125
-383
-754
-1097
-1555
-2019
-2430
-2770
-2731
-2413
-1922
-1394
-1022
-813
-803
-848
-856
-912
-993
-1035
-1032
-986
-631
-13
632
1170
1485
1575
1415
1267
1276
1501
1824
1989
2207
2444
2705
3005
3070
2900
2129
501
-1591
-3498
-4943
-5945
-6513
-7167
-7856
-8212
-8179
-7782
-7454
-7505
-7973
-8584
-8952
-8825
-8009
-6543
-4541
-2212
180
2406
4527
6528
8078
8831
8380
6975
5278
3808
2812
2070
1579
1430
1521
1749
1997
2354
2624
2446
1744
513
-764
-1622
-1733
-997
152
1483
2985
4639
6354
8007
9255
9820
9611
8576
7111
5604
4298
3321
2669
2033
1321
839
493
331
115
-435
-1213
-2306
-3380
-4060
-4309
-4193
-3736
-2895
-1929
-969
35
1042
1844
2391
2620
2435
2090
1704
1450
1447
1503
1523
1488
1332
1188
972
478
-177
-889
-1626
-2341
-2953
-3347
-3489
-3324
-3093
-2876
-2465
-2181
-1983
-1788
-1807
-1810
-1780
-1705
-1530
-1357
-1074
-658
-156
294
574
681
667
681
499
80
-305
-604
-712
-729
-848
-1052
-1274
-1330
-1067
-725
-595
-681
-961
-1217
-1311
-1222
-884
-503
-142
193
408
825
1500
2303
3002
3088
2649
2121
1998
2291
2703
3156
3325
3442
3653
3791
3886
3599
2993
1792
-444
-3202
-5641
-7126
-7696
-8083
-8789
-9607
-10027
-9691
-8951
-8365
-8325
-8772
-9293
-9306
-8489
-7009
-4736
-2115
502
2924
4837
6522
8120
9360
9569
8314
6137
4007
2535
1712
1070
489
22
-237
-278
-414
-583
-647
-717
-1097
-2000
-2827
-2737
-1467
588
2742
4469
5881
7439
9055
10269
10748
10477
9444
7912
6215
4496
3052
1952
1218
583
-408
-1606
-2514
-2930
-3071
-3355
-3921
-4631
-5057
-4923
-4201
-3009
-1871
-871
202
1164
1938
2817
3784
4575
5013
4858
4349
3831
3439
3216
2772
1896
849
-229
-1126
-1631
-1969
-2219
-2489
-2890
-3381
-3822
-4039
-3871
-3384
-3110
-3069
-3042
-2719
-1930
-1006
-288
41
94
18
0
96
236
394
378
160
-50
-146
-113
83
269
27
-618
-1387
-1847
-1643
-1309
-1208
-1311
-1617
-1561
-947
-161
484
720
601
361
269
459
963
1671
2154
2283
2060
1828
2231
3089
3634
3319
2410
1278
603
765
1221
1703
1827
1602
1359
1278
1387
1459
1261
123
-2234
-5228
-7604
-8329
-7795
-7276
-7696
-8643
-9274
-8954
-7764
-6752
-6579
-7181
-7902
-7972
-7008
-4882
-2160
599
3000
4427
5150
5860
6880
7908
7773
5916
3377
1424
656
874
1164
1141
913
542
165
-326
-597
-413
-132
-165
-686
-1106
-392
1738
4389
6571
7548
7574
7477
7460
7411
7064
6223
4911
3357
1824
544
-213
-370
-441
-1071
-2442
-3873
-4565
-4248
-3263
-2401
-1946
-1833
-1441
-413
984
2336
3181
3491
3335
2937
2733
2935
3308
3490
3296
2721
1999
1521
1145
610
-162
-1328
-2502
-3249
-3452
-3046
-2450
-1947
-1433
-1138
-1033
-908
-684
-446
-408
-592
-988
-1191
-1116
-969
-826
-1071
-1674
-2280
-2643
-2693
-2545
-2343
-2125
-1865
-1470
-957
-379
245
655
793
714
388
168
304
644
1036
1213
1068
940
1023
1258
1415
1159
451
-324
-709
-742
-399
288
992
1628
1881
1699
1506
1565
1982
2434
2371
1651
915
724
1207
2071
2463
2326
1849
1176
743
532
539
494
-309
-2439
-5602
-8337
-9247
-8396
-7363
-7599
-8745
-9367
-8546
-6751
-5403
-5167
-5690
-6129
-5890
-4918
-3212
-1043
1220
3026
3867
3978
4088
4946
6122
6277
4836
2519
724
63
46
-125
-877
-1508
-1420
-1166
-1184
-1055
-109
1525
2750
2931
2566
2747
4337
6429
7617
7470
6529
5950
5879
5804
5360
4435
3364
2171
684
-968
-2343
-2939
-3013
-3106
-3583
-4221
-3903
-2438
-571
971
1376
1263
1466
1913
2583
3068
3155
3178
3220
3111
2857
2718
2738
2573
1846
282
-1583
-2789
-3039
-2737
-2614
-2990
-3196
-2561
-1264
44
756
892
639
330
293
312
373
569
806
820
500
36
-362
-744
-1512
-2872
-4489
-5589
-5708
-5148
-4431
-3781
-2931
-1715
-262
942
1509
1791
1938
2070
2237
2140
1898
1881
2078
2202
2049
1820
1661
1339
717
-16
-523
-669
-536
-542
-866
-1023
-692
155
1064
1457
1489
1491
1836
2419
2758
2760
2459
2236
1973
1424
689
-97
-674
-1236
-1679
-1833
-1514
-819
-323
-26
-47
-187
-611
-2031
-4454
-6997
-8286
-8054
-7075
-6368
-6089
-5581
-4575
-3400
-2935
-3616
-4817
-5744
-5986
-5416
-4235
-2541
-408
1831
3651
4613
4850
4767
4370
3431
1826
-31
-1275
-1612
-1334
-1023
-821
-397
343
1080
1295
1006
913
1487
2458
3370
3999
4621
5528
6569
7215
7141
6489
5588
4682
3703
2715
1836
1179
758
408
-123
-852
-1489
-1946
-2091
-1899
-1661
-1389
-761
227
1402
2446
3145
3572
3585
3248
2556
1562
793
557
807
966
698
210
-177
-242
-325
-918
-2146
-3460
-4210
-4078
-3063
-1677
-574
200
778
1117
1348
1241
882
499
-71
-639
-945
-998
-1033
-1205
-1700
-2643
-3651
-4436
-4868
-4860
-4553
-3882
-2873
-1682
-413
599
1390
1942
2284
2554
2530
2380
2137
2082
2371
2467
2540
2463
1966
1213
90
-943
-1480
-1679
-1584
-1544
-1565
-1109
-169
1073
2212
2829
2992
2790
2551
2669
2982
3193
2991
2279
1366
586
104
-118
-485
-1325
-2232
-2917
-3273
-3199
-2881
-2440
-1763
-789
213
848
980
937
862
155
-1674
-4280
-6416
-6856
-5722
-4279
-3566
-3437
-3373
-3072
-2909
-3498
-4675
-5917
-6331
-5733
-4316
-2190
81
2095
3308
3540
3083
2409
1712
981
297
-281
-353
230
1056
1376
967
392
226
479
541
114
-247
282
1870
3714
4710
4766
4654
4994
5527
5568
5130
4489
3976
3636
3205
2860
2605
2233
1602
348
-1002
-1911
-2326
-2210
-1917
-1441
-767
63
1215
2463
3143
2845
1845
701
37
-33
70
240
673
1495
2448
2980
2799
1945
479
-1358
-3030
-4079
-4202
-3512
-2490
-1602
-811
190
1164
1545
1054
-115
-1320
-1931
-1864
-1329
-867
-806
-839
-1124
-1640
-2278
-3148
-3803
-4104
-4051
-3587
-2645
-1233
313
1549
2087
2132
1889
1499
1153
893
783
786
866
965
1079
1135
991
492
-144
-589
-734
-534
-408
-228
351
1263
2196
2551
2397
2168
2143
2285
2184
1741
1406
1429
1538
1468
1084
410
-191
-715
-1321
-1904
-2471
-2575
-1928
-1095
-353
20
95
366
529
443
228
198
695
1082
984
749
601
473
-316
-2330
-4887
-6663
-6865
-5875
-5011
-4773
-4622
-4131
-3342
-2942
-3317
-4098
-4695
-4620
-3799
-2371
-761
574
1538
2218
2595
2308
1460
622
90
6
205
640
1222
1591
1504
993
557
413
345
-16
-598
-726
86
1774
3435
4325
4533
4413
4421
4604
4684
4567
4012
3080
2158
1616
1666
1846
1570
761
-181
-667
-691
-454
75
588
876
932
800
849
996
767
154
-595
-912
-493
309
1102
1496
1602
1669
1631
1228
365
-642
-1570
-2025
-1709
-831
202
961
1261
1226
1145
842
42
-1111
-2333
-2996
-2948
-2150
-920
-76
308
60
-621
-1310
-1950
-2548
-3022
-2826
-1934
-778
194
820
1252
1368
1043
152
-907
-1561
-1708
-1424
-852
-118
457
695
415
-247
-763
-879
-517
-49
297
730
1414
2408
3139
3116
2606
1764
898
376
2
-307
-265
218
911
1504
1612
1205
745
429
183
-141
-707
-1044
-904
-385
540
1462
2174
2330
1619
509
-653
-1465
-1585
-1411
-1207
-901
-646
-350
-11
42
-270
-1431
-3564
-5705
-6883
-6336
-4595
-3190
-2564
-2474
-2401
-2227
-2399
-2890
-3656
-4247
-4157
-3618
-2618
-1277
205
1400
1760
1212
171
-521
-650
-348
171
604
1110
1676
1922
1564
787
184
-2
-174
-574
-957
-512
1145
3016
4042
3931
3300
2879
2781
2748
2555
2466
2703
3108
3443
3735
4035
4105
3741
2849
1652
702
315
312
461
687
862
777
438
77
-305
-644
-1018
-1376
-1295
-797
-6
649
991
1275
1428
1366
1001
423
-6
-109
126
554
801
868
775
306
-468
-1353
-2135
-2591
-2687
-2462
-1882
-1220
-587
-43
64
-319
-974
-1640
-2113
-2194
-1761
-937
24
763
1017
924
650
258
-313
-953
-1424
-1554
-1288
-946
-612
-428
-495
-715
-1157
-1465
-1374
-1043
-686
-304
324
1228
2145
2529
2156
1482
1054
1077
1333
1292
873
503
482
926
1499
1724
1453
802
270
-2
-125
20
135
83
47
26
116
295
335
242
156
75
-35
-165
-251
-259
-218
-231
-332
-514
-733
-816
-932
-981
-754
-656
-903
-1792
-3075
-3820
-3654
-2869
-2523
-2885
-3126
-2950
-2555
-2370
-2653
-2961
-3048
-3125
-3145
-2765
-1743
-433
546
847
718
696
848
1157
1335
1142
1023
993
909
913
867
658
366
70
-152
-292
-353
-245
171
981
1789
2240
2452
2570
2797
3227
3531
3339
2887
2538
2333
2338
2510
2673
2579
2136
1610
1160
794
372
-15
-160
-246
-261
-231
-89
353
789
967
797
457
400
434
408
380
465
886
1345
1486
1241
900
652
365
-125
-927
-1597
-1777
-1622
-1298
-847
-503
-413
-533
-847
-1185
-1461
-1531
-1379
-1191
-1041
-741
-410
-172
87
32
-404
-865
-1011
-701
-232
62
34
-28
36
-131
-532
-954
-1451
-1888
-1923
-1639
-1092
-560
-176
245
448
494
466
455
620
867
1266
1568
1632
1717
1742
1669
1429
803
117
-348
-525
-404
-154
223
745
1142
1252
1137
752
464
282
-73
-420
-543
-384
34
472
570
511
391
142
-215
-911
-1652
-1962
-1924
-1687
-1495
-1208
-692
-236
3
-23
-72
-183
-660
-1405
-1942
-1755
-1111
-681
-659
-959
-1164
-1214
-1492
-2119
-2752
-3004
-2986
-2880
-2741
-2326
-1571
-887
-574
-606
-594
-268
174
437
471
586
870
1125
1272
912
349
291
632
1115
1214
867
482
569
1186
1582
1562
1222
894
890
841
778
1013
1166
1218
1202
1120
1582
2340
2934
3081
2685
2265
2121
2136
2032
1817
1633
1483
1348
1154
1011
975
724
179
-225
-303
-252
-292
-438
-474
-288
-11
113
-34
-213
-207
-116
51
236
375
434
210
-230
-631
-781
-682
-649
-875
-1226
-1447
-1310
-888
-725
-980
-1367
-1721
-1789
-1549
-1234
-895
-628
-463
-196
30
15
-209
-457
-582
-644
-730
-737
-477
-64
366
689
824
665
349
165
-9
35
149
57
-69
-249
-94
254
378
307
51
-112
-5
191
427
781
1052
1304
1559
1703
1768
1660
1427
1066
735
614
637
621
412
247
107
-47
-258
-713
-1229
-1579
-1733
-1656
-1327
-1030
-908
-889
-813
-640
-508
-412
-447
-533
-385
-118
177
326
134
-206
-610
-944
-1143
-1267
-1274
-1393
-1774
-1995
-1994
-1790
-1417
-1253
-1380
-1703
-1835
-1625
-1321
-1278
-1429
-1529
-1544
-1140
-500
-8
277
305
213
91
-51
-170
-174
-126
0
245
480
759
943
923
777
550
478
637
685
693
860
1106
1423
1688
1872
1854
1691
1614
1689
2106
2635
2794
2631
2308
2167
2399
2483
2287
1922
1490
1323
1353
1233
1038
928
768
490
43
-377
-431
-259
-98
-163
-377
-259
59
238
194
-41
-205
-167
-174
-390
-668
-697
-487
-266
-293
-644
-866
-875
-852
-883
-1065
-1174
-1079
-959
-924
-1008
-984
-890
-898
-990
-1175
-1273
-1314
-1389
-1451
-1423
-1300
-1132
-936
-730
-359
44
240
271
164
-32
-202
-357
-342
-88
118
362
538
638
890
1068
1117
954
640
490
504
605
733
956
1176
1267
1392
1466
1418
1225
993
902
842
780
629
471
503
592
672
502
57
-295
-623
-959
-1100
-1076
-964
-856
-747
-602
-509
-247
8
57
16
-305
-552
-521
-296
28
189
46
-391
-731
-763
-605
-555
-796
-1072
-1210
-1300
-1325
-1320
-1382
-1544
-1860
-2249
-2655
-2734
-2388
-2003
-1672
-1518
-1537
-1484
-1246
-907
-579
-346
-174
-12
213
502
654
833
895
754
636
425
290
307
511
786
934
974
910
965
1055
970
960
1112
1273
1508
1763
1982
2338
2799
3133
3121
2815
2356
1951
1682
1569
1549
1328
1042
804
648
625
557
429
170
-139
-307
-460
-459
-229
32
286
312
130
66
93
114
59
-207
-521
-708
-595
-353
-354
-380
-288
-222
-204
-229
-406
-524
-499
-562
-648
-669
-651
-559
-537
-617
-728
-945
-1016
-1116
-1305
-1261
-1159
-853
-572
-516
-564
-713
-702
-474
-270
-254
-215
-108
135
352
424
431
293
129
-87
-122
137
355
446
458
418
483
660
822
846
700
639
713
853
949
853
707
578
403
284
280
290
188
-51
-253
-373
-438
-297
-258
-332
-220
-148
42
261
268
239
94
40
20
-93
-115
-186
-249
-267
-292
-318
-431
-591
-728
-817
-868
-961
-1087
-1108
-1100
-1007
-761
-663
-735
-859
-932
-819
-741
-827
-1026
-1267
-1348
-1359
-1356
-1257
-1211
-1214
-1218
-1201
-1071
-876
-676
-555
-562
-495
-364
-256
-192
-183
-7
179
336
579
701
836
1009
1069
1082
1021
920
862
879
1019
1237
1427
1511
1480
1463
1446
1344
1392
1528
1509
1458
1365
1360
1506
1552
1519
1442
1274
1130
1075
1099
1106
1039
867
580
306
93
19
-20
-145
-241
-280
-128
132
246
157
-56
-202
-296
-347
-338
-388
-317
-206
-231
-139
-70
-210
-388
-649
-902
-1020
-1027
-929
-889
-858
-768
-624
-462
-534
-684
-706
-722
-651
-538
-487
-323
-200
-152
-116
-70
-91
-240
-297
-401
-503
-536
-463
-340
-313
-269
-247
-96
94
282
442
370
297
248
242
297
334
283
184
155
138
190
277
229
130
98
79
169
256
213
126
59
96
91
63
1
-44
0
-20
49
108
-55
-276
-407
-545
-635
-602
-571
-539
-624
-670
-556
-400
-164
13
-45
-178
-106
-20
89
166
85
5
-112
-119
-169
-345
-374
-417
-552
-661
-809
-922
-867
-772
-732
-838
-998
-1099
-1162
-1076
-982
-925
-939
-899
-723
-609
-515
-467
-369
-312
-350
-303
-290
-214
66
298
391
467
543
623
690
658
557
625
801
931
1052
1035
1031
1137
1231
1275
1204
1150
1085
1132
1248
1264
1349
1470
1520
1496
1481
1501
1412
1233
1082
911
819
840
892
884
793
673
460
392
357
232
166
51
44
28
52
63
-76
-216
-405
-478
-518
-556
-608
-654
-611
-647
-503
-368
-424
-434
-490
-496
-506
-550
-546
-522
-506
-528
-549
-595
-609
-534
-427
-434
-478
-525
-655
-674
-647
-634
-549
-515
-520
-457
-328
-140
24
68
80
88
78
129
259
400
374
282
207
35
25
-35
-265
-298
-317
-351
-289
-137
-10
52
74
70
148
143
152
175
195
248
300
278
134
88
2
-25
-96
-230
-266
-383
-401
-377
-352
-241
-200
-134
-179
-363
-444
-400
-226
-98
-106
-88
73
191
265
418
413
252
-40
-320
-404
-385
-305
-144
-74
-187
-265
-349
-409
-441
-566
-678
-682
-680
-736
-697
-589
-519
-506
-610
-625
-507
-375
-205
-171
-132
-32
-30
-27
-14
40
54
96
160
65
49
193
301
389
408
412
445
485
563
581
652
779
848
974
1074
1036
1059
1090
1146
1220
1063
937
1007
1014
1007
1005
847
731
635
506
436
354
325
260
246
283
257
288
322
323
179
-35
-41
-49
-41
152
194
138
48
-23
36
13
-131
-275
-244
-68
95
153
203
182
9
-89
-198
-175
-164
-316
-318
-282
-163
-103
-182
-319
-486
-578
-659
-563
-430
-409
-316
-226
-126
-75
-99
-39
-64
-188
-197
-169
-222
-313
-351
-389
-419
-418
-460
-474
-632
-718
-644
-642
-503
-378
-322
-323
-224
12
106
113
99
92
17
-9
3
-16
42
49
4
-23
16
49
4
-16
-15
-80
-166
-173
-167
-160
-13
58
-8
23
49
25
4
-50
-145
-115
-120
-187
-111
-50
-25
-46
-147
-263
-302
-356
-432
-463
-398
-303
-335
-354
-217
-140
-100
-16
10
148
183
136
227
284
261
208
230
248
180
76
-73
-154
-175
-222
-235
-237
-254
-199
-81
50
150
124
36
53
65
105
223
236
222
178
153
184
173
227
314
321
345
382
425
451
361
256
174
143
162
129
132
167
214
331
407
432
410
345
434
571
507
507
490
414
463
413
413
421
429
486
410
296
256
273
197
135
172
189
190
221
250
230
176
70
-8
32
42
82
158
154
118
55
56
-10
-147
-107
-96
-169
-168
-201
-217
-129
-117
-177
-274
-383
-358
-374
-424
-457
-429
-428
-489
-444
-402
-428
-508
-530
-563
-623
-656
-563
-412
-415
-469
-515
-493
-484
-485
-488
-515
-541
-573
-496
-408
-263
-102
-69
-75
-91
-149
-198
-89
-70
12
137
150
276
288
214
211
180
42
-104
-132
-132
-23
149
117
104
102
-54
-110
-142
-187
-224
-293
-241
-127
-136
-147
15
55
23
-8
-89
-3
34
28
133
161
125
124
170
175
88
91
88
107
109
12
-23
-66
-76
-68
-48
-52
-82
-76
-17
101
185
231
151
65
67
63
102
102
98
66
70
117
113
146
115
90
53
-4
59
130
179
150
146
148
107
141
139
115
68
50
80
65
58
27
-33
-39
43
232
295
222
296
363
400
529
543
476
443
393
302
323
397
316
258
205
147
154
162
171
189
182
140
106
192
316
311
350
318
292
333
291
240
52
-40
9
14
-12
-148
-222
-208
-207
-201
-249
-292
-303
-259
-284
-374
-242
-123
-218
-200
-235
-336
-303
-310
-306
-359
-378
-336
-383
-382
-386
-363
-344
-400
-420
-409
-397
-318
-247
-236
-199
-193
-144
-151
-225
-246
-343
-406
-407
-374
-305
-273
-217
-222
-244
-271
-236
-207
-284
-252
-192
-147
-83
-63
-34
-37
-90
-66
24
84
66
90
87
69
104
50
12
1
53
121
152
279
347
277
281
242
201
296
250
185
208
263
303
294
369
356
327
348
230
154
118
149
212
151
154
116
29
18
2
-22
-80
-62
-47
-76
6
31
63
108
82
162
128
36
61
67
82
173
291
326
340
302
246
197
146
177
141
72
42
94
207
276
222
170
188
105
81
108
81
73
107
163
268
291
219
229
227
156
123
161
128
100
80
99
159
156
140
67
67
92
2
-23
-34
-48
0
7
44
93
88
52
24
-7
-12
-100
-251
-270
-262
-309
-358
-329
-292
-281
-277
-243
-224
-231
-238
-216
-144
-146
-86
-94
-104
-118
-294
-296
-282
-316
-310
-348
-422
-408
-369
-423
-324
-229
-281
-289
-336
-249
-146
-167
-163
-260
-289
-266
-248
-218
-227
-161
-156
-192
-108
-34
-65
-60
8
27
-35
-107
-145
-106
-116
-107
-64
-101
-64
-66
-74
-6
11
45
25
27
42
40
117
85
82
147
189
261
307
290
285
283
152
111
141
164
227
265
290
255
246
244
256
199
195
273
203
200
210
234
289
250
245
221
146
170
206
133
81
103
111
147
134
79
48
83
127
76
30
-10
9
64
106
122
139
166
167
210
246
246
226
215
183
173
218
210
189
174
133
92
58
98
116
105
192
254
248
229
131
75
71
51
85
32
7
64
18
-84
-103
-111
-201
-231
-207
-145
-126
-228
-245
-204
-217
-231
-278
-264
-212
-256
-268
-286
-268
-267
-325
-301
-332
-410
-451
-381
-348
-412
-396
-383
-319
-218
-213
-208
-168
-207
-270
-191
-160
-200
-141
-114
-93
-65
-60
-104
-128
-123
-218
-197
-135
-117
-112
-167
-138
-113
-134
-155
-149
-93
-86
-83
-79
-59
-14
-13
35
54
57
68
55
86
96
149
156
97
30
-18
47
68
73
84
46
37
64
133
100
137
189
124
150
156
139
95
101
243
269
213
258
280
265
249
210
209
194
204
168
161
289
290
235
220
211
229
206
180
246
316
286
249
198
170
155
156
189
136
89
23
52
108
52
73
17
-11
26
-24
-24
3
-57
-102
-101
-86
-37
-93
-77
-39
-113
-79
-43
37
74
22
86
113
112
144
35
-29
-76
-173
-139
-175
-215
-196
-209
-177
-135
-121
-162
-205
-298
-286
-202
-189
-93
-65
-17
8
-92
-161
-243
-310
-377
-378
-323
-232
-120
-141
-153
-166
-191
-184
-260
-300
-281
-239
-220
-261
-191
-124
-119
-47
-67
-175
-197
-150
-103
-61
-11
20
59
92
129
132
49
109
94
17
69
80
123
100
76
117
136
173
133
55
71
110
117
83
94
112
181
199
149
239
246
266
220
221
280
237
325
306
248
201
233
299
230
286
300
272
235
182
216
150
106
46
0
12
-30
-32
-31
-26
-43
-43
-43
-15
97
74
38
44
-21
22
26
-6
23
0
-71
-122
-62
-57
-151
-174
-132
-158
-134
-142
-136
-77
-156
-185
-110
-55
-101
-88
-28
5
4
-27
-26
-12
20
8
16
28
11
-3
-32
-46
-73
-85
-68
-66
-90
-120
-184
-204
-119
-132
-117
-7
3
19
16
-31
-5
25
-13
-16
12
54
23
-56
-35
-76
-45
-50
-101
-76
-156
-103
-127
-249
-194
-172
-150
-37
-26
-97
-136
-72
16
-11
-27
-1
19
26
17
53
80
26
5
-14
-75
-79
-72
-66
-123
-146
-113
-79
-2
16
41
69
31
69
188
96
-48
14
71
95
38
-34
55
148
124
67
96
156
171
72
-9
45
46
-3
0
56
50
-49
-85
-18
19
18
107
109
83
111
39
75
152
120
141
223
236
136
163
181
134
173
149
162
123
103
134
46
78
50
0
71
8
-3
-5
-16
25
3
41
4
-60
5
43
29
17
-80
-183
-134
-148
-204
-263
-301
-239
-312
-300
-259
-321
-273
-245
-167
-171
-306
-242
-101
-84
-80
-40
11
40
75
102
54
40
21
-4
-44
-113
-26
24
-49
-42
0
24
0
-32
-54
-128
-107
14
-12
8
62
0
44
50
61
111
89
59
-14
0
82
50
30
63
119
98
13
20
-10
0
21
1
-3
78
158
91
61
102
122
80
53
26
75
67
43
162
215
264
196
79
53
-39
-63
-1
-1
-2
-51
-155
-45
56
-27
-95
-77
1
12
-23
-24
11
25
39
105
143
119
54
59
16
-56
-48
-83
-30
-14
19
45
-4
-52
-69
6
-22
-18
-8
-55
-64
7
107
101
113
119
115
91
60
25
-36
-20
-15
-42
-103
-103
-47
-83
-101
-110
-135
-54
-24
-88
-89
-73
-39
-78
-79
-22
-38
-37
-65
-11
23
-20
27
34
26
75
107
132
167
159
79
95
93
97
106
33
-43
-60
-2
-68
-99
-129
-175
-127
-181
-223
-212
-182
-95
-83
-84
-66
-65
-51
-62
-38
-57
-77
-113
-130
-5
-20
-45
-24
18
98
42
-30
-33
5
2
92
155
163
185
105
176
179
78
63
75
148
133
141
200
124
75
136
154
91
7
-17
39
36
-11
-18
10
53
55
78
68
68
52
2
43
13
34
99
24
22
38
39
-6
-88
43
71
-1
60
100
99
30
29
111
78
66
102
68
64
52
40
34
-89
-74
-16
-33
-27
-27
-25
-61
-64
-70
-119
-179
-165
-160
-154
-99
-97
-82
-107
-71
-93
-177
-138
-148
-166
-196
-170
-97
-140
-90
-22
0
15
-87
-59
-21
-2
70
-26
-58
-22
19
34
-76
-75
-27
-46
-51
-23
-36
-79
-62
-15
41
57
66
95
51
13
35
0
-12
32
-9
-57
-22
-8
-54
-12
41
27
57
19
46
143
133
162
214
222
262
211
192
267
154
120
189
176
192
169
143
60
-7
81
75
0
31
3
-65
64
57
-87
13
22
-46
-68
-50
43
-35
-65
7
38
37
29
36
-63
-108
-70
-9
20
-49
-59
-38
-11
-10
-21
38
-4
1
79
-29
-92
-3
36
56
113
45
50
60
-54
-17
-32
49
83
-45
-21
-112
-136
-160
-176
-144
-204
-151
-180
-184
-117
-169
-162
-153
-151
-113
-62
-6
-62
-33
9
-15
1
-16
-21
11
17
-6
-32
-45
-25
-93
-82
-7
-49
-110
-103
-59
-62
-62
-51
32
30
7
54
43
64
67
65
95
69
56
57
-18
-87
-90
-51
9
-90
-192
-89
-88
-58
-34
-110
-59
-41
-36
-21
2
61
104
135
130
111
117
100
84
104
114
113
46
48
92
40
115
105
-9
57
14
-44
-11
9
28
10
124
145
41
29
79
84
46
112
90
44
2
-27
45
45
33
-11
-52
-42
-35
-55
-125
-85
4
10
-32
-32
20
8
-16
-11
-42
-63
-51
-83
-75
-50
-40
-17
8
37
-1
-57
-66
-64
-153
-140
-133
-161
-45
3
64
53
-33
-57
-71
-72
-108
-105
-41
-27
54
110
-18
-39
6
8
5
-59
-37
-33
-29
-72
-74
37
23
87
48
-12
35
-32
28
-8
-87
-25
51
74
-14
61
98
55
52
-39
-18
-3
-56
-44
-39
34
0
-97
-8
40
32
28
-46
-138
-82
-58
-140
-130
-95
-29
5
6
14
26
32
-19
29
104
34
-15
42
81
88
105
113
96
90
51
-12
20
-3
-62
43
111
67
102
148
99
79
39
57
81
-51
39
98
-21
84
87
54
83
13
28
37
16
-9
57
92
35
79
113
109
83
29
83
94
20
12
-33
-44
-47
-53
-24
-17
65
42
-6
30
-38
-67
31
86
60
4
60
119
-11
16
35
5
-22
-122
-118
-215
-172
-131
-120
-97
-189
-133
-144
-120
-81
-98
-55
-65
-16
59
35
10
28
61
77
92
59
-41
-30
-11
-12
22
3
7
-25
-64
0
3
-70
20
57
-45
-8
-10
-74
-41
16
30
-2
-35
-30
-1
-47
-35
9
-106
-102
-65
-137
-127
-135
-112
-43
-68
-106
-36
-18
-48
42
63
0
60
65
18
83
75
103
147
169
155
71
81
34
4
39
70
95
36
-6
-37
-28
10
-54
-93
-71
-115
-88
9
0
-47
-12
83
38
-37
-10
-3
6
23
-6
18
41
-47
-16
36
82
111
81
111
90
32
23
51
20
59
75
91
151
53
77
108
-8
-22
74
85
38
47
51
57
19
-80
-49
-1
-45
-34
-24
-16
22
23
3
-32
-9
24
32
98
106
40
-6
6
11
24
1
-3
73
4
45
99
-12
35
57
13
33
-5
-56
-52
-29
-21
-12
30
37
-6
-8
-33
-50
-56
-139
-106
0
13
-30
-105
-126
-132
-111
-72
-136
-146
-154
-158
-109
-90
-58
-19
1
35
74
-28
-87
-41
-30
-17
58
156
133
156
146
95
125
68
20
5
-72
-61
-9
-75
-17
4
-108
-83
-49
-115
-163
-148
-104
-109
-172
-114
-47
-51
-41
-47
-4
0
-47
-36
-1
14
36
79
157
132
45
69
40
-1
35
41
46
-41
-96
22
51
47
106
66
78
79
14
50
42
31
-3
-26
28
36
-2
-90
-56
11
-70
-93
-42
-70
-51
-27
-41
52
55
-12
56
87
86
122
164
255
150
128
195
82
58
55
57
95
94
56
28
13
-3
-45
-81
-52
-62
-52
-73
-74
-49
-74
-90
-152
-162
-164
-191
-177
-93
-44
-50
5
20
40
94
80
35
-1
27
34
32
37
42
49
5
54
0
-24
25
-29
26
35
-17
-4
8
38
6
-19
-29
-70
-19
14
28
31
-13
-2
-36
-44
-33
-112
-130
-124
-135
-54
51
0
-3
-23
-77
30
61
61
80
80
118
137
198
191
173
151
100
94
40
18
-35
-25
-6
-71
-44
-5
-24
-71
-121
-131
-113
-92
-94
-31
-20
-71
-22
3
65
50
-39
-61
-58
-44
-82
-69
-65
-109
-109
-136
-102
-55
-98
-77
-20
-21
-1
9
-43
16
88
33
41
73
61
105
87
63
116
108
94
-10
-54
3
-77
-81
-30
-52
-104
-144
-105
-73
-37
-56
-105
-87
-78
-63
-49
-22
59
66
69
122
104
28
34
35
-23
30
85
42
-51
-62
37
54
24
39
24
34
67
-4
3
6
-18
38
5
74
97
24
47
75
142
72
-58
-46
-45
-33
5
-13
17
-4
-29
45
6
-51
-42
-63
-61
-67
-70
-11
-25
6
110
111
111
138
141
112
105
109
60
55
78
65
104
176
70
-50
20
55
-4
-16
-42
-101
-72
-57
-36
40
11
-15
34
-49
-57
1
-57
-24
-55
-125
-29
-47
-129
-48
-13
-6
10
-63
-70
-80
-133
-78
-45
-28
-7
4
63
12
20
86
62
26
7
54
81
27
-8
56
120
80
83
49
-25
-2
-14
-13
-16
-80
-104
-56
-28
-64
-51
-69
-145
-162
-180
-148
-29
27
40
14
-50
-62
-57
-36
-23
65
122
54
56
55
83
74
63
126
126
81
60
43
-3
61
100
55
70
50
67
66
66
50
-35
-19
-29
-61
-40
-47
34
-14
-169
-133
-121
-120
-76
-128
-137
-69
-30
-19
-36
-24
29
61
70
89
134
59
-37
48
133
93
21
60
112
143
98
5
63
45
-49
-44
-43
-76
-22
45
5
-50
-20
20
15
11
-42
-42
-3
2
28
-10
-22
2
-39
-33
37
44
-21
-92
-33
-13
-44
59
18
35
57
-38
55
74
47
33
39
113
74
97
69
28
70
-4
48
102
12
-22
-52
-88
-96
-76
-32
-52
-124
-135
-118
-135
-108
-41
-43
-83
-99
-114
-120
-83
-33
27
29
23
2
-24
16
2
60
84
-4
-34
-50
-11
10
-28
-10
-42
-45
-18
-66
-15
57
60
75
78
71
107
81
-5
5
52
3
-21
-16
-20
41
-26
-84
-11
-61
-76
-41
-80
-51
-37
-19
61
52
45
57
-6
17
0
-17
50
55
77
94
95
89
90
96
93
35
-24
59
88
-2
8
28
-12
12
22
49
63
-36
-14
0
-68
-11
46
28
-1
-2
45
44
7
-11
-28
-69
-107
-67
-37
6
51
14
-3
54
70
-31
-102
-70
-12
40
69
49
3
-95
-90
14
-30
-6
67
32
83
83
64
34
-54
-13
3
-3
22
30
22
-45
-60
-74
-82
-20
-72
-91
-49
-31
22
8
21
0
-82
-56
-52
-55
-51
-28
13
-45
-67
-58
-57
5
0
-3
21
3
76
88
34
55
73
35
-35
29
75
24
73
116
87
8
-16
28
5
0
23
-16
3
51
48
20
-34
-85
-121
-56
-54
-177
-175
-152
-141
-94
-117
-63
23
27
48
18
-45
-29
45
88
54
80
75
55
67
2
42
64
-2
-20
-14
56
116
81
57
54
54
93
102
63
46
-63
-48
54
-77
-110
-70
-121
-80
-56
-58
-5
-36
-119
-95
11
41
12
38
43
41
32
-4
-2
31
60
25
-1
19
57
84
69
89
124
143
87
61
72
60
110
47
0
-67
-110
-66
-149
-132
-112
-119
-124
-168
-136
-140
-71
6
-30
-12
-6
-27
-53
-71
-3
11
9
-15
-48
-3
21
80
40
33
136
120
72
38
40
-11
-15
-35
-48
47
52
37
-41
-70
-45
-61
3
-19
-19
64
50
79
82
-3
-31
-65
-112
-60
-88
-154
-123
-113
-40
-34
-53
-15
-15
32
53
6
-8
56
126
129
100
106
119
69
48
45
38
45
34
30
69
39
-35
-22
-42
-4
-15
-46
2
-88
-99
-23
-28
-25
7
40
56
99
59
15
67
14
-3
-21
-93
-65
-30
-54
-27
-11
-80
-54
-83
-84
-28
-51
86
126
57
99
19
5
-11
-62
27
16
46
26
-39
11
-2
63
112
30
17
-11
-12
60
0
-90
-114
-89
-84
-128
-136
-86
-53
-36
-31
-48
6
15
40
88
91
96
-11
-12
41
31
65
-55
-117
-39
-60
-66
-47
-67
-8
-2
-19
-3
-67
-5
23
9
5
2
101
55
30
58
33
54
41
49
43
33
38
-23
-54
-42
31
83
8
-37
-53
-94
-67
13
13
-62
-71
-2
51
-20
-25
-30
-26
9
-88
60
97
35
110
81
121
133
121
113
76
0
-74
-48
6
-12
4
-2
-108
-105
-75
-54
-21
1
65
81
18
51
129
156
81
7
69
-12
-72
-32
-90
-102
-53
-41
-55
-1
11
-10
19
4
-21
-38
-22
63
115
112
43
-20
-18
-18
-51
-53
22
-4
-11
84
54
20
12
34
9
-71
2
-74
-136
-39
-87
-35
3
-44
-42
-23
67
48
-24
2
53
75
88
51
11
10
-17
-1
11
-66
-89
-66
-125
-81
-32
-114
-42
33
26
49
-26
-7
50
33
68
6
-3
87
52
54
81
49
38
32
50
61
64
-11
-79
-24
-22
6
8
-16
27
51
36
20
31
8
50
16
-28
30
1
-18
23
18
-25
-80
-107
-95
-97
-39
-32
-73
-7
-44
-50
36
65
141
103
39
54
39
29
33
3
4
30
-26
9
66
-27
-37
-48
4
85
68
115
103
62
24
-63
-57
-12
-64
-47
-16
-23
-26
-153
-155
-97
-66
-27
-47
-24
20
67
7
29
87
59
113
39
21
99
17
-10
30
43
40
54
64
15
32
13
-50
0
46
-60
-129
-50
-64
-74
-65
-70
-86
-25
5
-82
-80
-86
21
15
-31
45
-21
39
63
-7
38
-17
-20
35
28
45
17
2
35
12
-8
7
16
33
-22
-3
75
56
92
122
46
30
49
19
23
-15
-29
49
-17
-104
-43
-57
-69
-5
-64
-170
-94
33
22
-30
9
59
39
26
14
62
73
9
25
-1
-13
8
-32
-55
-48
52
52
2
33
26
67
41
11
22
-14
17
25
-9
-34
-78
-36
11
-10
0
-8
-3
5
-17
12
35
-6
-44
0
73
57
-1
13
20
28
-18
-55
-1
-20
19
4
-39
-60
