-12
36
-13
-22
-78
-143
1
49
-7
-9
-43
-24
-4
-58
-145
-126
-102
-97
-27
16
34
-19
21
66
50
25
-37
-21
-33
-40
-25
16
54
-8
7
0
-73
-69
-2
-13
-100
-117
-59
-19
-32
12
-20
-25
17
13
114
43
-37
61
71
42
26
12
0
18
31
-17
-6
46
74
125
109
40
29
-33
24
19
-53
49
-7
-9
2
-47
-7
-51
7
3
-95
-6
21
-48
-86
-57
12
-12
-23
0
19
6
-36
25
0
-73
-39
-3
-38
-55
-45
-47
10
-15
-10
-14
-30
-48
-66
123
20
-52
94
5
65
80
-1
20
-28
4
5
-33
2
-24
-1
70
58
48
73
43
-44
-73
37
69
79
143
57
12
77
57
-24
-65
-77
-24
38
38
-30
-33
49
2
22
58
-40
-78
-50
4
34
74
68
10
17
58
85
23
-42
2
19
30
87
-10
-70
-37
-48
-43
-21
-11
-20
30
37
9
-37
-94
-94
7
61
-7
-18
-55
-30
-18
-14
59
53
3
-1
4
-88
-81
-43
-90
-56
-99
-82
9
-39
3
-33
-79
-23
-91
-106
-54
0
-3
11
27
4
35
-19
-14
-8
-12
42
29
20
-8
-3
3
-3
2
9
53
16
-20
26
20
36
53
30
15
-6
48
12
-63
36
20
-51
-11
-50
-22
51
42
45
21
-21
-34
9
49
36
-29
-26
49
53
12
-25
26
36
-68
-69
-5
17
-8
7
66
46
15
1
-23
9
26
-8
18
46
-27
-34
-51
-96
28
66
21
-14
-34
13
-18
19
56
-12
8
-9
-4
-19
-44
58
48
60
77
6
-18
-50
-10
16
8
59
92
104
21
-20
15
-57
-24
20
-80
-51
30
5
-69
-28
0
-64
-15
-12
-23
-7
-13
20
61
73
9
0
30
13
39
88
100
37
-59
-41
-56
-112
-77
-98
-99
-74
-30
50
53
102
136
100
41
-51
-35
-41
-35
5
-9
2
-22
-30
16
-14
-62
9
36
-70
-103
20
65
-37
-55
0
-12
-6
-26
2
57
-9
13
10
-19
25
22
-6
-14
-10
4
110
58
-28
7
-54
-43
-20
-23
-7
-53
-44
-69
-57
3
10
46
48
48
51
-12
-16
25
1
8
0
12
26
-28
-16
-42
-38
-3
-13
24
2
-45
13
53
18
-2
-13
29
80
58
0
-6
39
29
35
0
-103
-26
25
-20
-25
-17
33
40
46
50
-19
8
-22
-54
-12
-28
-3
-19
-9
-18
-27
44
23
19
0
-68
-8
53
16
20
82
13
3
130
20
-2
13
-28
77
72
66
-6
-12
55
-23
-39
-44
-31
-33
-49
-57
-80
-30
-8
38
-6
-19
68
34
48
58
33
19
-7
33
35
7
49
50
16
2
-25
6
-5
-40
22
37
-10
-95
-65
-11
-84
-40
-43
-45
-12
-89
8
49
12
9
3
11
-44
-33
-18
4
24
-95
-86
25
-30
-35
-31
-71
-13
-23
-95
-61
-27
-35
-5
17
16
6
29
-19
7
106
23
26
-12
-65
20
8
36
110
30
-19
27
-6
-2
21
13
-15
-22
10
-19
17
45
-7
-22
-37
-9
65
90
87
41
1
28
24
44
127
-5
-86
-16
-56
24
63
18
73
72
57
53
17
21
-18
1
80
3
2
33
5
19
-6
12
1
5
49
20
-36
-44
-48
-59
-19
-77
-59
-45
-52
27
-60
-52
-8
-22
2
-6
34
7
-28
-13
-78
-87
-18
-55
-99
-46
-7
-15
-26
-31
-8
59
97
94
41
-25
-22
-25
43
72
-7
25
7
11
-11
-136
-82
10
25
-32
-63
8
0
-9
-3
8
20
-53
1
-6
-34
69
43
47
13
-105
-131
-132
-38
-15
-71
-20
8
-5
-26
-1
14
14
56
50
28
15
-36
-12
23
-6
0
29
22
-6
15
26
51
67
57
66
46
66
50
-4
-10
64
68
24
1
-16
86
49
-8
42
-14
-69
-44
38
82
2
5
104
76
28
5
17
42
-26
-60
-30
12
44
3
-13
54
-17
-71
-44
-35
44
0
-21
-30
-82
-11
-21
-54
-9
-5
-7
-16
-44
-35
-43
-23
32
-15
-32
-10
-6
-13
-11
21
0
2
-6
-38
-22
28
-15
-53
43
11
-45
-36
7
11
0
45
-3
10
10
-19
-9
-46
-7
1
-63
-36
-7
-27
2
-46
-83
-17
-3
-9
-47
-47
-19
-22
-18
24
40
-8
-38
-24
39
-17
-89
-27
-2
-34
-63
-50
-81
-67
-12
21
31
-6
15
-34
-10
55
-30
0
3
-13
52
66
46
-20
-19
-3
-31
-12
51
75
23
0
58
27
15
70
7
3
43
-1
19
60
94
124
70
-4
-8
-13
-12
-4
-5
20
9
-13
-31
-37
-47
-18
77
151
91
55
94
33
-37
-41
-16
25
63
18
1
46
2
-12
25
-8
-20
-11
16
54
8
-15
28
44
-28
1
49
31
67
40
24
51
73
-21
-82
-43
-52
-42
-23
-4
5
-32
-31
55
0
-52
-26
-37
5
-32
-65
-43
-42
29
63
-47
-81
-16
7
45
-28
-28
0
-25
68
62
37
-23
-51
11
28
27
-30
-8
-40
-60
29
-33
-53
-22
-64
-34
29
40
-54
-117
-16
-55
-72
35
25
55
-32
-63
80
-28
-36
63
2
-19
19
-5
-58
-7
5
23
-10
-24
-31
-85
73
131
34
-38
-16
40
-28
4
54
19
30
-22
-22
-20
-25
74
58
33
1
-3
15
-50
-50
-48
-25
29
-65
-47
106
25
-4
45
-14
-38
-21
55
53
-41
-41
-19
-13
19
44
12
18
12
3
13
-29
10
-9
-4
86
6
-7
-5
-64
-10
14
24
50
35
32
40
20
-7
-39
-7
-18
-49
33
27
-6
-51
-9
60
36
52
52
18
10
17
-26
16
16
-36
21
31
31
25
13
27
33
56
27
-7
-8
29
26
-56
-21
-3
-58
40
7
-27
103
63
-8
-60
-44
-16
-80
-39
-19
29
91
-4
-16
45
26
-32
-34
-35
1
21
19
35
6
19
-70
-84
0
-19
-15
4
-3
-20
-39
-16
77
35
-47
-43
-40
18
-23
-21
41
18
51
-41
-22
-5
-74
22
-32
-43
-17
-30
-25
-22
27
10
29
9
-53
-25
0
-5
-30
-42
-51
8
92
12
-53
-34
-71
-56
-18
-24
-21
-70
-81
11
23
35
36
7
1
-40
-38
-30
15
19
0
48
53
11
-17
31
80
41
18
34
33
55
22
-22
-19
8
-15
-32
44
54
14
29
54
-32
-38
-1
-30
-15
-65
-27
11
-14
22
48
15
-19
1
-11
41
65
-24
-50
-20
2
-46
-75
-47
-29
15
29
42
65
-8
-19
44
47
-15
-52
19
19
-58
-68
0
51
-3
-17
-18
-50
-23
-48
-66
-5
41
31
41
50
47
20
1
7
-16
-14
-7
43
47
24
8
-26
-1
-30
6
-8
-58
-4
-42
-50
-31
-34
-114
-106
-58
-50
69
44
-16
32
80
70
19
7
18
12
-25
-21
31
-35
-48
38
23
28
-11
17
50
27
60
3
-1
-3
-11
29
45
-2
-26
-29
-67
-6
-12
-25
7
17
58
98
71
-18
18
70
-31
-53
-35
-124
-96
-30
-31
-33
11
33
-22
-18
8
20
47
-10
-38
-2
64
82
-6
26
24
-34
0
53
39
-50
4
50
-13
38
102
73
42
12
-40
-42
-15
-20
-18
-39
-73
-67
-58
-91
-101
-51
-14
-48
-38
-5
8
-11
-61
-33
-16
60
56
-53
-72
-38
0
17
28
17
20
20
76
83
-1
-13
-5
-12
40
77
80
87
-62
-110
-9
4
-36
-43
46
32
-22
-71
-65
30
-15
4
24
-27
-29
-46
-35
-46
6
56
-55
-23
67
34
109
77
-1
42
-10
-1
49
-17
-54
-12
28
69
83
66
106
43
-34
36
83
49
-15
-65
-43
58
75
16
-10
-19
54
37
-37
-23
-44
-27
-9
-13
-11
31
70
6
16
83
68
23
-17
43
90
47
6
-51
0
32
-12
33
50
58
10
-19
68
38
34
46
-30
-53
-13
-23
-51
-54
-31
19
-1
-8
-2
3
47
-2
-14
30
12
-15
-20
-48
-81
-58
-78
-92
-51
0
109
-11
-102
-21
-68
-39
9
6
29
42
-30
-44
31
-34
-112
-111
-110
-37
5
-63
-90
-41
-18
28
34
-32
-34
23
43
4
-24
-6
27
-24
11
33
-36
0
-50
6
68
-37
-1
45
33
53
19
-15
50
49
41
75
72
69
34
53
50
-26
9
68
32
-9
18
82
42
9
9
-27
25
-10
-51
-20
-66
-96
-46
29
10
0
9
-3
-17
-25
-14
-33
-6
32
-22
-25
72
17
1
84
50
73
60
6
42
24
28
44
-24
-49
-36
4
46
18
17
-23
-58
-86
-68
29
26
25
25
35
80
13
-47
-8
2
-24
-98
-98
31
33
-41
-48
9
28
-24
-11
-10
-3
16
-23
18
57
32
52
-10
-7
0
-70
-28
-7
-4
-1
20
-27
-45
78
73
75
91
58
79
-15
-43
8
-6
25
-50
-98
-4
12
-9
36
69
9
-39
-82
-97
-26
-8
-21
-21
-56
-13
15
7
6
-4
18
-37
-65
0
13
-9
-65
-95
-1
-29
-122
-24
45
17
-22
-23
22
1
-55
-51
-14
-26
-50
-40
-35
21
41
-47
-31
-22
-4
-16
-66
-51
17
87
-27
-45
0
-42
6
37
-4
-38
-16
31
-9
-58
16
18
31
38
-3
18
0
37
52
71
48
-10
51
75
39
-1
27
64
68
43
9
74
119
74
25
-27
-53
-41
-30
24
30
28
19
-33
80
78
-43
87
110
-13
4
-35
-37
7
4
24
7
32
22
31
41
6
-40
-97
-30
49
13
-40
-5
-24
-31
9
-19
5
-19
-65
-39
11
47
12
-17
-36
-55
-93
-94
14
58
37
15
-2
-53
-67
-2
-64
-70
6
25
42
-38
-15
-5
-47
5
-49
-47
-15
-78
-49
-55
-36
36
30
12
-3
50
11
-8
-12
-50
-16
-59
-69
-62
-31
53
-3
46
113
18
70
21
-31
46
24
12
-9
-19
30
14
-37
-33
-23
-31
-27
-58
-27
49
-21
-39
23
91
99
74
71
-37
10
33
-63
-41
9
61
-37
-66
15
41
50
16
39
57
15
-2
3
-27
-51
-30
18
76
47
-48
-36
-11
-22
-15
46
109
16
-94
-64
15
-3
-57
-6
41
19
94
62
3
72
46
5
-9
5
-19
-72
-22
16
6
31
0
-71
-4
-2
-66
30
72
-39
-74
-21
-52
-26
-6
-14
38
32
31
8
5
49
-12
-33
31
-15
-26
11
9
41
7
-1
26
44
51
-43
10
35
4
88
-23
-104
-48
-40
-61
-24
49
9
30
27
-45
-11
-15
-71
-74
-25
100
82
-31
-22
-99
-110
-26
0
27
-24
-18
43
7
-26
-56
-31
55
16
-1
35
26
18
58
53
41
50
-42
-5
37
16
34
37
51
-15
-50
-67
-54
-8
26
28
-13
35
10
19
77
-24
-111
-47
14
-31
-55
-28
33
27
-21
-54
-4
36
-36
3
-37
-100
43
43
-39
-11
-73
0
99
-26
-34
0
9
64
70
91
39
-17
-19
-40
14
36
38
38
-10
-15
45
31
42
63
7
-43
-70
-11
2
-32
-23
22
93
94
17
-30
62
-6
-82
53
15
-35
-39
2
60
-45
-27
-39
-130
-19
38
18
71
40
32
39
-42
-54
-61
-25
8
-3
69
71
10
-1
7
50
35
-9
1
-33
-105
-57
-23
26
123
53
54
76
-20
27
-9
-71
-19
-9
42
25
33
0
-55
13
-8
-22
-9
-2
42
55
30
58
111
82
-1
-38
-72
-100
13
15
-74
-23
-17
-40
11
34
-12
-54
-47
-55
-37
55
57
-13
-37
-37
-65
-106
-23
50
27
-1
-34
-53
-85
-68
-29
-45
-36
-43
-71
-34
-2
12
10
-31
18
56
7
15
53
54
32
33
-6
-70
4
-20
-44
31
-7
-6
-28
-98
-61
19
50
-22
-41
2
-67
-21
83
23
-17
-45
-56
14
73
38
49
70
-18
28
61
-14
17
41
37
22
0
98
120
22
20
29
15
10
7
41
23
-34
5
29
76
53
-39
39
-18
-21
87
58
77
34
-10
14
-4
-24
-32
-31
32
54
-22
-12
22
37
10
-44
33
36
-53
-24
7
-3
-38
-61
-19
-12
2
34
25
15
-59
-14
38
-42
-50
-45
-83
-97
-10
20
20
3
-56
5
42
11
43
93
35
-4
27
12
-8
-25
4
-10
-54
-23
13
-36
-54
-48
-70
34
84
19
-73
-92
-18
0
0
-25
28
58
-10
-47
-33
38
71
10
25
86
42
38
-69
-71
1
-2
86
10
-4
22
-22
-23
-30
-33
-65
6
60
13
-39
-45
-8
-55
-71
6
-1
-43
-16
-22
-12
17
6
68
25
-22
14
0
1
-57
18
91
3
-11
-42
-36
-72
-146
-52
-29
-34
45
47
39
-27
-55
-26
-80
-83
-29
-19
-36
-3
29
25
39
1
-24
17
-58
-68
10
0
-36
-30
-52
-40
57
19
32
73
8
42
66
49
29
60
102
31
-34
-29
-64
-39
80
54
15
20
-2
36
41
61
95
52
46
6
-9
42
3
65
74
-6
76
80
67
99
62
13
-24
21
72
15
-17
-7
21
54
58
42
6
14
-27
-73
-31
-35
-72
-38
35
-18
-95
-15
-24
-41
27
-56
-89
-18
-23
-36
-55
-94
-82
-96
-129
-138
-50
-10
-62
-9
24
19
-11
11
18
-68
-87
5
3
-105
-43
44
80
34
-2
-6
-32
60
88
47
34
-56
-38
46
46
36
-37
-35
46
60
6
-5
22
33
60
-17
-89
0
60
-26
-40
0
26
-30
-115
30
48
10
51
4
23
4
-45
-57
-17
-3
-60
-30
1
-12
-6
8
71
75
70
72
-56
-84
36
90
97
25
-27
61
55
2
-5
-4
-30
-73
28
62
9
-2
-14
-29
4
86
48
-47
-44
27
55
3
-35
-7
-16
1
-19
-71
2
43
34
41
35
-10
-65
-34
-47
-58
4
-3
-32
-100
-58
39
18
50
-27
-48
11
-38
-40
-54
-41
14
-19
-45
67
29
-53
26
31
-55
-70
-19
-10
-15
1
13
-32
-17
54
-3
-44
-2
23
58
43
46
74
2
-1
44
23
53
53
15
30
30
51
0
27
26
-36
-23
-40
-10
-75
-38
37
-31
-56
-70
7
18
-13
-5
-35
20
-28
-49
-16
-46
-3
36
91
-24
-140
-48
27
62
25
16
11
3
35
-1
35
44
26
18
-24
-7
-22
-2
26
28
11
-14
-19
-9
44
11
10
63
62
27
52
67
-9
-2
1
46
57
-29
-37
8
3
0
26
12
63
49
51
72
-16
-27
28
49
7
38
30
-70
-29
41
23
0
-63
-83
-1
-11
-17
36
12
-14
-20
-40
-55
-42
-67
-53
5
-4
49
8
-23
12
-60
-27
-75
-137
-17
25
-50
-22
75
75
18
-42
14
40
-66
-92
-48
-32
35
95
5
-32
0
-47
5
88
39
24
17
-29
-41
2
-12
-117
-59
19
-22
-19
-16
-15
51
8
-11
8
-43
-13
7
-25
-94
-81
27
52
33
28
13
3
12
-3
-21
-30
-14
64
34
29
104
85
36
-17
-42
21
38
-9
65
51
5
70
41
14
-54
-59
40
-13
-39
-17
-33
-38
-10
37
83
74
77
106
90
111
25
0
-23
-95
39
45
17
37
-61
-43
-32
-51
-27
-33
18
14
19
36
-14
-7
23
39
42
-5
-70
-67
-62
-24
-1
-52
-2
-25
-8
18
-20
24
28
54
36
-19
-48
-13
15
1
-18
-43
-17
7
43
44
-28
-81
11
7
-83
-31
-11
29
-17
-66
-2
-30
-44
-14
-18
-106
-96
26
55
29
-20
-33
-3
31
29
-31
-42
-3
-7
8
50
2
34
89
21
30
-2
-8
4
-43
23
58
60
29
-3
58
13
-27
-27
-108
-88
-12
7
-27
-40
-33
-50
-16
42
45
21
57
29
-40
-79
-88
-39
6
46
46
-7
24
79
42
14
16
-17
43
91
7
22
19
9
32
-11
-16
31
39
-31
-12
24
13
-10
-67
-59
-72
-30
75
67
19
41
21
3
13
18
37
-35
-11
-24
-31
35
8
93
52
-22
14
-32
-18
-22
-82
-40
-10
-54
-50
-13
-1
21
41
44
32
7
0
64
45
-39
-27
-6
32
5
-11
-14
-65
-90
-48
15
-11
-17
40
55
6
18
29
-45
-37
0
-44
-4
6
-29
-20
-52
-36
-30
-7
2
38
54
-5
-45
-66
16
-11
-23
32
-15
-4
21
28
81
59
-15
-20
-22
-27
21
78
96
6
-29
63
-5
-28
46
6
4
-11
-42
-29
0
-49
-77
-54
-57
-14
-27
-74
-94
-40
0
-26
-33
-23
43
76
43
-26
-53
-10
25
69
73
43
63
24
-42
-11
-13
-4
2
-18
-29
-120
-43
70
20
63
62
-4
29
-26
-30
-8
-56
23
54
32
29
-18
-76
-26
0
10
72
54
8
-29
-26
17
42
15
-28
29
47
-2
16
44
53
11
-26
-21
-49
-58
-12
10
48
7
-22
45
4
7
18
-50
-3
11
-3
18
-18
-38
24
1
-67
-11
-17
-8
20
-32
21
75
66
19
-21
42
42
12
-28
-25
50
1
-11
8
44
87
7
3
-49
-96
-18
12
-6
-26
44
27
-33
-19
37
82
27
9
28
-19
-28
14
-10
-47
-22
-8
-28
-21
-9
-66
-121
-23
32
6
11
27
20
20
32
2
36
-32
-50
1
-78
-109
-97
-40
28
41
-7
-9
7
-5
-13
-44
-46
-60
-26
32
4
-40
-8
57
42
35
46
47
77
33
-7
44
16
44
76
34
55
1
-6
19
-21
-6
-18
-81
-3
52
9
36
18
-43
-77
-49
-9
-11
50
95
83
40
36
53
17
-29
-46
-52
-42
39
60
-5
-36
-26
4
11
-23
-1
-11
-47
-54
-73
-91
-87
-61
-30
67
29
-37
23
8
15
66
30
11
31
-53
-43
-31
-4
107
25
25
29
-32
24
5
-24
-18
-53
-54
13
44
61
41
-18
29
49
-38
-6
49
15
120
88
54
112
-32
-36
0
-76
-55
18
60
26
11
12
-14
-11
10
18
5
-28
-11
-1
-68
-111
-92
-80
-15
8
-18
47
-34
-76
-10
-39
15
73
15
29
18
9
46
-10
0
19
60
57
-13
-6
-44
60
114
13
-30
-85
0
31
-43
-43
-43
-53
4
48
35
51
39
28
36
68
37
-10
16
-15
-66
-106
-68
58
60
-4
-1
23
8
14
43
0
-24
-42
-72
-47
-48
-70
-74
-20
26
5
32
-35
-98
-45
-60
6
49
-43
-31
45
48
42
21
-31
-1
69
47
-25
-55
4
8
-4
0
-8
92
92
64
100
9
-40
93
57
-11
70
32
19
-10
-119
-77
13
-50
-27
59
-10
-4
11
-20
2
-17
51
93
39
-11
-94
-93
-23
7
9
38
11
7
8
-32
-15
-26
-10
-3
-22
55
97
46
2
23
36
-20
-21
-20
-22
78
89
3
-34
-24
-23
-68
-94
-145
-113
12
57
30
-18
6
47
-26
-94
-23
10
-11
3
-2
0
5
-18
-98
-55
-18
-45
14
-30
-10
76
52
11
57
86
55
71
31
-26
-42
-40
-12
37
32
0
11
29
53
63
48
27
-13
-10
21
-63
-27
67
13
5
-24
-53
-15
-49
-16
36
57
71
25
56
53
48
46
-24
15
62
10
5
41
-30
-40
-26
2
-12
-24
29
-34
6
-17
14
47
-52
15
-11
1
40
-53
-66
-25
49
46
-3
-7
-9
-33
-54
-65
-21
-10
-38
-5
-51
-24
51
44
54
-34
-113
-33
1
13
0
-2
52
-14
-70
-73
-38
-9
-41
-13
-8
60
101
15
0
-1
-26
-17
27
33
-2
18
36
25
17
9
38
0
-15
25
-3
-5
1
-6
-27
-37
-35
-27
8
-32
-111
-72
39
43
-30
-7
20
-69
-57
-29
-63
10
5
8
-6
-82
-33
37
86
20
29
112
48
35
50
49
50
3
-76
-109
-35
39
37
18
33
-17
-74
-25
25
28
37
25
-3
69
90
90
147
98
84
100
57
52
28
-7
28
16
22
19
-9
17
-18
11
21
-3
38
5
6
20
-19
-19
-9
-41
-20
5
0
0
0
55
101
-25
-81
-9
-106
-92
-56
-111
-86
-110
-85
-70
-78
-6
15
-17
-28
-23
-56
-98
-28
24
-4
21
-19
-43
1
-44
-27
-15
-76
-1
49
-35
9
130
82
48
66
-9
-11
-39
-58
-9
9
10
-29
20
32
16
19
10
42
34
21
10
14
-28
-97
-25
11
29
69
-48
-53
3
-6
29
11
5
27
-18
47
93
28
44
67
66
20
9
31
-27
-77
-47
-38
-26
30
-25
-66
-43
-65
-60
19
65
-6
-28
5
56
88
20
5
30
-8
42
136
62
12
2
-33
-4
-12
0
-46
-99
-71
-81
-25
43
49
66
53
22
31
52
-6
-101
-32
3
-32
17
-15
0
17
-7
15
38
147
79
0
71
0
10
-6
-79
9
9
24
4
-22
46
22
46
34
-20
-56
-84
-33
-58
-53
-43
-121
-95
-1
32
9
-17
-110
-104
-38
-92
-41
20
10
26
50
27
50
97
-12
-41
9
-10
17
17
24
71
77
43
24
78
46
-40
-60
1
19
-45
-79
-27
31
47
61
16
22
28
-10
2
-17
-5
33
34
-35
-62
6
-9
-58
-79
-19
-62
-115
-11
-7
-8
17
-12
-42
-65
-91
-82
-28
-51
-96
-26
41
48
74
-2
6
100
18
83
110
-18
-16
-11
1
22
19
44
26
-20
-26
17
26
-68
-15
76
-21
-35
-48
-93
14
23
1
-21
-64
-14
26
129
106
34
7
-44
-13
-6
0
18
63
100
86
72
43
39
53
22
30
18
-47
-38
-22
3
52
42
24
41
27
6
-5
-7
-42
-113
-133
-63
43
15
53
111
54
0
-55
-43
-45
-4
12
-15
46
69
30
-56
-18
16
-56
-48
-97
-89
-16
25
16
-65
-37
-3
-31
-26
-34
-63
-42
-2
31
21
-18
-25
-59
-5
39
22
-2
-65
40
89
8
-47
-59
34
45
-23
-64
-37
15
-24
-48
-4
6
-12
1
33
34
-68
-118
-77
-73
32
10
5
146
71
36
20
12
11
-75
-6
53
8
-37
-24
53
53
14
-23
-39
-11
44
25
-23
58
38
1
26
-27
-32
-59
-69
-17
-25
-98
-101
-36
-9
53
19
-67
-61
15
94
76
24
-4
25
-13
-15
1
-50
41
54
20
60
17
-63
-48
57
53
74
91
12
31
71
128
44
-68
47
49
-55
10
72
32
125
87
-20
51
2
-63
-53
1
24
-65
-74
-46
-33
67
58
-34
-21
37
73
-7
-82
-142
-142
-20
-16
-24
-11
-40
-53
-107
-104
-50
-43
18
-38
-86
15
-12
-17
18
-12
-28
-29
-47
-53
-47
-29
-10
24
27
-12
3
30
-10
-29
43
-9
1
47
0
36
13
61
46
-40
-24
-14
11
-18
-4
61
11
-18
-36
-38
0
-3
-7
-1
89
68
-29
24
23
6
12
-18
29
92
47
30
44
27
77
85
60
57
13
32
51
5
-30
16
32
-32
44
55
-50
-27
16
37
-7
-20
19
-20
-50
-50
-32
20
47
-30
-1
47
21
84
52
14
-15
-19
-18
-104
-70
-38
-49
-20
-5
-40
-44
13
26
-2
-33
6
12
41
60
-37
-3
-13
-48
0
-12
-11
-30
16
25
-20
42
32
15
30
-7
-38
-20
16
56
106
104
56
6
-14
-16
21
36
-59
-9
27
-55
48
35
-16
54
5
1
21
12
-20
-40
22
22
-2
3
44
60
13
0
41
67
55
44
57
104
50
-7
26
43
102
90
46
68
61
38
7
-3
-21
26
41
34
86
80
48
18
26
38
15
-28
16
-2
-27
22
-21
58
32
-121
-41
-8
-24
77
67
7
-13
-33
-32
-51
-38
25
4
-55
-68
-96
-63
-47
-118
-142
-150
-110
-103
-105
-70
-123
-92
-32
-105
-118
-76
-14
-26
-118
-110
-116
-128
-111
-128
-83
-59
-95
-27
-12
-83
-123
-212
-205
-201
-240
-139
-94
-117
-155
-172
-94
-98
-121
-121
-210
-231
-155
-125
-176
-157
-128
-132
-109
-169
-186
-184
-209
-165
-125
-132
-150
-110
-20
-3
-60
-115
-147
-104
-38
-34
-32
-19
-39
-33
19
67
79
62
17
82
207
198
220
292
280
306
265
234
298
288
361
385
330
354
400
427
431
412
431
498
530
496
445
420
424
507
564
525
481
428
441
506
477
439
404
429
448
413
381
353
353
323
328
320
268
283
313
293
205
161
154
163
158
87
46
46
-16
-101
-47
-66
-90
-94
-157
-116
-155
-218
-214
-204
-191
-235
-300
-318
-335
-374
-356
-414
-495
-452
-399
-407
-462
-534
-588
-623
-632
-567
-577
-617
-602
-613
-627
-659
-638
-628
-671
-591
-552
-599
-554
-587
-606
-561
-555
-553
-587
-531
-542
-534
-519
-595
-520
-528
-506
-417
-483
-475
-493
-556
-515
-449
-426
-473
-521
-526
-480
-488
-461
-430
-490
-465
-536
-624
-494
-489
-508
-357
-372
-391
-253
-179
-109
-106
-101
-61
32
183
118
165
280
251
351
410
452
572
602
689
789
742
791
873
887
962
996
996
1012
1079
1161
1151
1126
1185
1211
1230
1282
1254
1237
1258
1256
1219
1223
1164
1044
1029
1056
1170
1127
1029
1058
918
891
988
986
912
834
850
815
755
740
708
629
531
519
488
470
458
390
386
312
209
197
112
77
78
-42
-77
-107
-177
-197
-278
-389
-419
-502
-610
-583
-662
-737
-795
-861
-839
-886
-912
-960
-1015
-1003
-1042
-1149
-1113
-1075
-1121
-1085
-1071
-1115
-1123
-1125
-1130
-1107
-1148
-1113
-1028
-1049
-1042
-1022
-921
-825
-893
-927
-874
-838
-795
-732
-698
-672
-698
-746
-695
-654
-636
-563
-541
-573
-558
-530
-533
-542
-553
-534
-554
-679
-690
-641
-696
-694
-668
-654
-711
-811
-751
-672
-799
-883
-823
-806
-740
-718
-702
-639
-528
-471
-483
-350
-225
-93
36
159
256
325
420
501
642
739
910
998
1109
1331
1345
1502
1605
1607
1736
1747
1810
1897
1889
1913
1993
2058
2062
2066
2054
2053
2043
2014
1984
2006
1963
1827
1814
1781
1705
1730
1692
1619
1555
1436
1430
1382
1281
1238
1111
1111
1115
1045
984
850
836
817
717
649
618
558
442
423
388
258
158
105
91
29
-86
-151
-150
-217
-295
-350
-456
-560
-695
-807
-886
-930
-975
-1080
-1196
-1264
-1335
-1368
-1372
-1521
-1576
-1555
-1600
-1625
-1646
-1674
-1744
-1732
-1732
-1827
-1832
-1807
-1795
-1710
-1613
-1595
-1624
-1670
-1649
-1474
-1411
-1413
-1362
-1316
-1213
-1199
-1093
-997
-1051
-952
-873
-830
-806
-869
-798
-663
-602
-524
-530
-595
-522
-484
-461
-352
-324
-297
-322
-339
-357
-396
-328
-328
-264
-250
-384
-462
-487
-508
-530
-459
-471
-481
-390
-395
-391
-413
-366
-224
-237
-257
-118
14
86
174
287
389
435
664
849
874
1037
1153
1271
1437
1579
1725
1794
1888
2009
2124
2178
2192
2342
2435
2423
2450
2479
2541
2478
2423
2508
2432
2291
2216
2142
2064
2004
1949
1859
1762
1649
1522
1421
1271
1150
1113
1015
892
817
741
570
513
537
400
356
290
220
195
62
29
-18
-142
-226
-284
-245
-231
-303
-323
-401
-436
-398
-490
-491
-535
-711
-735
-749
-773
-772
-874
-922
-925
-1043
-1150
-1186
-1251
-1294
-1313
-1314
-1312
-1453
-1577
-1601
-1598
-1575
-1669
-1757
-1774
-1767
-1821
-1895
-1859
-1885
-1870
-1793
-1807
-1847
-1797
-1755
-1734
-1653
-1616
-1532
-1458
-1410
-1307
-1187
-1061
-1007
-902
-828
-761
-601
-500
-391
-286
-191
-97
21
81
166
262
326
462
516
583
610
586
589
534
527
520
517
597
544
415
376
312
262
243
161
50
-36
-92
-132
-182
-291
-413
-369
-385
-420
-310
-343
-293
-246
-278
-137
-74
3
119
131
257
465
605
730
811
893
1018
1080
1218
1372
1486
1601
1618
1724
1821
1812
1903
1956
1939
1903
1846
1861
1886
1906
1908
1886
1771
1637
1639
1615
1494
1291
1174
1211
1150
1050
963
849
788
712
575
458
423
282
135
132
35
-52
-56
-102
-173
-245
-233
-249
-347
-337
-397
-475
-508
-598
-571
-592
-611
-576
-609
-603
-645
-700
-729
-763
-776
-714
-693
-808
-893
-952
-948
-950
-1074
-1117
-1124
-1155
-1158
-1284
-1329
-1286
-1377
-1426
-1455
-1480
-1413
-1395
-1420
-1488
-1467
-1387
-1449
-1435
-1339
-1285
-1287
-1236
-1123
-1072
-1020
-968
-971
-880
-764
-705
-572
-467
-328
-186
-137
-94
-65
11
132
221
368
478
488
611
665
681
822
828
824
918
882
850
890
850
870
844
699
641
525
440
402
278
163
89
49
-110
-214
-293
-432
-445
-534
-649
-709
-652
-656
-752
-710
-737
-632
-509
-498
-395
-287
-164
-112
-101
38
168
186
381
573
633
739
786
898
1007
1080
1189
1202
1267
1404
1457
1497
1485
1542
1595
1541
1526
1492
1491
1441
1408
1410
1362
1302
1263
1237
1125
1045
939
855
738
662
609
407
367
248
61
48
-25
-68
-108
-228
-329
-427
-505
-476
-461
-485
-429
-477
-499
-496
-547
-507
-504
-486
-483
-485
-415
-417
-403
-361
-366
-375
-338
-285
-323
-352
-350
-395
-485
-534
-466
-448
-541
-638
-679
-660
-672
-720
-776
-887
-901
-806
-878
-907
-912
-962
-1000
-1141
-1031
-920
-949
-910
-997
-998
-947
-929
-846
-810
-699
-596
-535
-428
-397
-290
-144
-48
39
77
187
254
337
439
473
592
702
763
770
781
844
803
784
782
741
722
671
576
451
373
236
129
68
-104
-221
-296
-370
-424
-585
-730
-704
-698
-790
-862
-904
-948
-963
-871
-808
-769
-679
-586
-536
-478
-305
-260
-202
-67
29
175
319
465
548
634
733
856
988
1093
1240
1286
1273
1324
1388
1448
1486
1535
1522
1541
1526
1417
1522
1480
1354
1373
1309
1298
1211
1075
928
785
720
633
580
460
317
268
185
65
-7
-55
-143
-293
-300
-284
-408
-342
-305
-382
-349
-411
-436
-388
-396
-367
-353
-340
-297
-231
-109
-29
-80
-90
-20
38
73
25
20
55
79
98
107
72
4
31
-15
-85
-95
-158
-207
-292
-411
-462
-486
-510
-519
-618
-751
-825
-842
-902
-962
-910
-1009
-1116
-1074
-1041
-1117
-1154
-993
-922
-916
-827
-718
-687
-716
-610
-520
-468
-331
-199
-116
-163
-49
174
180
206
270
363
454
485
499
518
550
569
631
644
627
586
452
346
305
243
170
19
-118
-197
-366
-429
-498
-636
-696
-855
-1048
-1103
-1141
-1209
-1220
-1309
-1361
-1339
-1331
-1206
-1160
-1101
-970
-855
-705
-597
-456
-321
-176
30
148
281
456
570
699
776
860
1003
1142
1215
1279
1392
1405
1493
1580
1458
1444
1514
1484
1438
1352
1314
1334
1309
1350
1290
1157
1163
1105
994
934
913
880
796
700
642
589
502
502
462
420
323
180
170
105
78
43
4
80
104
41
33
58
68
143
250
210
131
225
332
339
354
342
328
376
303
252
233
167
95
33
24
-81
-165
-207
-319
-415
-511
-691
-724
-762
-920
-919
-1034
-1151
-1162
-1160
-1113
-1197
-1228
-1188
-1209
-1185
-1231
-1200
-1078
-1132
-1139
-1071
-984
-905
-928
-904
-870
-738
-615
-690
-591
-429
-433
-370
-277
-146
-51
-15
74
165
297
369
384
453
520
640
697
670
690
727
663
485
384
303
134
-46
-185
-351
-481
-588
-787
-921
-976
-1126
-1394
-1582
-1678
-1817
-1884
-1886
-1929
-1998
-1927
-1717
-1605
-1465
-1267
-1071
-891
-776
-531
-297
-192
40
257
438
632
736
987
1218
1335
1435
1548
1737
1856
1889
1896
1909
1886
1804
1761
1792
1735
1673
1650
1590
1536
1482
1386
1257
1174
1097
994
889
795
689
613
557
498
438
439
456
407
438
474
387
286
310
375
357
367
397
407
487
479
487
575
569
643
698
678
755
738
647
664
687
650
570
484
424
381
305
267
184
21
-22
-124
-202
-315
-498
-540
-728
-832
-814
-973
-1048
-1179
-1273
-1296
-1441
-1355
-1267
-1361
-1356
-1364
-1313
-1242
-1259
-1188
-1075
-1037
-1011
-980
-979
-895
-812
-696
-579
-553
-424
-289
-192
-81
47
140
166
303
240
92
221
296
255
215
205
255
257
293
378
319
180
7
-231
-464
-651
-892
-1176
-1453
-1748
-1922
-2020
-2064
-2098
-2208
-2316
-2386
-2363
-2366
-2361
-2351
-2393
-2269
-2136
-2007
-1743
-1432
-1071
-697
-405
-86
199
430
730
846
920
1120
1252
1334
1422
1615
1798
1872
2061
2255
2288
2323
2377
2375
2306
2235
2128
1991
1860
1854
1834
1703
1573
1452
1466
1405
1361
1378
1254
1118
886
711
654
521
423
402
396
319
339
501
598
660
659
714
879
895
901
961
907
918
925
869
914
887
866
915
878
847
862
832
770
612
478
481
397
349
292
219
180
19
-65
-76
-169
-244
-298
-433
-569
-688
-809
-876
-1009
-1134
-1234
-1369
-1409
-1481
-1516
-1511
-1492
-1371
-1320
-1306
-1154
-1047
-980
-783
-761
-725
-648
-706
-641
-555
-567
-564
-505
-393
-338
-347
-260
-244
-262
-267
-409
-435
-442
-499
-483
-492
-403
-228
-25
159
259
406
506
416
172
-174
-540
-925
-1273
-1662
-2147
-2553
-2858
-3044
-3168
-3257
-3304
-3311
-3349
-3562
-3661
-3740
-3806
-3634
-3481
-3226
-2820
-2265
-1559
-755
166
913
1529
2119
2486
2740
2930
2888
2743
2651
2611
2542
2488
2571
2679
2823
2828
2682
2642
2581
2359
1985
1592
1199
845
616
518
521
622
949
1253
1417
1630
1784
1949
1951
1730
1663
1572
1320
1077
911
835
876
956
1076
1166
1213
1318
1260
1172
1092
843
674
553
441
492
533
671
835
983
1256
1377
1454
1534
1509
1457
1425
1274
1132
1168
1068
865
781
718
554
394
263
-25
-367
-659
-917
-1160
-1460
-1676
-1834
-1941
-1965
-1941
-1819
-1662
-1511
-1410
-1301
-1310
-1298
-1179
-1140
-994
-870
-746
-600
-474
-289
-240
-177
-192
-416
-618
-804
-1025
-1187
-1289
-1446
-1455
-1374
-1302
-1129
-966
-913
-904
-837
-819
-725
-557
-484
-399
-271
-128
29
132
44
-259
-694
-1214
-1654
-2185
-2772
-3291
-3872
-4180
-4317
-4395
-4390
-4380
-4286
-4250
-4266
-4267
-4208
-4003
-3737
-3281
-2649
-1951
-998
3
1045
2170
3016
3510
3880
4110
4135
3910
3456
3120
2820
2561
2511
2492
2597
2808
2963
3008
2795
2468
2106
1632
1037
504
239
90
167
448
887
1608
2342
2957
3431
3750
3858
3726
3303
2663
2227
1752
1246
1081
982
1060
1298
1410
1554
1561
1371
1144
626
58
-275
-720
-996
-1058
-925
-393
140
746
1377
1781
2139
2297
2130
1879
1499
1067
739
490
346
397
608
859
1052
1154
1095
803
329
-338
-1116
-1879
-2558
-3029
-3237
-3178
-2893
-2355
-1622
-952
-410
-17
135
80
-129
-407
-688
-913
-1048
-1015
-710
-295
135
588
839
838
765
444
-166
-905
-1732
-2469
-2973
-3313
-3476
-3323
-2984
-2615
-2036
-1488
-1208
-856
-748
-760
-647
-749
-738
-580
-414
-181
37
300
435
190
-286
-863
-1547
-2202
-2929
-3725
-4335
-4759
-4904
-4915
-4920
-4809
-4673
-4580
-4480
-4456
-4379
-4106
-3674
-3072
-2335
-1370
-199
1051
2358
3509
4295
4775
4915
4785
4357
3698
2980
2218
1690
1468
1441
1598
1916
2267
2500
2493
2201
1889
1474
896
279
-220
-313
-193
207
1055
2089
3276
4481
5302
5747
5812
5598
5206
4398
3424
2602
1865
1272
993
1002
1153
1315
1394
1409
1188
699
131
-499
-1202
-1838
-2136
-2096
-1820
-1208
-363
508
1306
2017
2528
2594
2379
2027
1552
1027
636
379
198
293
597
903
1145
1310
1199
848
265
-458
-1253
-2130
-2687
-3086
-3214
-2895
-2404
-1622
-757
-18
530
792
793
605
282
-258
-768
-1177
-1306
-1120
-861
-375
94
441
701
627
223
-406
-1192
-2049
-2853
-3559
-4067
-4218
-4055
-3612
-2956
-2268
-1627
-1123
-739
-587
-756
-890
-932
-1021
-988
-843
-467
121
571
955
1222
1130
505
-468
-1411
-2364
-3307
-4257
-5062
-5448
-5492
-5205
-4821
-4420
-3888
-3659
-3609
-3564
-3590
-3411
-3190
-2849
-2171
-1225
-94
1201
2666
3930
4793
5274
5169
4596
3815
2764
1577
479
-312
-628
-622
-341
301
1126
1756
2095
2189
2006
1669
1285
797
408
324
635
1341
2314
3627
4938
6114
6970
7208
7084
6490
5520
4352
3095
2005
1057
393
127
241
529
716
852
826
538
42
-541
-1104
-1615
-1850
-1694
-1254
-518
521
1616
2659
3640
4033
3862
3413
2535
1544
500
-509
-1224
-1654
-1725
-1571
-1156
-603
-248
-150
-398
-913
-1654
-2406
-3034
-3633
-3817
-3652
-3131
-2083
-801
608
1853
2694
3110
3052
2590
1882
980
46
-790
-1386
-1587
-1504
-1051
-372
226
592
554
214
-391
-1227
-2099
-2994
-3637
-3941
-3957
-3502
-2752
-1793
-653
258
783
1091
1061
789
451
-9
-341
-534
-487
-108
313
789
1208
1377
1049
104
-1289
-2928
-4373
-5474
-6379
-7057
-7350
-7065
-6191
-5106
-4097
-3241
-2751
-2649
-2917
-3240
-3409
-3373
-2849
-2108
-1120
315
1918
3560
5108
6106
6229
5501
3997
2234
538
-1181
-2761
-3829
-4060
-3597
-2668
-1231
481
2043
3196
3757
3689
3206
2777
2346
1910
1811
2050
2920
4247
5672
7181
8350
8918
8728
7721
6174
4175
2101
346
-1103
-2165
-2544
-2170
-1447
-360
871
1796
2266
2065
1476
660
-308
-1018
-1301
-1077
-345
785
2117
3549
4899
5744
5862
5144
3654
1700
-469
-2396
-3750
-4667
-5018
-4795
-3942
-2581
-1284
-60
725
830
440
-456
-1471
-2412
-3007
-3109
-2933
-2272
-1108
370
1971
3291
4025
4135
3536
2433
1058
-468
-1747
-2820
-3648
-3887
-3548
-2796
-1780
-614
388
908
1020
685
-2
-724
-1569
-2310
-2579
-2436
-1912
-1109
-155
842
1780
2430
2491
2012
1134
27
-1027
-1804
-2194
-2205
-1857
-1192
-457
293
940
1151
1030
202
-1552
-3774
-5798
-6969
-7311
-7218
-6975
-6309
-5096
-3500
-1967
-1018
-702
-1102
-2108
-3436
-4532
-4945
-4673
-3705
-2238
-493
1431
3504
5424
6716
6957
5772
3570
1058
-1386
-3457
-4927
-5729
-5614
-4495
-2764
-631
1794
4034
5600
6168
5643
4508
3409
2588
1989
1664
1826
2672
4102
5793
7303
8343
8708
8145
6716
4460
1721
-770
-2767
-4016
-4410
-4081
-2931
-1154
1072
3167
4590
5400
5274
4407
3125
1511
255
-376
-271
384
1264
2612
4073
5229
5829
5447
4003
1769
-866
-3466
-5592
-7074
-7648
-7210
-5990
-4118
-1914
331
2266
3445
3556
2864
1659
132
-1025
-1907
-2458
-2361
-1702
-447
959
2290
3237
3377
2796
1662
95
-1773
-3477
-4845
-5708
-5746
-5092
-3821
-2140
-310
1233
2141
2685
2772
2303
1457
283
-916
-1834
-2239
-2069
-1479
-647
149
829
1370
1537
1307
697
-213
-1414
-2754
-3765
-4125
-3749
-2883
-1812
-640
533
1430
2067
2370
2007
952
-649
-2677
-4603
-5741
-6037
-5701
-5130
-4428
-3590
-2661
-1682
-1098
-1134
-1891
-3165
-4473
-5308
-5431
-4871
-3635
-2089
-379
1519
3330
4852
5632
5378
4148
2122
-99
-2092
-3589
-4499
-4871
-4491
-3299
-1520
555
2481
3979
4928
5137
4725
3982
3129
2406
2005
1885
2143
3053
4416
5717
6524
6751
6426
5656
4315
2328
179
-1799
-3203
-3709
-3388
-2325
-730
1211
3143
4604
5465
5781
5651
4836
3418
1888
622
-60
-219
60
724
1554
2323
2817
2868
2298
1020
-832
-2799
-4461
-5818
-6451
-6077
-4997
-3255
-1168
924
2739
4033
4708
4549
3612
2284
1024
-238
-1353
-1997
-2263
-1954
-1199
-471
134
476
427
53
-703
-1549
-2391
-3177
-3536
-3503
-3074
-2183
-840
726
2017
2842
3255
3166
2709
2093
1135
-54
-1154
-2025
-2505
-2563
-2269
-1708
-1171
-722
-468
-576
-837
-1028
-1263
-1764
-2308
-2815
-2970
-2497
-1616
-416
754
1684
2550
3249
3466
3318
2747
1545
-266
-2554
-4622
-5937
-6362
-6301
-6061
-5596
-4926
-3809
-2669
-1976
-1672
-1903
-2530
-3239
-3707
-3679
-3204
-2276
-1032
218
1522
2776
3651
4021
3608
2382
633
-1115
-2623
-3950
-4766
-4938
-4316
-2791
-885
902
2440
3785
4856
5418
5324
4695
3838
3023
2517
2453
2846
3550
4312
4732
4676
4417
3974
3306
2159
474
-1275
-2551
-2888
-2354
-1104
507
2121
3663
4998
6055
6648
6665
5967
4513
2809
1278
104
-497
-582
-565
-584
-527
-344
15
197
-193
-1056
-2094
-3049
-3694
-3981
-3679
-2775
-1586
-175
1260
2503
3494
4030
3932
3253
2133
742
-716
-1793
-2460
-2915
-3052
-2910
-2521
-2098
-1806
-1652
-1454
-1046
-851
-938
-975
-812
-349
220
623
963
1367
1810
2220
2342
2085
1481
747
44
-730
-1484
-2026
-2328
-2455
-2346
-2077
-1639
-1003
-506
-320
-326
-333
-11
474
698
512
50
-329
-387
-185
-2
209
525
909
1380
1863
2316
2521
2121
854
-1259
-3588
-5355
-6207
-6438
-6658
-6655
-5918
-4654
-3162
-1791
-1062
-904
-1214
-1842
-2545
-3218
-3499
-3225
-2412
-1412
-425
587
1570
2437
2693
2134
957
-643
-2277
-3800
-5061
-5505
-4875
-3380
-1480
180
1687
3446
5128
6307
6537
5737
4495
3244
2383
2142
2283
2622
3105
3446
3498
3595
3848
3915
3345
1964
210
-1129
-1450
-843
223
1376
2498
3759
5058
6116
6638
6423
5528
3998
2087
328
-833
-1316
-1318
-1068
-696
-199
387
657
578
219
-466
-1299
-2114
-2570
-2743
-2686
-2097
-1018
331
1555
2317
2807
2892
2444
1680
686
-382
-1545
-2571
-3191
-3334
-2985
-2440
-1762
-1104
-829
-746
-625
-432
-215
-65
29
54
249
679
1121
1375
1324
1192
1013
848
513
-128
-621
-945
-1176
-1426
-1719
-1830
-1767
-1536
-1198
-953
-710
-265
-94
-229
-406
-391
171
661
771
402
-136
-340
-354
-150
-197
-386
-277
107
832
1514
1842
1840
1335
41
-2024
-4312
-5966
-6535
-6418
-6281
-6027
-5150
-3509
-1618
-404
-94
-381
-945
-1764
-2895
-3849
-4277
-3963
-3110
-2238
-1465
-595
547
1795
2489
2089
954
-447
-1863
-3082
-4149
-4551
-3867
-2519
-893
645
2197
4134
6050
7240
7031
5636
4143
3122
2575
2152
1770
1672
1979
2560
3039
3405
3815
4089
3596
2276
834
28
132
672
1208
1703
2393
3575
4942
5780
5852
5162
3912
2345
692
-710
-1721
-2106
-1964
-1548
-880
-41
956
1781
1834
1034
-207
-1334
-2222
-2831
-3179
-3279
-2741
-1620
-107
1354
2338
2844
2821
2265
1188
-103
-1311
-2460
-3517
-4181
-4195
-3575
-2424
-1019
134
868
1352
1578
1494
1135
517
-229
-883
-1308
-1311
-952
-420
91
469
778
988
1100
879
297
-429
-1154
-1585
-1659
-1404
-898
-285
271
724
1189
1562
1699
1355
547
-315
-860
-795
-360
-193
-344
-520
-483
-161
181
270
356
741
1276
1837
2270
2650
2798
2141
381
-2117
-4327
-5560
-5806
-5769
-5905
-5615
-4512
-2931
-1559
-1129
-1576
-2243
-2976
-3870
-4771
-5201
-4931
-4114
-2910
-1716
-570
693
1912
2512
2091
1077
-200
-1438
-2708
-4385
-5794
-6044
-5019
-3177
-1408
0
1628
3613
5353
6069
5645
4553
3334
2396
1694
1295
1433
2022
2832
3449
3836
4368
4949
4994
4080
2376
749
-126
-416
-369
-239
308
1610
3198
4652
5463
5472
4961
4075
2838
1312
-35
-843
-1068
-692
-18
902
1799
2262
1975
816
-579
-1752
-2530
-3190
-3798
-3798
-2958
-1558
36
1411
2357
2797
2597
2160
1650
803
-304
-1391
-2255
-2660
-2550
-2131
-1533
-838
-169
371
770
836
423
-229
-886
-1367
-1499
-1408
-1088
-575
-28
662
1359
1938
2264
2094
1394
378
-421
-779
-772
-823
-1049
-1090
-906
-305
329
466
340
2
-502
-974
-1375
-1493
-1194
-513
195
497
540
629
803
776
453
22
-278
-11
864
1867
2790
3646
4219
3993
2518
-54
-2975
-5059
-6039
-6694
-7245
-7344
-6374
-4420
-2545
-1617
-1493
-1687
-2357
-3497
-4726
-5399
-5177
-4395
-3220
-1925
-594
883
2348
3327
3257
2162
413
-1529
-3366
-5063
-6414
-6854
-5996
-4274
-2318
-442
1452
3526
5282
6023
5512
4147
2872
2136
1724
1603
1864
2630
3740
4847
5647
5988
6063
5605
4327
2483
663
-464
-874
-932
-722
-54
1249
3101
4816
5612
5563
4758
3439
2171
975
-36
-725
-884
-323
673
1830
2706
2907
2355
1017
-927
-2885
-4067
-4402
-4225
-3623
-2570
-953
938
2572
3582
3745
3206
2270
1187
124
-893
-1839
-2495
-2546
-2097
-1478
-1101
-887
-309
275
344
-166
-1163
-2021
-2517
-2788
-2641
-2095
-1108
17
849
1553
2237
2815
3057
2574
1367
-40
-994
-1385
-1563
-1673
-1880
-2122
-2012
-1574
-1075
-710
-635
-622
-600
-712
-808
-746
-440
156
827
1389
1815
1970
1974
1742
1202
669
315
186
316
812
1586
2576
3505
3883
3419
1812
-744
-3328
-5100
-5930
-6208
-6253
-5845
-4690
-3007
-1582
-1030
-1281
-2141
-3375
-4647
-5649
-5959
-5419
-4265
-2789
-1267
48
1246
2404
2937
2480
1097
-734
-2291
-3460
-4513
-5405
-5446
-4396
-2571
-527
1001
2247
3545
4567
4823
4109
3014
2294
2209
2432
2766
3534
4850
6245
6965
6689
5905
5171
4379
3228
1561
-101
-909
-940
-477
257
999
1877
2650
2961
2823
2357
1880
1393
842
236
-170
51
770
1679
2230
2215
1940
1455
512
-950
-2353
-3313
-3618
-3405
-2949
-2084
-872
429
1345
1638
1641
1430
918
160
-637
-1035
-1036
-856
-698
-771
-691
-323
-19
60
-86
-248
-449
-841
-1328
-1548
-1425
-1261
-1145
-1032
-689
-155
415
856
862
760
579
361
286
-21
-525
-919
-1052
-1088
-1312
-1626
-1793
-1725
-1480
-1171
-854
-424
81
387
480
493
676
937
842
624
568
764
1106
1141
915
701
692
926
1133
1542
2337
2976
3219
3142
3006
2734
1610
-483
-2813
-4476
-5113
-5046
-4886
-4630
-3936
-2972
-2204
-2142
-2706
-3427
-4131
-4935
-5751
-6158
-5821
-4669
-3126
-1588
-239
890
1909
2471
1958
495
-1200
-2533
-3422
-4552
-5910
-6534
-5705
-3828
-2133
-1016
-49
1195
2527
3331
3429
3486
4066
4838
5261
5381
5953
7136
8125
8038
6865
5572
4663
3970
2983
1542
167
-583
-779
-836
-794
-568
-44
656
1178
1548
1988
2547
2961
3141
3133
2996
2927
2859
2642
2009
1212
540
-105
-714
-1443
-2192
-2653
-2706
-2543
-2223
-1776
-1322
-861
-605
-232
323
661
813
887
1006
1091
1088
909
401
-58
-253
-627
-1071
-1331
-1400
-1102
-798
-727
-715
-695
-736
-1034
-1530
-1823
-1646
-1282
-1088
-1001
-758
-116
712
1178
1040
397
-367
-1041
-1639
-2079
-2357
-2279
-1810
-1233
-717
-140
609
1223
1366
914
197
-369
-577
-571
-597
-433
172
1035
1625
1625
1341
1276
1257
1161
1041
881
1114
1826
2715
3436
3832
3848
3080
1161
-1348
-3472
-4866
-5680
-6213
-6462
-6079
-4996
-3647
-2662
-2356
-2659
-3445
-4391
-5285
-5906
-5918
-5269
-3948
-2211
-441
1218
2473
3062
2836
1707
-31
-1919
-3694
-5319
-6514
-6843
-6190
-4689
-2792
-1062
547
2123
3441
4471
5059
5310
5413
5419
5546
5997
6755
7469
7882
7753
6985
6009
4938
3598
1995
340
-957
-1806
-2223
-2090
-1607
-849
252
1327
2229
3026
3575
3833
3825
3663
3445
3285
2943
2227
1523
881
320
-281
-937
-1640
-2581
-3327
-3804
-3948
-3578
-3081
-2620
-2120
-1438
-450
629
1496
2027
2339
2660
2741
2496
2177
1576
853
209
-489
-1076
-1436
-1606
-1560
-1501
-1620
-1770
-1838
-1908
-2070
-2468
-2898
-2751
-2153
-1411
-704
-115
780
1774
2326
2189
1399
501
-245
-1179
-2141
-2807
-2922
-2464
-1880
-1251
-617
55
642
633
-14
-740
-1223
-1387
-1283
-967
-328
563
1760
2887
3575
3785
3392
2731
1944
1117
607
560
1082
1869
2752
3606
4181
4584
4205
2729
537
-2129
-4597
-6286
-6959
-6719
-5949
-4798
-3489
-2435
-1774
-1852
-2589
-3730
-5242
-6551
-7172
-6896
-5792
-3953
-1473
832
2162
2697
2552
1724
314
-1772
-4118
-5939
-6732
-6687
-6127
-4799
-2824
-670
1181
2346
3049
3617
4155
4430
4392
4283
4541
5421
6439
7464
8344
8711
8295
7189
5741
3825
1904
446
-607
-1362
-1805
-1735
-1045
123
1096
1695
2041
2205
2326
2226
2208
2462
2738
3054
3033
2676
2300
1768
1136
208
-1055
-2217
-3161
-3780
-3944
-3872
-3530
-2995
-2525
-1972
-1281
-466
314
955
1545
1845
1940
1985
2001
2125
2010
1601
1078
476
-55
-572
-918
-1099
-1326
-1673
-2059
-2385
-2655
-2663
-2638
-2589
-2350
-2100
-1676
-1084
-470
322
1087
1458
1508
1224
655
26
-677
-1346
-1772
-2112
-2306
-2033
-1519
-786
-83
142
203
-27
-459
-751
-978
-740
-180
319
970
1769
2574
3187
3517
3616
3408
2845
2040
1241
750
762
1069
1455
1889
2407
3003
3300
3233
2890
2157
1014
-614
-2643
-4407
-5384
-5547
-5149
-4571
-4005
-3662
-3421
-3564
-4196
-4969
-5909
-6574
-6895
-6774
-5845
-4370
-2431
-643
418
843
469
-395
-1343
-2496
-3678
-4357
-4516
-4278
-3776
-2998
-1773
-512
378
787
875
962
1416
2305
3206
4198
5411
6561
7566
8240
8577
8716
8174
6855
5173
3432
2151
1346
882
756
717
730
778
718
490
316
340
456
582
890
1527
2474
3528
4375
4762
4507
3724
2560
1185
-324
-1742
-2666
-3132
-3343
-3270
-2796
-2004
-1089
-573
-590
-731
-863
-856
-872
-804
-371
367
1326
2194
2842
3140
3117
2753
1930
892
-221
-1285
-2225
-2993
-3449
-3466
-3251
-3124
-3017
-3024
-3128
-2874
-2396
-1911
-1423
-1107
-698
-211
163
502
594
454
173
-191
-579
-1019
-1249
-1323
-1421
-1470
-1503
-1431
-1309
-1219
-1033
-673
-202
321
994
1653
2184
2745
3149
3306
3334
3188
2786
2229
1999
2046
2161
2243
2007
1580
1285
1113
726
377
278
431
802
1163
1646
2085
2185
1732
416
-1391
-3266
-4947
-5933
-6469
-6772
-6717
-6216
-5486
-4893
-4542
-4525
-4583
-4774
-5021
-5137
-5010
-4280
-3199
-2004
-923
-198
350
713
733
425
-268
-1042
-1597
-2154
-2524
-2525
-2002
-1008
-27
825
1464
2068
3005
4042
4897
5451
5798
6123
6458
6687
6723
6581
6124
5387
4342
3183
2223
1347
668
164
-518
-1130
-1549
-1598
-1060
-412
260
1078
1932
2646
3233
3540
3579
3521
3157
2477
1488
351
-595
-1166
-1416
-1571
-1682
-1702
-1613
-1503
-1465
-1455
-1536
-1660
-1756
-1642
-1130
-322
862
2063
2845
3332
3316
2756
2085
1210
121
-792
-1388
-1656
-1689
-1674
-1762
-1893
-2118
-2587
-3246
-3950
-4377
-4445
-4089
-3252
-2147
-875
376
1343
1989
2274
2089
1659
1054
209
-637
-1326
-1707
-1763
-1684
-1477
-1183
-1078
-1122
-1238
-1233
-970
-648
-88
588
1401
2381
3137
3908
4662
5057
4965
4317
3463
2602
1849
1341
988
831
813
747
557
214
-336
-784
-1023
-1061
-889
-517
520
1859
2915
3395
2965
1539
-644
-3042
-5231
-6654
-7133
-6831
-6076
-5258
-4468
-4008
-4074
-4582
-5637
-7076
-8011
-8044
-7280
-5602
-3286
-786
1552
3120
3736
3574
2617
1366
74
-1231
-2288
-2885
-2865
-2373
-1524
-574
297
865
879
802
1035
1676
2822
4241
5598
6808
7732
8146
8175
7766
6792
5423
3758
2245
1138
511
447
538
554
359
-112
-594
-1032
-1324
-1266
-842
-126
714
1657
2644
3476
4023
4069
3511
2530
1383
203
-874
-1582
-1805
-1575
-1198
-922
-800
-751
-658
-711
-941
-1342
-1712
-1668
-1218
-505
337
1253
2098
2624
2622
2243
1775
1257
600
-232
-1066
-1757
-2305
-2961
-3712
-4348
-4788
-4851
-4684
-4327
-3617
-2653
-1444
-240
623
1222
1458
1486
1411
1073
630
302
130
-131
-409
-691
-897
-906
-1082
-1351
-1542
-1641
-1389
-907
-454
196
1152
2251
3344
4112
4563
4808
4708
4392
3886
3286
2719
2055
1468
889
296
-59
-275
-547
-977
-1436
-1833
-2059
-2018
-1576
-773
167
1312
2489
3528
4410
4694
4130
2739
526
-2325
-5251
-7430
-8533
-8486
-7644
-6628
-5642
-4851
-4533
-4869
-5614
-6290
-6731
-6645
-5643
-3768
-1136
1786
4174
5487
5545
4450
2689
785
-1043
-2389
-3079
-3260
-3014
-2485
-1896
-1472
-1091
-818
-764
-664
-343
495
2094
4152
6139
7607
8402
8617
8117
6990
5743
4453
3147
1969
934
339
220
354
283
-279
-1224
-2363
-3058
-3313
-3199
-2275
-656
1306
3048
4247
4968
5159
4756
3751
2325
846
-357
-986
-1026
-756
-344
111
318
73
-684
-1760
-2690
-3259
-3223
-2739
-1907
-612
794
2075
2882
3100
2876
2245
1320
477
-187
-613
-649
-673
-789
-1129
-1762
-2640
-3744
-4725
-5342
-5391
-4864
-3722
-2078
-387
1140
2293
2858
2840
2301
1545
765
119
-153
-119
195
509
655
668
339
-237
-882
-1519
-1885
-1794
-1295
-429
673
1765
2792
3694
4311
4482
4304
3874
3294
2706
2033
1467
970
398
-198
-930
-1574
-1912
-2051
-1856
-1521
-1199
-683
-162
237
477
677
860
1082
1394
1609
1827
1927
1837
1416
331
-1460
-3765
-5983
-7704
-8516
-8324
-7419
-5952
-4508
-3364
-2674
-2460
-2423
-2692
-3060
-3060
-2607
-1473
51
1399
2355
2516
1930
796
-641
-2085
-3202
-3543
-3224
-2417
-1450
-607
63
435
653
738
788
946
1287
2119
3255
4454
5489
5927
5840
5374
4526
3527
2621
1974
1568
1290
1143
1156
1351
1401
1118
555
-163
-723
-977
-808
-215
767
1887
2878
3581
3719
3326
2512
1424
185
-927
-1528
-1530
-975
-251
302
603
534
236
-329
-1044
-1520
-1776
-1653
-1199
-530
399
1257
1754
1761
1267
530
-144
-618
-792
-687
-459
-311
-337
-716
-1309
-1872
-2534
-3066
-3427
-3608
-3247
-2403
-1165
174
1184
1784
1848
1486
884
245
-157
-308
-344
-254
3
302
547
676
510
-65
-732
-1251
-1502
-1313
-660
331
1258
2010
2535
2720
2774
2541
2102
1606
1083
815
699
794
999
978
869
595
52
-576
-1096
-1342
-1298
-968
-452
114
650
1060
1298
1223
846
337
-255
-632
-751
-642
-312
-11
187
137
-345
-1119
-2047
-3219
-4319
-5020
-5225
-4717
-3740
-2643
-1734
-1308
-1416
-2070
-2972
-3841
-4430
-4533
-4158
-3251
-2083
-1064
-203
344
369
-34
-608
-982
-926
-384
529
1569
2277
2576
2429
1739
896
51
-576
-711
-386
297
1343
2581
3727
4474
4537
4085
3442
2864
2555
2533
2719
3181
3685
3874
3783
3407
2734
1792
673
-293
-907
-1195
-999
-381
190
586
665
330
-210
-868
-1273
-1125
-566
270
1223
1931
2264
2274
1863
1176
347
-525
-1278
-1511
-1280
-909
-254
117
152
-58
-722
-1351
-1947
-2260
-2152
-1761
-969
-168
438
869
891
613
153
-450
-937
-1307
-1433
-1240
-885
-384
113
289
69
-368
-892
-1214
-1341
-1244
-902
-554
-70
266
453
645
577
317
23
-350
-541
-363
-49
510
1116
1429
1486
1242
810
383
60
-75
-156
-56
178
425
825
1251
1619
1663
1236
586
27
-241
-256
-22
281
511
568
468
281
-16
-184
-385
-781
-994
-1070
-1126
-820
-408
-209
-29
29
-21
-95
-159
-196
-410
-856
-1624
-2567
-3346
-3860
-3858
-3667
-3495
-3183
-3066
-2967
-2941
-2974
-2938
-3009
-2884
-2542
-1935
-1162
-277
712
1341
1620
1528
1207
934
648
591
609
567
535
266
7
-243
-541
-651
-659
-464
16
673
1580
2533
3307
3893
4070
3933
3609
3243
3061
2973
2935
2758
2504
2281
1897
1384
840
287
-203
-590
-788
-748
-695
-635
-522
-397
-125
175
404
664
974
1333
1684
1815
1687
1457
1078
661
273
-64
-243
-326
-335
-337
-311
-399
-567
-699
-909
-1105
-1286
-1379
-1248
-967
-565
-87
343
604
599
368
90
-170
-296
-288
-335
-377
-434
-540
-663
-725
-795
-1042
-1224
-1231
-1142
-997
-769
-446
-278
-383
-692
-1074
-1298
-1223
-843
-234
335
901
1416
1610
1626
1378
1035
757
331
44
-147
-140
137
430
671
797
717
460
239
-6
-142
-17
179
483
815
1037
1185
1202
1201
1051
644
166
-144
-268
-474
-587
-531
-454
-394
-649
-1049
-1361
-1649
-1794
-1701
-1351
-912
-326
358
862
1075
906
326
-737
-1936
-2939
-3569
-3530
-3070
-2361
-1799
-1715
-1883
-2479
-3297
-3886
-4174
-4032
-3397
-2203
-846
173
1089
1663
1650
1281
684
391
383
532
1132
1820
2207
1994
1119
-32
-1098
-1852
-2197
-1993
-1284
-190
1129
2264
3042
3434
3309
2962
2499
2099
2088
2460
3027
3463
3780
3759
3259
2501
1553
576
-220
-672
-761
-558
-279
-135
-20
67
-56
-301
-465
-492
-284
230
886
1564
2044
2190
2063
1605
1039
523
161
-32
-119
25
182
234
162
-140
-566
-999
-1436
-1771
-1695
-1377
-1003
-414
256
682
786
699
380
13
-304
-501
-451
-300
-91
-35
-144
-332
-694
-1065
-1474
-1816
-1994
-2086
-1946
-1731
-1356
-806
-348
17
114
130
238
343
513
616
723
856
747
616
566
432
251
-26
-288
-499
-568
-544
-436
6
486
884
1167
1263
1242
1160
1075
884
637
527
548
559
629
806
885
644
179
-389
-1005
-1482
-1591
-1461
-1174
-835
-670
-599
-616
-659
-682
-543
-283
63
443
767
1110
1176
829
63
-1053
-2226
-3128
-3574
-3389
-2848
-2280
-1663
-1283
-1281
-1675
-2125
-2500
-2708
-2502
-2109
-1451
-616
98
616
781
657
434
154
-43
4
207
438
663
712
569
246
-203
-578
-840
-858
-578
-102
537
1321
2057
2578
2849
2793
2563
2373
2181
2155
2295
2358
2467
2426
2280
2188
1934
1596
1242
991
827
611
561
450
260
140
-130
-259
-319
-334
-154
68
285
436
515
502
507
413
234
88
24
174
407
638
754
647
392
-116
-683
-981
-1184
-1173
-904
-666
-351
-69
-42
-66
-48
-202
-346
-361
-404
-219
79
277
399
325
245
24
-391
-592
-695
-710
-555
-503
-462
-417
-547
-704
-776
-873
-968
-887
-691
-483
-230
31
267
421
442
484
482
407
343
197
58
-8
-94
-161
-184
-160
-61
81
328
584
830
942
885
853
700
532
444
274
221
291
266
325
391
360
216
-138
-636
-1167
-1499
-1651
-1623
-1307
-928
-649
-404
-237
-258
-496
-638
-688
-661
-367
60
659
1159
1353
1201
509
-534
-1658
-2521
-2932
-2898
-2431
-1748
-1122
-777
-800
-1249
-1842
-2339
-2664
-2698
-2355
-1530
-487
450
1006
1143
932
367
-193
-565
-614
-176
466
1044
1417
1421
907
83
-730
-1440
-1882
-1850
-1346
-399
762
1737
2337
2602
2577
2272
1920
1820
2030
2373
2983
3556
3751
3718
3315
2576
1731
984
381
7
-145
-146
-22
87
70
-51
-192
-378
-531
-504
-313
-41
345
718
1013
1172
1200
1210
1093
832
527
212
-33
-318
-724
-1066
-1306
-1379
-1402
-1388
-1236
-1036
-856
-587
-356
-175
23
8
30
117
183
252
307
372
393
310
114
-192
-656
-939
-1138
-1346
-1200
-985
-886
-717
-663
-631
-646
-844
-958
-1028
-1029
-710
-284
212
706
884
843
549
181
-112
-244
-180
17
398
697
943
1050
906
694
392
161
46
49
237
563
907
1055
1022
760
400
24
-355
-532
-521
-386
-300
-334
-352
-409
-518
-613
-799
-829
-713
-685
-532
-348
-235
-234
-388
-568
-726
-854
-878
-714
-399
-82
100
177
283
218
-14
-224
-609
-836
-965
-1075
-842
-714
-645
-525
-531
-548
-720
-1010
-1138
-1041
-907
-860
-718
-446
-344
-460
-716
-905
-893
-932
-875
-616
-253
80
342
534
489
307
19
-295
-498
-639
-545
-272
104
605
1081
1274
1255
1241
1181
1155
1144
1327
1589
1877
2216
2298
2295
2235
1989
1520
1080
754
558
493
479
639
726
705
587
370
131
-81
-81
-5
85
235
453
787
906
857
848
769
601
346
208
211
304
400
372
363
278
87
-159
-510
-793
-998
-1155
-1163
-997
-670
-399
-138
139
250
168
-58
-261
-422
-561
-565
-392
-272
-253
-223
-335
-535
-804
-1089
-1240
-1327
-1268
-1095
-992
-800
-558
-539
-614
-777
-955
-879
-623
-359
124
584
800
1039
1027
866
722
517
305
14
-188
-238
-243
-200
-74
25
-68
-125
-82
-78
-7
130
233
287
295
229
159
93
20
-38
-75
-114
-292
-349
-244
-235
-243
-158
-123
-172
-92
-36
64
157
162
268
162
88
203
175
167
247
336
441
439
396
488
438
331
303
89
-229
-371
-398
-418
-335
-261
-160
-43
-67
-254
-472
-658
-817
-979
-1200
-1337
-1371
-1385
-1423
-1488
-1544
-1559
-1445
-1247
-1036
-797
-597
-461
-304
-97
-62
-77
-4
115
300
409
533
627
686
743
605
479
396
328
379
540
632
748
957
1033
1079
1071
1148
1215
1208
1298
1415
1599
1758
1812
1790
1669
1365
1009
707
449
331
277
255
327
430
461
346
144
3
-136
-237
-188
-55
243
554
762
989
1018
799
527
217
10
-113
-323
-343
-170
-150
-210
-269
-410
-584
-844
-1036
-979
-815
-675
-578
-456
-381
-373
-424
-486
-437
-445
-354
-136
-99
-57
-79
-223
-323
-537
-726
-836
-975
-916
-841
-792
-622
-622
-651
-658
-656
-583
-482
-320
-103
175
330
424
522
477
477
372
183
150
105
111
166
280
334
228
175
17
-261
-416
-488
-468
-385
-277
-74
160
332
528
604
429
367
303
166
187
221
319
425
485
509
376
230
80
-131
-305
-335
-375
-363
-176
-36
165
352
382
357
262
233
274
324
294
225
207
206
251
128
-69
-272
-499
-643
-719
-783
-880
-852
-932
-1072
-1093
-1149
-1203
-1366
-1527
-1491
-1328
-1147
-1050
-823
-610
-492
-378
-492
-520
-464
-521
-403
-294
-278
-97
34
114
261
329
361
375
386
506
663
829
991
1071
1110
1116
1000
1011
1111
1135
1216
1260
1426
1587
1577
1585
1482
1301
1170
975
767
678
645
555
436
377
313
335
413
475
610
680
653
592
529
414
275
292
385
407
413
394
359
218
-55
-257
-319
-391
-518
-545
-531
-411
-338
-387
-425
-526
-643
-736
-734
-713
-620
-488
-406
-413
-577
-745
-885
-1040
-1119
-1242
-1304
-1183
-1118
-996
-855
-786
-703
-780
-884
-852
-818
-674
-483
-393
-293
-123
-22
33
143
170
216
250
253
350
423
443
448
479
480
464
446
398
421
389
313
356
387
422
453
435
442
397
310
233
168
103
96
183
273
344
307
285
323
208
113
105
102
84
-20
-20
48
28
39
8
-75
-33
16
52
36
57
217
227
201
159
125
141
40
-34
-136
-274
-311
-360
-339
-283
-294
-311
-297
-204
-284
-455
-601
-783
-897
-995
-994
-919
-901
-863
-853
-943
-967
-945
-1047
-1081
-951
-818
-601
-517
-493
-303
-342
-286
-221
-378
-267
-135
-39
154
177
291
486
447
412
384
352
385
446
558
691
807
893
1031
1165
1288
1378
1408
1511
1508
1445
1453
1341
1196
1164
1061
987
1047
955
887
846
721
610
487
427
282
172
311
365
434
561
510
503
417
276
246
73
-67
-167
-317
-411
-547
-652
-751
-837
-852
-899
-894
-835
-900
-913
-825
-839
-815
-803
-821
-742
-764
-808
-753
-644
-593
-665
-736
-801
-730
-594
-563
-535
-462
-431
-457
-472
-506
-470
-394
-364
-193
-32
69
243
328
378
354
298
398
317
291
504
535
556
624
621
560
478
351
212
143
72
18
5
14
112
214
164
50
6
-46
-20
84
90
178
349
426
414
324
241
161
126
127
-10
-90
-39
50
156
137
63
-17
-122
-172
-115
-27
115
236
249
345
403
353
357
294
138
93
99
39
0
-44
-85
-115
-232
-395
-537
-644
-706
-697
-665
-575
-465
-477
-470
-478
-616
-741
-836
-863
-824
-705
-493
-427
-506
-559
-498
-482
-508
-549
-635
-537
-433
-347
-264
-188
-50
-96
-154
-156
-191
-119
-20
112
254
391
537
583
597
588
531
548
644
742
848
981
1103
1108
1023
957
964
1041
993
948
1005
997
947
937
946
875
845
905
896
943
958
768
672
587
458
364
196
48
-199
-337
-283
-345
-381
-424
-521
-571
-577
-527
-547
-563
-468
-425
-405
-387
-423
-441
-456
-409
-426
-502
-569
-653
-632
-657
-714
-726
-741
-704
-694
-691
-581
-479
-448
-455
-425
-319
-275
-150
-14
-44
17
20
42
85
-11
0
65
37
-28
23
18
-27
19
10
14
-71
-95
48
11
27
63
6
164
226
221
326
394
399
394
466
470
418
284
225
196
107
128
56
118
182
62
150
182
117
48
-70
-14
21
34
139
202
236
268
232
166
126
73
50
40
4
-17
-4
24
-70
-156
-225
-346
-389
-468
-491
-399
-347
-288
-164
-177
-178
-91
-167
-248
-281
-262
-271
-321
-350
-429
-406
-491
-578
-514
-631
-618
-563
-619
-411
-327
-273
-163
-159
-115
-163
-161
-189
-228
-105
-28
61
141
111
122
129
76
76
125
148
238
357
517
679
682
724
772
869
962
921
931
873
952
1068
941
936
934
888
872
758
692
649
598
535
562
614
562
461
425
528
456
349
320
187
47
-87
-135
-151
-176
-222
-286
-247
-294
-444
-515
-511
-511
-545
-521
-442
-428
-389
-336
-381
-431
-465
-580
-730
-758
-758
-748
-742
-707
-593
-501
-495
-488
-492
-494
-441
-474
-451
-432
-420
-314
-235
-81
24
32
31
-70
-93
-105
-168
-186
-151
-64
-87
-96
-63
-83
-38
-39
-27
84
144
181
201
281
315
297
307
200
191
139
45
194
276
360
365
297
432
357
207
221
211
232
227
229
237
244
260
199
163
155
136
157
156
103
153
102
-23
-38
-131
-159
-151
-228
-250
-189
-201
-182
-83
-66
-58
-22
-59
-83
-64
-91
-130
-145
-144
-136
-102
-143
-179
-190
-247
-332
-400
-331
-301
-336
-296
-270
-247
-206
-233
-213
-210
-279
-277
-297
-273
-160
-121
-96
-56
-88
-118
-123
-132
-143
-150
-177
-112
41
85
115
188
214
205
214
244
325
507
653
703
847
953
915
862
744
667
616
581
596
649
678
597
533
530
499
472
487
476
495
519
499
542
555
494
444
338
206
110
60
18
-83
-108
-117
-196
-255
-354
-439
-483
-550
-517
-467
-441
-446
-527
-390
-335
-481
-446
-434
-504
-502
-497
-495
-474
-488
-505
-542
-620
-646
-607
-517
-414
-358
-298
-202
-108
-118
-177
-193
-252
-244
-139
-101
-79
-32
-42
0
27
1
76
43
66
129
71
103
153
268
311
319
302
234
234
207
235
211
176
222
163
104
155
169
187
177
117
170
144
148
220
225
249
244
239
199
161
165
110
135
134
-56
-191
-239
-244
-316
-348
-286
-277
-230
-197
-152
-190
-203
-167
-159
-88
-127
-139
-112
-122
-151
-210
-192
-249
-301
-307
-358
-297
-325
-366
-255
-310
-298
-170
-202
-235
-166
-76
-123
-154
-148
-130
-54
-73
-22
39
61
103
87
91
80
143
142
113
191
169
204
279
250
293
305
256
334
378
410
494
516
598
620
484
475
520
481
486
468
455
462
464
483
405
377
431
370
330
377
332
333
359
258
245
287
234
173
152
91
98
111
-3
25
34
-61
-100
-174
-190
-254
-365
-424
-449
-440
-416
-347
-352
-362
-307
-402
-418
-404
-461
-430
-434
-459
-493
-499
-506
-554
-523
-512
-514
-435
-423
-435
-375
-309
-291
-270
-244
-212
-186
-184
-147
-106
-59
0
-16
14
136
146
112
72
67
77
46
144
229
222
261
289
329
407
392
393
494
472
464
505
369
348
388
286
264
267
211
165
141
192
181
102
58
8
18
59
155
202
132
79
88
69
42
71
106
78
12
7
-93
-154
-118
-224
-353
-447
-544
-570
-596
-617
-553
-528
-554
-530
-539
-588
-586
-559
-566
-527
-447
-449
-359
-246
-286
-308
-273
-230
-210
-203
-216
-129
-42
-74
-8
46
70
88
83
123
169
246
292
315
290
332
420
458
507
491
563
596
571
605
567
581
584
526
517
469
457
447
392
398
399
341
320
340
282
266
327
314
238
288
340
280
281
289
326
297
298
297
145
138
98
-38
-82
-139
-112
-145
-246
-225
-304
-328
-322
-320
-345
-422
-334
-277
-282
-240
-254
-282
-308
-369
-441
-450
-339
-321
-423
-413
-343
-332
-326
-390
-452
-453
-500
-452
-443
-413
-231
-229
-250
-172
-123
-83
-29
-13
0
60
50
120
116
63
191
176
123
166
127
125
114
150
249
254
317
329
270
324
355
271
226
237
257
309
317
366
407
313
310
318
183
176
203
109
120
141
72
116
100
2
1
-95
-169
-181
-274
-276
-268
-336
-330
-321
-350
-355
-420
-505
-498
-504
-511
-509
-488
-443
-553
-548
-463
-550
-600
-546
-511
-510
-417
-386
-466
-446
-425
-374
-362
-423
-367
-268
-230
-221
-162
-84
-57
-36
-11
1
62
215
259
285
427
443
405
382
454
575
570
521
544
627
654
586
561
531
432
441
393
384
486
472
495
498
465
525
531
479
470
495
475
394
352
362
348
238
175
156
145
130
57
29
-35
-33
-12
-140
-206
-121
-132
-151
-144
-204
-164
-179
-176
-206
-288
-295
-267
-250
-363
-327
-239
-269
-328
-390
-374
-389
-385
-365
-329
-256
-232
-218
-195
-169
-196
-220
-153
-98
-144
-118
-37
-17
0
-60
-23
62
74
119
158
220
236
277
265
156
218
258
199
277
262
243
254
154
158
119
97
131
100
113
130
195
236
215
156
74
105
101
105
117
19
38
42
-77
-117
-138
-124
-171
-255
-263
-301
-272
-343
-405
-351
-396
-419
-426
-423
-372
-400
-389
-364
-363
-295
-419
-461
-354
-376
-284
-295
-394
-380
-411
-379
-382
-393
-353
-348
-288
-250
-158
-169
-207
-109
-65
-17
1
29
71
124
218
223
206
253
289
381
468
423
458
566
551
552
574
548
566
648
669
616
642
636
529
558
565
539
651
562
494
529
423
472
519
427
439
365
283
287
249
257
194
68
74
118
72
26
-49
-121
-128
-232
-308
-230
-263
-380
-357
-338
-345
-404
-447
-336
-344
-371
-326
-392
-364
-311
-383
-368
-396
-354
-286
-337
-365
-335
-247
-209
-184
-210
-160
-184
-294
-191
-103
-43
-68
-115
-42
25
103
77
100
219
223
253
301
308
317
313
293
218
195
285
315
314
314
324
350
293
232
202
233
247
233
282
288
288
220
154
213
181
51
6
29
35
-1
-55
-98
-141
-161
-230
-276
-319
-372
-356
-392
-316
-309
-407
-315
-239
-264
-355
-368
-316
-367
-358
-370
-390
-305
-358
-375
-307
-328
-426
-494
-491
-394
-287
-344
-315
-240
-147
-64
-108
-82
-80
13
94
67
142
110
130
239
213
213
214
199
217
230
325
309
235
284
317
364
361
318
281
238
290
334
357
357
315
315
317
321
318
266
292
330
280
221
174
177
205
173
167
237
129
64
92
35
130
147
42
110
114
50
34
15
50
29
-11
13
11
-39
-52
-53
-45
-62
-82
-36
-74
-109
-27
-3
-20
10
-22
-73
-30
-27
-31
-42
-30
0
-83
-60
10
1
22
-66
-118
-70
-45
9
-14
-82
-143
-151
-112
-91
-60
-166
-154
-118
-173
-119
-183
-194
-183
-312
-349
-333
-381
-367
-385
-445
-426
-499
-522
-428
-377
-406
-425
-387
-385
-346
-395
-423
-300
-325
-348
-338
-370
-384
-450
-417
-391
-395
-332
-308
-339
-360
-287
-206
-170
-211
-210
-150
-88
-6
-26
-30
35
126
194
175
191
222
284
377
305
309
396
411
517
440
414
487
471
565
548
489
557
606
633
670
609
639
724
637
576
598
625
612
545
478
448
460
439
402
399
391
359
348
341
292
219
203
249
201
130
88
133
177
79
40
-2
-51
-62
-51
-12
36
15
-43
-24
-65
-95
-48
-43
-118
-127
-95
-101
-58
-104
-98
-85
-129
-106
-204
-182
-82
-151
-129
-103
-148
-175
-207
-214
-292
-291
-218
-228
-239
-259
-300
-334
-289
-309
-391
-383
-304
-285
-315
-260
-254
-249
-311
-359
-279
-294
-310
-367
-392
-340
-324
-274
-292
-301
-292
-371
-353
-373
-365
-310
-325
-258
-336
-354
-287
-302
-303
-374
-331
-260
-313
-277
-266
-249
-192
-203
-180
-227
-220
-147
-147
-116
-133
-121
-40
-6
15
-6
-21
28
101
132
73
69
152
218
208
201
231
283
338
376
351
345
459
441
440
525
546
518
469
522
489
512
555
539
622
614
623
648
575
585
626
600
619
647
679
693
655
654
624
681
704
633
674
606
543
545
523
590
595
480
395
406
389
287
245
262
301
324
243
180
173
73
52
71
-60
-125
-120
-119
-164
-208
-236
-297
-320
-426
-466
-490
-572
-544
-599
-640
-657
-736
-772
-828
-864
-910
-903
-842
-848
-845
-851
-875
-898
-871
-821
-800
-846
-908
-822
-707
-742
-764
-812
-809
-706
-704
-709
-754
-707
-628
-626
-566
-496
-419
-399
-387
-349
-341
-286
-213
-160
-155
-160
-74
-52
-76
-32
-48
-22
48
46
111
196
247
352
402
358
386
429
493
556
485
502
574
599
689
721
755
768
689
668
692
744
781
748
726
761
782
782
729
708
742
662
716
742
677
710
681
722
709
668
647
580
544
462
547
587
513
524
474
478
467
487
504
387
324
348
424
477
493
458
339
238
281
311
229
194
194
165
60
1
48
-14
-113
-107
-127
-216
-246
-291
-325
-322
-387
-456
-452
-537
-630
-600
-687
-688
-657
-741
-767
-837
-889
-859
-844
-837
-908
-1046
-1000
-945
-1005
-959
-951
-947
-948
-1013
-989
-939
-954
-935
-898
-941
-898
-904
-935
-878
-906
-922
-923
-905
-865
-793
-723
-685
-658
-654
-642
-642
-542
-477
-398
-280
-275
-243
-165
-156
-150
-55
14
133
199
170
221
227
314
448
507
578
606
612
688
750
745
832
913
906
941
912
862
970
1027
992
964
985
1016
997
1034
1047
1070
1041
965
973
954
1002
1010
963
958
900
889
940
983
920
868
864
827
835
711
664
741
699
698
594
462
454
404
369
379
362
397
360
266
289
251
142
90
59
0
-48
-72
-147
-179
-200
-252
-335
-452
-463
-434
-399
-497
-551
-457
-500
-553
-618
-646
-612
-664
-675
-675
-771
-804
-710
-721
-828
-890
-865
-859
-903
-905
-937
-942
-945
-905
-888
-925
-913
-940
-922
-922
-966
-981
-969
-860
-786
-861
-943
-859
-795
-843
-803
-767
-788
-748
-659
-606
-568
-563
-504
-419
-546
-461
-313
-341
-219
-212
-200
-101
-81
-60
-8
86
118
104
166
249
307
340
372
523
585
572
657
690
722
737
749
788
858
904
877
917
866
879
914
934
1020
900
932
1057
1014
1023
1032
1057
1059
1010
1027
1025
966
1041
1082
985
977
976
934
870
836
820
787
795
793
714
632
677
628
551
499
457
510
417
414
399
342
350
187
158
124
2
-19
-15
-117
-235
-231
-260
-316
-461
-444
-413
-543
-588
-617
-606
-659
-720
-739
-698
-654
-735
-818
-928
-879
-850
-927
-939
-1003
-1010
-1053
-1066
-1070
-1129
-1068
-1057
-1093
-1105
-1109
-1081
-989
-954
-932
-912
-988
-966
-898
-836
-837
-849
-803
-797
-769
-746
-726
-703
-616
-581
-654
-588
-605
-530
-362
-370
-298
-208
-169
-162
-102
-3
22
108
196
191
223
275
310
330
315
369
406
367
410
586
714
685
680
718
803
878
925
937
934
978
1034
1129
1140
1125
1135
1044
1045
1150
1177
1137
1122
1189
1187
1130
1107
1048
1072
1099
1060
1070
1042
951
940
1042
943
811
818
780
722
621
604
575
505
455
394
359
277
221
184
116
115
84
-53
-90
-68
-143
-246
-264
-316
-391
-365
-438
-512
-571
-629
-649
-735
-719
-764
-827
-802
-904
-947
-972
-1019
-938
-984
-1031
-932
-908
-957
-997
-991
-1016
-1048
-1057
-1045
-1000
-1013
-1030
-984
-978
-1028
-1054
-974
-902
-893
-852
-811
-794
-760
-720
-583
-542
-640
-532
-447
-366
-254
-284
-186
-87
-95
-76
-58
36
21
-22
104
138
135
216
262
290
316
321
406
486
489
550
593
622
671
673
591
549
631
663
635
670
646
593
617
568
570
629
620
578
533
551
604
643
589
579
639
597
605
576
572
653
588
602
570
453
515
530
439
399
427
413
367
349
368
373
291
261
334
340
331
307
215
245
241
146
204
154
100
146
66
23
-80
-110
-94
-167
-193
-227
-190
-167
-219
-270
-273
-237
-245
-288
-324
-312
-277
-272
-294
-283
-320
-330
-341
-417
-367
-378
-416
-383
-389
-402
-462
-448
-459
-540
-556
-537
-473
-485
-508
-478
-484
-433
-430
-464
-438
-474
-475
-418
-405
-436
-386
-383
-418
-466
-516
-380
-393
-373
-279
-350
-319
-260
-283
-273
-163
-122
-200
-182
-93
-67
-63
-32
-50
-60
-21
28
56
23
2
-5
15
68
119
132
115
233
251
175
232
227
284
338
333
395
397
360
304
349
362
350
391
337
375
442
390
321
402
453
456
452
322
433
535
395
394
432
473
506
434
375
405
487
428
343
398
352
285
383
345
309
380
285
263
276
275
265
133
201
318
276
197
170
148
56
51
36
34
17
-44
0
36
-20
-77
-82
-103
-133
-114
-78
-74
-103
-175
-170
-165
-215
-236
-274
-331
-357
-245
-226
-287
-317
-412
-451
-409
-322
-336
-450
-453
-383
-411
-418
-420
-445
-338
-382
-459
-374
-412
-374
-287
-356
-353
-366
-340
-284
-352
-351
-311
-284
-328
-344
-250
-238
-274
-322
-319
-258
-265
-248
-228
-267
-237
-207
-153
-101
-96
-51
-118
-99
23
-9
20
106
99
55
61
126
189
162
91
144
215
215
257
264
223
220
236
252
266
307
272
268
338
365
352
351
375
351
421
424
398
425
405
428
434
371
386
461
408
384
434
407
343
396
401
353
401
407
374
304
331
318
214
268
241
191
227
163
124
118
86
41
39
7
-47
-10
-59
-113
-135
-158
-148
-148
-139
-160
-196
-208
-219
-260
-270
-264
-241
-186
-182
-222
-291
-358
-353
-324
-304
-291
-263
-278
-331
-365
-363
-405
-415
-293
-273
-350
-344
-316
-296
-300
-321
-226
-210
-302
-307
-272
-254
-248
-224
-174
-182
-243
-237
-234
-256
-184
-76
-66
-128
-103
-39
-10
-57
-115
-89
-39
-20
-20
-12
-43
-46
-8
40
29
3
32
43
68
125
219
219
155
179
140
202
246
168
242
224
198
212
184
240
186
107
126
180
238
178
104
151
183
168
223
227
166
214
222
211
257
221
279
285
169
190
194
217
200
162
173
136
120
88
111
162
151
109
77
83
99
76
67
123
102
63
36
6
91
55
2
34
-15
-20
-56
-52
-6
-22
-70
-173
-139
-76
-70
-48
-63
-51
-106
-162
-151
-91
8
-23
-47
-11
-30
-95
-118
-124
-120
-74
-57
-82
-117
-151
-215
-166
-189
-216
-106
-131
-132
-167
-180
-117
-146
-155
-191
-170
-162
-207
-152
-126
-161
-164
-212
-237
-215
-211
-150
-134
-138
-180
-180
-167
-211
-131
-95
-118
-102
-83
-87
-9
18
-57
-17
-20
14
0
-24
120
105
44
37
13
37
7
32
143
149
93
103
127
117
137
155
159
162
145
156
155
185
235
171
155
190
129
127
218
217
199
194
145
160
160
174
201
182
150
121
189
240
186
181
178
114
106
130
106
72
136
139
24
75
104
29
36
16
62
68
12
51
58
47
48
-27
-73
30
102
16
-45
46
8
-99
-67
-71
-126
-113
-120
-174
-109
-123
-167
-215
-246
-126
-181
-196
-107
-155
-156
-142
-175
-165
-216
-236
-217
-254
-168
-154
-198
-193
-272
-254
-212
-169
-114
-136
-136
-146
-126
-83
-76
-156
-163
-99
-114
-96
-92
-77
-99
-124
-88
-93
-33
11
-83
-138
-90
-17
-12
-85
-17
75
-1
-38
0
3
57
106
93
85
59
44
83
169
110
34
51
-21
79
159
74
59
43
17
11
61
47
84
103
63
105
93
128
84
94
200
138
105
136
132
158
142
85
136
172
132
157
189
142
83
78
94
100
96
104
126
139
108
38
27
114
156
144
80
74
150
113
121
79
28
84
82
100
106
37
31
47
42
57
37
21
-22
20
100
18
78
133
60
36
1
4
13
27
27
8
-6
4
2
-77
-74
-44
-83
-55
-83
-148
-171
-172
-133
-201
-198
-189
-222
-167
-198
-158
-155
-222
-196
-201
-189
-190
-156
-125
-124
-128
-194
-184
-175
-212
-112
-143
-200
-141
-206
-150
-116
-197
-174
-81
-53
-127
-111
-104
-98
-56
-87
-117
-109
-71
-50
44
21
-47
2
-24
16
49
-3
12
-4
-32
25
-1
35
63
28
84
18
25
89
92
107
83
130
155
145
187
188
243
244
177
261
255
233
240
213
281
235
201
271
190
180
200
166
225
125
86
123
76
103
105
100
80
70
103
113
88
62
62
112
71
-22
4
23
31
31
-7
8
-41
-82
9
-52
-108
-25
-15
-23
-25
-87
-79
1
29
31
15
35
12
-56
-47
-48
-32
-50
-96
-98
-89
-104
-110
-129
-176
-137
-165
-185
-174
-208
-189
-160
-90
-98
-184
-222
-174
-136
-91
-105
-123
-79
-226
-234
-143
-174
-127
-87
-155
-200
-142
-130
-78
-77
-157
-156
-172
-141
-84
-52
-73
-62
-35
-62
-81
-74
-34
-29
-26
9
60
50
60
61
52
121
64
105
190
137
78
24
88
168
136
77
88
69
79
171
176
190
222
170
110
177
234
217
272
272
273
278
227
242
206
223
248
223
239
130
119
120
119
179
76
34
148
144
16
8
29
40
40
14
62
52
17
37
13
95
70
-57
-73
-29
6
-72
-56
-118
-218
-162
-150
-130
-105
-98
-103
-192
-142
-80
-114
-29
-70
-116
-14
11
-25
-93
-75
-50
-50
-57
-110
-101
-101
-92
-157
-212
-204
-200
-124
-121
-160
-144
-152
-163
-125
-167
-165
-105
-59
-35
-118
-101
-69
-76
14
-21
-101
-51
-71
-135
-138
-50
-26
-62
0
-34
-70
-42
-2
20
-46
27
63
-6
51
32
60
90
41
113
126
117
139
160
161
134
116
86
146
165
160
156
120
120
73
100
109
65
68
18
22
79
93
69
14
36
147
163
138
83
74
117
103
123
70
51
41
59
122
36
-16
-2
-30
-76
-29
-2
-68
-86
-45
-23
-44
25
0
-53
4
20
21
3
-13
-14
7
-77
-75
-7
-75
5
-10
-58
-41
-139
-98
-60
-74
-30
-28
-92
-59
1
-53
-77
-36
52
80
19
-9
25
-2
-1
50
39
51
19
41
76
-29
-57
-11
34
-24
-49
-13
-97
-110
-63
-65
-76
-83
-36
35
-10
-86
-31
-47
-79
2
8
4
23
0
-40
-68
-77
-58
5
-4
-63
-51
-10
-9
-97
-103
-29
-14
-12
-4
60
67
39
-17
-62
5
26
57
80
46
46
78
112
91
22
27
61
47
-23
-23
20
-15
-1
-9
-1
-30
-103
-24
-8
-13
52
-29
-73
-21
-17
-4
14
105
150
74
77
138
123
51
46
36
47
108
75
49
27
23
15
-19
-30
5
20
15
32
-14
-32
-61
-34
94
107
54
31
45
66
-13
-80
-3
82
68
0
-25
39
72
-11
-20
-26
-54
-22
17
64
-3
-33
-18
-12
-4
30
79
-3
15
62
2
5
-39
-48
19
-32
-49
-9
-6
26
-14
-89
-61
-116
-195
-108
-25
-44
-97
-125
-89
-119
-112
-16
-39
-101
-68
9
7
-27
-76
-68
-30
-57
-80
-54
-32
-64
-35
-8
-35
-136
-123
-56
-122
-91
-14
-2
-110
-178
-119
-53
-11
-53
-45
-2
12
35
54
27
57
100
16
46
66
56
135
15
8
124
54
42
13
48
106
109
156
103
99
157
123
118
92
58
72
40
129
150
58
141
117
91
159
87
40
55
102
107
52
2
-15
-8
-43
26
52
-10
45
73
20
13
24
-23
-22
22
87
109
62
14
21
-4
-51
11
-27
-57
5
-8
-7
-33
-16
-13
-52
-6
5
72
98
-15
-106
-70
-52
-74
-52
-72
-24
-2
-29
-35
-106
-114
-60
-79
20
51
9
63
-19
5
12
-22
-33
-122
-67
-123
-182
-88
-140
-157
-113
-132
-60
16
-19
-11
12
-21
-61
-70
-15
12
-47
-131
-91
-7
-58
-27
2
-82
-65
-42
-11
-1
-25
35
5
-17
37
-2
11
35
-33
-56
-7
11
-25
14
47
39
43
2
-15
-24
1
13
-22
19
-12
-42
2
-40
-22
51
23
21
65
68
29
-23
13
-4
-22
55
25
-26
16
72
95
59
-6
33
43
-23
57
137
94
120
96
37
-34
-45
22
-35
4
32
-1
22
-67
-111
-6
19
84
106
37
30
-36
50
71
-8
68
45
16
-6
10
75
74
70
16
6
61
64
65
102
125
85
73
46
-49
1
8
-22
55
15
-40
-47
14
-17
-29
62
71
118
56
-45
-61
-64
-53
-24
-83
-120
-67
-40
-92
-74
-1
-66
-55
-92
-90
44
35
19
-34
-34
14
-81
-40
-30
-77
11
11
11
-21
-81
-52
-56
22
74
47
37
-4
-15
-34
-41
-45
-103
-92
-46
-23
20
-51
-108
-43
-44
-48
-56
-48
7
4
14
34
-31
-26
-37
-71
29
-13
-50
-12
-25
-18
-72
-73
-31
-35
11
64
67
58
-26
-6
29
34
99
-2
1
20
-8
102
119
90
44
29
75
41
5
95
163
30
-50
-25
-21
15
37
35
-20
-37
-3
-29
56
101
66
58
19
89
31
-10
92
58
79
31
-30
16
50
84
-23
-31
87
44
60
58
-17
-9
13
-12
-39
-20
-42
-45
-48
-74
-34
-16
-63
0
29
-39
-15
-10
-20
-5
-60
-116
-98
-134
-135
-45
-89
-85
-50
-78
-43
-3
16
28
26
4
40
74
37
-34
20
111
34
17
46
-33
-48
19
57
60
-1
6
49
42
14
3
61
10
11
6
-37
-35
-118
-26
9
-65
-6
-11
-23
-15
7
50
-3
-78
-5
8
-59
52
54
-48
-46
-97
-89
-30
-3
-7
-94
-87
36
2
-18
45
-2
55
101
4
-12
25
3
-37
-50
-21
-34
-22
68
81
31
-32
-29
61
19
5
52
-6
-40
14
27
-29
8
56
61
46
52
55
56
103
59
12
35
46
41
43
52
48
2
-35
2
-31
-47
58
86
57
18
-3
32
52
1
60
75
-30
30
42
-46
-34
6
43
29
-6
10
0
-24
-24
33
19
2
13
-22
-14
-34
28
3
-89
-69
-28
4
-48
-109
-89
42
32
-44
-2
-4
19
-14
-13
-24
-58
4
-101
-134
-84
-143
-68
23
-14
-47
-87
-65
-57
-60
-34
-16
37
-74
-150
-88
-72
-42
-73
-140
-90
-23
-40
-5
-33
-21
62
-47
-78
15
34
4
-17
-22
-47
-42
-47
-16
50
43
44
67
83
97
45
22
107
149
114
61
45
74
70
60
44
41
87
59
7
-10
51
108
43
64
43
23
97
55
107
138
38
38
70
32
10
17
-22
0
11
0
9
68
48
-63
-36
18
16
-4
25
3
-40
3
12
-3
12
-50
-129
-66
-29
11
19
-29
-3
-26
-30
-34
-44
-24
1
9
-59
2
22
-28
-24
-92
-106
-18
46
25
-26
11
2
-98
-35
0
43
107
10
-17
-16
-30
10
-8
-4
21
-30
-17
-32
-27
-7
-55
-7
-16
-23
67
84
48
-27
-63
-40
-58
-32
-20
-36
-38
-37
50
16
-55
-40
-46
45
39
-24
25
41
54
12
-47
-44
-21
-59
-54
-9
-23
24
39
71
40
-8
5
-7
31
-5
49
74
10
22
-33
-5
-16
-112
-48
20
11
2
11
27
-14
-60
-39
-13
30
53
14
-4
-15
-1
2
43
44
9
30
-25
-52
-18
20
54
44
26
-28
-27
28
17
-17
-18
21
-39
-21
59
-13
-8
26
6
45
37
-40
-9
25
43
50
-28
28
96
26
-14
-38
-8
47
-7
4
76
78
64
-2
-18
67
44
9
36
-11
26
76
21
16
-2
-46
-28
-1
-12
27
31
-31
-5
-3
-5
-9
-71
-81
-43
6
-39
-135
-85
-29
-73
-49
-35
-32
-4
-98
-17
88
13
49
-63
-35
57
-41
26
-30
-102
-90
-68
18
7
-2
31
35
-24
23
52
27
7
-22
78
26
-47
-6
-3
-14
-47
-12
-15
-10
6
19
49
39
171
100
-56
-25
-23
74
21
-38
33
-14
11
48
0
1
9
67
62
18
51
19
33
57
52
72
30
-21
-42
-46
15
41
41
22
-38
-58
-23
-15
-33
-3
-69
-29
79
0
-59
-85
-65
-43
-52
-21
-73
-67
-16
4
-6
-44
-15
2
18
-32
-63
4
-4
-17
40
45
-9
-25
-52
7
-20
-66
35
7
6
-45
-66
-1
7
38
-3
25
36
-26
2
10
27
3
-65
-4
35
-14
3
24
-20
20
40
-15
-36
-16
