104
118
62
-39
-118
-151
-233
-264
-266
-334
-236
-113
-82
-29
89
168
177
192
154
116
27
-28
-39
-83
-108
-132
-102
-49
-31
22
127
132
198
257
204
221
169
130
129
72
7
19
31
-31
29
27
-45
54
96
141
150
36
34
5
-62
-116
-126
-124
-148
-49
-37
-48
19
-60
-24
50
-81
-99
-31
-70
-102
-147
-137
-127
-120
-74
-39
20
4
50
123
155
135
102
83
-15
-63
-92
-125
-157
-139
20
112
44
17
125
176
211
248
173
158
88
7
-16
-55
-7
-43
22
181
99
-14
23
96
161
184
117
32
-2
-5
-129
-134
-50
-93
-22
-118
-179
-50
-83
-30
-18
-15
34
-31
-85
-128
-168
-139
-93
-84
-79
-106
-67
2
-10
-23
41
90
48
-5
-43
-64
-85
-122
-128
-66
36
63
47
92
131
87
121
161
71
76
33
-31
6
-51
-124
-109
-59
6
15
44
93
120
113
44
-11
-60
-29
-5
-111
-168
-171
-176
-150
-95
-80
-112
-27
6
10
61
74
115
88
77
20
-27
-42
-129
-69
-42
-49
15
39
41
100
146
72
118
101
83
125
-2
-6
-6
-49
8
22
4
68
37
10
83
39
83
115
38
-40
-88
-30
-75
-84
-81
-78
20
-42
16
47
-34
39
30
-4
-53
-36
-57
-151
-148
-194
-209
-188
-146
-95
-9
93
99
101
149
128
28
-34
-41
-16
-6
-42
-85
-52
10
4
77
185
169
153
182
256
255
155
104
91
65
7
-26
16
5
-44
39
87
46
28
83
88
18
39
75
41
-5
-37
-76
-96
-139
-153
-141
-147
-70
25
21
-9
31
17
18
-39
-146
-175
-214
-137
-58
-110
-120
-45
37
79
107
131
42
38
93
99
41
-40
-3
-107
-81
18
-33
68
107
71
152
220
129
28
8
-12
43
81
-50
-83
-51
-86
24
15
-20
50
-37
-78
-33
6
-21
-93
-97
-186
-222
-188
-208
-187
-156
-59
-28
-65
-37
-24
0
4
-46
-69
-103
-168
-197
-213
-228
-192
-169
-152
-44
0
38
123
104
82
62
32
43
31
113
118
-32
18
52
0
74
68
31
93
177
182
153
200
162
132
94
43
86
98
53
10
92
45
-12
87
78
94
90
25
-1
-64
-91
-109
-148
-166
-138
-156
-151
-42
8
51
24
-48
-47
-92
-139
-116
-202
-223
-170
-204
-126
-60
-41
33
65
73
124
171
221
194
61
75
164
162
49
-62
-79
-49
11
97
223
252
208
208
268
278
187
169
147
76
85
39
-12
56
84
51
85
57
0
22
-18
-18
-52
-160
-117
-175
-246
-156
-154
-169
-124
-101
-34
6
-28
-3
-59
-126
-146
-161
-111
-165
-207
-181
-130
-123
-16
104
54
111
40
58
190
111
112
77
25
13
-5
26
89
127
106
142
129
189
297
310
298
194
179
202
168
77
-50
-58
-83
-109
-88
-103
-63
-10
-5
-9
-36
-50
-49
-102
-115
-125
-168
-150
-159
-262
-327
-299
-280
-210
-208
-178
-144
-192
-165
-159
-107
-120
-165
-146
-201
-188
-109
-39
-7
16
56
73
125
88
34
66
89
133
112
91
147
117
173
203
145
229
234
346
366
211
288
253
146
145
150
129
42
39
48
20
14
10
18
52
48
-27
-25
0
-13
-38
-117
-163
-212
-349
-319
-201
-240
-249
-203
-218
-202
-153
-148
-80
-89
-152
-80
-54
-46
-59
-78
-33
-53
-76
-40
-49
-13
57
70
11
-3
115
97
51
28
50
186
83
23
119
105
129
108
140
210
109
75
83
55
43
28
26
21
1
-15
4
28
78
86
46
29
47
93
25
-11
-46
-105
-74
-131
-134
-127
-92
-45
-38
14
-35
6
-15
-57
32
11
-28
-61
-80
-50
-10
-50
-72
-49
-55
12
18
31
79
51
90
99
64
83
62
45
25
0
14
-66
-3
134
98
91
36
69
89
47
57
-110
-145
-76
-30
57
55
-5
-48
-2
-54
-32
48
2
49
20
-84
-31
-12
-46
7
-49
-62
-52
-79
26
38
16
60
56
26
30
32
93
108
-29
53
102
-33
44
86
26
62
-16
-4
105
125
151
33
-60
-18
6
-12
-21
2
-15
-41
-48
-110
-115
-53
-96
-75
-90
-87
7
-59
-56
-48
-170
-185
-171
-157
-66
-46
-22
9
-52
-58
-23
-78
-99
-88
-103
-10
-8
-35
-44
21
147
54
7
60
33
83
158
117
93
41
-32
46
152
45
-6
93
93
133
124
75
87
24
34
100
135
143
98
28
23
-1
-37
0
-8
-4
-44
-44
33
38
33
-32
-54
-45
-17
38
-32
-82
-157
-164
-62
-146
-183
-173
-183
-98
-96
-125
-93
-27
-10
-10
29
36
0
-19
28
-24
-98
-28
-3
-45
22
98
53
25
-7
13
119
118
150
155
70
116
119
71
101
36
0
28
46
100
115
125
110
102
81
16
8
-22
-57
0
26
-6
23
-1
-9
49
-1
37
24
-10
10
-89
-100
-108
-126
-104
-99
-65
-98
-94
-31
-52
-45
-47
-117
-84
-67
-121
-109
-73
-44
-75
-113
-56
-40
14
46
-13
72
25
27
193
146
116
50
13
100
33
6
48
39
93
177
111
75
138
134
155
121
76
101
61
28
51
-12
-15
-27
-66
18
7
-13
-4
-57
-64
-59
-73
-64
-38
-50
-135
-115
-65
-96
-59
-158
-136
10
-13
50
-16
-152
-146
-181
-155
-106
-86
-30
-18
-60
-70
22
43
-12
-31
41
137
80
62
45
-4
9
-1
37
36
70
47
14
156
175
181
174
120
113
40
43
61
33
100
72
-69
-49
35
28
6
7
-40
-83
-50
-92
-105
-46
-77
-118
-97
-130
-176
-117
-79
-64
-82
-70
-7
-3
-19
-33
-85
-113
-67
-72
-43
2
9
9
41
59
24
172
241
140
141
171
64
7
78
46
52
74
56
77
9
-22
79
120
92
149
187
124
71
89
88
54
39
-43
-129
-133
-77
-100
-153
-64
-47
-65
-66
-97
-104
-192
-191
-84
-84
-38
-34
-114
-108
-87
-46
-91
-153
-90
-71
-29
68
22
-6
50
-32
-61
-19
-87
24
159
156
143
146
176
121
45
64
79
76
90
34
26
-7
11
145
132
79
88
84
80
82
-7
-79
-37
-18
-27
-96
-152
-130
-106
-74
-151
-185
-88
-85
-32
-13
-14
24
-60
-35
-31
-100
-42
-42
-53
-86
-129
-30
-6
-13
36
29
-12
0
27
-16
32
17
-9
61
26
19
59
80
124
64
20
60
83
114
50
62
103
43
25
-30
-41
-9
-28
46
108
10
-27
9
37
79
16
5
-24
-56
57
-14
-59
5
-52
8
63
-51
-12
48
27
46
21
5
0
-29
-78
-48
1
-17
-44
4
60
-8
15
-14
-63
-8
-81
-71
-3
-25
24
10
-23
4
-32
-46
-47
-32
-46
-40
63
32
18
41
-63
-30
46
7
54
21
37
149
50
66
1
-6
76
-67
17
6
-72
-24
-19
13
-30
56
144
99
124
112
73
-14
-32
26
7
25
79
121
86
40
33
-31
-65
-45
-30
-48
-67
-33
-44
6
29
-78
-73
-88
-102
-34
-75
-150
-124
-91
-60
-20
-74
-69
-5
-28
-22
9
-42
-56
8
0
-18
-10
-22
-27
-14
-7
-12
25
-18
-69
-17
-41
-50
-25
-54
24
96
61
46
49
29
25
78
21
-8
68
16
-53
-26
0
15
64
85
72
60
89
96
5
62
85
3
24
37
25
11
55
37
-45
-17
-9
-78
3
53
2
28
15
-18
-2
84
44
13
20
-82
-91
-88
-77
-47
-23
-41
-68
-58
-55
28
44
-8
-42
-123
-108
-16
-16
-45
-52
-18
-47
-67
-19
-10
20
16
27
11
-6
2
-3
22
3
12
109
130
108
123
64
71
49
28
70
-2
27
46
36
37
-52
-36
-35
-4
82
62
130
99
13
6
-61
-49
1
-7
-34
-73
-94
-75
-57
-42
-125
-144
-54
-43
-48
-1
60
25
-95
-143
-81
-65
-37
-27
-17
35
23
-12
-1
-45
-29
107
61
89
104
7
114
149
77
12
-28
39
38
16
60
63
0
13
103
94
97
69
78
42
-97
-55
-42
-51
-59
-58
0
-1
-15
-71
-21
15
-87
-97
-96
-121
-94
-80
-114
-78
-24
-9
-38
1
26
2
35
-57
-88
-35
-21
-27
-3
19
-18
32
61
5
-12
-50
-32
52
79
72
46
46
13
28
54
6
66
72
23
24
56
52
16
18
16
29
-17
4
11
-32
-26
-7
62
34
-35
-40
6
-25
-49
-11
-39
-48
-63
-55
-87
-74
-23
-38
-8
-49
1
-8
-66
14
-40
-35
0
-42
13
20
-10
93
63
33
98
47
99
105
5
57
92
13
-3
26
13
39
44
-22
35
93
66
82
79
39
46
80
7
-18
28
-24
-42
10
2
-4
-4
-85
-75
-68
-60
-21
-155
-111
-32
-112
-112
-135
-127
-107
-111
-64
-93
-119
-124
-133
-81
-85
-37
-29
-8
-4
1
134
60
42
90
58
99
99
104
96
82
72
55
90
35
89
155
30
58
76
63
152
142
116
61
4
18
-2
-29
-66
-74
-7
55
31
-43
-13
20
-25
-87
-67
-22
-73
-38
12
-5
9
29
60
13
-48
-54
-44
-14
13
9
-77
-28
4
-76
-12
3
20
-30
-166
-125
-93
-92
-34
-51
-77
21
62
52
49
0
30
0
13
145
51
-66
-60
-37
14
-10
23
76
81
61
-15
-4
-81
-131
-68
-85
-102
-50
62
3
-25
86
113
93
0
-17
18
12
-22
-29
62
47
28
19
-52
-31
31
13
-9
-32
-68
-5
10
-59
22
20
-57
34
57
12
14
0
1
-18
-49
26
23
17
51
73
123
36
32
50
41
68
-7
-46
30
87
43
-7
-37
31
33
-62
-33
-16
-8
-21
-71
-86
-117
-127
-67
-60
-19
-14
-68
3
-44
-60
40
30
-12
-65
-71
-101
-72
-8
-3
65
54
65
102
63
-7
-69
10
89
74
39
36
74
80
48
42
20
7
-15
-36
41
61
46
69
96
110
25
8
-2
-33
-14
-56
-45
-26
-95
-87
46
68
57
71
34
80
28
-75
-94
-151
-132
-91
-130
-84
-52
-30
1
-61
-41
-20
-37
-45
-107
-88
-95
15
100
-68
-96
-58
-46
8
5
49
45
26
52
2
61
84
-21
17
111
139
138
111
96
51
36
24
-45
35
81
16
42
13
-59
0
48
44
88
44
12
23
-27
-71
-70
-65
-61
-59
-98
-37
87
58
10
-26
-96
-36
-48
-172
-169
-89
-25
19
-39
-53
22
13
37
-32
-128
-26
36
-24
-61
-10
1
29
64
40
63
110
168
162
79
73
73
-7
-42
17
66
-34
-59
24
20
9
-1
57
4
-128
-102
-35
7
-9
0
-39
-43
82
85
53
93
62
5
12
-3
-31
-31
-34
-39
-1
27
-99
-89
54
0
4
31
-4
-14
-105
-77
-39
-71
-84
-125
-105
0
91
26
-6
-31
-60
66
113
120
99
49
61
52
77
143
149
111
101
48
50
69
-29
-36
-29
-49
-24
-2
53
23
-48
-25
-25
-40
-60
-51
1
-71
-120
-68
-33
-23
-19
20
44
-9
-5
27
-1
-31
-115
-97
-45
-17
42
-53
-121
-1
19
-34
18
31
-15
-105
-91
-32
-71
-53
-20
-20
-17
33
100
83
61
160
151
32
46
74
47
41
104
104
51
61
91
79
90
32
-19
35
26
16
-8
17
14
-49
6
38
-7
-65
-112
-140
-81
9
-24
-58
-74
-90
-53
-62
-89
-31
4
-14
-33
-115
-79
-22
-74
-83
-94
-71
-62
-11
22
12
7
-27
-41
-80
-47
12
22
23
53
100
56
29
89
142
101
145
225
114
62
60
111
135
62
92
111
91
56
30
15
64
-17
-43
67
7
14
-10
-37
-56
-103
-45
-43
-109
-142
-105
-118
-142
-110
-69
-38
-31
-40
-58
-60
-17
35
12
9
-5
-3
55
68
72
9
20
84
21
16
54
85
83
53
117
88
7
-1
-40
-41
-41
-60
-45
-50
-20
-2
-44
-33
12
31
-20
28
62
19
75
22
-1
28
-19
3
-46
-93
-33
-54
-70
-75
-85
-21
-66
-89
-75
-119
-101
-36
-20
-77
-83
-46
-30
-42
-105
-107
-21
0
28
5
-40
24
55
61
44
35
98
127
77
57
91
84
94
49
-10
47
66
73
48
40
95
57
46
55
6
0
48
38
17
26
-4
48
104
45
25
0
-36
57
23
-79
-41
-6
-43
-32
-19
-69
-83
-57
-91
-80
-56
-91
-127
-154
-39
-76
-96
-52
-130
-50
-28
-23
-28
-31
-31
-99
-11
13
24
81
69
97
129
176
161
70
54
26
58
136
85
63
74
54
32
37
28
14
35
-29
-3
66
69
88
31
21
24
-20
-52
-21
20
-16
-5
-36
-76
-31
-34
-103
-115
-121
-137
-114
-49
-6
-17
-10
-50
-54
-23
-17
-11
25
-9
-67
-33
-54
-48
-27
-12
0
-20
43
25
7
51
-17
36
20
-4
81
-10
-49
0
93
129
35
8
-49
-39
-23
0
86
82
35
-67
-52
-77
-117
33
31
13
67
46
1
-79
-28
16
-114
-78
-2
19
31
-44
15
-30
-68
-4
-29
35
55
14
3
-25
-68
3
105
71
11
2
39
31
-30
-5
52
37
52
37
47
119
22
-51
-14
42
112
125
120
100
35
4
8
-44
-29
51
18
-56
-20
-18
-30
-43
-129
-40
-19
-15
74
-7
-29
-15
-131
-114
-86
-136
-79
-47
-2
22
-35
-75
-91
-59
-43
12
18
-65
-51
-65
-56
9
1
-5
20
36
39
23
44
5
28
182
107
60
50
2
129
109
31
68
62
91
174
75
8
87
15
23
37
-13
11
22
60
43
51
59
86
95
5
-16
-98
-148
-83
-20
-52
0
-3
-160
-122
-90
-77
-117
-145
-63
-29
37
57
-1
-28
-23
-86
-85
-29
32
72
45
35
-8
-40
-68
-30
46
37
46
33
-16
16
90
142
84
16
60
84
121
85
-10
4
-36
3
83
31
88
76
-26
20
66
65
102
25
23
46
-48
-11
-64
-83
-15
-49
-73
-72
20
42
-17
-36
-99
-120
-84
-112
-133
-114
-112
-141
-91
-42
-83
-30
-33
-45
55
39
22
-11
-110
-70
-12
6
2
-36
-23
6
-17
-18
12
10
35
67
61
80
128
88
12
65
56
-2
58
91
43
22
27
-26
-19
-8
-30
4
-32
-41
1
-5
-1
-7
-5
49
-1
-55
-8
-3
-2
-41
-74
-48
-88
-111
-120
-94
-32
-78
-57
-36
-70
-62
-88
-57
29
-1
-29
11
15
32
27
-17
-9
41
38
85
81
-5
25
58
120
114
-5
46
81
38
34
3
92
84
-3
80
-3
-40
67
50
57
79
44
-75
-73
3
-81
-130
-122
-123
-106
-59
33
14
-43
-28
-48
-93
-54
28
-10
-47
-65
-58
-9
-47
6
130
61
51
67
33
87
105
139
88
41
69
98
88
69
85
56
119
155
125
117
53
65
90
83
117
28
5
76
68
39
30
92
124
50
0
65
78
5
-15
15
24
-11
-37
-9
-41
-142
-81
-17
-43
-45
-81
-121
-109
-133
-142
-144
-151
-81
-84
-124
-88
-85
-78
-94
-91
-16
-78
-64
-31
-97
7
60
42
7
7
84
62
89
100
83
65
40
30
-11
20
19
-35
-30
-21
-14
-6
-23
30
23
-57
-35
-44
-86
-76
-37
-69
-81
-32
-3
-30
-22
16
-33
-75
-116
-93
-81
-106
-112
-151
-137
-106
-120
-98
-63
-88
-83
-82
-90
-85
-90
-63
-89
-46
11
-89
-52
-7
-40
24
7
68
113
29
50
115
104
100
110
90
166
156
114
102
78
102
105
173
167
151
163
97
60
66
21
-39
30
51
42
19
-53
27
-2
-97
-91
-126
-53
-80
-136
-52
-86
-46
21
29
17
-45
-43
-16
-67
-19
128
41
7
44
9
7
-23
-14
-11
65
58
29
40
6
91
41
-38
-11
85
108
-79
20
121
51
64
42
95
27
29
156
185
161
56
43
57
20
53
70
59
102
62
53
74
29
51
45
-14
-12
-24
-97
-114
-140
-151
-122
-125
-147
-77
-24
-28
8
-61
-7
-15
-72
4
-33
0
0
-43
11
17
33
100
101
77
43
32
112
77
28
119
84
35
81
81
84
88
60
9
-13
36
62
6
2
24
4
12
-46
-75
-32
-26
26
2
-8
-14
-79
10
30
-4
-63
-183
-134
-138
-130
-25
-88
-117
-34
-91
-120
-104
-136
-104
-105
-147
-206
-178
-94
-138
-108
-84
-94
0
22
-57
-54
-39
-73
-26
-18
15
82
35
12
91
88
79
96
56
83
119
103
84
57
65
172
151
103
138
102
141
145
121
129
88
33
-47
-46
-50
-25
32
-75
-77
-62
-146
-106
-77
-75
-16
-14
-87
-108
-99
-114
-104
-92
-126
-101
-47
-26
0
-15
-40
-61
0
-15
-89
-36
-62
-90
-61
-98
-68
-3
-51
-42
-2
3
46
26
22
73
107
91
76
141
137
78
136
157
126
151
133
133
139
146
102
21
52
105
122
83
45
14
-32
-43
-5
-38
-44
19
-30
-55
-120
-143
-67
-47
-53
-53
-29
-90
-131
-100
-72
1
-24
-63
-26
-43
-4
85
77
123
159
24
45
91
49
121
120
93
132
128
113
88
81
96
61
136
119
29
102
23
-43
10
-33
-81
-76
-24
-11
-51
-64
0
59
11
-44
-15
47
44
27
51
34
-78
-91
-38
-37
9
-74
-112
-98
-168
-57
-38
-124
-82
-76
-127
-238
-233
-217
-266
-209
-166
-131
-158
-98
-83
-151
-81
-56
25
54
29
99
68
24
-46
-34
84
26
56
146
101
83
80
53
46
-36
-49
5
-32
-19
-29
-45
-27
-24
26
33
-54
-67
17
30
8
90
119
78
84
60
46
-12
-16
79
26
-8
19
-35
-20
-3
8
-24
-95
-56
-81
-66
-7
-9
0
-15
3
65
42
-59
-44
8
30
51
19
37
84
133
177
141
98
113
123
103
96
112
77
47
51
79
140
54
-8
62
80
152
115
9
66
9
-23
-3
-119
-74
-26
-32
-30
-90
-15
-28
-81
-30
-67
-63
-75
-112
-64
-77
-135
-71
-7
-32
-59
-89
-4
-9
-53
9
-49
-38
-25
-96
-119
-97
-4
32
19
-7
-3
111
117
49
27
31
84
125
113
56
36
21
37
27
16
38
12
25
61
98
81
31
-1
-48
-14
6
20
21
-102
-10
61
-80
-81
-27
-18
-44
-36
-25
-71
-67
-82
-69
-5
-36
-25
-73
-213
-124
-28
-83
-82
-110
-127
-61
-72
-125
-74
37
35
22
58
19
36
73
80
125
62
-1
26
75
80
55
2
-38
20
61
86
83
8
33
90
28
-30
-31
17
5
-17
-38
-99
-68
-25
-64
-108
-64
-30
-38
-9
-12
-20
10
33
46
52
53
-15
-51
-36
-60
-8
8
-43
-108
-116
-146
-129
-70
-73
-14
-145
-107
31
-18
-27
-116
-20
76
-8
-13
89
113
61
107
82
87
116
38
43
90
93
59
52
62
1
51
73
34
17
-2
55
4
-14
43
28
-15
-37
-28
5
62
69
68
61
89
1
-58
-25
-57
8
52
69
48
51
53
-42
34
118
-12
-74
-64
-27
3
-100
-160
-138
-87
-25
-103
-158
-76
-60
-33
-43
-63
-53
-99
-55
3
-27
-60
0
20
0
23
13
54
85
82
71
-7
35
77
8
60
21
-3
80
17
39
72
35
5
-39
18
54
81
69
63
105
27
-31
-29
-4
-15
-17
-21
-56
-20
-15
-115
-89
-59
-95
-53
-109
-64
-49
-102
-4
11
-21
-59
-62
-59
-52
-16
-10
73
93
47
-10
-44
48
68
35
25
51
28
-31
64
102
43
30
65
86
32
-3
-6
-15
-17
29
37
11
55
50
32
29
-32
-52
-17
12
6
2
21
18
-3
-59
-28
-6
-40
2
-26
-14
-7
-70
-30
-46
-64
-78
-64
17
-29
-70
0
36
35
69
75
61
87
119
163
182
141
110
115
195
211
180
192
177
195
117
31
85
131
81
32
51
28
54
37
9
75
94
61
23
12
-5
46
67
11
15
37
70
31
33
84
67
6
-60
-19
-20
-59
-43
-34
-17
-89
-137
-151
-198
-104
-94
-150
-101
-91
-115
-116
-77
-67
-41
-8
-33
-93
-102
-125
-135
-39
-143
-164
-58
-16
-4
-112
-100
-118
-122
-98
-185
-94
-118
-170
-6
-74
-90
42
-27
-18
-8
-2
82
60
113
113
68
85
99
163
115
137
175
78
87
107
77
16
-52
-36
-99
-202
-169
-154
-215
-280
-366
-384
-364
-450
-531
-464
-473
-519
-525
-615
-557
-482
-459
-405
-440
-443
-429
-370
-333
-316
-198
-121
29
78
124
264
259
324
343
403
487
479
582
630
653
704
587
587
687
667
717
736
730
704
660
673
624
621
586
527
605
591
530
544
510
477
453
432
410
341
374
341
252
275
196
148
242
246
125
107
132
123
97
9
-33
-14
-16
-54
-51
-67
-71
-96
-104
-56
-78
-76
-68
-110
-139
-176
-202
-231
-245
-219
-220
-221
-242
-268
-241
-285
-402
-405
-434
-408
-392
-460
-400
-424
-486
-417
-314
-261
-217
-179
-183
-209
-187
-173
-160
-107
-110
-132
-125
-114
-120
-86
-47
-65
-87
-136
-198
-268
-381
-447
-541
-633
-605
-658
-735
-778
-863
-936
-945
-900
-918
-954
-1064
-1170
-1143
-1154
-1147
-1082
-1071
-1024
-970
-904
-770
-673
-594
-541
-408
-280
-214
-119
-52
30
175
289
320
472
646
680
718
897
1046
1015
1025
1103
1127
1170
1271
1311
1292
1295
1321
1314
1287
1281
1247
1165
1099
1000
907
850
695
620
585
518
496
452
451
440
409
415
409
324
267
293
234
159
159
229
296
323
364
358
425
480
504
577
510
407
479
468
395
410
373
383
366
387
411
322
286
189
48
-46
-90
-150
-247
-270
-338
-424
-499
-526
-456
-497
-638
-695
-665
-666
-710
-745
-772
-781
-729
-775
-801
-692
-649
-539
-404
-423
-422
-360
-380
-327
-290
-410
-453
-455
-414
-278
-219
-165
-153
-101
21
35
92
43
12
4
-78
-66
-126
-114
-72
-42
39
24
6
-61
-161
-198
-362
-601
-747
-919
-1114
-1355
-1571
-1614
-1698
-1793
-1859
-1967
-2059
-2187
-2230
-2249
-2285
-2330
-2318
-2267
-2304
-2093
-1833
-1660
-1368
-1094
-835
-583
-327
-7
284
515
784
1080
1283
1481
1752
1921
2127
2335
2483
2675
2746
2850
2964
2915
2888
2914
2831
2673
2605
2471
2316
2283
2166
2066
1963
1751
1609
1447
1277
1113
838
656
524
301
98
-24
-174
-296
-363
-482
-498
-456
-457
-545
-514
-414
-469
-444
-360
-266
-201
-112
-8
13
118
274
411
463
488
560
607
662
668
690
714
650
576
505
485
449
375
241
115
-11
-175
-271
-403
-549
-659
-720
-799
-911
-1038
-1116
-1180
-1225
-1186
-1221
-1275
-1297
-1263
-1252
-1278
-1222
-1184
-1161
-1094
-1033
-944
-899
-889
-722
-594
-570
-487
-418
-400
-367
-294
-200
-119
-64
76
213
268
334
424
532
526
467
493
518
510
478
487
529
479
486
480
424
362
234
104
-188
-431
-640
-902
-1140
-1410
-1633
-1819
-2005
-2239
-2343
-2442
-2555
-2591
-2698
-2814
-2896
-2868
-2835
-2768
-2596
-2401
-2138
-1876
-1544
-1051
-586
-178
270
685
999
1222
1462
1787
2087
2292
2499
2797
3149
3346
3503
3722
3855
3893
3823
3771
3570
3382
3239
2909
2704
2472
2236
2047
1725
1558
1429
1257
1079
823
595
350
64
-228
-502
-706
-870
-1070
-1129
-1028
-954
-949
-953
-932
-898
-831
-890
-968
-902
-878
-865
-745
-610
-452
-240
14
299
489
640
794
855
862
862
842
854
785
682
768
803
783
782
762
647
551
404
140
-12
-305
-627
-913
-1165
-1287
-1385
-1486
-1628
-1627
-1594
-1640
-1573
-1534
-1540
-1527
-1547
-1495
-1483
-1445
-1236
-1077
-937
-767
-593
-347
-134
-40
57
165
194
198
260
157
61
129
84
98
132
179
169
217
396
425
453
500
499
512
559
592
633
650
726
837
865
991
1116
1034
937
876
638
365
77
-278
-638
-1035
-1356
-1675
-2070
-2381
-2584
-2826
-3075
-3238
-3445
-3592
-3680
-3802
-3774
-3654
-3523
-3390
-3182
-2824
-2343
-1752
-1154
-523
80
600
1166
1651
2032
2411
2640
2890
3130
3255
3496
3676
3829
4013
4065
4093
4099
3952
3705
3409
3092
2754
2291
1886
1477
1103
911
705
591
516
356
257
283
186
-25
-176
-397
-611
-728
-763
-827
-820
-667
-560
-386
-235
-178
-23
5
-121
-161
-288
-419
-541
-667
-682
-623
-419
-190
27
256
531
728
777
836
827
724
617
547
475
413
467
576
636
708
755
798
764
537
255
-112
-585
-991
-1344
-1705
-1869
-1927
-1898
-1776
-1757
-1615
-1452
-1371
-1313
-1281
-1314
-1409
-1397
-1417
-1346
-1127
-922
-608
-272
91
486
754
938
985
876
702
440
201
-11
-186
-234
-248
-162
-74
85
301
424
587
622
688
727
618
614
635
732
962
1249
1482
1755
2038
2148
2268
2261
2074
1750
1155
493
-230
-1045
-1774
-2441
-3054
-3620
-4068
-4400
-4709
-4946
-5172
-5308
-5481
-5693
-5702
-5739
-5713
-5427
-4864
-4165
-3478
-2578
-1527
-469
621
1713
2469
2995
3518
3869
4146
4219
4258
4305
4196
4152
4220
4275
4206
4011
3820
3599
3142
2621
2070
1441
900
382
-51
-336
-470
-359
-95
144
363
619
852
1027
1101
1077
993
921
812
702
612
573
680
669
672
701
629
589
474
94
-305
-676
-1155
-1501
-1843
-2002
-2034
-1958
-1579
-1284
-875
-354
80
498
802
1022
1183
1229
1189
1257
1342
1435
1534
1618
1818
1908
1971
1856
1592
1303
722
31
-687
-1398
-2053
-2554
-2800
-2955
-3041
-2820
-2534
-2258
-1842
-1548
-1239
-966
-893
-747
-545
-468
-382
-89
271
617
1024
1385
1770
2005
2040
2059
1779
1397
991
443
-102
-534
-793
-1001
-1022
-873
-692
-428
-182
39
286
433
512
593
598
597
747
1056
1384
1778
2215
2587
2884
2980
2902
2600
1940
984
-221
-1534
-2838
-4138
-5251
-6176
-6916
-7388
-7692
-7757
-7713
-7684
-7617
-7553
-7457
-7248
-6813
-6222
-5546
-4594
-3445
-2068
-379
1320
3008
4465
5583
6327
6612
6763
6498
5854
5181
4394
3665
3046
2602
2382
2226
2081
1911
1577
1175
764
197
-412
-949
-1335
-1439
-1295
-836
37
1142
2221
3157
3984
4606
4928
5037
4843
4372
3705
2936
2308
1758
1433
1317
1190
1012
678
331
-92
-696
-1469
-2290
-3108
-3899
-4245
-4240
-3895
-3217
-2412
-1327
-213
850
1820
2522
2960
3091
3000
2756
2433
2188
2052
1956
2070
2020
1900
1908
1640
1294
669
-301
-1387
-2500
-3433
-4320
-4926
-5081
-5039
-4677
-4131
-3471
-2681
-1914
-1123
-561
-252
-13
238
511
801
1102
1311
1552
1752
1982
2253
2374
2353
2114
1645
1120
564
16
-420
-779
-1165
-1524
-1682
-1711
-1504
-1232
-946
-576
-332
11
416
835
1373
1858
2178
2394
2648
2804
2906
3193
3373
3340
3225
3064
2847
2474
2061
1464
505
-844
-2521
-4097
-5584
-7061
-8310
-9509
-10474
-10983
-11092
-10857
-10374
-9631
-8918
-8138
-7306
-6554
-5513
-4375
-3178
-1836
-482
1076
2729
4475
6287
7689
8517
8783
8515
7846
6872
5590
4019
2471
1029
-237
-995
-1250
-1143
-927
-685
-457
-337
-160
13
146
172
91
188
606
1441
2634
4047
5483
6589
7337
7681
7712
7318
6336
5097
3460
1638
85
-1050
-1738
-2069
-2149
-2079
-1926
-1898
-1754
-1662
-1818
-2071
-2588
-2944
-2969
-2713
-1916
-772
567
2060
3406
4579
5487
6070
6244
5757
4834
3662
2373
1195
396
-77
-439
-595
-696
-708
-635
-761
-1080
-1781
-2800
-3801
-4701
-5338
-5564
-5368
-4845
-4071
-3079
-1875
-563
576
1536
2100
2098
1845
1392
947
672
477
399
313
230
378
631
849
963
729
202
-501
-1280
-1983
-2433
-2653
-2741
-2602
-2315
-1954
-1347
-516
284
965
1316
1389
1393
1482
1717
1936
2092
2070
2075
2240
2465
2907
3301
3378
3208
2859
2528
2192
1861
1451
730
-404
-2001
-3788
-5420
-6754
-7875
-9088
-10456
-11590
-12211
-12255
-11712
-10822
-10007
-9222
-8280
-7142
-5716
-4227
-2559
-751
820
2279
3933
5802
7611
9144
10092
10184
9550
8434
7122
5637
3760
1742
-292
-2128
-3262
-3657
-3333
-2611
-1984
-1487
-1062
-569
-25
582
1100
1290
1475
1871
2780
4250
5927
7643
8928
9704
10013
9796
9159
8012
6347
4032
1498
-729
-2586
-3762
-4237
-4294
-4130
-3862
-3484
-2971
-2491
-2148
-2049
-2254
-2533
-2512
-1962
-964
435
2026
3628
5172
6378
7303
7847
7700
6909
5425
3396
1263
-595
-2010
-2960
-3464
-3712
-3692
-3371
-2921
-2517
-2315
-2479
-2993
-3836
-4785
-5350
-5573
-5427
-4856
-3986
-2796
-1404
32
1367
2566
3385
3525
3209
2646
1923
1257
766
473
311
263
332
484
785
1028
979
562
-225
-1083
-1840
-2457
-2819
-2898
-2745
-2386
-1958
-1261
-151
883
1811
2523
2823
2812
2684
2647
2573
2551
2469
2210
1921
1720
1865
2164
2412
2543
2347
2043
1811
1538
1290
880
170
-1006
-2775
-4770
-6478
-7747
-8907
-10061
-11360
-12434
-12737
-12373
-11268
-9905
-8669
-7514
-6494
-5284
-3676
-1920
-319
1239
2626
3852
5250
6801
8365
9583
10135
9754
8412
6604
4746
2881
720
-1689
-3896
-5605
-6567
-6496
-5509
-4121
-2778
-1725
-791
267
1357
2380
3175
3408
3391
3656
4395
5761
7312
8740
9892
10286
10013
9316
8259
6755
4596
1847
-1144
-3713
-5396
-6198
-6243
-5746
-5005
-4152
-3171
-2072
-888
26
358
237
-45
-65
546
1591
2848
4297
5728
7068
8059
8612
8745
8101
6538
4146
1297
-1501
-3883
-5633
-6703
-7103
-6988
-6325
-5150
-3926
-2717
-1740
-1404
-1736
-2596
-3504
-4159
-4571
-4638
-4307
-3535
-2306
-772
874
2420
3586
4066
3806
3089
2109
1007
-49
-927
-1484
-1669
-1482
-893
-30
748
1309
1548
1336
751
-69
-925
-1750
-2361
-2680
-2576
-1960
-1106
13
1163
2123
2904
3447
3646
3548
3246
2683
2107
1698
1449
1247
1206
1256
1164
1119
1127
1169
1102
1001
982
881
818
867
969
917
479
-513
-2092
-4106
-6049
-7687
-9293
-10747
-12004
-12836
-12794
-11862
-10315
-8632
-7074
-5660
-4359
-3105
-1888
-691
498
1660
2747
3913
5421
7146
8787
9868
10159
9605
8038
5845
3431
825
-1831
-4353
-6453
-7616
-7607
-6476
-4603
-2483
-441
1284
2684
3682
4338
4576
4412
4115
3848
4039
4875
6188
7704
9048
9823
9931
9358
7972
5892
3203
61
-3295
-6199
-8146
-9061
-8888
-7869
-6266
-4322
-2242
-292
1234
2164
2479
2145
1382
843
718
1174
2239
3534
5130
6788
8134
9000
9061
8050
6095
3422
175
-2942
-5521
-7491
-8551
-8757
-8012
-6401
-4299
-2110
-420
634
1011
618
-421
-1764
-3158
-4413
-5122
-5085
-4346
-2927
-1017
933
2720
3934
4390
4290
3445
2106
483
-1087
-2257
-2949
-3006
-2462
-1406
-86
1224
2231
2693
2534
1885
859
-208
-1215
-2243
-2814
-2929
-2416
-1205
190
1670
2985
3879
4226
4087
3590
2919
2177
1243
273
-509
-784
-595
45
1008
1456
1506
1477
1389
1514
1636
1639
1521
1236
1052
1136
1343
1369
867
-608
-3028
-5697
-7835
-9239
-10363
-11452
-12328
-12707
-12245
-10722
-8519
-6454
-4893
-3837
-3109
-2334
-1209
233
1811
3123
4112
5353
6802
8448
9926
10453
9797
7709
4770
1787
-975
-3446
-5757
-7688
-8924
-8946
-7575
-5201
-2390
99
1861
2744
3088
3337
3493
3511
3397
3348
3701
4899
6913
9082
11000
12172
12136
10874
8615
5784
2575
-937
-4484
-7550
-9482
-9908
-8936
-7042
-4613
-2123
102
1990
3103
3411
3153
2263
1100
192
-139
544
1882
3544
5398
7133
8551
9176
8790
7206
4545
1223
-2260
-5423
-7899
-9297
-9563
-8873
-7350
-4981
-2202
218
1906
2672
2459
1441
-94
-1837
-3451
-4680
-5410
-5351
-4395
-2693
-542
1542
3235
4223
4364
3828
2765
1390
-88
-1401
-2265
-2544
-2081
-1032
398
1865
2892
3511
3418
2612
1360
-229
-1655
-2824
-3631
-4023
-3770
-2859
-1662
11
1657
2898
3680
3771
3482
2813
1994
1396
749
121
-376
-605
-175
704
1735
2410
2397
1981
1271
708
523
393
310
152
26
254
741
1326
1619
1034
-923
-3957
-7104
-9477
-10791
-11607
-12311
-12856
-12746
-11415
-9053
-6365
-4146
-2903
-2533
-2428
-2183
-1455
-135
1228
2431
3619
5006
6774
8776
10343
10757
9740
7247
4005
755
-2069
-4382
-6511
-8131
-8827
-8216
-6233
-3324
-93
2485
4015
4480
4261
3908
3668
3597
3454
3457
3973
5347
7412
9563
11295
11924
11084
8867
5763
2199
-1487
-4955
-7951
-10145
-11199
-10724
-8757
-5791
-2413
774
3107
4327
4640
4161
3216
2065
920
38
-4
1020
2800
5134
7299
9008
9834
9264
7510
4537
830
-2912
-6292
-8915
-10429
-10584
-9432
-7031
-3809
-366
2653
4481
4919
4238
2724
719
-1616
-4034
-5847
-6751
-6497
-5017
-2828
-130
2531
4533
5567
5373
4402
2973
1102
-915
-2741
-3931
-4073
-3139
-1474
508
2396
3718
4417
4404
3327
1582
-509
-2554
-4075
-5101
-5364
-4775
-3450
-1479
680
2510
3766
4416
4570
4211
3158
1733
562
-91
-386
-609
-664
-232
724
1812
2618
2729
2130
1322
424
-368
-939
-1202
-870
-185
549
1254
1951
2559
2759
1879
-632
-4415
-8243
-10809
-12041
-12695
-13154
-13299
-12441
-10397
-7800
-5259
-3546
-2847
-2709
-2910
-2964
-2368
-1030
780
2665
4407
6070
7964
9991
11392
11389
9521
6167
2385
-1021
-3526
-5477
-7207
-8230
-8152
-6758
-4306
-1373
1352
3313
4187
3982
3314
2779
2791
3333
3961
4548
5431
7161
9548
11661
12691
12112
9985
6766
2966
-804
-4288
-7340
-9649
-10830
-10422
-8416
-5256
-1580
1737
4191
5573
5801
5145
3879
2348
722
-699
-1215
-428
1567
4091
6413
8147
9059
8875
7396
4673
988
-3114
-6934
-9739
-11116
-10886
-9116
-6458
-3477
-252
2911
5204
6021
5132
2924
71
-2794
-5219
-7012
-7839
-7581
-6292
-4174
-1558
1182
3465
4779
4967
4115
2583
810
-818
-1975
-2566
-2469
-1611
-36
1859
3666
5017
5397
4859
3544
1391
-1214
-3663
-5492
-6393
-6413
-5627
-4143
-2156
287
2497
3937
4603
4582
4169
3330
2052
701
-153
-312
108
773
1247
1611
2035
2562
2844
2487
1361
-266
-1675
-2785
-3472
-3490
-2843
-1576
1
1540
2794
3693
4308
4407
3042
-145
-4448
-8376
-10622
-11412
-11514
-11532
-11339
-10076
-7586
-4694
-2312
-1014
-1026
-1683
-2320
-2619
-2189
-1203
245
1909
3488
5141
6775
8249
9092
8618
6401
2793
-1118
-4324
-6313
-7475
-8286
-8429
-7519
-5419
-2404
827
3891
6029
6809
6542
5604
5054
5101
5315
5522
5439
5678
6484
7466
8180
7919
6479
3856
451
-2925
-5622
-7453
-8370
-8382
-7368
-4992
-1757
1775
5161
7792
9245
9176
7762
5549
3214
1141
-598
-1749
-1966
-1218
128
1805
3312
4148
4025
2772
650
-1925
-4361
-6200
-7262
-7405
-6329
-3970
-1001
2075
4831
6809
7773
7226
5220
2230
-1245
-4411
-6983
-8745
-9408
-9178
-7878
-5627
-3114
-760
1047
2061
2229
1762
968
151
-440
-649
-251
694
2002
3256
4369
5253
5443
4803
3160
714
-1961
-4329
-6057
-6944
-7108
-6647
-5439
-3537
-1010
1555
3581
4617
4694
4419
4063
3628
2958
2188
1514
1132
1168
1562
2079
2438
2481
2061
1269
212
-724
-1466
-2173
-2794
-3422
-3830
-3564
-2385
-580
1203
2576
3413
3720
3843
3562
2480
636
-2059
-5131
-7884
-9603
-10071
-9911
-9251
-8245
-7020
-5453
-3897
-2502
-1517
-1258
-1381
-1606
-1595
-1042
-117
1046
2237
3258
4089
4710
4943
4430
3303
1621
-557
-2724
-4666
-6064
-6709
-6574
-5527
-3691
-1464
746
2761
4665
6391
7528
7842
7360
6531
5853
5330
4971
4726
4485
4229
3730
2818
1635
463
-791
-2211
-3584
-4725
-5111
-4476
-2874
-487
2126
4486
6232
7440
8215
8281
7346
5188
2228
-526
-2349
-3360
-3772
-3614
-3085
-2144
-1124
-215
376
374
76
-701
-1576
-2052
-2043
-1334
-79
1464
2861
3903
4476
4456
3860
2504
243
-2460
-4930
-6696
-7633
-7867
-7553
-6854
-5571
-3811
-1904
-100
1262
1969
2060
2030
1977
1981
2131
2202
2325
2507
2639
2538
2051
1302
298
-830
-2143
-3643
-4783
-5317
-5174
-4437
-3334
-1920
-308
1405
2918
4064
4791
5096
5128
4848
4282
3306
2253
1523
1149
1170
999
356
-421
-881
-860
-819
-1011
-1440
-1793
-1747
-1457
-1100
-566
153
715
915
826
740
995
1720
2500
2663
2096
1140
318
-62
-413
-1573
-3970
-6995
-9302
-10175
-9923
-9098
-8283
-7337
-5809
-4042
-2361
-841
491
1475
1615
842
-272
-826
-211
1038
1879
1977
1686
1546
1754
2055
1720
184
-2301
-4890
-6443
-6565
-5711
-4411
-2817
-818
1409
3638
5862
7796
8966
8816
7319
5432
3998
3448
3474
3298
2855
2340
2077
2111
2083
1813
1086
-161
-1771
-3054
-3318
-2611
-1295
149
1509
3001
4619
5863
6525
6344
5048
3153
1050
-891
-2257
-3111
-3565
-3566
-2921
-1725
-383
779
1579
2009
1952
1395
642
47
-28
186
279
105
-158
32
455
617
327
-444
-1335
-2125
-2764
-3171
-3318
-3394
-3509
-3246
-2478
-1368
-167
751
1445
1936
2270
2511
2544
2439
2101
1407
554
-177
-690
-1182
-1900
-2739
-3445
-3787
-3686
-3442
-3045
-2402
-1418
-124
1074
2018
2754
3203
3240
3152
3129
2927
2505
1922
1181
564
210
25
-158
-564
-1003
-1443
-1774
-1784
-1610
-1094
-395
198
704
1194
1744
2365
2863
2847
2357
1493
567
-41
-435
-664
-739
-754
-890
-1066
-1199
-1260
-1366
-2133
-3828
-6078
-7967
-8660
-8179
-7235
-6215
-5151
-3769
-1858
-12
1294
1746
1376
441
-791
-1958
-2646
-2509
-1812
-879
145
893
1357
1800
1902
1409
210
-1474
-3041
-4178
-4644
-4182
-2967
-1304
632
2358
3767
5043
6142
6855
6586
5416
4030
3102
3088
3526
3967
4210
4326
4569
4559
4096
3155
1757
101
-1659
-3051
-3660
-3328
-2162
-547
1323
3161
4640
5701
6136
5875
4952
3330
1349
-494
-1741
-2304
-2417
-2107
-1383
-331
751
1588
1950
1741
1077
143
-789
-1715
-2360
-2553
-2531
-2074
-1224
-248
631
1128
1401
1387
844
-27
-1114
-2040
-2670
-3212
-3504
-3459
-3001
-2305
-1331
-132
834
1465
1695
1551
1356
1052
429
-353
-1214
-1953
-2306
-2380
-2351
-2382
-2260
-1754
-1087
-424
222
742
1106
1431
1649
1738
1731
1642
1464
1105
696
492
426
495
562
312
-165
-681
-877
-660
-444
-334
-275
-81
516
1254
1908
2458
2720
2666
2372
1792
1246
963
522
-185
-1074
-1861
-2335
-2284
-1605
-867
-309
-140
-309
-337
-95
115
-511
-2388
-4850
-6721
-7195
-6422
-5279
-4262
-3570
-2866
-1984
-1342
-846
-788
-1323
-2395
-3778
-4537
-4170
-2744
-867
603
1451
1818
1950
2184
2311
1623
63
-2051
-4026
-4747
-4190
-3030
-1731
-451
690
1739
2730
3674
4746
5488
5340
4502
3773
4053
5142
6205
6682
6401
5666
4629
3347
1967
545
-896
-2282
-3458
-3937
-3222
-1548
276
1798
3032
4045
4856
5213
4862
3999
2907
1789
779
21
-268
-192
-16
139
348
579
634
343
-319
-1007
-1610
-2121
-2294
-2104
-1434
-601
105
885
1608
2207
2451
2064
1251
223
-965
-2083
-2823
-3198
-3293
-3289
-3220
-2757
-1987
-1249
-628
-222
-111
-15
181
257
284
118
-272
-548
-827
-1164
-1433
-1758
-2118
-2325
-2338
-2071
-1589
-1003
-381
116
656
1190
1560
1902
1941
1660
1416
1199
1029
891
620
260
31
10
124
290
329
272
77
-158
32
477
1040
1479
1467
1558
1781
1822
1646
1198
569
-86
-720
-1192
-1253
-1136
-1015
-1028
-1159
-1179
-1142
-1074
-1002
-852
-655
-412
-52
279
657
950
434
-1186
-3363
-5110
-5871
-5753
-5349
-4986
-4323
-3412
-2329
-1352
-879
-767
-1007
-1593
-2205
-2365
-1948
-949
356
1542
2366
2719
2648
2089
1199
-92
-1811
-3470
-4629
-4933
-4438
-3308
-1645
205
2114
3790
4982
5870
6670
7170
6958
6145
5016
4179
3752
3515
3311
2829
2146
1299
250
-781
-1425
-1663
-1673
-1583
-1416
-852
99
1149
2097
2843
3450
3652
3458
3008
2187
1422
905
496
176
-253
-683
-1015
-1328
-1570
-1734
-1760
-1436
-862
-269
346
767
1171
1662
1842
1555
678
-189
-664
-830
-877
-1204
-1376
-1191
-864
-713
-925
-1261
-1624
-1937
-2203
-2268
-1899
-1161
-199
613
1094
1344
1133
609
-68
-933
-1725
-2455
-3035
-3125
-2616
-1704
-731
148
886
1418
1727
1610
1243
907
516
214
109
329
756
1283
1758
1849
1799
1541
908
309
-46
-77
277
639
982
1515
2041
2395
2373
1993
1546
1015
170
-715
-1177
-1156
-925
-938
-1289
-1467
-1210
-886
-917
-1334
-1792
-2006
-1795
-1158
-391
454
1267
1796
2189
2434
2400
1688
-193
-3073
-6184
-8351
-8819
-7893
-6224
-4512
-3259
-2342
-1655
-1113
-767
-961
-1618
-2396
-2893
-2537
-1290
431
2141
3214
3433
3096
2576
1857
816
-761
-2779
-4429
-5201
-4942
-3888
-2471
-772
871
2250
3272
3852
4451
4991
5206
5124
4692
4310
4222
4234
4049
3497
2670
1642
435
-871
-1994
-2592
-2589
-1963
-852
297
1255
2124
2905
3536
4005
4060
3549
2800
2036
1333
966
740
481
244
-67
-527
-1018
-1370
-1667
-1833
-1813
-1595
-1046
-383
298
1001
1521
1884
1960
1561
1071
696
383
234
85
-304
-650
-873
-1094
-1147
-1306
-1646
-1938
-2058
-1929
-1612
-1235
-849
-393
53
214
-102
-579
-906
-1126
-1474
-1836
-1902
-1584
-923
-292
10
109
83
-50
-210
-490
-673
-632
-553
-281
129
586
1239
1879
2221
2202
1780
1187
700
177
-158
-168
-41
480
1253
1885
2390
2676
2616
2196
1285
96
-944
-1696
-1824
-1490
-1024
-385
268
794
815
479
266
118
-130
-745
-1559
-2074
-1927
-1187
-442
176
643
960
1190
1118
876
472
-463
-2225
-4681
-6930
-7788
-6779
-4612
-2568
-1125
-291
-34
4
-297
-1098
-2125
-2954
-3440
-3408
-2547
-967
1046
2752
3506
3229
2152
1013
119
-983
-2375
-3656
-4195
-3848
-2879
-1544
-250
1084
2243
2788
2821
2593
2571
2828
2982
2881
2721
2938
3466
3849
3971
3548
2634
1542
223
-884
-1354
-1026
-71
940
1561
1811
1971
2005
1893
1634
1320
1054
971
1072
1174
1343
1494
1364
943
302
-270
-572
-720
-794
-861
-754
-439
128
820
1154
1117
944
539
77
-229
-488
-439
-135
158
363
485
614
661
473
38
-409
-961
-1503
-1837
-2057
-2123
-1996
-1545
-958
-609
-577
-715
-924
-1256
-1581
-1650
-1733
-1837
-1668
-1275
-595
101
584
794
549
106
-205
-285
-110
140
379
463
340
274
319
346
258
-27
-452
-728
-708
-224
625
1492
2201
2491
2436
2286
2048
1626
1088
523
-63
-486
-638
-591
-275
360
1022
1323
1072
420
-468
-1443
-2116
-2332
-2159
-1810
-1423
-881
-122
808
1528
1764
1539
1152
686
147
46
191
121
-768
-2667
-4481
-5394
-4898
-3378
-2028
-1312
-1131
-1189
-1469
-1858
-2206
-2302
-1988
-1690
-1303
-627
507
2034
3045
3063
2262
979
-313
-1278
-2033
-2668
-3070
-3133
-2837
-2332
-1748
-1183
-667
-273
-52
79
313
1154
2624
3992
4915
5308
5205
4851
4182
2975
1652
537
-362
-1038
-1455
-1154
-94
1217
2217
2482
2080
1387
766
262
-196
-219
157
842
1784
2483
3038
3484
3499
3060
2113
995
77
-688
-1205
-1527
-1460
-888
-269
261
575
625
647
520
132
-251
-376
-209
300
924
1290
1270
907
387
-343
-1085
-1462
-1670
-1776
-2058
-2455
-2516
-2252
-1599
-985
-643
-486
-516
-514
-410
-264
-156
-73
-104
-170
-155
61
383
512
460
44
-541
-1009
-1243
-1198
-1187
-1267
-1232
-1128
-819
-162
410
836
1299
1709
1902
1941
2072
2193
2262
2206
2097
1925
1555
1032
367
-219
-694
-960
-1182
-1468
-1596
-1476
-891
-43
610
837
602
108
-492
-1125
-1543
-1546
-1167
-678
-247
21
100
135
-83
-487
-956
-1280
-1109
-907
-896
-1187
-1880
-2469
-2770
-2696
-2264
-1928
-1753
-1746
-1863
-1953
-1901
-1784
-1630
-1291
-922
-414
69
340
644
785
642
304
7
95
275
219
16
-310
-572
-644
-848
-1159
-1338
-1448
-1415
-1156
-617
205
1265
2572
3612
4155
4219
3809
3227
2521
1988
1704
1529
1494
1490
1589
1719
1754
1770
1519
936
257
-316
-598
-582
-208
296
811
1356
1768
1964
1902
1777
1662
1588
1507
1336
1173
922
599
217
-175
-346
-314
-244
-252
-282
-231
-223
-233
-330
-557
-670
-531
-185
22
197
405
363
10
-513
-866
-1001
-1166
-1468
-1795
-2006
-1920
-1545
-1024
-581
-423
-409
-532
-725
-926
-1212
-1257
-1150
-1026
-692
-287
244
664
645
285
-402
-962
-1179
-1191
-1061
-907
-689
-351
31
370
775
1112
1279
1226
937
764
914
1301
1687
2046
2222
2137
1925
1551
1133
592
-77
-668
-1107
-1185
-821
-285
331
799
987
883
401
-27
-351
-658
-940
-1359
-1606
-1532
-1262
-765
-327
-109
-65
-257
-257
40
517
1032
967
78
-1474
-3142
-4329
-4676
-4106
-3054
-2133
-1737
-1805
-1961
-2066
-2154
-2278
-2421
-2256
-1849
-1204
-247
681
1512
1887
1644
1076
511
443
557
431
140
-387
-910
-1253
-1687
-2145
-2293
-2148
-1799
-1155
-179
1197
2778
4083
4620
4397
3784
3076
2680
2430
2286
2275
2280
2319
2089
1793
1536
1172
757
81
-809
-1484
-1750
-1414
-444
694
1715
2505
2990
2979
2549
2013
1438
1001
894
985
1103
1413
1561
1322
865
49
-785
-1408
-1673
-1608
-1475
-1143
-670
-142
167
202
240
229
226
189
126
317
542
598
440
18
-463
-946
-1392
-1813
-2019
-1864
-1594
-1329
-1139
-1031
-970
-974
-1041
-1233
-1425
-1481
-1311
-873
-243
483
986
1082
828
331
-121
-468
-607
-592
-559
-407
-109
360
839
1159
1196
958
458
-66
-222
-158
265
960
1417
1727
1698
1431
1252
799
156
-363
-699
-807
-599
-133
441
1043
1354
1358
1071
469
-267
-1023
-1617
-1862
-1759
-1496
-1114
-534
10
269
284
-17
-415
-753
-777
-323
298
888
988
413
-656
-1919
-2916
-3413
-3313
-2831
-2366
-2036
-1810
-1671
-1613
-1627
-1806
-2023
-2051
-1836
-1381
-698
181
952
1306
1337
1128
805
522
115
-378
-893
-1432
-1770
-1889
-1802
-1564
-1263
-854
-418
91
725
1449
2171
2662
2881
2798
2587
2634
2814
3002
3132
3003
2650
2106
1486
938
533
421
481
470
307
153
274
493
671
860
1036
1253
1445
1577
1698
1695
1531
1465
1565
1602
1503
1347
1103
652
108
-410
-743
-812
-802
-698
-597
-546
-369
-195
-94
-54
-96
-144
-153
-116
-106
-59
78
161
79
-126
-385
-662
-779
-925
-1064
-1104
-1196
-1193
-1294
-1439
-1473
-1515
-1549
-1538
-1445
-1281
-901
-366
143
432
436
367
62
-344
-569
-521
-216
7
277
484
526
606
509
284
99
-94
-207
-166
-106
146
576
952
1264
1343
1162
900
607
258
-84
-296
-219
0
319
726
979
1100
1044
722
214
-347
-831
-1134
-1274
-1267
-1030
-674
-264
122
332
298
-19
-442
-899
-1218
-1125
-563
327
1188
1659
1392
475
-866
-2242
-3149
-3568
-3380
-2638
-1695
-1053
-818
-836
-1214
-1760
-2331
-2655
-2618
-2303
-1555
-543
473
1220
1491
1285
734
79
-566
-1052
-1206
-1140
-961
-714
-438
-226
-261
-504
-821
-1060
-1030
-632
134
995
1715
2339
2672
2735
2753
2628
2461
2244
1871
1579
1368
1246
1399
1668
1848
1892
1672
1143
473
-118
-506
-632
-431
-39
515
1113
1515
1647
1627
1613
1588
1615
1614
1576
1587
1571
1450
1194
849
464
32
-416
-692
-866
-915
-699
-360
-247
-475
-668
-795
-757
-566
-448
-242
2
168
271
343
419
462
368
146
-179
-647
-991
-1215
-1460
-1546
-1588
-1669
-1651
-1575
-1532
-1372
-975
-498
-46
235
160
-25
-161
-243
-116
57
279
461
438
418
203
-101
-195
-276
-245
-192
-278
-218
-66
181
412
423
380
349
406
385
181
37
127
342
506
582
628
553
383
260
43
-105
-211
-344
-507
-791
-922
-955
-868
-610
-296
-13
97
89
4
-27
-190
-288
-34
229
476
515
172
-435
-1175
-1859
-2352
-2604
-2592
-2234
-1788
-1458
-1275
-1351
-1583
-1841
-2122
-2214
-2178
-1888
-1244
-593
72
665
1061
1190
1024
705
279
-243
-619
-690
-632
-573
-547
-520
-526
-574
-555
-420
-208
55
473
867
1390
1983
2270
2583
2772
2685
2589
2471
2325
2166
1995
1865
1774
1685
1537
1298
1083
731
168
-249
-483
-576
-380
-127
238
741
1085
1410
1713
1884
1897
1844
1730
1419
1125
878
623
495
417
348
255
7
-243
-539
-931
-1124
-1087
-997
-847
-718
-564
-223
-71
-43
48
-25
-193
-361
-549
-661
-684
-682
-609
-682
-891
-1029
-1260
-1464
-1585
-1718
-1752
-1681
-1421
-1135
-753
-279
16
222
230
53
-187
-493
-633
-474
-216
71
302
411
472
316
114
-2
-14
86
117
256
507
737
957
1178
1263
1045
830
616
258
164
166
139
343
536
676
777
730
618
430
225
66
-155
-320
-366
-447
-399
-253
-184
-45
69
119
117
-67
-288
-518
-735
-826
-716
-342
20
261
496
483
135
-368
-979
-1505
-1758
-1769
-1692
-1541
-1459
-1425
-1346
-1450
-1573
-1704
-2038
-2334
-2393
-2101
-1523
-923
-272
256
403
399
315
84
-273
-617
-827
-863
-698
-551
-425
-355
-396
-426
-561
-663
-595
-343
141
496
821
1240
1630
2055
2279
2406
2380
2216
2109
2062
2185
2441
2591
2589
2431
2021
1536
1041
676
420
297
348
457
694
956
1320
1662
1702
1537
1268
956
774
647
626
732
751
796
764
640
498
330
109
-230
-452
-655
-814
-777
-662
-387
-109
87
17
-228
-471
-803
-1031
-1184
-1118
-948
-761
-422
-168
-64
-211
-535
-781
-1019
-1222
-1276
-1208
-988
-801
-712
-520
-485
-617
-726
-937
-1077
-1086
-1088
-938
-694
-304
-19
-107
-211
-371
-533
-622
-644
-430
-129
249
541
629
633
482
284
48
-114
-6
65
44
243
428
601
914
1076
1122
1065
857
677
451
249
303
328
353
402
188
30
-138
-275
-257
-285
-177
-116
-63
22
91
142
154
262
356
418
328
274
258
137
146
213
281
259
118
-99
-468
-785
-1012
-1236
-1334
-1383
-1323
-1208
-1051
-865
-805
-668
-686
-772
-719
-745
-710
-679
-747
-774
-856
-963
-1013
-1136
-1204
-1229
-1254
-1196
-1092
-997
-941
-901
-847
-737
-584
-318
-33
163
412
615
772
942
1065
1230
1416
1542
1550
1540
1535
1380
1255
1234
1256
1292
1358
1508
1563
1603
1685
1670
1697
1674
1529
1403
1326
1265
1148
1128
1130
981
744
504
369
233
94
57
16
11
52
115
278
340
362
369
300
285
111
-21
-55
-202
-225
-235
-221
-158
-205
-288
-505
-757
-867
-889
-920
-900
-827
-810
-730
-770
-818
-705
-659
-572
-527
-563
-488
-479
-532
-544
-534
-524
-572
-629
-695
-657
-628
-800
-899
-870
-807
-581
-367
-184
-30
-21
-1
4
-19
14
47
62
78
194
435
544
616
710
684
567
325
116
-13
-42
108
194
196
274
271
280
387
448
469
346
254
264
147
108
213
271
370
428
353
280
220
187
84
15
-27
-14
131
126
113
76
-43
-19
-57
-196
-330
-499
-541
-499
-415
-377
-438
-421
-489
-628
-779
-1025
-1170
-1209
-1283
-1286
-1280
-1354
-1359
-1483
-1636
-1631
-1620
-1557
-1472
-1399
-1312
-1176
-999
-811
-672
-656
-638
-623
-580
-465
-258
99
427
783
1008
915
903
954
951
979
997
1099
1166
1204
1325
1450
1550
1552
1614
1682
1700
1707
1660
1624
1461
1408
1428
1288
1280
1303
1243
1207
1001
851
795
699
699
584
495
439
369
281
161
238
223
99
122
108
99
146
178
256
246
178
102
-110
-313
-472
-561
-575
-609
-561
-501
-540
-549
-560
-564
-513
-504
-430
-493
-485
-352
-359
-299
-341
-350
-337
-446
-471
-540
-622
-705
-797
-849
-974
-849
-721
-818
-790
-800
-760
-647
-650
-494
-301
-206
49
242
363
516
544
478
375
327
333
337
385
399
368
397
402
313
266
180
21
-17
-32
-80
-63
-2
82
175
254
379
373
283
199
159
328
278
261
387
350
405
327
246
120
-111
-165
-327
-436
-407
-426
-346
-330
-405
-455
-544
-600
-571
-540
-465
-440
-471
-389
-322
-320
-442
-622
-824
-1086
-1218
-1257
-1252
-1122
-1027
-993
-936
-1062
-1260
-1255
-1173
-1147
-1033
-895
-814
-606
-384
-179
-33
14
90
47
65
113
116
309
397
516
696
684
752
782
870
1000
1032
1160
1207
1355
1605
1666
1730
1682
1556
1506
1382
1278
1215
1177
1207
1209
1110
1014
901
818
742
606
587
627
724
799
772
752
744
680
584
461
384
404
321
231
284
312
224
152
112
-67
-260
-339
-458
-498
-456
-413
-402
-504
-544
-559
-528
-448
-475
-490
-531
-531
-511
-614
-754
-871
-962
-1061
-1053
-1023
-976
-833
-846
-892
-848
-865
-814
-771
-829
-671
-518
-524
-460
-407
-275
-145
-88
19
59
45
68
156
251
357
411
370
327
277
276
256
288
451
496
502
525
537
526
472
542
546
474
450
280
139
174
201
200
87
37
48
-63
-48
63
95
47
6
-35
-86
-70
-116
-146
-71
-47
-73
-107
-99
-71
-53
-42
6
35
-37
-122
-216
-357
-447
-575
-685
-644
-657
-642
-622
-707
-771
-836
-928
-1018
-1099
-1177
-1230
-1237
-1199
-1126
-1094
-1083
-1034
-985
-875
-850
-843
-735
-623
-518
-392
-181
-96
-102
-55
2
51
175
352
502
681
795
902
980
1027
1150
1238
1274
1314
1280
1235
1252
1171
1189
1335
1350
1355
1354
1302
1240
1154
1079
1118
1191
1103
983
953
942
940
873
774
716
589
414
356
258
158
204
207
260
225
87
94
-28
-216
-217
-251
-253
-206
-177
-100
-113
-131
-44
34
-3
-116
-140
-156
-248
-334
-479
-627
-710
-806
-866
-889
-891
-931
-995
-985
-934
-906
-971
-946
-842
-792
-697
-653
-669
-634
-601
-605
-606
-498
-339
-207
-86
12
95
75
58
37
-33
13
82
225
370
412
486
526
541
647
721
740
794
731
622
553
529
503
405
296
217
223
327
366
270
290
309
231
175
66
-19
-77
-128
-157
-195
-229
-226
-242
-290
-267
-260
-258
-234
-231
-232
-258
-327
-349
-310
-232
-185
-218
-129
-99
-209
-243
-271
-362
-481
-516
-516
-461
-403
-460
-510
-584
-635
-703
-760
-748
-762
-745
-693
-636
-620
-616
-645
-682
-785
-808
-740
-776
-711
-639
-481
-263
-245
-189
-171
-164
-91
-29
170
268
312
456
524
621
708
757
828
797
739
677
691
823
898
978
1004
990
957
873
872
823
819
873
889
988
1034
1045
1063
992
898
850
783
701
693
651
581
572
584
522
394
335
332
258
168
115
131
178
106
119
142
101
138
73
19
81
28
-30
-64
-157
-157
-197
-297
-369
-450
-476
-493
-587
-758
-826
-721
-709
-785
-706
-566
-538
-547
-534
-495
-524
-608
-650
-594
-497
-474
-411
-322
-265
-174
-193
-229
-171
-160
-114
-83
-113
-100
-30
14
54
150
200
204
187
262
316
269
296
271
157
133
214
174
110
123
63
38
-78
-210
-207
-238
-212
-189
-222
-217
-230
-275
-315
-249
-201
-227
-211
-137
25
65
23
77
74
89
90
37
14
66
142
147
36
-25
65
44
-47
-73
-88
-144
-148
-130
-188
-244
-310
-362
-431
-516
-537
-594
-683
-692
-696
-755
-731
-744
-827
-773
-718
-770
-773
-851
-866
-781
-754
-612
-546
-491
-326
-243
-173
-96
-22
-3
52
212
255
347
433
547
712
698
753
781
751
815
842
960
1073
1086
1179
1158
1129
1170
1121
1083
1076
1117
1116
1032
976
889
834
837
794
732
597
595
573
392
355
318
261
161
63
128
122
63
81
131
132
53
39
75
8
-110
-118
-161
-223
-158
-174
-228
-250
-315
-341
-355
-407
-358
-317
-419
-454
-424
-480
-483
-529
-619
-541
-538
-538
-477
-481
-387
-378
-435
-386
-460
-467
-373
-452
-457
-417
-364
-270
-269
-135
-50
-67
-15
-20
4
31
44
82
94
77
85
92
44
39
95
150
189
192
196
240
233
276
319
177
113
133
168
235
237
250
269
179
144
99
-20
24
52
12
-18
-25
30
13
-43
-11
-62
-53
132
39
32
149
60
81
37
20
59
-46
-116
-189
-282
-345
-404
-443
-490
-538
-568
-604
-705
-762
-734
-843
-902
-899
-949
-899
-909
-962
-909
-901
-928
-933
-922
-823
-746
-739
-638
-570
-504
-333
-270
-207
-176
-195
-89
-14
45
223
336
380
421
478
613
693
756
832
800
789
940
990
1033
1167
1158
1198
1184
1078
1089
1109
1142
1132
1054
948
902
973
969
862
818
770
675
602
540
563
551
581
601
511
495
386
378
403
312
257
181
240
220
143
190
59
-101
-148
-198
-205
-151
-107
-158
-216
-247
-272
-317
-427
-502
-545
-633
-663
-671
-656
-679
-604
-510
-639
-678
-664
-611
-515
-549
-579
-636
-602
-499
-463
-479
-497
-391
-341
-354
-310
-204
-56
29
101
121
139
210
141
142
147
109
193
204
254
292
316
334
311
331
295
286
248
230
223
251
284
201
220
226
165
181
158
8
-16
-16
-19
95
-46
-163
-114
-204
-213
-227
-234
-130
-162
-120
-89
-122
-101
-138
-119
-124
-161
-159
-213
-262
-343
-414
-395
-456
-518
-540
-550
-561
-632
-654
-710
-804
-829
-895
-888
-830
-862
-839
-842
-746
-575
-679
-726
-682
-696
-637
-606
-510
-456
-455
-292
-205
-252
-172
-78
-16
87
134
264
368
366
419
447
539
678
720
799
829
834
940
999
1066
1066
1049
1090
1051
1098
1150
1129
1125
1110
976
874
885
850
828
792
692
524
477
537
381
326
418
401
368
284
208
209
201
194
171
60
16
29
12
-43
-48
-31
-94
-145
-158
-99
-97
-125
-179
-211
-256
-332
-333
-330
-279
-307
-318
-330
-447
-392
-403
-457
-358
-385
-393
-321
-289
-226
-240
-308
-366
-352
-251
-168
-110
-52
-46
-74
-81
-66
-10
13
-2
-51
-75
-13
104
166
137
117
121
111
63
83
125
184
262
186
79
118
194
153
134
90
4
-15
-114
-188
-190
-282
-368
-393
-435
-449
-427
-330
-303
-332
-313
-409
-467
-459
-436
-420
-419
-339
-317
-317
-324
-346
-309
-343
-395
-365
-377
-345
-309
-400
-424
-338
-351
-403
-295
-251
-257
-246
-245
-260
-325
-286
-215
-199
-171
-98
-93
-131
-100
-68
-11
49
-29
-66
-22
-11
41
73
99
188
179
210
336
299
351
436
425
534
583
601
721
724
669
726
744
722
704
668
635
630
643
678
683
645
646
580
543
524
439
433
368
311
322
286
261
229
210
171
205
189
89
44
-11
42
48
-27
-28
-126
-200
-184
-187
-226
-162
-41
-114
-117
-52
-41
-89
-135
-77
-123
-120
-103
-106
-6
8
40
60
73
86
81
64
-59
-71
-31
-25
46
64
-5
-50
-34
-37
-32
-95
-231
-181
-155
-172
-138
-196
-202
-196
-174
-159
-224
-185
-165
-205
-131
-123
-142
-73
-71
-70
-83
-107
-25
-103
-176
-136
-215
-188
-204
-263
-196
-242
-323
-297
-271
-263
-283
-275
-267
-333
-296
-253
-293
-254
-254
-256
-229
-272
-252
-212
-246
-313
-284
-207
-205
-221
-186
-117
-117
-107
-57
-44
-58
-108
-53
65
77
110
193
127
96
171
201
276
256
254
321
305
330
313
304
293
275
334
249
209
307
317
229
153
138
110
75
66
75
26
11
23
4
62
84
128
149
83
84
96
83
98
135
70
40
37
37
58
15
73
69
102
175
106
154
158
140
228
174
127
209
193
193
215
124
119
117
54
77
84
96
92
47
80
60
10
49
13
-47
-38
-76
-21
52
22
77
157
161
99
127
151
91
121
126
141
198
133
88
160
162
208
223
156
164
175
127
88
103
68
76
32
-4
0
-52
-7
-2
-52
-44
-53
-100
-127
-109
-117
-177
-242
-269
-289
-298
-277
-235
-251
-296
-296
-316
-319
-303
-295
-339
-372
-410
-427
-394
-388
-344
-437
-463
-350
-398
-355
-265
-335
-309
-314
-392
-349
-351
-322
-256
-280
-329
-348
-257
-225
-243
-152
-103
-94
-125
-121
-71
-81
-109
-223
-230
-113
-52
25
37
40
35
8
78
67
39
114
160
153
129
103
138
220
198
194
175
128
177
165
176
234
238
168
189
242
228
225
184
209
207
222
195
172
254
178
176
211
176
198
216
191
193
257
229
166
73
89
172
157
178
196
220
253
307
342
293
304
370
391
346
248
264
330
304
303
371
388
365
365
300
311
320
196
179
193
213
229
149
166
194
111
116
132
24
-51
-4
0
-72
-73
-105
-116
-174
-180
-88
-186
-121
-89
-167
-174
-199
-158
-259
-297
-251
-243
-217
-277
-272
-184
-222
-196
-197
-272
-211
-239
-255
-289
-353
-337
-363
-373
-370
-431
-459
-408
-432
-416
-283
-299
-305
-250
-300
-266
-255
-313
-311
-271
-316
-366
-317
-364
-289
-223
-279
-192
-143
-117
-54
-140
-233
-161
-127
-153
-162
-117
-90
-33
-13
-105
-36
-23
-14
76
50
81
65
28
92
134
154
92
91
67
50
180
108
91
141
44
100
111
140
215
216
320
297
274
304
255
299
279
246
322
304
235
280
253
257
326
281
272
205
215
281
254
249
224
207
166
158
228
241
170
117
119
148
204
298
293
218
250
255
221
208
263
310
234
250
312
255
236
235
237
224
155
137
118
168
297
278
154
139
177
145
124
145
75
99
115
-8
60
94
24
31
-12
-67
-68
-53
-73
-108
-97
-85
-176
-191
-157
-257
-322
-320
-332
-346
-352
-380
-436
-448
-413
-428
-431
-436
-448
-400
-437
-403
-479
-569
-409
-401
-404
-402
-474
-436
-445
-438
-381
-408
-403
-329
-329
-380
-388
-332
-330
-406
-325
-221
-272
-267
-272
-260
-227
-211
-123
-98
-107
-130
-159
-140
-72
-36
-112
-146
-100
-140
-99
-23
-46
-2
44
43
100
168
139
160
179
219
257
208
274
325
357
391
348
338
358
350
349
387
352
387
433
427
450
383
414
499
472
446
423
365
395
393
439
460
342
345
324
367
425
364
332
322
414
466
341
308
389
409
365
341
325
330
355
314
293
303
222
208
267
321
369
285
197
112
93
214
157
140
134
-11
15
-31
-135
-100
-63
-31
-61
-83
-103
-159
-127
-192
-287
-267
-338
-394
-415
-389
-352
-440
-493
-548
-556
-539
-533
-512
-557
-575
-559
-584
-636
-619
-565
-557
-605
-676
-637
-546
-517
-515
-501
-537
-553
-502
-488
-459
-386
-372
-375
-406
-443
-391
-366
-355
-330
-330
-343
-324
-251
-261
-264
-135
-124
-162
-153
-151
-20
7
-23
82
6
-44
93
89
150
167
186
222
110
192
227
224
342
331
291
297
349
383
373
401
387
273
312
452
436
522
502
453
552
443
392
435
474
558
497
498
583
502
490
542
495
507
483
447
517
487
442
474
422
356
267
225
323
351
366
353
304
267
258
247
233
206
175
237
183
86
106
158
201
190
93
78
88
50
96
36
-4
47
-33
-98
-50
-32
-67
-49
-44
-184
-288
-227
-204
-222
-260
-318
-286
-274
-249
-193
-281
-356
-322
-337
-324
-317
-308
-327
-351
-370
-456
-451
-511
-542
-516
-595
-552
-492
-506
-482
-477
-454
-505
-577
-521
-437
-447
-470
-395
-372
-384
-433
-460
-423
-485
-421
-323
-383
-396
-370
-372
-377
-357
-324
-352
-430
-412
-360
-294
-245
-203
-128
-162
-149
-70
10
12
-17
87
147
133
163
243
256
247
252
250
277
294
353
334
353
446
390
396
416
385
464
481
470
519
511
577
633
598
569
575
638
623
549
483
489
500
511
600
544
503
553
544
529
485
489
455
469
548
558
507
412
413
348
261
261
312
349
295
332
256
215
277
223
185
125
136
141
28
-27
8
25
2
-46
-81
-65
-87
-146
-169
-144
-141
-178
-169
-140
-254
-298
-300
-362
-374
-458
-460
-447
-479
-421
-456
-568
-604
-600
-572
-558
-566
-498
-419
-456
-457
-442
-576
-590
-531
-597
-569
-529
-551
-598
-658
-619
-582
-574
-617
-584
-517
-546
-504
-473
-449
-434
-412
-386
-397
-334
-262
-249
-281
-301
-260
-262
-205
-138
-114
-141
-268
-211
-82
-94
-65
-2
44
89
52
-25
23
169
245
223
201
292
342
313
348
411
486
450
432
448
423
500
524
503
491
483
527
542
607
627
532
528
557
535
517
596
662
679
686
659
632
635
669
666
716
726
654
522
417
462
466
499
481
393
393
375
370
324
272
348
302
286
339
232
198
204
186
177
121
36
-15
-74
-145
-133
-230
-235
-180
-246
-269
-310
-309
-361
-431
-387
-316
-335
-401
-475
-542
-470
-474
-578
-570
-562
-495
-423
-511
-525
-483
-555
-558
-482
-592
-659
-562
-528
-593
-626
-589
-629
-607
-566
-629
-601
-566
-523
-387
-424
-428
-358
-390
-354
-335
-267
-326
-388
-337
-421
-386
-289
-308
-357
-276
-207
-216
-167
-166
-53
-24
-44
96
86
50
63
159
229
170
258
290
306
338
301
348
367
406
469
460
405
426
451
546
604
493
531
590
542
550
546
489
522
596
585
584
638
642
608
613
612
609
614
589
590
563
502
488
456
451
443
409
416
418
349
349
395
351
313
249
218
264
255
234
204
122
95
104
55
15
-53
-146
-163
-134
-142
-189
-189
-228
-281
-290
-284
-256
-317
-361
-398
-446
-361
-361
-452
-424
-435
-544
-507
-452
-494
-524
-584
-586
-602
-697
-636
-579
-602
-591
-583
-589
-614
-533
-459
-457
-455
-462
-534
-555
-510
-535
-435
-319
-375
-419
-384
-330
-288
-245
-283
-330
-310
-322
-226
-164
-146
-37
-63
-107
-89
-36
75
46
76
105
125
212
138
203
260
210
250
272
218
244
329
288
321
350
333
333
295
394
448
402
449
457
462
508
508
507
442
405
422
437
520
493
401
475
535
419
355
403
340
331
394
369
322
283
329
347
308
309
294
294
249
177
210
185
167
227
192
143
112
69
78
82
97
58
-54
-35
-13
-55
-38
-56
-112
-158
-199
-165
-131
-109
-107
-186
-245
-234
-239
-295
-333
-308
-286
-378
-383
-260
-255
-325
-368
-360
-321
-377
-372
-329
-371
-352
-333
-296
-261
-361
-374
-270
-356
-451
-357
-282
-299
-286
-290
-333
-311
-327
-324
-264
-225
-240
-248
-200
-199
-224
-176
-116
-68
-30
-58
-62
-50
-59
-36
-35
19
115
44
-18
-48
-9
102
83
106
155
107
132
123
116
174
191
188
155
123
189
318
310
283
193
152
274
296
259
216
211
234
227
231
214
170
230
277
271
331
284
276
271
186
271
291
249
220
106
210
253
214
204
178
259
178
157
222
185
144
153
184
129
105
106
112
100
46
56
47
66
59
0
65
114
38
-43
-19
83
32
-24
-19
-74
-48
-35
-39
-61
-97
-162
-165
-43
-36
-73
-111
-134
-101
-156
-143
-52
-83
-78
-97
-196
-192
-163
-186
-177
-186
-248
-230
-230
-324
-350
-287
-218
-202
-202
-225
-239
-207
-176
-158
-191
-201
-228
-275
-230
-245
-274
-171
-199
-284
-181
-148
-164
-194
-217
-120
-149
-174
-130
-160
-152
-143
-172
-148
-64
-27
-26
26
-3
26
123
24
-40
3
4
78
152
95
40
53
48
80
129
102
83
55
139
125
66
174
146
176
207
183
193
157
188
250
300
200
187
248
187
200
147
173
193
131
111
139
195
137
181
198
150
181
151
165
171
182
190
155
168
172
144
85
115
202
159
75
92
122
84
56
55
91
135
60
-11
43
59
-10
-3
14
18
72
18
-29
9
-13
-91
-73
-64
-70
-65
-158
-128
-124
-110
-14
-102
-195
-181
-137
-202
-207
-72
-86
-146
-207
-218
-126
-134
-157
-120
-87
-37
-90
-104
-110
-201
-81
-75
-158
-175
-188
-134
-124
-106
-135
-132
-109
-93
-87
-104
-63
-64
-61
-62
-114
-38
-15
-116
-119
-105
-121
-128
-131
-82
-56
-114
-112
-81
-101
-139
-173
-97
-10
7
-17
-82
-52
-13
-44
3
89
95
-17
-38
70
100
104
125
165
130
76
119
170
175
128
100
119
189
283
241
136
147
181
148
193
240
246
244
220
275
198
181
266
221
196
199
169
117
141
186
147
120
94
83
149
151
143
153
124
104
48
40
130
120
50
4
22
140
78
14
38
20
38
15
16
25
4
-61
-39
-29
-104
-75
-102
-78
-57
-124
-124
-55
-32
-125
-170
-154
-171
-227
-136
-136
-213
-114
-182
-185
-178
-257
-244
-219
-152
-195
-249
-216
-179
-179
-170
-196
-212
-186
-163
-115
-170
-145
-125
-256
-178
-118
-190
-128
-77
-66
-80
-130
-136
-119
-65
-66
-96
-93
-98
-26
45
73
71
7
-27
-13
18
62
64
50
70
88
85
83
102
115
123
144
149
136
151
160
119
105
140
170
196
197
154
220
286
195
190
264
241
164
155
211
221
208
222
250
222
184
177
71
134
210
138
153
141
207
143
93
159
31
63
119
122
96
22
99
0
-65
-5
-50
-37
8
85
73
-76
-141
-69
-48
-104
-112
-135
-197
-151
-60
-71
-121
-139
-110
-61
-120
-197
-141
-196
-197
-123
-224
-206
-169
-134
-135
-192
-145
-209
-226
-225
-204
-168
-224
-184
-267
-257
-119
-150
-177
-169
-126
-129
-162
-193
-176
-105
-141
-155
-117
-65
-93
-131
-101
-89
-65
-59
-84
-86
-29
-38
-3
68
41
60
81
112
68
-13
66
89
112
148
136
165
101
172
200
89
159
182
213
232
180
126
72
140
224
224
193
193
172
231
286
223
195
153
134
132
140
167
132
147
164
115
137
104
95
181
103
39
114
100
15
-5
22
75
101
113
60
1
68
87
80
124
106
59
-23
-41
10
-13
5
15
17
6
-57
-97
-91
-37
-19
0
-16
-36
-8
-86
-79
-70
-131
-115
-95
-59
-146
-185
-108
-95
-119
-130
-99
-93
-86
-102
-182
-206
-163
-181
-144
-95
-164
-126
-103
-126
-95
-187
-136
-11
-100
-151
-152
-132
-65
-72
-146
-157
-70
-20
-64
-129
-84
-81
-137
-104
-66
-11
-61
-134
-39
-19
-60
-95
-127
-101
-63
-26
-46
-8
16
-55
-10
-17
-91
-54
-35
-39
-31
-19
6
38
118
86
15
48
93
114
81
79
109
123
108
63
76
114
94
92
190
209
145
156
173
133
79
123
137
113
136
179
170
103
191
231
138
111
109
123
134
128
154
155
107
70
73
136
146
90
84
76
32
45
89
86
82
82
90
88
35
32
70
7
-27
24
51
0
-7
-1
-36
23
-26
-59
-24
-11
0
-95
-109
-66
-103
-139
-95
-84
-131
-122
-85
-32
-68
-99
-130
-153
-140
-193
-169
-213
-224
-141
-108
-96
-120
-115
-93
-95
-146
-146
-164
-132
-123
-188
-129
-137
-107
-88
-126
-14
-1
-82
-146
-182
-75
-14
-76
-50
-21
3
-4
-48
0
4
-3
0
16
13
-39
10
32
27
56
74
106
72
69
108
43
-6
-7
16
81
52
41
99
134
167
123
87
70
30
55
66
108
170
97
72
83
68
174
159
108
119
65
35
23
38
1
-6
38
80
155
163
67
0
65
87
37
62
65
4
-11
-18
-23
29
35
4
26
60
39
-31
-81
-4
27
-56
-86
-81
11
0
-86
-7
-39
-30
-9
-85
-38
-52
-85
-115
-139
-54
-34
-95
-53
-53
-111
-43
-71
-151
-122
-94
-116
-142
-92
-119
-101
0
-12
-16
-62
-113
-72
-103
-101
-81
-122
-60
-65
-28
67
-12
-4
-2
-44
-27
-94
-57
-53
-64
39
5
64
48
-15
96
62
50
55
58
40
-23
-15
-51
52
151
83
122
143
91
164
118
-16
38
-16
7
112
54
111
132
80
87
61
100
142
124
59
17
102
137
109
99
119
92
65
77
45
88
111
56
-1
-61
6
92
39
51
74
50
73
54
21
3
6
0
-37
-1
22
-21
-38
10
68
38
-7
-63
-41
-58
-150
-61
-45
-144
-104
-15
-35
-38
-39
-46
-11
-14
-55
-61
-62
-145
-119
-118
-116
-73
-137
-79
-9
-14
5
-73
-123
-92
-104
-87
-50
-50
-66
-71
-53
-22
-17
-45
-66
-85
-53
-23
-60
-83
-43
-17
-30
-16
-11
23
62
-25
-91
-8
25
17
37
0
0
33
36
3
67
145
45
14
16
0
-57
-54
47
16
91
140
118
94
-5
26
70
27
2
-20
-49
18
67
46
75
-44
-71
133
82
-19
12
2
21
-21
-51
3
62
44
20
57
17
17
28
64
56
-106
-6
30
-55
-5
-31
-12
26
12
-6
46
28
-15
43
21
27
49
61
29
-72
-68
-69
-34
-10
16
-35
-149
-19
8
-13
5
6
44
-20
10
23
-18
36
10
-69
-90
-117
-77
13
-13
0
16
-13
13
23
1
-10
-22
-46
53
90
22
-28
-7
39
12
34
20
-9
-14
-10
52
24
0
19
-34
-5
34
51
35
33
27
0
40
47
128
52
-58
20
-26
-43
-10
-27
32
1
-66
-25
-15
-4
58
90
50
82
56
3
70
37
-22
-78
-138
-66
-22
-13
34
-1
7
12
0
-31
-51
23
8
0
-70
-64
19
-64
-81
-29
-26
-29
-99
-148
-20
-53
-126
-50
-42
4
-49
-33
53
22
28
7
23
-42
-96
-19
-52
-22
43
-20
-21
-9
-19
20
-27
-24
38
55
108
52
28
67
69
95
79
51
82
145
14
-77
-31
-61
13
-3
-16
44
77
126
84
127
131
152
119
1
41
10
-6
-1
-55
-15
47
19
17
0
-68
0
53
46
68
29
41
84
28
-9
53
79
51
72
36
-28
-15
-83
-91
-52
-111
-68
-20
4
46
6
8
18
0
13
-66
-112
-68
-60
-47
-63
-68
-129
-127
-48
-152
-134
-58
-93
-104
-121
-93
-87
-63
-2
54
21
-30
1
-74
-99
-106
-167
-166
-118
-78
-99
-21
1
-34
-2
30
45
38
-15
-41
-35
-34
19
46
65
-49
-114
-30
-36
28
55
9
9
-9
-8
-15
52
92
44
140
139
114
128
41
46
-14
-27
50
0
21
72
26
47
68
116
168
84
80
86
46
90
56
51
79
35
39
30
37
58
52
91
83
7
-41
8
59
56
39
2
86
87
9
23
10
9
21
47
22
-80
-97
-79
-77
-31
-29
16
39
-13
5
11
13
31
-23
-48
-24
-19
-15
-25
-31
-53
-133
-121
-61
-67
-87
-63
9
2
41
78
51
7
-26
-56
-81
-75
-87
-117
-162
-125
-100
10
40
-67
-33
-8
-26
-24
-10
-18
7
42
30
4
-25
-63
-101
-27
10
-10
20
35
-7
-35
7
11
0
13
13
0
7
79
118
82
105
103
23
-18
-18
-58
-38
4
-13
-53
-61
11
57
98
60
57
113
87
83
14
-26
36
-3
-36
43
32
32
68
-66
-53
4
-81
-48
15
92
53
-21
125
130
45
53
-6
2
9
-66
-20
26
41
71
8
0
-27
-12
27
-17
-17
-3
14
9
89
104
15
18
81
98
24
-55
-72
-42
-148
-190
-10
48
8
-5
9
36
43
12
20
81
46
31
-29
-105
-41
-6
-11
-38
-106
-20
50
-61
-60
-50
-37
-23
-110
-53
55
28
-21
9
26
20
25
-13
-62
-67
-77
-95
-89
-81
-53
-71
-93
-20
77
54
17
20
-49
-67
-19
-11
33
51
-14
-109
-145
-92
-61
-11
-25
-16
14
-45
-64
-29
-3
61
68
38
119
18
-28
32
-87
-75
-9
9
15
-67
-22
87
37
6
-15
-48
0
3
50
91
52
50
61
76
62
5
51
67
-11
57
96
25
-16
-54
-1
62
91
118
115
103
131
137
50
39
9
-14
26
-2
-36
-23
-12
-44
-60
-69
30
85
51
54
52
119
66
-59
-37
-17
-15
24
-49
-63
1
-27
-69
-29
17
-68
-77
-71
-97
-17
-16
-54
-10
33
48
59
31
-50
-59
-27
-75
-83
-49
-47
-11
-52
-84
-10
2
40
75
86
87
17
-9
58
55
-37
-22
-8
-41
-29
-20
-35
-76
-88
-106
-73
19
36
41
57
67
97
91
59
-25
-84
6
-3
-69
-17
7
-39
-60
0
39
5
-67
-50
-18
-45
-60
-42
-21
4
25
-9
-13
-48
0
53
-110
-151
-121
-110
-37
18
16
-19
-26
27
70
-6
16
66
65
49
26
36
9
-14
-99
-97
-7
0
10
46
65
-21
-23
60
58
69
79
91
85
98
62
-22
93
64
-48
42
69
83
68
48
125
41
-54
47
58
-29
6
43
37
79
6
-21
7
-13
-56
-96
-17
-1
28
24
-60
-29
-26
-32
-33
6
65
28
68
96
45
36
-3
0
2
-28
-21
-35
-24
-65
-70
-43
-61
-39
-78
-75
-11
-9
-10
-44
-84
-37
4
3
-21
-45
10
-14
-72
-59
-72
-32
-44
-19
67
15
12
36
44
45
-25
-31
27
-22
-33
-23
-58
25
23
-23
-15
-71
-87
-48
2
50
87
149
119
120
170
101
37
31
29
0
-68
-44
-5
-4
34
-22
-10
10
-56
-44
4
-22
-75
-10
-3
-4
26
-15
-21
2
-45
-122
-60
-17
-35
-51
-86
-51
8
4
9
62
49
40
6
60
77
-50
3
48
11
-15
-15
1
22
28
35
39
-3
54
45
-11
23
87
161
131
131
113
0
-27
-24
-50
-93
-123
-146
-97
-36
-83
-61
-42
-9
1
-77
-61
-58
-5
-2
-37
23
-23
-44
-33
-11
35
-51
-40
-1
-30
61
10
-70
23
63
76
130
48
66
103
-11
-28
-72
-62
-34
-17
-69
-135
-13
-64
-82
23
11
77
59
43
106
70
97
118
84
27
-59
-16
46
-37
-51
10
-6
-14
-42
-21
35
-44
-49
80
84
66
96
30
3
4
-48
-38
-14
-6
-2
26
19
38
124
80
62
60
39
115
100
83
116
24
-11
24
-2
-30
-51
-19
-42
-131
-78
-117
-138
-50
-27
5
19
6
-19
51
108
6
-72
-114
-79
-30
-128
-157
-124
-73
19
-60
-136
-84
-43
18
-6
43
139
81
82
52
16
-6
-50
1
7
-64
-40
52
45
12
33
-2
-13
-6
-66
-25
9
-18
-6
-13
12
38
-12
-29
-20
-100
-104
-16
-10
-29
-30
-17
-36
-55
4
24
29
80
93
85
117
73
61
47
-17
-33
-78
-34
-30
-3
57
33
58
32
29
88
63
-1
5
85
78
7
27
42
20
-3
-57
-9
38
-26
-54
-57
-42
7
59
57
53
120
90
9
-59
-88
-24
-119
-117
20
-105
-72
-43
-155
-28
38
32
-23
31
144
43
42
51
-34
14
71
92
77
17
48
14
-52
-25
-74
-87
-62
-112
-54
14
14
9
-50
31
68
-31
-8
-60
-119
-112
-123
-70
-55
-47
63
102
32
36
86
63
-56
-67
16
3
-13
-64
-89
-43
-31
-17
24
57
24
-20
-44
-74
-30
57
34
121
213
129
122
105
96
64
7
55
40
-43
-39
-4
-15
2
-42
-57
25
25
48
115
53
23
3
-27
58
25
-3
33
32
-37
-102
-109
-100
0
26
-40
-60
-41
8
42
26
53
56
-3
51
88
22
-60
-81
-109
-138
-55
-35
-39
-38
-60
15
73
64
78
103
63
58
96
33
-70
-51
2
-66
-39
-28
-98
-55
-58
-68
-65
-64
-12
-23
-37
40
74
34
33
-7
-68
-67
-115
-112
-46
-46
-77
-76
-91
-55
3
65
110
41
121
264
231
120
43
-22
-3
0
-68
-53
-25
-61
-108
-79
-80
-108
-82
-45
0
13
16
132
129
37
102
57
-33
-15
42
73
-43
-140
-125
-52
3
-25
20
30
7
48
19
48
64
65
81
-8
-53
-25
-17
-32
-77
-80
3
34
20
21
27
95
132
134
140
102
91
143
102
-2
-21
-1
1
4
-51
-131
-74
-63
-104
-102
-45
38
72
116
46
65
164
99
62
14
-30
-46
-56
-59
-62
-40
-120
-147
-159
-165
-42
-101
-73
112
82
65
131
54
-38
-41
-56
-44
-60
-113
-90
-38
-111
-147
-23
-2
1
62
23
39
93
57
63
117
102
50
-4
-44
-55
-72
-89
-118
-114
-56
-60
-32
-1
13
67
63
93
92
64
72
128
85
-43
-52
-30
-49
-88
-5
1
16
76
29
66
15
38
92
81
131
118
94
74
116
68
-48
-63
-153
-139
-63
-150
-123
-155
-109
66
51
102
125
82
72
48
52
29
-6
-54
-13
-19
-118
-124
-80
-35
-110
-106
-26
-60
-44
-55
19
120
48
44
45
71
123
78
5
-59
-83
-59
-78
-112
-92
-58
17
48
68
93
29
40
118
65
37
47
5
-16
-95
-132
-103
-103
-87
-72
-82
-36
26
43
47
40
49
92
98
83
105
79
10
-10
-61
-130
-70
-102
-156
-93
-30
-18
-40
51
90
41
152
212
135
127
113
58
58
28
-54
-45
-3
-43
-81
-24
14
7
19
51
44
53
106
99
68
9
9
17
6
13
-36
-92
-100
-120
-140
-142
-96
-46
-128
-85
14
40
113
121
91
53
8
-13
1
-8
-42
-107
-89
-49
-97
-56
-48
-33
23
29
74
66
56
25
27
120
66
-1
14
-21
-62
-12
-21
-67
-81
-122
-42
-29
-51
-4
2
70
164
174
129
85
68
81
42
2
-109
-228
-177
-115
-106
-71
-73
-84
-27
-57
-38
41
5
-15
98
200
94
54
74
7
2
10
-9
-83
-121
-123
-158
-105
-21
4
27
14
15
61
78
139
145
94
86
65
77
-1
-47
-28
-100
-74
-33
19
74
13
26
46
57
98
50
55
106
94
94
83
11
-24
3
-8
-15
-94
-120
-42
-74
-94
-52
-26
61
135
30
-12
51
-23
-50
-15
6
36
-58
-85
-53
-117
-139
-111
-59
-6
-28
-40
-16
-51
-10
45
12
44
27
-11
104
59
-36
-6
-49
15
33
0
30
-10
-30
-35
7
61
88
112
83
90
58
-8
3
-20
-95
-101
-25
14
-3
-46
-106
-14
28
-127
-101
-51
-99
1
28
-6
18
-39
-70
-47
-8
35
-17
-15
65
31
-16
-19
-12
44
-1
3
145
95
20
-25
-57
48
98
65
2
0
49
41
71
99
100
121
105
99
67
58
86
48
72
47
-63
-95
-135
-66
6
-79
-82
-99
-65
-40
-97
-30
-28
-30
-25
-72
-21
-24
-137
-138
-97
-118
-128
-76
25
16
4
7
7
70
15
-8
34
30
86
102
96
97
90
122
79
-15
-35
31
83
113
90
69
98
95
84
63
62
48
9
-24
-82
5
3
-179
-151
-112
-53
-93
-143
-8
-88
-109
-86
-133
-60
-22
-22
-16
24
32
-83
-131
-57
-47
-25
-29
-89
-30
-4
-34
0
84
146
110
73
94
165
196
89
13
39
114
102
28
46
54
51
42
15
30
40
27
-8
-28
-19
-35
-18
36
63
7
-24
-77
-129
-83
-174
-169
-131
-195
-50
-36
-144
-116
-76
42
31
0
26
-22
-47
-15
14
-23
18
72
61
-14
36
89
15
26
39
67
-7
86
201
88
114
149
81
100
125
31
40
50
17
-33
-98
-18
22
-18
-64
-20
10
-71
-60
-18
-23
-8
15
-12
-39
-98
-155
-68
-39
-113
-91
-53
-71
-111
-50
-41
-97
-63
-57
32
71
71
107
38
67
80
53
80
79
43
31
76
115
79
29
23
8
69
75
0
51
110
15
53
86
-66
-29
7
-12
-49
-59
-18
-78
-67
-20
-11
-13
3
-3
-64
-68
-41
-53
-113
-125
-80
-143
-152
-30
-54
-46
56
-3
-60
2
39
52
30
-19
-16
-37
-27
3
-2
-24
-49
4
10
45
80
62
73
0
-30
22
59
64
-1
-1
11
-6
2
-56
-66
-62
-11
51
0
30
60
108
117
39
94
87
75
74
35
79
24
4
89
40
23
48
-48
-60
9
41
59
102
112
51
-6
7
56
29
50
-19
-138
-42
-43
-65
-20
-33
-24
-24
-31
-51
-36
2
-6
-54
-103
-36
31
-89
-111
-28
-33
-48
-93
-71
9
-69
-131
-37
-65
-77
16
25
-24
-53
1
15
-24
1
34
7
36
65
1
-45
1
68
15
47
88
-10
34
18
-11
-11
-69
32
7
-42
-24
-37
-3
-29
-2
28
-21
4
35
-27
-100
-50
-5
-47
-4
55
74
56
-5
48
50
-34
33
2
-18
61
41
62
70
50
30
23
40
36
114
108
33
78
114
117
50
24
61
37
10
-33
-32
-9
-63
-65
-26
-31
-86
-68
2
2
-52
-85
-58
-51
-89
-86
-69
-129
-105
-53
-79
-44
-9
-16
-23
-37
-25
-31
-8
54
93
115
48
19
50
58
56
25
69
32
-7
8
1
68
-1
7
89
98
116
121
180
78
46
23
-20
52
4
14
-13
-49
-14
-17
-16
-83
-106
-113
-115
-56
-74
-20
4
-73
-70
-55
-29
-66
-171
-152
-89
-90
-117
-108
-71
-64
-95
-105
-67
-44
8
34
3
55
39
-43
6
81
50
44
10
8
99
57
-3
4
39
75
17
-6
44
58
87
107
126
145
110
68
62
48
-25
10
72
51
36
30
40
34
48
60
-6
-29
45
-4
-26
62
2
77
135
23
-10
-38
1
37
-24
-81
4
39
-24
43
38
8
13
-12
-3
17
12
4
-25
-54
-5
-62
-92
24
-14
-3
39
-108
-146
-112
-87
-91
-102
-30
-51
-58
-26
-38
-28
-90
-59
-55
-102
-36
-80
-64
5
-53
-82
-75
-76
-98
-113
-59
-34
-30
-11
-55
-48
1
37
33
-1
68
83
44
63
116
69
28
80
56
107
89
53
173
116
37
88
135
129
45
3
75
85
66
111
121
98
-10
0
21
-53
7
59
55
34
6
6
-16
-110
-95
11
9
17
-20
-89
-77
-98
-107
-65
-47
-46
-60
-82
-97
-112
-56
-25
-62
-48
-8
7
-17
-7
61
11
-35
-32
-25
36
10
-14
18
-10
27
96
64
121
112
39
48
15
-5
-13
-1
22
61
50
24
94
6
-68
-49
-54
31
47
-9
-75
0
51
-34
22
9
-39
23
-65
-111
-83
-103
-78
-28
16
-89
-41
24
-39
38
39
16
-49
-108
-52
-32
3
45
89
38
-16
11
-19
10
16
-61
-27
28
77
107
33
-14
-9
13
-29
-1
6
-70
-47
-68
-89
-112
-67
-27
-39
-27
0
64
25
34
33
1
0
41
88
59
83
53
36
48
21
71
47
-32
28
37
5
33
-6
27
79
75
50
101
132
52
92
24
-64
-17
-61
-9
-3
-10
62
20
50
21
-34
18
48
26
30
40
-25
-60
-28
18
-53
-62
-42
-68
-22
-36
-38
-57
-81
-98
-42
48
-1
-62
-67
-8
5
-20
-17
-32
-20
-43
-70
-36
-56
-115
-139
-67
9
2
40
55
36
-20
-104
-53
0
8
40
57
53
14
-72
-113
-49
-64
-48
67
54
34
39
-32
-32
22
64
68
67
36
47
165
54
-29
28
-25
-68
-87
-11
70
30
-16
5
85
120
106
89
86
110
21
-59
18
26
-60
-100
-18
84
27
-30
-13
40
32
-48
-27
-18
35
38
-24
46
88
60
33
-8
-39
-89
-118
-54
-4
49
23
-21
-2
-45
37
118
63
22
-64
-38
-32
-142
-116
-84
-73
-23
9
4
-36
-47
0
22
6
-38
-36
44
-32
-78
46
38
43
30
-37
-24
-82
-93
-50
-27
-20
-16
22
43
83
52
14
12
13
56
46
47
74
40
21
52
59
54
37
51
65
38
50
97
63
26
0
-44
26
23
29
28
-3
46
-74
-113
-21
-95
-125
-73
-113
-134
-143
-90
0
-27
9
58
63
24
-35
-27
-24
-28
-17
-57
-115
-22
33
0
14
-20
-59
-34
-34
46
65
-27
29
13
1
47
-56
40
38
-54
63
-52
-88
-5
-23
39
65
58
26
94
131
42
116
158
166
172
26
-7
4
-83
-80
-67
-116
-51
31
29
31
-9
-32
45
-20
-72
44
40
20
15
-68
-67
-44
-44
18
26
27
34
-57
-48
-11
-82
-8
44
71
101
16
52
57
