-45
-106
-13
15
-36
-10
-1
19
-28
-140
-96
-31
-29
16
27
-45
-19
2
12
81
24
16
29
39
34
-64
-3
10
2
56
0
-14
-3
-15
-79
-33
44
-43
-19
-4
-1
78
-17
-9
99
45
-67
-92
39
13
-87
-11
25
24
102
109
22
0
2
48
56
3
-1
1
67
65
-1
29
45
39
-1
-72
-37
-20
-41
-64
-28
51
-23
10
39
-19
29
35
33
15
-18
-26
-32
8
27
60
34
-72
-92
-79
15
48
-36
-6
10
2
21
-5
-49
-17
-1
-68
-61
-42
-28
65
102
76
50
54
47
-13
-19
-66
-18
33
-71
-43
82
111
78
50
-13
-90
-125
-44
-2
-13
28
31
22
-22
9
22
-30
-35
0
-2
-38
-5
33
19
-71
-57
118
132
-16
-68
-58
-70
-8
46
6
-16
-3
33
73
35
28
107
67
25
13
13
2
-51
3
10
17
43
30
-50
-70
0
-43
17
15
-57
-70
-149
-82
-79
-122
-14
123
146
34
17
39
-14
-61
-46
-34
-38
-42
-18
40
10
-13
3
-44
2
31
10
21
-21
12
-27
-11
12
-52
16
-34
-44
49
57
53
12
-16
22
30
-62
-56
21
29
4
-34
-13
-21
-12
-7
-56
-49
-65
5
50
-46
-33
-28
-52
6
7
1
20
39
47
53
78
44
40
53
29
25
29
22
22
41
58
14
32
59
33
59
-18
-23
102
97
15
14
22
-3
-3
2
32
26
-13
-29
-6
-4
6
25
-22
-28
-50
-17
1
-109
-76
24
31
0
-36
-106
-61
73
80
18
12
-33
-101
-30
-49
-55
13
-49
-13
14
-14
18
-31
-58
36
122
68
-5
23
-22
-63
-16
-35
1
-3
-65
-63
-10
80
43
-29
-19
-37
-27
37
46
55
31
-56
-61
-1
27
41
36
-28
12
47
-22
46
22
-17
60
60
59
20
24
51
41
45
-27
-79
-16
-7
-25
24
-18
-135
-63
80
57
-1
7
19
-62
-54
17
-24
-55
-37
-43
-43
-11
5
52
41
-6
37
20
13
18
-23
-5
-6
0
27
34
82
96
71
19
10
35
-4
22
10
-43
-5
-39
-59
-22
-53
-42
-3
0
-48
-75
-13
76
90
53
47
1
-55
-54
-23
-5
-6
-16
-39
-29
3
-41
-60
4
-39
-27
32
0
16
-13
-74
-28
13
0
19
91
87
58
57
2
-13
-61
-109
-97
-45
-22
-35
31
49
36
44
21
8
-3
18
-25
-101
-55
-23
9
58
68
18
0
43
7
4
-35
-49
-9
31
97
6
1
70
38
-1
-12
43
51
95
60
-60
-18
22
8
-33
-37
38
17
-74
-83
6
48
13
6
-5
-15
-35
-54
-3
0
-30
-4
29
40
-11
-11
68
19
-31
-33
-83
1
41
7
40
-3
-10
27
-17
-27
17
-37
-5
72
6
38
52
0
0
-52
-33
0
1
16
-26
1
-5
-55
-46
-74
-78
-16
25
-12
-56
-36
8
25
1
-24
-7
67
65
-27
-8
23
-33
-29
19
39
23
10
10
-16
22
42
-30
-69
-113
-64
3
41
9
-53
43
32
-58
-13
3
-15
11
-1
13
34
-2
46
85
-6
-73
28
100
31
80
94
25
0
-7
28
-16
-72
-84
-19
62
26
-13
-9
-2
38
-2
-15
61
77
14
-22
13
-5
-23
29
28
-71
-12
63
-41
-41
-28
-47
53
47
8
6
-40
-5
16
12
40
38
19
21
41
0
-24
-31
9
4
-67
-7
-33
22
131
2
-32
-22
-59
-49
-15
79
17
-47
38
71
65
32
-15
-50
-75
-64
-9
-28
-29
12
-42
-47
2
-2
-49
-39
-69
-63
-35
-58
-48
-95
-33
14
-14
-27
-88
-9
25
-49
-51
3
5
-37
5
14
-24
4
-3
10
132
123
76
77
0
-59
-51
1
-19
-16
48
29
-14
-50
-14
41
19
-15
-62
-56
-39
-63
-17
14
52
16
-42
-51
-78
-24
-92
-43
61
-3
-10
-38
0
-34
0
80
28
123
121
47
-5
-20
136
115
28
59
34
-9
-13
67
77
62
78
39
41
50
7
22
4
-45
29
-9
4
32
-47
-17
-55
-56
-43
-47
37
-1
6
39
5
15
-31
-12
36
-3
24
0
-44
5
-52
-11
-11
-148
-38
52
80
44
-23
7
-24
9
15
-51
-54
-28
11
29
97
75
51
107
103
8
-117
-33
-30
-106
-62
-45
-55
-58
-23
-58
-43
29
-6
-7
-10
-35
-12
-63
-22
44
-20
9
-17
-96
-39
6
21
4
12
15
-2
-6
13
87
75
57
19
6
34
24
66
25
12
77
2
-99
-115
-89
-76
-58
-20
-55
-44
-24
-13
-5
-3
56
-5
-27
20
-28
-96
-92
-16
-63
-40
88
11
-1
80
75
113
81
63
34
2
33
-49
-20
-24
-42
82
46
43
78
-27
-61
-30
-51
-49
-26
17
13
-11
-9
-35
5
62
100
52
-54
-71
-58
-28
101
130
47
51
8
16
-5
-20
56
0
-4
-14
-14
43
-15
2
28
-35
-68
0
76
2
-40
-27
-39
-44
-8
-1
37
47
-20
8
-29
-62
-28
-39
3
42
-9
1
-15
-14
59
31
5
-4
48
59
-25
-33
30
66
16
51
53
27
19
0
2
-25
-28
-24
19
-31
-49
24
-28
-76
-94
-65
-10
48
45
-47
-24
6
-24
-24
7
27
-24
-34
0
16
2
-40
-15
0
-23
-72
-29
45
23
4
-26
36
47
-22
-21
-36
-2
22
-33
-85
-32
21
-32
0
90
70
27
25
48
102
51
23
58
-25
-18
-20
-132
-49
24
25
54
8
20
22
3
16
-20
-1
25
-66
23
35
-95
26
67
44
72
45
20
-8
18
58
84
78
17
-47
-12
15
-12
70
44
-20
-58
-90
14
44
6
-33
-38
-25
-52
-57
12
27
-56
-31
-6
-20
-53
-75
23
1
-72
-12
-25
-43
-14
0
-20
-77
-71
-15
48
19
-48
-80
-27
41
9
17
22
72
85
-17
-71
-54
31
-3
-34
12
33
45
-8
27
2
25
75
21
71
27
-31
18
49
32
12
-48
-6
156
133
45
-11
-34
-12
-40
-56
11
105
79
9
-16
-48
-26
-68
-91
-37
-111
-111
20
46
29
87
116
67
44
62
42
6
0
20
-13
-45
-19
-20
-12
-25
-19
-9
17
55
-12
-24
-1
-32
-31
-26
-18
-33
8
32
-46
-14
44
21
-43
-50
0
-28
0
26
-25
-8
37
-6
-36
-3
-36
43
34
22
121
37
3
-39
-22
62
21
-1
-5
-6
-28
-75
-50
-33
-22
-28
-47
21
27
10
19
-11
-56
-34
-22
-16
18
9
40
16
-1
5
-12
-30
-30
-8
0
-6
-22
11
34
33
15
17
5
45
52
2
24
-44
25
79
-10
-25
-79
0
84
14
36
34
37
24
-40
26
30
-13
-1
24
83
48
-10
-27
-20
41
34
-66
-76
-18
-22
6
-27
-3
27
22
96
1
18
90
13
26
-25
-88
-19
-41
-91
-39
0
18
49
-1
-26
39
39
25
-3
-67
-6
83
2
-46
-21
-11
-9
-25
1
9
-2
-12
-27
-10
37
57
57
63
22
-3
35
70
26
-1
9
0
38
-10
-64
35
6
-2
28
6
49
-17
-8
29
-67
-77
-25
-12
-52
-61
-36
-63
-9
-5
-8
50
-9
36
28
-28
80
67
-1
36
-24
-17
48
7
6
-52
-42
19
-30
-59
-38
4
11
-38
-15
21
-42
-30
8
10
-10
-13
34
42
32
-1
21
58
-34
-43
75
49
-33
-37
-34
-59
-71
-57
-80
-24
-18
-67
-14
-41
20
60
-1
39
39
97
76
-34
-4
-5
-85
-61
-31
-2
61
-21
-2
15
-28
65
57
35
49
58
72
-4
-34
-28
-49
23
38
11
78
25
-35
18
13
24
16
-19
27
18
53
129
62
34
63
14
-5
72
49
-33
-11
-14
66
86
-28
58
50
3
55
-25
7
30
-2
60
70
20
-5
-16
-56
10
28
34
96
50
79
29
-32
-3
-95
-104
-6
-15
-41
-38
-6
0
-38
-64
-71
-83
-107
-76
-42
36
41
-21
22
9
-18
-47
-44
-8
-44
-76
-50
-10
-2
-67
-134
-67
-47
-47
-16
-68
-69
20
42
18
12
38
-33
-70
69
74
-5
-69
2
76
15
-45
-26
32
-10
-34
-65
-59
15
86
59
-1
60
22
31
3
-34
44
-29
11
35
-48
-39
17
50
5
0
-33
1
51
0
-4
19
30
35
27
-56
-20
65
16
4
77
58
7
67
122
95
8
102
168
74
-6
-12
35
27
37
0
2
19
-1
44
59
24
29
37
12
15
-42
1
71
-8
-24
-8
77
88
-19
-23
32
-4
-74
-79
-54
-20
-54
-26
-15
-119
-84
-17
-16
30
33
-28
2
60
22
-18
-57
-77
-5
33
-11
-11
-11
-25
-17
-54
-60
-34
-47
-33
-63
-110
-93
-70
-28
-6
39
23
36
70
-72
-77
20
41
30
-36
-15
73
35
-37
12
27
71
8
-101
25
52
43
45
-56
-4
84
8
-36
-40
-54
-5
-2
76
76
-90
-66
-31
-47
-4
36
42
-10
41
86
32
-61
-10
79
-24
-140
-102
19
-27
-16
16
7
54
-43
34
138
21
-20
-19
40
61
26
1
-48
18
75
27
-17
-86
-94
-34
-35
13
31
64
185
162
69
22
-14
-1
93
62
-49
-13
6
25
-9
-49
5
26
91
-25
-40
73
-25
-9
-29
-67
-22
-36
15
-18
-74
-52
-105
-34
3
-80
-69
-54
4
35
-18
-58
-57
-10
45
41
-54
-51
17
-8
-36
-48
-65
-98
-40
-2
-62
-25
-36
-64
-79
-112
46
83
60
121
2
-54
-106
-123
-7
53
77
106
104
76
27
-35
-57
-40
50
61
-11
7
-6
-34
-4
49
96
67
36
-6
-81
-79
-42
5
28
-83
-110
-5
89
151
114
38
-34
-4
-75
-133
-83
-112
-6
13
-48
4
24
10
64
96
10
-49
-42
68
56
2
2
-54
42
-23
-88
35
-47
-58
-13
-54
8
51
21
17
-76
-117
-98
-69
0
-75
-18
38
-16
17
-21
2
67
58
12
-36
-40
-67
-41
-39
-30
81
67
17
4
48
77
-66
-41
-22
-161
-105
-89
-66
13
-54
33
90
-18
21
31
18
26
-18
-55
-54
9
-10
-1
8
-41
50
46
-4
72
100
73
31
9
-36
-91
-30
24
12
39
40
-22
-37
53
55
-5
-31
-49
-14
-65
-90
-35
-33
55
53
2
13
-39
21
139
91
29
59
96
65
-19
-62
-85
-68
-82
-57
32
36
42
6
-42
-54
-66
-42
-31
-19
22
44
-2
-56
-32
52
79
38
20
5
-32
-68
-97
-74
-50
8
28
-3
20
-15
8
3
14
45
2
51
38
-82
-135
-85
-82
-46
6
-85
-73
-4
42
52
-27
7
66
60
34
3
-24
-64
-52
-83
-61
-14
-32
7
-41
-4
-1
-64
6
-58
-74
-68
-66
-2
-33
0
25
1
37
73
78
90
103
68
-6
-69
-37
-5
-58
-13
-39
-9
93
21
67
76
-8
-49
-32
61
-4
-48
-21
-27
-16
14
71
114
114
59
42
1
-10
53
33
12
-8
-21
96
77
4
67
67
54
6
-45
14
7
0
-19
-59
-40
-35
18
26
47
-12
-27
48
-78
-99
-47
-8
76
21
-62
-66
-49
-34
-13
29
26
-26
-5
6
46
61
-33
-42
-50
-22
42
13
2
37
80
60
-30
-51
-22
-37
14
23
-3
78
25
-4
59
-11
-50
-28
0
46
4
-51
-7
-41
-74
5
-30
-32
11
-61
-86
-47
-43
10
53
27
69
48
16
50
18
-9
17
34
24
-23
-61
-44
-26
-22
2
32
26
84
98
52
32
-48
-59
-17
-15
-63
-34
7
-38
13
24
21
69
24
41
49
-16
1
8
-9
-83
-89
-1
42
79
-17
-26
78
34
-5
-49
-53
16
-3
-13
-47
-37
3
-58
17
42
11
72
91
123
105
42
28
41
16
-80
-100
-26
-6
-16
52
131
116
55
-11
78
117
9
-6
-27
-99
-88
-23
-11
6
27
34
35
73
123
74
17
-19
-43
-48
-59
-72
-88
-116
-42
17
-20
8
13
58
31
-1
27
-53
-111
-106
-90
-57
-53
-22
50
8
5
71
23
0
17
-36
-47
-45
-89
-100
-51
-30
-34
9
29
71
113
88
16
-39
-29
11
13
15
34
-33
-62
-49
-100
-10
128
134
146
100
59
69
-15
-48
-109
-169
-107
-97
-52
0
-2
34
47
73
118
120
79
10
-42
-55
-63
-101
-66
10
55
82
57
-4
9
-1
-59
-2
-41
-76
-46
-47
-8
-71
-38
43
-7
52
117
77
105
28
-32
-11
-56
-59
-110
-127
-121
-59
42
55
72
75
60
25
-25
-97
-137
-136
-149
-163
-157
-67
-39
-11
123
114
110
149
44
58
80
-51
-86
-105
-47
11
-39
23
84
52
89
176
170
85
51
6
-77
-19
-29
-90
-57
-38
-51
-51
81
174
133
138
106
29
-19
-74
-116
-190
-166
-25
1
20
70
68
92
89
13
-2
-53
-110
-169
-248
-111
-14
-2
20
-1
-9
14
61
67
80
-34
-78
-22
-152
-125
-44
-94
-75
-143
-96
73
91
103
118
125
27
14
31
-65
-81
-148
-181
-115
-54
-10
50
86
108
94
40
52
4
-78
-95
-135
-113
-66
-53
32
15
-39
-3
16
71
84
48
31
-19
15
50
-19
-1
2
-3
0
-15
76
121
140
148
64
-28
-73
-45
-47
-77
-61
-12
4
75
136
151
163
72
44
9
-68
-19
25
-21
-26
-9
-62
-53
13
54
36
12
45
74
24
-83
-133
-112
-54
-69
-156
-132
-31
13
21
35
-13
25
104
-4
-33
-37
-86
-35
-69
-99
-7
63
59
15
31
109
86
96
84
-12
23
-23
-114
-80
-94
-80
5
46
113
116
76
73
12
17
17
-15
-50
-97
-88
-99
-105
-38
8
21
47
69
75
-17
-54
-31
-49
-47
-83
-66
1
-52
0
90
68
167
179
53
37
7
-18
9
14
37
-29
-52
-39
-47
40
61
36
70
111
74
-2
-8
0
-50
-47
-15
9
47
6
-33
13
45
7
78
126
24
-7
-31
-49
-61
-81
-6
7
13
46
57
135
132
86
58
-19
-12
76
97
-16
-106
-4
49
62
85
61
122
71
21
31
34
9
-55
-53
-54
-22
-13
32
69
8
34
85
14
-20
24
5
3
-43
-96
-32
-48
-55
51
96
52
89
26
-57
2
-70
-9
47
-65
-32
-3
29
32
-24
10
70
37
34
92
32
-12
-12
24
50
-40
-21
0
28
67
18
-6
19
42
-9
21
36
18
17
-25
4
2
-8
30
-11
22
66
42
64
-12
0
76
1
-31
37
-2
-48
3
-42
-6
43
81
129
26
9
-5
-50
-21
-5
-20
-43
-86
-20
84
0
2
28
-18
46
7
-18
39
7
-17
7
-38
-52
35
26
42
47
41
15
7
86
31
-14
-67
-64
-13
-55
-44
-25
-41
-45
-18
8
45
20
52
120
61
57
38
26
57
17
38
57
-36
-41
37
69
97
70
37
-1
-15
35
16
-48
-70
-32
-11
-4
-19
-44
53
82
17
-15
-49
27
53
-29
-61
-36
8
14
23
3
-13
59
52
-22
-8
45
54
47
68
59
73
91
71
53
-22
-7
77
64
57
90
107
99
97
128
102
33
-4
-50
6
80
-1
-66
26
89
50
23
32
69
46
5
-5
2
-1
-23
1
58
82
41
45
85
58
72
60
47
134
118
126
114
-11
0
50
-4
-60
-64
-78
-38
-18
38
30
-120
-95
-101
-96
-8
-100
-173
-191
-193
-172
-196
-205
-222
-218
-164
-194
-191
-154
-172
-119
-95
-87
-96
-118
-40
-9
-75
-86
-25
-23
6
59
55
49
-18
-31
-25
-76
-101
-59
-12
-20
-6
-38
-92
-92
-110
-125
-221
-262
-178
-208
-259
-316
-363
-326
-318
-355
-365
-381
-433
-421
-424
-425
-372
-359
-394
-406
-405
-381
-341
-324
-285
-237
-186
-134
-27
-1
-68
-21
45
77
105
161
181
229
353
415
365
327
393
461
562
554
557
569
485
518
531
487
483
519
524
520
550
601
635
627
595
544
541
532
464
384
316
291
340
401
344
302
379
356
303
300
273
283
286
210
159
153
162
194
113
75
116
157
231
177
178
250
162
141
87
10
102
72
6
28
-45
-104
-54
-20
-34
-18
-77
-148
-160
-277
-433
-486
-447
-452
-565
-571
-524
-575
-632
-610
-586
-602
-563
-591
-638
-616
-604
-664
-612
-469
-381
-343
-309
-267
-291
-176
-103
-133
-149
-182
-131
-87
-54
-79
-30
38
17
43
67
65
76
-3
-72
-71
-206
-221
-271
-420
-445
-560
-673
-706
-692
-658
-759
-874
-926
-947
-951
-1056
-1155
-1226
-1235
-1165
-1106
-1020
-986
-862
-709
-735
-617
-452
-355
-224
-162
-41
136
206
256
372
537
711
801
935
1098
1182
1307
1381
1361
1372
1428
1465
1432
1402
1475
1548
1567
1578
1472
1492
1512
1461
1435
1334
1265
1161
1062
951
806
734
741
713
623
537
488
450
411
325
153
134
139
68
-32
-175
-191
-187
-189
-223
-214
-183
-169
-180
-254
-267
-284
-274
-242
-235
-282
-320
-290
-284
-282
-301
-255
-196
-236
-199
-167
-204
-228
-247
-292
-359
-342
-371
-376
-356
-378
-379
-368
-339
-413
-373
-319
-339
-334
-396
-360
-388
-468
-487
-535
-496
-464
-413
-394
-471
-450
-408
-399
-392
-363
-373
-443
-470
-516
-500
-475
-456
-375
-353
-342
-314
-273
-235
-283
-327
-374
-379
-368
-356
-232
-314
-330
-163
-121
-117
-210
-193
-17
-29
-102
-53
-3
21
-18
-58
11
26
97
159
105
180
252
263
209
155
95
76
71
-49
-39
-85
-166
-100
-120
-183
-234
-242
-202
-261
-329
-319
-333
-396
-373
-345
-437
-428
-257
-200
-113
16
25
150
227
306
420
396
465
481
508
647
708
774
860
891
970
1087
1142
1143
1170
1229
1234
1180
1098
1067
1015
1031
1064
986
941
906
926
922
836
777
665
537
477
393
272
179
91
99
126
60
-17
-122
-116
-89
-163
-219
-298
-283
-303
-348
-355
-372
-254
-260
-233
-207
-263
-146
-113
-103
-185
-320
-279
-276
-378
-463
-344
-320
-392
-389
-487
-462
-423
-498
-496
-572
-674
-699
-791
-860
-883
-909
-894
-858
-862
-802
-760
-731
-646
-631
-556
-531
-533
-511
-523
-477
-420
-371
-280
-121
-82
24
177
191
292
328
255
217
237
297
307
289
267
287
361
457
603
625
586
605
562
514
514
486
423
434
400
339
385
383
412
481
474
498
505
496
447
358
341
277
208
183
199
244
184
142
196
217
143
29
12
-32
-152
-233
-355
-469
-569
-716
-763
-714
-719
-748
-829
-879
-882
-887
-920
-1006
-1091
-1197
-1142
-1115
-1142
-1139
-1110
-931
-845
-717
-484
-392
-267
-155
-71
64
164
276
318
358
512
673
790
916
1067
1178
1232
1284
1362
1347
1321
1302
1252
1220
1112
1109
1065
1049
1085
953
981
965
861
793
660
634
577
407
256
150
128
44
-135
-149
-89
-87
-79
-220
-281
-169
-210
-282
-366
-446
-461
-477
-475
-461
-318
-259
-239
-166
-111
-24
-95
-110
-72
-108
-123
-138
-74
-119
-172
-119
-162
-206
-184
-157
-235
-306
-295
-314
-331
-372
-435
-503
-553
-531
-551
-532
-400
-345
-383
-332
-192
-97
-111
-135
-39
-31
-59
-20
7
103
189
302
372
361
437
433
367
432
468
396
347
337
290
285
271
198
192
216
214
195
178
154
112
78
34
-36
-78
-166
-169
-51
-11
12
-33
-107
-39
43
10
-26
-52
-84
-101
-93
-41
-82
-107
-58
-5
44
16
24
-20
-79
-76
-146
-195
-318
-492
-609
-679
-685
-779
-894
-987
-1077
-1100
-1131
-1189
-1191
-1206
-1337
-1363
-1363
-1352
-1326
-1380
-1199
-1000
-858
-686
-550
-361
-177
-61
82
253
347
488
551
574
662
738
902
1036
1110
1231
1264
1283
1418
1423
1326
1322
1283
1261
1232
1083
1068
1082
1007
994
1003
988
987
918
845
793
661
510
357
285
236
169
108
33
31
-3
-48
-16
-72
-127
-135
-237
-261
-218
-272
-271
-262
-233
-176
-81
24
27
107
276
273
206
216
191
175
113
36
64
122
114
72
27
22
33
-16
-95
-274
-365
-369
-518
-545
-552
-656
-687
-647
-615
-629
-615
-579
-460
-361
-379
-355
-341
-309
-340
-378
-290
-254
-182
-114
-56
104
142
149
234
277
252
180
161
156
187
189
152
161
156
172
191
238
254
206
183
148
65
14
-42
-140
-148
-216
-255
-254
-210
-122
-179
-118
-81
-88
-87
-136
-96
-152
-142
-160
-208
-115
-156
-187
-121
-59
38
26
-86
-180
-294
-438
-544
-682
-866
-981
-1125
-1218
-1196
-1278
-1324
-1314
-1386
-1358
-1388
-1507
-1446
-1453
-1452
-1312
-1226
-1042
-848
-628
-418
-123
208
376
612
798
1001
1150
1232
1344
1374
1457
1513
1632
1766
1792
1899
2001
2024
2024
1971
1842
1718
1651
1484
1283
1136
1070
1023
884
835
799
732
711
654
552
412
240
99
3
-64
-145
-252
-286
-289
-273
-188
-132
-101
-45
-40
-11
63
28
-88
-99
-78
-141
-122
-38
24
85
162
223
225
243
242
214
171
74
-107
-281
-311
-413
-457
-440
-620
-655
-647
-771
-764
-804
-902
-993
-1150
-1260
-1386
-1489
-1428
-1338
-1323
-1251
-1127
-979
-802
-669
-522
-369
-339
-292
-220
-257
-272
-169
-22
79
184
317
461
524
582
647
569
556
575
459
392
340
383
426
365
424
516
596
584
489
481
476
420
373
237
60
-35
-40
-50
-73
8
99
118
157
214
221
245
319
216
89
175
220
308
362
341
404
420
457
360
117
-144
-414
-620
-958
-1298
-1545
-1762
-1921
-2023
-2132
-2218
-2187
-2201
-2182
-2127
-2031
-1897
-1827
-1727
-1554
-1329
-1044
-640
-212
231
674
1044
1346
1655
1993
2131
2166
2207
2144
1994
1933
1989
2035
1932
1766
1711
1612
1492
1270
1072
908
590
350
176
14
-98
-143
-63
-43
11
201
273
375
480
442
483
468
345
382
333
215
194
169
281
274
256
359
352
334
192
106
85
-55
-157
-250
-225
-167
-204
-155
-108
-38
30
-6
33
50
-29
-65
-190
-216
-152
-239
-310
-307
-309
-359
-372
-350
-360
-393
-512
-664
-801
-950
-1052
-1127
-1150
-1155
-1110
-975
-892
-886
-848
-781
-741
-653
-592
-484
-365
-205
-43
-19
162
296
378
586
749
815
816
848
858
768
640
551
553
508
468
610
702
681
720
716
663
559
398
249
79
-81
-161
-151
-177
-77
124
182
265
331
341
360
308
265
219
173
188
193
293
492
622
824
959
1029
995
701
250
-391
-1045
-1703
-2321
-2799
-3203
-3555
-3803
-3786
-3707
-3588
-3375
-3237
-3074
-3013
-2911
-2751
-2682
-2403
-2022
-1537
-939
-254
700
1565
2340
3118
3638
3859
3767
3478
3121
2677
2094
1601
1098
719
622
548
662
714
633
565
417
306
52
-388
-835
-1141
-1315
-1356
-1065
-585
7
692
1316
1978
2529
2895
3081
2945
2669
2318
1950
1582
1151
861
737
649
619
583
541
523
313
46
-292
-768
-1091
-1412
-1691
-1705
-1600
-1300
-819
-313
247
706
1129
1409
1455
1420
1133
769
490
143
-217
-471
-599
-735
-880
-916
-977
-1134
-1280
-1530
-1843
-2061
-2210
-2358
-2455
-2322
-2106
-1834
-1375
-855
-369
110
555
859
974
984
1039
1044
991
981
967
1077
1240
1368
1538
1583
1572
1514
1265
917
533
211
-138
-471
-681
-829
-760
-540
-323
-61
262
530
628
582
516
420
171
-58
-175
-250
-240
-77
219
520
759
920
1036
988
801
517
190
-146
-536
-719
-797
-803
-554
-170
283
604
697
723
500
-198
-1204
-2316
-3362
-4257
-4996
-5547
-5912
-5896
-5427
-4755
-4054
-3389
-2800
-2374
-2137
-2065
-2030
-1869
-1622
-1278
-661
231
1306
2498
3538
4485
5156
5342
5094
4284
3257
2047
726
-475
-1512
-2075
-2330
-2161
-1496
-700
37
492
830
1124
1121
942
686
308
191
425
846
1621
2607
3670
4763
5564
6033
6061
5646
4956
3876
2530
1214
-83
-1149
-1821
-2167
-2040
-1697
-1334
-898
-630
-534
-532
-743
-950
-1175
-1376
-1283
-1016
-433
484
1407
2385
3279
3815
4119
4114
3673
2929
1933
830
-262
-1240
-1988
-2540
-2791
-2912
-2990
-2860
-2863
-2962
-3072
-3311
-3482
-3622
-3694
-3543
-3224
-2693
-1960
-1115
-124
739
1386
1931
2206
2254
2141
1876
1554
1145
790
590
439
370
401
355
175
93
-35
-314
-612
-908
-1102
-1213
-1206
-1038
-743
-341
93
608
1112
1553
1900
2046
2127
2048
1829
1524
1233
994
662
473
318
98
6
-18
-110
-276
-429
-639
-884
-1118
-1371
-1547
-1543
-1375
-1148
-829
-326
246
768
1240
1562
1613
1490
1216
645
-318
-1543
-2700
-3583
-4211
-4641
-4975
-5077
-4788
-4284
-3723
-3205
-2818
-2527
-2277
-2144
-2051
-1812
-1427
-880
-116
811
1813
2772
3631
4245
4517
4360
3639
2570
1332
37
-1298
-2514
-3247
-3536
-3423
-2878
-2037
-975
107
979
1628
2103
2422
2473
2374
2352
2410
2754
3253
3800
4613
5413
6061
6354
6158
5453
4318
3010
1409
-224
-1689
-2895
-3634
-3878
-3611
-3068
-2217
-1223
-424
167
573
839
787
692
608
543
856
1370
2002
2767
3528
4075
4320
4298
3870
3001
1800
328
-1059
-2213
-3159
-3670
-3866
-3678
-3209
-2789
-2286
-1894
-1731
-1732
-2047
-2368
-2547
-2686
-2501
-2098
-1529
-714
91
801
1423
1761
1702
1476
957
86
-613
-1106
-1508
-1692
-1633
-1347
-945
-624
-320
4
1
-186
-345
-606
-786
-860
-870
-671
-234
375
1067
1864
2474
2745
2812
2675
2520
2095
1519
1013
549
320
219
282
388
501
591
521
296
-95
-556
-1086
-1638
-2019
-2251
-2370
-2089
-1555
-994
-315
332
716
829
872
924
991
998
891
980
1174
1344
1629
1814
1776
1176
-47
-1560
-3039
-4097
-4867
-5512
-5917
-6047
-5674
-4755
-3672
-2569
-1697
-1301
-1251
-1282
-1285
-1171
-850
-376
318
1143
2053
3051
3928
4386
4190
3366
1911
93
-1625
-3105
-4337
-5165
-5408
-5026
-3967
-2350
-446
1380
2797
3552
3681
3525
3336
3044
2631
2353
2247
2605
3431
4349
5436
6336
6576
6079
4866
3227
1429
-522
-2423
-3952
-4955
-5162
-4457
-3034
-1250
575
2262
3433
3931
3964
3557
2824
1863
783
76
-189
-2
725
1736
2770
3385
3485
3240
2523
1325
-172
-1923
-3515
-4690
-5282
-5044
-4363
-3247
-1878
-580
615
1354
1632
1449
767
-162
-1180
-2049
-2538
-2559
-2161
-1570
-992
-345
194
487
509
17
-688
-1446
-2240
-2807
-3064
-2934
-2358
-1592
-821
26
706
1128
1380
1298
994
625
161
-132
-160
-11
402
920
1481
1986
2336
2446
2325
2074
1534
916
378
-52
-363
-392
-206
14
416
649
756
802
568
110
-582
-1240
-1767
-2117
-2277
-2180
-1652
-868
87
948
1585
2010
2051
1801
1336
941
700
505
458
454
699
1143
1398
1453
981
-237
-1855
-3551
-4861
-5657
-6162
-6340
-6253
-5770
-4715
-3394
-2101
-1043
-486
-374
-546
-729
-646
-345
106
694
1315
1901
2528
3056
3317
3128
2159
516
-1355
-3045
-4286
-5039
-5313
-5005
-4354
-3212
-1556
204
2125
3528
4239
4414
4029
3723
3435
3176
3152
3247
3380
3602
4050
4592
4888
4739
4035
2617
818
-863
-2278
-3342
-3984
-4043
-3411
-2365
-931
844
2574
3902
4492
4417
3834
2853
1891
1071
453
71
-76
203
720
1341
1863
2112
1891
1188
329
-670
-1490
-2162
-2668
-2738
-2471
-1858
-1035
-114
614
1063
1261
964
404
-279
-1096
-1677
-2084
-2358
-2367
-2244
-1871
-1389
-993
-749
-806
-975
-1142
-1307
-1450
-1500
-1368
-1153
-803
-498
-198
224
420
535
594
377
51
-193
-253
-237
-135
44
192
294
367
563
795
906
862
728
495
346
535
806
1044
1199
1255
1300
1227
1044
991
938
683
212
-352
-822
-1090
-1154
-1180
-1194
-1239
-1235
-1030
-494
321
1034
1464
1536
1236
970
832
796
970
994
979
1122
1362
1815
2073
1904
1117
-510
-2588
-4671
-6070
-6643
-6690
-6428
-5854
-4837
-3582
-1961
-408
557
924
476
-292
-760
-896
-533
268
1154
1806
2236
2637
2935
2862
2123
533
-1688
-3894
-5585
-6361
-6380
-5855
-4842
-3615
-1960
8
1874
3579
4741
5040
4729
4086
3565
3464
3570
3817
3944
4002
4214
4234
4231
3996
3104
1813
48
-1709
-2935
-3637
-3660
-3324
-2528
-1272
-37
1485
2997
4072
4565
4315
3662
2734
1859
1209
775
553
402
476
770
1122
1438
1452
978
131
-683
-1334
-1737
-1755
-1604
-1244
-811
-246
386
812
1113
1076
658
-38
-690
-1184
-1580
-1704
-1697
-1688
-1666
-1552
-1391
-1232
-1166
-1323
-1578
-1932
-2202
-2159
-1864
-1381
-885
-490
-193
101
314
333
218
-135
-703
-1190
-1441
-1488
-1298
-929
-507
-98
273
556
776
893
830
730
566
409
444
603
905
1344
1595
1704
1726
1569
1387
1126
800
438
67
-97
-3
5
-57
-114
-318
-654
-1034
-1362
-1597
-1564
-1303
-855
-160
680
1627
2484
2792
2463
1797
883
62
-311
-372
-136
424
1195
2053
2774
3060
2588
1107
-1433
-4249
-6371
-7502
-7529
-6704
-5381
-3635
-1491
649
2296
3148
3032
1999
273
-1521
-2758
-3209
-2898
-1981
-753
478
1509
2176
2346
1881
624
-1435
-3827
-5869
-7061
-7177
-6242
-4589
-2442
-2
2359
4520
6225
7145
7145
6229
4595
2857
1714
1149
1104
1541
2212
2945
3559
3871
3704
2959
1617
-256
-2242
-3836
-4762
-4714
-3912
-2540
-711
1318
3316
4822
5742
5909
5316
4118
2609
1272
241
-343
-616
-585
-233
180
549
734
484
-197
-907
-1572
-2001
-1969
-1833
-1522
-946
-272
497
1234
1712
1700
1285
645
69
-294
-434
-418
-537
-777
-1071
-1304
-1389
-1451
-1635
-1982
-2432
-2848
-2875
-2477
-1867
-1137
-622
-315
-99
82
400
659
575
174
-247
-640
-809
-652
-413
-127
20
2
23
11
3
45
1
-166
-395
-441
-144
420
1023
1495
1725
1735
1737
1678
1521
1296
786
116
-455
-785
-798
-547
-352
-424
-609
-984
-1302
-1433
-1489
-1397
-1217
-914
-339
700
1910
2968
3398
2933
1994
823
-125
-667
-919
-863
-575
-82
739
1645
2226
2101
749
-1603
-4190
-6095
-6798
-6439
-5262
-3768
-2080
-310
1344
2736
3200
2676
1190
-1018
-3059
-4261
-4294
-3483
-2371
-1184
-208
489
990
1263
1125
159
-1527
-3409
-4737
-5027
-4318
-2846
-1155
498
1934
3113
4172
5093
5486
4990
3760
2217
1142
728
914
1391
1776
2210
2420
2455
2633
2693
2404
1693
526
-601
-1332
-1605
-1171
-337
438
1188
1967
2712
3361
3742
3611
2940
1778
540
-216
-604
-697
-642
-608
-424
-192
91
360
417
288
18
-168
-27
412
854
1205
1527
1643
1514
1161
643
22
-737
-1418
-1812
-1843
-1512
-1039
-516
-150
-168
-489
-877
-1256
-1680
-1995
-2285
-2409
-2134
-1554
-764
14
538
666
447
-29
-658
-1162
-1491
-1852
-2162
-2251
-2177
-1872
-1292
-652
-262
-195
-194
-218
-162
83
258
425
550
530
682
1124
1601
1880
1940
1655
1137
683
349
150
-92
-406
-689
-752
-527
-156
320
519
312
-105
-587
-907
-1094
-1092
-907
-659
-184
429
1235
2140
2688
2710
2080
1013
-181
-1113
-1461
-1358
-828
76
1077
2092
2871
3074
2508
846
-1748
-4498
-6535
-7182
-6436
-4802
-2794
-842
891
2254
2768
2369
1273
-546
-2575
-4271
-5136
-4762
-3383
-1483
344
1536
1919
1741
1063
75
-1063
-2520
-3930
-4631
-4464
-3513
-1976
-233
1360
2493
3115
3338
3409
3418
3082
2540
1998
1659
1792
2304
3011
3608
3859
3670
3047
2159
1326
696
151
-385
-878
-1182
-1111
-643
-18
759
1546
2025
2217
2234
2163
2039
1898
1642
1261
928
654
463
345
170
-40
-377
-757
-1013
-1091
-889
-339
408
1035
1411
1540
1497
1285
870
288
-347
-884
-1147
-1119
-744
-88
457
774
785
460
-97
-800
-1520
-2200
-2645
-2787
-2694
-2354
-1977
-1479
-823
-402
-96
24
-157
-469
-918
-1329
-1536
-1586
-1558
-1360
-1006
-732
-564
-460
-487
-548
-510
-505
-518
-234
206
701
1163
1415
1498
1481
1514
1656
1949
2123
2099
1791
1257
734
325
86
-255
-680
-1157
-1516
-1533
-1097
-374
179
489
380
-100
-504
-808
-839
-507
-227
-9
331
826
1519
2103
2089
1443
211
-1149
-2016
-2349
-1894
-966
-78
981
1871
2582
3254
3153
1976
-195
-2977
-5344
-6288
-5497
-3539
-1233
789
2050
2463
2215
1289
-308
-2411
-4634
-6411
-7253
-6571
-4533
-1857
781
2603
3272
2886
1876
581
-768
-2118
-3310
-3985
-3931
-2790
-978
857
2261
2809
2463
1582
897
553
503
628
727
1035
1766
2956
4296
5363
5726
5170
3948
2351
960
225
162
355
396
339
212
260
422
346
121
-123
-316
-350
-52
708
1643
2419
2815
2836
2545
1905
1145
308
-584
-1347
-1683
-1491
-846
150
1115
1721
1840
1396
713
-97
-926
-1437
-1735
-1654
-1047
-160
832
1708
2191
2205
1569
492
-529
-1377
-1975
-2386
-2510
-2246
-1945
-1655
-1461
-1529
-1853
-2248
-2471
-2370
-1916
-1420
-1036
-678
-365
-242
-222
-190
-231
-423
-689
-878
-988
-808
-415
-148
-2
139
316
479
826
1056
929
855
863
1004
1459
1845
2084
2144
1668
1039
497
75
-120
-205
-326
-474
-458
-261
130
524
527
145
-432
-942
-1085
-794
-127
549
1079
1410
1510
1547
1458
1132
402
-669
-1827
-2455
-2327
-1581
-346
808
1681
2263
2635
2874
2738
2018
508
-1801
-4241
-5724
-5561
-3776
-1442
465
1695
1994
1488
325
-1376
-3119
-4751
-6107
-6654
-6135
-4434
-1769
909
2650
3106
2285
878
-490
-1777
-2675
-3060
-3058
-2549
-1488
-111
1191
2001
2082
1351
79
-943
-1111
-500
538
1600
2314
2845
3472
4046
4342
4236
3664
2652
1582
736
459
1012
1908
2555
2490
1712
722
-311
-1228
-1767
-1796
-1220
-305
900
2090
2907
3412
3213
2355
1178
13
-779
-1250
-1311
-1000
-437
487
1437
1998
1919
1275
468
-343
-918
-1151
-1053
-599
1
599
1045
1301
1434
1180
558
-209
-746
-691
-320
37
174
124
-194
-718
-1264
-1971
-2692
-3392
-3896
-4003
-3513
-2182
-547
760
1478
1310
362
-639
-1361
-1847
-2017
-1848
-1354
-631
210
1000
1453
1413
857
-129
-1140
-1622
-1333
-484
448
1141
1612
2018
2308
2431
2183
1493
626
-263
-853
-959
-519
247
943
1144
734
284
-77
-260
-392
-782
-1036
-1054
-783
-131
612
1205
1421
1196
596
-176
-591
-461
-265
-262
-349
-386
-224
160
586
813
736
596
671
724
1031
1772
2151
1879
581
-1681
-3652
-4475
-3912
-2646
-1391
-258
434
668
358
-564
-1748
-2935
-3992
-4883
-5139
-4307
-2624
-600
998
1632
1439
714
-249
-1011
-1547
-1867
-1823
-1580
-1168
-493
137
428
433
96
-528
-1141
-1150
-273
962
2151
2906
3199
3390
3481
3444
3416
3405
3200
2881
2383
1957
2057
2300
2332
1849
815
-425
-1563
-2250
-2392
-1922
-925
357
1502
2227
2599
2517
1948
966
-85
-899
-1355
-1260
-714
5
830
1575
1854
1578
907
59
-751
-1321
-1548
-1388
-853
-106
649
1252
1574
1562
1329
904
365
26
-89
56
379
610
577
96
-470
-1055
-1847
-2628
-3139
-3361
-3298
-2748
-1917
-987
-176
231
271
-99
-678
-1152
-1434
-1477
-1326
-962
-301
369
906
1084
657
-64
-855
-1593
-1995
-1649
-675
496
1615
2174
2176
1936
1450
959
510
186
326
733
1238
1752
1902
1690
1204
389
-569
-1416
-1873
-1865
-1532
-960
-267
556
1203
1387
1191
667
-113
-870
-1334
-1493
-1231
-632
154
978
1505
1557
1181
497
-269
-940
-1381
-1347
-951
-227
791
1881
3016
3764
3765
2620
137
-2792
-4965
-5356
-3990
-1829
336
1812
2261
1619
91
-1892
-3821
-5165
-5863
-5949
-5249
-3520
-1060
1197
2498
2412
1141
-633
-2021
-2605
-2647
-2079
-1300
-495
433
1079
1365
1127
458
-492
-1638
-2273
-1673
120
2239
3662
4015
3781
3487
3250
3055
2967
2930
2765
2449
2077
1983
2219
2510
2303
1282
-80
-1390
-2212
-2361
-1967
-1089
108
1213
1893
2129
1795
1178
527
-107
-520
-566
-146
416
1016
1503
1644
1573
1200
668
37
-696
-1039
-831
-343
158
567
783
833
709
404
100
-156
-180
-144
-71
382
898
1205
1132
510
-468
-1529
-2445
-2992
-3121
-2976
-2661
-2158
-1630
-1120
-720
-762
-1041
-1370
-1721
-1982
-1899
-1347
-526
203
596
673
533
262
-165
-623
-1086
-1248
-885
-409
194
1012
1659
1874
1793
1382
741
163
-269
-309
81
861
1665
2141
2055
1356
435
-571
-1300
-1485
-1260
-820
-359
155
566
811
840
652
268
-284
-683
-949
-871
-337
303
895
1089
963
812
561
367
117
-329
-592
-568
-387
-16
421
761
1056
1359
1715
2045
2143
1703
466
-1286
-2782
-3199
-2322
-829
501
1118
754
-210
-1590
-3166
-4298
-4850
-4783
-4231
-3533
-2521
-1196
26
607
258
-890
-2194
-2645
-2060
-1041
200
1297
1782
1799
1311
403
-511
-1255
-1858
-2235
-2169
-1245
555
2447
3668
3913
3214
2324
1891
1590
1637
2090
2467
2675
2522
2261
2320
2473
2378
1675
276
-1110
-1814
-1679
-918
-90
632
1256
1440
1122
608
224
154
228
240
313
424
718
1167
1343
1261
1068
864
821
912
1004
1083
1145
1146
968
515
-83
-394
-561
-743
-726
-448
186
850
1192
1011
399
-248
-845
-1270
-1357
-1315
-1220
-1223
-1420
-1689
-1926
-1896
-1846
-2009
-2171
-2236
-2192
-2001
-1650
-1151
-612
-203
-146
-468
-794
-945
-993
-905
-692
-465
-182
140
380
553
589
554
587
648
788
1126
1438
1420
1312
1136
894
969
1038
772
267
-451
-1028
-1221
-1056
-496
107
588
856
609
80
-369
-370
-45
104
132
178
298
541
575
326
116
-113
-290
-357
-299
46
602
1009
892
379
27
134
349
322
155
309
923
1889
2877
3447
3398
2287
181
-2249
-3906
-3806
-2199
-282
767
749
23
-1155
-2342
-3412
-4353
-4709
-4620
-4376
-3768
-2661
-1077
480
1145
606
-698
-1801
-1995
-1476
-686
0
507
878
870
387
-273
-941
-1562
-2030
-2376
-2160
-913
943
2506
3122
2811
2235
1905
1862
1845
1866
2353
2985
3360
3395
3209
3139
2830
2002
715
-681
-1394
-1264
-575
230
800
1238
1400
1045
382
-307
-758
-687
-323
20
555
1346
2042
2378
2229
1818
1422
1121
906
553
222
374
785
1028
954
561
0
-525
-771
-779
-640
-352
-44
66
-39
-201
-224
7
84
-145
-575
-1078
-1458
-1836
-2218
-2395
-2238
-2127
-2020
-1964
-2112
-1943
-1782
-1792
-1718
-1714
-1699
-1548
-1353
-1166
-903
-601
-275
-66
3
157
370
556
597
552
660
945
1407
1812
1883
1652
1175
649
170
-158
0
507
995
1128
886
584
133
-243
-491
-670
-474
-109
151
322
468
787
1245
1299
968
374
-294
-487
-361
-90
236
630
861
700
463
107
-185
-378
-730
-855
-685
-327
389
961
1063
1003
963
1113
1353
1595
1880
1911
1762
1357
356
-728
-1304
-1394
-1329
-1460
-1778
-2113
-2370
-2492
-2767
-3326
-3785
-3973
-3969
-3679
-3113
-2231
-1262
-639
-507
-698
-690
-416
-100
-12
-138
-154
-4
230
287
16
-528
-1111
-1570
-1815
-1607
-940
73
1157
1780
1910
1798
1737
1916
2034
2137
2322
2528
2798
2945
2885
2733
2611
2389
1868
1296
906
868
975
804
350
-281
-680
-842
-920
-860
-647
-61
583
1174
1687
1951
2116
2087
1723
1120
616
460
689
987
1222
1437
1532
1457
932
95
-703
-1147
-1264
-1351
-1242
-918
-328
296
537
331
-168
-493
-701
-898
-997
-1006
-721
-315
-212
-411
-678
-1018
-1330
-1781
-2459
-2791
-2747
-2565
-2251
-1947
-1745
-1548
-1395
-1436
-1591
-1407
-786
-156
330
566
742
1010
1200
1299
1185
993
958
864
626
268
-16
71
308
405
345
308
394
506
495
337
245
315
368
264
84
-24
89
364
572
681
745
765
598
291
44
-136
-113
87
256
288
311
446
309
-32
-316
-615
-810
-809
-548
-86
407
792
928
688
288
-36
-231
-193
78
511
1169
1931
2604
2884
2257
1003
-604
-2104
-2961
-3047
-2381
-1461
-696
-452
-800
-1329
-1973
-2657
-3123
-3403
-3403
-3042
-2387
-1499
-500
323
584
230
-567
-1290
-1520
-1364
-810
-188
316
656
536
108
-349
-646
-919
-1068
-990
-835
-357
328
971
1380
1480
1534
1553
1520
1592
1727
2045
2491
2841
3163
3231
3082
2858
2359
1701
1032
477
151
1
-53
13
217
451
634
657
636
700
704
574
462
466
673
1095
1521
1867
1974
1818
1627
1238
648
216
-215
-564
-692
-966
-1131
-1025
-852
-661
-693
-952
-1172
-1253
-1111
-830
-566
-223
158
509
620
432
154
-207
-607
-1048
-1597
-1989
-2071
-2021
-1858
-1750
-1719
-1631
-1620
-1581
-1502
-1395
-1115
-747
-430
-218
-54
88
286
457
434
264
154
214
273
257
232
230
220
107
-179
-561
-742
-535
-130
234
545
735
738
705
484
147
-86
-185
-47
184
452
760
1020
1133
934
496
47
-196
-116
20
58
276
591
868
1111
1036
737
399
126
-120
-174
127
595
1084
1122
812
390
44
-25
-114
-24
88
367
1007
1419
1651
1623
1265
612
-240
-928
-1377
-1387
-1052
-738
-673
-736
-787
-1050
-1494
-2100
-2697
-3034
-3077
-2738
-2279
-1802
-1299
-1022
-950
-1044
-1047
-770
-451
-172
-126
-242
-303
-406
-469
-468
-406
-443
-677
-958
-1164
-1205
-941
-392
79
555
979
1261
1477
1539
1678
1826
1892
1979
2005
2057
2150
2213
2299
2289
2192
1980
1632
1210
726
422
461
624
770
942
1036
1058
1027
879
773
828
974
1215
1362
1448
1684
1729
1593
1326
682
-65
-642
-1063
-1264
-1187
-991
-719
-414
-202
-87
-101
-250
-458
-779
-1076
-995
-653
-300
49
195
136
-113
-725
-1373
-1851
-2173
-2343
-2366
-2244
-2003
-1668
-1370
-1175
-1152
-1154
-1088
-1085
-1063
-929
-701
-409
-209
-175
-197
-253
-290
-205
-278
-426
-456
-520
-497
-418
-317
-21
321
461
603
667
647
658
561
557
512
450
613
700
765
862
810
824
795
631
543
559
717
808
744
677
603
689
859
946
1046
951
824
697
538
500
421
394
329
127
-84
-100
-44
-48
40
-45
-224
-207
-138
-100
42
359
649
850
858
665
541
387
106
-123
-269
-447
-505
-550
-725
-909
-1223
-1497
-1613
-1804
-2012
-2035
-1971
-1747
-1441
-1255
-1039
-890
-819
-783
-812
-781
-681
-611
-580
-692
-876
-819
-759
-735
-812
-1011
-1208
-1454
-1417
-1231
-883
-352
55
464
752
895
1175
1357
1437
1523
1439
1435
1538
1640
1778
1926
2127
2144
2069
1886
1512
1347
1118
869
823
836
1052
1360
1503
1556
1472
1269
1139
1052
973
922
1035
1113
1005
889
690
421
95
-302
-599
-850
-1073
-1061
-875
-658
-337
-157
-131
-121
-335
-467
-501
-525
-426
-304
-234
-257
-381
-733
-1113
-1404
-1586
-1643
-1653
-1610
-1613
-1395
-1079
-900
-699
-648
-680
-720
-813
-868
-832
-660
-490
-359
-302
-303
-289
-324
-418
-565
-689
-711
-641
-530
-339
-156
28
251
395
425
488
647
693
675
524
479
545
535
654
658
675
789
760
663
582
510
476
462
431
403
497
752
914
980
919
758
659
470
352
425
553
650
579
328
-19
-249
-355
-446
-529
-585
-390
-163
-61
86
196
305
349
317
284
271
447
594
565
501
356
209
84
-189
-539
-746
-955
-1132
-1091
-1142
-1135
-1082
-1155
-1136
-1350
-1552
-1446
-1333
-1209
-1090
-990
-881
-749
-659
-701
-724
-766
-855
-996
-1238
-1386
-1412
-1287
-1117
-1035
-947
-821
-517
-227
-57
61
183
300
312
522
698
784
1014
1115
1133
1206
1275
1373
1514
1586
1619
1686
1670
1555
1373
1269
1325
1440
1518
1495
1490
1496
1538
1551
1520
1513
1450
1307
1132
912
633
439
328
328
311
164
58
-33
-146
-196
-245
-327
-218
-176
-281
-272
-234
-177
-91
-67
-207
-438
-661
-940
-1036
-1067
-1212
-1029
-975
-1132
-1065
-1076
-1054
-1184
-1378
-1306
-1368
-1354
-1125
-924
-804
-768
-631
-506
-529
-606
-673
-649
-626
-690
-643
-495
-313
-53
-31
-129
-216
-286
-184
-52
98
229
395
541
605
639
678
766
776
733
677
657
659
677
657
609
660
719
765
773
722
688
722
698
591
438
336
394
416
465
508
385
307
259
117
-53
-193
-156
102
238
228
229
243
225
96
-83
-260
-288
-201
-138
23
236
449
599
493
284
98
-88
-153
-152
-166
-145
-188
-339
-455
-488
-564
-673
-765
-938
-1039
-1070
-1156
-1159
-1153
-1209
-1305
-1407
-1440
-1380
-1327
-1265
-1086
-1108
-1138
-1050
-1106
-1075
-1038
-1044
-1036
-978
-833
-706
-477
-277
-158
10
83
122
220
238
254
317
344
413
600
846
982
1149
1346
1368
1450
1599
1670
1719
1783
1780
1750
1714
1604
1538
1431
1327
1288
1203
1246
1291
1243
1291
1291
1117
991
871
617
490
374
224
179
30
-89
-22
16
-49
-57
-78
-165
-180
-202
-212
-238
-250
-251
-444
-564
-610
-713
-727
-836
-861
-844
-926
-940
-995
-1051
-1115
-1180
-1290
-1388
-1348
-1252
-1135
-1009
-870
-723
-673
-623
-587
-602
-495
-445
-415
-338
-395
-477
-436
-375
-376
-369
-329
-304
-237
-92
-19
25
97
202
228
310
412
452
600
684
709
770
884
1005
1055
996
953
905
754
630
537
451
357
341
331
334
358
290
261
229
146
122
309
442
422
431
361
323
253
189
187
109
64
-1
-80
18
64
75
196
166
103
67
68
118
203
293
264
177
106
117
35
-35
41
17
9
-85
-302
-330
-425
-488
-452
-591
-717
-745
-893
-1129
-1234
-1218
-1172
-1210
-1273
-1302
-1268
-1222
-1230
-1192
-1219
-1202
-1072
-1005
-932
-849
-762
-675
-642
-658
-676
-676
-614
-421
-168
-22
170
329
375
451
435
584
761
791
896
1071
1318
1466
1613
1725
1719
1747
1637
1549
1580
1544
1590
1603
1475
1425
1418
1364
1342
1285
1088
929
767
516
395
310
225
198
137
185
237
243
275
188
-6
-202
-273
-365
-419
-330
-261
-276
-374
-542
-700
-717
-749
-779
-809
-856
-754
-665
-646
-678
-707
-802
-902
-909
-980
-1015
-985
-873
-743
-632
-586
-618
-564
-580
-674
-676
-714
-675
-476
-397
-320
-291
-393
-417
-420
-410
-387
-328
-206
-29
20
141
345
356
475
482
431
504
570
643
637
711
735
772
829
782
719
601
556
566
540
431
413
404
321
285
255
327
381
399
396
334
303
279
168
64
79
69
99
140
56
-5
-79
-160
-180
-132
-78
-85
-12
28
11
13
-45
-36
44
104
112
98
128
186
248
240
291
239
72
72
10
-21
-86
-241
-374
-592
-683
-798
-952
-1051
-1108
-1067
-1064
-1072
-1099
-1123
-1088
-1042
-978
-891
-841
-790
-722
-684
-683
-707
-783
-793
-634
-590
-519
-412
-465
-273
-181
-275
-103
103
247
305
429
642
775
961
1119
1176
1232
1316
1372
1366
1343
1354
1394
1310
1240
1190
1128
1124
1088
1158
1178
1125
1053
898
846
804
732
708
600
473
409
339
246
174
159
101
57
-28
-184
-223
-307
-385
-383
-384
-432
-572
-610
-553
-552
-571
-592
-621
-648
-665
-655
-648
-633
-617
-676
-727
-746
-778
-711
-697
-707
-611
-655
-678
-657
-693
-615
-638
-645
-648
-705
-549
-536
-465
-334
-388
-288
-221
-147
-33
-78
-59
57
182
252
224
239
295
329
370
432
478
581
689
639
589
568
523
513
483
410
345
389
450
454
546
572
543
563
519
502
451
361
365
376
291
271
208
116
190
133
57
67
14
-52
-93
-30
0
8
41
27
16
17
47
42
61
-13
-116
-31
47
78
72
57
85
89
-8
-60
-51
-162
-275
-354
-378
-399
-530
-637
-732
-821
-858
-939
-1013
-994
-997
-980
-935
-912
-870
-895
-894
-880
-980
-1017
-994
-955
-856
-764
-656
-525
-421
-383
-337
-326
-341
-305
-241
-149
27
270
458
687
809
833
867
883
949
1012
1108
1243
1311
1362
1431
1430
1417
1377
1284
1192
1109
1076
1046
1022
1044
1067
1031
899
766
742
666
522
441
380
385
373
400
499
427
314
236
88
-46
-158
-275
-331
-359
-386
-472
-548
-552
-583
-670
-680
-618
-709
-731
-662
-629
-629
-705
-743
-766
-807
-821
-805
-789
-821
-878
-815
-818
-954
-975
-968
-874
-827
-902
-846
-718
-572
-449
-379
-289
-273
-305
-202
-61
5
62
110
202
260
228
227
288
358
376
421
474
587
625
553
641
671
674
727
754
771
750
716
651
576
549
574
507
495
551
536
560
532
430
363
319
303
257
202
205
158
-37
-119
-31
-92
-91
1
44
64
79
121
37
-24
-4
39
66
10
-14
-99
-110
-113
-240
-236
-239
-283
-243
-231
-304
-405
-352
-412
-577
-617
-723
-742
-819
-950
-939
-976
-970
-1067
-1166
-1056
-1039
-1039
-918
-831
-738
-700
-665
-594
-579
-574
-509
-417
-434
-381
-216
-223
-221
-93
-93
-64
6
133
276
359
558
650
760
978
1054
1074
1245
1400
1425
1424
1351
1447
1479
1324
1300
1230
1189
1137
1108
1075
941
963
887
841
798
671
733
652
537
544
482
417
373
286
153
113
82
-48
-43
-62
-180
-257
-326
-380
-463
-490
-526
-546
-537
-611
-649
-638
-577
-602
-783
-791
-836
-952
-900
-951
-967
-842
-825
-841
-803
-805
-775
-738
-785
-719
-614
-626
-536
-451
-532
-562
-542
-513
-480
-448
-312
-223
-133
-28
-91
43
229
201
229
277
269
362
472
502
478
443
515
456
379
411
451
533
488
518
571
495
505
492
448
390
363
381
387
387
329
258
209
232
269
272
251
129
71
152
132
104
200
190
90
80
97
80
52
33
41
14
-10
-48
-85
-38
30
72
34
21
50
69
75
35
39
68
24
-43
-167
-273
-377
-444
-477
-585
-578
-632
-742
-721
-720
-740
-786
-790
-805
-821
-813
-875
-781
-745
-793
-717
-690
-670
-619
-614
-581
-566
-536
-489
-422
-290
-253
-211
-121
58
157
182
283
298
406
466
495
647
731
814
968
1030
1010
1110
1123
1144
1243
1227
1198
1193
1167
1085
1054
1036
992
982
945
856
799
753
694
594
445
428
370
269
292
255
207
119
39
26
-33
-101
-155
-173
-225
-316
-356
-389
-466
-506
-578
-660
-670
-728
-737
-674
-668
-661
-592
-586
-593
-573
-574
-531
-571
-567
-493
-493
-504
-575
-569
-450
-461
-404
-333
-446
-415
-307
-305
-293
-309
-274
-165
-143
-93
20
54
49
107
129
137
280
372
387
399
326
335
361
260
305
281
197
282
224
205
215
99
109
200
274
305
235
136
132
168
166
207
242
275
318
263
228
232
192
136
134
193
208
163
180
200
210
238
189
162
99
103
179
201
244
223
218
240
196
209
202
121
73
22
86
98
28
42
-42
-108
-196
-293
-392
-527
-606
-706
-692
-655
-745
-758
-766
-881
-931
-939
-926
-902
-931
-859
-789
-780
-703
-645
-606
-674
-697
-590
-588
-469
-330
-325
-287
-228
-150
-55
-1
-13
105
233
315
484
472
514
641
652
776
801
856
967
920
972
1051
1028
1071
1079
1016
1049
1037
989
980
965
909
853
859
813
757
622
494
521
492
383
286
260
213
185
176
69
64
25
-67
-50
-135
-161
-169
-233
-265
-372
-419
-434
-542
-644
-638
-683
-713
-621
-670
-681
-577
-525
-508
-568
-578
-531
-494
-487
-475
-480
-514
-514
-482
-430
-485
-447
-325
-291
-209
-205
-187
-130
-121
-72
-23
2
12
53
47
93
189
178
281
301
240
328
302
275
343
372
367
319
268
334
301
211
237
171
190
157
34
65
74
111
162
174
202
115
81
156
120
120
175
158
204
215
178
194
109
28
50
4
12
95
93
31
14
57
75
105
137
96
72
81
132
165
102
148
133
11
-24
-26
-8
-90
-135
-162
-245
-240
-295
-411
-460
-472
-537
-590
-608
-640
-621
-624
-579
-557
-614
-579
-551
-564
-532
-469
-479
-572
-548
-501
-549
-498
-440
-404
-357
-355
-295
-306
-245
-80
-82
-7
127
173
218
274
418
495
486
546
606
649
662
618
576
615
689
754
777
720
712
778
797
737
765
816
701
668
706
672
617
526
487
527
473
337
341
229
45
78
82
117
115
-3
-31
-139
-218
-266
-358
-273
-305
-378
-326
-392
-412
-415
-498
-470
-473
-530
-472
-510
-538
-477
-442
-439
-460
-371
-330
-401
-439
-373
-366
-424
-350
-307
-303
-242
-247
-243
-228
-281
-217
-95
-13
-10
-25
3
0
60
-2
-59
3
-26
2
58
106
178
118
98
185
161
79
73
160
236
185
211
270
265
296
220
173
186
82
52
85
100
164
239
213
213
226
130
91
66
69
82
-5
-95
-113
-51
-30
-76
-77
-106
-145
-151
-150
-80
-106
-162
-114
-91
-4
-23
-98
-92
-111
-93
-123
-161
-176
-175
-154
-147
-154
-133
-102
-153
-163
-135
-106
-60
-76
-59
-113
-144
-63
-81
-47
-55
-82
-68
-141
-142
-121
-119
-131
-192
-203
-167
-120
-148
-179
-120
-144
-122
-71
-70
8
-22
-23
-32
-81
-12
65
111
136
218
217
199
229
212
166
174
256
217
214
312
342
304
291
382
411
443
441
369
378
370
369
374
327
298
331
344
323
303
270
238
182
116
87
113
79
36
0
-44
-31
-92
-148
-157
-141
-103
-175
-209
-140
-147
-185
-185
-179
-206
-174
-162
-187
-165
-217
-261
-269
-274
-218
-227
-289
-255
-233
-228
-239
-311
-240
-170
-199
-200
-238
-188
-103
-67
-10
31
13
42
51
-30
-14
-24
21
97
-15
-45
37
68
3
13
77
50
36
9
-36
55
101
-7
-23
-20
0
47
18
2
39
46
34
36
5
-7
24
20
40
13
-82
-75
-82
-87
-82
-121
-62
-106
-223
-215
-154
-138
-157
-96
-77
24
93
-4
6
35
43
113
159
191
175
176
242
209
218
227
217
224
226
270
251
302
334
319
383
367
362
326
223
266
235
153
232
215
78
85
89
103
153
15
-84
-77
-97
-163
-167
-149
-126
-125
-194
-194
-206
-194
-218
-241
-234
-258
-224
-222
-237
-223
-237
-219
-178
-195
-183
-145
-70
-70
-85
14
-12
-33
4
54
136
123
191
204
156
222
245
278
269
301
401
383
392
343
303
325
295
325
269
286
299
249
253
171
123
93
76
63
50
116
172
95
17
-7
-52
-90
-70
-70
-115
-162
-169
-160
-230
-156
-133
-188
-129
-193
-227
-213
-226
-177
-220
-260
-207
-221
-249
-248
-313
-365
-298
-239
-229
-233
-202
-108
-81
-3
23
3
-12
-25
-24
-85
-31
-56
-113
-93
-102
-38
-39
-70
-45
-91
-91
-48
-95
-102
-97
-98
-84
-55
-25
-100
-81
-51
-18
33
-18
7
-5
-79
-78
-79
-30
-12
-52
-2
53
116
77
3
15
30
79
99
105
112
60
92
160
157
172
174
214
213
170
149
154
202
189
116
135
230
244
189
119
144
154
132
127
139
149
144
189
218
249
164
102
139
109
110
121
93
86
27
10
26
-20
-23
-57
-53
-57
-103
-106
-77
-70
-177
-238
-183
-155
-146
-34
-43
-175
-129
-115
-181
-201
-167
-192
-226
-124
-109
-129
-90
-74
-19
-22
-61
-87
-128
-69
-56
-126
-123
-64
-34
-35
-25
-2
-6
-52
-2
17
-14
-8
-101
-34
93
83
161
104
64
155
37
63
194
158
141
113
106
131
63
-9
-45
-25
30
-29
9
30
-26
24
-15
-34
-20
-17
-17
-59
-32
-89
-134
-56
-68
-88
-115
-175
-150
-74
-64
-58
-47
-42
-30
-154
-189
-136
-120
-46
-52
-68
-146
-205
-63
-32
-54
19
41
28
11
-30
-45
-51
-38
13
19
3
-19
0
9
25
92
97
93
115
141
84
62
70
35
98
133
65
44
27
43
56
17
-13
-34
-60
-113
-67
-73
-97
-36
-59
-119
-118
-83
-37
30
18
-4
-12
-5
9
-99
-100
-12
-40
-30
-46
-64
52
27
4
75
39
25
6
-2
20
45
51
61
103
90
128
219
158
104
164
160
163
147
72
32
39
119
58
-46
-16
-38
-49
24
7
-7
-38
-59
25
-42
-40
-82
-191
-99
-79
-107
-130
-123
-63
-75
-39
-67
-134
-95
-94
-53
-32
-60
-52
-77
-131
-92
-7
28
41
-61
-24
92
46
76
102
63
0
-26
-18
-86
-40
-56
-81
-2
10
41
-5
31
41
-70
-29
-85
-153
-173
-163
-93
-93
-83
-35
-15
-82
-19
19
1
87
57
29
32
-30
-79
-31
-31
-7
37
16
60
-13
-73
39
144
120
84
115
124
90
80
129
202
157
173
253
191
202
191
163
182
171
152
144
214
172
74
55
34
56
62
17
-5
-19
-5
10
-41
-86
-104
-35
-11
-57
-62
-78
-79
-104
-55
-31
-82
-79
-61
-91
-82
-24
-47
-82
-47
-51
-102
-55
-36
-45
-27
-69
-101
-41
23
-7
-46
-63
-50
-17
10
44
45
43
38
55
86
71
37
-10
43
98
60
49
43
48
44
89
63
-17
21
34
54
56
-14
8
22
14
-7
-41
14
48
12
-20
23
52
25
8
-11
-9
-19
-40
-68
-128
-111
-119
-125
-6
-2
-74
-36
-2
-12
-27
-34
-71
-82
-10
-67
-81
-33
-34
37
55
4
-5
4
-10
-36
-67
-8
38
40
-23
-17
83
18
42
100
104
95
-4
23
41
-59
-19
11
-9
18
41
98
79
8
-52
-92
-75
-74
-62
-120
-163
-107
-109
-50
-35
-54
11
11
25
22
-25
-70
-72
-78
-122
-77
-53
-126
-116
-88
-111
-52
-49
12
45
-29
73
71
45
116
110
65
14
58
105
148
125
50
101
164
135
48
80
137
118
144
38
-2
19
-24
76
61
38
88
5
24
67
48
39
37
37
-17
-45
-73
-124
-111
-80
42
88
10
-3
-20
-31
-4
-17
-89
-88
-120
-104
-53
-55
-25
-5
35
3
-6
76
125
46
-30
-16
-50
-28
-40
-66
-25
-36
33
77
55
75
92
32
-12
56
57
33
37
-34
31
80
14
10
31
115
61
-31
3
7
-1
8
13
14
40
55
64
83
110
80
32
32
-30
18
105
42
40
-9
-22
23
-45
-42
-31
-45
-18
-73
-55
-8
-46
-45
-32
-1
-16
-26
-38
-71
-20
7
-22
-49
-68
-28
12
82
78
-19
-32
-2
-22
-97
-156
-144
-99
-73
-77
-102
-86
20
53
9
14
33
31
-4
-43
-78
-103
-102
-23
14
-52
-35
-86
-75
-16
-116
-84
-98
-138
-86
-132
-137
-62
-35
-31
-53
-71
-45
-19
36
70
28
5
51
108
109
33
-65
-19
35
-33
20
48
16
64
11
52
160
78
90
137
116
120
62
41
74
110
87
76
121
87
89
90
23
42
70
-6
-38
-50
-139
-123
-85
-30
23
-75
-92
-17
72
125
78
40
-31
27
101
26
-12
-43
-2
39
-2
-22
0
20
56
63
56
76
21
-29
-11
12
28
81
44
-40
-17
16
71
49
15
96
-7
-114
-22
-63
-83
-45
-113
-72
-9
-15
-30
-36
-27
-8
-10
-45
31
70
29
-23
-96
7
136
83
48
98
32
13
80
19
5
23
7
-23
-31
-67
-73
20
-14
-37
-44
-95
-75
-55
-14
-31
-16
59
17
8
64
24
9
74
89
49
18
13
19
54
73
53
34
-9
-14
-7
-84
-130
-127
-48
-45
-75
-42
-70
-60
6
14
-22
-81
-166
-82
-43
-56
-38
-83
5
17
-16
42
48
52
23
-9
-29
-7
45
-23
-48
-15
4
38
14
37
99
51
12
78
108
41
-6
22
57
26
11
68
-61
-139
-38
-31
19
1
-52
-54
-80
-61
-31
59
90
33
2
-26
-14
5
5
-47
8
92
50
-11
-71
-4
14
-66
-27
-19
-75
-115
-123
-59
-54
-84
-20
30
26
47
-7
-78
-8
21
58
140
101
55
47
94
105
111
134
35
104
142
55
36
-25
16
44
49
63
-13
24
47
26
-1
-6
95
35
6
35
-27
13
19
-48
-4
28
-31
-30
-35
-79
-39
-12
-61
-71
-59
-49
-28
-36
-29
-34
-29
34
87
59
30
20
2
-9
-48
12
31
-1
-19
-99
-88
-97
-79
-39
-49
6
-54
-115
-27
-43
-107
-43
11
-14
-30
9
84
56
39
96
100
63
91
140
58
118
126
-40
-9
12
97
142
55
108
74
41
99
106
97
138
125
43
73
59
-2
25
79
110
88
31
-42
-17
-18
-59
13
-56
-110
-85
-127
-87
-100
-98
-4
-36
-76
-58
-34
3
-43
-59
-8
20
33
-10
-47
-26
-24
-31
-25
-51
-43
-38
-14
-5
-31
-60
-94
-56
-62
-34
3
10
2
-76
-85
-64
-10
16
-12
5
-31
-41
16
37
-28
-77
40
27
-94
-57
-21
1
44
-12
-23
-1
2
135
155
53
-10
21
139
124
92
67
16
56
52
51
26
-36
-2
6
-26
-40
-62
-67
-8
-34
-35
37
0
-50
-61
0
17
44
91
7
-16
-16
37
77
20
35
73
73
19
-10
7
20
23
77
32
-64
-15
48
-3
-46
45
47
-15
-104
-84
35
-69
-96
-29
-28
25
-39
-43
-8
-80
-86
-94
-41
-18
-70
-42
-68
-33
68
28
34
22
-71
-53
-21
2
-24
-52
-35
-62
-13
26
-2
-12
-8
42
9
-27
-31
-78
-19
-7
-43
-9
-1
5
-1
13
54
59
50
58
64
39
40
123
150
140
173
87
32
104
135
100
73
71
53
28
40
15
-35
-31
-34
-52
-62
-83
-114
-34
1
-86
-89
-58
-15
24
-35
-60
-40
-61
-47
-64
-62
-65
-86
-8
43
42
25
-2
10
44
70
54
8
18
32
5
-30
-16
107
102
0
-14
-12
26
19
27
42
-34
-80
-72
15
66
36
7
29
36
12
84
82
44
109
84
53
59
25
33
13
20
13
-25
-2
-11
-16
7
-26
-54
-86
-53
1
-64
-124
-56
-61
-225
-165
-74
-80
9
-39
-118
-77
-36
-7
-42
-44
6
-10
20
34
-69
-56
19
62
26
-6
86
87
21
-50
-49
-23
-35
29
3
42
65
-33
36
-18
-57
74
56
65
69
9
27
-11
-16
-15
-63
-12
-3
-15
-13
8
56
36
29
39
53
45
14
32
57
24
29
104
59
37
59
72
81
-29
7
72
3
-1
-31
-73
-38
-69
-90
-24
-40
-13
33
-23
-1
32
-4
-32
-22
1
-18
-24
7
36
29
-13
9
25
-27
4
40
-1
-30
-19
-32
-42
-46
-51
-11
-19
-65
2
54
8
19
-23
17
77
-46
-8
11
-56
-42
-75
-3
59
-7
-50
4
54
13
-4
-18
6
50
3
-26
-11
-52
-33
25
84
119
87
124
127
80
108
168
95
26
49
6
24
49
50
43
-37
-47
-21
62
100
-50
-28
2
-34
-3
-51
16
20
-2
23
-23
-4
-46
-25
31
49
-10
-77
-49
-104
-104
-82
-74
-80
-88
-53
-51
-33
-11
-51
-70
-55
-69
-39
-47
-65
-108
-97
-57
-42
-19
-5
46
43
77
32
-7
3
-27
6
-10
0
33
33
8
-14
42
65
73
79
91
3
-93
6
-13
-81
-26
17
72
90
18
25
21
3
91
33
-21
-8
-59
-15
0
-38
-7
14
31
18
-12
-4
19
48
30
-34
33
61
-9
16
-18
-30
77
76
17
28
31
80
80
-42
-61
-13
2
101
79
-27
-46
-115
-88
33
53
11
31
41
5
27
4
-34
-56
-88
-72
-59
-15
-14
5
-28
-51
29
-15
12
52
-10
13
18
-35
42
54
-78
-13
0
-7
108
6
-16
14
-66
-70
12
56
-53
-50
-44
-31
29
-21
22
43
4
-19
-37
37
49
8
34
55
54
44
42
18
49
89
70
99
23
78
142
3
50
49
50
81
-63
-40
-12
-44
0
-10
-57
-49
-38
-46
3
9
-16
-90
-94
-51
-71
6
-16
-58
-22
6
13
-65
-54
2
43
45
8
-32
-63
-57
-66
4
-1
-76
-58
-37
27
28
-70
-120
-54
37
-6
-36
-38
-84
-102
-29
41
-42
-15
28
-16
6
11
66
-3
-43
55
16
-16
-16
19
30
44
81
33
50
62
26
4
-8
42
29
-72
-112
34
82
-35
19
71
92
85
30
2
-4
29
3
-2
9
4
49
23
-3
3
8
40
51
58
-27
-51
16
1
5
-67
-120
-13
-3
-20
8
14
-1
20
8
-80
-69
-25
81
98
-7
-62
-76
-6
99
57
-18
19
0
12
0
-14
35
-45
-118
-139
-107
-7
-13
-27
17
-42
13
82
65
57
-67
-4
61
-9
-21
12
24
41
48
34
49
1
-45
-18
13
-3
-11
-60
-91
-66
-34
49
61
57
76
62
69
33
57
31
-28
38
-4
13
-4
-23
140
88
-20
15
36
46
62
-11
-36
-37
-114
-71
0
12
-81
-134
-21
14
-43
-33
25
69
17
-86
-34
37
29
2
-101
-63
20
2
20
-29
-51
-36
-4
41
-39
-41
2
-21
-34
-70
-55
-14
22
13
-23
1
-36
-52
0
-45
-46
-2
-76
-77
-11
-59
-72
-44
-59
-40
12
87
51
-50
-50
-18
17
73
64
61
58
63
96
-8
-69
50
99
67
32
-19
25
72
72
53
3
0
22
17
9
55
61
-16
-25
9
67
32
-83
-19
64
61
44
-72
-138
-87
-46
0
-8
35
56
-27
-38
26
64
-17
-56
-35
-16
-47
-48
-44
-106
-71
-71
-32
-16
-63
-3
-5
4
-33
-20
52
-71
-42
-7
-38
-19
-38
23
9
2
-13
-28
34
5
-75
-12
2
-28
38
13
36
54
62
105
99
164
128
12
11
34
-59
-41
-6
-127
-39
-15
-66
92
79
36
85
87
89
11
15
-15
-103
14
13
-83
-48
-33
74
61
-28
32
1
-35
12
-4
-38
-68
-63
-49
-28
47
39
2
1
-9
-27
-67
1
29
-103
-82
-86
-45
37
-57
-47
41
85
81
89
129
161
90
51
35
-27
-21
-35
-81
-153
-66
-31
-49
14
-53
-14
32
25
67
22
-45
-50
5
-4
-51
2
58
38
59
102
47
28
17
7
-33
-69
-14
-33
-3
63
65
66
82
121
105
90
109
6
-97
-114
-185
-180
-132
-63
-40
-32
84
35
54
76
33
153
84
-29
-7
-57
-70
-30
-41
-65
-118
-83
2
-19
-30
3
31
-14
-91
-86
-49
-42
-85
-71
32
44
6
31
31
34
32
-38
-12
-45
-89
-25
-63
-45
-34
-55
8
47
66
72
92
106
24
-29
-11
22
-14
-94
-62
7
-6
-10
54
50
68
86
78
50
-40
-3
-6
12
59
50
83
45
75
48
-25
10
18
26
-7
-71
-70
-79
-77
-9
43
45
91
62
-38
-35
20
22
7
23
1
-52
-94
-113
-100
-70
-74
-8
82
29
0
68
85
39
17
63
16
-97
-92
-35
-90
-98
-31
14
-10
-92
-9
43
53
62
-40
-81
-51
-25
-32
-37
-12
100
116
61
86
11
66
99
-49
-34
21
-12
-33
-60
-82
42
127
79
43
13
12
-5
-47
-68
-126
-118
17
-2
-9
38
41
97
61
81
51
-15
13
-25
-39
3
77
102
49
45
10
-40
5
2
30
80
-27
-54
-10
5
19
-60
-53
-38
-55
-45
-55
15
17
-15
37
81
44
3
-5
-16
-12
-27
-9
-10
-49
-27
32
19
-29
-20
-33
-49
-45
-78
-101
-84
-72
-79
-25
58
57
35
22
59
52
7
15
-50
-81
-80
-37
-10
-69
13
118
106
55
33
39
49
-8
-42
-35
-97
-97
-5
28
23
79
121
134
71
-10
-38
-76
-14
45
-4
-12
51
8
0
94
28
-26
8
60
50
-13
15
58
35
-41
-88
-94
-90
-2
-13
-60
5
4
52
89
35
74
87
-3
-3
-18
-51
-40
-105
-90
-37
-44
24
-21
-70
-4
1
0
3
-5
-25
-24
-25
39
88
16
-26
40
46
-18
-23
-83
-92
-69
-121
-50
-22
3
143
81
43
82
66
107
29
-43
-44
-88
-106
-60
-9
44
59
26
46
67
60
60
55
-23
-54
34
12
-20
0
0
10
17
15
-13
-12
7
-38
-79
-73
-34
-36
-39
22
63
86
17
-55
-22
-1
27
76
117
112
42
46
-3
-96
-51
-64
-128
-89
-3
4
-16
40
77
49
61
51
51
90
0
-85
-100
-109
-55
-16
54
56
-72
-48
-16
-39
-14
25
42
-57
-114
-84
-50
-5
41
110
75
29
22
25
85
-6
-129
-106
-32
-19
-25
23
54
89
64
22
112
69
12
72
13
-13
-64
-133
-148
-113
-26
-58
-58
-15
-63
20
56
-18
11
78
155
94
63
91
29
-12
-34
7
-6
-7
-50
-61
28
-74
-78
-58
-27
87
51
49
0
-35
71
96
64
-1
-86
-53
-14
-61
-130
-114
-52
-88
-97
-49
-9
63
125
98
60
45
-5
20
28
-32
16
-7
-52
-31
-31
18
-30
-80
-16
9
34
21
20
51
11
50
85
69
35
-52
-19
47
-28
-30
47
19
-79
-117
-97
-76
-71
-63
34
100
57
32
120
152
25
38
144
107
51
-16
-62
-25
-40
-25
-66
-102
5
32
12
-26
-24
12
3
-17
-34
-64
-87
-49
26
33
-28
-40
-41
-7
16
1
-24
-39
-22
-11
5
-43
-36
18
57
86
67
76
92
67
34
1
-15
-61
-71
-76
-70
0
-36
-84
-44
-16
-6
38
65
55
71
52
45
66
39
16
-18
-76
-79
-56
5
25
-33
41
89
68
18
29
104
12
33
19
-57
44
35
16
46
48
90
3
-93
-58
-56
-58
-37
-30
-18
-12
-12
-39
-45
-28
-12
33
36
41
46
38
16
-18
25
-32
-35
14
-36
-45
-125
-84
-8
-10
-8
-59
19
48
-3
44
7
32
113
140
140
32
-33
-64
-101
-113
-55
15
-22
-63
-21
-2
-48
-43
-19
-39
-49
-21
37
49
70
85
-11
-59
-3
31
33
-35
-43
32
39
-20
-69
9
17
20
83
-14
8
53
48
142
40
86
167
67
37
-32
-58
-62
-69
-112
-86
-11
-88
-60
-14
-47
19
22
6
11
-5
6
-55
-81
-27
-48
-29
-2
-32
3
11
38
75
45
3
44
92
35
-10
-43
-28
12
-46
-56
21
54
30
13
38
41
-7
-65
-73
-86
-29
2
26
97
25
32
48
-18
-32
-72
-76
-81
-50
-58
-87
14
7
-29
48
7
45
100
-6
104
181
78
11
-6
8
-30
-10
7
-66
-46
46
58
3
21
17
-37
-29
-29
8
-17
-38
24
-24
-85
-63
24
62
-24
-42
-34
-98
-41
57
2
-28
0
36
33
-67
-28
32
68
104
60
62
26
76
7
-84
41
-21
-21
49
40
17
-21
41
13
-5
-4
-38
-52
-90
-40
3
-6
-4
11
68
96
56
18
16
-11
-43
-53
-84
-78
-61
-23
-4
-41
-8
17
30
44
11
38
71
8
43
39
-11
47
-23
-52
-12
-13
-21
-77
-41
0
-74
-103
10
54
0
21
57
67
40
-4
46
28
24
78
35
-7
-56
-44
-55
-44
-24
-84
-18
-27
-51
12
57
83
-20
18
87
1
-25
-24
-37
-49
-62
-9
29
40
86
65
71
82
83
83
16
-1
20
3
-23
-22
-71
-90
-39
-24
-18
-26
-23
-41
-25
-71
-137
-48
9
19
64
66
51
75
60
70
52
24
3
-23
24
-43
-93
-45
-62
-48
-35
-24
-7
-8
14
5
12
54
41
-5
-11
49
52
-43
-70
-16
-22
-10
32
-23
3
76
68
51
39
-7
-87
8
-12
-77
27
-71
-59
24
-36
-35
-15
32
-18
-127
-33
54
34
66
70
49
65
82
57
21
39
62
-17
-83
-78
-87
-17
16
-11
7
-4
69
90
-6
23
60
14
-32
-8
-18
-62
-19
-65
-93
4
52
46
15
11
-14
-21
15
-9
0
-12
-60
-2
-31
-48
42
-26
-86
31
62
50
38
-10
16
72
79
2
12
22
18
54
45
11
17
40
26
-1
-51
-34
-72
-120
-107
-83
-43
-83
-128
-50
13
-18
38
90
114
153
78
15
51
35
1
20
6
-5
9
-39
-27
24
-72
-140
-74
-7
43
0
1
59
20
82
70
41
68
-31
1
30
-1
-38
-72
-55
-86
-76
-133
-88
28
0
9
25
26
37
54
99
105
32
27
0
-64
-7
-24
-55
35
6
-27
0
38
101
38
65
101
44
39
43
24
-16
-65
-67
-17
-103
-75
4
-49
20
-32
-29
81
21
16
5
-10
-3
-55
-3
67
76
77
-37
-47
-20
-103
-25
-65
-55
43
-26
58
35
-33
-69
-57
108
67
10
2
29
2
-86
-29
-21
-30
-78
-68
-60
-34
26
-32
4
11
6
22
56
93
24
21
-42
-109
-61
-35
18
59
55
26
27
42
33
-18
-43
34
76
45
66
100
65
43
-2
-44
-4
-87
-152
-9
0
-75
-52
-47
-44
-25
3
29
44
74
59
96
92
33
99
132
78
17
-18
-20
-45
-104
-118
-31
30
63
85
-27
-68
-21
-49
-4
-25
-77
-9
21
32
29
-16
5
31
-29
-98
-128
-71
-2
-11
25
47
13
45
8
18
14
-25
40
36
18
18
10
-3
-63
-71
-30
-28
-29
10
28
12
71
87
13
11
-34
-5
8
-70
-57
-91
-68
-3
-38
-72
-31
23
75
42
32
69
30
38
-35
8
62
31
97
33
70
73
0
-41
-137
-18
76
50
56
11
27
1
-74
-34
-21
-31
41
23
66
62
-19
77
-6
-55
-3
-13
6
-81
-76
-42
-12
93
79
33
2
-35
-58
-88
-88
-45
-64
-66
72
65
37
0
-125
15
113
70
35
5
63
125
85
7
21
34
-21
-101
-100
-79
-99
-151
-175
-20
9
-63
-27
-34
-56
-24
-14
29
59
-19
48
107
87
83
44
32
-35
-39
0
12
49
39
36
52
27
-29
-7
-13
-74
-2
-6
13
32
0
11
-57
-101
-105
-62
-7
24
-3
20
89
74
88
69
12
10
19
31
49
34
-1
4
27
14
-23
-10
33
8
-3
6
-12
-3
7
43
28
-25
14
-34
-104
-52
0
-41
-79
-71
-74
4
38
83
57
-84
0
34
-3
39
-32
0
34
-10
62
46
-46
7
28
-56
17
-3
-51
-11
-32
1
-18
10
12
-92
-39
-31
-94
-71
-90
-100
-85
29
118
55
-33
-32
10
3
45
42
38
106
121
56
26
37
4
0
13
2
4
71
-8
-74
30
25
-17
-62
-106
-61
6
25
8
41
63
29
31
-2
22
14
-70
-16
7
-19
-16
30
34
-26
-9
-22
-5
29
-46
16
98
52
53
-16
-54
36
-10
-18
22
-1
17
-31
-3
30
-19
-18
-22
-54
-43
-3
-41
-36
-37
-84
-50
-36
-25
32
18
-28
-22
-31
-79
-46
18
37
29
10
57
90
105
60
8
25
-18
-9
15
-48
-57
-65
6
86
-54
-93
-27
-27
-3
52
57
9
-4
27
28
35
-16
-40
31
0
-14
-34
-40
15
39
-13
-48
12
36
25
-10
35
75
40
71
77
-8
-43
67
55
-23
-9
-9
-24
-34
-41
-32
38
28
11
16
-16
26
39
15
0
24
12
-39
-36
-44
-46
-40
-58
-42
0
-1
-38
-24
-11
-2
22
19
-7
-46
-7
37
-4
-22
-31
-42
-29
-36
-25
8
-17
-69
-44
-17
27
54
15
26
7
58
54
22
80
12
16
20
-39
-61
-45
-23
-8
48
46
-18
-39
-21
-16
60
46
-6
35
-2
-40
-61
-1
17
-34
-34
-22
47
-14
-34
24
-51
4
75
25
69
27
-1
44
49
81
29
-9
28
47
56
34
-15
-13
-25
-7
28
11
31
-6
-49
-9
-57
-73
36
13
34
19
-81
-7
-47
-45
-29
-74
-23
-52
15
60
-18
-35
-43
-49
-29
36
46
19
-4
-13
0
-1
-16
-9
-20
-34
15
2
12
4
-26
73
86
24
-14
9
21
-55
5
80
22
-46
-18
49
-7
-89
-109
-47
0
0
50
11
4
13
8
23
-18
53
55
2
42
31
38
14
4
26
26
22
0
5
-31
-29
0
-45
-7
44
89
32
-98
-69
-47
-10
-22
-54
39
37
25
56
26
68
43
-18
10
24
18
-2
34
57
22
33
42
16
-58
-44
-23
-71
-14
-27
-64
-63
-65
-27
-29
-47
-44
-13
0
-70
-55
35
76
30
-63
-57
-7
7
-55
-76
34
25
25
76
37
20
-29
-45
-10
36
68
-13
-11
105
50
-16
35
41
15
15
49
3
0
-4
-114
-74
-55
-63
-9
-30
-33
24
38
32
49
31
0
28
75
76
-18
-18
69
-8
-1
47
-2
-7
-4
46
61
54
29
-68
-60
9
-33
-75
-64
-44
38
49
-6
65
72
10
8
-47
0
7
-107
-63
-22
-2
75
15
-11
44
-24
-28
48
87
-24
-53
31
-43
-20
-36
-67
13
-32
-68
19
39
23
42
-16
8
28
-40
-66
-111
-128
-50
10
-11
-40
39
101
0
7
61
-24
-25
-5
-27
15
-1
-7
50
22
36
46
33
99
49
58
63
-39
1
-33
-59
-40
-90
-69
28
50
0
45
49
20
44
55
26
-46
-43
-34
-54
-37
-43
-5
-28
-25
119
68
30
63
-39
20
-9
-105
43
-8
-76
-27
-1
30
-66
-22
64
65
88
43
23
19
-37
-93
-67
24
6
-7
45
40
12
-7
52
72
-7
-49
-48
-29
-107
-90
-24
-75
-28
-12
36
43
-12
72
35
12
40
-22
-4
-73
-44
22
-53
-1
-28
-89
-65
-22
66
104
89
56
-47
-38
25
3
14
1
62
44
-19
73
53
19
3
-46
-37
-20
-2
-42
-49
-44
-88
-23
13
41
126
58
-8
-14
8
70
4
-25
4
0
-29
-36
-11
-24
22
22
23
60
83
87
-50
-135
-101
-37
-23
-1
41
-1
-25
14
28
13
18
-8
-3
0
-9
5
28
66
23
54
68
8
75
92
7
-26
-44
-63
-49
-94
-104
-66
-9
16
30
71
49
-11
-30
24
4
8
36
-14
-2
-30
-92
-44
-28
-53
-96
-84
58
54
-34
8
-52
-69
28
50
71
62
91
47
33
86
24
64
70
-32
-54
-4
45
34
-14
-74
-25
-25
-65
24
87
71
33
14
-1
-62
-109
-107
-145
-116
-73
-65
-53
-58
37
50
100
155
97
57
77
121
3
-59
-72
-58
14
-36
-41
-19
0
114
132
85
68
28
70
75
13
-4
-29
51
26
-34
54
-55
-47
43
-23
-45
-124
-175
-155
-60
-15
-77
-41
-61
-20
79
27
24
93
55
-25
-11
-22
-21
-29
-12
43
16
38
86
132
84
66
99
23
44
28
13
44
-23
25
-6
-137
-61
-65
-85
-19
-51
-55
-23
-7
-37
5
-85
-168
-10
-29
-45
-21
-33
-33
-27
41
-17
4
41
-29
48
76
-14
-38
-5
40
35
56
90
143
187
92
102
214
124
21
59
-18
-76
-49
-119
-114
-58
-24
-61
-86
-9
-25
-60
-57
-73
-86
-34
-37
-126
-15
10
-39
-2
-34
27
96
67
-11
33
45
-33
1
37
99
109
94
101
93
175
180
26
-51
-30
-14
-20
-49
-28
5
19
3
-51
-81
-60
-82
-66
-12
-64
-111
-114
-61
-72
-125
-100
-94
-63
-28
-90
-77
-14
-13
13
64
111
137
132
167
154
193
175
62
71
103
142
72
-13
1
7
-1
-43
-67
-68
-86
-88
-116
-117
-111
-108
-44
-63
-64
-62
-65
0
-45
-99
-129
-159
-55
-18
-4
14
-1
126
183
206
196
117
94
82
205
164
23
-6
3
80
34
-19
19
49
61
4
-88
-65
-98
-93
10
-43
-106
-159
-115
-9
-26
-52
-131
-157
-93
-78
-76
-105
-114
-85
-21
17
-20
32
73
95
137
90
126
142
120
129
136
136
88
95
59
-19
29
17
-42
26
-57
-122
21
-30
-30
74
0
-77
-118
-135
-100
-73
-147
-141
-103
-169
-125
-102
-109
-46
-70
-88
-29
42
55
62
98
85
100
103
99
150
148
210
254
216
177
107
139
117
2
36
84
39
42
-17
-84
4
-4
-94
-109
-205
-237
-203
-253
-209
-232
-283
-179
-111
-106
-118
-118
-154
-38
86
41
79
88
135
178
170
214
227
154
116
261
263
177
168
152
148
140
150
56
4
16
-26
-50
-47
-74
-126
-151
-268
-197
-149
-286
-201
-151
-168
-178
-176
-147
-195
-185
-159
-110
-53
-22
68
40
20
173
201
195
158
77
180
168
139
209
184
256
266
190
288
291
147
87
90
70
-27
-58
-109
-240
-196
-154
-196
-237
-256
-205
-179
-245
-314
-331
-245
-145
-198
-192
-114
-114
-53
76
65
48
82
147
221
178
148
183
321
328
264
324
274
296
363
337
221
99
92
113
90
-40
-125
-189
-180
-127
-279
-330
-335
-388
-311
-312
-312
-328
-325
-189
-140
-176
-216
-172
-135
-100
22
81
69
152
228
208
322
346
257
338
376
432
412
288
232
202
157
79
158
138
35
25
-87
-107
-122
-228
-310
-332
-257
-310
-422
-354
-288
-193
-130
-227
-198
-137
-159
-170
-174
-146
-54
11
-14
-15
66
181
237
278
268
321
336
272
364
387
308
239
252
307
267
209
117
63
70
49
4
-164
-225
-147
-213
-255
-293
-384
-292
-286
-299
-223
-373
-368
-290
-299
-221
-187
-160
-127
-83
7
71
103
146
217
320
355
343
412
481
496
474
410
341
355
343
197
157
87
-23
-13
-64
-52
-101
-238
-281
-240
-202
-250
-305
-374
-374
-338
-403
-391
-371
-378
-290
-278
-253
-186
-137
-48
4
48
92
153
237
303
367
357
360
475
489
467
432
356
373
340
330
220
131
186
114
41
-11
-25
-107
-261
-351
-292
-250
-350
-419
-493
-464
-448
-520
-483
-372
-311
-347
-350
-294
-212
-78
37
88
64
133
304
417
437
500
547
474
518
507
419
443
445
421
275
175
220
182
116
35
7
-16
-162
-223
-202
-263
-331
-366
-462
-511
-510
-554
-546
-529
-468
-344
-324
-334
-316
-257
-97
-5
38
106
144
187
332
483
462
437
460
500
528
459
477
476
430
467
371
260
250
211
118
-22
-57
-82
-250
-354
-372
-442
-515
-533
-558
-644
-641
-578
-572
-560
-475
-383
-374
-269
-157
-52
98
148
211
281
367
440
434
424
468
519
553
583
553
597
606
533
442
323
281
292
188
75
17
-100
-199
-266
-296
-387
-500
-524
-577
-600
-628
-685
-603
-478
-426
-493
-485
-349
-282
-163
-117
0
110
108
209
237
315
404
473
550
517
509
535
537
569
563
574
591
421
271
279
228
63
-61
-106
-100
-150
-354
-524
-586
-547
-505
-640
-693
-687
-653
-516
-501
-423
-309
-212
-123
-129
-46
27
117
199
203
222
273
408
518
543
596
626
540
601
608
473
471
494
446
338
243
101
16
-79
-203
-248
-378
-471
-458
-507
-493
-448
-519
-587
-632
-538
-449
-515
-484
-335
-240
-269
-190
-59
-45
84
202
245
270
283
366
425
517
604
539
515
569
602
574
467
461
422
261
180
194
98
-97
-205
-234
-218
-328
-512
-651
-614
-443
-445
-523
-594
-563
-452
-353
-350
-429
-401
-322
-217
-69
-50
-16
180
286
375
384
371
484
585
650
633
560
539
599
577
527
516
434
344
209
66
2
-110
-190
-264
-343
-326
-417
-489
-506
-513
-466
-552
-629
-600
-500
-350
-332
-377
-391
-323
-187
-90
-67
-68
85
298
399
386
344
402
506
645
746
648
500
428
351
377
381
308
226
114
79
35
-68
-204
-362
-377
-232
-275
-446
-555
-625
-532
-423
-482
-636
-690
-516
-319
-272
-265
-183
-82
39
133
132
129
212
415
570
527
462
483
529
638
681
644
575
487
464
455
418
351
208
108
147
90
-62
-237
-366
-324
-306
-409
-637
-822
-715
-523
-509
-650
-765
-754
-571
-305
-309
-403
-309
-145
29
117
123
132
250
417
515
498
409
392
428
635
700
487
401
367
424
513
449
253
18
-7
117
68
-104
-275
-398
-295
-250
-458
-616
-665
-613
-435
-451
-637
-766
-591
-267
-167
-194
-284
-221
20
178
247
329
360
476
670
745
682
540
455
560
738
726
514
314
386
535
550
325
-42
-139
-60
25
-78
-416
-654
-594
-327
-306
-647
-895
-784
-526
-387
-508
-786
-824
-531
-264
-190
-365
-490
-274
38
284
241
68
152
445
708
700
525
451
569
810
884
716
440
251
434
640
500
130
-165
-46
218
203
-224
-644
-607
-344
-218
-418
-787
-854
-588
-334
-288
-507
-688
-530
-194
-17
-116
-284
-299
7
376
380
199
91
313
639
774
699
436
456
727
942
853
432
200
287
509
619
272
-223
-339
-153
-9
-167
-611
-888
-741
-426
-366
-759
-1071
-981
-583
-222
-421
-752
-701
-378
25
104
-274
-457
-203
245
597
398
67
140
493
882
871
490
296
552
942
1089
817
280
176
558
817
620
-11
-393
-206
166
199
-296
-742
-741
-407
-134
-370
-923
-1140
-786
-279
-287
-715
-972
-725
-148
173
47
-327
-431
28
538
618
359
94
245
742
1045
798
284
295
691
1013
933
354
0
120
527
713
216
-461
-636
-218
165
23
-568
-987
-702
-206
-189
-663
-1128
-1112
-596
-238
-460
-885
-980
-543
17
181
-123
-430
-182
449
831
644
189
151
625
1133
1228
745
288
443
985
1209
763
156
10
335
752
647
-46
-542
-440
21
184
-298
-899
-1059
-594
-111
-350
-960
-1220
-924
-421
-264
-627
-1023
-882
-285
168
62
-314
-399
6
669
867
488
155
219
753
1184
985
564
298
490
1011
1103
629
74
58
462
660
378
-254
-615
-366
-14
-87
-575
-1013
-912
-479
-177
-482
-1077
-1105
-685
-276
-304
-685
-949
-699
-59
280
123
-241
-230
288
804
761
334
169
471
1016
1188
748
318
344
703
1095
898
240
-75
140
605
657
50
-522
-580
-191
143
-167
-802
-1085
-857
-426
-354
-800
-1182
-1018
-447
-145
-412
-782
-797
-243
295
271
-32
-236
11
578
873
618
255
267
674
1130
1120
647
277
456
870
941
513
-23
-101
230
475
328
-155
-601
-532
-98
-10
-491
-1033
-1084
-651
-344
-573
-1014
-1121
-773
-246
-106
-508
-854
-610
31
389
223
-122
-167
291
852
891
542
178
274
963
1231
870
442
300
716
1151
920
255
-188
30
507
594
107
-589
-633
-232
5
-155
-786
-1120
-837
-377
-362
-821
-1151
-1111
-596
-168
-280
-604
-792
-372
219
278
-10
-270
-40
593
894
673
264
110
550
1058
1112
658
228
416
858
1080
715
77
-155
164
584
394
-241
-704
-581
-73
24
-409
-922
-1063
-647
-280
-489
-1008
-1212
-843
-279
-102
-430
-713
-530
-27
448
381
-71
-155
230
822
979
565
174
280
848
1187
972
401
153
545
949
945
420
-150
-61
311
458
119
-558
-721
-364
-59
-133
-665
-1151
-958
-400
-261
-617
-1049
-1039
-589
-171
-187
-591
-820
-449
192
349
71
-140
-35
489
864
777
394
124
500
1040
1101
656
150
187
702
938
608
88
-216
102
488
366
-77
-539
-558
-148
86
-279
-772
-872
-580
-218
-266
-673
-964
-773
-272
2
-195
-598
-667
-209
293
317
-19
-300
-16
678
881
548
174
171
623
997
862
434
132
333
752
769
350
-172
-264
130
