-62
-51
-48
-7
-1
-29
-114
-125
-40
-64
-88
-44
-43
-2
73
126
80
-21
18
-21
-26
25
5
15
3
11
-30
-25
95
111
61
28
16
33
-62
-45
43
-24
-87
-100
6
37
-25
48
64
-45
-82
-7
17
-9
3
-25
-31
6
38
79
49
15
50
35
47
18
-71
-27
-51
-123
-62
-68
-115
-77
-33
-41
-106
-63
-14
-105
-64
-6
11
67
24
17
20
-48
8
67
79
29
-46
37
68
13
-35
-68
-26
-31
-98
-15
19
-38
6
47
45
23
20
-11
-9
49
74
-13
3
99
1
-15
16
40
97
94
24
8
69
33
26
58
62
17
14
104
53
-24
1
-31
-37
-16
2
39
10
-11
18
24
0
-70
-116
-60
-16
-32
-56
-32
23
25
-10
-19
-38
14
25
-83
-3
38
-9
54
31
23
31
10
21
-26
-7
44
-2
-50
-46
-28
-20
11
48
46
26
8
40
59
39
29
29
23
25
19
-18
-61
-42
9
2
28
67
67
27
-54
-59
-32
-8
15
6
-27
-80
24
44
-16
58
16
24
-11
-86
-10
-41
18
-6
-93
-46
-56
77
102
31
14
-51
0
50
6
-30
-24
41
-15
-87
34
5
-58
-35
-31
26
10
4
-15
10
15
2
46
-75
-44
35
-41
-69
-60
-49
-88
-81
-58
-67
-72
-51
-34
-45
-56
-44
62
111
60
73
42
16
-1
-78
-75
-36
-36
-27
58
4
7
75
-13
24
-15
-20
75
9
0
23
2
31
0
-79
-28
18
29
-28
-63
26
45
24
-41
-52
23
-14
-54
16
38
31
29
8
78
69
19
82
97
77
67
33
-1
-57
-51
-40
-49
5
-3
-27
-7
-10
-19
-44
-51
21
0
-61
37
50
10
46
2
-42
-23
27
20
-7
15
58
98
12
-3
34
8
84
61
-3
48
51
0
9
54
42
6
31
36
-22
10
95
6
-38
73
-15
-102
-13
-13
-8
16
13
42
34
14
4
-15
-10
-4
-25
-26
-11
-33
-4
76
127
140
61
-6
-17
-49
0
95
58
48
16
-15
-12
-93
-4
40
-40
-26
38
66
14
-59
7
120
40
-55
-72
-61
-85
-81
-27
-23
-46
-47
-16
-87
-152
-103
-68
-33
-9
-33
-33
31
81
53
0
-10
6
-10
-9
-19
-19
20
7
22
-3
-53
-70
-97
-48
-49
-31
24
-1
10
43
-18
-61
-20
-47
-55
-35
-48
-63
-27
35
2
9
101
12
-57
1
-57
-34
-74
-24
110
-13
2
39
34
19
-36
-92
-109
3
-9
37
30
-66
17
-18
-58
-1
-7
52
101
35
-31
-19
-36
-65
18
45
59
-3
-58
33
-26
-45
23
-15
8
3
-19
109
106
18
43
32
2
50
49
20
-2
14
46
-27
-46
46
58
-42
-18
-33
-67
6
-24
-37
39
0
-86
-56
9
60
20
-32
20
4
-58
-15
21
62
22
-76
-2
31
-12
14
7
-23
-51
-58
-77
-160
-179
-97
-35
-25
-38
-39
-39
-35
-18
-14
-5
26
11
-45
-23
25
84
78
37
17
-25
15
64
75
96
58
26
35
42
49
56
40
45
48
4
8
-10
-41
3
-1
-24
-27
-39
-8
-30
-71
-50
-8
43
0
-22
-16
-43
21
48
68
104
73
38
35
18
82
125
65
73
56
14
16
60
47
-23
-32
-5
-27
5
55
22
68
55
-18
-3
-33
-22
23
-4
4
-5
-5
23
-10
-78
-94
-37
-43
8
31
1
63
28
24
86
100
79
65
30
-3
25
-12
-27
-3
-30
-46
-18
15
-10
-87
-124
-48
-29
-36
3
0
-7
-19
-49
-81
-74
-27
-49
-69
26
10
-51
-49
-97
-91
-30
4
16
21
38
61
52
-18
-57
-16
-28
27
22
-35
29
-58
-55
69
19
5
47
24
16
1
-17
13
11
3
48
43
2
53
31
-20
11
-69
-15
77
42
38
-61
-64
5
-15
-44
-17
9
-29
11
-43
-49
10
-8
83
124
153
147
40
13
-40
-43
-31
-93
-15
8
8
30
-83
-65
-67
-157
0
48
-13
63
41
17
-74
-53
87
2
-10
15
-1
39
26
-2
40
50
-16
27
44
-27
18
31
38
41
50
72
11
21
51
71
30
-5
33
14
12
0
-9
31
-12
-50
-8
-27
-94
-111
-78
-81
-118
-43
-8
-69
49
81
-4
43
65
53
37
14
-29
-20
21
22
45
55
27
28
61
20
-9
-36
-9
25
-29
18
13
1
-18
-113
-36
27
55
8
-53
9
-31
13
39
-41
-12
-40
-28
15
-54
-23
-8
-15
53
34
77
32
-42
42
37
78
97
20
-24
-51
-25
51
56
3
-3
-20
80
77
3
-3
-111
-108
-25
28
24
-28
-63
-2
46
-17
15
-46
-91
-29
-18
-12
-84
-20
21
2
61
14
33
112
129
68
8
74
71
-3
2
-9
-8
79
93
-20
-70
-3
48
34
-18
-17
-39
-72
-50
-82
-113
-93
-40
8
-14
-3
47
32
57
-20
-7
23
-15
118
89
61
76
63
77
8
60
71
26
61
37
84
56
27
39
-68
-18
-10
-115
-113
-116
-58
-83
-164
-83
-67
-86
-85
-112
-66
-82
-101
-10
29
20
-22
-35
12
-39
-65
-4
56
88
26
-2
-49
9
74
-19
-15
15
28
-9
-45
16
9
-22
29
11
7
20
-113
-117
19
49
-10
-62
-65
-52
-40
0
-21
-34
-35
-58
-7
38
17
28
109
87
54
1
31
153
105
7
21
98
82
56
37
1
38
76
32
-13
26
-34
-43
6
-42
-40
-35
-17
-87
-103
-64
-90
-31
-31
-1
22
28
88
34
34
22
-51
12
-17
-20
63
-10
8
-9
-29
59
56
29
-25
-42
1
57
37
-20
28
71
98
83
57
21
-57
26
79
17
-4
-59
-66
-50
-25
15
-21
-60
-73
-22
5
-2
7
-60
-56
-33
-46
14
39
47
44
54
68
26
71
3
-56
40
6
28
111
35
16
78
31
0
-53
-23
114
110
21
-97
-108
-19
-21
-21
-21
-117
-144
-134
-23
48
-41
-7
-34
-48
36
-3
-91
-130
-59
50
38
22
47
29
34
36
50
49
-7
-2
44
10
-7
-16
-51
22
142
179
88
-25
-48
7
21
15
-39
-103
-16
-37
-64
34
11
-98
-80
12
16
-45
-95
3
50
-6
39
24
-50
3
93
78
45
29
-18
-3
-3
-24
64
46
-50
16
58
27
31
23
31
-16
-22
38
0
9
68
108
101
39
16
9
53
48
-11
9
15
16
-25
-40
-14
-55
-18
47
19
-38
-114
-120
-46
-71
-47
-21
-81
-70
-96
-47
10
-84
-28
31
-60
-36
5
19
74
13
18
81
18
34
89
72
31
52
42
22
-8
-15
14
10
36
65
62
-20
-34
-43
-74
-41
-82
-118
-131
-141
-97
-46
2
-12
-83
-2
-2
-66
-41
-78
9
28
-23
37
3
-16
35
42
64
84
79
77
64
76
25
25
32
-22
40
13
-24
41
25
-26
-35
-10
-14
-48
-23
-18
-57
-9
-6
-41
-30
-54
2
30
-49
-49
-42
-26
38
20
25
55
79
50
-17
85
150
126
145
142
68
76
155
89
42
8
-14
0
-17
0
-26
-86
-118
-42
-1
-39
-7
-36
-39
3
2
-70
-87
-57
-95
-7
-42
-49
22
-55
-29
-45
-39
-13
-36
-35
8
36
-20
-19
-7
43
145
114
121
136
28
-12
-31
14
-1
-42
-22
-30
-28
-136
-163
-156
-131
-32
-18
-71
-154
-146
-152
-106
-37
-76
-82
-90
-25
0
-42
30
32
-28
-12
30
46
21
29
-21
-26
55
44
51
67
40
20
7
2
2
10
71
49
-9
50
49
63
67
2
-19
-17
-27
-14
6
-21
0
-28
-39
51
55
85
93
37
39
4
6
46
40
3
20
78
83
49
71
77
-7
11
54
-5
-28
-40
-91
-105
-51
29
-13
-85
-24
-63
-60
27
-40
-78
-18
3
-5
15
42
15
0
-21
-95
-29
-38
-53
35
-39
-36
-54
-75
-14
-52
-42
12
86
113
40
34
43
22
27
-7
-61
-73
-44
-45
5
23
29
76
19
18
3
-11
6
-1
4
6
24
-26
-9
18
-21
-8
-31
42
31
-40
37
5
21
24
-3
74
21
-17
50
-25
-97
-57
-83
-87
-85
-84
-33
-60
-68
-38
-15
-5
18
70
49
19
-17
-29
5
-19
-50
-12
-5
-1
10
-9
35
51
45
54
31
-13
31
42
22
98
43
32
66
46
37
-75
-37
56
-11
12
37
3
-8
-55
-36
-10
-78
-27
23
9
75
30
-23
53
26
30
94
23
3
15
-21
24
56
-31
-78
-22
-5
-31
-36
-58
-71
-36
1
2
50
57
-28
-50
2
22
0
-19
-16
1
-60
-26
26
-54
-67
-139
-169
-30
10
32
-9
-93
33
87
102
142
86
89
102
114
136
172
92
28
20
-49
-67
-58
-14
-43
-16
4
-21
41
-9
-44
-24
-47
-25
23
-21
-84
-64
-71
-4
5
-88
-99
-66
70
93
-9
18
52
33
27
57
115
88
43
55
33
99
124
5
18
57
83
81
-7
17
7
-39
18
-24
-118
-120
-133
-101
-62
-98
-112
-126
-86
-72
-54
-71
-87
-46
-83
-55
-29
-20
32
-15
14
64
21
56
92
96
89
83
119
132
137
149
117
79
118
166
141
98
58
98
80
3
14
-50
-65
-26
-138
-125
-147
-194
-139
-102
-49
-102
-72
-6
-50
-17
-19
-78
-65
-85
-30
83
43
5
18
76
124
102
135
183
142
125
153
79
42
76
86
55
14
23
35
26
-4
-13
-47
-60
-30
-42
-47
-76
-77
-101
-104
-78
-84
-62
-108
-114
-75
-71
-58
-87
-66
-38
-69
-17
57
121
122
94
127
103
90
59
-7
76
128
104
66
28
38
77
100
29
-44
-67
-3
6
-96
-98
-112
-107
-88
-122
-58
-68
-158
-176
-120
-40
-61
-37
-44
-63
-20
-79
1
58
35
101
49
53
104
79
90
114
120
75
32
5
15
13
1
62
80
77
77
34
18
35
-24
-55
0
-12
-8
0
-64
-39
24
0
-40
10
17
-29
-8
62
124
67
31
75
83
29
62
124
70
32
100
155
110
63
44
97
109
57
56
53
8
-20
9
-14
-55
-56
-83
-7
-17
-102
-34
-44
-77
-74
-73
-88
-33
7
-42
-38
-57
-61
-94
-89
-55
-46
-51
-82
0
37
-1
-11
4
32
-7
-5
12
-4
8
-32
-75
-19
-6
-12
-50
-75
-16
-79
-130
-89
-33
-69
-141
-112
-153
-180
-142
-196
-178
-153
-175
-39
-54
-190
-192
-185
-171
-119
-85
-73
-53
-97
-116
-88
-41
17
-30
-15
8
-108
-72
35
-5
39
36
-54
0
-17
-63
-22
-51
-1
28
-18
11
6
0
28
35
23
45
42
47
69
55
37
-6
59
128
136
144
113
171
126
111
190
154
201
185
103
149
186
203
242
293
280
195
191
228
210
249
308
326
360
334
267
272
289
240
195
200
229
204
166
174
189
182
165
210
163
148
199
143
99
108
131
115
101
85
104
106
96
112
96
133
120
115
108
68
97
96
85
2
-35
34
-6
-20
49
56
-13
-48
-92
-119
-154
-191
-123
-123
-116
-168
-248
-205
-224
-261
-327
-290
-238
-359
-380
-330
-348
-368
-393
-430
-446
-434
-474
-482
-418
-426
-430
-372
-356
-407
-422
-369
-339
-363
-422
-414
-322
-353
-409
-353
-373
-397
-402
-431
-428
-424
-348
-368
-399
-358
-403
-363
-364
-400
-361
-367
-405
-335
-284
-304
-224
-223
-184
-142
-134
-81
-36
73
60
113
244
251
305
357
370
422
462
503
520
552
623
622
592
605
679
750
721
704
767
831
869
827
813
839
823
831
833
831
824
843
870
851
822
809
792
753
790
866
869
761
723
764
753
735
720
694
700
726
641
575
630
639
578
597
542
416
475
474
336
299
299
265
258
181
17
-105
-120
-96
-164
-167
-156
-314
-359
-345
-458
-472
-555
-646
-542
-588
-717
-771
-800
-794
-896
-911
-874
-923
-887
-939
-1006
-1008
-1018
-1012
-1087
-1154
-1154
-1270
-1289
-1261
-1290
-1221
-1326
-1377
-1353
-1431
-1450
-1492
-1532
-1588
-1608
-1553
-1547
-1513
-1448
-1453
-1437
-1308
-1195
-1192
-1147
-1083
-975
-874
-836
-711
-662
-588
-394
-344
-303
-108
-14
94
235
269
369
385
471
593
670
796
852
988
1041
1058
1141
1177
1276
1330
1406
1442
1337
1402
1475
1429
1428
1335
1328
1360
1238
1252
1325
1289
1228
1229
1211
1173
1081
1032
1025
860
874
966
890
830
860
880
910
1014
970
898
903
888
915
880
886
935
858
859
970
973
953
850
796
868
753
641
672
591
423
397
385
362
355
160
69
93
-13
-76
-111
-144
-235
-334
-390
-407
-463
-492
-391
-462
-544
-525
-608
-684
-670
-703
-733
-702
-701
-718
-772
-776
-738
-795
-829
-736
-698
-743
-805
-867
-889
-834
-802
-908
-982
-999
-1026
-1018
-1061
-1076
-1073
-1171
-1319
-1465
-1496
-1531
-1565
-1591
-1755
-1845
-1932
-1963
-1959
-2059
-2071
-2125
-2139
-2160
-2176
-2128
-2095
-2028
-1984
-1876
-1828
-1808
-1592
-1372
-1237
-1039
-894
-778
-634
-515
-408
-224
10
173
367
463
651
903
1052
1152
1207
1370
1454
1526
1697
1765
1755
1868
1961
1970
2049
2050
2038
2109
2100
2125
2183
2057
2018
1991
1895
1866
1716
1628
1594
1521
1537
1476
1351
1314
1215
1172
1209
1154
1120
1072
1059
1083
1031
1043
1064
1016
1081
1146
1192
1237
1226
1274
1242
1303
1382
1314
1365
1370
1359
1356
1333
1349
1280
1228
1130
1005
921
826
800
680
499
454
288
119
71
-71
-280
-451
-539
-714
-865
-886
-960
-1147
-1312
-1371
-1480
-1584
-1635
-1736
-1771
-1772
-1808
-1799
-1846
-1909
-1958
-1989
-1943
-1858
-1841
-1866
-1860
-1872
-1816
-1735
-1713
-1657
-1682
-1712
-1630
-1593
-1541
-1520
-1518
-1513
-1555
-1516
-1577
-1705
-1727
-1735
-1739
-1795
-1861
-1917
-2008
-2107
-2158
-2140
-2163
-2119
-2059
-2088
-2128
-2191
-2122
-1983
-1912
-1795
-1684
-1563
-1424
-1238
-988
-731
-564
-446
-191
61
296
497
751
993
1122
1257
1471
1837
2074
2199
2419
2570
2598
2753
2978
3044
3045
3068
3154
3264
3276
3321
3394
3321
3199
3153
3070
2999
3017
2903
2763
2665
2536
2438
2300
2137
2039
1920
1693
1536
1430
1318
1300
1232
999
824
784
719
646
627
630
501
415
368
301
335
282
207
246
309
301
276
310
317
263
248
339
283
99
100
112
35
-43
-108
-150
-227
-292
-377
-470
-543
-676
-809
-877
-938
-1048
-1137
-1219
-1317
-1406
-1494
-1560
-1622
-1676
-1655
-1647
-1720
-1793
-1861
-1955
-2043
-1971
-1924
-1970
-1877
-1919
-1960
-1906
-1940
-1922
-1895
-1768
-1704
-1699
-1605
-1587
-1514
-1439
-1371
-1286
-1303
-1255
-1171
-1124
-1078
-1017
-954
-908
-854
-800
-663
-660
-732
-719
-699
-722
-771
-726
-694
-681
-692
-747
-764
-780
-834
-872
-870
-889
-891
-884
-882
-868
-850
-771
-649
-651
-669
-538
-414
-285
-133
-28
79
326
546
706
904
1016
1182
1361
1504
1688
1861
2020
2152
2267
2424
2576
2708
2868
3001
3073
3167
3224
3221
3246
3277
3291
3237
3127
3093
3079
3004
2852
2714
2594
2459
2429
2339
2142
1900
1761
1684
1482
1287
1159
1008
846
794
661
444
307
207
80
-60
-81
-138
-257
-341
-372
-364
-500
-536
-462
-493
-505
-512
-529
-556
-546
-511
-567
-602
-548
-544
-648
-696
-718
-834
-887
-914
-1014
-1046
-1140
-1261
-1291
-1479
-1610
-1618
-1714
-1842
-1906
-1922
-2029
-2104
-2176
-2217
-2243
-2343
-2346
-2341
-2416
-2454
-2397
-2357
-2342
-2306
-2264
-2253
-2187
-2101
-2060
-1882
-1755
-1665
-1579
-1449
-1259
-1236
-1138
-984
-872
-643
-481
-381
-185
-59
16
130
237
309
441
604
654
686
764
830
907
989
977
976
950
892
869
826
751
647
581
543
465
412
410
340
255
191
67
-95
-86
1
-107
-162
-122
-70
-34
-46
63
162
209
308
451
621
812
889
973
1145
1203
1354
1550
1643
1803
1912
1985
2126
2246
2330
2348
2372
2494
2562
2576
2588
2512
2428
2357
2327
2247
2140
2018
1887
1803
1608
1463
1329
1153
1055
917
679
454
318
157
-9
-281
-509
-553
-667
-786
-857
-945
-1040
-1181
-1300
-1344
-1373
-1451
-1473
-1390
-1407
-1372
-1313
-1357
-1323
-1233
-1209
-1171
-1065
-1030
-1031
-1025
-937
-866
-882
-823
-741
-697
-678
-649
-648
-626
-617
-629
-687
-825
-852
-875
-843
-851
-1010
-1047
-1012
-1030
-1043
-1097
-1179
-1194
-1279
-1316
-1259
-1308
-1336
-1352
-1394
-1325
-1304
-1282
-1133
-1033
-941
-814
-740
-672
-575
-505
-409
-263
-119
45
148
323
505
599
785
880
1028
1182
1239
1319
1359
1480
1523
1515
1592
1616
1622
1600
1580
1605
1554
1476
1399
1349
1308
1191
998
778
629
484
383
221
37
-135
-306
-387
-518
-616
-776
-901
-993
-1199
-1220
-1200
-1246
-1289
-1307
-1228
-1197
-1248
-1129
-953
-863
-681
-524
-342
-166
-41
172
347
491
637
773
924
1083
1190
1271
1356
1451
1594
1652
1758
1819
1784
1801
1708
1677
1667
1583
1472
1332
1260
1248
1072
829
773
691
520
346
142
-55
-165
-197
-363
-520
-617
-852
-918
-947
-1050
-1082
-1159
-1158
-1207
-1273
-1194
-1139
-1082
-1077
-1119
-1012
-938
-923
-820
-757
-715
-622
-578
-486
-334
-260
-216
-133
-37
7
33
69
142
100
22
8
-44
-70
-172
-245
-242
-340
-364
-435
-584
-615
-613
-639
-717
-810
-845
-806
-852
-887
-904
-899
-820
-795
-632
-465
-381
-379
-295
-169
-103
93
177
323
448
510
709
836
937
1079
1212
1239
1296
1340
1394
1538
1592
1649
1607
1561
1655
1686
1624
1603
1592
1530
1487
1312
1222
1253
1133
1027
845
673
643
504
304
65
-160
-314
-498
-764
-983
-1085
-1272
-1490
-1643
-1755
-1850
-2017
-2128
-2169
-2251
-2326
-2387
-2401
-2413
-2368
-2264
-2187
-2000
-1810
-1673
-1468
-1267
-1065
-858
-645
-349
-205
-148
84
247
349
504
613
726
871
975
1121
1167
1140
1276
1365
1410
1377
1278
1202
1079
1049
1012
946
932
908
888
800
671
578
575
521
377
304
254
134
10
-75
-141
-211
-274
-293
-355
-377
-424
-410
-365
-330
-217
-191
-241
-177
2
-30
-5
143
195
272
363
455
509
569
615
734
907
924
930
936
932
989
1015
981
912
854
704
570
444
344
336
250
180
57
-37
-2
-25
-121
-231
-307
-376
-447
-480
-515
-591
-637
-662
-634
-590
-536
-418
-358
-351
-252
-154
-154
-115
-35
3
49
81
58
156
284
296
335
333
402
481
442
423
377
367
379
386
311
240
264
253
275
230
189
140
31
-51
-225
-309
-329
-405
-526
-682
-716
-815
-969
-1007
-1139
-1443
-1588
-1649
-1781
-1864
-1954
-2013
-2057
-2086
-2086
-2065
-1988
-1924
-2010
-1963
-1782
-1688
-1588
-1480
-1335
-1208
-1027
-784
-563
-318
-124
-11
208
430
518
620
740
881
916
821
789
878
988
1019
1027
1077
1128
1165
1223
1317
1286
1273
1384
1393
1432
1381
1311
1319
1272
1355
1475
1456
1400
1386
1406
1352
1314
1295
1184
1192
1148
1018
976
855
776
770
671
600
554
479
446
394
376
449
403
400
447
430
419
334
367
371
390
430
348
422
485
496
547
537
560
553
476
452
363
289
226
53
-148
-309
-442
-593
-713
-791
-806
-897
-997
-1001
-1010
-990
-1069
-1151
-1128
-1115
-1123
-1124
-1069
-1058
-1082
-992
-874
-770
-679
-631
-470
-346
-388
-364
-338
-363
-322
-275
-273
-340
-406
-393
-389
-393
-354
-346
-379
-360
-305
-322
-360
-355
-347
-343
-308
-237
-191
-140
-98
-158
-142
-90
-78
-49
-50
33
48
2
-11
-105
-197
-245
-359
-529
-673
-906
-1088
-1128
-1255
-1373
-1497
-1629
-1668
-1763
-1801
-1759
-1702
-1655
-1629
-1549
-1469
-1374
-1206
-1050
-817
-539
-315
-60
191
508
837
1099
1270
1382
1533
1674
1754
1833
1909
1876
1859
1828
1845
2002
2049
1924
1894
1949
1831
1726
1767
1643
1428
1280
1206
1186
1048
970
963
912
888
863
801
760
759
720
578
492
427
228
234
244
106
65
-8
-55
-120
-243
-185
-212
-317
-200
-147
-240
-258
-207
-73
-2
4
132
155
208
293
253
304
373
408
371
374
485
505
422
348
314
265
98
-196
-447
-690
-880
-1017
-1118
-1150
-1144
-1165
-1246
-1219
-1198
-1151
-1068
-1067
-985
-922
-850
-644
-544
-437
-220
-72
84
180
138
188
266
229
213
171
104
11
-106
-95
-111
-200
-197
-209
-278
-222
-197
-271
-266
-250
-198
-93
-33
79
190
287
476
572
592
641
767
843
776
805
859
832
820
773
710
541
153
-347
-834
-1292
-1734
-2177
-2607
-3060
-3449
-3611
-3741
-3786
-3754
-3745
-3668
-3601
-3514
-3410
-3258
-3077
-2762
-2295
-1827
-1230
-556
183
859
1457
2019
2365
2721
2944
2930
2964
2900
2813
2809
2752
2753
2771
2730
2749
2699
2539
2380
2135
1784
1542
1301
1011
857
740
687
789
915
1031
1156
1237
1287
1305
1274
1141
1041
894
654
542
419
319
275
216
167
67
-26
-181
-371
-538
-731
-893
-1022
-1112
-1068
-991
-867
-631
-457
-207
55
292
561
728
867
966
1067
1162
1099
1137
1219
1171
1177
1119
971
839
661
409
206
-150
-532
-872
-1302
-1561
-1812
-1983
-2026
-2046
-1938
-1837
-1692
-1460
-1272
-1050
-840
-714
-555
-369
-298
-232
-19
217
409
576
720
888
1015
1030
1043
977
831
687
398
65
-254
-458
-581
-746
-774
-658
-482
-290
-40
148
330
571
713
840
951
1055
1216
1369
1513
1710
1866
1975
2035
1989
1844
1481
858
45
-830
-1629
-2472
-3394
-4164
-4841
-5509
-5940
-6091
-6227
-6316
-6319
-6360
-6214
-6012
-5814
-5424
-4925
-4302
-3606
-2641
-1531
-525
616
1716
2657
3459
4045
4421
4594
4562
4407
4213
3849
3525
3343
3115
3030
2951
2703
2385
2028
1651
1215
765
260
-131
-414
-583
-472
-214
209
765
1331
1857
2289
2670
2840
2839
2761
2471
2052
1779
1581
1281
1180
1217
1163
1071
965
801
499
147
-238
-654
-1075
-1583
-1933
-2066
-2025
-1770
-1362
-762
-119
465
987
1403
1675
1880
1882
1779
1760
1621
1488
1469
1423
1472
1602
1643
1638
1583
1302
757
145
-510
-1256
-2018
-2760
-3311
-3600
-3628
-3496
-3183
-2711
-2294
-1763
-1199
-809
-569
-408
-324
-262
-168
-137
-29
222
530
854
1120
1279
1407
1416
1199
860
410
-86
-615
-1084
-1433
-1691
-1781
-1803
-1648
-1276
-858
-421
-121
129
426
628
770
872
999
1210
1525
1951
2504
3210
3805
4343
4692
4796
4687
4035
3062
1776
160
-1494
-3055
-4493
-5814
-6925
-7788
-8507
-9016
-9201
-9235
-9170
-9066
-8969
-8856
-8585
-8021
-7361
-6412
-5124
-3583
-1827
-79
1840
3565
4970
6132
6709
6888
6683
6158
5455
4575
3686
2899
2236
1835
1725
1623
1554
1446
1179
903
516
42
-385
-689
-806
-737
-351
318
1212
2324
3424
4486
5342
5737
5843
5553
5020
4368
3469
2681
1959
1367
1038
828
821
796
749
617
209
-266
-888
-1543
-2079
-2568
-2768
-2655
-2289
-1662
-817
180
1135
1935
2517
2799
2865
2750
2426
2053
1606
1210
977
850
913
1010
1059
1047
919
647
169
-447
-1165
-2021
-2792
-3400
-3820
-4022
-4090
-3903
-3547
-2997
-2427
-1900
-1295
-818
-485
-247
96
402
469
637
913
1102
1202
1205
1255
1286
1154
1002
736
399
106
-322
-779
-1060
-1351
-1720
-1919
-2056
-2250
-2176
-1943
-1588
-1100
-684
-135
440
950
1434
1857
2155
2246
2293
2412
2526
2747
3145
3615
3985
4271
4595
4653
4290
3580
2409
579
-1646
-3989
-6226
-8058
-9548
-10662
-11389
-11728
-11604
-11015
-10155
-9321
-8614
-8096
-7693
-7240
-6606
-5554
-4156
-2526
-628
1428
3642
5859
7738
9179
9892
9532
8422
6826
4916
2976
1127
-369
-1492
-2142
-2107
-1555
-665
332
1060
1326
1275
966
489
209
123
229
781
1760
3196
4965
6847
8564
9643
9976
9416
8243
6560
4424
2480
583
-1131
-2183
-2644
-2490
-1841
-963
-132
291
303
-122
-874
-1691
-2444
-2912
-3141
-2770
-1710
-220
1722
3696
5547
6797
7164
6979
6074
4579
2764
821
-882
-2236
-3016
-3195
-2840
-2124
-1534
-899
-429
-441
-823
-1718
-2802
-3842
-4828
-5374
-5369
-4945
-4152
-3190
-2167
-1109
-93
709
981
875
477
-158
-625
-971
-949
-681
-348
209
583
990
1395
1521
1496
1127
421
-298
-822
-1148
-1111
-948
-701
-187
108
321
547
583
529
349
142
-4
-15
132
539
1208
1863
2537
3109
3344
3399
3225
2969
2847
2734
2686
2721
2890
3219
3589
3846
3730
3001
1441
-1034
-4023
-6951
-9474
-11380
-12885
-13957
-14437
-14268
-13163
-11346
-9268
-7401
-6071
-5344
-4907
-4362
-3495
-2192
-705
961
2678
4420
6435
8431
9988
10583
9914
8117
5406
2286
-592
-3021
-4958
-6200
-6714
-6238
-4696
-2448
78
2203
3529
4009
3869
3574
3295
3132
3135
3404
4093
5259
6904
8794
10484
11381
11116
9603
7235
4450
1381
-1568
-4232
-6345
-7500
-7455
-6315
-4476
-2238
-261
1140
1821
1774
1413
764
-1
-601
-841
-362
893
2774
5042
7137
8707
9497
9309
8222
6284
3661
691
-2212
-4606
-6179
-6777
-6397
-5379
-3979
-2417
-1109
-153
324
158
-628
-1841
-3136
-4121
-4542
-4448
-3908
-3093
-2155
-1224
-510
151
663
756
354
-417
-1221
-1945
-2299
-2140
-1658
-887
27
865
1669
2200
2397
2473
2186
1624
944
217
-297
-520
-502
-255
136
391
442
365
224
143
52
-14
94
57
63
475
1092
1932
2743
3285
3459
3144
2586
2243
2176
2197
2163
1985
1858
1976
2492
3260
3747
3340
1530
-1487
-5184
-8765
-11351
-12929
-13894
-14647
-15059
-14682
-13237
-10668
-7647
-5070
-3633
-3283
-3425
-3301
-2422
-931
917
2680
4157
5669
7311
8962
10253
10271
8595
5488
1450
-2581
-5772
-7880
-8987
-9264
-8671
-6942
-4101
-505
3176
5921
7368
7590
6848
6142
5635
5322
5439
5657
6232
7100
8199
9529
10423
10347
8772
5894
2291
-1501
-4854
-7524
-9243
-9906
-9532
-7957
-5373
-2082
1311
4012
5754
6213
5627
4505
3195
2084
1363
1205
1694
2787
4221
5793
7094
7750
7542
6287
4132
1430
-1496
-4290
-6486
-7766
-7975
-7223
-5720
-3766
-1719
189
1575
2328
2432
1803
688
-713
-2155
-3301
-3995
-4096
-3705
-3255
-2944
-2819
-2854
-2920
-2918
-2813
-2653
-2466
-2316
-2038
-1496
-613
540
1543
2411
2975
3035
2857
2605
2315
1907
1430
824
90
-417
-666
-773
-785
-876
-1001
-1261
-1335
-1102
-771
28
983
1885
2591
2959
3269
3473
3616
3650
3479
3071
2472
1804
1186
963
1128
1512
1946
2051
1914
1959
2228
2741
3160
2736
999
-2146
-5937
-9346
-11465
-12190
-12241
-12097
-12182
-12048
-11071
-9128
-6484
-4188
-2958
-2947
-3729
-4113
-3412
-1610
796
2873
4260
4990
5500
6226
6948
6840
5113
1833
-2334
-6173
-8672
-9551
-9097
-7832
-6100
-3902
-953
2576
6137
8889
10022
9547
8106
6735
5939
5774
6216
6590
6826
7059
7298
7716
7787
7011
5074
1871
-1840
-5270
-7800
-8883
-8844
-7897
-5950
-3243
24
3445
6534
8716
9512
8882
7221
5101
2998
1338
248
-155
141
979
2253
3524
4471
4794
4212
2747
710
-1528
-3744
-5361
-6131
-6206
-5524
-3948
-1909
215
2167
3507
4168
3949
2971
1493
-238
-1985
-3644
-4848
-5575
-5869
-5664
-5238
-4841
-4556
-4413
-4234
-3837
-3215
-2449
-1538
-560
213
1028
1928
2694
3420
3704
3510
3059
2340
1566
921
396
-161
-729
-1254
-1672
-1830
-1863
-1878
-1751
-1582
-1276
-763
-102
939
2189
3349
4406
5111
5369
5299
4699
3783
2876
2003
1377
961
623
273
-147
-441
-338
1
358
679
816
1005
1472
2066
2657
2715
1477
-1139
-4578
-7790
-9768
-10478
-10427
-10157
-10042
-9901
-9157
-7399
-5114
-3152
-1972
-1984
-2838
-3439
-3200
-1902
48
1809
2903
3258
3373
3431
3382
2903
1304
-1420
-4782
-7621
-8908
-8569
-6932
-4636
-2055
605
3260
6154
8816
10367
10437
9084
6898
4894
3847
3812
4273
4833
5144
5082
5039
5159
5119
4328
2312
-736
-4133
-6924
-8136
-7628
-5831
-3230
-356
2524
5301
7918
10068
11032
10374
8203
5028
1690
-1042
-2757
-3316
-3025
-2149
-913
463
2014
3309
3898
3515
2152
152
-1931
-3402
-3996
-3670
-2599
-1085
646
2372
3915
4981
5190
4468
2887
608
-1823
-3966
-5563
-6511
-6907
-6855
-6539
-6059
-5422
-4703
-4009
-3333
-2517
-1722
-902
40
879
1785
2595
3395
4027
4064
3714
2741
1452
244
-751
-1430
-1958
-2187
-2353
-2461
-2342
-2046
-1419
-737
-220
6
201
600
1268
2451
3586
4401
4901
4830
4483
4060
3484
2633
1353
-226
-1671
-2566
-2580
-1842
-955
-341
-167
-346
-639
-604
-105
608
1202
1631
2051
2721
3678
4457
4751
3649
681
-3477
-7822
-11078
-12498
-12374
-11594
-10591
-9456
-8127
-6243
-3950
-1813
-397
-251
-1166
-2387
-3127
-2728
-1374
327
1754
2340
2296
2109
1935
1573
612
-1193
-3652
-5911
-7148
-6798
-4896
-2214
561
2984
5068
6840
8162
8816
8499
7135
5106
3429
2754
3159
4419
5680
6323
6196
5418
4346
3101
1624
-297
-2821
-5414
-6956
-6919
-5104
-1808
1919
5328
7848
9315
9771
9278
7947
5606
2431
-864
-3579
-5102
-5060
-3813
-1822
369
2129
3357
3937
3742
2869
1443
-394
-2139
-3187
-3435
-2782
-1432
176
1714
2933
3820
4248
3902
2702
674
-1811
-4260
-6262
-7277
-7424
-6969
-6196
-5431
-4615
-3833
-2925
-1907
-1012
-191
337
721
1086
1380
1860
2295
2378
2145
1595
895
239
-322
-786
-1294
-1868
-2249
-2349
-2156
-1530
-845
-401
-77
106
346
959
1812
2562
3053
3235
3273
3328
3488
3545
3161
2244
800
-631
-1691
-2311
-2321
-1982
-1643
-1283
-727
88
1022
1824
2021
1697
1166
780
1129
1850
2503
2840
2727
2529
2696
2995
2727
1350
-1582
-5803
-10169
-13118
-13797
-12463
-10130
-7910
-6284
-5041
-3616
-1956
-411
324
-304
-1837
-3614
-4503
-3723
-1839
435
2198
2880
2554
1714
1047
514
-270
-1498
-3136
-4511
-4941
-4205
-2234
284
2466
4003
4803
5202
5481
5581
5454
4947
4154
3548
3654
4584
5883
6840
7023
6316
4674
2522
449
-1069
-1988
-2586
-2821
-2598
-1797
-254
1860
4103
5886
6641
6398
5241
3478
1849
456
-731
-1565
-2082
-2136
-1659
-703
591
1710
2384
2408
1597
432
-618
-1376
-1713
-1666
-1285
-810
-206
660
1433
2095
2597
2501
1849
814
-561
-1960
-3107
-3950
-4438
-4579
-4545
-4425
-4098
-3435
-2537
-1575
-687
-73
153
83
-38
18
379
869
1200
1282
1016
575
44
-484
-732
-892
-1153
-1396
-1653
-2005
-2129
-1916
-1329
-417
532
1562
2423
3056
3406
3331
3073
2621
2004
1315
588
-61
-473
-491
-301
-108
10
-67
-303
-441
-269
112
539
864
976
854
731
762
770
793
874
805
789
1026
1337
1604
1387
482
-836
-1986
-2380
-2155
-1708
-1749
-2860
-4689
-6441
-7264
-6645
-5080
-3598
-2888
-3127
-3762
-4099
-3876
-3204
-2603
-2536
-2905
-3179
-2960
-1962
-375
1036
1752
1608
1004
654
801
1100
1078
449
-642
-1625
-1926
-1441
-620
107
381
400
728
1729
3218
4548
5257
5099
4317
3805
4088
4822
5588
5743
4888
3415
2035
1341
1388
1759
1981
1684
864
171
92
560
1220
1622
1580
1158
576
340
589
980
1350
1439
1152
745
381
136
-111
-239
-239
-307
-171
153
437
585
554
531
420
227
38
-302
-679
-982
-1175
-1165
-1143
-1182
-1157
-1109
-1193
-1362
-1374
-1321
-1305
-1379
-1593
-1590
-1334
-853
-236
237
452
241
-74
-262
-269
-106
31
67
-260
-861
-1406
-1837
-2091
-2246
-2284
-2030
-1659
-999
-14
953
1831
2390
2565
2495
2185
1817
1457
1004
524
70
-218
-207
45
379
722
932
920
898
947
1036
1051
920
584
103
-238
-437
-384
-83
151
415
629
729
908
750
232
-457
-1484
-2337
-2757
-2777
-2317
-1651
-936
-37
913
1660
2223
1975
402
-2416
-5716
-8163
-8902
-7762
-5677
-3753
-2661
-2485
-2624
-2602
-2202
-1679
-1593
-2142
-2984
-3488
-2891
-1073
1203
3041
3554
2808
1474
142
-563
-735
-945
-1529
-2304
-2696
-2370
-1325
177
1553
2139
2100
2014
2301
3305
4686
5890
6534
6518
6187
5926
5831
5636
4880
3465
1563
-315
-1309
-1278
-546
390
885
925
759
691
1073
1673
2134
2255
1932
1453
1176
1382
1944
2382
2400
1852
995
258
-148
-291
-335
-552
-1032
-1518
-1728
-1566
-1238
-905
-680
-622
-622
-438
74
647
973
843
334
-269
-800
-1052
-1005
-962
-1096
-1355
-1593
-1560
-1277
-913
-503
-215
-195
-366
-697
-1066
-1429
-1810
-2077
-2227
-2140
-1921
-1695
-1438
-1069
-589
-212
213
601
738
641
275
-156
-352
-338
-96
213
428
640
839
1023
1110
1033
663
44
-536
-991
-1002
-333
625
1582
2251
2515
2460
2152
1776
1304
754
138
-491
-802
-775
-570
-292
-131
-227
-521
-821
-1027
-1195
-1466
-1750
-2030
-2238
-2069
-1465
-560
340
919
1211
1381
1496
1617
1556
745
-1102
-3501
-5560
-6417
-5847
-4431
-2881
-1823
-1653
-2061
-2391
-2366
-2115
-1950
-2021
-2315
-2453
-2086
-1120
274
1468
2143
2091
1475
749
220
-4
-193
-434
-802
-1088
-1110
-987
-632
-191
156
608
1422
2638
3909
4859
5234
4855
4173
3535
3109
3114
3035
2712
2415
2065
1966
2291
2697
2836
2484
1573
494
-325
-676
-423
145
672
955
986
916
864
887
868
587
141
-368
-823
-1064
-1015
-596
-118
170
256
199
28
-191
-296
-292
-99
103
112
45
44
143
256
447
482
259
-198
-744
-968
-874
-602
-228
156
304
198
61
-72
-161
-293
-536
-926
-1416
-1775
-1930
-1803
-1417
-891
-373
-124
-105
-49
54
170
238
158
-78
-347
-602
-777
-779
-642
-233
146
332
391
157
-40
-182
-336
-277
-32
265
509
812
1150
1606
2132
2316
1994
1117
-10
-987
-1597
-1701
-1446
-983
-448
2
391
620
421
-26
-687
-1497
-1968
-1948
-1328
-357
459
853
776
377
-6
-132
-351
-739
-1148
-1452
-1197
-293
1041
2120
2108
705
-1973
-4807
-6498
-6432
-4875
-2760
-1066
-379
-553
-1024
-1401
-1637
-1845
-2233
-2790
-3257
-3189
-2211
-502
1279
2555
2734
1704
376
-556
-976
-904
-715
-485
-227
-79
254
770
1144
1195
797
244
75
627
1876
3267
4312
4768
4596
4078
3492
2969
2416
1826
1358
881
711
1228
2085
3021
3491
3114
2182
882
-325
-1033
-1149
-823
-387
192
738
1181
1563
1750
1749
1390
833
236
-296
-540
-470
-37
547
1014
1179
891
220
-538
-1105
-1438
-1404
-1196
-992
-649
-261
222
678
1006
1280
1192
806
397
-7
-229
-261
-214
-238
-535
-913
-1155
-1233
-1238
-1173
-1179
-1493
-1850
-1994
-1762
-1106
-451
99
472
537
402
23
-291
-450
-466
-396
-360
-304
-330
-319
-350
-379
-366
-431
-432
-354
-150
298
820
1279
1709
1862
1707
1469
1164
963
726
305
-58
-406
-584
-476
-158
225
462
372
-200
-970
-1621
-2166
-2580
-2680
-2613
-2442
-1762
-617
702
1825
2082
1328
-27
-1591
-2624
-2600
-1772
-692
202
790
1287
1919
2487
2600
1784
-327
-3338
-6031
-6948
-5828
-3476
-821
804
921
50
-1152
-1936
-2229
-2344
-2460
-2567
-2302
-1341
333
2147
3269
3229
1868
-94
-1499
-2044
-1658
-950
-607
-635
-882
-902
-635
-259
-92
-307
-736
-984
-278
1337
3195
4767
5283
4666
3631
2680
2224
2348
2624
2679
2451
2127
2011
2251
2639
2720
2175
952
-537
-1604
-1908
-1434
-451
458
1134
1663
1848
1808
1746
1502
1150
714
266
94
267
677
1152
1411
1266
789
80
-680
-1251
-1450
-1300
-847
-174
385
822
1220
1462
1619
1561
1159
566
-144
-699
-986
-976
-487
97
445
376
-131
-767
-1284
-1599
-1691
-1680
-1819
-1903
-1841
-1552
-896
-150
450
546
183
-414
-1108
-1470
-1455
-1134
-688
-456
-327
-316
-369
-350
-322
-238
-192
-152
-130
-62
137
301
410
625
868
833
651
335
-23
-301
-616
-712
-774
-784
-505
-273
-5
271
490
675
577
322
-72
-619
-1240
-1920
-2420
-2543
-2254
-1538
-483
446
833
678
33
-773
-1249
-1106
-579
-91
121
43
139
661
1581
2496
2788
2169
419
-1922
-3824
-4500
-3733
-2357
-1128
-472
-631
-1304
-1870
-1988
-1857
-1671
-1496
-1256
-883
-221
632
1290
1408
783
-231
-1102
-1402
-1011
-202
538
803
547
-29
-725
-1386
-2021
-2388
-2299
-1961
-931
931
2996
4770
5529
5184
4139
2698
1640
1230
1297
1742
2232
2605
2840
2792
2714
2548
2033
1293
290
-660
-1121
-1132
-678
164
964
1563
1839
1804
1510
1122
867
708
737
828
831
795
738
641
546
450
307
-21
-514
-912
-1170
-1180
-909
-520
-130
101
127
101
146
208
356
454
384
149
-65
-51
-3
220
374
140
-370
-942
-1301
-1321
-1117
-952
-955
-1159
-1414
-1665
-1666
-1270
-817
-515
-549
-854
-1018
-997
-743
-207
275
507
459
176
-152
-304
-303
-234
-254
-395
-610
-808
-785
-543
-184
192
407
406
330
99
-79
-133
-12
367
605
708
497
16
-271
-571
-718
-537
-533
-677
-875
-1227
-1526
-1658
-1582
-1410
-1169
-809
-256
479
1144
1514
1417
892
182
-319
-394
-147
159
402
510
528
844
1379
1825
1928
1237
-275
-2185
-3701
-3962
-2814
-1072
440
1122
728
-134
-983
-1511
-1573
-1525
-1506
-1534
-1512
-1202
-677
-154
21
-375
-1216
-2060
-2355
-1882
-1008
-194
298
324
-14
-584
-995
-1121
-1065
-809
-445
183
1159
2316
3299
3616
3100
2111
1113
582
699
1321
2135
2734
3093
3203
3227
3263
3253
3087
2552
1844
1068
464
284
545
967
1245
1374
1192
809
463
268
230
118
-103
-260
-346
-172
259
592
774
701
378
-6
-467
-706
-492
-60
321
635
736
524
220
-110
-347
-525
-747
-914
-923
-765
-570
-295
-38
137
190
12
-113
-257
-468
-615
-886
-1179
-1451
-1558
-1290
-811
-308
23
-55
-375
-775
-1294
-1677
-1879
-1869
-1603
-1201
-703
-181
167
269
163
-56
-382
-819
-1055
-1159
-1007
-509
-21
417
754
858
695
459
259
205
277
262
262
173
-41
-140
-50
164
403
582
529
261
-123
-560
-961
-1304
-1519
-1499
-1042
-457
78
623
766
540
17
-485
-749
-793
-486
-171
18
145
203
290
375
302
288
456
723
1102
1446
1549
1243
334
-973
-1997
-2274
-1645
-470
565
881
467
-311
-1139
-1620
-1922
-2218
-2362
-2544
-2664
-2451
-2007
-1425
-789
-511
-799
-1203
-1277
-982
-340
284
393
70
-293
-524
-698
-677
-295
164
479
775
1116
1417
1700
1946
1778
1382
1165
1323
2009
2813
3465
3759
3617
3289
2894
2313
1819
1642
1477
1173
830
736
865
1120
1422
1496
1259
902
625
429
391
414
424
596
705
472
246
177
102
41
-19
-57
-9
265
625
928
981
694
265
-329
-970
-1404
-1543
-1357
-914
-440
7
383
626
671
437
45
-457
-926
-1018
-916
-840
-606
-345
-109
-25
-331
-918
-1545
-2034
-2263
-2218
-1944
-1484
-1091
-1018
-1271
-1587
-1790
-1611
-1074
-707
-507
-516
-639
-524
-297
-46
-25
-155
-302
-606
-671
-453
12
536
752
602
161
-130
-245
-229
-43
21
100
356
546
766
864
692
404
-36
-417
-620
-532
-193
128
391
488
413
273
260
257
140
187
189
161
92
-1
208
407
578
635
315
16
-43
209
695
1235
1585
1570
1279
484
-519
-1205
-1302
-897
-398
-40
-46
-358
-709
-955
-1181
-1520
-2011
-2338
-2444
-2436
-2121
-1697
-1275
-882
-740
-800
-771
-584
-379
-287
-463
-603
-666
-719
-615
-552
-534
-530
-472
-326
-42
464
1031
1462
1474
1333
1195
989
1234
1696
1925
2083
2306
2575
2753
2902
2892
2625
2242
1721
1191
814
767
928
1072
1218
1195
981
762
673
656
643
676
608
411
211
37
-110
-85
86
199
376
530
578
687
679
508
266
-119
-453
-618
-704
-558
-281
28
302
427
367
161
-19
-109
13
76
0
26
-74
-152
-210
-458
-708
-1029
-1404
-1650
-1648
-1483
-1163
-718
-497
-513
-762
-1162
-1538
-1905
-2014
-1852
-1483
-1027
-734
-464
-339
-477
-643
-789
-898
-965
-848
-507
-189
153
441
570
603
492
391
256
44
-93
-89
61
381
723
938
916
637
321
-1
-103
41
201
316
232
142
1
-159
-104
20
91
-2
-67
-111
-136
63
423
632
532
299
58
-39
22
138
125
47
100
250
572
865
926
690
65
-660
-1155
-1140
-499
319
536
193
-266
-847
-1087
-912
-789
-842
-1228
-1711
-1958
-1884
-1521
-1164
-982
-1056
-1353
-1580
-1473
-1048
-586
-442
-679
-1094
-1375
-1421
-1194
-737
-352
93
448
562
855
1183
1370
1410
1151
872
735
840
1195
1522
1729
1765
1703
1648
1625
1723
1773
1712
1663
1474
1266
1148
1050
1118
1263
1341
1296
1231
1198
1145
1047
843
719
606
420
175
-38
-97
-89
76
232
258
282
221
201
159
104
96
26
-16
-68
-57
-4
152
345
377
305
27
-216
-235
-177
-135
-191
-295
-416
-493
-471
-479
-647
-780
-812
-974
-1070
-1075
-1020
-885
-827
-740
-876
-1174
-1231
-1252
-1294
-1303
-1294
-1092
-972
-913
-637
-502
-441
-240
-195
-274
-365
-371
-240
-167
-135
-129
-81
15
82
239
406
573
754
784
605
229
-56
-166
-123
114
315
380
389
300
34
-217
-339
-420
-457
-446
-315
-94
161
425
594
558
435
299
58
-59
-152
-227
-29
206
366
505
482
473
506
404
205
-129
-432
-611
-703
-594
-333
-28
221
119
-273
-594
-821
-881
-757
-696
-763
-1016
-1245
-1309
-1346
-1303
-1250
-1266
-1323
-1322
-1235
-1011
-795
-801
-718
-783
-1026
-1120
-1099
-792
-520
-334
52
416
694
926
1152
1313
1255
1091
1021
1172
1480
1905
2235
2298
2187
2005
1833
1714
1666
1554
1511
1509
1460
1519
1496
1406
1333
1275
1146
885
718
605
680
860
868
777
596
320
-3
-270
-516
-535
-341
-179
-101
-170
-104
14
107
65
-142
-321
-555
-722
-700
-461
-135
117
65
-116
-245
-307
-155
77
329
369
199
-83
-386
-568
-809
-966
-945
-934
-849
-667
-453
-211
-157
-237
-459
-721
-860
-1011
-1008
-941
-758
-516
-495
-473
-443
-453
-436
-416
-412
-496
-516
-421
-407
-435
-380
-274
-177
-66
100
176
148
188
180
167
148
70
147
201
228
232
105
13
-23
-20
-25
0
14
-146
-256
-155
-4
184
232
195
259
120
-10
13
-4
58
127
167
233
293
438
571
601
497
263
-111
-554
-744
-772
-635
-384
-214
-86
-222
-339
-409
-693
-903
-1097
-1267
-1275
-1074
-717
-452
-401
-516
-801
-1072
-1203
-1244
-1188
-1118
-998
-895
-692
-509
-414
-253
-281
-346
-385
-356
-124
269
672
940
1198
1223
1203
1325
1331
1362
1316
1256
1297
1418
1758
2043
2191
2153
1805
1497
1385
1469
1575
1598
1505
1313
1108
786
558
463
364
249
135
83
79
198
355
368
271
67
-292
-494
-529
-489
-366
-326
-189
-12
135
229
231
110
-163
-361
-458
-404
-245
-135
59
254
325
390
500
574
510
400
262
98
-13
-148
-278
-320
-233
-182
-201
-188
-303
-472
-645
-792
-805
-821
-744
-590
-600
-689
-703
-621
-508
-474
-595
-663
-832
-992
-893
-760
-499
-294
-322
-433
-574
-632
-536
-408
-382
-344
-310
-257
-97
-38
-53
-87
-190
-220
-114
21
199
358
341
297
242
162
186
145
63
-62
-202
-231
-245
-100
25
-52
-277
-484
-526
-477
-330
-193
-270
-347
-353
-458
-364
-286
-313
-331
-559
-776
-882
-914
-867
-735
-711
-746
-742
-842
-825
-735
-670
-589
-536
-488
-422
-322
-212
-173
-211
-247
-244
-157
-86
-24
88
113
229
425
562
747
900
1043
1040
886
835
834
933
1050
1188
1396
1551
1681
1709
1713
1684
1593
1508
1379
1248
1197
1247
1274
1262
1351
1327
1107
872
624
444
450
422
404
335
123
30
-77
-229
-252
-185
-251
-359
-438
-458
-351
-284
-207
-242
-457
-545
-575
-581
-343
-109
-57
-96
-234
-280
-222
-142
21
60
52
18
-76
-81
-10
63
146
177
45
-2
37
39
153
139
67
22
-150
-267
-421
-535
-530
-507
-511
-517
-475
-457
-535
-566
-555
-587
-572
-635
-733
-814
-770
-612
-480
-341
-312
-259
-283
-400
-410
-379
-278
-213
-134
-42
34
63
45
8
-86
-49
29
129
292
392
504
515
423
374
273
130
14
-41
-18
36
55
122
185
103
-49
-236
-368
-532
-698
-750
-848
-924
-837
-783
-922
-1070
-1238
-1412
-1390
-1258
-1122
-1035
-1030
-1001
-1048
-1104
-1004
-985
-932
-816
-776
-681
-521
-248
1
158
263
268
286
358
486
629
699
758
942
1183
1309
1363
1439
1528
1521
1437
1465
1580
1671
1722
1645
1524
1418
1306
1310
1457
1520
1410
1360
1344
1366
1355
1212
1094
966
852
710
569
578
550
428
277
182
188
179
205
178
-6
-154
-189
-201
-242
-200
-250
-393
-361
-323
-262
-231
-280
-353
-449
-418
-403
-389
-365
-384
-419
-545
-591
-509
-427
-357
-267
-357
-514
-562
-662
-608
-525
-528
-428
-517
-676
-666
-613
-564
-414
-310
-342
-200
-110
-170
-180
-183
-231
-298
-328
-354
-385
-377
-326
-200
-7
67
9
-25
-121
-247
-243
-225
-177
-185
-249
-138
-47
24
117
147
149
28
-84
-102
-95
-11
22
-2
30
11
22
64
8
-64
-132
-253
-327
-324
-300
-273
-224
-252
-403
-412
-382
-384
-365
-386
-404
-436
-409
-400
-396
-415
-493
-570
-690
-764
-786
-715
-591
-493
-513
-503
-380
-304
-197
-164
-87
4
28
137
189
260
357
399
440
482
593
663
690
866
1028
1014
949
832
805
871
911
1054
1167
1182
1223
1317
1305
1188
1114
976
864
815
762
767
834
923
903
781
645
497
399
357
298
245
197
143
154
156
90
34
-118
-256
-190
-97
-115
-157
-217
-267
-237
-254
-288
-332
-296
-204
-298
-296
-217
-221
-104
-81
-119
-62
-103
-171
-284
-300
-214
-227
-17
135
124
187
92
-8
-106
-187
-191
-281
-284
-327
-279
-135
-102
-89
-189
-172
-270
-442
-477
-485
-381
-320
-278
-378
-484
-507
-519
-417
-407
-391
-335
-281
-159
-115
-72
66
-3
-136
-162
-158
-46
30
69
134
198
206
154
144
151
101
44
75
178
171
61
42
-45
-122
-37
-46
-109
-193
-266
-281
-379
-381
-249
-259
-370
-452
-519
-547
-581
-575
-549
-597
-696
-775
-755
-733
-690
-617
-637
-705
-743
-749
-804
-787
-667
-641
-542
-403
-366
-296
-230
-119
-29
-53
-35
60
129
127
193
291
333
379
481
602
647
632
731
873
856
836
909
907
857
936
1036
1026
966
1039
1143
1080
1098
1112
1000
933
843
769
728
708
759
773
699
592
573
514
383
335
319
259
195
142
127
153
108
55
49
-30
-125
-170
-191
-158
-91
-110
-167
-142
-150
-200
-187
-144
-212
-334
-351
-327
-305
-218
-78
-15
-30
-95
-225
-305
-282
-246
-221
-227
-229
-195
-259
-277
-259
-296
-216
-205
-256
-265
-302
-271
-229
-227
-262
-285
-240
-200
-172
-108
-127
-179
-118
-109
-37
72
-32
-44
-72
-144
-95
-108
-1
66
19
31
7
61
96
11
13
-11
-23
20
40
62
2
16
-40
-158
-265
-380
-310
-273
-248
-199
-287
-346
-425
-551
-589
-692
-791
-816
-896
-872
-795
-755
-773
-859
-786
-776
-821
-760
-693
-568
-629
-689
-627
-672
-552
-487
-547
-418
-341
-375
-216
-75
-16
78
145
287
302
331
457
489
599
685
739
823
823
871
956
947
967
964
907
916
948
937
867
863
941
976
939
978
1006
996
913
736
692
617
596
628
563
535
472
364
355
338
325
330
286
259
143
39
78
65
33
20
-29
1
49
9
10
41
35
50
-20
-61
-42
-90
-102
-37
-61
-78
-7
-16
40
35
-6
21
23
49
-25
-99
-192
-244
-228
-204
-124
-174
-179
-164
-274
-260
-287
-393
-392
-465
-542
-443
-371
-373
-301
-346
-470
-504
-452
-370
-399
-412
-336
-334
-358
-357
-291
-240
-247
-226
-280
-324
-329
-297
-166
-143
-257
-237
-171
-137
-81
-86
-122
-143
-172
-218
-210
-207
-229
-216
-197
-186
-232
-247
-239
-228
-269
-354
-397
-443
-399
-374
-359
-342
-392
-345
-359
-411
-396
-436
-408
-357
-377
-404
-311
-175
-108
-47
22
100
74
115
104
-3
101
146
227
358
393
475
454
524
609
547
550
525
532
601
679
775
829
855
904
878
750
736
751
771
769
717
748
743
712
740
730
694
682
632
556
508
496
434
354
303
312
366
332
323
311
211
190
178
95
58
62
94
99
67
123
123
113
45
-132
-175
-229
-217
-146
-99
-17
-52
-138
-115
-115
-137
-101
-199
-239
-180
-200
-213
-266
-220
-145
-159
-215
-264
-227
-280
-346
-348
-333
-322
-358
-432
-424
-351
-371
-348
-409
-419
-308
-356
-373
-373
-445
-415
-409
-465
-500
-545
-495
-486
-487
-478
-549
-510
-472
-498
-565
-568
-485
-469
-394
-392
-354
-227
-325
-394
-382
-424
-352
-274
-189
-109
-137
-122
-62
-56
-72
-60
-152
-263
-282
-236
-145
-86
-57
0
32
-33
-159
-209
-197
-183
-161
-127
-9
50
51
77
140
198
179
187
181
224
337
317
282
392
428
409
448
519
611
601
580
637
651
633
662
746
809
809
735
713
743
644
562
604
602
548
598
578
587
645
554
516
495
474
509
422
378
394
363
343
252
284
298
208
268
233
169
139
52
-17
-122
-143
-121
-76
-89
-172
-167
-190
-240
-203
-169
-279
-302
-269
-258
-235
-202
-98
-90
-133
-197
-253
-231
-198
-139
-180
-243
-247
-234
-171
-156
-242
-342
-303
-329
-357
-307
-385
-391
-360
-381
-429
-456
-455
-511
-533
-549
-589
-551
-449
-442
-516
-511
-464
-433
-469
-403
-384
-460
-414
-465
-524
-473
-396
-400
-429
-411
-317
-286
-334
-293
-367
-367
-354
-430
-388
-352
-251
-161
-204
-208
-95
14
-33
-64
-7
2
27
44
21
53
128
140
202
289
304
289
253
351
410
387
436
352
349
456
421
382
310
328
441
400
393
391
367
440
435
440
431
419
489
423
451
598
599
581
580
616
583
607
712
672
695
719
719
757
677
632
639
516
508
570
529
544
508
517
478
339
320
335
294
187
176
152
145
98
-28
37
-4
-3
-1
-147
-153
-180
-270
-316
-232
-217
-279
-289
-351
-305
-236
-346
-416
-418
-492
-541
-463
-395
-421
-428
-493
-508
-454
-488
-554
-593
-574
-504
-484
-548
-420
-367
-419
-354
-447
-468
-430
-447
-432
-463
-461
-449
-475
-489
-463
-459
-418
-429
-486
-415
-405
-405
-387
-410
-375
-348
-296
-289
-287
-251
-252
-205
-209
-221
-162
-196
-167
-127
-149
-76
-31
51
84
64
72
22
72
134
59
109
224
188
209
236
239
281
241
259
287
223
262
316
289
298
315
362
423
440
416
425
398
367
324
344
457
475
482
464
494
502
461
438
431
447
435
507
516
505
546
522
501
507
529
479
475
556
510
437
436
427
438
440
386
398
380
340
379
324
255
187
130
208
189
110
103
55
25
-4
-4
-42
-99
-126
-208
-257
-294
-322
-361
-307
-285
-400
-374
-344
-439
-461
-435
-394
-363
-421
-408
-388
-405
-458
-590
-517
-382
-421
-464
-446
-455
-488
-484
-493
-512
-493
-431
-415
-457
-371
-314
-315
-294
-311
-295
-324
-356
-288
-202
-254
-274
-265
-341
-333
-285
-170
-223
-358
-263
-200
-210
-240
-200
-148
-189
-211
-213
-187
-200
-164
-118
-124
-116
-79
10
24
-48
-57
-41
-50
22
61
58
148
199
246
332
303
318
325
238
318
392
303
327
330
309
404
388
380
434
381
328
350
348
361
339
304
308
264
223
228
287
283
222
175
191
205
148
191
200
221
241
131
186
214
207
212
170
273
228
172
262
249
205
195
172
111
105
68
48
126
128
134
177
178
160
218
194
111
211
201
112
129
95
42
32
-8
-54
-94
-88
-51
-102
-145
-193
-228
-227
-258
-327
-336
-332
-328
-213
-270
-363
-323
-362
-346
-286
-338
-444
-442
-351
-332
-403
-455
-437
-431
-396
-344
-337
-324
-282
-267
-288
-313
-349
-234
-167
-288
-254
-254
-319
-235
-206
-235
-260
-213
-61
-53
-138
-129
-109
-99
-100
-78
-44
-57
-21
8
20
56
86
65
8
-19
-17
9
15
67
95
125
175
208
203
224
258
215
261
291
243
245
271
295
352
405
417
420
386
382
391
336
318
352
403
400
350
382
367
309
326
353
218
136
287
253
176
198
211
212
208
242
130
49
72
152
285
188
10
69
169
150
77
-52
-18
59
-30
0
2
-82
-57
-67
-88
-77
-83
-94
-107
-121
-124
-109
-126
-126
-156
-164
-132
-176
-132
-83
-74
-46
-89
-111
-97
-161
-205
-220
-188
-120
-154
-164
-200
-231
-148
-224
-308
-245
-243
-232
-205
-210
-198
-255
-281
-236
-267
-265
-237
-214
-184
-266
-304
-246
-229
-147
-163
-213
-153
-160
-117
-120
-155
-140
-170
-124
-99
-45
4
-43
-45
-86
-69
-15
-7
-5
-72
-49
-15
-40
-2
22
79
21
-68
62
98
124
128
49
129
123
95
129
157
161
152
226
247
205
171
185
222
181
183
276
322
359
401
365
347
278
234
279
256
291
288
173
206
286
237
234
239
213
214
128
148
223
206
206
151
110
90
89
129
139
92
48
54
32
-21
-11
54
-5
-56
-1
6
13
-41
-87
-83
-74
-49
-65
-25
12
-72
-75
-89
-132
-64
-67
-77
-81
-153
-112
-6
-50
-139
-174
-189
-151
-131
-139
-143
-134
-118
-111
-68
-90
-117
-101
-96
-139
-217
-197
-141
-105
-180
-220
-175
-207
-186
-206
-235
-212
-213
-244
-334
-285
-205
-288
-251
-159
-196
-192
-152
-157
-147
-139
-147
-127
-118
-49
3
-60
-58
-25
-60
-33
68
39
32
88
27
8
-24
-7
55
58
63
28
22
96
125
84
0
2
67
23
63
112
157
173
81
114
157
140
114
29
44
130
163
185
152
158
125
123
191
76
100
198
171
150
130
188
166
165
222
222
239
224
266
280
257
168
102
183
119
118
169
157
239
213
187
190
122
82
42
84
38
-76
-78
-96
-105
-131
-137
-130
-163
-183
-205
-175
-175
-238
-254
-235
-216
-150
-136
-229
-171
-102
-110
-103
-159
-148
-130
-144
-160
-191
-99
-49
-79
-144
-196
-123
-100
-67
-54
-73
-44
-47
-44
-109
-109
-53
-46
-60
-78
-65
-69
-9
-38
-96
-78
-103
-61
-41
-4
-20
-19
35
22
93
60
23
72
64
84
104
15
-11
43
-59
-70
30
102
161
114
61
111
96
50
93
80
110
214
170
93
93
59
86
128
95
92
123
111
113
88
53
100
99
59
68
125
127
155
100
9
48
68
83
33
12
12
18
51
9
9
-48
-82
-35
-25
-51
-78
23
68
31
29
7
81
59
-8
55
10
-25
-21
-19
-59
-101
-22
-72
-120
-64
-123
-123
-55
-37
-22
-71
-104
-95
-60
-77
-163
-153
-107
-121
-122
-101
-82
-80
-161
-139
-102
-90
16
-49
-111
-130
-115
-31
-136
-197
-136
-125
-149
-107
-83
-147
-206
-227
-175
-167
-175
-103
-98
-133
-78
-95
-134
-78
-80
-71
-25
-1
34
33
-5
27
22
14
9
-21
11
-33
-33
-48
-93
-24
13
32
96
153
73
68
90
32
54
100
128
95
134
125
57
140
138
99
134
121
181
186
135
229
222
105
109
144
239
206
148
212
160
127
106
83
114
65
6
65
74
53
143
143
83
86
83
73
54
32
37
24
66
118
90
75
33
-35
-81
-38
29
39
-29
-60
4
-49
-70
-32
1
41
-7
34
6
-48
-53
-92
-46
-8
-30
-42
5
6
-10
-62
-127
-55
-28
18
33
-26
-22
-59
-50
-57
-90
-113
-172
-127
-77
-144
-106
-125
-135
-90
-164
-127
-139
-145
-76
-73
-117
-152
-112
-94
-65
-114
-134
-93
-100
-55
-65
-77
-65
-89
-51
-56
-114
-72
-47
-50
10
-28
-83
-43
-60
-43
-59
-134
-79
-60
-42
-8
-12
-40
-121
-76
-21
-29
5
58
51
34
108
119
97
39
25
73
45
33
88
84
102
95
35
132
71
8
69
48
63
47
86
79
75
183
136
92
87
41
67
57
31
15
47
102
108
137
138
100
62
66
106
122
63
22
82
31
1
34
10
65
82
7
21
58
50
48
-65
-44
21
-65
-40
-18
-47
-38
45
75
4
32
84
73
13
-28
-31
2
66
72
24
-24
-35
-57
-40
-88
-168
-93
-63
-104
-83
-79
-132
-100
-98
-102
-81
-136
-58
-45
-115
-117
-149
-82
-57
-69
-82
-60
-12
-71
-98
-81
-52
9
9
-18
9
32
27
-62
-108
-52
-43
-54
25
90
54
-3
-26
-8
-24
-4
0
-23
64
90
53
43
55
91
66
103
168
109
54
43
55
48
-31
-54
6
12
13
46
27
1
15
74
57
21
-17
-51
-24
-19
25
-3
19
25
-33
70
47
19
40
24
63
-10
16
101
125
167
123
138
113
50
62
39
91
114
74
95
14
27
58
-55
4
105
7
-64
-36
-9
52
3
-43
7
-25
-10
-22
-73
20
7
-17
-13
-93
-55
-45
-63
-27
22
-8
-29
10
-32
-48
-77
-25
56
-23
-1
-19
-71
-8
-21
-37
-53
-62
-56
-57
-71
-45
1
-20
3
13
-59
-80
-36
-28
-36
-24
-67
-89
-72
1
53
30
23
-70
-87
-46
-53
-45
5
58
3
33
-35
-117
-22
-49
-19
11
-44
-10
8
-32
-35
38
68
19
45
63
70
113
67
45
98
110
123
40
1
110
79
61
91
69
71
6
41
114
83
88
110
65
-20
89
166
74
14
48
67
0
-11
1
23
26
44
78
66
95
93
18
29
70
114
127
65
46
67
82
29
44
61
17
38
-9
-20
22
-12
7
-10
-59
6
48
77
-8
-65
18
-79
0
79
27
85
-24
-21
11
-72
2
5
3
40
-63
-19
29
-29
-10
-52
1
68
-1
-56
-98
-54
-42
-106
-86
-104
-120
-55
-119
-115
-53
-40
-6
-119
-109
-44
-86
-16
-71
-94
-34
-54
-21
-80
-36
-10
-153
-124
-97
-81
-52
-131
-48
7
-1
20
-89
-116
-87
-54
-32
-71
-15
0
-58
0
1
-50
-12
39
8
-20
18
11
15
1
19
108
90
43
11
-7
49
78
81
26
-3
95
109
100
77
97
124
28
22
79
108
75
72
60
87
105
6
52
149
136
85
52
57
95
71
23
17
29
89
120
113
93
62
72
61
-10
22
54
-14
-4
55
47
85
103
24
37
36
65
86
-5
6
10
-58
-14
69
55
20
-50
-68
-13
-30
-42
-72
-85
-69
-19
28
0
-37
-17
55
11
-49
-30
-47
-129
-87
-27
-45
12
-29
-92
-35
-42
-54
-17
-34
-42
-100
-107
-37
-68
-20
-2
-90
-69
-39
-54
-69
-83
-62
-100
-111
-98
-86
-28
-57
-8
41
-15
-29
-78
-84
-65
-58
13
8
3
64
-18
-99
-64
-101
-99
-20
-23
-40
-100
-102
-17
-29
3
44
-10
-42
-27
-39
-53
6
13
-7
38
61
-5
-27
27
17
54
91
85
9
-43
39
103
129
80
43
39
13
53
39
-21
29
106
91
15
-3
43
131
130
87
120
67
38
26
7
67
69
28
72
75
65
112
27
3
37
42
-5
-72
14
6
-7
49
9
-36
3
12
7
-23
-83
0
14
-41
-90
-67
1
63
63
1
0
-61
-45
-10
-19
-32
-58
-10
52
44
-5
-51
-86
13
11
-34
-46
-94
-32
-38
-30
-35
-89
-32
-48
-95
-78
-19
-10
-70
-51
-75
-116
-101
-92
-20
41
-17
-67
-71
-94
-88
-39
36
52
-5
-25
-40
-37
-41
-79
-46
6
-4
2
1
-28
-14
-2
-19
-22
36
61
-13
-83
7
71
-64
-58
44
-37
-33
45
12
35
20
13
-6
-62
-11
-12
72
104
1
37
52
-27
-42
37
31
18
-1
11
76
60
31
0
-10
-21
24
7
-48
-1
70
69
17
27
23
3
-5
40
61
45
84
35
11
18
21
47
-38
11
106
36
32
8
-29
25
24
0
39
62
38
-4
-11
-13
-3
51
37
-27
-51
-15
-28
5
79
32
23
20
-40
-5
48
-10
-56
5
62
80
17
-24
-30
-33
2
-49
-23
-9
-44
-52
-85
-66
-63
-9
-8
-31
-59
-134
-33
-54
-133
-80
-117
-35
-23
-83
-7
-103
-120
-49
-77
-51
-42
-70
-47
-39
-12
-3
-17
7
-61
-57
30
23
-12
-25
-82
-47
-4
-64
-13
12
14
17
31
37
-2
-18
-11
80
65
24
73
63
40
63
70
2
38
92
-17
-29
38
75
99
15
55
48
-22
39
27
47
29
-45
-50
27
28
-56
-27
-31
27
41
8
5
-108
-90
-17
4
12
69
73
34
58
28
43
10
-38
-30
-3
40
4
-33
-16
8
15
-3
6
-18
-38
-24
-57
-22
14
-21
-24
-17
-12
14
39
58
43
22
36
0
23
59
41
66
50
69
44
10
81
63
36
46
3
-2
-44
-133
-34
25
5
26
31
39
-16
-95
-100
-4
59
12
-28
6
10
5
-11
-2
62
68
47
-26
11
58
30
24
-35
-11
6
17
-10
-62
-34
-41
-43
2
0
-56
-57
-24
-25
-29
-34
3
22
-34
-23
-10
54
86
33
28
5
49
108
60
28
11
19
-1
-22
58
26
-3
27
60
24
-24
-6
-30
-33
-32
50
-4
-87
5
-2
-28
15
61
48
-24
-39
-4
-24
-14
8
-6
20
23
-11
22
59
-16
-48
0
-43
-113
-97
-110
-108
-81
-79
-70
-72
-52
-44
-86
-97
-107
-82
7
-64
-63
-40
-95
-28
-15
1
-36
-20
34
-53
-78
-36
17
-1
-21
19
30
25
-40
-34
7
-4
68
29
-43
18
-28
-92
-9
25
4
54
6
7
41
1
24
-2
35
92
28
34
57
70
36
-1
52
21
16
23
5
21
26
77
73
0
-13
14
54
-32
-15
86
-22
-13
-11
5
14
-6
50
-23
-35
35
31
-19
-10
37
18
45
78
33
63
26
42
69
-4
62
42
-27
-13
38
46
19
27
-10
-30
-36
-26
-16
-41
-113
-79
34
-25
5
35
-31
-10
23
121
53
-80
-17
26
25
20
12
0
-14
1
18
49
-1
4
64
-30
-29
-17
-31
29
-20
-77
-40
42
29
-91
-109
-36
2
-104
-101
53
-5
-54
-71
-47
50
12
5
-23
-27
51
74
56
23
1
-45
19
82
-27
-53
-47
-35
-24
-89
-29
-37
-96
-40
-58
-41
-13
4
0
-49
12
-9
-16
62
43
5
-31
25
55
0
31
-21
-13
39
-15
11
-71
-114
-48
-45
-2
7
16
21
-17
-34
-37
-14
47
35
-34
-37
-14
-49
-97
-97
-93
-26
35
26
40
35
20
86
45
-31
34
54
69
25
-36
5
51
58
45
8
-21
-13
-27
38
19
-58
-16
-65
-12
69
27
29
-3
9
72
35
43
102
99
45
50
98
63
61
7
-29
15
48
107
37
-44
-84
-93
4
59
94
85
25
46
102
52
-15
-17
-58
-41
-1
-14
-13
-56
-56
4
-38
-46
22
-13
-61
-34
-30
-15
-20
-59
-19
-13
19
50
-3
36
20
-72
-19
-30
-64
-45
-126
-120
-135
-160
-97
-27
-12
-22
-1
-38
11
55
-4
-69
-6
97
15
13
37
-1
-14
-42
34
3
-46
24
36
38
-1
27
67
-41
-50
-8
4
61
69
54
52
31
-6
-5
-28
-12
-12
5
34
-22
-60
-91
-7
24
-15
-11
18
59
18
29
66
56
5
47
145
66
-3
-43
-96
-55
-56
-19
10
-71
-51
-33
0
8
-14
-5
-13
32
-19
-76
-8
37
5
0
44
64
119
88
-12
-30
-15
13
1
-22
-44
-70
6
40
-14
21
12
-41
-31
-32
12
67
15
-3
-38
-32
71
-56
-72
-30
-89
0
1
10
-33
-62
35
14
33
73
25
-24
51
75
-34
-10
2
19
43
6
8
-32
-14
20
-37
-28
-62
-99
-58
-18
-7
-64
-87
-62
-1
20
30
76
65
81
117
61
-36
-78
-114
-77
41
9
-11
24
-37
-24
-26
-35
17
27
-2
-14
3
-29
-27
9
-18
-66
-41
6
14
32
-50
-41
5
-10
4
2
32
-19
-12
25
5
37
34
2
-16
-20
9
84
86
24
-1
-18
-6
59
28
-39
-38
-69
-40
67
62
-33
-37
-3
3
22
22
31
27
25
115
100
35
60
53
-20
-33
36
51
28
-12
31
67
-52
-16
38
27
9
-78
-23
16
13
26
7
21
32
54
41
10
15
-64
-70
14
-19
-41
-89
-47
100
65
-24
0
18
-2
-20
-24
49
0
-68
21
0
-33
-56
-81
-22
-33
-63
-35
2
-8
-48
-61
11
12
-63
-40
-67
-64
23
39
9
-5
-13
-32
22
-1
19
66
-62
-38
11
16
7
-89
-5
74
24
7
14
-47
-5
35
-40
82
83
0
6
-23
26
-10
-81
12
14
4
79
54
91
49
-21
47
61
60
35
-8
36
62
33
-6
4
72
19
-32
-13
-31
1
-2
-37
-14
5
15
35
13
9
-13
0
41
-52
-17
68
29
-19
0
58
57
-10
-66
-15
-39
-80
9
1
-15
58
56
29
15
21
29
-27
-26
-21
-69
-3
6
-49
-62
-48
29
-14
-70
-48
33
35
-60
-1
9
-22
-49
-42
80
18
-71
-29
-20
5
13
7
12
5
0
-22
-107
-131
-61
-66
-73
-53
-49
-16
12
1
-41
-44
18
29
0
29
48
67
54
-24
27
60
-16
10
10
-55
2
43
12
26
1
66
58
-39
79
83
-24
-43
-10
99
99
-9
-26
39
31
56
57
-60
-43
37
32
35
-3
-14
36
-14
0
20
16
40
-18
-9
39
25
-11
-3
37
-13
-63
-46
-86
-57
-27
-40
19
-33
-30
16
-3
0
-62
-46
19
4
-2
-42
-35
33
17
23
99
35
-72
-45
-56
-4
53
-3
-25
-46
-8
82
-2
-33
25
-48
13
73
-9
15
52
14
41
17
-18
74
-16
-42
45
26
50
19
29
6
-10
78
87
20
-42
-24
37
22
40
57
-55
-50
-24
-21
14
-6
51
46
20
27
-24
-41
-10
-8
-31
-7
48
39
-9
0
-25
12
9
-19
9
-48
-2
10
-40
16
11
-60
8
0
-32
51
6
-23
3
19
4
-23
-41
-36
-31
-26
65
36
-53
-56
-39
-24
-19
0
23
-10
-28
-23
-76
-48
48
62
38
-7
-10
39
-18
-58
-25
-15
18
48
21
-4
-47
-66
-26
-12
22
-13
-47
9
0
65
81
45
73
39
24
68
58
6
53
10
-40
-18
-4
64
11
6
55
14
16
-77
-40
33
-57
-20
66
54
-2
-19
-1
-22
-53
-30
-1
20
27
4
14
15
-2
2
25
0
-4
52
50
19
-21
-29
-4
85
55
-12
-11
-127
-87
37
36
-14
-40
16
18
-50
-32
14
6
-59
-26
94
36
4
10
-18
9
32
64
-15
-69
39
60
26
68
15
-88
-105
-51
-9
4
-19
-14
20
-34
-33
56
44
26
43
82
154
40
-11
61
20
11
32
62
107
33
-13
5
19
48
37
28
5
61
86
37
64
54
-6
-12
63
59
-4
-17
-18
0
-12
65
51
-71
-8
-49
-70
18
-15
-64
-80
-21
3
-52
0
45
-8
-30
-55
-54
8
41
-50
-56
50
-18
-66
-8
-11
-26
-42
-53
-75
-81
-40
-38
-29
-3
13
-14
33
6
-111
-19
18
25
41
-3
-15
-26
-2
37
-5
-52
36
75
54
32
-62
-55
78
64
24
24
-20
15
81
42
-65
-70
-29
-25
-27
12
-16
-28
44
25
36
17
8
51
-27
-34
-1
-3
18
-13
16
21
-20
-21
1
30
-4
36
3
-59
-52
-80
1
4
-61
-39
-47
-30
57
59
-37
-37
-51
-23
-15
-58
60
19
-13
62
-20
-3
21
-20
62
5
-62
43
7
-39
-15
2
61
56
8
40
77
41
-6
0
11
5
-10
31
35
6
-23
-91
31
64
33
-16
-84
73
82
27
29
-11
15
-18
-26
30
17
14
35
21
14
-14
-63
-28
35
70
97
-15
-78
18
18
-41
-38
35
33
-46
-51
-9
25
21
-14
-8
16
-3
-52
-31
67
105
108
71
-8
-30
-33
32
74
16
42
58
-77
-47
135
55
-45
8
4
-1
-6
-14
9
-19
-43
-48
-60
-56
28
130
80
-52
-62
3
-39
-3
44
46
87
-32
-108
-40
3
-71
-77
41
42
-2
-83
-106
-50
-26
44
78
-7
-107
-42
35
29
-3
-9
7
-16
8
-4
-42
-20
2
-5
-40
-31
-4
8
20
-28
-5
29
10
27
-39
2
34
-53
-44
-34
18
87
44
-19
-43
-33
2
20
18
-2
43
63
-44
-101
-74
0
26
-24
-67
27
82
40
79
20
2
5
-18
49
-14
-37
10
3
49
-12
-36
59
39
34
23
-31
-2
-14
-11
41
-2
-34
16
26
-4
-30
-86
-92
-48
-48
11
11
-12
22
-74
-63
1
-67
7
126
61
-19
20
24
9
23
-52
-18
-11
-10
44
-33
-37
-60
-14
26
-32
-6
-77
-48
55
-14
-2
30
-10
6
-13
-25
33
63
69
41
44
-16
-11
39
-19
59
33
-50
27
-25
-36
19
-29
-31
7
-54
-75
45
32
-48
6
28
-37
-89
-4
88
62
-12
-32
89
45
-19
36
4
28
26
28
24
-3
78
90
70
60
47
-4
-16
46
-18
-44
-79
-18
107
15
-24
-47
-31
18
-26
17
38
-33
-2
63
27
-35
-26
4
-21
6
22
34
-7
-76
-21
20
49
-31
-119
-81
29
-12
-147
-40
14
-43
-49
-68
5
37
-73
-70
-6
37
59
36
-27
-40
47
4
10
59
22
81
71
29
12
40
25
-46
7
43
60
54
10
-16
-27
30
15
14
-5
20
41
-59
-5
32
-3
-26
-32
-48
4
110
50
44
51
-81
-60
35
-25
-48
-5
-24
38
-15
-136
-46
-11
-33
-89
-104
-40
-31
-10
-74
-70
-21
-55
16
-30
-99
-37
31
55
-12
-16
-30
-39
4
18
37
20
13
44
22
-29
3
-4
-50
14
36
-32
-12
-17
5
53
-2
25
-3
-34
8
24
61
89
42
2
23
-37
-2
93
44
7
-7
8
12
-24
-15
67
16
-85
-8
-29
-90
-70
-20
-29
-41
-16
-57
-29
18
-28
-43
20
28
-11
0
-4
4
38
23
0
-41
-19
18
-4
0
28
40
-8
-12
-5
-84
-50
11
4
19
54
25
-19
-11
56
90
24
5
41
68
0
-2
14
8
97
79
-29
-29
47
25
10
-17
-4
-9
-55
1
-66
-52
3
-18
74
39
-23
-66
-74
27
-11
-12
4
-32
-25
-23
23
10
-39
-34
29
110
30
-72
-30
17
14
-17
-5
-26
20
25
-19
13
-13
26
-40
-68
97
87
7
-27
-43
-13
58
112
40
47
21
-45
-11
-43
-4
14
0
39
-3
-18
8
-19
8
-10
-75
-41
-71
-90
-1
10
14
22
6
-37
-32
-26
-55
19
4
-47
6
27
-37
-60
-37
-9
36
29
10
-40
-71
-52
-79
-60
14
41
-7
-8
40
53
84
0
-58
-4
15
30
-39
5
103
61
-34
-55
17
36
74
80
12
-36
-36
-5
4
-16
-14
-22
-26
77
25
-31
52
-24
-98
-56
-2
-13
-39
8
24
55
4
-55
38
71
0
-59
-50
-5
28
-36
-11
11
-2
52
-6
-3
-32
-37
7
-14
-49
-95
-12
1
-57
-12
33
40
63
48
3
21
17
-23
-1
60
58
23
-16
0
24
5
36
-7
-34
26
7
18
16
-48
27
49
20
58
-8
-81
-49
46
35
-12
-7
-45
-65
-33
16
49
35
5
-12
-36
-5
63
47
-12
-7
39
11
-13
-40
-16
25
-15
48
0
-85
-70
-66
-17
-65
-53
75
-20
-110
19
62
-1
-8
7
26
74
100
56
50
34
-34
35
43
2
17
0
33
-64
-93
-45
-69
-10
-36
38
124
7
-30
39
66
75
23
-28
44
9
0
-24
-52
24
-20
-57
-61
-64
-18
14
3
-4
-4
15
81
41
-60
-74
-7
19
-29
-9
-6
-20
-17
-121
-120
-32
-5
-14
-33
9
-7
-4
-10
-43
36
55
42
52
59
56
2
-65
-81
32
105
50
36
-45
-60
35
-37
-74
-74
-66
40
55
27
70
65
31
25
43
84
62
27
45
20
-36
-10
-20
-64
-41
-44
-3
6
-30
-37
-21
14
-10
-18
14
48
40
23
50
-2
-38
27
33
5
6
-64
-167
-72
6
-77
25
53
-26
62
55
3
-50
-35
32
24
79
31
-33
-3
30
1
-13
-10
-46
-53
-25
54
23
5
0
-70
-62
-10
54
72
80
84
77
10
-56
-29
27
54
-8
-35
-56
-65
-21
-8
-21
-22
-39
-72
-53
-32
22
55
54
96
45
52
94
28
68
6
-8
40
-78
-53
-62
-95
-13
-7
-50
-30
39
35
-22
-72
-50
37
57
63
54
51
52
2
-24
-51
-34
-71
-43
4
-77
-27
-1
-3
31
-13
-15
2
37
23
-5
69
27
-12
15
28
32
-8
-5
-39
-77
-48
-40
-29
-14
-10
-16
-27
-66
-65
-1
-3
29
40
88
153
107
46
25
35
-11
-12
-31
-25
59
55
-10
-13
-15
-115
-108
-52
-77
-51
-52
-64
40
71
11
5
29
38
6
0
16
79
68
-13
-19
-23
46
32
-33
21
-23
-36
22
25
24
-17
-36
-12
-30
8
11
-5
26
6
-22
-80
-24
30
-26
-5
-10
-55
21
66
-25
-18
45
74
75
20
9
3
65
89
-42
-24
-30
0
14
-112
-36
-53
-39
50
-96
-84
-13
-33
-12
-24
0
21
48
66
-14
-26
79
1
-83
-22
-42
-16
6
9
39
5
33
-1
-45
13
7
35
11
30
61
-29
-37
1
-34
-103
-60
-9
-4
-22
-45
-36
-11
-23
11
84
41
6
87
115
50
90
96
29
8
-22
-5
-12
-17
46
122
95
-52
-100
-100
-37
-46
-79
48
6
-42
-39
-22
30
-4
35
88
22
-4
16
13
63
80
39
5
-49
-24
-6
-81
-65
-38
-89
-72
-40
-37
-17
-23
-39
-10
47
1
26
90
98
68
-24
-19
-11
-39
-65
-56
-21
-45
-17
40
24
37
30
32
65
74
41
-11
47
105
83
24
2
30
-8
-74
-94
-42
-26
-76
-81
-43
38
-9
-78
11
-28
-31
67
-1
-24
-18
-11
26
44
86
-5
-26
18
19
64
-18
-11
50
-59
-77
-11
-18
-38
-65
-41
-14
-45
-83
-53
42
18
62
65
-64
-18
8
53
85
-11
16
-10
-17
-8
-55
-46
-42
58
-27
-96
3
-55
-27
7
37
13
-57
17
-11
-82
-12
21
6
-34
-65
65
102
41
38
-12
30
98
78
39
-20
29
57
14
42
86
77
22
-16
7
38
67
55
-78
-15
122
33
0
-4
14
31
-25
9
-68
-76
-10
-58
-2
38
36
-5
-1
55
-9
-1
23
-7
37
62
18
-32
14
42
43
51
-39
-53
-19
10
64
-1
-30
18
12
51
5
-36
-7
-61
-26
52
-13
6
80
52
71
-7
-86
-17
40
64
14
-7
-4
-44
-58
-78
-39
-36
-99
-59
-68
-108
-17
55
-46
-103
-104
-74
13
-16
-29
-22
13
2
-38
16
7
-5
-8
-30
-7
30
23
42
28
-17
14
9
26
1
-31
-4
-60
14
67
5
-19
-14
-6
9
29
23
53
27
-53
-26
57
23
35
40
-28
-34
7
86
55
7
51
-43
-25
73
19
80
27
-22
94
-10
-17
63
-19
-16
-11
-27
-38
0
48
-13
-59
-45
-36
14
78
21
-44
-7
-12
-15
27
28
22
-34
-11
48
47
-35
-125
-63
-77
-51
2
4
-30
-40
9
-44
-7
-28
-59
-9
-27
8
47
73
91
22
-2
-55
-78
37
33
18
8
14
36
-8
51
34
-17
16
-24
-15
29
58
36
19
64
45
32
-26
-43
53
45
-70
-20
91
3
-12
-3
6
59
-28
-48
-38
-10
0
-25
45
40
-11
3
38
65
0
-42
-19
1
57
29
-7
-61
-91
-48
-46
-41
18
26
-56
-19
32
8
10
-88
-17
89
-47
-54
-7
-20
8
13
-89
-68
-17
-76
-2
-37
-29
48
-19
13
-2
12
53
0
54
50
35
61
2
-15
30
24
6
29
18
-16
-62
-37
5
-45
-60
-28
47
66
18
-25
16
113
58
41
98
60
22
-14
-76
0
46
0
-23
-90
-62
-21
-49
34
112
36
-6
64
79
33
-7
-6
-50
-24
20
-50
9
-5
-8
-14
-122
-54
37
50
26
78
117
40
28
14
-52
13
-40
-98
-53
-73
-8
-18
-16
-41
-52
-2
-76
-52
15
15
-13
-23
-5
-43
-76
-67
-37
-4
-62
-57
46
20
51
21
-1
83
27
5
18
27
5
-35
9
19
0
-18
-35
-34
-20
34
28
16
-17
-27
30
-21
-47
19
15
-45
-37
23
16
-8
-20
-71
-36
55
27
-8
49
65
33
-3
2
-58
-109
10
73
40
11
2
33
42
5
38
35
12
45
23
38
34
42
88
31
39
137
84
-2
79
109
56
-12
29
101
-1
-54
-35
-9
-7
-65
-108
-105
-93
-56
6
19
-47
-49
-41
-34
-2
-29
-3
-6
-14
-38
-58
-47
-47
-22
-72
-37
52
34
-44
-97
-6
3
-39
25
6
-1
34
81
43
-39
-9
14
11
9
36
4
-7
36
-14
-4
41
-14
-62
3
43
77
78
-37
8
5
-20
59
38
32
-11
13
0
-63
-40
-94
-101
-32
-26
-67
-44
-10
11
-25
-67
42
92
50
110
121
91
83
85
137
71
40
49
27
15
-87
-46
-13
-62
-35
-54
-32
-65
-76
0
-12
25
16
-34
4
-2
-11
-41
-48
-10
-27
22
25
-1
72
49
-15
21
90
77
-16
-56
-16
16
45
36
57
11
-53
9
-10
-66
-47
22
66
46
32
36
-20
-120
-59
-46
-90
-3
6
33
9
28
32
-47
16
-33
-32
62
38
40
7
-90
-135
-131
-88
-93
-99
-56
-36
-77
-97
-25
-80
-78
2
-11
11
10
35
77
64
42
108
83
80
237
131
88
84
40
102
-12
9
45
22
71
0
-84
-118
-62
12
-32
13
95
-8
13
60
-13
-53
-93
-16
17
-55
-81
-28
-34
-93
-43
-87
-7
66
-20
32
-74
-31
63
-25
41
5
-40
-38
-45
24
17
-32
-51
-37
-46
3
73
72
61
56
26
16
40
26
11
5
95
84
32
69
19
-2
7
27
5
-11
-17
-60
-49
-29
55
75
30
-50
-123
-52
-67
-122
-26
37
28
57
-4
-51
-31
-24
-19
46
69
12
45
7
-8
7
-8
-43
-43
33
-6
-14
-29
-67
32
105
108
25
-71
-5
60
11
68
86
25
5
-53
-8
23
-5
-21
14
12
12
112
89
-12
-17
9
-39
-63
-21
-28
-42
-46
-68
-63
-11
45
-8
-49
-83
-146
-2
108
27
-49
-72
-32
-45
-67
-34
-16
-28
-27
29
49
67
88
58
37
-20
-20
37
16
7
-4
-45
-36
-62
-63
-66
-97
49
147
71
46
-25
-10
79
-6
6
130
50
-90
-31
14
-26
27
69
5
-2
34
-23
-26
-2
-24
27
-3
-59
-30
-1
31
2
-10
11
-45
-44
54
101
86
70
54
70
66
-9
-22
10
47
27
-14
26
-3
0
54
66
67
0
30
-12
-79
1
-48
-67
-92
-75
41
-43
-74
-81
-106
-32
-83
-74
-19
-27
19
13
18
10
-69
-12
108
101
31
1
62
84
49
47
-7
-12
53
37
-27
-11
16
-38
-35
-74
-121
-80
-27
33
4
21
-22
-54
67
11
-34
-37
-63
-13
-46
-42
17
-3
-35
29
19
3
-5
-91
-49
-63
-27
6
-69
-7
71
50
-34
-3
10
-51
10
47
38
76
83
22
64
51
-2
27
-9
45
47
-12
11
51
47
10
39
25
-3
-16
-20
13
8
14
-46
-83
-68
-91
-54
-67
-84
-6
-30
-41
21
-36
0
23
-81
-35
24
35
-4
-11
86
23
-12
52
35
16
32
110
115
53
16
23
76
85
35
-27
26
68
-36
-54
-75
-6
119
21
-14
-1
-21
53
113
99
48
11
-22
-13
32
21
-24
-78
-22
-3
-53
-51
-79
-49
-43
-47
36
-52
-85
12
-59
-115
-100
-5
29
-92
-44
29
-13
-25
-16
34
14
-5
47
14
33
24
5
23
-58
-6
3
-62
-18
-7
3
0
14
40
42
36
-29
12
13
-36
2
-44
13
29
-65
-38
-56
-33
42
85
84
14
-4
0
30
60
57
54
36
59
46
40
5
-36
-15
-32
-40
-33
-10
-15
-6
-26
-49
-19
-78
-24
31
-42
-37
-32
-62
-42
25
75
17
-50
-45
-10
-62
-68
-33
-72
-24
-32
-41
-24
0
0
-64
39
53
-8
8
-93
-124
-67
-14
21
-4
-26
0
24
15
41
32
16
7
30
100
88
89
86
19
28
100
41
-66
-45
-35
4
44
42
25
1
63
63
34
28
-11
-31
-31
12
-16
-45
-12
34
55
-18
4
-29
-11
56
-82
-48
1
-10
21
-9
58
-29
-96
-45
-39
63
24
7
48
-15
-10
-49
-35
29
-11
-9
31
6
-11
-50
-102
-80
-69
-7
37
22
0
-2
34
9
27
5
-13
73
75
50
1
-14
29
-1
-7
54
35
-8
-85
-131
-54
-18
-10
-64
-65
73
18
-59
-4
-2
1
-8
13
-9
-8
15
34
47
-26
7
-6
-18
16
9
45
-25
36
99
24
65
59
44
41
-37
-62
19
22
-31
-56
-3
50
33
59
-29
-105
-45
-82
-114
-2
34
-14
-41
-45
17
-16
-95
-52
-19
49
54
-1
39
40
74
19
-20
-13
-46
105
26
-75
-5
-41
1
-23
-82
3
48
34
37
-18
-27
1
-60
-33
-6
-23
51
60
4
-35
-56
-51
-53
-56
40
76
-14
-30
-3
-43
-46
-6
-36
43
68
-53
-21
-6
-25
21
-51
-49
-14
-14
92
123
68
-2
-5
49
40
34
34
8
28
-1
30
82
16
21
-37
-84
-33
-3
18
48
73
91
152
114
14
-22
-41
-16
5
28
61
-21
-61
-16
-12
3
-41
-105
-2
70
-5
-11
-14
-4
-14
-69
-10
-17
-7
-4
-54
-16
-54
-23
3
-8
-3
-46
39
40
1
-46
-34
27
-63
-28
-7
-24
41
78
97
9
-3
85
78
66
52
-5
7
55
21
2
33
-13
-88
-19
-32
-76
28
66
62
43
-4
-1
10
0
19
24
14
30
20
27
11
7
0
4
29
-61
-43
6
-20
-42
-29
-11
-16
4
-42
1
13
-51
-28
-26
-6
36
53
31
13
36
23
-15
-41
-39
-23
-29
-30
-59
-86
-57
-30
-4
0
0
31
27
-43
-39
25
26
-4
-13
7
39
92
42
-29
1
-4
-59
-77
-48
7
18
39
26
1
42
-1
-12
-8
-47
-9
24
71
56
-21
50
109
103
99
24
42
57
-9
44
45
-22
-58
-56
4
58
-30
-117
-45
-62
-63
-55
-60
-29
-5
59
25
-10
44
39
-30
-22
15
-5
-14
32
51
22
17
13
8
13
-24
-35
-2
18
28
54
24
-47
-20
44
59
24
-1
4
18
-13
-16
18
16
14
-33
-66
-22
-14
1
53
25
62
136
-38
-86
20
-13
63
52
46
80
-49
-58
-10
-85
-73
-7
-44
5
22
-10
0
-43
-51
-60
-24
7
-1
28
9
12
34
62
31
-5
80
49
22
87
42
52
5
-65
-57
-69
-4
-55
-74
-54
-84
12
0
-52
-68
-107
-28
18
27
7
9
46
-34
-33
0
13
11
-24
-7
-17
-18
0
82
93
1
-24
-39
-33
-27
-12
25
43
23
-1
36
50
-17
17
60
35
36
55
41
26
12
-16
-29
-80
-19
15
-30
16
-5
-97
-134
-17
-4
-11
31
-20
29
-41
-39
15
-24
49
-18
-4
37
-32
52
33
-32
-35
-19
51
-2
-15
-6
-2
-27
-105
-39
-48
-45
-25
-24
35
13
-8
-13
10
47
42
4
13
56
74
99
40
-12
14
-13
-60
-35
18
18
-31
-26
48
28
-43
-88
-25
39
-31
-8
24
79
49
-61
-9
-20
-41
5
7
-18
-30
24
36
12
22
-30
-4
-1
-63
22
31
27
41
-4
27
18
-9
-15
-61
17
75
-38
-59
-45
-34
1
-41
-51
-13
-53
-54
47
44
11
-31
5
86
22
2
40
23
13
-14
-19
21
-47
7
-14
-137
-31
-21
-33
53
-37
-90
-27
-40
-45
12
62
23
4
7
-14
89
80
-76
25
70
25
147
114
47
17
-94
-55
24
-66
-51
45
-22
-41
37
29
-78
-108
-33
10
5
26
-20
-86
-8
-30
0
73
-23
-73
-81
-14
30
-35
-21
35
29
43
52
53
15
-76
-26
-4
9
38
-21
-3
27
5
-17
23
-35
-12
58
7
29
-9
-1
16
-22
-15
-35
-2
16
17
47
-54
-78
44
6
-44
-3
-11
46
93
60
77
6
-3
38
-18
-7
20
33
27
22
-16
-75
-27
-8
-66
-45
-8
-39
-51
22
56
29
55
6
-7
65
27
28
16
26
49
-32
71
25
-93
32
23
-12
-4
-16
-55
-84
-43
-34
-32
-51
-36
1
-28
-58
-31
-39
27
90
45
43
33
-40
-52
14
13
88
100
23
37
-17
-12
-3
11
34
17
80
61
26
38
23
26
4
-4
-37
-83
-42
-74
-75
-20
9
38
-36
-57
-20
1
66
-28
-81
-44
-39
53
44
16
53
83
54
-18
-65
-47
11
-20
-30
-13
-5
4
12
49
-10
-110
-130
-107
-51
-19
-29
2
-2
28
86
63
18
14
47
32
1
20
47
38
60
44
11
22
-10
-23
-39
-92
-39
17
22
15
-56
-49
5
32
-15
-42
52
60
18
-38
-2
96
80
73
34
41
26
5
42
29
81
-5
-43
6
-60
-52
-41
-20
-64
-77
27
22
0
23
55
76
-31
-37
63
42
31
6
30
56
-3
37
-2
-46
-21
-20
19
-16
37
42
-59
-9
5
-16
-3
-35
36
60
13
-33
-102
12
11
-29
12
-31
10
1
-19
-20
3
51
0
-42
0
41
-21
-16
44
66
59
86
62
-26
-2
4
0
-35
-81
-17
12
43
-8
-60
-9
-37
-42
-7
-62
-60
-2
0
25
3
-2
77
52
-26
57
42
-25
7
22
6
-41
-30
-52
-40
-22
-11
-3
-50
0
-31
-94
-12
-10
-60
8
-25
-41
47
43
62
33
-25
21
-7
-15
76
58
18
16
-10
13
44
5
34
34
-36
-74
-115
-37
28
-31
-43
-15
3
-1
86
97
-11
48
47
-25
-42
-31
-21
-26
45
37
-13
7
12
-1
43
47
34
11
22
59
19
66
59
34
34
-2
56
24
-50
11
-39
-90
-7
12
29
6
8
5
-125
-92
-35
-93
-60
1
-6
-51
2
78
44
31
62
0
-21
8
57
101
-48
-127
11
47
-42
-17
11
-21
-38
-115
-84
4
7
-20
6
12
21
92
21
-13
76
57
8
-15
-34
48
49
36
10
-20
0
-18
44
29
-19
-10
-9
-21
-52
-30
37
21
-25
34
-1
-65
-23
40
40
11
11
49
45
1
6
-19
23
42
44
79
75
55
0
-31
-97
-23
-8
-54
20
-15
-41
-44
-3
7
-10
30
-2
-18
11
-31
-51
-5
-47
-100
-37
-56
-66
-44
-69
-65
-65
6
-21
-19
28
-41
-59
-54
-9
23
79
78
