15
-21
-40
-15
62
27
40
68
-7
77
96
38
25
25
84
61
27
0
-58
-40
-37
-70
-43
-43
-66
-115
-91
-30
-73
-87
-48
-32
-55
-32
41
70
6
33
111
66
88
114
-12
-83
-40
-7
-42
-24
39
5
-50
-112
-67
-25
-54
-4
-5
-9
36
14
-9
47
-33
-89
29
-12
-5
83
76
51
-66
-110
-74
-49
11
0
-16
51
36
-8
51
73
-20
-89
-67
-49
-5
7
7
81
59
93
139
78
58
-20
-21
55
10
69
84
-35
-17
13
9
-46
-97
-92
-54
-51
-34
1
27
68
23
49
38
2
17
-64
-89
36
100
42
58
4
-66
-22
-20
6
-25
-75
-8
-9
10
79
-76
-120
-12
-57
-18
80
96
108
103
31
34
51
16
36
-10
-45
-66
-130
-49
-13
-52
32
43
-37
-13
4
5
71
21
47
46
-68
28
79
76
71
-35
-2
123
64
-12
-2
-10
-1
-42
-40
-9
-17
-50
-96
-130
-140
-88
-74
-73
0
-22
-46
38
57
103
40
-28
18
34
40
-25
-9
29
-39
-42
8
2
-44
-17
0
-12
3
-19
-23
-27
-40
-50
-59
20
15
-6
84
59
78
59
-15
64
36
12
3
-44
54
84
20
-13
-64
-42
-7
-100
-58
46
53
31
-71
-63
0
-7
-2
-28
18
33
-23
-4
19
14
34
89
86
35
-22
0
30
-57
-46
-20
-25
12
49
60
-9
10
80
94
74
83
84
7
18
40
-11
-14
-21
-25
0
-70
-106
-84
-90
-65
-58
-40
-37
1
81
41
-29
-38
-14
-9
-18
0
3
9
23
-42
-81
-40
53
91
21
2
15
9
3
-56
-52
19
-38
8
43
-34
6
26
7
-6
5
-15
-78
-3
2
0
60
79
33
-73
14
3
-87
4
-13
-19
112
149
60
44
37
-96
-53
60
35
35
-16
46
69
-35
-8
-47
-53
46
49
47
40
-11
-13
-64
-70
0
-20
-49
-41
-62
-53
14
2
87
105
-27
-20
-14
-49
-3
7
8
12
10
61
27
19
-2
-31
15
-43
31
137
23
3
75
68
25
30
50
-6
-85
-71
-95
-92
5
-52
-35
-3
-48
45
0
-48
29
-5
-14
0
-20
-27
15
64
36
-8
-37
0
34
11
-7
-39
-62
-42
-25
-39
-23
-4
-8
-51
-92
-28
48
24
-2
-30
-98
-28
30
11
66
14
-20
17
40
93
20
49
101
59
67
33
74
-8
-132
-64
-20
37
67
39
52
-11
4
69
7
10
26
19
-12
-13
-21
-49
-21
-72
-56
9
-17
27
57
-36
-35
-15
-14
35
55
84
82
73
21
27
27
-32
22
28
-31
-42
-44
-49
-35
-51
-22
-14
-79
-44
-7
-44
-25
43
-39
-129
-41
26
11
-27
-55
-50
-22
1
37
40
9
-34
-109
-85
-42
-57
-43
-50
-11
-21
-59
-39
-67
-48
-57
-106
-24
20
24
38
-11
11
28
19
-10
28
65
-36
40
78
24
61
-7
-43
23
32
26
-3
-7
63
1
-68
22
8
29
42
-58
1
30
50
114
123
126
62
19
4
-23
-16
21
27
-35
-26
-46
-5
85
11
-26
-84
-57
41
6
-46
-52
-5
41
12
46
122
36
-7
24
15
21
21
10
-27
-35
-34
-57
25
79
37
49
14
-27
-9
-38
-56
12
-17
-17
46
-32
-53
-49
2
51
-8
-19
-26
-47
-44
-10
19
-4
66
64
-84
-78
-60
0
41
-18
61
8
-30
61
-10
-86
-85
-1
36
54
33
-79
-28
-8
-29
21
7
-24
5
27
-7
-3
5
-13
64
54
7
34
29
55
46
19
-17
25
41
-29
-3
-31
3
62
-8
-19
4
46
70
-48
-50
21
-49
-76
-57
38
80
-1
-32
18
45
-42
-65
4
14
-41
-30
-55
-38
71
16
-12
24
33
16
-59
-51
-3
14
44
15
-51
-42
-78
-85
-8
6
5
-24
8
49
0
-18
-42
-103
-96
-39
4
-5
-35
10
30
-38
-55
-33
-1
46
-33
-108
-20
-18
-36
7
-54
24
69
5
94
103
70
101
19
3
47
-30
73
141
25
62
52
17
33
-37
-37
71
110
27
55
97
65
96
18
-11
28
-16
38
44
20
71
50
36
17
3
20
-12
-23
-19
-47
24
55
9
25
-9
-8
-2
-25
7
12
-33
-64
-42
12
35
-2
-47
-94
-5
75
-44
-18
34
-61
-89
-130
-59
36
-28
25
25
-89
-112
-29
8
-20
11
-43
0
8
-105
-52
-69
-23
21
34
95
7
-8
24
6
41
-8
-78
-49
-72
-80
-53
0
50
63
106
73
64
34
-44
-1
30
39
8
-3
-2
-47
-15
47
44
-10
-45
-3
5
-42
10
-17
32
85
1
33
49
27
-36
-50
-4
76
128
30
-49
-17
-15
-24
-2
14
92
34
19
134
49
-61
-45
-15
2
1
-49
-84
-84
-15
-14
-107
-52
56
88
7
-77
-15
15
-43
-7
40
19
11
-19
-2
19
26
39
-27
-32
-28
-5
-4
-30
40
42
5
3
-17
17
14
-54
-11
-69
-156
-58
-30
30
114
-1
19
93
-12
4
49
-2
-52
-69
23
85
34
-14
-12
-7
39
47
-6
33
-10
6
59
13
19
-29
-52
4
62
45
-48
-4
43
11
-4
-9
49
71
56
-12
-71
-57
-65
-32
-36
-1
65
53
40
15
8
-8
-40
-57
-10
0
-18
43
99
37
2
34
52
57
19
60
89
54
-22
-47
25
-27
-42
9
-55
-25
43
-11
-62
23
3
-35
41
-24
-28
7
10
44
-28
-51
-63
-63
10
-47
-12
1
-17
116
59
60
109
-30
-17
13
-13
25
-4
-39
1
26
-55
-131
-79
-26
-29
-23
-38
4
4
-44
5
-2
-40
-40
-65
-32
-37
-94
3
22
-58
1
22
-34
-50
-40
25
31
2
40
-3
2
34
-19
-5
-3
-2
47
39
-7
-45
-17
35
-45
-37
51
10
-32
-4
24
19
-10
9
65
2
-65
-22
0
3
61
57
48
73
4
17
30
-16
0
-96
-43
94
36
60
84
45
12
-10
-19
-27
-6
-76
-78
30
40
31
-25
-34
68
11
-41
21
19
25
-14
-19
49
49
7
-11
10
2
-36
-71
-26
-14
2
65
20
-15
-39
-21
15
-60
-59
42
32
-50
-55
-4
33
47
7
-38
4
57
2
-17
63
60
17
-37
-46
32
7
20
21
-21
-7
-18
28
17
-56
-19
94
18
-63
-17
-38
0
26
-1
80
71
2
10
-36
-22
0
-17
56
40
11
71
31
12
10
15
2
-20
-6
-25
24
11
-18
12
1
13
-19
-15
53
0
-11
26
27
29
-36
-40
-5
-71
-44
-1
-31
-39
-4
-2
-59
-72
8
73
21
78
96
-24
-12
2
5
1
-61
1
28
-41
-76
-61
28
0
-52
12
58
46
3
-8
-50
-102
-50
0
11
-12
-3
63
31
25
39
-24
-48
-54
-8
6
-26
-36
-84
-51
57
56
-33
-8
54
16
9
48
78
24
0
51
50
-6
-64
-18
-12
-85
-74
-76
-29
23
-15
60
-39
-126
22
0
57
62
-42
43
48
-57
-82
-96
-47
42
32
-12
-35
29
102
74
56
12
-14
25
44
82
62
46
107
72
-23
-56
11
-3
-57
-1
-31
-23
8
-34
-15
9
31
41
38
26
14
26
-46
-85
-26
-29
-45
-16
-3
-20
2
58
40
-5
11
34
19
-11
-2
35
36
15
-13
55
44
-68
-22
0
-20
26
-2
5
60
45
28
-33
-53
-47
-27
0
-45
-21
-44
-45
0
-58
-2
-29
-50
7
-30
5
22
-22
29
61
-8
29
16
-2
13
-1
12
-32
-67
-68
17
21
24
83
33
17
-12
-78
-36
-4
-25
60
50
19
46
-37
-9
20
-47
-25
54
28
-36
37
15
-2
86
15
10
17
-1
65
2
-24
0
-11
40
44
5
36
0
-44
2
11
50
39
8
7
-20
25
15
-32
-41
-27
-8
-29
-17
-20
9
48
15
-19
-5
-5
-84
-60
49
20
-27
30
28
-7
47
5
-63
15
48
61
-6
-62
5
-13
15
23
-26
-21
10
38
-8
-45
-22
-36
-21
-8
-32
-21
-37
-36
-35
-60
-27
50
21
-58
-79
-90
-21
-29
-56
-49
-32
50
0
-73
9
53
44
56
41
97
93
29
24
13
65
93
15
18
30
-7
0
32
36
-44
-20
-70
-72
82
6
-50
-66
-20
29
9
70
6
-75
-62
-58
26
20
-81
-23
14
27
102
91
44
40
52
22
-28
-14
-33
-28
12
-4
-30
-50
-17
-36
0
48
-25
-20
7
9
39
57
-4
-29
-31
-49
11
-19
-48
1
-34
-18
0
-32
-61
-59
28
44
22
0
-39
35
92
55
7
-22
-62
-51
16
-15
-69
-51
-72
-66
34
52
18
-3
-42
-24
-28
-77
-39
24
-34
-11
52
5
27
42
0
-4
47
26
64
104
50
45
-29
-5
1
-21
-34
-80
7
55
50
-5
37
107
49
44
-7
16
26
-12
40
-27
-30
-9
6
50
20
59
4
-35
12
9
34
2
-36
-44
-74
2
82
-41
-61
39
-14
-13
17
-20
-29
-38
-47
2
10
29
80
99
120
9
-58
-64
-72
-49
-76
-79
-52
-87
-132
-83
-21
-4
-5
-21
26
42
3
12
0
9
-54
-96
-21
-33
31
67
-46
-16
20
-8
31
16
-26
19
66
-2
-14
34
24
39
0
1
29
10
25
1
-26
-10
15
9
-22
-13
21
-8
-87
-44
50
2
28
17
-31
50
27
13
18
27
40
47
72
-5
-12
36
21
54
49
-14
2
-47
-62
-22
-53
-53
-32
59
83
-49
-71
3
6
-7
30
81
83
2
-80
-102
-66
28
41
54
27
-12
82
57
-1
-27
-80
-61
-50
-36
25
68
-22
-126
-84
-41
-93
-90
-23
-27
-60
-67
55
66
-25
15
8
9
14
-20
-16
-38
-22
11
0
9
-42
-22
54
41
39
0
28
68
9
-6
-43
-13
54
-14
-10
4
25
64
-14
22
73
23
29
46
51
51
41
33
71
6
-45
17
-64
-14
52
9
61
-18
-28
22
-36
32
24
-29
32
35
39
8
-31
23
0
3
40
-7
32
21
-9
-10
0
-8
-68
-65
-97
-56
25
21
36
90
21
-74
7
40
5
-16
-63
-67
-73
-28
-22
-70
-55
-47
-2
-22
-31
-18
-55
26
43
79
60
-15
19
-18
32
-8
-118
-62
-4
49
51
-40
-88
7
51
11
48
10
-22
14
26
40
-1
-32
-7
-3
31
71
19
-8
39
71
31
-45
-79
-38
-18
-4
40
-34
-26
-15
-2
53
-5
5
-8
-21
18
-17
-24
0
-32
-21
3
-54
-21
19
-10
-44
-37
39
71
25
0
-3
18
52
38
-18
-60
31
68
-8
39
32
-7
21
-10
7
16
-2
-18
3
44
-2
-53
-47
-9
26
-2
-39
-15
1
29
35
59
36
40
81
3
43
13
-28
7
-71
-10
-47
-100
-33
-45
39
31
-45
-29
34
100
41
-30
-73
-89
-58
-12
3
-8
23
51
25
-42
-47
-63
-51
3
40
71
20
4
-29
-49
-24
-90
-81
-46
-49
-7
33
41
0
5
25
0
-39
-21
36
53
29
9
63
44
32
41
38
36
-10
21
12
7
-21
-95
-9
58
1
15
2
-3
53
66
65
33
5
0
-41
-38
25
73
23
-108
-51
66
35
26
4
-67
-8
34
28
68
15
-6
-66
-97
1
-8
-30
-15
-17
4
12
-30
-46
-25
46
52
-33
-24
-6
-20
7
0
-67
-47
-2
14
28
-34
-8
32
7
57
-2
-14
23
-1
46
0
-30
-24
-16
-24
-46
-17
-14
5
35
27
-13
0
-14
-15
7
9
34
-11
-21
-14
-39
2
-9
-70
-45
-6
37
37
-34
-44
7
-30
-55
14
38
14
16
41
28
38
14
-47
10
-17
-102
-75
-24
11
-26
-28
17
9
-43
-62
28
-11
-65
-48
-76
-7
19
-33
-55
-26
-7
-40
-46
-15
-22
-36
-11
-5
-13
-36
-20
-18
36
57
14
135
60
-49
69
69
-17
20
82
5
58
95
-1
27
28
-35
-18
20
-9
61
93
34
20
1
21
-21
-34
8
11
13
22
10
15
56
20
-6
-20
-68
-7
96
94
35
56
21
-27
77
15
-55
4
-70
-43
-55
-104
-6
-51
-73
34
9
-19
-2
21
43
-19
-52
-64
-6
57
60
29
7
18
-15
45
8
-42
-7
-68
-51
-14
-6
40
31
46
89
1
-35
17
23
0
-93
-100
-39
15
42
19
30
38
14
2
47
39
78
59
3
32
-10
9
44
31
24
35
13
-27
-25
-34
4
53
75
54
-4
9
60
59
4
-61
-50
-22
-46
-30
8
17
-32
-59
30
18
-36
-9
-44
-47
-46
-29
22
-51
-102
-51
-24
5
-13
-64
-13
-36
-141
-128
-3
51
-78
-65
28
-16
-15
-18
19
38
32
75
99
53
-12
31
38
27
-24
-45
-27
-2
30
-27
-10
-7
7
38
-62
-29
5
-27
0
-28
-26
1
-4
-44
-5
18
6
50
39
38
11
-23
-7
21
66
54
18
31
29
81
103
-2
16
46
-8
25
-13
-78
-13
20
33
60
17
30
-6
-156
-97
-47
-94
-66
40
88
-8
-4
18
39
33
4
2
-28
41
23
-35
22
7
-41
-7
73
17
-19
13
-20
-12
-71
-61
19
17
33
25
5
-64
-60
-1
-80
-24
13
35
87
-21
41
48
9
62
16
52
18
-77
-27
-18
-34
3
19
-6
-38
-54
-37
1
25
-13
-70
-16
19
14
19
11
-9
-14
65
44
29
23
10
88
21
-17
-16
-50
7
31
-38
-4
49
5
27
48
13
4
36
67
49
-35
-57
18
65
78
119
100
63
55
47
84
104
87
18
-21
-119
-101
-3
-68
-35
-13
-47
-23
-28
-35
-78
-105
-48
-24
-45
-85
-62
-3
-87
-135
-73
-52
-20
0
-32
-55
-15
11
28
3
-50
52
34
-10
-1
-32
84
19
4
45
-55
-6
-43
-43
5
35
12
-72
-24
-55
3
96
-18
-46
-28
-65
-15
15
-7
5
-8
-53
-47
29
35
26
56
-29
-29
34
20
21
4
28
-25
-66
3
-20
-9
18
16
2
-36
-52
-78
4
-12
-134
-146
-51
49
-23
-67
-6
63
61
66
101
68
78
57
42
57
0
40
65
-12
-8
15
47
54
10
34
31
33
80
71
74
49
1
-2
2
19
18
1
3
13
-37
-58
18
1
2
34
-25
-87
-88
0
10
-28
0
10
32
22
-44
-84
-85
2
45
-28
-16
-9
-24
36
-26
-31
37
-68
-52
-25
-20
0
-73
-10
-24
-37
43
26
8
-2
17
34
11
-8
-40
-12
54
96
30
-76
-60
9
17
-39
-14
12
-7
-2
-46
21
52
-12
-4
-37
-57
-88
-45
79
96
64
27
24
60
23
3
32
8
29
28
-12
32
31
-5
23
27
28
-21
-5
58
-12
-21
-21
-66
-26
68
94
55
22
2
41
32
-18
2
27
21
20
50
45
-14
25
86
46
33
3
-40
-4
-38
-61
19
-11
17
50
-33
-36
-17
23
-14
-50
34
-33
-74
-25
-31
-41
-48
-14
-17
-74
-63
-7
-11
-30
-18
-25
19
60
8
-19
14
28
-48
-84
-35
8
24
14
-1
-50
-21
79
29
-43
-14
11
2
-38
-58
-57
34
35
-11
15
-46
23
15
-98
-14
-42
-55
-14
-65
-22
25
30
82
78
4
76
73
15
44
-37
-81
-53
-18
-14
-14
-16
-13
-15
-13
-3
-13
5
-55
-45
47
-11
-66
-4
43
56
33
-3
11
-7
2
88
61
6
-36
-38
22
20
13
-6
-21
0
-2
11
11
36
73
0
24
64
32
0
-16
59
58
93
77
-36
-26
-55
-88
-2
34
26
34
6
8
-12
-42
3
-45
0
108
14
-26
-13
-13
-10
-46
-16
-23
-14
1
-55
-22
37
48
-3
-1
20
-30
7
75
52
31
-14
17
69
14
-21
-21
18
27
-3
-6
10
-16
12
25
-36
-38
0
21
2
83
79
64
9
-106
16
23
-10
5
-51
0
-32
-84
-26
-28
3
10
-35
25
15
-38
-6
7
31
-10
-31
-13
-47
-64
-66
-9
-9
35
9
-70
1
-14
-45
-91
-74
42
17
5
-1
-16
24
19
40
-35
-73
-3
-61
-15
51
31
14
-62
0
51
12
33
10
-47
-70
-3
63
43
-6
-12
0
-20
16
25
-12
28
21
-8
45
49
-42
-75
-12
-3
38
15
-52
-51
-117
-51
52
1
-44
10
50
8
7
-49
-69
15
12
30
60
11
-21
-15
26
20
-50
-34
9
4
10
-14
-38
-1
-13
8
52
92
121
-10
-40
-2
8
73
20
-56
-81
-61
17
56
33
12
5
39
75
22
-4
-16
-45
-36
-5
-78
-60
98
78
54
85
36
-16
23
3
-47
-5
-2
11
17
20
7
-47
-72
-10
44
-56
-51
38
35
2
-11
8
-10
-27
4
-3
-52
-14
-6
-17
-23
-43
61
65
-27
-12
-28
12
91
18
-24
-24
2
62
32
49
59
-20
-35
-39
-37
-12
-68
-84
36
69
70
71
71
108
36
-8
-30
-60
-39
-74
-40
7
8
31
-7
-2
7
-60
-61
42
-14
-126
-54
9
-15
-77
-53
-10
-19
21
-8
-39
-11
20
75
64
-11
-58
-45
-32
-22
-3
31
38
52
58
31
66
-4
-113
-92
-37
-6
47
118
112
111
102
22
-12
-21
-20
11
-35
-28
17
-3
-29
47
98
17
10
52
62
34
-1
-2
31
35
14
-4
4
-30
-65
-55
-39
18
52
74
41
25
-18
-63
-4
4
34
49
39
-1
-29
5
2
-13
-65
-17
-9
-37
60
65
15
-8
-59
-56
-10
-63
-62
-19
-26
-3
-52
-84
-37
-32
-6
9
-8
5
13
53
36
-26
-42
-27
-17
-15
1
-12
-34
0
12
-4
16
-19
43
80
28
56
29
-50
-49
-15
-1
60
-3
-27
68
20
43
71
26
-39
-66
60
-3
-36
49
-5
-21
-14
-13
-11
-44
-36
4
78
29
-101
-41
47
28
-43
-84
-67
-38
-37
-42
13
18
0
39
27
-69
-32
17
-67
-44
-11
-43
-5
20
-84
-68
86
88
56
18
-2
-47
-26
73
26
-24
-48
-20
38
-26
-72
-16
-6
-23
14
83
92
-60
-61
24
-23
33
100
115
99
30
-4
-13
-13
59
61
-30
-17
5
21
37
23
41
50
-54
-49
29
-8
-3
-13
19
20
24
46
-33
-32
30
15
-23
15
19
19
-1
-48
38
105
40
-9
12
28
20
39
-19
-110
-74
-24
8
7
18
2
-2
48
5
13
27
-10
-30
-11
112
119
33
46
-24
-79
-54
-59
-39
10
-24
-43
45
16
-2
18
-9
-14
-8
57
73
-25
-48
-7
-44
-14
7
-61
-25
47
-22
-45
48
6
-1
-14
-55
-5
-29
-10
36
11
23
-14
-15
51
51
30
-9
46
43
-10
-27
-61
-8
-41
-81
-3
10
-4
-2
-48
-45
13
11
8
0
-15
16
7
-27
-37
-4
7
53
53
-47
27
36
2
23
-81
-92
-117
-127
-2
25
5
-28
-37
25
-5
-35
-11
11
26
-25
6
16
-27
-6
-18
-8
-7
-12
-20
-53
11
30
-26
12
2
-2
65
41
-5
-84
-44
85
111
68
3
22
45
49
52
73
60
-47
-13
40
-63
-81
11
2
47
97
-6
31
50
31
108
71
30
29
35
-19
-29
49
56
101
72
23
-16
-80
-31
-27
-26
-12
-43
-37
33
69
31
-47
-100
1
32
-42
1
18
-22
-23
-5
22
1
50
53
-63
-60
-50
-37
25
-27
-62
3
11
-12
3
-35
-88
-90
-21
64
46
51
28
-12
-38
-56
-33
-39
-34
-30
-13
-38
-75
-14
32
26
53
51
36
34
32
37
8
-16
-47
8
79
80
134
40
-59
-18
-12
17
45
29
36
-1
-62
-41
-16
12
47
24
-2
23
38
30
70
97
31
-31
-22
18
-45
-64
-14
-63
-30
-9
-32
13
27
27
-43
-26
50
30
55
26
-26
-21
14
26
-54
-76
13
-1
-48
-29
10
0
-49
-76
-146
-105
2
44
-31
-46
63
-4
-71
-18
-36
-63
-60
-9
19
18
-5
0
52
-10
-4
58
49
52
25
-44
-20
16
-83
-40
45
-5
26
75
6
20
41
-43
-12
-8
-18
-2
-13
-19
58
142
67
20
-7
19
47
14
49
-4
-47
-29
-77
-35
-24
-49
-19
52
30
-36
2
-44
-16
29
30
11
-55
-18
2
-42
-66
27
46
-12
19
-52
-44
27
7
-19
0
47
-35
-72
-65
-96
-3
35
1
-11
14
64
6
3
69
13
-19
-15
-47
-29
-59
-27
34
-28
3
74
65
53
7
-8
40
-13
-20
52
-14
14
12
1
122
69
58
59
46
77
31
-2
-10
5
-97
-91
-66
-93
22
9
17
60
63
88
60
36
43
16
-46
-17
-22
-51
-4
19
10
-29
-70
-72
-80
-69
31
35
-15
37
18
17
42
-39
-26
13
4
-4
-79
-94
-54
-19
34
58
44
-13
-47
-64
-40
-8
4
48
6
22
9
-60
-9
45
18
-34
-35
-9
15
1
-47
-8
64
49
92
74
-74
-11
59
-3
69
122
59
26
-15
-71
-69
-31
109
95
-30
35
-36
-132
-53
-22
-33
-20
-25
-43
-63
-67
-12
-13
-55
-27
-34
-48
-25
5
5
-36
-15
-23
4
54
27
7
19
49
19
24
2
-8
51
35
45
75
57
50
21
59
56
16
45
-37
-19
23
6
1
-50
16
37
7
21
-10
-10
-69
-67
45
-61
-89
15
-26
53
54
-64
-45
-73
-27
-29
-65
63
49
2
-30
-43
18
7
-13
-22
-12
-9
-30
-27
-70
-36
25
-33
-24
0
16
-19
-69
-37
-59
-36
23
-1
12
46
-16
-21
33
43
72
26
-27
49
51
68
97
-14
-37
-15
49
25
-28
82
41
28
40
-41
37
8
-59
50
57
-2
45
66
9
-23
36
115
4
-54
49
-11
-61
14
46
28
-26
-16
27
2
-15
11
11
33
56
16
-16
-115
-55
77
-12
-49
-48
-53
-31
-50
-35
-8
-15
-13
-11
-85
-96
12
46
-38
-29
15
4
29
73
32
-35
34
36
50
88
37
21
-56
-58
40
-3
-46
-10
-56
-2
34
-33
24
19
9
-56
-134
-68
-56
-2
-16
-128
-54
79
84
53
69
40
-44
-52
19
94
24
-44
12
23
2
2
-19
-61
-70
-41
-12
1
-38
-74
-25
29
38
64
96
68
16
24
18
36
97
15
7
23
25
47
-38
-38
-28
-52
-16
-8
-32
53
93
0
-47
-18
23
-15
-16
28
0
-16
0
-17
-21
25
23
16
-4
-53
-66
-13
59
17
-79
-61
-29
-68
-9
-21
-35
-4
-120
-88
9
39
-5
-97
-60
-6
23
16
31
37
26
27
21
-15
-16
20
27
48
-12
12
66
14
-39
-46
19
64
48
27
55
19
42
43
-13
72
23
-8
98
80
-4
-7
28
20
64
25
-30
49
12
-19
0
-32
-21
33
53
-7
12
24
6
35
-46
-79
33
23
-22
22
-9
-13
6
-29
-19
-30
-6
21
-65
-27
-3
-60
-6
54
76
21
-37
-113
-119
9
-1
-35
7
-57
-11
96
15
-36
-6
-8
34
40
28
62
47
72
79
-5
-7
34
20
3
-58
-75
-15
-6
-8
-6
13
-42
-160
-41
43
-9
29
-16
-5
42
-13
-9
-21
-98
-115
-25
-5
18
13
-74
-71
-66
83
101
-7
11
-22
-2
-131
-130
31
-37
5
9
23
85
-58
-38
51
-25
-34
-24
-29
13
73
50
30
80
-4
-36
-78
-48
29
-29
64
11
-39
56
-6
-6
6
-15
-74
-128
-17
-1
-34
10
46
78
-7
3
49
50
84
38
60
83
24
-5
15
-3
-27
44
40
-70
-86
-42
26
83
105
73
-47
-66
-2
43
66
5
10
36
-27
-25
-7
16
-9
-57
-58
-30
31
2
-21
-23
-7
30
-37
-75
-86
-31
30
-42
1
17
-28
19
23
-5
-2
-2
-12
5
13
43
77
33
-55
-54
-37
-40
76
70
21
47
-18
22
79
3
1
5
33
51
-26
-28
40
56
35
46
31
-33
-50
-42
-41
37
33
20
60
16
53
36
-35
-1
22
16
4
95
83
-31
-6
26
0
-93
-32
21
-35
-39
-82
-56
-30
-102
-88
14
43
-6
-52
-59
-73
0
-21
-101
-37
19
41
41
53
86
106
39
-1
28
10
50
21
-72
37
63
-43
-29
-39
-17
1
10
69
4
-70
-56
-54
-64
-46
-31
-49
-84
-13
110
52
-57
-27
-21
-30
36
41
38
0
-32
46
8
-79
-68
0
63
50
21
2
-22
-50
0
73
15
-36
-63
-13
35
31
86
35
24
3
-18
26
38
77
-25
-34
78
26
24
24
-14
24
-12
-28
-21
-81
-53
-51
-59
-30
-59
-17
-19
-73
-26
-29
-9
16
-43
-7
51
-8
-4
-8
-36
44
22
14
-15
-72
58
-19
-47
84
44
48
7
39
19
-72
52
63
-3
3
-53
-53
-1
33
61
51
38
19
27
25
-19
-59
-32
-4
0
14
-27
-72
-53
34
56
72
102
90
86
-28
-88
3
15
0
17
13
-43
-84
-49
-16
70
40
-24
46
20
21
57
13
-23
1
27
0
-22
-17
67
22
-77
-55
-66
-78
-84
-10
14
7
64
46
0
13
16
-30
-19
-6
4
-21
7
40
-28
-34
-64
-27
-21
-17
47
-28
15
16
-7
45
37
71
68
28
8
73
99
-12
-67
6
14
-19
47
13
-47
-1
-32
-45
-30
-31
4
-3
46
93
28
41
51
5
48
0
-68
-47
-10
49
39
4
19
3
18
3
-62
-79
-112
-67
-55
-41
27
-38
-91
-50
-11
-6
-43
-13
-12
-10
29
6
43
39
26
-8
-26
0
-63
-12
36
0
44
21
-39
-60
-32
19
31
39
0
-29
-7
30
20
-46
-39
-6
0
22
46
22
-19
4
22
25
-1
-24
58
19
21
84
-47
-56
36
53
12
-17
32
10
-54
-46
-17
13
8
-6
18
54
55
-16
-10
20
-19
7
-4
-64
-63
-59
12
81
72
17
-9
59
44
-13
51
36
7
23
-65
-45
7
-24
-5
-41
-47
15
-34
-83
-93
-95
-30
20
17
69
93
23
-82
-121
-98
-84
-30
-12
-14
36
32
-33
-19
4
-22
-42
12
14
-27
31
16
9
-9
-24
-29
-78
37
95
16
0
-6
2
-11
-38
-23
-34
20
48
22
50
35
34
69
106
24
14
129
36
16
58
48
24
-54
30
39
8
78
21
0
33
48
28
-8
34
1
-28
10
29
72
4
-28
29
31
-20
-16
73
81
20
-44
-25
-30
-65
-63
-80
-46
-13
-16
-9
27
58
42
33
16
-56
-50
35
-22
-38
23
-44
1
33
-13
19
-10
-42
-100
-68
-47
-79
1
26
50
-30
-94
-11
-1
24
10
-12
17
9
8
-36
-63
-48
-44
-47
-39
85
96
-10
11
3
5
42
3
-46
-56
73
159
110
81
33
30
22
-6
-19
-38
-9
-31
-31
13
-22
8
61
40
35
47
75
30
-52
-56
-9
5
-38
-32
20
8
-3
34
-5
-38
-11
-60
-6
36
-10
11
-3
-3
19
12
-19
4
-33
-98
-37
0
2
-11
-26
-52
-52
-17
-32
-49
52
19
7
103
33
22
6
-66
-89
-48
1
25
31
-21
-2
-25
-45
29
-5
-11
22
52
41
-44
2
20
-69
-105
-84
-69
-63
-10
40
50
16
-47
-20
5
-4
28
-2
-5
-56
-58
-7
1
91
18
-44
0
-13
-30
-40
25
23
-35
24
-10
-77
-7
28
-32
-19
7
2
96
53
20
88
65
16
-35
3
24
-30
-23
45
69
9
-20
48
57
-45
-6
37
-27
0
30
51
73
20
-22
22
48
52
60
-28
-95
-41
40
60
80
58
-20
-32
2
33
9
23
16
9
83
36
62
81
-67
-16
10
-10
26
-72
-45
-50
-37
79
35
28
1
-84
-89
-35
10
10
-19
-41
-12
-60
-11
47
-9
7
-61
-39
3
-19
19
-25
-69
-30
28
25
21
-4
-12
19
-14
-8
16
-5
20
48
40
23
-8
27
42
31
-19
-84
-17
-33
-36
16
-46
-42
11
6
-6
15
32
-43
-94
-62
-55
-86
-89
-133
-87
-64
-143
-41
12
1
-7
-6
9
-25
-5
6
18
48
7
-6
-12
-4
-4
-68
-35
48
74
39
-1
22
57
16
31
92
47
-1
6
-17
-13
-21
-31
24
-5
-3
66
64
152
177
42
65
58
7
38
16
-7
8
35
15
35
53
-16
-24
40
23
-26
-32
-8
16
-12
-1
76
49
-36
16
82
55
82
101
54
33
39
21
18
-35
-69
5
35
43
20
1
0
-14
-34
-49
-20
6
-58
11
56
-37
41
47
15
-4
-43
-40
-18
21
1
9
37
24
-11
-28
-11
58
85
18
30
10
-2
38
47
73
28
76
127
76
132
133
108
139
113
100
61
21
58
40
79
82
-57
29
87
16
44
-6
-85
-26
4
10
84
3
-53
-43
-65
-18
-71
-107
-50
-70
-46
-37
-52
-60
-108
-114
-131
-84
-114
-159
-84
-120
-122
-118
-133
-100
-136
-107
-76
-94
-124
-115
-60
-110
-79
-27
-54
-48
-22
-2
-41
-87
-48
-22
-9
57
31
37
40
27
85
65
67
26
-6
51
77
74
84
98
45
87
154
144
158
82
80
61
34
138
63
12
124
102
23
59
105
118
95
54
71
82
96
100
53
42
63
73
111
161
105
89
159
152
132
95
157
246
86
42
171
199
194
190
207
216
176
141
154
142
180
206
176
201
120
35
38
25
2
-70
-95
-5
-6
-70
-73
-100
-114
-127
-99
-62
-150
-219
-230
-246
-201
-174
-170
-159
-185
-206
-278
-259
-231
-311
-350
-280
-226
-253
-283
-286
-284
-333
-255
-222
-310
-311
-280
-273
-295
-359
-349
-286
-308
-287
-306
-279
-269
-274
-229
-272
-222
-242
-256
-245
-344
-308
-294
-269
-131
-148
-200
-221
-244
-263
-262
-212
-215
-210
-179
-196
-239
-237
-227
-206
-117
-106
-107
-131
-221
-174
-134
-99
-25
-14
-20
-104
-115
8
73
139
199
193
185
234
277
316
404
447
503
522
541
661
659
630
667
672
806
862
822
842
774
817
869
868
930
899
881
944
951
880
877
817
788
865
834
870
846
724
743
703
583
575
562
499
465
443
390
298
250
195
138
129
117
39
-18
-1
-30
-94
-151
-141
-206
-332
-327
-330
-425
-485
-503
-505
-499
-517
-511
-602
-622
-571
-625
-585
-584
-623
-644
-720
-624
-604
-676
-591
-643
-634
-600
-631
-573
-588
-647
-605
-526
-605
-660
-635
-635
-668
-685
-650
-651
-686
-800
-867
-819
-820
-870
-836
-825
-913
-948
-1003
-987
-1012
-1053
-1026
-1107
-1070
-1084
-1151
-1102
-1120
-1145
-1193
-1155
-1056
-1038
-968
-924
-893
-857
-762
-615
-612
-533
-361
-286
-211
-103
-15
139
316
325
446
606
662
780
914
1033
1068
1132
1256
1330
1343
1476
1581
1547
1672
1706
1677
1707
1669
1681
1691
1687
1642
1610
1698
1693
1610
1592
1542
1524
1563
1478
1382
1319
1206
1158
1179
1151
1063
1053
1044
1038
1060
977
913
815
850
958
805
779
778
668
716
701
672
644
535
513
503
458
419
374
354
359
320
296
185
43
27
-30
-127
-257
-342
-322
-387
-464
-536
-656
-723
-802
-914
-987
-1037
-1068
-1216
-1360
-1327
-1337
-1385
-1464
-1480
-1487
-1495
-1415
-1447
-1476
-1518
-1492
-1391
-1450
-1457
-1366
-1256
-1209
-1260
-1234
-1161
-1074
-999
-962
-886
-813
-780
-756
-762
-718
-677
-710
-673
-612
-610
-647
-654
-632
-702
-825
-895
-855
-881
-939
-936
-1007
-1074
-1168
-1199
-1174
-1270
-1242
-1200
-1299
-1259
-1243
-1255
-1229
-1188
-1082
-1043
-988
-883
-732
-562
-445
-350
-245
-42
168
316
510
664
834
1025
1209
1436
1547
1738
1926
1983
2164
2300
2374
2450
2490
2587
2685
2737
2760
2749
2766
2745
2645
2517
2380
2393
2364
2199
2162
2086
1978
1847
1642
1543
1505
1392
1203
1065
985
928
766
647
588
454
410
349
283
295
335
314
217
175
229
263
227
227
234
276
280
296
362
355
356
308
250
213
228
148
26
92
22
-82
-105
-259
-334
-278
-338
-543
-721
-795
-939
-1024
-1090
-1184
-1216
-1425
-1568
-1643
-1746
-1747
-1848
-1881
-1950
-2027
-1955
-2025
-2043
-2008
-1979
-1900
-1911
-1922
-1859
-1823
-1755
-1682
-1621
-1467
-1377
-1307
-1192
-1091
-959
-861
-769
-672
-652
-579
-480
-441
-388
-329
-298
-337
-287
-136
-73
-96
-164
-195
-203
-251
-324
-375
-443
-514
-583
-695
-765
-796
-910
-1000
-1067
-1146
-1166
-1166
-1224
-1255
-1179
-1179
-1169
-1098
-988
-899
-839
-712
-571
-381
-208
-46
236
504
655
845
1084
1331
1494
1642
1889
2085
2292
2427
2542
2767
2924
3029
3081
3116
3210
3258
3237
3265
3310
3247
3134
3078
2988
2825
2715
2593
2419
2262
2100
1925
1741
1551
1372
1156
975
822
636
479
272
122
14
-187
-304
-368
-414
-453
-485
-509
-616
-610
-580
-555
-496
-607
-658
-623
-554
-461
-445
-423
-392
-267
-251
-319
-222
-208
-257
-263
-269
-279
-341
-395
-460
-549
-604
-630
-695
-784
-837
-925
-973
-1040
-1194
-1217
-1262
-1386
-1439
-1528
-1535
-1584
-1683
-1633
-1653
-1658
-1660
-1705
-1635
-1609
-1619
-1580
-1548
-1467
-1431
-1409
-1317
-1233
-1145
-1179
-1111
-915
-828
-727
-635
-467
-356
-278
-102
33
148
213
263
381
426
509
690
737
734
768
826
913
922
856
801
750
672
569
360
88
-18
-117
-308
-558
-722
-819
-992
-1159
-1283
-1305
-1435
-1525
-1558
-1706
-1732
-1749
-1779
-1633
-1507
-1429
-1255
-987
-662
-420
-193
51
338
583
785
1075
1283
1487
1643
1824
2140
2327
2463
2616
2674
2825
3049
3126
3163
3187
3192
3187
3075
3012
2943
2750
2622
2526
2356
2176
2025
1865
1734
1573
1327
1165
916
618
472
282
63
-246
-487
-604
-855
-1006
-1032
-1118
-1191
-1275
-1356
-1381
-1397
-1284
-1231
-1230
-1109
-1096
-1033
-938
-856
-730
-622
-508
-423
-253
-68
-24
55
146
131
155
173
153
84
-7
22
-31
-139
-101
-192
-237
-286
-418
-378
-482
-561
-576
-732
-787
-880
-1024
-1049
-1093
-1184
-1179
-1151
-1178
-1093
-1084
-1124
-1067
-1072
-1054
-1072
-1074
-1027
-992
-903
-837
-781
-736
-636
-469
-367
-265
-148
-41
-18
70
207
308
465
474
550
675
725
883
913
880
938
1001
1009
1072
1106
1055
1018
846
696
585
377
121
-161
-386
-589
-826
-1058
-1314
-1540
-1686
-1822
-1961
-2156
-2299
-2387
-2495
-2490
-2506
-2573
-2491
-2324
-2172
-1982
-1737
-1387
-1012
-733
-383
-16
289
663
962
1183
1375
1524
1722
1860
2049
2337
2456
2500
2629
2779
2873
3000
3041
2912
2894
2777
2585
2500
2348
2223
2082
1923
1767
1618
1529
1359
1236
1115
834
578
422
213
-68
-412
-683
-841
-1108
-1325
-1510
-1679
-1644
-1628
-1589
-1547
-1535
-1378
-1246
-1174
-1098
-1016
-885
-760
-668
-538
-409
-175
96
348
555
719
972
1101
1229
1305
1220
1199
1183
1092
940
739
562
454
341
296
250
170
159
69
-90
-250
-383
-519
-754
-927
-1102
-1344
-1409
-1411
-1414
-1371
-1287
-1146
-959
-819
-764
-685
-565
-499
-517
-553
-570
-581
-597
-523
-459
-448
-328
-146
11
162
366
471
443
553
628
591
605
490
433
521
563
665
768
878
997
1014
1069
1194
1249
1196
1085
891
591
263
-83
-409
-779
-1117
-1365
-1664
-1914
-2063
-2240
-2446
-2649
-2834
-2935
-3094
-3175
-3289
-3491
-3488
-3492
-3465
-3272
-3013
-2677
-2255
-1760
-1207
-720
-240
327
669
994
1320
1453
1725
1926
2050
2198
2237
2397
2628
2795
2960
3077
3233
3332
3243
3203
3153
3001
2767
2483
2203
1920
1719
1493
1418
1330
1202
1163
996
948
852
719
579
246
-73
-373
-688
-1038
-1368
-1588
-1777
-1937
-1869
-1711
-1672
-1515
-1329
-1167
-975
-782
-575
-502
-418
-248
-67
78
203
442
762
1135
1417
1663
1994
2117
2184
2306
2305
2207
1966
1691
1384
1061
764
482
301
88
-135
-278
-410
-474
-515
-580
-705
-883
-1083
-1343
-1472
-1542
-1698
-1683
-1618
-1579
-1439
-1239
-981
-773
-576
-309
-139
-92
-135
-226
-285
-368
-423
-522
-545
-456
-451
-280
-27
124
319
533
666
765
828
765
689
618
428
381
494
497
555
706
961
1183
1369
1527
1552
1576
1340
915
431
-165
-686
-1202
-1844
-2442
-2837
-3178
-3497
-3660
-3743
-3791
-3880
-3983
-4095
-4364
-4636
-4794
-4868
-4913
-4864
-4616
-4272
-3730
-2981
-2194
-1225
-319
436
1251
1880
2327
2702
2866
2892
2890
2849
2817
2760
2688
2765
2927
3126
3294
3382
3548
3557
3420
3220
2877
2608
2255
1746
1380
1120
946
906
891
1061
1266
1431
1730
1915
1969
1869
1583
1278
890
315
-248
-720
-1249
-1598
-1743
-1811
-1742
-1566
-1215
-858
-607
-366
-255
-103
-45
-171
-168
-168
-110
64
252
582
1152
1692
2059
2512
2945
3201
3255
3045
2793
2395
1842
1303
731
204
-234
-541
-729
-837
-899
-860
-870
-995
-1037
-1184
-1448
-1739
-2011
-2126
-2272
-2363
-2299
-2142
-1853
-1382
-912
-490
-21
314
605
786
780
700
514
218
-45
-181
-345
-479
-541
-465
-205
-6
152
316
456
538
529
436
268
125
-146
-327
-332
-373
-262
-58
231
599
951
1167
1309
1438
1239
865
310
-489
-1325
-2256
-3050
-3714
-4339
-4763
-4970
-5044
-5049
-4957
-4809
-4668
-4683
-4843
-4949
-5142
-5240
-5190
-5210
-4952
-4322
-3490
-2526
-1438
-125
1277
2428
3423
4171
4527
4691
4580
4260
3838
3279
2900
2610
2353
2422
2638
2951
3227
3402
3557
3617
3508
3193
2773
2203
1615
1133
774
603
657
991
1485
1987
2564
3227
3767
4004
3945
3757
3259
2424
1608
814
-40
-683
-1190
-1609
-1670
-1584
-1417
-1051
-663
-413
-356
-427
-571
-689
-896
-1265
-1413
-1413
-1254
-802
-255
435
1133
1762
2331
2674
2855
2753
2458
1953
1182
502
-151
-669
-1023
-1211
-1268
-1373
-1299
-1086
-990
-1069
-1171
-1279
-1519
-1821
-2021
-2185
-2291
-2198
-1977
-1619
-1153
-552
-17
419
812
1053
1224
1153
932
751
505
277
128
-50
-118
-171
-227
-119
-71
-89
-90
-142
-246
-304
-360
-481
-397
-248
-182
-26
82
322
658
991
1390
1604
1813
2069
2282
2419
2337
2121
1853
1373
525
-487
-1646
-2761
-3708
-4619
-5408
-6093
-6497
-6621
-6565
-6479
-6406
-6237
-6149
-6099
-6138
-6235
-6267
-6228
-5798
-5147
-4279
-2955
-1396
313
1960
3499
4852
5708
6061
5905
5312
4545
3533
2339
1307
558
213
196
474
1037
1802
2569
3100
3465
3562
3356
2895
2266
1595
1038
767
791
1206
1985
3050
4190
5289
6301
6954
7192
6856
5942
4670
3180
1649
10
-1482
-2538
-3304
-3597
-3358
-2906
-2199
-1351
-620
4
354
382
289
72
-270
-579
-681
-644
-414
178
956
1875
2771
3529
4062
4287
4204
3597
2672
1512
188
-1110
-2308
-3188
-3834
-4154
-4081
-3751
-3222
-2599
-1974
-1494
-1209
-1044
-983
-1078
-1272
-1459
-1570
-1589
-1475
-1165
-760
-232
373
826
1124
1277
1279
1029
622
145
-400
-902
-1413
-1714
-1835
-1793
-1557
-1282
-842
-424
-62
309
435
411
398
237
227
254
213
473
730
1076
1491
1853
2216
2315
2346
2349
2204
1960
1644
1377
1131
1004
977
917
936
839
651
310
-494
-1473
-2792
-4263
-5438
-6526
-7501
-8189
-8492
-8441
-8019
-7354
-6570
-5841
-5181
-4579
-4355
-4186
-3929
-3698
-3321
-2805
-1939
-639
889
2554
4213
5714
6875
7489
7414
6678
5538
4021
2254
572
-786
-1764
-2223
-2068
-1527
-532
723
1897
2962
3595
3802
3732
3292
2685
2157
1766
1635
1951
2626
3681
4968
6134
7137
7702
7655
7045
5835
4093
1950
-314
-2492
-4396
-5618
-6127
-6070
-5430
-4434
-3196
-1788
-560
360
982
1183
1035
800
471
215
291
581
1175
2098
3157
4253
5270
5859
5857
5398
4412
3014
1282
-577
-2265
-3764
-4841
-5423
-5529
-5153
-4413
-3447
-2551
-1796
-1157
-779
-695
-870
-1217
-1599
-1769
-1692
-1431
-947
-285
451
1180
1874
2354
2545
2356
1921
1313
478
-419
-1204
-1779
-2229
-2347
-2254
-2057
-1589
-1168
-788
-432
-264
-79
-7
15
175
336
613
964
1309
1682
2068
2314
2401
2555
2419
2118
1969
1748
1608
1441
1351
1476
1464
1345
1131
627
-171
-1284
-2691
-4193
-5661
-6924
-7911
-8532
-8680
-8414
-7876
-7112
-6163
-5417
-4898
-4524
-4583
-4861
-5060
-5274
-5203
-4691
-3845
-2466
-668
1438
3616
5436
6794
7517
7470
6616
5229
3501
1523
-297
-1734
-2485
-2602
-2120
-1040
223
1714
3174
4196
4736
4653
4120
3351
2402
1551
1034
978
1444
2431
3847
5364
6844
8006
8581
8521
7580
5967
3909
1529
-811
-2968
-4705
-5716
-6013
-5694
-4773
-3507
-2158
-834
257
962
1287
1270
945
565
267
114
315
894
1656
2584
3689
4621
5218
5466
5256
4585
3464
1894
245
-1249
-2641
-3636
-4207
-4426
-4128
-3630
-2984
-2173
-1529
-984
-647
-464
-380
-503
-592
-653
-587
-338
-56
316
549
696
840
828
729
421
-6
-434
-856
-1092
-1289
-1386
-1260
-1130
-984
-897
-886
-889
-880
-896
-890
-809
-706
-416
-23
547
1114
1478
1866
2115
2096
1881
1485
962
451
-14
-326
-432
-248
232
858
1511
2103
2570
2647
2289
1392
-14
-1692
-3523
-5259
-6667
-7580
-8040
-7995
-7401
-6462
-5389
-4468
-3847
-3512
-3666
-4307
-5254
-6300
-7062
-7422
-7089
-6049
-4456
-2169
381
2904
5144
6638
7374
7237
6075
4268
2121
-117
-2067
-3426
-3877
-3450
-2374
-788
1162
3051
4506
5424
5561
4956
3924
2650
1395
469
178
580
1593
3290
5361
7367
9012
9943
9944
9071
7447
5139
2465
-185
-2514
-4312
-5382
-5551
-4994
-3902
-2509
-1137
-25
724
1119
1038
646
153
-345
-600
-483
44
986
2163
3426
4572
5384
5804
5736
5154
4171
2877
1400
22
-1172
-2169
-2748
-2959
-2892
-2659
-2338
-2022
-1908
-1786
-1606
-1603
-1544
-1305
-1038
-579
43
537
997
1333
1405
1402
1088
495
-108
-824
-1499
-1909
-2162
-2238
-2051
-1699
-1396
-1075
-717
-667
-678
-670
-824
-942
-973
-804
-440
-16
540
1211
1781
2242
2480
2441
2089
1452
872
230
-417
-919
-1173
-1126
-923
-600
-158
328
856
1439
1751
1885
2012
1991
1787
1387
894
274
-722
-1919
-3217
-4498
-5432
-6255
-7020
-7525
-7642
-7357
-6879
-6342
-5836
-5377
-5126
-5146
-5375
-5605
-5663
-5496
-4854
-3907
-2501
-491
1679
3788
5613
6837
7296
6856
5578
3657
1293
-1069
-3135
-4632
-5137
-4673
-3510
-1774
234
2278
4014
5103
5505
5089
4156
3061
2066
1532
1512
2154
3443
5238
7247
9109
10521
10935
10252
8623
6231
3188
-84
-2877
-5034
-6298
-6512
-5797
-4246
-2242
-162
1700
2949
3500
3421
2673
1622
579
-378
-846
-665
219
1683
3335
4947
6252
7039
6999
6031
4353
2176
-172
-2514
-4467
-5663
-6076
-5664
-4713
-3338
-1696
-248
899
1487
1381
804
-47
-1095
-2012
-2520
-2685
-2279
-1498
-527
623
1635
2220
2180
1651
726
-612
-2125
-3439
-4475
-5057
-4961
-4374
-3333
-2058
-855
210
920
1257
1276
961
486
0
-313
-393
-170
353
919
1559
2026
2235
2230
1757
1033
168
-734
-1313
-1687
-1733
-1321
-736
111
1069
1890
2443
2793
2922
2771
2556
2055
1505
1189
952
642
147
-664
-1808
-3093
-4504
-5864
-7068
-8183
-8957
-9063
-8609
-7878
-7011
-6077
-5049
-4215
-3817
-3681
-3675
-3657
-3520
-3129
-2261
-879
976
3058
4950
6443
7227
7130
6106
4151
1664
-1020
-3619
-5614
-6509
-6381
-5333
-3436
-997
1723
4165
6100
7267
7360
6698
5613
4485
3550
3026
3144
3879
5138
6598
7945
8961
9145
8336
6649
4234
1537
-1225
-3692
-5502
-6478
-6373
-5328
-3591
-1538
464
2039
3063
3527
3335
2680
1833
1143
742
793
1461
2509
3689
4779
5464
5666
5182
3941
2069
-252
-2497
-4499
-5877
-6327
-6068
-5085
-3571
-1909
-339
945
1646
1575
884
-174
-1354
-2447
-3124
-3219
-2809
-1923
-780
552
1784
2339
2184
1347
-167
-1960
-3795
-5382
-6427
-6793
-6315
-5063
-3217
-1070
1034
2723
3751
4036
3683
2865
1577
158
-1051
-1756
-1770
-1289
-329
866
1929
2706
3103
3009
2321
1182
-195
-1548
-2405
-2634
-2466
-1540
-101
1466
3112
4173
4770
4783
4001
2748
1123
-272
-1146
-1471
-1151
-284
1006
2401
3571
4119
3762
2228
-527
-3833
-7175
-10165
-12226
-13240
-13120
-11690
-9141
-5889
-2640
-32
1703
2204
1440
-364
-2625
-4699
-6313
-6971
-6545
-4765
-1776
1708
5109
7622
8925
8758
7057
4076
104
-4010
-7570
-10050
-10744
-9636
-6970
-3059
1373
5675
9260
11698
12640
11908
9759
6924
4083
1719
266
-36
771
2330
4393
6445
7979
8541
7713
5590
2389
-1218
-4460
-6929
-8341
-8456
-7061
-4485
-1127
2448
5500
7561
8186
7484
5831
3458
812
-1563
-3389
-4120
-3629
-2127
192
2508
4368
5402
5384
4515
2855
508
-2101
-4368
-5923
-6235
-5309
-3517
-1146
1256
3318
4711
5279
4924
3640
1701
-619
-2733
-4194
-4968
-4839
-4127
-3176
-1904
-876
-231
-28
-537
-1461
-2618
-3525
-3982
-3913
-3200
-2114
-588
1029
2494
3617
4089
3793
2604
1037
-576
-1983
-2986
-3542
-3425
-2879
-1925
-570
696
1663
2078
1957
1432
644
-99
-739
-1137
-1136
-680
178
1446
2872
4099
4914
5149
4795
3866
2648
1274
-230
-1539
-2501
-2900
-2609
-1819
-702
420
1257
1924
2227
1987
1245
-256
-2263
-4359
-6225
-7565
-8262
-8360
-8023
-7301
-6251
-4845
-3351
-2205
-1614
-1615
-2065
-2672
-3071
-3300
-3282
-2864
-2132
-849
858
2529
4058
5010
5011
4288
2913
1100
-824
-2821
-4435
-5196
-5071
-3798
-1498
1066
3657
6058
7815
8840
9059
8312
6681
4660
2723
1242
573
671
1269
2219
3244
4178
4844
4834
4066
2509
430
-1676
-3318
-4200
-4313
-3590
-2217
-340
1718
3583
4993
5590
5236
3958
2224
359
-1367
-2637
-3338
-3433
-2995
-2037
-825
518
1683
2308
2406
2023
1476
982
365
-301
-781
-955
-699
-255
308
760
903
985
849
616
392
-9
-662
-1495
-2176
-2629
-3011
-3359
-3601
-3754
-3660
-3203
-2564
-1491
-222
813
1745
2445
2873
3165
3121
2571
1824
946
40
-624
-1066
-1290
-1442
-1474
-1408
-1187
-805
-668
-608
-514
-350
-28
298
831
1425
1864
2215
2450
2655
2644
2450
2011
1254
671
257
55
38
-133
-234
-163
-98
96
434
709
888
929
951
1075
1154
1106
756
-2
-1165
-2640
-4159
-5586
-6766
-7635
-8164
-8361
-7947
-6910
-5840
-4807
-4006
-3555
-3391
-3621
-4142
-4683
-4961
-4890
-4258
-2977
-1064
1153
3067
4565
5434
5497
4760
3119
877
-1630
-4003
-5605
-6028
-5217
-3358
-698
2249
5117
7713
9501
10234
9873
8457
6398
4147
2157
907
584
1077
2051
3344
4757
5757
6097
5565
4127
2060
-205
-2222
-3681
-4213
-3901
-2691
-752
1434
3576
5091
5725
5410
4194
2383
344
-1526
-2897
-3543
-3316
-2244
-493
1526
3242
4305
4376
3566
2227
450
-1351
-2845
-3875
-4164
-3573
-2118
-220
1667
3186
3951
3883
3092
1667
-87
-1941
-3453
-4355
-4644
-4153
-3123
-1885
-630
413
889
904
486
-432
-1454
-2378
-2903
-2878
-2216
-1090
26
1152
2086
2656
2787
2418
1643
441
-784
-1685
-2187
-2174
-1716
-994
-252
460
982
1248
1278
911
467
-3
-493
-687
-524
-178
377
1084
1634
2059
2281
2111
1592
831
29
-705
-1424
-1901
-2022
-1909
-1511
-747
275
1267
2134
2846
3288
3433
3186
2521
1451
-193
-2262
-4487
-6650
-8236
-9147
-9540
-9327
-8604
-7410
-5900
-4362
-2976
-1965
-1503
-1606
-2101
-2662
-3066
-3214
-2879
-2000
-739
810
2350
3579
4215
4080
3232
1657
-281
-2296
-4065
-5127
-5328
-4529
-2639
-42
2751
5374
7424
8848
9501
9212
8038
6337
4553
3012
2067
1720
1916
2499
3256
3836
3926
3638
2799
1482
-41
-1498
-2485
-2963
-2665
-1669
-201
1659
3345
4659
5399
5272
4380
2912
1267
-225
-1386
-2010
-2073
-1572
-713
357
1408
2003
2003
1217
-99
-1428
-2540
-3176
-3132
-2500
-1372
180
1862
3309
3998
3753
2892
1359
-686
-2679
-4319
-5130
-5059
-4322
-2889
-1028
709
1872
2190
1683
539
-1074
-2852
-4452
-5500
-5612
-4730
-2997
-592
1856
3888
5230
5505
4838
3442
1556
-469
-2303
-3654
-4279
-3990
-2918
-1381
171
1341
1899
1889
1342
340
-703
-1572
-2057
-1939
-1210
74
1499
2709
3766
4293
4172
3546
2294
815
-632
-1705
-2198
-2198
-1521
-529
431
1242
1772
2035
1960
1609
964
173
-352
-605
-479
-88
147
-43
-903
-2276
-3885
-5393
-6748
-7981
-8757
-8810
-8012
-6640
-4879
-2966
-1476
-605
-403
-796
-1568
-2461
-3260
-3677
-3402
-2380
-755
1105
2774
3938
4383
4014
2773
889
-1259
-3442
-5019
-5446
-4500
-2334
511
3536
6240
8349
9695
10078
9183
7306
4911
2367
525
-304
-132
931
2294
3612
4765
5315
5093
4128
2461
362
-1641
-3118
-3753
-3247
-1850
140
2337
4235
5496
5854
5135
3358
1004
-1491
-3583
-4917
-5327
-4636
-3078
-931
1475
3687
5077
5327
4532
2822
635
-1501
-3212
-4241
-4360
-3624
-2193
-268
1587
2998
3703
3465
2364
526
-1483
-3251
-4531
-5091
-4977
-3968
-2517
-999
529
1508
1863
1490
503
-682
-1864
-2671
-3008
-2783
-1933
-681
699
1922
2754
2960
2629
1922
892
-257
-1313
-1932
-2151
-1984
-1312
-517
353
1059
1287
1268
963
463
20
-144
8
406
1016
1747
2519
3045
3138
2893
2334
1420
375
-595
-1241
-1517
-1482
-1078
-472
195
758
1065
997
609
199
-179
-435
-419
-123
437
1085
1761
2210
2125
1407
-168
-2518
-5172
-7624
-9366
-10101
-9919
-8943
-7175
-4791
-2219
-27
1301
1581
853
-686
-2582
-4357
-5539
-5775
-5125
-3660
-1570
902
3335
4907
5447
4864
3234
1096
-1314
-3462
-4925
-5411
-4646
-2774
-261
2514
5128
6880
7561
7397
6395
4876
3216
1710
812
728
1531
2958
4368
5406
5869
5426
4334
2895
1131
-722
-2222
-2996
-2997
-2230
-734
1095
2701
3779
4167
3896
2982
1498
-143
-1607
-2516
-2711
-2351
-1387
-32
1385
2650
3364
3428
2848
1785
612
-568
-1445
-1784
-1715
-1316
-770
-314
44
376
566
509
54
-477
-689
-870
-1014
-1118
-1038
-867
-982
-1067
-1186
-1389
-1428
-1511
-1604
-1411
-1024
-655
-130
443
857
1220
1279
931
419
-283
-1031
-1521
-1644
-1476
-1172
-764
-458
-143
258
343
190
-43
-362
-607
-633
-226
443
1091
1644
1989
2239
2247
2113
1825
1195
649
31
-503
-704
-743
-494
-190
126
480
739
967
967
856
796
738
790
831
769
608
494
436
326
263
24
-392
-748
-913
-843
-843
-1021
-1466
-2360
-3652
-5052
-5997
-6363
-6250
-5690
-4742
-3402
-1885
-514
431
772
482
-446
-1711
-3075
-4202
-4748
-4734
-3990
-2795
-1271
294
1425
2169
2290
1903
1157
8
-1286
-2321
-2846
-2767
-1889
-508
1043
2499
3386
3850
3974
3779
3414
2959
2519
2091
2074
2525
3312
4184
4645
4616
3998
2893
1678
623
-336
-963
-1089
-978
-405
560
1655
2617
3228
3395
3160
2557
1610
734
35
-380
-414
-182
277
724
1146
1636
1937
1923
1661
1195
510
-348
-979
-1164
-1107
-881
-629
-491
-283
13
381
668
754
664
200
-420
-1023
-1645
-2028
-2109
-2085
-2005
-1831
-1370
-804
-405
37
357
412
246
-122
-437
-487
-428
-364
-168
-131
-226
-317
-639
-826
-773
-772
-794
-817
-743
-427
-25
418
951
1197
1214
1075
787
640
576
543
437
236
91
64
87
160
271
387
445
291
44
-133
-118
-45
61
269
309
303
291
346
514
602
596
292
-181
-644
-1105
-1436
-1597
-1505
-1206
-829
-364
94
478
653
381
-304
-1504
-3027
-4348
-5322
-5591
-5195
-4394
-3244
-2074
-1030
-453
-475
-939
-1782
-2759
-3724
-4401
-4487
-3906
-2753
-1225
326
1555
2430
2678
2428
1953
1116
174
-647
-1414
-1867
-1770
-1328
-540
322
1045
1706
2054
2206
2311
2451
2825
3232
3629
4049
4391
4818
5117
4999
4428
3479
2228
984
83
-415
-455
-191
378
1004
1547
1997
2187
2214
2013
1670
1228
794
528
336
275
173
88
3
-172
-274
-402
-457
-422
-267
-199
-316
-353
-479
-442
-259
-136
159
437
579
654
686
606
410
-12
-657
-1206
-1616
-1866
-1925
-1730
-1288
-848
-412
2
281
452
506
355
6
-396
-739
-920
-879
-728
-471
-240
-299
-377
-490
-821
-1069
-1206
-1246
-1169
-998
-512
113
610
889
752
507
302
14
-100
-13
79
106
222
355
337
284
111
-158
-415
-612
-387
31
433
915
1170
1349
1364
1110
828
449
169
25
17
216
373
340
191
87
-69
-305
-601
-1179
-1777
-2056
-1905
-1367
-678
30
560
904
1150
1200
943
74
-1415
-3082
-4455
-5149
-5075
-4345
-3298
-2335
-1495
-736
-360
-521
-1173
-2156
-3121
-3803
-3874
-3290
-2371
-1322
-271
689
1438
1879
1877
1438
897
458
264
226
21
-341
-766
-994
-798
-276
358
947
1470
2056
2842
3704
4343
4556
4286
3507
2639
1966
1473
1344
1164
1000
1086
1220
1632
2031
2177
2059
1610
1160
710
431
372
366
574
818
1042
1140
777
181
-479
-1165
-1568
-1604
-1260
-648
63
775
1393
1872
1933
1529
873
176
-343
-481
-325
-106
149
179
3
-327
-771
-970
-1014
-1025
-909
-516
-16
448
906
870
518
198
-160
-490
-803
-1001
-1007
-1046
-1134
-1031
-901
-836
-869
-1033
-1164
-1205
-1166
-1240
-1326
-1256
-1062
-569
56
727
1307
1503
1393
1080
632
16
-516
-864
-1157
-1156
-879
-439
-29
161
329
406
455
542
626
817
1158
1607
1921
2002
1862
1626
1255
806
588
530
395
122
-224
-482
-726
-1026
-1221
-1443
-1629
-1752
-1819
-1648
-1368
-1004
-579
-197
281
841
1323
1639
1773
1652
1147
186
-1258
-2836
-4248
-5118
-5173
-4651
-3808
-2899
-1984
-1162
-671
-445
-576
-1114
-1687
-2086
-2103
-1678
-960
-181
402
760
1041
1308
1407
1263
875
427
-90
-603
-904
-1221
-1356
-1263
-1045
-510
203
926
1552
1996
2302
2608
2879
2973
2930
2729
2549
2731
3024
3140
3075
2573
1814
1221
640
138
-269
-657
-893
-850
-313
496
1212
1545
1476
1040
411
-128
-546
-807
-969
-844
-372
330
1208
1839
1953
1622
979
259
-346
-786
-998
-884
-656
-324
296
623
585
442
39
-146
-9
88
351
758
1031
1387
1785
1933
1707
1061
171
-539
-871
-1168
-1355
-1465
-1689
-1851
-1919
-1751
-1437
-1174
-1081
-1148
-1083
-812
-409
-12
158
162
140
198
277
351
419
283
53
-212
-491
-689
-919
-1181
-1399
-1532
-1447
-1141
-633
-20
600
1288
1853
2160
2226
1975
1574
1205
851
663
589
579
532
456
421
308
197
-130
-662
-1195
-1607
-1843
-1894
-1600
-1205
-936
-598
-146
194
491
749
600
138
-418
-873
-1129
-1077
-528
74
575
1007
1230
1248
732
-478
-2116
-3702
-4735
-4856
-4080
-2792
-1244
246
1376
1761
1376
625
-566
-1836
-2712
-3007
-2471
-1410
-373
417
881
827
340
-316
-1037
-1673
-1856
-1440
-660
222
816
963
651
93
-425
-728
-630
-349
127
906
1860
2750
3377
3536
3074
2384
1820
1544
1606
1738
1635
1432
1275
1136
972
736
508
232
172
397
671
1060
1256
1343
1315
979
680
403
276
201
34
45
180
247
226
187
-32
-319
-406
-466
-517
-531
-506
-415
-135
287
627
896
1022
1087
1061
1060
1148
956
706
450
135
37
-6
-59
-153
-371
-482
-523
-630
-707
-767
-928
-1049
-1106
-1028
-729
-374
129
523
621
558
346
6
-444
-946
-1365
-1573
-1556
-1306
-935
-600
-396
-419
-565
-742
-992
-1116
-996
-531
65
699
1464
1885
1908
1628
1073
428
-121
-461
-615
-548
-393
-158
95
221
197
-87
-505
-862
-981
-760
-428
-209
-130
-96
-197
-337
-463
-608
-704
-646
-524
-383
-83
132
128
-38
-293
-526
-570
-490
-320
94
440
676
669
196
-397
-1047
-1731
-2030
-1955
-1797
-1311
-694
-298
-49
-73
-274
-581
-1087
-1579
-1864
-1795
-1359
-899
-582
-379
-398
-563
-655
-714
-689
-592
-433
-327
-388
-408
-614
-828
-927
-986
-581
85
784
1581
2293
2891
3070
2765
2295
1809
1312
1121
1366
1657
1998
2227
2215
2002
1602
1192
809
532
553
812
1239
1768
2132
2242
1939
1473
928
230
-166
-477
-631
-498
-308
-74
-19
-43
-165
-381
-455
-394
-289
-203
-128
-24
174
388
590
768
906
1069
1260
1430
1388
1167
761
295
-34
-426
-717
-897
-921
-708
-506
-319
-181
-102
-106
-168
-339
-459
-419
-457
-532
-621
-742
-788
-764
-796
-882
-976
-1121
-1277
-1268
-1226
-1229
-1159
-1088
-1005
-893
-783
-686
-563
-470
-420
-367
-266
-67
124
321
511
607
655
701
688
639
538
523
629
593
540
266
-68
-164
-322
-369
-393
-387
-189
-96
-54
14
3
-146
-392
-593
-708
-573
-210
141
426
494
376
118
-267
-520
-551
-412
-121
331
861
1297
1372
1041
366
-612
-1586
-2332
-2550
-2318
-1807
-1020
-268
297
448
232
-314
-1031
-1519
-1916
-2129
-1862
-1435
-1031
-689
-577
-521
-743
-1129
-1330
-1359
-1044
-568
-94
274
469
549
290
-137
-363
-494
-459
-132
370
1029
1760
2340
2568
2445
2153
1750
1397
1300
1393
1684
1984
2188
2297
2105
1857
1578
1167
912
806
811
984
1237
1369
1379
1204
822
372
-165
-614
-770
-637
-410
-159
117
252
186
46
-83
-108
-160
-193
-77
23
165
293
402
553
585
529
513
557
634
725
697
468
134
-262
-545
-790
-864
-679
-545
-396
-289
-179
-100
-286
-543
-678
-751
-720
-554
-420
-237
-117
-271
-446
-623
-913
-1070
-1098
-1070
-953
-692
-399
-403
-497
-624
-827
-944
-1047
-955
-787
-667
-415
-83
344
715
882
888
922
932
828
875
922
792
631
404
156
41
94
192
108
71
19
-77
2
0
-38
-101
-217
-293
-352
-354
-317
-279
-276
-165
57
139
137
119
-6
-198
-333
-386
-279
-96
12
207
396
507
428
-49
-635
-1211
-1712
-1862
-1791
-1508
-1078
-735
-491
-278
-195
-389
-668
-932
-1156
-1245
-1160
-886
-680
-685
-800
-1042
-1200
-1321
-1366
-1172
-915
-568
-241
-38
66
6
-192
-483
-719
-593
-218
232
838
1350
1689
1903
1856
1658
1426
1186
1081
1218
1479
1740
1964
1981
1754
1553
1331
1077
918
841
972
1224
1535
1747
1709
1487
1059
568
172
-137
-346
-361
-238
-103
79
228
278
292
218
52
30
134
140
260
450
558
547
400
344
270
143
83
14
-43
38
144
202
261
237
200
88
-117
-290
-366
-387
-446
-507
-426
-242
-238
-369
-409
-370
-437
-462
-547
-792
-866
-1024
-1146
-1007
-1008
-1000
-1010
-1038
-942
-947
-814
-706
-742
-750
-795
-690
-588
-476
-300
-222
-70
21
85
206
257
431
538
542
607
617
663
671
681
736
680
552
477
431
358
358
326
173
33
-51
-155
-224
-196
-121
-5
26
34
224
398
334
270
171
9
-85
-207
-229
-191
-159
-110
-101
-72
-37
-70
-204
-365
-558
-678
-706
-839
-913
-821
-697
-547
-389
-332
-311
-365
-514
-608
-762
-946
-1001
-1118
-1203
-1162
-1259
-1325
-1394
-1500
-1468
-1426
-1309
-1029
-674
-410
-205
-142
-206
-242
-338
-414
-346
-124
249
654
1002
1358
1525
1441
1276
1062
911
799
754
786
1035
1422
1584
1665
1604
1468
1349
1213
1212
1318
1461
1660
1862
1914
1797
1561
1192
749
320
-32
-140
-64
144
352
369
349
302
176
-23
-191
-336
-417
-401
-322
-145
-55
-22
-12
21
75
129
347
476
536
623
556
470
366
265
81
-112
-189
-311
-213
-118
-269
-360
-418
-447
-500
-564
-532
-566
-535
-567
-614
-464
-461
-478
-468
-524
-532
-641
-820
-894
-924
-945
-908
-806
-738
-773
-737
-666
-625
-611
-637
-564
-472
-342
-141
68
336
584
668
590
531
501
457
406
482
620
601
591
538
433
376
227
-57
-266
-339
-334
-284
-207
-125
-116
-77
-62
-59
-43
-135
-242
-253
-229
-260
-176
-88
-119
-115
-223
-278
-240
-292
-323
-343
-209
-101
-78
-24
-63
-85
-209
-334
-386
-427
-398
-345
-285
-230
-184
-162
-141
-122
-192
-367
-477
-536
-636
-678
-603
-593
-701
-700
-739
-813
-791
-839
-844
-747
-682
-554
-378
-272
-101
56
108
213
362
470
576
701
742
831
995
1075
1095
956
904
987
991
974
981
983
1027
1136
1193
1319
1400
1348
1285
1182
1103
1080
1093
1012
887
879
828
730
612
382
238
74
-151
-180
-193
-270
-190
-131
-135
-51
-90
-118
-94
-143
-168
-116
-46
-2
90
119
86
96
4
-68
-60
-101
-57
-31
-91
-87
-94
-182
-210
-229
-305
-347
-352
-323
-387
-478
-455
-491
-538
-555
-622
-594
-610
-656
-575
-503
-464
-511
-591
-702
-735
-652
-648
-633
-560
-477
-436
-370
-297
-265
-132
4
154
268
278
342
330
276
275
269
307
397
538
650
726
672
512
393
203
7
-89
-160
-229
-226
-189
-217
-148
-124
-171
-113
3
73
139
238
275
234
86
32
-73
-272
-357
-441
-451
-288
-96
-29
-39
-34
-123
-277
-428
-571
-535
-490
-443
-264
-167
-46
63
79
61
-90
-205
-253
-344
-425
-482
-502
-464
-496
-676
-801
-893
-1012
-1045
-1024
-1021
-965
-849
-805
-646
-532
-533
-423
-402
-308
-285
-328
-105
97
238
337
449
534
666
836
856
972
1027
1020
1046
1036
1010
999
966
916
957
868
871
1043
1139
1140
1046
990
1000
973
927
1007
1051
1011
1014
961
725
529
470
415
287
82
18
0
0
-45
-170
-213
-294
-402
-433
-432
-339
-228
-182
-30
76
81
81
40
-7
7
-6
-84
-59
-40
-66
-86
-151
-223
-271
-336
-394
-382
-370
-362
-372
-420
-399
-430
-505
-568
-661
-614
-537
-484
-367
-220
-169
-182
-161
-183
-186
-226
-192
-114
-142
-154
-202
-139
-69
-98
-19
-2
8
-10
-57
76
150
79
67
200
294
262
303
381
303
129
106
113
10
-34
-60
-115
-107
0
38
28
26
-25
-60
-132
-244
-291
-273
-263
-284
-233
-121
-149
-161
-144
-197
-193
-212
-210
-195
-204
-160
-161
-161
-202
-261
-326
-377
-341
-440
-423
-299
-317
-373
-426
-403
-372
-362
-405
-469
-485
-518
-594
-604
-565
-569
-582
-513
-401
-357
-262
-245
-248
-167
-91
-15
34
128
212
266
282
309
355
375
452
515
537
655
725
673
788
805
779
872
818
797
735
667
659
631
653
687
750
727
707
742
680
614
532
517
546
479
359
198
139
138
133
157
119
158
264
307
229
77
13
6
-73
-106
-121
-132
-44
-29
58
102
38
75
4
-37
70
110
116
115
94
44
-82
-166
-200
-270
-431
-511
-483
-522
-477
-511
-567
-563
-652
-679
-581
-361
-234
-146
-67
-125
-104
-120
-169
-187
-206
-137
-109
-115
-65
55
99
8
-57
-54
-74
-103
-26
43
56
137
214
207
198
211
206
185
148
90
99
131
141
110
27
-9
-59
-33
-11
-44
4
-19
-137
-154
-119
-211
-397
-507
-396
-225
-239
-263
-208
-188
-163
-96
-47
-99
-168
-122
-9
-8
-75
-84
-55
-75
-160
-155
-116
-167
-223
-213
-213
-193
-138
-185
-256
-327
-395
-456
-448
-383
-380
-352
-325
-293
-213
-158
-205
-237
-196
-180
-136
-77
-32
-24
-49
21
94
95
143
199
288
318
301
444
507
502
538
468
438
389
356
403
463
638
723
700
686
639
584
451
333
381
377
327
397
484
526
519
447
393
382
280
256
296
327
321
256
300
285
194
100
-33
-131
-181
-132
-133
-191
-73
19
-16
-26
22
27
-27
-41
6
56
58
51
86
139
77
-5
-71
-97
-132
-212
-226
-269
-279
-241
-223
-172
-178
-242
-287
-288
-308
-271
-195
-186
-144
-131
-75
-64
-161
-146
-185
-171
-87
-44
-21
-75
-79
-151
-183
-155
-227
-267
-300
-281
-226
-275
-296
-158
-45
-39
-6
18
2
-7
-85
-104
-22
-16
-6
-26
-15
65
61
59
49
39
0
-78
-115
-158
-253
-327
-271
-322
-388
-280
-244
-181
-151
-193
-129
-121
-128
-170
-175
-131
-179
-96
-93
-238
-299
-311
-266
-256
-283
-227
-176
-157
-143
-157
-185
-257
-284
-249
-247
-105
-7
-17
88
114
65
4
2
47
39
124
212
243
331
334
271
321
309
257
255
226
267
365
425
399
444
439
307
321
373
309
221
262
353
374
362
328
268
284
242
167
194
180
262
276
241
339
224
89
146
160
126
86
57
31
7
67
65
-32
-39
-7
-48
-85
-81
-86
-132
-133
-79
-64
-20
-14
-16
-13
12
59
2
-29
9
61
64
7
32
86
88
108
117
139
94
72
199
196
200
139
76
95
1
57
30
-15
58
-34
-59
-23
-25
6
-4
-83
-118
-83
-29
17
-34
-126
-171
-156
-185
-249
-262
-304
-313
-353
-300
-249
-340
-271
-340
-465
-420
-446
-467
-455
-413
-380
-380
-311
-228
-268
-269
-224
-251
-278
-315
-266
-177
-105
-94
-153
-153
-234
-342
-384
-457
-412
-315
-271
-260
-241
-106
-59
-52
-107
-198
-81
-45
-35
20
21
124
191
201
194
104
82
141
147
177
232
261
292
256
198
228
241
179
212
258
265
308
319
372
397
367
336
361
335
244
241
263
222
220
322
283
231
262
249
261
208
176
172
95
99
35
-21
4
15
85
63
115
138
92
163
151
79
85
138
167
198
171
135
158
130
93
96
64
34
116
133
42
67
89
60
40
47
72
74
54
60
104
60
18
-4
-54
-63
-195
-279
-188
-117
-88
-88
-49
-64
-122
-139
-151
-160
-240
-224
-130
-62
-45
-42
-26
-91
-42
-46
-80
-73
-92
-45
-46
-46
-43
-79
-165
-183
-186
-209
-211
-205
-127
-151
-167
-107
-134
-200
-238
-202
-176
-157
-176
-215
-189
-223
-272
-270
-275
-327
-341
-234
-195
-151
-143
-278
-265
-223
-287
-293
-307
-290
-207
-186
-134
-56
-56
-25
33
19
-47
-48
49
-29
-28
52
23
118
77
68
162
123
96
80
56
125
194
152
175
200
219
218
167
179
225
271
305
322
321
318
319
318
288
278
283
272
291
328
271
230
287
300
259
244
211
228
252
140
148
224
173
175
223
149
119
131
95
183
162
144
209
95
67
63
-21
-70
-109
-85
-68
-18
40
0
-23
-66
-36
16
-83
-143
-97
-97
-74
-84
-162
-131
-78
-54
-1
-5
-108
-152
-199
-212
-105
-90
-91
-80
-131
-126
-134
-171
-117
-113
-123
-118
-203
-201
-116
-77
-106
-88
-44
-81
-86
-123
-160
-143
-175
-213
-269
-236
-88
-31
-65
-61
-53
-67
-37
-27
-15
49
60
42
66
126
150
48
-13
-4
-22
-60
-98
-89
-64
-35
-63
-82
-57
-103
-121
-130
-129
-93
-96
-111
-69
-50
-101
-93
-90
-100
-57
-80
-100
-17
-9
-18
-30
-59
-47
-109
-82
40
79
60
1
26
41
34
123
69
50
163
210
195
169
241
280
238
197
221
240
185
219
274
300
315
286
247
242
245
156
158
196
126
142
158
160
172
111
125
159
123
149
157
173
210
158
166
152
134
96
-35
-12
-8
-65
24
85
37
24
-19
-84
-122
-160
-142
-148
-148
-99
-75
-121
-132
-143
-215
-217
-278
-250
-181
-214
-171
-150
-109
-138
-226
-163
-220
-310
-266
-252
-196
-143
-121
-116
-123
-95
-109
-158
-185
-143
-109
-161
-107
-50
-82
-86
-83
-79
-96
-34
-36
26
146
8
-4
-11
-53
27
-1
22
37
-18
-13
-37
-30
77
110
75
50
26
89
117
4
22
111
86
107
82
10
42
76
53
119
108
2
96
94
52
101
19
24
49
-1
84
83
22
72
80
55
98
127
65
51
88
84
70
68
75
68
36
41
83
104
90
118
118
56
35
86
88
20
114
116
140
208
64
76
122
56
67
-32
-102
-67
-47
29
15
20
3
-32
-19
-120
-152
-133
-168
-143
-107
-78
-51
-70
-29
-36
-100
-76
-100
-123
-129
-83
-33
-34
40
26
-24
-86
-127
-23
-29
-40
19
0
40
47
4
-89
-111
-21
-73
-86
-68
-76
-70
-55
-27
-97
-109
-78
-65
-32
-92
-28
21
-63
-22
-40
-99
-131
-192
-99
-100
-187
-151
-168
-115
-53
-33
-63
-95
-109
-97
-15
-43
-31
-56
-53
37
-54
-23
23
-72
-22
87
53
16
75
2
21
79
25
58
91
47
16
95
99
95
106
88
142
176
161
111
156
205
152
145
161
154
183
182
156
155
166
158
110
74
27
36
78
21
9
61
48
49
95
89
-18
-96
-46
19
66
72
70
21
-38
-1
18
-50
-74
-37
-30
43
2
-67
-23
-135
-140
-90
-176
-90
-32
-60
-45
-94
-59
0
-28
-70
-62
-44
-65
22
11
-14
-1
-44
-11
-66
-66
-31
-60
-65
-55
-62
-58
-42
-62
-57
-119
-132
-100
-121
-63
-13
-5
-15
45
6
-81
9
-33
-33
-13
-84
-4
-11
-43
-26
-55
-96
-142
-146
-60
-9
-74
-132
-137
-46
-52
-107
-56
-51
1
60
6
17
87
82
56
51
122
97
1
76
99
64
47
25
63
9
6
17
-39
75
155
124
67
49
39
31
59
21
109
185
131
108
124
147
127
102
49
86
160
111
131
120
83
96
-19
-37
7
-32
15
21
-50
-19
9
-25
9
42
46
53
5
60
60
45
124
80
117
107
-42
0
0
-61
-23
-33
-3
-17
21
110
10
-65
-49
-77
-126
-71
-22
-97
-90
-38
-2
35
-29
-119
-133
-82
-77
-69
-19
-44
-38
-22
-67
-65
-100
-179
-193
-219
-154
-96
-127
-56
-30
-102
-130
-108
-46
-14
-62
-39
-79
-123
-40
-26
-27
-6
30
48
70
35
56
166
128
102
118
107
75
62
79
92
96
93
91
40
59
71
25
-20
-20
46
28
7
37
48
39
26
-7
-31
68
100
76
91
15
-9
3
-3
-11
-58
-52
-7
-34
-43
-25
-46
-46
-51
-81
-56
-20
-41
-48
-10
74
80
26
58
23
-9
81
112
171
177
56
51
59
60
64
19
-3
26
39
-29
-35
17
-49
-40
0
-8
39
-28
-14
27
4
13
40
143
141
123
119
93
96
79
70
78
123
61
-14
0
-11
-55
-60
-48
-61
-114
-131
-73
-129
-111
-70
-132
-59
-42
-60
-30
-76
-79
-15
-29
-110
-89
-75
-120
-41
14
-55
-91
-117
-117
-63
-65
-103
-64
-41
-3
9
-75
-17
54
16
-10
-13
-20
-23
12
30
30
33
74
136
83
33
27
-1
23
-36
-53
22
19
50
23
-36
-45
-90
-105
-79
-62
15
81
37
45
42
14
65
11
-24
21
-14
-32
9
50
64
95
68
79
113
43
45
27
-15
9
81
101
58
81
6
-50
-31
-14
62
87
37
31
74
53
0
-3
36
80
5
-67
39
29
-9
42
19
33
15
-4
-2
-51
-28
-7
-10
28
-25
-76
-9
10
-21
-70
-41
21
-11
-30
10
49
-14
12
51
40
37
-16
33
-19
-25
92
19
-60
5
41
-5
-44
-61
-52
-108
-112
-98
-135
-66
-30
-76
-112
-77
-73
-86
-88
-106
-84
-104
-139
-64
33
26
-12
-32
-45
-75
-77
-82
-98
-73
-85
-85
-102
-89
-65
-70
-46
-138
-124
-39
-71
0
10
-12
23
43
47
37
38
-40
-8
7
1
81
55
90
115
70
87
-7
-68
60
129
94
77
48
23
95
71
44
65
81
73
18
93
144
113
140
105
39
106
135
153
88
11
80
60
39
55
32
4
41
10
-56
-20
-27
-40
-42
-26
28
11
-66
-41
-14
-36
23
56
-14
-77
-55
-43
-18
41
27
-34
2
39
23
26
38
4
-46
25
6
-32
-10
-59
-44
-63
-68
-48
-75
-26
-37
-36
13
-30
0
59
-5
-22
-18
-32
-30
-19
-49
-56
-6
-64
-67
-22
-60
-74
-49
-48
-22
-45
-42
-4
18
64
-13
-34
-42
-81
-27
6
-8
-38
-50
35
32
-20
32
14
67
96
9
-27
-50
-12
42
71
22
-31
-6
-41
-57
-68
-30
25
-41
15
42
9
80
34
72
58
-52
53
88
105
83
-59
-29
65
87
104
60
38
101
83
105
131
69
93
123
46
12
45
76
91
35
12
-10
-42
-2
15
17
36
18
11
9
25
33
15
5
-45
-6
37
37
43
38
32
-46
-58
-34
10
32
-59
-57
21
31
0
-36
14
7
-41
13
-22
-41
3
-29
-44
-12
-31
-70
-90
-57
-45
-94
-13
-20
-57
-20
-21
-7
-78
-109
-129
-150
-117
-103
-59
-76
-81
-29
-68
-50
-18
-77
-59
2
38
16
-2
80
99
-2
-1
11
37
89
-34
-20
45
-1
49
22
12
37
-29
-25
62
33
-18
11
-28
-27
64
2
-82
9
50
47
18
-6
8
66
46
0
65
-11
-2
54
25
33
-14
-1
53
4
-35
1
-14
-16
28
6
1
71
70
62
95
8
11
51
-22
3
15
-11
-18
-33
-8
-27
-21
38
29
15
80
76
26
38
69
82
30
15
11
-19
52
48
10
36
-19
-7
41
6
-24
12
15
3
91
47
-16
-8
12
69
-16
8
67
-12
-74
-103
0
22
-33
-18
-24
-43
-64
-43
-7
-39
-111
-126
-50
5
-61
-67
-15
-25
26
-6
-52
-27
-5
43
-63
-97
12
-24
-44
-8
13
34
-84
-117
-58
-76
3
63
49
-34
-94
-41
15
96
112
78
35
12
8
-4
17
-56
-25
24
-64
-10
6
-13
45
37
25
42
71
55
40
55
13
-6
-11
16
60
26
33
5
-97
-19
11
-126
-98
-18
-26
-66
-51
15
16
-9
8
88
51
-8
30
44
56
-9
-23
-16
-35
50
48
11
-26
-63
-37
-67
-113
-40
-34
-66
-6
0
-5
12
-6
47
29
5
28
-47
-33
30
-24
-52
34
48
65
49
22
19
-28
-3
-14
-12
13
4
0
-12
-3
-4
41
95
28
0
17
-23
-46
26
86
6
-58
6
11
-22
-17
-61
-30
-15
-17
2
-19
-37
-46
-42
-20
9
51
131
98
45
0
-75
21
26
-43
11
-27
-12
56
26
65
40
-8
29
18
27
21
39
30
-20
-9
31
59
8
2
55
-15
-66
-55
-78
-55
-63
-63
-46
0
-5
-68
-54
-24
34
6
-51
-11
12
15
-10
-31
-2
113
135
4
-36
-85
-79
-19
0
5
-31
-3
-8
17
62
-19
8
2
-64
-18
-22
-8
1
-53
-15
24
13
0
-34
-10
-4
60
77
74
105
-8
0
17
-29
-46
-47
-30
22
49
21
45
43
78
79
39
58
36
91
117
18
-14
-40
-18
15
-33
-27
-15
-5
-49
-61
-62
-66
57
37
22
11
-25
-5
-27
8
-30
-91
-78
-95
-87
-67
-54
-40
-7
-2
5
90
37
-47
22
0
-74
35
70
-6
3
-5
-17
30
8
-53
-53
-44
9
7
-43
-18
-31
-22
-11
-47
-77
-30
42
15
-18
35
10
-92
-14
68
16
61
76
3
46
21
-21
-37
-30
40
-32
-89
15
-33
-71
36
-5
41
52
-6
-15
-53
18
-13
-89
-3
-8
-86
-7
45
-3
-51
-1
74
-21
-58
-95
-93
-6
-38
3
42
16
32
63
46
6
-12
23
73
30
86
100
46
71
32
15
-27
-41
-18
0
13
8
39
15
-22
83
165
158
163
57
51
60
10
13
-70
17
55
-14
51
28
-24
-60
-23
-6
-45
18
-6
-10
75
43
-28
-38
6
4
1
-17
-12
22
-79
-124
-50
60
30
-9
16
-87
-100
-40
-12
-18
-75
-73
-35
-5
-53
13
15
-68
6
10
28
-33
-92
-37
-24
65
-10
-112
-85
-104
-66
-135
-115
-28
-62
-72
-37
18
0
25
59
55
66
61
42
-5
-29
-36
-21
-3
15
60
33
23
-17
-41
-52
-47
54
42
51
38
23
74
15
3
41
-16
-58
-81
-80
9
49
69
111
94
86
72
44
12
-7
-25
-42
4
-28
-16
107
88
44
72
77
62
64
75
57
23
22
59
92
79
43
10
-15
-43
-61
-77
-79
-35
-2
30
71
73
41
101
81
3
7
-95
-129
-153
-119
29
47
15
20
-7
-37
-13
-57
-28
-21
-69
-21
11
43
34
-14
-32
-36
-73
-109
-113
-83
-53
-82
-16
30
-24
10
-30
-76
-51
-72
-24
-48
-106
-51
-53
9
110
66
31
3
-8
3
-30
-2
31
80
69
-68
-24
92
50
25
-25
-61
3
-82
-77
60
77
153
118
79
115
4
5
-12
-26
-2
-19
40
26
29
77
-1
-8
69
47
74
10
-58
-7
8
-4
-46
12
-2
21
35
-70
-26
-24
25
23
-78
8
35
36
41
28
47
-41
-81
-102
-142
-132
-28
-18
-50
42
10
37
76
36
27
15
67
26
-48
-111
-145
-68
-17
-16
-49
14
92
13
-7
44
61
52
9
27
78
37
-46
-49
33
-23
-67
-12
-63
-28
-1
-28
36
53
42
80
45
1
29
-12
-44
-39
-75
-80
-59
-20
30
54
43
95
136
92
11
-13
53
35
5
-13
23
97
-15
-83
-20
0
-37
-94
-9
21
-68
-10
34
80
87
-3
20
39
-41
-96
-117
-78
-8
-10
29
46
-12
12
1
-10
-42
-68
-24
-17
-5
29
-2
-34
61
44
-7
-10
-37
3
-36
-68
-41
-8
24
-21
79
77
-14
23
-64
-98
-84
-93
-62
8
4
-68
8
38
7
-15
-104
-102
-17
63
7
-40
44
104
125
-1
-4
61
-44
-6
0
-65
-5
24
-23
-12
43
0
-5
55
-16
-44
40
42
22
27
43
40
23
0
-26
42
-29
-123
-56
-13
37
11
2
119
91
15
50
35
43
53
52
105
45
5
-6
-21
78
52
23
58
-26
-4
51
-32
-21
50
1
37
26
-50
0
-37
-91
-130
-136
-32
52
104
52
-10
47
42
-12
18
44
29
37
-5
-93
-113
-83
-38
-27
-76
-49
-38
-88
-15
-47
-34
59
16
70
29
-52
-63
-76
-48
-32
-46
-70
-81
-65
31
25
-48
-39
-32
0
54
26
-58
-69
16
33
10
15
-35
51
85
14
64
34
36
83
39
30
18
-7
-1
-39
-45
-42
-74
-34
-18
-63
-20
12
13
59
43
61
58
35
35
5
-4
-40
-5
40
32
58
45
21
38
69
95
40
7
66
30
-1
19
41
45
-57
-47
24
31
-22
-48
-21
-30
13
29
35
-6
-33
25
17
-43
-54
-27
-26
-39
-83
-89
-38
-32
-10
-11
-14
32
17
44
1
-79
-48
-69
-30
16
-26
-20
-16
-17
-37
-84
-67
-34
-75
-91
-3
-35
-44
49
43
47
-17
51
90
-28
-33
-38
-5
18
5
25
30
-8
-17
28
69
27
-40
28
13
-24
153
101
13
102
76
85
7
-32
40
9
5
62
-10
-61
88
115
74
63
66
168
57
-21
22
-52
54
111
-19
15
46
-49
-65
-38
-39
-21
-13
-31
-21
2
2
37
62
42
34
-55
-102
-98
-133
-104
-85
-52
-16
27
-14
-87
4
-1
-33
4
-49
-21
46
25
14
-36
-66
-18
-7
-43
-86
-118
-111
-12
48
3
-24
17
137
116
-4
-17
-47
-100
-144
-118
-10
40
41
-41
-28
17
-31
86
113
-4
-14
21
104
166
90
48
40
-9
90
64
-66
-63
-95
-23
-3
-22
94
58
75
92
24
56
-27
-60
-50
-47
42
33
47
32
-27
26
39
-4
-64
-53
-11
-31
-36
-51
-14
-18
-23
54
-7
-37
-11
-56
-93
-103
-70
-58
11
83
55
11
-5
-60
-102
-64
-4
30
-39
-25
54
28
46
-14
-44
53
47
-38
-37
-37
-61
65
82
17
83
42
-11
54
0
-39
60
32
-32
7
-34
-61
2
9
15
6
-48
-26
1
8
47
77
83
85
114
71
56
99
51
34
28
-15
-4
-7
-71
-47
15
-26
82
111
-74
-47
-64
-69
31
-12
23
56
26
-5
-42
-92
-100
-30
-87
-57
-10
-56
-2
5
-1
0
9
23
28
17
-41
-71
-22
-23
-69
19
-4
-11
52
27
53
-2
-21
57
80
24
-58
-32
-1
-32
-18
22
-26
-76
-59
-108
-89
-7
-34
-16
48
80
96
101
106
63
55
2
-44
-17
-12
-9
-12
31
72
91
30
-35
-12
47
-21
-63
45
10
27
16
-12
59
6
14
18
-23
-39
-54
-1
18
-59
-67
70
50
42
47
-38
-63
-110
-37
-20
-79
-13
24
61
77
-37
-41
33
34
3
-34
-52
-30
-21
-15
20
-52
6
32
-14
18
-88
-49
-67
-92
2
-43
21
64
-12
11
17
-12
33
29
-36
-26
4
-13
72
123
122
107
-22
-72
-74
-45
-69
-66
3
12
60
13
32
52
-55
5
16
-62
27
64
55
99
56
-19
0
55
54
28
-35
-56
-78
-69
0
0
59
152
64
15
-1
-37
37
-4
11
6
-48
63
51
18
32
56
91
-58
-102
-13
-3
26
1
-23
-32
-47
19
19
28
34
-51
-34
-76
-128
-32
9
79
61
43
84
62
71
-30
-90
-89
-96
20
53
10
-23
-20
-3
-83
-28
-38
-140
-60
-11
-7
-26
-15
33
5
-12
-24
14
-9
-39
-10
-45
-18
-53
-43
-3
-36
-3
14
21
-22
-67
-8
4
-8
70
45
-27
59
111
25
-27
-5
-12
6
-20
-41
34
6
33
76
-12
29
67
26
15
-21
31
79
9
-78
-21
90
59
-21
1
47
-4
39
23
-47
18
61
97
84
-4
-18
20
-44
-74
-65
-104
-59
-15
25
44
-28
-65
-9
-5
16
10
2
67
13
-7
-40
-53
-37
-46
34
40
18
-45
-39
18
-27
8
15
-12
53
47
-6
28
57
34
-9
-73
-64
-43
-50
14
42
44
47
0
2
-9
-59
3
34
-18
6
-39
-47
-9
-61
-13
-35
7
52
-43
-70
-57
0
56
62
47
37
-14
-24
25
31
1
-24
-9
0
-44
-66
-26
0
0
9
2
30
20
-54
0
53
6
-14
8
17
-12
24
24
0
61
29
-18
-9
-3
34
4
-44
25
90
50
-4
8
26
-1
-14
-44
-3
71
6
35
65
-31
-51
-38
18
15
-28
-7
-17
1
-14
-15
37
31
9
-45
-39
-26
-15
27
35
16
-55
-83
-31
33
-1
-83
-35
34
65
29
-70
-39
-6
17
24
-38
-28
-26
40
30
-50
-9
-11
-7
21
26
29
56
69
7
-3
-18
-8
-2
-78
-45
-15
-14
11
-71
-106
-20
19
-21
-52
-38
-37
0
33
-2
-21
1
53
70
33
14
12
20
-10
-9
22
25
77
39
-80
-48
10
21
24
-33
-90
-108
-30
14
23
73
16
3
45
-11
-43
14
91
107
36
-36
28
110
37
-15
70
99
65
46
-9
-32
-41
9
-4
-64
-17
-25
2
71
86
-1
-80
-73
-23
14
-14
46
111
57
2
-2
30
2
-64
-51
-1
-35
-65
-32
6
16
21
16
-11
-4
-83
-47
33
-14
8
-35
-10
49
2
-2
-10
-61
-28
-7
-36
37
-18
-3
40
-54
0
-43
-30
54
-32
-42
-54
-85
-74
-50
32
-14
-82
-59
-19
32
37
-17
-20
52
3
-17
39
10
-20
-20
-41
11
86
1
-76
-13
43
-24
-39
3
-5
23
31
16
25
16
-77
-95
-14
11
52
52
14
18
50
76
116
129
49
31
48
60
82
59
78
46
0
22
-37
-44
-30
-37
-13
-59
-13
-27
-51
37
-13
-19
-12
-31
46
5
25
58
17
75
59
38
85
111
65
-19
15
42
-45
-58
-21
-48
-65
-38
-11
-62
-73
-39
-113
-70
-29
-88
-55
13
42
2
-30
22
71
30
-10
8
15
27
41
-59
-80
13
-2
-20
-20
-71
-54
-12
-12
-5
-62
-39
67
30
-35
-2
84
111
51
-8
-39
-34
-17
-20
-15
40
66
43
17
-12
-6
-30
-35
58
61
-35
-36
25
12
-66
-57
4
-36
-4
22
2
37
-6
20
29
-3
45
4
-16
109
107
29
52
-27
-16
-28
-67
29
11
-4
-59
-34
-14
-31
-1
-77
-58
-31
-41
-45
0
54
-2
31
35
-8
49
8
-34
-18
3
37
-8
3
31
5
-31
-68
-29
-25
-66
2
28
-32
-45
-60
-39
52
73
-2
-15
2
19
1
-13
-5
1
112
122
58
55
28
10
10
5
43
56
-17
-1
43
-2
9
1
-23
-44
-121
-73
-50
-49
-20
-64
-14
50
93
72
15
-73
-62
26
18
95
113
86
29
-23
8
17
28
1
-51
-77
-24
19
-15
-2
1
-13
-46
-35
-10
-46
7
34
19
-35
-7
57
19
34
3
-68
-31
39
-13
-31
-6
-7
13
-15
-53
-57
-36
11
27
-12
55
42
-61
-1
-6
-30
-18
-53
-44
-27
12
49
7
21
19
-59
-46
6
-30
-43
19
39
65
69
37
-40
-64
-5
-18
-35
0
50
-31
-50
35
31
-40
-69
-3
44
48
11
37
70
38
69
122
39
-25
34
23
1
20
42
-12
-63
-75
-28
-5
-97
1
81
9
-29
-10
42
75
36
-27
51
50
-36
-28
4
3
-41
20
67
59
7
-71
-6
23
36
41
15
37
-33
-35
33
16
-15
-54
-35
-2
-22
-74
-54
-57
-41
37
31
6
-47
-22
30
54
40
38
40
17
8
-3
35
7
21
54
25
-56
-71
-7
-101
-81
-53
-127
-58
-23
-85
-83
-19
-63
-55
12
-5
-7
-3
29
95
52
9
70
48
2
37
28
17
9
-41
-1
0
-20
20
-23
-20
33
0
-13
23
53
96
20
-36
18
-14
-57
-39
34
-23
-80
44
20
-73
-5
-11
-50
6
56
68
29
-13
21
88
93
69
21
29
114
62
-105
-63
11
-7
56
-13
-84
-46
-5
-11
-55
9
2
-37
-49
-71
16
33
15
12
-3
40
-12
-7
-45
-66
43
-46
4
51
-62
29
43
44
46
-23
29
17
45
47
-4
52
23
38
0
58
123
-20
-20
-51
-60
23
18
-48
-54
-51
-68
-63
-97
-48
-46
-76
-27
-20
-25
-53
-24
-1
-39
-23
53
84
87
69
36
25
20
15
25
61
2
-16
16
-44
-22
91
68
-50
-43
-25
-42
-46
-4
58
-13
4
43
19
49
-37
-29
-3
-58
-21
40
56
45
56
22
56
32
8
59
52
77
-41
-44
61
31
5
-54
-7
46
-19
-33
-20
-69
-72
-8
22
2
-28
-34
-109
-100
-53
-48
27
-12
-39
-7
7
29
58
127
72
4
15
-16
32
53
-13
48
65
-19
-16
-57
-63
-27
-54
-34
15
66
19
-15
41
-2
-85
-30
7
-24
-9
-36
-72
-31
0
16
43
46
0
-53
-42
43
45
30
22
-33
31
80
23
-15
0
64
104
43
15
-6
4
14
13
46
-25
17
23
-23
-28
-44
-40
-129
-81
-21
-17
28
-9
-14
-9
-31
-27
-4
0
-60
-52
4
22
67
64
39
51
53
82
103
27
49
106
48
95
108
-35
-91
5
8
-101
-76
-24
-96
-108
-18
-51
-79
-31
-63
-58
-69
-54
-37
-83
24
60
-54
-46
4
-19
-31
8
14
38
110
70
80
95
21
-30
-19
48
-39
-32
37
32
46
31
2
-108
-62
16
7
20
-44
-22
49
-31
-55
-15
-42
-9
19
13
-24
-21
-4
-16
51
21
32
61
-18
17
-29
-40
33
-18
14
-16
-34
80
62
46
27
5
11
-4
10
9
41
23
-42
-27
-22
-43
-64
-69
-61
-30
-2
