19
15
2
-94
-75
27
-7
5
-4
-54
-50
-43
29
57
19
32
-8
-73
-18
-6
-90
-29
-17
-15
-6
-119
-48
-24
-25
94
69
-3
-21
-44
-20
42
15
-37
-32
-20
3
40
32
32
13
66
50
-19
48
4
-43
-50
-34
-52
-75
-3
-82
-25
47
-63
-51
-60
-29
19
-34
-19
-9
-12
-15
-69
-31
72
56
48
69
22
-4
-1
-7
-30
-20
50
104
54
35
47
49
27
-45
-75
-79
-13
-40
-35
45
-39
33
53
-35
8
-25
-7
-15
-6
48
-47
-51
-35
-85
-14
46
2
36
33
-77
-72
-40
-33
-37
38
78
-5
18
21
92
115
-67
-53
41
26
-6
-8
6
-20
-31
-22
25
21
28
-28
-87
26
-16
-11
50
0
36
35
-10
2
27
22
2
-10
5
65
46
-76
-74
-61
-47
38
-9
-34
12
-23
-1
69
46
3
-73
-40
66
44
32
32
45
28
-33
-16
39
64
1
-21
35
56
23
10
7
-18
-9
51
60
27
43
47
70
80
4
-34
-29
-69
-36
17
69
50
-51
-23
12
23
3
-40
-76
-60
26
12
-17
-2
-26
-18
15
53
87
74
34
-12
21
27
-40
7
14
-74
-46
-43
-75
-27
-44
-13
35
22
10
15
16
-5
29
-14
-29
45
-17
-71
-91
-105
-77
-23
77
50
9
-3
-45
-26
-78
-111
-16
-21
-49
-46
-100
-66
-20
-32
-28
-14
41
72
0
-39
-7
-9
-64
-86
-45
30
-56
-115
-74
-91
-40
-62
-68
-39
-4
13
11
31
-53
10
13
-51
66
8
-25
1
11
35
0
70
32
5
41
-39
-20
33
71
80
7
30
49
10
40
-12
-45
-10
-1
53
14
1
80
45
44
48
64
104
66
59
94
127
91
63
90
64
78
64
0
-40
-22
66
-22
-28
15
-42
31
-4
-19
13
-5
15
15
15
11
-13
-108
-42
19
-70
-26
64
32
-30
-18
-29
-36
-51
-52
-2
1
-47
-40
32
-15
-57
-53
11
117
-7
-101
13
60
25
21
9
-51
-20
37
31
-28
-58
-37
-27
71
43
-44
-48
-40
22
58
72
47
4
-36
-77
-1
24
-45
-36
-31
-55
-15
49
9
-55
-32
-56
-20
12
-14
14
-22
-13
-11
-35
-9
-4
26
24
-1
0
25
-9
33
21
-37
41
7
6
14
27
62
34
44
31
46
20
-32
43
69
7
-1
48
50
-20
-5
40
30
25
-52
-65
-39
-76
-13
17
-15
-16
-17
79
96
71
71
-25
0
-4
-57
-21
-33
-28
-17
-57
-32
18
27
26
-17
-71
0
19
21
66
2
42
64
-33
-29
5
0
49
21
-27
-20
-19
17
-16
8
4
-2
0
-102
-51
-38
-36
18
-40
-6
60
38
75
80
53
101
55
32
22
-28
-35
-30
43
35
4
10
11
67
22
-56
6
1
-24
77
102
13
-32
31
65
4
-48
-51
14
32
-26
-85
-43
54
-28
-12
24
-35
25
12
-67
-85
-66
-66
-76
-38
-24
-39
20
32
25
23
-16
1
-30
-86
-115
-81
-24
-11
-19
-102
-86
-10
-28
-9
-30
-7
44
12
38
-15
-78
-18
44
80
13
-52
-1
31
-11
-18
2
-2
28
67
54
0
35
38
4
32
-34
-29
19
-8
33
17
-77
-77
-36
-51
-40
23
27
36
-18
-33
66
17
-2
16
-35
-47
-90
-1
101
-18
-101
-28
31
30
21
9
45
48
14
47
27
8
48
-26
-78
2
9
-32
-62
-78
14
83
64
49
4
-31
-26
-4
57
131
66
60
80
-19
-6
-68
-56
55
-21
-23
56
64
78
75
-51
-29
33
-47
-48
0
16
13
52
20
-30
-25
11
-4
-29
-9
-22
-33
-38
-18
-43
-54
-35
-98
-84
-41
4
27
-25
17
55
56
8
-2
24
-74
-86
-30
-24
-2
-14
-17
-4
-59
-33
-30
-103
-34
18
31
-35
-21
19
-93
-71
-19
-18
8
45
8
-34
-4
-7
-6
6
41
70
-64
-179
-129
-83
-10
26
-24
1
59
53
4
-22
17
4
34
85
69
73
-17
33
122
81
121
72
19
62
9
-17
-12
6
55
46
51
20
56
69
-11
21
16
-23
-34
-80
-51
-1
17
68
68
59
-16
-43
16
-18
-31
-31
-54
-59
-61
-122
-88
-13
2
27
-42
-31
-28
-49
11
0
27
44
-6
-9
-20
-22
20
18
48
24
-62
-14
59
25
-9
11
20
18
9
9
-14
-12
51
19
20
35
19
64
40
0
65
116
51
-10
34
58
18
43
36
7
-11
-29
9
11
-64
-103
-21
1
36
64
18
44
14
4
-2
-43
-4
29
-15
-24
39
17
-16
-12
25
-1
-61
-57
-72
-44
-16
-50
-96
-73
-37
-45
50
52
-43
-11
-14
-44
-57
-52
-11
-34
-77
-16
1
-18
-17
8
8
-33
24
26
2
2
-46
-52
-39
-1
42
28
34
-13
-19
43
20
6
-52
-63
-15
-12
7
-8
35
25
1
-1
-71
-16
58
28
-44
-23
0
17
114
58
14
45
12
12
10
40
80
61
91
70
6
51
17
-14
72
43
34
60
14
-45
-81
-12
-11
-19
22
7
-22
-39
13
-18
-91
-17
19
-24
-49
25
111
45
-12
20
87
64
37
-2
-44
43
-39
-92
9
-8
-22
34
44
-19
-38
-51
-42
7
-14
-16
-53
-11
36
-74
-45
17
-7
-37
-52
10
30
-38
-48
27
72
30
11
16
-67
-60
14
9
-42
-36
23
-9
29
37
-31
-6
31
21
-24
-68
-40
68
20
19
17
-61
29
48
52
82
95
50
24
89
46
-4
-90
-18
90
58
108
18
1
45
-36
-29
-56
-56
-45
-96
-20
-6
-95
-45
25
44
21
10
31
40
15
-75
-69
-7
15
64
16
-21
23
-24
-29
-37
0
41
12
51
15
14
37
7
-51
7
52
-89
-39
-6
-20
7
-50
-15
47
11
-35
-4
51
72
31
41
42
-23
-31
-78
-55
-29
-30
29
-55
-48
-12
-28
15
-59
-57
40
2
-4
22
21
42
79
101
4
-64
-32
-2
-28
-36
-42
-53
-62
-54
-34
-19
-14
-39
8
-22
-58
-6
11
20
-37
18
93
11
-36
-38
-2
13
66
81
-16
-32
6
-52
-74
62
71
36
54
14
11
-2
32
63
-31
14
30
6
106
22
-35
49
69
6
-51
-36
-46
-97
-33
78
84
32
-15
62
70
-56
-37
3
26
104
58
0
34
25
8
-43
-48
30
83
-39
-74
-16
-18
83
72
50
18
-8
34
-48
-65
-12
-14
0
-1
-25
-26
-49
-63
-1
54
71
1
-18
72
22
-50
26
-26
-83
-41
-35
38
60
18
34
20
3
-24
2
66
15
-11
-45
-46
16
44
76
16
-57
-70
-20
9
-39
-40
-47
-23
-9
-41
-4
11
5
9
-54
-57
-20
-10
29
-9
-30
38
118
90
-22
-46
-6
0
-35
-23
9
0
-9
2
25
12
19
43
48
47
-36
-53
-83
-83
-40
-55
15
23
-28
-44
-41
-65
-70
35
0
-92
-20
-18
68
117
69
117
20
20
15
-43
26
4
-39
-8
38
-65
-36
16
-109
-20
-33
-31
119
117
83
20
-1
-6
-13
19
107
80
-61
37
61
-54
-37
-20
58
69
57
15
-66
23
12
-16
84
87
97
43
2
37
-39
3
57
17
53
12
0
4
-87
-9
19
-77
-62
-43
-56
-71
8
78
19
-4
38
-13
-91
11
-34
-136
-81
-120
-63
-13
-107
-46
-31
-47
43
-50
-10
106
16
-1
-11
-7
27
34
41
3
26
53
-1
4
19
74
65
-32
45
25
-11
28
-19
6
-20
-26
-5
-12
-45
-118
-72
7
65
48
54
27
-5
49
-28
-88
-70
21
40
-45
-32
41
79
-27
-43
-48
-109
-36
2
54
87
67
85
35
-1
6
-5
-39
-83
-42
30
52
27
-6
-51
-67
2
58
50
4
-23
3
32
1
-19
36
51
41
49
23
-16
-34
-30
-34
4
67
42
11
-3
-21
13
-53
-96
-69
-80
23
11
-42
2
47
91
63
24
-23
10
10
11
63
-4
-35
-4
36
26
-13
0
-8
-62
-42
6
-44
11
-1
-21
98
70
76
33
-4
17
-29
6
-8
-5
-37
-105
-24
13
9
-35
-99
-38
-20
23
65
2
52
28
-41
-1
-5
12
-9
-82
-12
65
-11
-15
13
-45
12
90
100
56
-39
-54
18
59
-42
-22
24
-59
-2
9
28
60
16
36
-7
-34
4
-5
-61
-27
-1
-34
8
4
6
-53
-87
-41
-45
-15
-49
-64
-32
-27
5
7
20
-2
9
29
-43
27
-24
-26
39
-86
-19
69
15
-1
21
41
-24
-45
-49
-46
-7
-36
-21
-34
-70
32
69
-21
-40
6
45
55
94
57
-14
-51
-23
76
-28
-9
32
-60
66
60
-4
19
-39
-56
-31
-61
-14
97
86
42
33
20
-7
-42
-40
15
-44
-47
5
-30
2
-6
61
63
-20
4
-16
20
57
19
27
93
73
43
-7
-2
94
33
26
70
68
47
-21
-24
-8
-83
-94
-24
-16
8
29
32
38
-12
-53
-71
-7
32
-4
-17
-84
-49
16
-5
4
-22
11
10
-43
28
-40
-89
-1
-7
-35
-31
10
33
4
-43
-15
1
8
131
126
4
-7
-56
-67
-9
-66
-61
-57
-42
26
-30
-56
-35
-7
11
-26
-43
-51
-12
-5
-50
-35
0
31
29
-18
-18
6
-24
4
16
2
69
90
84
112
37
-12
8
22
38
-25
-14
14
-43
-7
22
-20
-58
-49
31
66
6
-74
-99
-133
-86
32
0
27
1
-15
53
-8
-13
-7
-28
-21
-38
-55
20
40
15
85
56
26
68
44
29
29
-4
74
99
-12
11
46
14
10
33
55
48
28
-28
-48
0
30
43
28
26
68
39
14
36
3
-4
28
32
73
44
-7
-16
-84
-75
-66
-11
51
-3
-15
12
53
5
-74
-31
11
50
-3
-48
-27
-57
-72
-104
-34
7
19
53
44
113
-3
-34
61
-57
-43
-77
-143
-56
3
54
18
-3
21
11
28
-25
38
102
-23
-32
-59
-64
23
8
-38
-63
-57
11
45
18
-5
1
21
41
30
7
20
-28
-69
-7
-30
-20
-3
-83
22
63
-70
-80
-18
1
29
-5
-7
43
-2
-9
-59
-59
5
-57
-16
36
30
67
13
8
45
28
-7
-10
68
94
75
23
-22
-58
-93
-19
49
61
21
0
29
-26
-24
-5
-61
10
21
-46
31
0
-43
41
14
-1
-8
-24
-15
-22
-11
8
29
8
1
25
24
44
76
24
6
77
22
-46
-59
20
61
-21
-8
-9
66
70
1
-13
-25
24
22
29
12
7
55
59
46
19
0
-41
-60
9
43
4
0
10
-38
-33
5
8
-22
-55
-14
-30
-68
-42
-23
18
24
24
-23
-69
0
-9
-47
-12
6
-6
-11
-36
-78
-9
-17
-116
-81
-47
-8
74
42
42
9
-71
46
53
-22
25
5
53
47
-6
39
-63
-22
87
-15
-14
76
17
-42
40
-11
-53
-14
21
39
-32
52
56
-37
21
57
44
59
-5
-55
-13
-58
-26
29
-38
-45
-27
-68
-54
-38
-6
3
-59
28
10
-50
10
26
87
18
5
47
-42
-27
-50
-77
-59
-16
49
32
63
56
24
1
-71
-44
39
-14
-65
-30
-17
23
4
44
81
-10
-11
-6
-42
-22
30
-3
-46
32
80
76
44
44
93
75
-5
-38
-14
-24
40
124
69
24
40
5
2
-13
-12
-1
-64
-20
-5
-44
-9
-52
-84
-31
31
56
-19
-31
-4
-10
59
-1
-30
7
-43
14
13
-21
-20
-20
40
39
-23
-47
3
0
-55
-97
-69
11
18
-6
-39
-18
-69
-72
-3
-12
-2
-56
-30
47
17
16
49
-8
-29
-38
-45
7
54
47
-5
8
-27
-10
14
-37
-72
-93
6
82
9
-21
-6
-20
2
22
-19
0
30
25
46
50
71
47
0
-15
-57
-56
-5
-3
-16
15
25
91
79
-42
-75
-70
37
76
-35
-22
54
91
61
-6
20
83
55
1
-30
-36
8
-10
-35
-17
-5
48
25
-25
-27
-45
-32
-7
72
80
27
91
63
-16
-20
-47
-32
-8
-48
-50
-66
-29
-10
-30
-3
9
-25
-68
-74
-90
0
25
3
1
25
77
0
9
-1
8
66
-31
-3
44
8
-3
-41
-53
-3
0
13
44
-7
5
-14
-26
22
31
61
60
40
-26
-73
0
45
3
-10
-49
7
81
5
-2
25
-12
-17
19
-44
-35
-3
23
94
27
3
30
35
0
-37
12
50
57
47
58
11
37
62
-38
-37
-58
-6
9
-54
-19
-9
-45
-78
-24
-4
-18
-27
-44
-1
-10
-15
4
-19
-25
-14
4
-30
-50
-44
-7
50
-5
-28
-24
-56
20
82
50
24
-24
-12
-5
-52
-5
-25
-39
-18
-14
6
-61
-63
5
23
35
60
15
-14
39
39
51
38
-26
5
31
-16
20
41
19
68
7
-27
0
-29
-39
-33
30
-35
-82
69
65
33
54
-21
-8
28
35
-9
-26
6
4
-14
-34
22
24
-17
14
-22
-53
-4
16
34
38
27
-16
-36
-32
-17
33
25
10
80
102
36
-6
-10
-13
-54
-23
-13
-33
-48
-83
-38
-44
-22
25
1
27
34
5
20
7
-47
-70
-40
1
25
26
14
2
-41
-95
-3
30
8
95
63
-20
-77
-57
27
46
-30
-104
-74
-66
-45
56
77
26
33
16
-6
57
41
27
48
-48
8
76
-9
15
1
-18
48
4
-56
-52
-10
13
-26
-38
15
66
57
43
7
-8
31
58
25
-26
0
13
4
12
18
53
51
-7
-13
-7
-31
30
47
35
17
-24
-12
13
-7
0
74
-18
-142
-82
-21
-24
-5
31
38
23
48
79
17
-11
30
-4
-9
-13
-56
-108
-47
82
30
47
29
-14
85
33
2
25
-25
-42
-44
-54
-70
-16
-34
-62
-53
-107
-38
-1
13
6
-61
-31
-35
-62
-35
-39
-11
1
-52
-20
30
28
0
65
94
32
49
15
-7
4
-81
-53
30
-25
-26
40
4
5
55
28
-24
-23
54
-28
-118
-7
23
4
41
-15
65
133
13
8
27
59
90
30
26
41
-67
-51
27
-24
-35
-101
-52
95
82
33
-34
-31
46
76
11
-2
27
-9
-14
9
31
-13
41
5
-95
31
15
7
23
-21
-15
-52
-73
-95
-45
-48
-92
-121
-80
35
36
24
37
27
15
7
-23
26
103
129
151
33
-12
-11
-75
-44
-52
14
80
-23
-15
-18
-63
-13
-9
-1
-27
-7
0
-70
-31
-8
38
56
20
39
52
15
-27
-5
7
-21
-27
29
60
-27
-69
23
31
18
21
14
49
33
54
51
29
14
3
27
46
44
-7
-21
26
15
-49
-37
-31
-49
-21
8
0
-39
-47
-106
-124
2
31
-15
-7
-7
31
19
-104
-66
18
4
37
43
25
-94
-86
4
-103
-49
-16
9
116
-30
-61
-9
-46
31
94
97
41
8
8
11
4
11
47
61
129
94
-4
-14
21
50
-10
-21
16
27
-3
-115
-108
-33
-28
-73
-83
-32
-7
20
18
-34
22
88
54
24
19
51
68
80
29
16
-3
-58
-38
-45
-11
-20
-62
-51
-76
-81
-40
8
25
19
-21
-26
-7
9
48
41
89
17
-88
-64
-96
-30
8
-19
-24
-80
-112
-64
-50
-123
-62
-13
-35
-20
-40
-26
48
17
28
75
36
78
67
55
65
-22
-6
29
1
-38
17
114
35
-47
-35
-7
-27
44
74
31
61
-16
56
124
59
55
4
36
84
30
30
21
38
65
30
-7
-40
-28
14
-17
-147
-103
-26
-4
41
13
15
36
-10
32
73
3
38
18
-17
25
41
33
23
1
-57
-43
-19
-6
0
-27
-49
-79
-63
-12
-22
-22
-18
-67
-30
21
-23
-121
-124
-46
-39
-54
-53
-53
-59
-20
0
-41
-77
-130
-111
-59
-53
-53
11
73
39
25
-13
-17
-10
-83
-64
12
15
43
25
7
103
116
75
8
-15
46
76
39
-25
-33
-28
-31
-30
-50
-77
30
64
4
24
-32
-60
-16
49
111
87
22
56
111
61
74
72
50
61
-21
4
63
-6
-72
-56
3
40
10
-51
-19
-50
-99
-17
-7
12
65
0
17
82
-5
-64
-60
-39
-10
-9
-29
-49
11
15
-64
-88
-32
14
-22
-55
-38
-42
-48
-24
7
56
24
-31
13
20
31
63
24
23
78
25
1
65
39
9
0
11
29
4
-21
5
-4
-51
-16
2
-11
8
66
136
86
30
31
20
51
1
-36
2
34
30
-33
-54
-119
-87
13
23
13
2
60
36
2
-15
-98
-42
79
20
-32
29
-11
-34
19
24
3
-28
-36
-3
17
-44
-81
-58
2
35
36
33
6
37
12
-40
-11
27
2
-4
9
52
86
48
42
36
19
12
-48
-80
-11
-6
20
36
-6
22
0
-41
-45
15
-43
-116
0
-22
15
90
21
18
-1
-2
-4
-40
-15
-38
-56
-38
9
-5
-50
-15
-16
0
-12
-18
24
-56
-108
-23
-17
-16
64
77
20
21
44
51
24
-56
-93
-20
38
-12
-11
-4
9
30
-45
-10
15
41
40
-73
-27
11
24
82
74
5
7
52
-5
-20
-13
-60
-59
10
76
25
-26
-23
-51
6
36
0
32
26
5
26
-1
0
24
8
80
85
29
63
-9
-65
0
55
43
-13
4
20
68
77
40
68
22
26
42
-84
-34
47
-10
33
9
-85
0
106
43
-44
-29
-20
8
35
-17
-18
-47
-42
43
49
34
26
36
50
29
-28
-68
-37
47
45
-86
-86
0
-7
19
39
75
66
36
113
22
12
44
-113
-36
35
13
108
42
-6
-8
-55
32
40
12
23
-17
-25
17
-9
-41
-30
-79
-46
28
6
-23
-30
-43
-57
-83
-53
-41
-61
-35
17
84
41
-4
8
3
-11
-37
-73
-59
-12
-9
-22
-18
-53
-117
-51
25
-5
1
-15
-26
19
7
-33
-19
28
12
-8
-1
-15
-21
63
80
22
19
-34
-60
-57
-47
-46
26
92
-41
-29
30
0
63
33
-28
-51
-6
54
-8
-70
-81
-37
34
32
-8
-13
-48
-38
43
97
72
40
30
23
12
-40
-39
15
60
78
66
35
69
102
5
-25
-6
52
103
6
-28
-21
-1
20
-10
20
8
-3
-15
-62
-11
-7
-51
-47
-23
6
27
-50
-132
-122
-79
7
20
33
75
8
-70
-100
-8
50
21
61
12
-53
-17
-4
0
-3
-3
-2
20
44
-6
-21
2
4
-2
11
-47
-75
-7
47
41
-59
-28
10
-30
-56
-69
-63
-16
47
-68
-10
100
-29
-28
29
15
26
36
-54
-42
67
42
6
-19
-38
-52
-28
5
-20
16
76
67
1
-24
-5
8
-2
-10
16
20
-15
-83
-31
35
-76
-71
37
24
-29
18
93
69
32
24
79
97
38
8
-17
-29
-39
-43
-37
-12
1
-64
-28
52
59
63
37
73
42
-9
50
22
28
31
35
142
56
-12
61
6
9
-10
-59
-53
-127
-127
-31
-23
-125
-88
-16
-68
-98
-93
-63
-16
-77
-45
40
-58
-63
-14
-37
-17
-66
-83
14
-57
-118
-89
-32
99
68
22
11
1
-23
-29
29
10
18
23
3
15
0
50
64
-4
-3
-71
-62
91
47
26
64
-22
-3
-11
-26
9
2
24
16
51
89
21
-15
15
24
-38
-110
-81
-88
-60
43
9
-25
45
95
79
20
11
64
26
-48
-5
37
-5
-57
-32
3
41
80
22
7
35
39
-8
-36
28
-22
-70
-7
-13
40
73
7
-14
-66
-47
16
-27
-6
-8
-53
10
-37
-80
-29
-26
43
101
50
38
60
-10
-23
-18
-82
3
33
-1
0
-62
-44
-42
-5
22
-55
-21
26
19
37
37
55
41
-35
-62
-62
-69
-4
21
-37
-34
45
65
60
99
-12
-39
55
47
53
70
60
-11
-32
0
-10
21
6
-4
59
21
-58
-68
-58
-36
-20
-24
-1
-14
-48
-47
-46
4
27
58
86
-53
-29
63
18
88
33
-66
-76
-60
46
38
44
40
45
103
-13
-41
96
70
6
28
-3
22
39
27
1
-57
-17
1
18
35
-26
-35
9
6
0
18
99
171
14
-40
53
-10
-86
-72
-1
55
8
-27
36
31
-67
-111
-96
-30
2
-35
-19
-16
-26
-19
0
-11
0
3
-70
-62
-100
-17
30
8
32
-82
44
90
-7
36
13
35
33
8
52
33
36
80
46
-30
-42
-13
-27
32
42
-13
20
20
25
-5
-30
1
41
46
2
12
38
53
37
-30
-81
-2
62
30
28
30
-9
-2
2
-44
-67
-70
-42
20
75
13
57
119
9
-59
-18
43
-36
-104
-54
2
23
61
84
49
78
67
0
-4
-90
-146
-48
-23
-45
-31
-14
65
-3
-70
-4
-9
29
20
-41
-21
-4
0
-33
-23
-6
22
86
55
30
-3
6
53
49
62
86
14
25
88
30
52
19
-23
56
30
-32
-14
37
49
-48
-66
-30
-30
-20
-38
5
29
-13
-103
-111
-90
-49
0
-54
-4
-61
-90
43
3
-8
0
-16
88
43
-7
102
23
-41
-18
-53
-34
-51
-5
46
-3
37
63
54
59
-38
-33
62
32
58
95
38
54
90
55
36
21
-25
4
34
-21
39
72
-62
-31
59
-12
-55
5
41
30
-28
-37
8
56
68
18
43
-7
-31
-7
-64
-56
-15
25
26
-25
-43
-10
-36
-8
12
-85
-9
8
-48
-8
-70
-92
-12
-30
-30
14
-20
13
9
-25
21
24
2
-43
-61
21
33
58
102
12
36
16
-9
99
-14
-50
13
-42
-28
-2
-3
-5
-9
30
66
57
21
20
6
12
23
-23
-26
-22
-42
-46
-31
11
82
34
-64
-68
-32
-31
-29
-27
-49
-21
17
58
30
24
17
-15
38
-7
-9
-5
-58
61
87
-10
-50
-35
31
0
-12
31
42
38
-1
-4
-29
-7
9
-20
70
99
21
-22
-90
-65
-15
-82
-91
-29
-26
-2
23
-7
14
17
37
21
-35
-39
-22
24
14
42
41
-44
-9
0
-2
7
-22
6
13
45
-6
14
79
-7
47
34
-11
-4
-92
4
112
45
11
-11
-19
9
44
25
31
21
-59
6
-1
-16
52
31
97
43
26
97
24
21
-13
-23
12
-38
-32
23
-2
-75
-59
2
-9
-15
21
-23
-46
32
13
-76
-8
17
-34
22
0
-43
43
45
-34
-10
62
40
-51
-106
-80
-35
-16
-6
5
6
31
56
13
39
47
-1
30
-12
-59
-37
-57
0
9
-23
8
-1
20
-38
-89
-95
-156
-50
-5
-15
29
-2
3
4
-30
-36
-25
-5
-65
-40
28
38
125
47
-4
45
-3
65
30
13
94
60
39
-6
5
20
43
79
27
-103
-129
16
-1
-83
-38
16
32
2
-3
-13
-35
-32
-24
3
18
-14
-18
19
52
53
47
62
39
26
1
-10
-29
-64
-78
-92
-89
-62
-23
-31
57
48
-95
-100
-22
-8
-83
-16
-4
-36
-2
-38
15
117
127
37
26
-6
-11
54
-2
-19
-18
-40
-8
54
38
18
34
29
12
-38
-31
33
61
10
-41
-46
1
46
15
-7
-43
-36
-51
-53
2
68
154
106
36
47
45
13
-20
-15
48
9
-25
55
73
17
-1
28
46
37
-8
9
8
-64
-67
-69
-100
-109
-127
-109
-21
-10
-37
-21
-78
-15
69
17
13
-21
-33
33
-13
-51
13
-34
-50
33
4
-17
61
51
32
75
27
-31
-76
-70
-17
3
0
-29
20
-26
-63
-9
-1
58
48
54
72
21
0
-46
-48
-13
-14
0
45
0
-72
-25
-37
-62
21
27
-62
-92
-32
-2
26
20
-1
22
1
1
1
-12
29
-5
-40
51
43
-3
25
-58
-25
75
38
62
56
59
30
10
83
24
-11
-4
-32
15
-7
2
15
-89
-36
11
-85
-66
34
44
-34
-30
85
72
-50
-68
-18
-37
-7
36
-44
-32
-13
-9
75
51
10
-9
-21
-30
-10
1
-40
51
78
29
31
-22
-13
-17
-29
-27
-52
3
-5
-12
52
-38
-75
-36
-80
-21
12
-23
-7
-2
-16
12
46
48
8
-29
36
32
24
16
-68
-19
-19
-39
2
-4
10
28
59
14
-20
8
17
71
106
79
-20
-119
-88
-23
-37
-57
-62
-71
-33
-30
-18
44
-13
-24
-29
-17
65
13
-7
-8
-7
2
-10
98
127
50
60
36
-2
29
13
41
97
40
81
114
-20
-43
21
13
-27
-49
-13
25
7
3
-6
-36
20
-13
-67
-22
-30
47
77
-31
-47
12
41
37
-2
-40
-1
-21
-96
-25
23
-2
-15
-98
-36
-20
-59
-26
-80
-18
-19
-32
61
84
72
3
-27
-25
-38
-32
-34
-10
44
0
-84
-18
30
-20
15
12
-33
-11
1
60
32
56
102
-23
6
-17
-44
9
-57
18
112
74
58
23
6
16
-50
1
92
6
5
79
-3
-35
-18
-26
34
-25
-95
-57
-4
16
-17
-45
-37
7
10
42
-24
-56
90
70
0
-1
-16
-25
-33
7
21
-28
28
78
66
80
-19
-12
60
75
127
43
30
28
-105
-99
-113
-90
29
-7
9
95
23
-74
-92
-35
26
-7
6
9
-18
42
24
-10
13
34
41
56
22
-8
64
37
-46
-60
-50
1
25
6
5
-17
-101
-144
-58
36
92
85
-5
25
30
-1
-1
-90
-14
11
-59
-23
-40
23
101
15
-32
31
70
18
-18
43
18
28
92
-29
-68
-28
-54
-8
-39
-86
-15
33
54
31
29
0
-40
-22
-31
-26
20
50
9
12
3
-73
-10
42
9
-6
26
24
-56
-67
-83
-65
15
8
-11
39
54
58
96
73
37
0
-6
14
-5
27
17
-29
-14
0
21
-54
-67
8
20
-15
-61
-40
-26
-26
-7
-47
-66
14
-5
5
48
-52
-56
-41
-61
-76
-85
-17
76
80
-10
0
84
82
33
-5
33
36
43
14
-58
23
-55
-99
-13
-26
-15
-5
-24
-19
-34
-28
24
-32
-51
-39
-12
81
90
13
-1
46
-14
-25
-38
-21
56
21
49
-25
-88
-12
50
113
33
10
68
59
92
-3
-122
-46
33
28
26
81
1
-83
-19
0
68
0
-67
30
13
79
78
-70
-56
44
14
-6
19
-10
-42
-80
-53
-23
-12
29
-11
-7
87
47
53
70
13
26
12
-16
0
-48
-70
38
34
-4
12
-78
-104
14
54
-4
-46
-78
-107
-57
41
16
14
-11
-116
-20
-14
-111
-36
-16
-23
47
-3
-100
-80
-48
15
100
46
-29
-12
12
7
21
27
-14
-34
7
17
52
88
70
73
31
20
31
58
43
0
-14
-47
-5
65
46
-1
-6
3
31
9
-52
7
-8
-93
-43
-64
-60
-28
36
106
34
48
24
-6
25
0
9
48
66
14
-27
-10
15
19
-35
-51
-55
-57
-10
-10
-18
-1
1
58
5
-29
29
-43
-33
-38
-18
24
25
54
-29
-35
-16
-46
-20
-85
-99
-19
-22
40
44
-48
-40
-55
-10
10
-72
-10
-24
-40
6
9
42
-6
-25
-13
6
25
6
66
25
-18
27
-14
25
20
-8
115
109
14
-63
-80
18
7
22
21
-19
56
77
112
109
-6
2
68
92
32
-48
52
49
13
63
27
12
-28
-49
0
32
29
-22
-55
-15
-5
33
42
-34
-20
25
9
-7
-15
-18
-7
-33
-34
-10
-24
-54
-69
-75
-109
-108
-63
-28
22
41
-9
-21
-10
-15
-70
-104
-40
-12
-18
-20
-12
33
43
3
-1
2
2
36
56
-1
-52
17
6
-25
2
-8
36
59
4
30
36
-8
62
56
9
24
-31
3
79
44
-26
-59
-13
6
-5
1
52
-2
-142
-51
35
52
25
-21
31
-11
22
57
27
71
-34
-39
66
69
78
-28
-103
-127
-28
83
-26
-82
-13
53
27
68
74
32
8
-40
32
25
0
-2
3
-20
-65
15
-24
17
55
-32
12
-21
-16
51
26
7
33
29
-37
-13
-21
-9
2
-1
102
34
6
-17
-19
105
14
-2
40
-21
-20
32
-15
-55
-32
-100
10
33
10
99
-1
-25
13
-26
-12
30
9
21
7
-90
-37
-29
-27
39
-22
31
87
41
1
-27
-28
-62
-48
0
-45
-38
-37
-106
-63
-16
-1
7
54
87
5
-55
-59
-44
-33
17
6
-62
-8
-56
-49
7
-42
-26
-34
-24
-3
49
53
34
23
29
62
-22
1
-23
-90
3
46
38
34
3
-43
-2
29
2
-46
-49
13
28
53
64
60
0
1
-6
-115
-44
35
92
40
-68
28
77
-10
-22
55
27
-33
15
37
12
5
-7
33
46
50
47
49
67
35
95
9
-41
67
22
61
59
-38
-6
60
34
59
95
-9
-96
-77
-1
27
-12
-53
-24
24
8
19
22
-61
45
8
-128
-61
-152
-76
-36
-111
-9
-32
-24
36
50
17
13
59
-20
-18
34
-6
-51
-49
-70
-104
-75
-80
-15
-53
-74
41
4
7
-62
-147
-97
-84
-6
97
32
-51
-19
-22
9
-5
-26
64
11
-39
49
42
12
-32
-42
41
89
96
55
47
79
74
120
43
-60
-45
-49
-10
62
101
22
64
59
-62
-54
-30
11
-28
-15
71
37
-13
60
93
15
13
52
-1
-99
-30
32
-16
-44
-119
-105
-26
-19
30
51
66
93
29
51
100
75
73
0
-53
-12
9
-41
-48
1
0
1
-29
8
30
-92
-81
6
-40
-71
-31
-48
-21
-13
-21
25
-11
0
7
-4
0
3
-5
-30
40
-8
8
64
0
47
78
40
-43
5
63
68
42
-78
-9
-12
-48
-22
-31
45
36
1
-1
0
-7
0
48
-30
-99
-76
-70
-45
-20
-33
-42
20
51
9
-6
-11
9
-29
-100
-12
14
12
50
-66
-45
11
-28
-11
-34
-22
0
38
29
-32
-25
9
51
39
22
-14
-51
-8
-22
17
73
23
3
-30
-69
-87
14
40
-4
55
22
-17
-15
-27
-42
-35
-55
-15
37
37
32
-5
54
58
2
-12
14
49
21
78
68
59
113
34
-29
-7
23
3
-37
-13
37
42
6
3
5
10
-5
24
9
-67
-65
-63
-23
6
-43
-105
-21
13
-12
26
45
108
98
63
114
52
-23
27
50
61
78
47
36
22
-14
4
-35
-16
30
-8
-38
-92
-86
-38
-30
-44
-55
-75
-27
8
-78
-78
-78
-53
8
-60
-56
-26
-19
-21
-73
-79
-18
-1
21
98
45
5
32
61
105
76
36
65
84
14
2
52
40
25
14
47
55
0
-22
-49
-28
-21
-35
-66
-164
-173
-237
-245
-136
-154
-115
-93
-40
60
53
40
-35
-60
-8
11
39
49
93
151
179
163
191
224
317
347
228
214
180
170
148
111
44
-54
-108
-145
-93
-51
-25
6
1
-43
-86
-118
-117
-141
-225
-240
-252
-264
-208
-190
-110
39
0
-40
34
29
18
49
47
43
14
-36
-45
-70
-64
-6
6
-52
-48
-32
-93
-47
13
35
-4
-94
-108
-76
-63
-44
53
77
34
15
-16
60
124
26
-6
53
84
115
129
99
36
10
33
56
79
84
96
46
9
36
-3
-24
18
59
142
252
264
277
276
259
299
286
293
206
133
155
99
125
142
68
73
132
136
179
168
161
175
100
96
86
45
-33
-28
-5
-63
-79
-51
53
90
188
235
145
242
251
238
252
45
-12
35
18
28
15
5
77
186
109
123
105
-28
13
-61
-141
-194
-301
-322
-280
-289
-347
-314
-224
-152
-133
-130
-157
-157
-164
-168
-156
-210
-148
-90
-21
111
124
237
271
238
328
279
333
264
115
174
128
68
47
66
106
70
38
-8
-119
-331
-541
-722
-975
-1159
-1274
-1368
-1396
-1388
-1350
-1364
-1310
-1126
-1013
-954
-920
-943
-967
-1009
-1075
-981
-770
-523
-192
164
584
861
1169
1597
1757
1765
1740
1644
1539
1293
1013
910
881
788
719
725
822
982
938
856
834
610
248
-77
-458
-792
-1032
-1177
-1085
-987
-869
-536
-132
216
537
734
875
966
824
626
455
198
29
19
46
293
524
738
1124
1323
1472
1626
1608
1521
1350
988
691
479
234
125
181
316
478
629
794
1041
1284
1430
1409
1301
1130
903
630
318
152
45
-87
-149
-219
-238
-283
-409
-437
-580
-734
-820
-990
-1099
-1201
-1232
-1171
-1078
-966
-858
-585
-306
-116
10
67
197
297
359
468
651
892
1028
1199
1340
1330
1369
1233
749
5
-918
-1761
-2577
-3483
-4309
-5091
-5594
-5647
-5569
-5435
-5176
-4865
-4491
-4228
-4243
-4363
-4437
-4396
-4354
-4317
-4178
-3684
-2744
-1569
-332
764
2007
3364
4296
4874
5113
4913
4428
3637
2688
1746
893
222
-259
-426
-312
12
522
963
1267
1467
1412
1166
728
85
-562
-1095
-1459
-1590
-1317
-751
81
1203
2396
3572
4549
5368
5797
5710
5419
4740
3787
2776
1765
937
363
22
-69
110
482
935
1295
1571
1585
1312
951
341
-513
-1258
-1819
-2228
-2319
-2184
-1689
-777
144
1089
2041
2859
3397
3448
3138
2515
1773
964
71
-610
-1121
-1418
-1416
-1315
-1081
-663
-358
-278
-190
-373
-870
-1342
-1884
-2380
-2657
-2704
-2539
-2025
-1305
-469
549
1493
2334
2937
3282
3408
3199
2816
2305
1821
1314
780
515
262
45
-48
-139
-171
-301
-544
-933
-1418
-1909
-2490
-2937
-3273
-3482
-3532
-3485
-3063
-2547
-1985
-1186
-437
226
837
1441
1916
2081
2138
2086
1805
1269
415
-563
-1561
-2497
-3353
-4316
-5156
-5780
-6140
-6270
-6355
-6477
-6646
-6622
-6564
-6720
-6986
-7158
-7043
-6752
-6371
-5688
-4634
-3021
-956
986
2878
4783
6455
7705
8318
8380
8021
7252
6088
4839
3573
2490
1787
1218
900
957
1370
1791
1909
1802
1529
1128
547
-330
-1370
-2136
-2576
-2685
-2313
-1602
-394
1352
3138
4697
6067
7253
8121
8404
8006
7049
5856
4622
3185
1761
743
154
-6
73
218
641
1263
1707
1770
1487
912
201
-684
-1903
-3027
-3693
-3822
-3576
-2840
-1745
-297
1680
3258
4392
5202
5495
5364
4543
3203
1614
202
-1007
-2092
-2882
-3227
-2743
-1987
-1447
-910
-477
-216
-316
-965
-1966
-3055
-3897
-4522
-5007
-4909
-4253
-3080
-1441
98
1598
3082
4300
5017
4984
4482
3697
2812
1855
737
-200
-784
-1010
-1093
-1222
-1240
-1136
-1031
-1254
-1814
-2369
-2871
-3398
-3954
-4455
-4730
-4471
-4041
-3609
-2876
-1941
-829
235
1094
1778
2423
3189
3669
3685
3525
3215
2817
2021
612
-847
-2218
-3469
-4705
-6072
-7086
-7577
-7606
-7501
-7590
-7517
-7199
-6944
-6890
-7166
-7436
-7318
-7074
-6724
-6195
-5176
-3324
-1059
1221
3482
5759
7900
9487
10249
10295
9773
8810
7435
5738
4102
2742
1810
1210
936
1101
1554
2180
2593
2607
2403
2122
1571
637
-383
-1254
-1649
-1508
-1189
-479
878
2577
4385
5928
7150
8133
8682
8645
7816
6376
4787
3282
1728
140
-1033
-1697
-1919
-1849
-1586
-1049
-426
124
368
268
-125
-651
-1228
-1932
-2598
-2922
-2751
-2290
-1490
-347
931
2379
3596
4346
4644
4406
3853
2844
1332
-238
-1655
-2830
-3595
-4149
-4432
-4085
-3414
-2682
-2121
-1817
-1559
-1514
-1795
-2389
-3010
-3331
-3462
-3308
-2928
-2245
-1074
272
1450
2418
3271
3873
4193
3955
3298
2629
1807
1072
408
-269
-629
-658
-649
-834
-1078
-1200
-1340
-1707
-2155
-2501
-2769
-2834
-2731
-2529
-2127
-1579
-980
-451
-130
186
545
803
1003
1113
1397
1917
2408
2854
3148
3339
3289
2637
1383
-225
-2058
-3790
-5424
-7210
-8625
-9303
-9140
-8493
-7827
-6992
-5977
-4990
-4471
-4693
-5205
-5619
-5933
-6079
-6114
-5722
-4336
-2133
353
2816
5221
7531
9372
10087
9735
8754
7093
4923
2521
329
-1185
-1981
-2050
-1541
-495
1134
2878
4276
5008
5078
4816
4115
2985
1615
384
-200
-294
202
1248
2705
4746
6703
8070
8871
9137
8792
7650
5749
3257
823
-1239
-3082
-4503
-5295
-5294
-4537
-3505
-2429
-1189
-47
819
1175
939
467
-149
-703
-1179
-1575
-1478
-852
155
1371
2541
3719
4768
5311
5197
4505
3421
1947
205
-1499
-3032
-4185
-4767
-4949
-4815
-4281
-3446
-2528
-1765
-1166
-828
-858
-1087
-1473
-1810
-2064
-2025
-1670
-1318
-710
53
853
1538
1897
1979
1906
1684
1123
469
-128
-615
-800
-909
-1001
-863
-668
-499
-385
-573
-904
-1107
-1347
-1649
-1839
-1725
-1335
-916
-417
196
812
1248
1453
1383
1067
745
449
216
17
31
488
1110
1656
2040
2359
2520
2026
780
-1104
-3004
-4548
-6008
-7303
-8293
-8490
-7756
-6672
-5554
-4387
-3202
-2207
-1907
-2451
-3432
-4290
-4929
-5734
-6260
-5996
-4677
-2526
-272
1945
4122
6190
7584
7678
6778
5381
3620
1524
-721
-2523
-3262
-2890
-1906
-631
1206
3497
5663
6999
7253
6873
6088
4905
3226
1396
149
-189
231
1040
2282
4122
6233
7864
8538
8303
7523
6294
4227
1507
-1262
-3410
-4723
-5530
-5846
-5264
-3680
-1748
-130
1141
2110
2766
2992
2276
994
-122
-944
-1534
-1978
-2042
-1444
-91
1434
2615
3576
4358
4876
4712
3611
2058
415
-1117
-2473
-3763
-4540
-4545
-3888
-3081
-2274
-1128
-65
797
1131
742
200
-369
-1044
-1951
-2660
-2713
-2282
-1613
-914
-134
880
1804
2178
1920
1282
632
-77
-998
-2013
-2629
-2496
-1978
-1387
-783
40
1095
1786
1746
1386
954
386
-319
-1264
-1874
-1775
-1254
-669
-167
559
1498
2252
2364
1892
1312
953
576
-124
-653
-545
237
1056
1481
1768
1990
1933
918
-1119
-3259
-4972
-6326
-7810
-9211
-9438
-8339
-6643
-5172
-4040
-2733
-1430
-1021
-1918
-3560
-4872
-5659
-6539
-7332
-7323
-5881
-3204
-409
1975
4219
6427
7826
7490
5750
3465
1127
-1089
-3371
-5148
-5494
-4309
-2216
76
2613
5404
7895
9411
9371
8218
6773
4989
2840
847
-307
-264
825
2457
4355
6542
8708
10203
10371
9308
7560
5246
2406
-702
-3426
-5267
-6108
-5964
-5077
-3487
-1427
679
2455
3493
3733
3380
2560
1281
-184
-1512
-2503
-2812
-2329
-1466
-375
1014
2524
3818
4598
4598
3994
3274
2271
765
-949
-2320
-2904
-3063
-3124
-2892
-2287
-1307
-347
64
161
305
408
230
-500
-1259
-1504
-1455
-1525
-1885
-1908
-1327
-655
-374
-580
-659
-296
-236
-835
-1667
-2154
-2053
-2016
-2345
-2514
-2006
-975
-237
-19
212
1077
1965
1947
1412
1014
1044
1124
770
175
17
465
819
629
287
457
892
782
-10
-646
-581
-241
-284
-599
-292
816
1902
2187
1842
1715
1732
738
-1483
-3994
-5713
-6499
-7345
-8367
-8669
-7635
-5681
-4082
-3162
-2367
-1310
-625
-1384
-3143
-4708
-5441
-5725
-6200
-6340
-5195
-2716
43
2186
3861
5461
6667
6617
4957
2549
207
-1945
-3950
-5570
-6084
-5202
-3328
-957
1541
4163
6602
8086
8250
7342
5957
4326
2558
965
19
79
1056
2642
4585
6641
8481
9584
9569
8340
6224
3635
788
-1942
-4316
-5781
-6106
-5443
-3902
-1922
209
2347
3973
4692
4667
3898
2816
1702
353
-833
-1499
-1399
-541
412
1328
2433
3381
3881
3747
2862
1717
711
-316
-1527
-2641
-3169
-2917
-2257
-1614
-963
-163
763
1290
1263
986
708
483
87
-357
-738
-801
-585
-444
-518
-689
-624
-606
-946
-1600
-2178
-2453
-2728
-3020
-3239
-3083
-2591
-2204
-1840
-1409
-792
-186
90
196
372
725
1089
1320
1315
1271
1420
1484
1260
941
699
417
125
-84
-337
-476
-534
-556
-475
-499
-611
-588
-274
134
430
631
968
1675
2318
2418
1992
1401
841
-350
-2550
-4972
-6716
-7542
-8105
-8860
-9084
-8108
-6108
-4291
-3405
-2745
-1841
-1179
-1723
-3550
-5287
-5784
-5582
-5578
-5542
-4360
-1554
1643
3682
4651
5662
6487
5990
3654
365
-2309
-3951
-5255
-6468
-6458
-4585
-1419
1879
4469
6827
9134
10520
10180
8390
6224
4414
2888
1484
653
963
2469
4478
6140
7419
8336
8530
7534
5240
2346
-391
-2676
-4583
-5785
-5649
-4241
-2132
149
2391
4495
5911
6263
5619
4330
2614
698
-937
-2058
-2407
-2023
-1078
199
1494
2591
3115
2923
2101
862
-676
-2309
-3671
-4371
-4210
-3513
-2289
-619
1177
2726
3750
4206
3934
3125
1870
294
-1165
-2253
-2707
-2713
-2407
-1664
-702
143
657
697
232
-603
-1745
-2996
-4116
-4753
-4911
-4713
-3949
-2715
-1267
1
947
1658
2063
1941
1270
469
-37
-345
-695
-928
-692
15
666
960
958
1003
980
451
-399
-1214
-1464
-1201
-1120
-1110
-632
326
1365
1877
1841
1974
2240
2117
1567
852
586
630
287
-388
-982
-1342
-2105
-3512
-5237
-6514
-6951
-7507
-8347
-8501
-7357
-5659
-4421
-3610
-2690
-1368
-501
-1011
-2288
-3187
-3284
-3306
-3817
-3866
-2588
-431
1486
2574
3326
4322
4849
3965
1856
-464
-2003
-3020
-3957
-4325
-3425
-1126
1720
4220
6316
8296
9816
10209
9358
7736
5918
4292
2903
1737
1243
1615
2693
3999
4985
5543
5552
4958
3751
1922
-106
-1984
-3328
-3786
-3463
-2547
-1169
671
2762
4344
5065
5105
4480
3523
2015
-71
-1790
-2577
-2507
-2241
-1820
-898
486
1829
2187
1666
917
246
-676
-2159
-3390
-3656
-2995
-1937
-970
142
1798
3492
4232
3839
2993
2227
1288
-347
-2258
-3302
-3375
-3107
-2835
-2651
-1913
-567
72
-312
-963
-1452
-1827
-2524
-3517
-3984
-3596
-2767
-1939
-1267
-343
922
1866
2031
1602
1027
586
96
-614
-1174
-1154
-791
-364
186
651
1029
1307
1269
938
372
-246
-671
-829
-799
-547
-83
598
1511
2283
2621
2531
2364
2179
1648
821
89
-249
-186
-141
-376
-563
-445
-519
-1507
-3179
-4775
-5771
-6504
-7429
-8056
-7625
-6022
-4237
-2965
-1957
-811
161
-21
-1401
-3129
-4290
-4758
-5325
-5874
-5382
-3503
-981
1102
2557
3727
4612
4674
3306
1028
-1087
-2618
-3758
-4633
-4621
-3197
-685
2049
4551
6826
8550
9489
9344
8095
6336
4531
2950
1641
880
1073
1973
3272
4593
5419
5686
5432
4507
2939
981
-1061
-2540
-3260
-3277
-2590
-1286
717
2775
4337
5113
5086
4577
3461
1680
-416
-2071
-2796
-2766
-2348
-1563
-259
1331
2564
2809
2117
1018
-219
-1795
-3625
-4998
-5163
-4259
-2872
-1162
754
2901
4628
5106
4522
3260
1624
-401
-2682
-4361
-5023
-4821
-4080
-3060
-1625
110
1426
1697
1132
141
-1082
-2619
-4368
-5584
-5760
-5043
-3907
-2556
-720
1511
3244
3944
3820
3227
2274
886
-720
-2014
-2558
-2341
-1759
-995
110
1501
2697
3116
3060
2634
1869
1028
-7
-735
-813
-361
449
1505
2685
3568
4053
4127
3615
2558
969
-749
-2015
-2704
-2986
-2895
-2057
-533
1170
2278
2394
2069
1474
-1
-2764
-6007
-8173
-8832
-8780
-8528
-7689
-5376
-2002
470
1258
1214
1183
765
-1244
-4764
-7663
-8401
-7965
-7566
-6794
-4359
-299
3434
5439
5920
6059
6050
4490
1096
-2573
-4879
-5640
-5749
-5372
-3811
-735
2935
5821
7511
8491
9040
8608
6821
4290
2127
865
314
301
861
2199
3889
5347
6194
6187
5490
4025
2012
-30
-1836
-3103
-3455
-2844
-1468
350
2103
3646
4822
5214
4545
3122
1549
-132
-1708
-2933
-3422
-2753
-1450
-208
792
1794
2513
2369
1274
-322
-1511
-2224
-3022
-3649
-3400
-1954
2
1267
1890
2507
3018
2819
1298
-700
-1881
-2381
-2862
-3476
-3439
-2086
-336
587
690
834
1130
727
-756
-2622
-3694
-3760
-3522
-3518
-3079
-1361
760
2142
2568
2655
2854
2532
1156
-605
-1801
-2127
-2174
-2473
-2391
-1513
-173
809
1087
1238
1580
1808
1500
989
906
1291
1742
1954
2022
2209
2560
2643
2265
1652
1035
526
-72
-653
-1033
-1110
-997
-789
-493
-471
-468
-390
-303
-28
65
52
399
1072
1580
1436
937
439
-481
-2119
-4358
-6312
-7200
-7479
-7593
-7309
-6091
-4106
-2213
-1084
-748
-588
-500
-1192
-2747
-4172
-4498
-3833
-3014
-1983
-304
1863
3800
4615
4305
3442
2307
526
-2106
-4618
-5996
-5958
-4976
-3454
-1052
2051
5105
7257
8286
8470
7777
6222
3986
1624
-77
-688
-474
421
1961
3825
5567
6504
6432
5426
3659
1396
-1037
-3069
-4277
-4389
-3466
-1565
922
3290
5295
6388
6511
5600
3610
1180
-1201
-3046
-4257
-4562
-3694
-1929
246
2225
3583
4136
3881
2749
909
-1278
-3243
-4457
-4949
-4571
-3312
-1454
651
2424
3462
3820
3604
2611
1049
-656
-2133
-3120
-3686
-3913
-3590
-2687
-1775
-1126
-670
-500
-546
-806
-1174
-1331
-1171
-661
-119
417
1255
1990
2251
2108
1529
745
-141
-1131
-2100
-2697
-2643
-2232
-1599
-944
-250
657
1517
2005
2043
1993
1997
1908
1650
1283
1349
1789
2024
1906
1479
1202
1122
791
109
-709
-1187
-1327
-1432
-1437
-1216
-650
226
871
837
638
695
692
426
-189
-695
-529
-44
249
264
147
79
-332
-1789
-4037
-6087
-7206
-7446
-7385
-7040
-5853
-3604
-1046
718
1526
1735
1557
637
-1407
-3752
-5277
-5464
-4902
-4246
-3093
-1186
1225
3034
3441
3009
2379
1459
-68
-2036
-3599
-3965
-3326
-2157
-766
974
3108
5090
6166
6134
5658
4952
4041
2833
1442
608
619
1267
2060
2759
3395
3899
4199
3808
2700
1519
587
-31
-544
-876
-525
408
1512
2357
2682
2749
2708
2286
1265
192
-576
-1022
-1078
-1154
-919
-75
777
1297
1384
1149
763
129
-814
-1679
-2056
-2161
-2050
-1607
-950
-1
897
1337
1497
1374
893
125
-827
-1606
-1932
-2128
-2428
-2492
-2143
-1645
-1299
-1148
-1057
-820
-539
-466
-375
-85
298
517
431
221
21
-191
-614
-1011
-1242
-1289
-1007
-768
-596
-292
80
387
415
317
281
174
134
215
417
732
1086
1566
1951
2157
2133
1844
1457
880
149
-430
-863
-1013
-766
-382
203
895
1489
1916
1932
1618
1285
870
200
-440
-857
-978
-857
-910
-1069
-1033
-941
-891
-894
-950
-753
-363
-108
-103
-271
-312
-704
-1705
-3041
-4221
-4627
-4634
-4594
-4278
-3407
-2078
-972
-674
-968
-1179
-1408
-2196
-3354
-4189
-4056
-3170
-2234
-1267
46
1706
3014
3497
3235
2570
1870
832
-609
-1898
-2494
-2295
-1687
-971
-74
1147
2393
3072
3125
3016
2921
2653
2231
1957
2074
2492
3066
3638
3989
4264
4267
3683
2743
1643
550
-364
-993
-1230
-1055
-493
324
1089
1748
2251
2356
2147
1588
712
-32
-655
-1087
-1022
-725
-276
413
1187
1758
1978
1863
1414
667
-387
-1453
-2221
-2648
-2667
-2282
-1586
-684
330
1255
1862
1969
1742
1275
453
-528
-1515
-2048
-2038
-1916
-1752
-1522
-978
-316
-1
76
-64
-97
-130
-551
-944
-1164
-1073
-819
-712
-652
-459
-51
215
67
-122
-4
159
63
-260
-472
-366
-72
201
254
331
620
847
895
764
723
871
956
772
430
296
342
368
296
194
352
662
795
876
916
1020
1120
1010
804
463
270
66
-99
-124
-292
-456
-700
-1071
-1482
-1668
-1650
-1514
-1194
-811
-233
398
747
842
425
-540
-1868
-3485
-4716
-5249
-5207
-4507
-3432
-2183
-959
-164
108
-315
-1183
-2137
-3187
-4064
-4386
-3941
-2728
-1124
469
1792
2729
3293
3183
2298
957
-203
-986
-1531
-1851
-1994
-1512
-484
507
1211
1519
1887
2386
2601
2511
2374
2721
3340
3672
3676
3509
3550
3589
3182
2383
1469
957
746
323
-107
-213
222
728
808
741
808
1194
1525
1416
1114
1052
1133
962
534
42
-198
-91
25
-52
-52
257
768
1009
758
365
-42
-546
-1110
-1771
-2190
-2033
-1440
-673
-132
416
1097
1505
1433
728
-85
-654
-1090
-1452
-1736
-1516
-831
-43
482
520
458
431
211
-454
-1271
-1522
-1413
-1314
-1241
-1124
-678
-95
127
14
-146
-186
52
237
235
358
717
1075
1113
790
377
129
-128
-326
-547
-533
-59
353
585
590
640
650
384
-52
-405
-297
-3
407
966
1483
1927
2080
1922
1526
857
125
-567
-1148
-1348
-1207
-849
-421
-43
207
81
-470
-1340
-2199
-2730
-2909
-2780
-2065
-704
745
2008
2891
3064
2482
1119
-983
-3332
-5262
-6168
-6001
-5074
-3653
-2028
-472
429
332
-558
-1840
-2965
-3925
-4506
-4305
-3215
-1411
469
2047
2971
3223
2934
2019
769
-402
-1006
-996
-839
-624
-342
-1
294
234
10
0
171
588
1372
2225
3066
4032
4618
4501
3793
2788
2019
1484
1068
986
1380
2188
2833
2941
2682
2095
1337
379
-656
-1315
-1368
-871
-85
871
1726
2162
2174
1625
493
-675
-1587
-2100
-1988
-1496
-551
703
1760
2451
2382
1741
814
-456
-1729
-2718
-3139
-2854
-1987
-791
152
861
1446
1515
1077
290
-461
-878
-954
-776
-421
169
889
1399
1386
888
272
-254
-896
-1571
-2009
-1900
-1350
-843
-493
-312
-178
-16
20
-210
-407
-381
-244
-27
47
144
310
185
-14
-373
-759
-773
-673
-420
-65
186
445
515
166
-228
-596
-945
-981
-742
-236
546
1367
1969
2286
2228
1777
1121
426
-292
-784
-782
-504
113
624
703
817
617
261
-296
-1156
-1540
-1826
-2025
-1921
-1545
-685
165
834
1306
1621
1955
1940
1523
876
-118
-1250
-2552
-4025
-4944
-4925
-4085
-3061
-2290
-1605
-965
-652
-1049
-1962
-2801
-3095
-2989
-2748
-2107
-952
533
1849
2348
2076
1422
672
-68
-792
-1172
-960
-358
146
236
218
281
368
355
66
-18
390
1094
1785
2293
2680
2919
2991
2717
2166
1706
1745
2206
2692
3004
3012
2956
2781
2099
1131
233
-409
-566
-564
-540
-151
463
1067
1173
659
56
-370
-728
-1093
-1139
-602
425
1307
1733
1954
1970
1774
1208
246
-691
-1360
-1694
-1675
-1563
-1280
-794
-387
-161
-211
-401
-444
-293
-113
-32
70
450
952
1277
1365
1268
1149
854
236
-474
-1065
-1392
-1464
-1423
-1427
-1413
-1213
-980
-895
-942
-966
-764
-426
-193
26
363
761
1008
902
576
164
-237
-580
-990
-1334
-1421
-1261
-1064
-1012
-909
-734
-562
-460
-401
-264
89
499
735
1069
1335
1464
1581
1472
1224
1069
930
659
402
298
314
264
100
-131
-418
-656
-915
-1158
-1118
-718
-115
479
930
1293
1482
1335
892
365
70
27
67
190
373
544
611
32
-1090
-2409
-3716
-4403
-4557
-4153
-3280
-2382
-1513
-909
-736
-963
-1427
-1863
-2097
-1972
-1525
-828
-29
572
788
537
-5
-658
-1125
-1244
-1105
-636
-9
518
708
509
45
-588
-1072
-1254
-926
-7
1199
2454
3457
4102
4314
3958
3119
2189
1391
917
1071
1539
2074
2640
2799
2443
1827
941
72
-573
-1063
-1061
-501
259
1001
1545
1754
1597
1014
297
-287
-591
-472
-94
472
1033
1446
1598
1232
516
-298
-914
-1266
-1553
-1520
-1080
-557
-78
263
359
384
350
202
110
243
550
864
1108
1091
928
762
489
150
-273
-632
-754
-862
-992
-1205
-1449
-1549
-1680
-1731
-1466
-1071
-647
-181
206
481
525
500
266
-159
-474
-769
-858
-799
-708
-589
-530
-454
-305
-343
-562
-647
-611
-620
-631
-558
-399
-93
264
551
774
1010
1278
1259
944
694
468
470
572
477
512
639
764
601
177
-146
-421
-527
-686
-945
-965
-688
-347
-106
88
296
587
839
794
439
141
-59
-277
-411
-500
-391
128
740
1009
885
458
-190
-1058
-2122
-3047
-3276
-2770
-2017
-1339
-908
-617
-421
-579
-1075
-1666
-1832
-1557
-1171
-878
-768
-393
-90
-298
-877
-1536
-1659
-1340
-1024
-714
-176
514
774
379
-364
-1067
-1459
-1371
-1071
-570
387
1436
2286
2595
2459
2333
2119
1663
1130
862
1077
1672
2169
2410
2384
2025
1483
775
59
-230
-86
255
772
1204
1568
1831
1748
1526
1177
794
621
626
736
812
874
881
609
137
-378
-799
-876
-721
-478
-104
191
338
429
399
336
375
437
534
572
649
896
996
916
696
379
86
-288
-625
-834
-911
-911
-1022
-1085
-1023
-966
-976
-1017
-919
-838
-876
-806
-723
-615
-512
-529
-506
-505
-661
-818
-882
-927
-928
-818
-547
-332
-236
-194
-302
-401
-475
-588
-630
-719
-621
-231
88
506
802
913
980
867
868
863
780
834
871
858
848
738
510
262
1
-326
-531
-598
-649
-580
-518
-491
-369
-249
-188
-180
-197
-231
-228
-100
75
316
702
958
988
853
495
143
-326
-730
-876
-905
-631
-182
348
753
940
794
125
-777
-1693
-2145
-1933
-1461
-768
115
921
1355
1120
336
-669
-1495
-2180
-2823
-3030
-2701
-2029
-1346
-1077
-1054
-938
-1035
-1279
-1381
-1294
-789
-64
459
636
466
194
26
-218
-437
-300
207
868
1283
1510
1638
1578
1427
931
349
204
438
1002
1700
2234
2602
2780
2615
2071
1393
1003
919
1071
1297
1473
1680
1784
1611
1169
595
14
-349
-556
-714
-617
-314
2
202
159
-34
-191
-257
-93
183
398
596
815
919
743
479
250
202
299
310
362
390
390
391
44
-461
-827
-1008
-1044
-1153
-1146
-864
-492
-261
-341
-579
-688
-758
-928
-1033
-847
-396
-51
152
143
-77
-256
-491
-845
-1207
-1347
-1190
-869
-637
-541
-501
-506
-593
-776
-881
-886
-681
-311
32
362
745
1090
1225
1181
980
829
743
632
668
781
890
990
920
683
278
-208
-480
-705
-891
-849
-670
-481
-291
-46
3
0
183
296
386
508
518
613
778
697
473
226
8
-32
-98
-216
-114
170
261
70
-287
-652
-703
-657
-647
-516
-141
292
346
39
-441
-635
-417
-282
-330
-346
-180
111
40
-485
-920
-1091
-1221
-1660
-2208
-2369
-2186
-1988
-2081
-2305
-2247
-1864
-1493
-1355
-1160
-625
51
395
194
-136
-181
-11
166
237
484
936
1260
1240
829
531
562
690
718
586
660
1068
1451
1561
1586
1646
1844
1976
1763
1645
1635
1792
1985
1801
1520
1272
1055
807
495
209
152
237
113
1
-25
-116
-64
127
218
231
303
389
406
412
454
568
765
888
924
921
833
743
639
404
159
-65
-150
-111
-111
-116
-138
-88
-123
-296
-444
-575
-676
-761
-814
-847
-729
-523
-426
-419
-472
-418
-411
-535
-755
-1020
-1161
-1211
-1284
-1415
-1505
-1494
-1345
-1284
-1260
-1154
-1040
-852
-687
-584
-506
-268
98
284
340
362
417
562
681
701
728
888
978
960
816
647
593
390
90
-151
-422
-483
-398
-446
-278
40
249
402
439
351
205
209
307
235
120
228
406
503
609
614
551
417
209
-28
-296
-363
-231
-181
-220
-149
5
188
289
284
216
134
156
168
271
353
506
793
796
594
289
29
-186
-331
-483
-748
-835
-894
-982
-1119
-1370
-1539
-1617
-1728
-1746
-1675
-1587
-1379
-1193
-1107
-1152
-1178
-1141
-1118
-980
-805
-524
-253
-38
13
-128
-144
-125
-141
-318
-408
-203
111
369
436
626
856
939
1001
900
802
897
1029
1142
1084
1093
1299
1378
1395
1420
1500
1676
1776
1678
1450
1278
1201
1096
979
753
641
731
695
626
528
462
482
218
-114
-144
22
332
603
854
1004
1008
971
631
219
13
31
158
149
179
309
377
257
-116
-606
-1006
-1205
-1192
-1148
-1048
-674
-426
-414
-542
-859
-1129
-1292
-1283
-1171
-1008
-671
-334
-257
-327
-446
-641
-839
-1039
-1132
-961
-709
-473
-266
-165
-209
-376
-521
-662
-724
-602
-300
132
465
651
589
499
577
538
420
363
407
572
715
719
647
578
483
210
-163
-368
-389
-302
-200
-180
-139
-66
-31
-77
-144
-138
21
295
323
340
444
470
606
528
298
181
194
215
90
50
162
438
510
287
61
-54
15
-114
-351
-333
-127
150
284
211
138
285
420
263
-35
-209
-261
-387
-492
-584
-559
-407
-350
-484
-753
-924
-981
-968
-1058
-1174
-1212
-1232
-1185
-1178
-1154
-1057
-915
-875
-929
-865
-746
-538
-314
-147
-77
-52
120
102
-69
-144
-263
-207
-135
-267
-219
-91
44
318
416
460
673
852
886
830
845
956
1099
1181
1257
1380
1437
1481
1567
1574
1443
1360
1335
1136
1008
1057
980
967
838
608
501
458
625
755
762
806
883
860
679
563
432
318
335
213
139
182
170
115
-90
-355
-603
-827
-983
-1080
-1105
-1042
-852
-777
-763
-642
-599
-561
-508
-461
-510
-618
-652
-748
-783
-727
-659
-571
-530
-502
-524
-582
-626
-640
-682
-703
-641
-550
-392
-217
-30
178
284
246
163
125
149
257
328
309
278
196
93
30
42
-8
-76
12
40
-6
-7
27
111
102
34
31
-19
-72
-20
36
45
82
88
60
170
142
134
319
298
217
202
169
219
205
176
175
107
45
-47
-141
-216
-186
-124
-152
-101
-4
73
151
185
190
199
194
177
90
-142
-248
-315
-348
-283
-446
-511
-411
-386
-443
-578
-643
-715
-880
-1022
-1040
-953
-858
-660
-515
-526
-521
-487
-466
-565
-524
-406
-349
-187
-111
-50
31
24
-47
-140
-185
-118
126
283
369
513
586
632
546
430
383
309
487
684
756
952
1071
1155
1163
1121
1172
1131
1106
1096
1048
1063
1023
1039
1095
969
861
818
755
695
620
612
627
589
446
376
445
449
493
463
382
361
303
169
80
14
-108
-57
-104
-256
-322
-443
-482
-515
-700
-837
-910
-955
-887
-825
-818
-763
-793
-815
-752
-894
-906
-793
-839
-879
-871
-813
-768
-635
-559
-626
-592
-589
-619
-640
-691
-648
-488
-326
-181
-158
-275
-160
-51
-96
-9
105
275
315
312
418
468
489
437
384
331
342
377
282
219
328
328
302
394
325
411
518
471
529
583
635
588
548
502
381
408
427
354
246
138
203
318
251
164
157
75
28
66
-17
-79
-1
24
-10
17
21
0
15
-12
-80
-210
-304
-412
-530
-583
-601
-544
-594
-640
-645
-624
-672
-799
-815
-858
-885
-908
-873
-925
-959
-862
-840
-840
-890
-772
-655
-631
-555
-566
-508
-480
-467
-372
-314
-222
-118
52
240
299
378
508
609
591
472
383
406
495
585
590
677
1046
1208
1202
1232
1161
1155
1143
929
703
711
750
812
961
1053
1163
1194
1099
955
772
718
700
669
568
456
527
483
354
293
194
110
114
66
-45
-4
126
116
37
-55
-128
-163
-235
-300
-407
-348
-262
-357
-436
-546
-642
-701
-809
-904
-905
-866
-781
-753
-649
-623
-716
-624
-761
-830
-803
-796
-605
-519
-500
-455
-414
-360
-390
-436
-343
-325
-273
-203
-218
-93
-52
-125
-128
-87
-41
54
224
347
386
415
440
420
440
441
382
352
441
606
638
611
546
387
264
128
69
117
189
255
227
234
292
304
296
173
63
144
150
156
152
116
105
17
47
-10
-172
-172
-175
-217
-202
-358
-411
-286
-422
-500
-460
-383
-275
-304
-279
-299
-316
-262
-382
-435
-443
-523
-469
-525
-585
-510
-513
-486
-529
-549
-516
-507
-485
-482
-448
-434
-331
-257
-297
-289
-212
-166
-215
-209
-97
44
130
183
329
412
474
570
545
491
492
528
451
421
516
498
561
672
693
737
688
648
756
784
730
727
717
716
704
639
510
531
628
562
529
525
580
537
376
351
260
172
79
-11
9
-25
-84
-43
-56
-168
-215
-221
-291
-372
-368
-356
-382
-275
-157
-133
1
-18
-97
-149
-291
-324
-377
-467
-483
-488
-382
-317
-417
-387
-333
-349
-344
-386
-372
-287
-166
-91
-72
-63
-40
32
69
92
82
126
175
161
119
72
105
180
172
75
24
56
128
188
246
302
326
294
209
167
110
51
110
98
84
116
114
140
155
156
138
105
48
3
-61
-124
-192
-282
-327
-370
-428
-441
-427
-451
-450
-488
-439
-361
-460
-479
-450
-466
-467
-511
-546
-543
-526
-473
-448
-458
-459
-464
-430
-372
-450
-514
-476
-513
-521
-485
-424
-411
-411
-283
-169
-113
-84
-54
-79
-60
11
72
208
208
274
432
465
534
485
480
589
565
587
641
732
795
714
769
776
710
791
800
784
842
812
809
859
762
723
761
692
722
772
710
633
481
434
373
244
243
208
194
99
-88
-114
-128
-176
-220
-328
-354
-315
-349
-382
-343
-300
-306
-427
-523
-503
-539
-549
-475
-442
-420
-337
-327
-392
-434
-410
-307
-306
-339
-318
-281
-165
-87
-107
-108
-106
-83
19
7
-33
49
95
179
241
166
132
151
156
136
103
75
95
98
70
108
107
145
146
54
85
95
103
113
38
-11
-26
-60
-108
-48
-29
-60
13
-60
-167
-169
-166
-129
-173
-129
-96
-137
-97
-128
-143
-196
-236
-281
-331
-253
-252
-242
-155
-156
-184
-211
-238
-245
-329
-335
-318
-318
-231
-275
-288
-274
-312
-282
-316
-297
-289
-315
-291
-302
-267
-270
-256
-167
-123
-72
-27
-11
3
71
104
-12
-18
8
-49
8
29
53
176
219
259
241
194
263
317
347
364
345
355
354
389
553
597
598
627
576
555
545
427
313
272
244
350
397
362
382
340
250
222
184
81
171
277
245
248
220
151
157
115
6
-8
9
98
68
-13
-23
-136
-191
-254
-297
-334
-388
-311
-204
-107
-177
-196
-191
-305
-318
-363
-308
-169
-106
-61
44
140
86
6
-101
-195
-140
-95
-108
-8
56
42
71
70
88
141
110
111
210
185
99
97
132
118
103
65
54
104
95
142
149
54
3
0
-67
-38
-11
-60
-40
-82
-131
-150
-169
-297
-373
-287
-275
-271
-255
-230
-204
-331
-387
-346
-394
-318
-247
-248
-232
-257
-307
-353
-365
-426
-424
-417
-332
-303
-414
-379
-369
-357
-294
-282
-237
-166
-221
-296
-257
-238
-224
-220
-211
-122
-41
-82
-156
-62
17
39
71
86
142
122
58
109
192
198
175
197
238
259
280
382
454
413
500
510
430
442
403
395
432
445
527
570
517
489
404
329
362
394
342
311
359
378
320
288
204
150
198
175
201
207
150
203
230
164
110
70
28
49
116
83
33
12
-52
-62
-51
-10
-26
-58
-31
-94
-65
-15
-80
-55
-54
-54
0
-62
-69
-67
-98
-30
-10
-7
-64
-104
-74
-140
-244
-269
-235
-188
-196
-268
-269
-222
-141
-142
-225
-248
-269
-258
-205
-199
-183
-145
-133
-107
-157
-173
-191
-207
-157
-204
-177
-179
-207
-159
-111
-139
-162
-58
-46
-77
-113
-157
-132
-131
-142
-20
16
-67
-54
-59
-84
-124
-201
-203
-148
-149
-156
-175
-178
-137
-103
-81
-164
-273
-291
-234
-238
-245
-141
-147
-243
-260
-253
-304
-377
-317
-215
-134
-60
-131
-125
-72
-117
-88
-90
-51
31
33
90
59
-47
54
157
154
195
216
295
307
259
309
340
306
234
272
328
368
397
418
508
505
450
514
543
390
397
512
476
446
391
428
495
474
450
343
381
420
274
221
258
257
218
210
198
241
289
294
266
254
246
145
98
60
45
74
-41
-123
-26
7
-93
-114
-73
-104
-110
-115
-146
-152
-221
-280
-213
-227
-294
-286
-309
-237
-218
-250
-171
-243
-281
-289
-390
-393
-380
-321
-264
-262
-240
-289
-384
-416
-407
-346
-300
-264
-186
-175
-193
-203
-206
-177
-174
-170
-118
-95
-118
-77
-52
-118
-140
-113
-126
-147
-73
16
3
-6
18
-64
-94
-13
16
37
42
105
110
9
94
112
50
57
22
107
117
35
47
30
40
31
32
128
64
7
43
17
92
126
93
78
71
86
48
83
89
83
129
46
64
50
34
110
27
29
112
138
112
60
70
86
114
89
28
55
58
104
96
82
221
150
123
213
121
133
163
114
206
237
206
254
274
240
184
175
212
228
199
143
169
243
202
143
134
170
200
181
176
177
162
163
163
151
146
165
145
105
171
103
12
60
9
-2
-41
-33
13
-49
-44
-22
-70
-63
-60
-143
-166
-144
-37
0
-68
-139
-183
-176
-259
-229
-208
-265
-302
-321
-264
-272
-226
-235
-305
-331
-362
-314
-346
-368
-381
-347
-225
-235
-212
-179
-258
-293
-286
-247
-191
-228
-226
-188
-150
-130
-117
-36
-111
-118
-36
-59
17
56
8
9
56
76
71
72
104
91
79
145
160
131
176
269
163
88
115
98
70
71
153
115
88
191
168
111
179
164
97
33
-7
73
86
93
185
197
139
144
173
104
63
77
124
171
149
148
122
74
101
148
108
96
197
170
138
213
179
139
160
199
210
208
166
143
205
217
136
-6
10
101
45
26
114
114
46
7
9
-1
-103
-88
-10
16
38
6
-9
-32
-61
-49
-77
-114
-120
-114
-79
-63
-95
-178
-212
-203
-211
-101
-81
-135
-76
-117
-186
-104
-124
-185
-213
-217
-110
-94
-65
-50
-67
-89
-146
-151
-241
-229
-128
-136
-113
-113
-118
-150
-197
-167
-169
-170
-118
-78
-151
-206
-144
-129
-112
-82
-52
-39
-76
-137
-142
-78
-75
-120
-88
-10
-50
-20
39
11
7
-23
-54
-25
27
4
27
70
32
43
5
29
91
43
114
177
193
135
121
234
213
152
142
131
130
163
182
240
224
185
188
148
124
36
51
114
115
150
124
126
79
63
159
104
97
113
63
79
33
50
83
23
18
-2
-38
-40
-59
-78
-104
-154
-126
-79
-123
-66
-29
-60
-47
-79
-38
-49
-79
-70
-110
-71
-85
-112
-104
-116
-75
-85
-113
-78
-33
-49
-103
-62
-19
-63
-87
-77
-107
-166
-117
-17
-7
-32
-53
-90
-89
-144
-151
-39
-95
-56
-43
-114
-32
40
6
-104
-119
-89
-36
-32
-33
-11
-17
17
-46
-45
-9
-2
58
23
12
-8
-9
12
0
-6
-34
14
6
30
83
29
35
32
42
30
0
24
-17
-58
-23
25
-19
-52
-19
-4
-27
-40
-66
-121
-50
-1
33
46
-11
-31
-61
-18
4
12
45
51
37
37
64
29
53
31
31
80
84
156
93
66
164
70
55
150
128
169
224
219
190
148
177
163
107
79
46
143
180
106
138
141
146
193
140
90
63
53
95
70
18
46
61
48
62
11
-43
-43
-56
-44
-54
-79
-46
-89
-87
-52
-92
-107
-140
-138
-149
-117
-66
-104
-75
-156
-212
-139
-190
-172
-128
-140
-109
-124
-166
-137
-117
-173
-186
-190
-205
-143
-71
-94
-124
-71
-34
-63
-128
-182
-127
-37
-94
-99
-8
13
-47
-41
18
-31
-44
-26
1
56
56
22
6
17
40
54
75
27
-28
50
95
107
100
45
25
18
34
93
91
112
167
133
196
196
150
117
77
160
125
97
114
66
102
150
64
-2
74
80
61
85
72
124
163
146
145
150
119
137
153
45
12
57
112
154
66
6
14
-20
-25
-8
15
12
43
84
40
18
17
57
90
42
72
56
-21
17
19
35
35
25
86
63
39
-10
-47
5
17
-26
-49
29
58
5
-15
-29
-66
-96
-54
-10
-77
-92
-57
-32
-15
-79
-41
1
-45
-70
-82
-105
-107
-159
-202
-75
7
10
-43
-123
-134
-122
-150
-122
-73
-96
-91
-77
-7
-5
-46
-1
-37
-89
-59
-36
-13
-2
-52
-79
-30
81
39
-18
18
-49
-25
17
17
17
-17
-51
-67
-30
-8
17
-5
-57
-34
-13
6
44
40
47
73
40
-11
72
144
76
22
-19
-17
0
-10
31
49
41
64
68
122
68
36
75
36
102
111
75
173
198
180
131
80
97
40
28
47
72
115
75
112
166
94
114
155
95
32
2
-1
6
59
57
37
65
54
42
-23
-80
-49
-43
-42
-48
-4
22
36
61
9
11
-32
-91
-85
-123
-178
-142
-46
-64
-57
-25
-85
-125
-127
-99
-105
-152
-76
11
-49
-79
-58
-44
-85
-93
-40
-100
-67
-25
-25
-17
-73
-62
-42
-73
-51
43
33
-62
-30
-37
-66
20
-9
-58
-22
13
40
40
48
45
19
44
41
54
68
40
21
29
66
19
28
0
-7
86
28
8
36
28
64
58
41
19
32
74
19
-29
-7
47
80
91
78
51
63
45
-37
-24
25
-5
13
44
68
108
142
92
-27
-33
2
29
6
-91
-77
-36
16
90
62
61
51
-45
-14
-7
-27
0
-16
51
14
-9
65
26
-56
-78
-14
-63
-85
-76
-125
-35
-21
-6
71
-46
-124
-29
40
64
32
-14
-38
-78
-68
-6
6
-32
-16
21
13
-23
-54
-72
-81
-66
-15
-11
-35
35
10
-48
-22
-45
-51
-88
-93
-25
-98
-101
-58
-122
-28
-24
-130
-87
-8
39
-5
-63
-109
-147
-91
-129
-122
-61
-27
-2
-74
-58
-92
-112
-56
12
16
-53
-7
-15
4
-1
-50
15
39
86
147
117
2
-36
12
30
46
-7
39
128
73
46
87
108
136
141
62
8
-14
7
95
40
82
132
57
153
109
60
119
30
23
15
-33
10
5
9
52
30
18
39
13
-40
-60
-27
-31
2
58
8
0
72
91
-7
-20
28
-23
-45
-46
-80
-111
-102
-9
45
-15
61
71
-46
-45
-91
-74
1
0
35
48
-19
-15
1
67
90
-41
-27
13
-9
-29
-63
9
10
-36
21
81
79
-5
13
69
53
-7
-30
40
-36
5
101
-10
-24
8
43
96
37
13
26
26
6
-52
4
31
-26
-12
38
50
10
2
-26
-31
24
-42
-60
-42
-50
91
80
22
25
-51
-4
34
-2
-20
-21
8
-5
-18
11
2
50
34
-18
34
6
-23
-27
-60
0
16
8
17
46
42
17
60
-20
20
42
-21
34
-46
-42
42
57
103
103
-15
-74
-7
-36
-36
39
-1
-36
1
-10
-24
-12
2
-2
18
108
52
-34
-15
5
-2
-26
-75
-36
22
-61
6
3
-45
-3
-33
-21
-67
-102
-33
16
-14
-20
-22
-60
-70
-17
11
-51
-25
-4
-58
-50
-14
-103
-125
-70
-49
37
-5
-44
-27
-64
-47
-8
-61
-58
19
-20
-107
-152
-58
34
34
-7
-50
-45
-68
-44
-17
-17
-50
-59
57
75
34
48
3
-42
-40
-15
22
46
-6
-30
37
43
69
92
54
16
13
66
34
24
99
113
19
34
123
82
106
75
-20
14
86
120
107
62
21
38
22
25
109
52
21
40
0
23
13
-26
31
10
-48
41
-13
-56
57
43
5
-15
42
17
-59
14
-48
-84
-37
-27
5
-61
-89
-32
-15
66
54
-66
5
33
-15
-41
-34
34
-24
-16
24
27
4
-24
50
9
-28
-14
-62
-39
-37
63
90
38
115
49
7
-38
-63
-11
-56
-29
15
7
-8
-33
-15
-9
55
63
-32
-47
-44
-35
8
22
-18
-42
-1
2
1
-5
-34
-49
-91
-40
-31
-83
-67
-9
-2
-33
32
60
24
0
-18
-73
-97
-102
-111
-74
-113
-9
91
-8
30
26
-74
-54
-67
-43
18
-64
-48
46
36
67
89
-21
-49
-32
-35
-38
-144
-49
22
11
81
60
62
39
14
39
37
23
-57
-44
42
48
60
14
1
-10
-5
36
-30
-27
-10
38
59
-4
24
-25
-26
91
67
14
1
-40
-41
-35
-61
-23
6
0
32
71
42
7
19
-15
25
104
58
-7
-24
-32
16
74
3
-2
109
77
-5
-113
-82
22
15
106
45
42
126
87
92
-20
-59
-20
-6
23
1
19
82
55
-22
33
4
-34
-40
-82
0
42
-16
61
112
-36
-13
4
-89
-20
-9
-77
-84
-30
49
102
43
-66
-21
44
4
-13
-27
-39
-24
-44
-102
-86
8
72
-11
-62
28
-14
-88
-145
-109
27
33
-24
15
53
-1
-21
-21
-18
-48
-61
-61
-128
-134
-110
-69
-16
28
69
22
-32
-7
-44
-90
-66
-87
-43
24
-7
-6
70
91
-9
-77
-121
-177
-96
-54
-8
80
58
94
122
69
12
-9
33
-38
-83
-12
-35
-2
72
77
21
-9
75
60
32
-2
12
70
11
47
94
105
69
52
81
33
44
27
-23
-36
-97
3
50
13
59
42
93
135
114
122
30
-37
10
27
-27
-47
0
11
44
-1
1
56
6
-37
-111
-27
27
21
89
28
5
0
59
76
-60
-46
1
-26
-75
-76
14
14
-23
-56
-20
75
46
-25
-52
-40
-46
-6
-23
-64
-60
-102
-75
34
-40
-102
43
13
0
4
-88
-21
-6
-22
-18
-1
19
-22
18
-28
-32
-12
-59
-34
-83
-57
-53
-91
-11
48
103
101
47
-28
-40
-36
-75
-42
24
95
50
15
34
-11
-24
30
82
-17
-59
12
56
16
-39
16
-6
-55
-25
46
38
-18
-21
-71
-36
-3
-22
45
93
78
20
14
25
8
38
69
9
-12
10
-39
-67
-49
7
29
-9
44
6
-117
-45
-19
-38
15
-19
47
72
11
84
40
-37
15
29
-8
-21
-22
-19
-7
5
8
-15
-37
3
6
1
-26
-129
-83
41
92
50
-25
7
0
-44
7
-4
-71
-21
21
-10
20
61
76
54
27
28
-19
-66
-11
60
5
-20
-9
10
11
-13
4
-35
-34
-29
-57
-19
10
-22
35
120
118
39
16
44
-6
62
28
-27
10
-45
-43
-17
14
15
16
-31
-45
17
-34
-64
-106
-38
54
4
-12
-38
-32
46
36
-21
-81
-81
2
-19
4
21
22
38
-20
32
32
-54
-67
-104
-96
-43
-37
-9
-8
0
39
-30
-59
22
21
-22
-7
9
64
102
50
-2
-1
13
42
65
15
36
-17
-38
-16
-69
-9
23
56
16
-2
29
-10
-5
-46
-15
-10
-92
-88
-38
-33
-36
52
79
62
74
13
-29
-16
4
-9
-50
-10
5
-48
-38
-12
-13
-31
-86
-92
-30
-37
-40
14
21
36
146
107
-3
67
22
7
108
76
67
-19
-46
42
4
0
58
54
5
44
31
26
53
5
15
25
65
35
15
59
37
30
2
-31
2
-18
-20
38
32
59
79
48
-40
-20
21
-79
-62
-61
-87
-10
-1
15
18
-61
-6
-28
-158
-94
9
-17
-9
40
-31
-46
-3
-12
10
-15
-47
-33
-78
6
16
-24
60
-13
-21
-48
3
58
-19
109
12
-99
-23
-141
-130
38
91
65
4
5
15
3
6
-5
13
13
9
9
-25
9
47
85
-2
-88
-35
-79
-65
-55
-30
34
-2
2
27
-15
3
43
-3
-51
-56
-33
8
17
18
31
20
5
46
18
-87
-27
30
17
33
-5
4
73
15
-19
58
35
26
-14
-121
-29
32
-13
-35
24
87
33
25
69
95
41
-14
-43
-43
52
25
-11
57
72
72
21
-56
-4
-11
-113
-69
-5
-32
3
29
2
53
19
35
46
-10
104
56
-43
-10
-12
18
58
-5
-30
5
7
51
5
-46
-50
-59
7
-43
-59
24
35
41
50
42
0
5
54
47
-10
-8
22
3
-23
49
39
-58
-1
-42
-17
99
-31
-62
0
-37
-26
19
13
-2
-7
-53
12
66
0
10
21
37
44
-8
-23
-80
-38
23
34
38
0
63
-25
-107
-62
-77
14
21
-44
19
37
0
-26
-42
-45
4
13
13
35
-52
-11
31
27
129
81
-48
-50
-41
-4
-19
-56
-10
-26
36
16
-78
-59
-53
-42
32
39
54
71
-23
-43
-28
25
61
45
30
53
84
49
-25
-72
-54
-53
-45
8
-7
-98
-34
66
44
48
25
-30
-62
-80
-34
2
47
29
-61
6
77
12
-15
22
26
14
5
-102
-115
-17
-11
-23
-16
25
-10
-44
6
-13
-52
-64
-15
-36
-68
18
60
86
81
40
10
10
-5
-6
30
19
-25
-16
12
5
29
47
54
53
59
10
-49
11
1
-23
41
31
38
65
-11
9
46
37
50
5
27
5
-47
23
58
64
62
7
-3
-23
-15
33
-17
-61
-94
-59
-34
-6
59
28
9
-42
-33
3
-20
11
-7
-42
-15
-23
21
17
-45
49
72
-26
-67
-79
-52
7
14
21
22
-10
-4
27
35
-49
-73
7
-14
-32
0
22
26
28
57
-21
-97
12
100
67
-3
-42
-62
-56
10
-22
5
73
-6
-6
13
-41
5
-4
-89
-7
2
-23
-12
-44
-47
-100
-28
72
2
-41
-24
-49
20
65
-18
10
30
-25
-46
-50
-21
28
79
48
-22
-62
-72
-41
-10
23
38
59
48
-7
-35
-4
31
13
84
52
-41
0
-2
-3
-3
40
78
-5
12
96
55
54
76
3
-19
-57
-55
-87
-69
54
-28
65
133
-47
-37
-55
-67
66
53
10
21
-5
40
17
-28
4
-62
-55
20
17
5
-43
-33
3
39
19
-58
16
71
-5
-33
-56
-73
-6
-5
-13
18
-7
-16
-20
36
84
15
26
32
-4
57
-9
-45
-17
-91
5
74
-21
-43
-50
-11
28
-37
2
6
-55
8
46
52
22
-17
17
-22
-96
-55
-54
-22
29
-9
20
42
13
34
34
13
24
-44
-103
-63
3
-20
-32
-22
-74
-87
-15
105
50
-1
-23
-30
103
91
20
16
-10
-25
-47
-47
36
56
1
-37
-81
-49
-21
-7
-6
27
70
48
62
13
18
29
-39
-24
70
-34
-181
-49
34
38
48
3
3
60
64
-4
-59
-39
16
-13
-47
-13
15
28
-3
-12
6
-29
-47
-5
16
22
30
13
89
76
2
22
-68
-17
43
18
0
-62
15
13
-23
0
39
55
33
78
61
13
-32
-80
20
32
-46
1
3
7
27
-47
-32
62
47
2
-6
-49
-16
32
23
48
-26
-16
10
-70
-26
-73
-135
-41
17
9
7
-10
12
33
14
47
32
-48
-97
-52
1
2
19
5
-5
52
-1
-20
12
-59
-30
0
26
91
40
-4
37
3
-72
-82
5
29
4
68
-22
-16
57
16
0
11
70
109
78
5
35
19
-56
-68
-30
-37
-48
-9
-54
-19
18
18
87
31
-60
-34
19
19
33
38
57
69
-28
-71
-28
5
-33
-52
-23
5
4
29
66
-20
-33
15
0
-3
2
-16
-40
19
5
-22
4
-58
-14
67
29
2
15
-3
56
100
36
-15
-57
-14
-2
-76
-40
-34
-34
4
-47
-28
36
19
-4
12
-9
-33
50
55
-14
30
44
-36
-104
-85
-5
25
-20
-59
-39
9
12
11
73
25
-32
20
3
11
14
-17
-14
-28
-27
-51
-21
27
-48
11
78
-42
-1
22
-2
77
52
28
-4
-24
13
-27
-15
28
12
23
18
-73
-61
-31
-9
73
17
-7
13
27
0
-96
0
74
-38
-49
25
28
16
26
30
25
-5
-21
35
10
-26
-18
-63
27
39
-2
7
-86
-51
19
18
28
48
30
-32
-33
26
29
-5
29
81
83
0
-61
-11
49
28
-39
-30
26
4
-62
-36
3
40
33
-43
-49
14
15
-33
30
34
-63
-36
38
88
37
-46
20
80
-3
-79
-27
-52
-7
54
-80
-47
-50
-37
91
-4
-18
-29
-90
4
60
59
-11
-40
46
23
-2
20
-1
-11
-3
62
16
-80
-52
-18
0
-3
-24
-8
-16
-6
46
0
-56
-13
46
86
-1
-68
-32
-5
30
-28
23
123
1
-72
-78
-54
45
35
-70
-30
61
8
1
-9
-19
2
-37
-40
-12
42
8
-34
-20
28
74
20
1
-32
-32
-23
10
80
58
31
-30
-24
-14
-78
-23
10
47
70
0
43
-30
-67
-1
-6
10
5
59
46
23
-37
-42
11
-23
16
-7
-11
36
64
65
-36
-73
6
29
1
14
-5
-59
-42
0
-3
-18
-41
-27
20
27
13
52
24
-6
2
-48
5
34
65
59
-32
-28
-27
3
-12
-51
24
11
-41
-12
-3
33
4
-26
-10
-23
-8
20
49
12
-12
25
23
-36
-43
54
32
-21
17
-15
-23
14
29
-28
-102
-47
-3
6
-9
-51
-2
89
39
-104
-39
27
20
30
0
42
0
-42
-31
-44
2
15
12
34
9
8
40
-26
-70
-25
21
31
8
-22
-26
9
-29
-17
37
9
-6
-3
57
41
-12
23
-7
36
47
0
62
21
-30
8
-80
-95
-18
4
22
-10
57
46
-6
-9
-12
20
-37
14
32
-41
29
61
-9
-91
-35
28
15
29
-28
-14
57
-2
-55
-27
49
52
-49
-29
-12
23
8
-57
-29
-29
16
-41
0
89
-9
45
43
-6
63
14
-54
-56
-29
36
49
-13
-41
11
20
-16
3
35
6
-21
-25
8
37
-6
35
-18
-30
77
15
-15
-52
-25
-4
-33
16
-1
44
89
24
-46
-41
37
28
-34
-81
-17
48
-47
-19
62
-17
-24
11
-10
-22
-8
64
-5
-45
12
1
23
-5
42
23
-76
31
42
-15
-28
-28
54
-63
-80
60
8
27
53
38
-23
-117
-35
32
25
57
21
-29
2
48
73
16
-61
-40
-22
-27
26
22
-30
-24
7
-2
3
8
0
27
0
15
-26
-64
9
15
55
42
-26
-70
-72
35
54
11
-26
10
17
-22
6
-21
27
26
-16
-15
-24
2
-8
-44
-48
6
45
11
-16
11
24
60
45
-25
-24
37
21
-20
15
-8
-9
-6
-12
17
-40
-49
5
8
-3
-7
16
30
13
36
10
-46
-13
2
1
13
15
30
-6
-10
-1
7
4
-54
-22
13
49
4
-40
-39
-71
-10
37
-7
-16
32
-7
-43
-17
4
38
22
11
70
34
-43
-6
27
-12
-13
-43
-81
16
67
38
-40
-40
17
-9
16
-13
-16
28
-15
-16
21
49
3
31
41
-43
-33
-26
7
81
31
-54
-22
15
-9
-4
39
-7
-61
-40
1
80
-11
-106
-44
27
29
6
36
27
-15
2
35
-13
-2
-59
-62
45
12
28
-8
-21
46
-30
-30
18
-15
-21
19
51
50
29
-66
-47
-11
-21
36
-34
-23
-19
-13
113
13
-4
9
-49
40
48
-4
14
56
-14
-34
46
-33
-51
-3
-30
-18
-44
-27
35
-9
0
28
-13
73
9
-88
27
20
44
24
-53
2
-62
-39
41
33
30
-26
-18
5
45
35
-50
-67
-57
16
40
15
-15
1
-3
-26
51
6
-77
-38
21
61
57
60
57
-10
-8
9
-19
-73
-69
-5
45
44
-32
-43
-49
-8
43
38
6
4
75
14
-52
-27
-1
-23
-6
35
0
-21
-25
-23
23
45
-24
-36
-14
-29
34
53
19
26
25
3
-20
-73
-78
-82
-65
68
97
39
-15
-45
-2
14
37
68
17
21
66
-27
-83
-30
-36
-55
-14
69
66
-49
-87
7
29
3
30
15
33
62
12
-12
-49
-19
67
18
-64
-70
-41
-13
0
18
20
-13
22
37
0
53
23
8
29
-14
-7
-73
-38
0
-71
0
0
-49
-15
27
66
35
-2
14
7
13
26
-19
24
33
-7
13
-16
-15
-44
-94
-25
-8
13
65
22
4
-34
-21
75
53
-6
9
22
23
-9
-71
-126
-57
80
53
-28
0
46
9
20
-26
-33
56
20
7
6
19
17
-54
-24
-45
-90
-3
25
-17
2
6
-29
-11
75
62
10
54
22
41
20
-16
20
-64
-58
-63
-79
30
-2
-24
18
39
36
-53
-6
40
50
42
-8
62
18
-27
6
-16
-52
-58
8
-11
-34
0
11
-28
5
94
-12
-15
88
3
-16
23
0
13
-29
-55
-38
-99
-95
38
42
59
68
-18
14
11
59
-6
-34
109
13
-51
-39
-31
7
-44
-19
15
-30
-31
-38
17
2
-12
57
60
92
68
-22
-51
-51
-8
41
0
-17
-23
-21
-30
-64
-25
3
34
59
54
36
26
29
-7
-63
-48
-14
-14
12
-29
-27
18
22
28
5
-47
-71
42
42
30
42
7
79
1
-61
-10
-20
-34
-30
36
-38
-67
15
-13
36
15
13
109
3
-27
47
-12
-10
-18
-31
-13
-4
54
12
-66
-47
15
-40
-13
62
14
61
37
6
-30
-65
37
25
-5
30
-11
-3
-54
-121
-2
17
-12
10
16
60
15
15
68
37
-11
-45
-43
-42
27
80
41
-25
-74
-57
-40
-7
22
-1
-8
41
36
18
11
0
22
6
3
-22
16
36
-15
-1
2
-13
-45
-35
-23
-16
30
64
37
4
9
11
33
-58
-119
5
17
-3
62
22
-26
-34
-43
30
11
7
22
-13
61
9
2
41
-7
-28
-63
4
11
-8
1
-63
1
36
-37
-25
-5
9
13
14
64
60
69
40
-38
-57
-59
-26
3
-3
29
54
3
-19
-46
-24
35
-32
-55
9
14
35
69
38
3
-49
-57
-32
-10
79
41
-4
7
-47
-2
-25
-44
51
50
0
-31
12
11
-12
-25
-32
-9
-9
3
15
10
14
56
13
-24
-28
-24
56
44
-7
-19
-38
-62
-2
68
22
-5
-16
23
23
-82
-32
11
10
78
1
-6
54
42
26
-106
-79
29
-13
-16
11
-28
3
88
3
-61
5
-2
-15
0
17
33
34
71
5
-65
-50
-52
-23
23
32
-1
39
-4
-55
40
-48
-39
36
-14
22
4
39
79
0
-2
3
-70
-78
4
31
41
14
-42
10
21
30
40
-41
-36
-5
8
-7
-29
10
35
20
-41
-42
14
22
11
-20
23
5
-23
43
18
24
-22
-31
-10
-44
71
69
-39
-62
-33
-31
-54
-10
15
29
37
42
60
4
-38
1
18
-23
-42
15
45
-16
-6
-6
5
5
-71
29
12
-16
37
-43
-34
34
32
15
16
-2
7
-29
-14
20
16
26
-52
-41
-8
46
63
-7
-10
-49
-26
29
4
0
12
-12
-57
-34
31
-11
65
61
-40
22
-37
-10
70
-62
-26
64
-7
6
2
-46
-76
-13
14
-27
34
54
23
-25
-14
43
12
-5
-2
-2
45
13
-17
16
-4
-6
-70
-91
-4
20
13
-11
7
23
36
42
-40
-24
46
60
27
-30
-12
-4
4
-22
-23
34
-32
-44
-2
-11
-43
-25
51
27
-25
-21
29
68
23
-8
-9
4
53
55
-58
-74
35
-7
-40
-35
-41
11
-1
25
19
-23
-11
-6
28
-19
16
67
-13
-3
39
75
4
-50
-9
-28
-79
-38
57
21
-25
-50
-15
18
-33
-2
7
12
91
57
-23
38
-21
-41
29
-28
29
51
13
-20
-85
-54
-12
-18
1
-32
-42
49
22
-3
46
-16
8
97
-4
-25
76
-6
-38
21
1
30
-14
-87
-77
-48
-40
46
61
-32
5
1
-17
-1
10
25
-10
52
74
28
47
-39
-52
-18
-35
29
27
-31
-55
-57
-28
-10
11
54
28
9
-22
-16
23
-20
-5
0
21
59
29
60
13
-54
-41
-28
15
16
-33
-65
25
35
-48
-15
0
-18
-10
35
9
-18
39
14
-3
69
13
-18
35
-24
-18
11
-8
-25
-47
-31
-27
-47
-24
19
26
51
-6
-14
57
3
40
54
3
25
-25
-23
22
-1
-17
-22
-58
-56
-21
-71
5
60
-45
-21
25
19
27
47
74
52
20
0
-10
25
-19
-33
19
-24
-12
-9
-68
-32
-62
-58
31
30
14
17
-59
-61
62
62
19
10
50
73
-10
-3
43
-24
-16
7
9
-20
-86
-29
-17
-17
-58
-32
83
-17
-14
16
-40
9
2
32
35
-8
20
11
52
48
-54
6
14
1
34
-31
-44
-51
-40
-21
8
35
-3
5
7
9
25
-30
-71
-63
1
25
-11
-5
36
33
39
70
28
1
-22
-15
-28
-8
24
-27
-4
-2
45
-14
-85
-9
-19
9
-79
-110
0
7
30
22
47
103
53
27
13
-18
-12
-15
25
-15
-35
42
7
-6
-14
-33
-52
-76
-35
-39
-5
2
-28
45
39
31
65
12
-12
27
34
-51
-10
5
-10
46
-34
24
34
-74
10
-48
-92
33
-6
-33
-33
-20
47
59
60
15
0
17
-27
-38
14
0
-50
-22
30
34
-13
-21
29
-12
0
0
-64
-19
-55
17
62
5
76
83
20
-32
-40
-74
-36
14
-27
27
61
-41
-56
-16
-15
-2
-28
0
10
-43
25
87
53
-2
-22
84
93
-15
-21
-7
-27
-39
-32
-46
-33
26
-26
-82
-25
-2
