27
51
28
-21
79
75
-10
-36
-90
-47
-33
41
56
-2
74
57
38
24
22
-12
21
157
89
51
73
38
29
37
23
-32
-29
42
66
73
116
95
64
48
70
53
-28
-15
-9
-25
-10
-18
-25
-14
-46
-57
-17
-13
-68
-43
12
-27
-20
-3
0
33
-53
-64
-2
-39
30
6
-43
27
11
7
2
-78
-40
43
61
51
-23
-11
-2
-22
12
-52
-40
42
35
60
15
-62
-4
-4
-35
6
-16
-74
-53
-11
26
39
-20
25
-18
-36
54
-6
-14
-5
-50
-23
-2
-61
-56
0
32
4
6
21
-17
-34
-36
41
73
12
-46
-69
-87
-47
-45
-77
-52
-53
7
13
36
26
-48
13
1
0
31
0
-21
-52
49
136
4
-55
-37
-67
-51
-45
-46
-96
-88
-26
-19
28
8
-2
41
117
120
10
-45
-23
1
-14
-24
-74
28
127
31
-49
-55
-5
-20
-31
-13
17
27
-16
-52
-91
-37
52
57
-28
-49
-16
-69
24
91
-6
-19
-21
-32
1
6
39
65
75
79
53
0
-11
80
42
7
90
55
19
49
63
80
66
39
40
7
1
25
-3
2
-10
-37
-13
-32
-3
79
47
-63
-81
-37
-58
-2
54
-23
5
11
-41
19
25
20
0
6
45
47
103
54
7
18
-80
-80
7
9
41
26
-56
-30
-17
-20
-10
-30
41
134
54
-11
18
-39
9
53
13
-5
-5
-22
-84
15
60
6
-10
-30
-14
-19
14
57
39
5
-49
-39
-14
-53
18
23
-17
48
-56
-59
42
17
12
-24
10
13
-56
-8
-1
-33
-50
45
140
9
-47
12
-2
-16
-13
-26
0
22
8
-28
-78
-48
-23
-4
16
-22
-34
-46
-22
-46
-64
-84
-139
-73
-80
-54
6
-8
-11
7
-37
-81
39
42
-33
-21
-50
-73
-79
-60
-38
-46
6
31
25
46
22
-49
-48
-4
32
34
23
36
14
70
82
27
67
85
20
27
95
93
58
51
0
-52
11
47
26
40
39
71
38
56
55
-61
-16
1
41
71
-34
-32
44
17
-65
-46
13
36
-11
-7
34
31
6
-99
-79
-43
-6
-12
-71
-48
-80
-54
-88
-63
-39
-85
-50
-64
-10
22
-63
-72
0
1
-45
32
62
-22
-14
17
-2
-53
-14
22
-4
53
43
-16
71
94
22
24
-22
-47
-25
-26
50
-1
-58
14
-2
24
9
9
82
62
25
-18
-1
27
29
40
52
77
62
40
28
4
25
49
63
25
-7
21
25
-3
-16
-33
-48
31
28
-10
-10
-22
65
55
-31
-72
-81
-38
-30
32
94
65
24
-27
-26
20
46
20
-16
-47
-81
-107
-89
-11
-19
-41
-15
-20
42
63
9
-22
-47
-15
47
66
89
53
2
4
-58
-11
-17
-60
69
60
34
30
-25
4
10
-18
-15
47
10
-3
25
-7
46
26
3
50
55
46
28
29
30
-4
-77
-72
2
16
3
-65
-30
58
90
81
13
-21
-75
-31
-29
-41
2
-19
-29
-3
-13
-69
19
50
-40
-41
-18
-17
18
66
56
-14
-55
-17
24
-2
-26
-7
22
84
35
-43
0
-4
-27
-23
-15
18
-1
-7
43
-3
-51
30
1
-67
-30
-33
-30
-64
-18
-31
-115
-23
5
39
14
-65
-55
-67
-4
-7
-6
79
52
41
-13
-61
-1
52
83
9
23
32
-52
0
36
75
60
-3
69
30
-61
-15
15
31
85
48
0
-48
-101
10
28
-18
-11
-62
-63
-42
-44
-4
25
37
50
47
34
40
47
2
-97
-58
45
9
-36
-24
-45
-78
-12
-60
-34
87
23
55
50
-42
-41
-23
-41
-30
-65
-83
42
82
82
111
57
44
60
57
26
-16
37
-42
-127
-69
0
38
23
25
33
-4
-22
28
50
1
-13
45
-6
8
73
35
70
16
-13
32
-48
-68
0
38
63
68
35
-34
-42
-13
-18
-25
-5
27
-3
-23
-6
-26
21
1
-49
12
-27
-44
10
-15
-99
-128
-65
-18
22
27
-25
-34
-19
8
27
20
19
-38
-37
16
-6
-76
-24
12
-73
18
8
-29
12
-57
25
33
-36
-39
-139
-115
-8
-17
33
69
20
38
42
-18
-86
-27
-8
-51
58
33
46
128
35
-8
-36
-28
0
20
66
103
108
-5
-38
-46
-76
12
-4
-53
-45
-38
-31
-34
-6
6
-15
-38
0
29
12
17
60
114
151
56
-30
-15
-61
32
76
5
57
31
5
74
63
42
39
-1
29
41
-30
-81
-32
33
-25
16
-4
-143
-86
1
19
-35
-70
-29
-14
31
-5
-48
14
36
47
22
27
101
-1
-100
-43
-46
-38
-8
-4
34
43
24
66
69
31
44
59
45
2
-7
55
28
-55
-24
-44
7
43
-2
58
25
8
26
-13
-11
-63
-89
-5
-17
-81
-83
0
71
32
-10
-81
-85
-61
-80
30
68
12
3
4
15
-40
-33
6
20
-2
-15
25
-10
17
-15
-14
48
21
41
-8
8
48
70
-29
-119
1
16
46
37
-8
-23
-45
16
-2
-23
16
4
3
-37
-45
-54
-75
55
92
27
8
-24
9
-7
-80
13
16
-44
-11
-23
-51
-58
-40
-39
52
63
32
89
-23
19
55
-40
40
12
-20
15
-16
2
5
3
-13
-45
4
20
44
86
30
-69
-52
21
2
7
43
19
1
16
-4
-47
-36
-69
-47
-16
-52
-13
-64
-24
48
-29
-42
-17
9
16
33
66
18
-34
-95
-24
84
33
43
17
-18
52
90
101
20
-27
-5
-23
-45
-41
-35
-76
5
52
-6
31
12
17
42
-22
-47
-17
-63
-63
62
81
81
73
-3
-18
21
7
47
136
76
34
45
-4
20
80
40
75
83
14
-5
-97
-5
69
-46
0
8
-61
-10
50
53
27
-37
-91
-78
-7
-2
-20
12
2
-16
-101
-120
-28
-37
-49
-32
60
60
20
52
-61
-39
-7
2
25
-23
-19
-58
-49
-65
-71
11
43
49
1
-20
22
31
77
60
48
40
-65
-74
-53
-12
-49
-96
26
45
2
1
9
-3
-61
-16
50
31
-16
-90
-99
-125
-93
22
-17
-35
11
52
26
11
58
41
19
-37
28
54
30
58
18
3
-45
-12
23
-12
-7
-23
-39
18
-7
-48
1
41
39
-15
8
-23
-29
-4
-64
2
35
62
84
1
21
22
-47
-69
-49
-59
-44
69
36
-53
-30
-15
3
5
-33
-44
-10
41
1
-58
2
51
72
83
59
36
7
4
19
-4
-12
-25
-10
-4
-35
7
28
10
40
35
-36
22
20
-86
-12
3
51
104
-28
-52
-41
-40
13
-27
-57
22
46
57
96
45
48
66
-3
7
10
10
7
5
54
-12
-16
30
-11
-28
-54
-67
-27
-2
3
55
89
43
-34
0
76
12
0
79
84
63
39
-13
-39
-37
4
-35
-86
-42
-76
-54
27
-10
-71
-16
-27
-96
-37
13
11
-13
-14
13
72
24
-34
-30
-6
12
-78
-35
0
-80
-76
-9
49
1
-49
-69
-44
2
-36
-19
-10
-51
4
-8
-40
-5
-20
41
51
11
97
78
2
17
-6
-38
0
9
-39
27
58
-26
41
59
-16
-33
-8
-4
-31
53
45
68
135
94
119
76
85
53
-22
11
-38
-51
-40
-11
41
48
-2
-67
-41
-23
-7
34
3
-38
-30
-20
-22
-76
-60
-23
-28
-32
-15
42
48
83
34
-50
-30
3
41
2
-4
53
103
110
25
-18
-1
-6
10
-8
-3
21
-24
-23
-23
2
40
18
-9
-83
-104
-53
-49
20
117
0
-39
-19
-81
37
69
-23
-50
-16
-1
-38
-66
-78
-49
-42
-37
-57
-3
4
-45
-7
-22
-38
-70
-38
29
37
38
-2
-8
31
38
54
53
38
35
-6
-30
-44
-46
-47
-30
30
2
10
50
54
86
16
-26
10
19
28
20
-50
-30
-24
-103
-79
-84
-61
-16
-64
-5
58
-15
47
41
-61
-20
-87
-59
46
16
24
26
-30
-74
-16
28
-1
-24
39
143
114
13
32
51
14
25
6
30
18
-20
-11
-6
-8
3
4
-55
-24
17
-16
-30
-24
40
43
-63
26
79
-24
16
-12
-42
40
33
17
75
38
-17
40
15
22
0
-80
-51
12
76
19
-38
-42
-35
-6
-51
-44
69
122
91
51
54
20
-47
-53
-121
-114
-60
-94
-44
-30
-6
-23
-82
11
14
-19
11
17
11
0
-11
12
93
61
-7
1
41
45
-41
-41
33
39
17
-15
27
26
-6
19
0
-32
-40
-57
-28
31
-4
33
116
44
6
19
-8
75
47
-29
44
70
14
-43
-3
2
-4
8
-62
-73
-36
-63
-87
-79
-68
-93
-52
14
-1
0
-31
-19
29
10
7
-40
-97
-121
-106
7
85
50
-21
-37
13
-14
-60
5
-13
-51
33
58
-30
-90
-43
34
16
-21
8
-53
-52
-6
-46
26
3
-63
34
60
10
46
70
-19
-8
53
10
6
67
81
6
-11
29
35
6
-19
-15
19
42
19
82
59
-3
0
-55
-81
-84
-79
-44
-8
20
58
44
21
68
18
-41
32
43
-9
-40
-30
-23
-32
15
22
10
1
16
175
180
47
-32
-53
57
83
0
-47
-49
-7
21
32
-14
-9
46
-17
-71
-62
-1
7
6
5
22
78
21
19
28
-35
-78
-33
-28
-32
14
-39
0
-10
-41
0
-34
42
66
21
20
-11
-9
26
45
-37
-38
19
0
-7
-17
30
72
61
23
38
37
16
20
-36
-11
25
31
19
1
7
-14
55
52
11
38
-67
-18
88
-8
-65
-86
-33
58
88
40
-45
35
47
-72
-48
4
1
-4
-17
-88
-100
-4
33
-19
-13
2
-21
35
-32
-46
33
-17
61
39
-34
63
4
14
84
29
84
61
0
45
0
3
35
-66
-44
5
-20
26
12
28
60
52
15
-24
-25
-87
-69
-43
-26
28
-41
-146
-61
27
-116
-140
-125
-100
-45
-144
-80
-28
-45
7
-11
21
48
-32
-15
-14
-28
0
-30
22
42
76
75
11
33
-33
-99
-131
-101
-87
-124
-134
-228
-166
-134
-174
-112
-164
-110
-52
-98
-113
-153
-110
-7
-13
-64
-1
24
-47
-70
-40
-5
34
70
15
0
57
29
35
33
-64
-1
87
86
103
30
75
139
125
108
74
31
-9
51
27
-28
4
39
-6
-31
32
129
141
108
62
20
-50
-68
51
68
58
46
114
82
13
100
117
140
36
-3
78
-21
-39
18
43
54
9
37
55
65
66
15
21
26
39
100
82
-13
-4
-11
-2
70
98
148
137
122
104
57
44
-4
-6
71
31
-41
-7
-21
-82
-36
6
-20
-41
-28
13
66
103
14
16
89
45
109
80
63
136
71
73
45
0
-44
-117
-83
-94
-188
-241
-256
-259
-251
-263
-296
-246
-205
-203
-111
-21
-27
-67
-63
-21
-18
37
115
97
115
139
139
102
32
49
91
77
68
42
-1
3
-39
-111
-74
-5
-23
-81
-20
25
124
246
226
299
294
261
317
254
227
190
87
39
29
14
44
71
61
99
83
125
179
141
106
2
-38
-40
-69
-7
29
93
168
187
342
446
458
491
400
339
281
154
23
-158
-307
-395
-374
-187
-46
-8
69
143
125
120
196
174
127
116
113
190
324
484
598
751
872
842
722
440
42
-350
-821
-1491
-1987
-2190
-2319
-2280
-2270
-2247
-1979
-1760
-1702
-1596
-1506
-1475
-1395
-1313
-1061
-809
-499
32
575
1176
1634
1974
2192
2152
1978
1580
1044
455
-166
-633
-956
-1128
-1210
-1169
-1005
-876
-702
-527
-433
-496
-513
-505
-484
-234
47
473
973
1433
1889
2238
2525
2646
2631
2447
1961
1389
883
421
-51
-460
-691
-873
-1015
-1046
-1036
-991
-920
-921
-974
-1033
-973
-765
-571
-215
279
764
1289
1727
2175
2517
2635
2709
2516
2182
1866
1371
928
642
374
132
-78
-184
-195
-238
-316
-390
-550
-735
-823
-893
-782
-522
-300
50
450
780
1107
1400
1533
1506
1406
1199
892
572
324
149
57
10
-13
66
238
396
489
438
308
115
-96
-35
117
149
316
545
833
1208
1249
1165
957
366
-472
-1603
-2706
-3519
-4200
-4637
-4808
-4770
-4507
-4112
-3597
-3058
-2664
-2440
-2429
-2554
-2582
-2548
-2187
-1595
-1028
-275
576
1439
2146
2625
2772
2383
1528
301
-997
-2159
-3154
-3880
-4299
-4340
-3948
-3146
-2120
-1107
-232
390
706
801
766
769
991
1315
1737
2345
3134
4103
4975
5566
5716
5318
4558
3400
2043
757
-471
-1505
-2243
-2484
-2339
-1911
-1114
-294
328
717
792
598
418
229
41
105
443
1059
1958
2962
3897
4681
4933
4591
3876
2880
1726
403
-813
-1744
-2338
-2443
-2088
-1413
-627
89
551
709
545
176
-311
-918
-1321
-1500
-1471
-1040
-351
568
1502
2166
2625
2798
2594
2105
1436
619
-156
-729
-1018
-974
-684
-107
558
1117
1543
1684
1582
1161
558
-137
-820
-1300
-1686
-1774
-1627
-1174
-592
-108
320
533
661
556
370
94
-231
-405
-589
-628
-341
232
829
1468
1896
1980
2009
1664
978
-32
-1433
-2836
-4275
-5527
-6332
-6702
-6647
-6397
-5933
-5374
-4885
-4473
-4250
-4179
-4193
-4268
-4244
-3936
-3332
-2335
-1067
185
1511
2692
3634
4154
4073
3551
2415
953
-588
-2028
-3054
-3719
-3893
-3633
-2982
-1904
-849
154
1059
1565
1714
1583
1395
1297
1412
1854
2580
3540
4501
5371
6146
6463
6277
5590
4386
3010
1474
41
-989
-1524
-1605
-1317
-643
181
1134
1895
2226
2295
1928
1276
643
89
-152
60
646
1487
2525
3569
4393
4891
4815
4173
3152
1781
343
-914
-1808
-2212
-2159
-1604
-754
207
1104
1787
2138
1908
1421
725
-170
-903
-1448
-1735
-1744
-1453
-862
-206
468
1038
1286
1192
735
138
-590
-1243
-1638
-1964
-1918
-1587
-1155
-493
179
696
1053
1056
764
253
-414
-991
-1530
-1925
-2153
-2095
-1617
-1126
-630
-97
360
572
500
356
90
-194
-564
-932
-1113
-1130
-848
-430
132
720
1182
1551
1516
1030
160
-1114
-2549
-3941
-5235
-6128
-6523
-6550
-6159
-5476
-4686
-3887
-3224
-2827
-2714
-2879
-3162
-3309
-3365
-3154
-2426
-1411
-269
958
2186
3119
3511
3371
2603
1363
-170
-1948
-3537
-4589
-4983
-4684
-3674
-1990
-7
1917
3604
4796
5385
5367
4808
4038
3152
2461
2268
2470
3020
3693
4455
5010
5175
4869
3830
2441
774
-975
-2389
-3354
-3557
-2997
-1909
-312
1597
3397
4782
5574
5682
5109
4022
2702
1481
586
174
432
1155
2018
2983
3699
3901
3562
2526
981
-777
-2387
-3581
-4224
-4055
-3188
-1774
-134
1469
2966
3906
4233
3925
2866
1562
182
-1091
-1896
-2334
-2384
-1967
-1238
-685
-193
322
295
-156
-805
-1636
-2365
-2763
-2819
-2477
-1794
-944
-35
755
1305
1575
1522
1088
363
-452
-1285
-1931
-2277
-2435
-2397
-2189
-1818
-1319
-899
-550
-318
-195
-184
-257
-286
-269
-101
54
109
99
70
43
-121
-240
-296
-374
-249
-73
213
640
703
449
-219
-1332
-2577
-4000
-5322
-6209
-6651
-6644
-6295
-5660
-4650
-3585
-2693
-1923
-1569
-1584
-1704
-1780
-1682
-1324
-655
162
1069
2036
2848
3439
3553
3084
2142
645
-1010
-2516
-3649
-4143
-4042
-3261
-1974
-317
1577
3315
4584
5242
5415
5079
4266
3393
2739
2298
2210
2530
3068
3791
4400
4671
4576
3921
2808
1328
-251
-1565
-2392
-2594
-2092
-1005
461
2097
3581
4813
5424
5368
4734
3405
1983
820
-121
-522
-451
-22
590
1135
1658
1696
1256
450
-729
-1832
-2711
-3122
-2954
-2253
-1172
113
1482
2676
3469
3772
3634
2902
1793
583
-645
-1629
-2256
-2450
-2374
-2099
-1789
-1528
-1321
-1398
-1587
-1929
-2373
-2597
-2667
-2459
-1776
-914
-3
864
1471
1830
1932
1771
1246
485
-274
-1106
-1799
-2237
-2464
-2452
-2236
-1926
-1618
-1297
-1015
-767
-632
-758
-950
-1062
-1138
-1070
-801
-392
86
442
627
709
643
445
178
60
145
500
1178
1929
2738
3365
3440
2814
1445
-414
-2615
-4817
-6603
-7734
-7992
-7504
-6452
-4997
-3376
-1868
-861
-432
-505
-1063
-1795
-2414
-2690
-2378
-1534
-292
1302
2973
4375
5374
5647
5012
3634
1680
-514
-2546
-4066
-4887
-4920
-4100
-2628
-821
1103
2837
4081
4603
4316
3527
2581
1666
1134
1178
1718
2763
3999
5226
6238
6699
6487
5503
3862
1853
-153
-1941
-3139
-3585
-3230
-2148
-758
814
2276
3318
3856
3818
3131
1952
778
-185
-716
-739
-294
612
1656
2625
3255
3321
2689
1461
-189
-2016
-3456
-4295
-4405
-3785
-2628
-1073
592
1997
2873
3225
2965
2072
857
-532
-1813
-2650
-3049
-2940
-2396
-1630
-712
-30
349
538
184
-469
-1248
-2060
-2574
-2775
-2583
-2107
-1405
-469
475
1200
1554
1519
1150
477
-470
-1472
-2176
-2546
-2570
-2143
-1430
-584
275
980
1383
1372
1034
429
-396
-1238
-1933
-2226
-2097
-1651
-947
-130
654
1215
1504
1634
1526
1165
709
358
355
780
1562
2434
3283
3940
4177
3934
3065
1493
-637
-2903
-5020
-6699
-7707
-7956
-7401
-6426
-5213
-3881
-2722
-1907
-1548
-1547
-1861
-2296
-2480
-2316
-1519
-207
1332
3104
4733
6009
6574
6224
5106
3226
788
-1812
-4119
-5843
-6715
-6528
-5430
-3725
-1559
761
2715
4115
4915
5080
4807
4168
3442
2991
2988
3540
4354
5206
5960
6388
6276
5478
4012
2060
-141
-2450
-4454
-5688
-6097
-5668
-4425
-2467
-312
1680
3319
4252
4564
4291
3524
2437
1275
363
-66
-126
1
356
683
654
192
-435
-1274
-2256
-2891
-3221
-3199
-2761
-2031
-1037
140
1164
1819
2179
2075
1591
970
414
-9
-270
-332
-264
-82
62
103
-111
-451
-961
-1827
-2537
-2961
-3142
-2945
-2400
-1606
-720
173
892
1481
1814
1845
1689
1203
711
201
-300
-617
-898
-1028
-1069
-1028
-927
-772
-659
-693
-761
-971
-1225
-1422
-1495
-1354
-950
-332
356
1012
1572
2063
2364
2425
2305
2080
1612
1128
929
848
1041
1538
2052
2598
3158
3508
3606
3331
2554
1239
-451
-2304
-4173
-5691
-6548
-6786
-6576
-5927
-5217
-4603
-3941
-3433
-3175
-3248
-3437
-3557
-3414
-2681
-1482
24
1686
3213
4378
5101
5261
4752
3589
1785
-347
-2675
-4885
-6512
-7414
-7415
-6567
-4958
-2960
-758
1473
3334
4716
5445
5592
5339
4832
4416
4412
4726
5219
5774
6069
5883
5223
4096
2512
485
-1798
-3868
-5584
-6575
-6720
-6086
-4539
-2545
-365
1685
3304
4486
5086
5097
4559
3647
2606
1661
1013
751
721
676
630
360
-295
-1075
-1979
-3003
-3627
-3780
-3485
-2653
-1553
-92
1448
2612
3422
3702
3562
3199
2574
1831
1180
766
445
175
-8
-184
-376
-697
-1197
-1731
-2250
-2745
-3048
-3159
-2975
-2435
-1726
-789
244
1150
1935
2508
2742
2646
2344
1710
826
-63
-907
-1583
-2061
-2229
-2055
-1824
-1577
-1259
-915
-680
-681
-750
-852
-1056
-1066
-802
-399
302
1135
1865
2482
2836
2943
2814
2512
2117
1588
1025
543
344
326
527
1089
1661
2155
2524
2733
2758
2370
1651
437
-1261
-3163
-5134
-6658
-7508
-7768
-7545
-7044
-6368
-5622
-4878
-4151
-3518
-3125
-2988
-2852
-2495
-1772
-641
638
1825
2891
3488
3552
3451
2895
1790
411
-1341
-3242
-4882
-6091
-6515
-6001
-4825
-3204
-1296
752
2677
4246
5450
6045
6119
5838
5235
4936
5005
5334
5857
5940
5530
4670
3368
1820
-26
-2047
-3813
-5242
-6138
-6112
-5231
-3641
-1709
269
2191
3786
4930
5626
5959
5688
4822
3668
2339
1197
383
-25
-142
-143
-99
-160
-335
-566
-848
-1414
-2060
-2522
-2660
-2196
-1270
-101
1194
2387
3254
3724
3840
3627
3159
2310
1251
149
-891
-1435
-1692
-1792
-1751
-1782
-1812
-1921
-1971
-2016
-2179
-2525
-2916
-3034
-2988
-2437
-1468
-422
670
1715
2479
2801
2982
2803
2099
1041
-237
-1245
-1947
-2301
-2183
-1939
-1538
-1131
-916
-692
-570
-598
-746
-976
-1102
-984
-548
251
1450
2703
3590
4200
4430
4455
4397
3928
3221
2177
911
-120
-830
-1030
-667
-32
698
1384
1864
2221
2309
1774
514
-1401
-3709
-5918
-7662
-8488
-8335
-7597
-6417
-5264
-4215
-3315
-2727
-2319
-2420
-2969
-3581
-4057
-3965
-3005
-1502
267
1956
3133
3909
4224
4010
3276
1950
115
-2086
-4104
-5378
-5723
-5195
-3872
-2079
-303
1423
2944
4197
5143
5477
5223
4599
4062
3844
4057
4770
5505
5965
5873
5039
3828
2275
458
-1367
-3219
-4894
-6000
-6204
-5431
-3825
-1710
499
2418
3887
4994
5687
5851
5486
4548
3191
1858
789
144
-13
166
420
448
374
137
-283
-760
-1478
-2233
-2911
-3177
-2661
-1472
238
2000
3513
4503
4806
4623
3959
2926
1630
121
-1117
-1945
-2461
-2463
-2135
-1879
-1694
-1735
-2077
-2485
-3014
-3554
-3933
-4163
-4052
-3299
-2052
-554
1184
2786
3865
4361
4207
3582
2618
1277
-209
-1672
-2894
-3555
-3643
-3114
-2215
-1487
-949
-494
-348
-415
-472
-582
-610
-529
-189
637
1799
3110
4363
5180
5281
4867
4100
3074
2028
919
-132
-958
-1701
-2039
-1745
-1121
-418
236
816
1315
1740
2157
2307
1875
678
-1227
-3426
-5618
-7102
-7629
-7516
-7040
-6524
-5971
-5527
-5156
-4846
-4760
-4884
-5142
-5281
-4861
-3477
-1312
1107
3411
5191
6116
6408
6090
5195
3887
2064
-87
-2220
-3925
-4831
-4790
-4073
-3095
-2111
-1188
-154
909
2030
3201
4034
4537
4890
5352
6066
7015
7874
8142
7698
6506
4831
3014
1148
-670
-2320
-3757
-4926
-5568
-5432
-4419
-2951
-1336
224
1390
2481
3535
4358
4985
5213
4879
4054
3039
2109
1315
684
283
-48
-457
-625
-636
-724
-797
-1135
-1689
-2112
-2297
-1934
-1050
-97
982
1933
2512
2896
2903
2671
2136
1260
345
-654
-1402
-1782
-2128
-2439
-2718
-3067
-3532
-3909
-4203
-4488
-4525
-4487
-4107
-3253
-2158
-598
996
2308
3398
4005
4128
3922
3415
2634
1544
221
-1041
-1971
-2541
-2840
-2822
-2599
-2378
-2222
-2056
-1614
-965
-284
351
735
1125
1717
2366
3106
3848
4339
4505
4290
3718
2947
2235
1542
770
-23
-933
-1760
-2415
-2754
-2579
-2067
-1311
-325
840
2093
3213
3899
4010
3146
1174
-1558
-4549
-7111
-8823
-9440
-9129
-8309
-7313
-6435
-5789
-5256
-4844
-4736
-4795
-4774
-4423
-3284
-1285
1209
3776
5925
7366
7835
7441
6496
4984
3119
960
-1474
-3663
-5263
-5974
-5691
-4759
-3508
-2174
-890
322
1582
2933
4335
5509
6309
7007
7567
8069
8563
8659
8128
6838
4962
2976
1097
-661
-2207
-3563
-4753
-5653
-6115
-5918
-5133
-3935
-2447
-811
868
2558
4167
5430
6205
6243
5490
4305
2995
1789
904
402
158
0
-151
-329
-661
-1276
-2226
-3294
-4246
-4708
-4198
-3015
-1411
587
2485
3919
4816
4931
4351
3418
2212
899
-312
-995
-1200
-1322
-1444
-1841
-2515
-3365
-4317
-5044
-5456
-5558
-5287
-4669
-3535
-1833
-5
1754
3293
4376
4871
4691
4044
3129
2145
1064
-27
-1045
-1895
-2388
-2702
-2722
-2528
-2420
-2359
-2197
-1917
-1369
-489
505
1548
2377
3006
3491
3820
4216
4439
4427
4083
3274
2275
1307
568
76
-431
-1020
-1689
-2436
-2886
-2898
-2324
-1194
66
1439
2653
3700
4728
5275
5040
3617
986
-2388
-5801
-8475
-9938
-9907
-9040
-7953
-7096
-6680
-6361
-6251
-6095
-5844
-5673
-5164
-4034
-2074
641
3612
6192
7902
8317
7614
6412
4768
3032
1275
-722
-2655
-4329
-5372
-5555
-5165
-4457
-3673
-2988
-2176
-977
677
2720
4775
6465
7614
8185
8435
8543
8323
7682
6542
4969
3194
1476
100
-1021
-2007
-3019
-4183
-5151
-5711
-5745
-5162
-3946
-2389
-615
1414
3380
5102
6390
6916
6557
5563
4134
2714
1528
636
207
-83
-278
-374
-395
-622
-1297
-2281
-3537
-4544
-4686
-3763
-2062
56
2101
3550
4396
4484
4061
3351
2483
1658
802
389
213
-36
-344
-1190
-2411
-3784
-5066
-5821
-6021
-5676
-4909
-3781
-2581
-1454
-133
1211
2241
2975
3488
3731
3784
3701
3519
3052
2157
900
-513
-1816
-2759
-3139
-3322
-3291
-3006
-2784
-2383
-1634
-686
323
1158
1657
1987
2372
2762
3214
3670
3782
3493
2797
1802
831
-11
-712
-1211
-1582
-1908
-2054
-1911
-1583
-1086
-487
133
876
1832
3122
4565
5649
6089
5616
3885
1061
-2344
-5853
-8710
-10377
-10780
-10082
-8811
-7394
-6244
-5552
-5267
-5297
-5348
-5300
-4799
-3577
-1642
848
3429
5683
7089
7493
6800
5355
3822
2126
508
-800
-1954
-2845
-3522
-4064
-4192
-4092
-3861
-3264
-2348
-974
763
2796
4831
6298
7165
7367
7013
6516
5974
5417
4947
4448
3762
3000
2088
1003
-54
-1354
-2731
-3965
-4895
-5292
-5121
-4165
-2675
-777
1248
3051
4549
5573
5957
5467
4217
2681
1151
-64
-596
-543
-48
570
1048
1229
1007
325
-963
-2392
-3556
-4083
-3645
-2394
-489
1511
2908
3672
3724
3170
2368
1513
927
432
96
-131
-464
-860
-1469
-2148
-2906
-3623
-4065
-4247
-4072
-3606
-3129
-2563
-1754
-829
213
1353
2394
3208
3601
3434
2977
2273
1404
553
-293
-1056
-1641
-1979
-2092
-2066
-2026
-2051
-2045
-1969
-1751
-1235
-472
451
1237
1879
2283
2430
2636
2733
2851
2885
2666
2216
1455
669
4
-645
-1142
-1377
-1507
-1547
-1579
-1436
-920
-170
799
1780
2741
3805
4658
4868
4245
2567
-224
-3665
-6940
-9243
-10097
-9494
-7927
-6170
-4818
-4201
-4386
-4999
-5753
-6352
-6571
-6181
-4777
-2503
446
3515
5806
6879
6626
5351
3762
2501
1625
1195
1091
793
180
-684
-1607
-2420
-3115
-3451
-3358
-2720
-1471
310
2463
4228
5187
5390
4932
4304
3904
3934
4376
4870
5182
5190
4966
4497
3564
2268
574
-1359
-2975
-4034
-4376
-3984
-3081
-1897
-649
462
1385
2107
2631
2833
2586
2101
1463
930
813
987
1357
1784
2084
2136
1888
1283
357
-728
-1834
-2503
-2569
-2084
-1090
-25
749
988
870
631
172
-119
-178
-218
-162
-84
-20
83
99
-282
-952
-1656
-2406
-2836
-2952
-3051
-3052
-3000
-2763
-2179
-1297
-69
1308
2313
2774
2747
2394
1713
970
414
-84
-303
-393
-453
-448
-585
-772
-1188
-1792
-2249
-2513
-2186
-1385
-498
417
1069
1463
1585
1572
1816
2179
2614
3112
3238
2975
2473
1668
770
-94
-785
-1120
-1154
-1004
-817
-526
-265
-202
96
649
1416
2341
3117
3632
3431
2381
378
-2299
-4918
-7034
-8188
-8303
-7470
-6166
-5110
-4697
-4967
-5575
-6330
-6891
-6861
-6282
-4838
-2591
-27
2504
4278
5080
5140
4529
3670
3179
3184
3373
3610
3394
2488
1218
-490
-2152
-3350
-4013
-3927
-3189
-1922
-372
1186
2301
2664
2526
2120
1861
2083
2871
4186
5602
6719
7181
6930
6071
4717
3168
1421
-259
-1541
-2487
-3097
-3411
-3296
-2747
-2158
-1594
-906
-227
289
694
978
1266
1519
1608
1682
1677
1897
2307
2567
2733
2598
2143
1299
95
-891
-1130
-656
-204
-26
85
0
-333
-683
-796
-598
-158
205
467
853
1273
1338
826
118
-499
-1016
-1437
-1717
-1760
-1828
-2163
-2691
-3081
-2854
-2106
-1244
-392
453
1199
1543
1346
931
678
456
187
36
100
385
491
180
-540
-1369
-2048
-2621
-2800
-2489
-1728
-770
-177
100
394
663
687
608
880
1610
2437
2954
3182
3178
2727
1935
939
-12
-319
-188
45
324
378
327
125
-185
-231
41
789
1741
2394
2735
2527
1260
-1075
-3688
-5822
-7065
-7429
-7154
-6415
-5839
-5743
-6107
-6856
-7370
-7464
-7258
-6625
-5365
-3450
-1287
668
2218
3269
3729
3782
3894
4389
5253
6116
6340
5678
4264
2325
385
-1339
-2532
-2877
-2757
-2348
-1792
-1082
-343
-6
-163
-565
-582
12
1208
2878
4710
6368
7147
7036
6495
5841
5286
4598
3604
2497
1391
247
-863
-1649
-2024
-2310
-2587
-2734
-2465
-1722
-897
-313
-71
-7
86
225
440
964
1561
1872
1787
1235
1009
1453
1997
2191
1845
1371
911
292
-218
-280
90
219
-219
-579
-515
-262
-118
-268
-412
-242
-173
-375
-438
-256
-409
-1107
-2072
-2892
-3068
-2920
-2706
-2337
-1656
-814
-406
-280
50
620
1117
1117
1011
1227
1398
1377
1076
660
524
218
-430
-1024
-1348
-1211
-1186
-1605
-1929
-1972
-1821
-1749
-1728
-1141
-78
750
1252
1714
2321
2824
2897
2809
2816
2831
2643
2193
1759
1517
1296
814
168
-241
-197
68
229
344
395
-120
-1377
-2701
-3610
-3822
-3648
-3640
-3717
-3999
-4783
-6087
-7434
-8317
-8455
-8041
-7282
-5862
-4022
-2372
-1337
-1093
-1324
-1550
-1417
-556
1241
3340
5106
6088
6042
5319
4268
3164
2096
1293
945
872
921
984
763
116
-987
-2297
-3131
-3057
-2082
-523
1370
3120
4139
4457
4406
4336
4373
4599
4976
5329
5682
5775
5347
4480
3200
1526
-373
-2078
-3073
-3204
-2806
-2399
-2126
-2061
-2202
-2504
-2739
-2355
-1518
-689
175
1225
2253
3051
3338
3046
2593
2165
1787
1525
1544
1865
2090
1794
1057
366
-136
-618
-1166
-1535
-1458
-1131
-925
-882
-672
-500
-642
-1079
-1497
-1321
-912
-796
-900
-1039
-1066
-1142
-1363
-1453
-1265
-994
-924
-962
-604
170
996
1494
1727
1918
2077
2126
1922
1675
1379
793
-88
-736
-653
12
560
443
-206
-1159
-2054
-2611
-2585
-1820
-801
39
529
932
1676
2444
2794
2649
2340
2316
2724
3412
4086
4255
3260
768
-2558
-5175
-5984
-5165
-3858
-3084
-3209
-4284
-5952
-7432
-8222
-8202
-7702
-7173
-6516
-5363
-3641
-1997
-1142
-1327
-2048
-2524
-2274
-918
1283
3496
4717
4321
2709
1053
123
-129
41
344
580
758
808
832
1099
1233
674
-506
-1471
-1368
-101
1721
3236
3839
3437
2476
1613
1505
2463
3971
5160
5533
5240
4692
4138
3760
3489
3112
2629
2176
1716
1404
1347
1106
281
-1278
-3022
-4088
-4297
-3712
-2742
-1816
-1020
-627
-630
-704
-261
835
1740
2344
2955
3514
4114
4384
4196
3922
3380
2447
1550
1054
1131
1201
698
-198
-1287
-2221
-3001
-3533
-3417
-2832
-2190
-1801
-1613
-1312
-831
-380
-89
248
858
1527
1836
1768
1683
1621
1273
693
331
236
190
-6
-338
-557
-705
-1047
-1617
-2057
-2032
-1468
-756
61
926
1416
1268
534
-172
-401
-107
239
445
759
1179
1710
2047
2004
1455
-254
-2912
-5237
-6025
-4729
-2332
-537
-321
-1843
-4444
-6941
-8174
-7667
-5951
-4170
-3028
-2516
-2373
-2286
-2452
-3086
-3708
-3995
-3558
-1845
728
3156
4273
3269
770
-1628
-2694
-2112
-443
1503
2812
2875
1950
627
-428
-1027
-1397
-1767
-2018
-1430
-20
1589
2641
2517
1390
-204
-1146
-543
1435
4027
5915
6341
5455
3868
2592
1993
2251
3170
4003
4428
4222
3601
2783
1658
315
-937
-1535
-1243
-315
837
1643
1695
1019
-77
-889
-807
172
1503
2727
3526
3686
3333
2677
2097
1757
1633
1703
1760
1692
1480
1175
780
243
-267
-749
-1072
-1250
-1279
-922
-526
-271
-372
-757
-1029
-1103
-853
-372
286
801
1012
986
708
692
995
1307
1425
1141
727
440
390
724
1063
1229
1065
391
-111
-91
342
861
675
-92
-787
-996
-554
100
278
-644
-2847
-5709
-7524
-6845
-4221
-1461
-359
-1570
-4320
-7231
-8972
-8838
-7052
-4832
-3549
-3525
-4026
-4368
-4408
-4513
-4906
-4957
-4180
-2511
-52
2436
3829
3387
1156
-1534
-2683
-1415
1217
3582
4798
4394
2753
736
-798
-1208
-1010
-946
-1269
-1590
-1250
-340
348
247
-603
-1854
-2672
-2390
-812
1693
4045
4942
4235
3019
2164
2267
3157
4212
5143
5597
5293
4589
3920
3200
2310
971
-489
-1245
-1298
-870
-367
-328
-733
-1187
-1425
-1182
-237
973
2080
2760
3070
3526
4251
5049
5595
5839
5865
5700
5351
4880
4370
3897
3408
2805
2197
1537
658
-537
-1832
-2949
-3480
-3358
-3137
-2834
-2559
-2503
-2471
-2473
-2429
-2196
-1747
-970
146
1487
2751
3549
3568
3004
2653
2844
3479
4078
4251
4029
3623
3538
3621
3528
2718
440
-2890
-5992
-7322
-6291
-4117
-2610
-3143
-5579
-8728
-11396
-12457
-11555
-9401
-7435
-6431
-5950
-5349
-4450
-3677
-3660
-3972
-3796
-2698
-471
2340
4682
5181
3510
811
-1339
-1807
-764
717
1512
1181
-216
-2164
-3652
-4201
-4096
-3896
-4120
-4327
-3838
-2684
-1409
-745
-812
-1254
-1603
-1181
333
2573
4757
5801
5395
4283
3357
3275
3772
4382
4939
4863
4220
3436
2762
2318
1725
809
-81
-453
-214
446
1003
959
450
-178
-558
-123
1178
2600
3359
3285
2981
2907
3377
4357
5220
5660
5613
5028
4414
4177
4080
3929
3460
2772
2362
2162
1811
1089
37
-975
-1700
-1897
-1458
-753
-417
-868
-1752
-2415
-2208
-1079
262
1444
2218
2523
2530
2436
2638
2982
3332
3832
4578
5531
5925
5047
2763
-285
-2695
-3414
-2429
-664
383
-491
-3288
-6820
-9537
-10610
-10188
-8995
-7919
-7200
-6723
-6464
-6283
-6406
-6974
-7631
-7640
-6160
-3190
195
2632
3115
1545
-671
-2051
-1935
-142
2173
3786
4268
3488
2102
704
-522
-1631
-2731
-3521
-3710
-3154
-2183
-1722
-2196
-3692
-5616
-6728
-6418
-4848
-2810
-1150
-644
-1146
-1855
-2216
-1616
-178
1450
2812
3650
3850
3688
3444
3138
2980
2942
3039
3350
3682
3667
3067
2089
1066
439
435
882
1462
1700
1310
583
163
395
1173
2011
2472
2741
2950
3238
3865
4728
5402
5767
5782
5516
5604
5901
5955
5496
4357
3272
2735
2712
3031
3270
3110
2290
1085
121
-123
189
307
305
441
932
1909
2637
2510
1403
-436
-2058
-2170
-496
1868
3395
3063
844
-2001
-4000
-4620
-4003
-2893
-2168
-2302
-2993
-3584
-3792
-3797
-4286
-5267
-5786
-5227
-3450
-1296
62
69
-1452
-3608
-4874
-4331
-2281
58
1359
1185
143
-1025
-1774
-1868
-1445
-986
-903
-1156
-1267
-921
-636
-994
-2142
-3522
-4238
-4199
-3565
-2804
-2482
-2987
-4421
-5904
-6452
-5714
-4201
-2763
-1943
-1857
-2124
-2637
-2826
-2175
-1185
-119
623
1132
1963
2658
2880
2731
2411
2260
2448
2954
3750
4570
4844
4359
3292
2288
1900
1909
2102
2340
2354
2037
1523
1035
718
756
855
803
870
1208
1734
2073
2156
2115
2025
1997
2238
2990
4018
4816
4871
4330
3863
3893
4524
5364
5899
5532
4043
1859
3
-457
517
1974
2573
1756
-189
-2491
-4346
-5131
-4549
-3206
-2077
-1759
-2043
-2394
-2574
-2803
-3080
-3008
-2464
-1342
261
2035
3338
3330
2000
110
-1170
-1118
114
1791
3010
3201
2192
383
-1398
-2373
-2425
-2157
-2018
-1923
-1612
-1278
-1191
-1576
-2572
-3664
-4502
-4648
-3714
-2184
-863
-680
-1752
-3181
-4197
-4339
-3560
-2378
-1448
-1133
-1332
-1643
-1794
-1681
-1543
-1615
-1626
-1456
-801
55
503
580
92
-708
-1031
-631
262
1235
1554
1238
818
707
1152
1744
2241
2392
2027
1793
1984
2486
3030
3007
2549
1988
1649
1711
1961
2148
1737
870
-40
-549
-392
-98
63
-139
-527
-506
-124
376
575
79
-951
-2086
-2001
-357
1598
2944
2769
1250
-763
-2586
-3326
-2707
-1274
-24
388
112
-262
-562
-1165
-2045
-2768
-2716
-1682
69
2210
3741
3934
2616
511
-809
-572
1289
3636
5229
5686
4815
3220
1839
1248
1350
1539
1175
505
248
498
844
713
-124
-1393
-2791
-3722
-3331
-1806
-51
615
-274
-1849
-3193
-3455
-2583
-1150
234
822
417
-326
-711
-521
-147
-158
-487
-591
-331
282
1086
1480
1203
254
-876
-1382
-939
233
1268
1491
1066
307
-346
-517
-208
488
1094
1153
915
871
1170
1425
1550
1708
1794
1782
1603
1390
1422
1430
1028
274
-310
-225
207
311
-162
-1036
-2404
-4031
-4893
-4487
-2989
-1547
-1308
-2138
-3488
-4735
-5436
-5259
-4139
-2580
-1464
-1420
-1833
-2065
-2242
-2570
-3033
-3209
-2736
-1724
-450
772
1504
1283
82
-1182
-1448
-332
1561
3211
4141
4218
3469
2400
1830
2130
2971
3491
3341
3017
2863
2937
2799
2055
975
-177
-1046
-1356
-956
130
1023
866
-402
-1898
-2641
-2471
-1526
-202
765
866
146
-820
-1192
-713
108
665
778
735
628
774
1287
1852
2398
2472
2081
1886
2203
2907
3474
3502
3039
2376
1947
2009
2482
2972
3080
2709
1992
1530
1531
1688
1852
1880
1753
1493
1346
1378
1380
1129
539
-13
-64
588
1490
1861
1278
-394
-2551
-4102
-4281
-3090
-1640
-1134
-1964
-3723
-5421
-6606
-7052
-6637
-5883
-5347
-5420
-5414
-4853
-4168
-3804
-4140
-4704
-4725
-3948
-2404
-340
1412
2071
1236
-384
-1233
-838
509
2052
2935
3149
2752
1855
1049
900
1350
1641
1317
806
790
1285
1729
1557
814
-135
-1061
-1590
-1435
-596
259
255
-788
-2009
-2464
-2280
-1830
-1417
-1181
-1126
-1461
-1830
-1506
-634
79
109
-478
-821
-403
497
1435
2174
2661
2634
2085
1614
1788
2472
3042
3067
2823
2860
3070
3313
3698
3951
3817
3299
2774
2819
3385
4015
4296
3944
3179
2505
2186
2296
2531
2485
1940
965
139
2
477
895
742
-276
-1909
-3186
-3444
-2560
-1253
-618
-1150
-2749
-4526
-5286
-4816
-3663
-2540
-2349
-3042
-3784
-3993
-3441
-2602
-2111
-2193
-2683
-2824
-1980
-405
1376
2386
1836
357
-710
-576
688
2366
3385
3465
2682
1341
487
566
1148
1494
1082
171
-520
-438
118
570
459
-503
-1942
-3115
-3264
-2330
-972
-175
-444
-1455
-2576
-3122
-2956
-2375
-1792
-1601
-1714
-1721
-1339
-675
-248
-499
-1299
-2097
-2411
-1811
-381
948
1553
1226
311
-364
-452
196
1194
1909
2245
2194
2054
2211
2451
2515
2242
1700
1494
1875
2785
3796
4132
3711
2708
1621
989
1194
2032
2605
2630
2129
1437
923
540
234
-244
-949
-1578
-1912
-1734
-1205
-833
-1123
-2166
-3441
-4350
-4472
-3766
-2581
-1674
-1499
-1948
-2547
-2728
-2484
-1911
-1282
-825
-471
-78
483
1206
1846
2030
1743
1210
933
1235
1914
2692
3161
3112
2725
2256
1910
1888
2064
1979
1673
1327
1220
1330
1400
1384
892
99
-833
-1559
-1445
-903
-475
-493
-907
-1505
-1953
-2059
-1920
-1593
-1480
-1568
-1821
-2026
-1786
-1443
-1184
-1330
-1680
-1732
-1641
-1203
-510
-147
-201
-485
-855
-846
-350
175
674
1040
1073
1014
1113
1438
1804
1983
1926
1769
1788
2272
2956
3255
3089
2429
1557
857
652
1364
2281
2367
1606
353
-811
-1489
-1684
-1409
-1157
-1414
-2157
-3041
-3594
-3643
-3519
-3624
-4118
-4683
-4794
-4533
-3980
-3208
-2715
-2821
-3394
-3695
-3193
-2069
-805
123
425
258
31
14
538
1489
2376
2763
2735
2653
2639
2734
2845
2866
2837
2807
2662
2704
3100
3369
3176
2581
1800
1198
1121
1401
1731
1793
1450
868
289
-25
-7
116
120
-149
-501
-688
-747
-598
-389
-408
-802
-1196
-1302
-1200
-766
-241
26
12
-264
-451
-452
-286
123
450
594
605
623
709
845
980
1073
1127
1036
1005
1129
1349
1584
1554
1355
1210
1118
1091
1071
1129
1193
997
692
305
46
102
161
-6
-351
-739
-1256
-1741
-1913
-1847
-1831
-2045
-2486
-2945
-3130
-3202
-3412
-3561
-3563
-3573
-3681
-3680
-3411
-3015
-2731
-2837
-3026
-2829
-2325
-1744
-1224
-844
-532
-403
-532
-412
236
956
1371
1446
1394
1432
1433
1438
1468
1539
1655
1621
1550
1598
1670
1568
1263
912
738
812
950
1074
1002
806
610
361
347
429
436
474
292
122
351
589
722
704
530
321
-1
-51
130
440
806
947
907
672
605
749
926
1210
1417
1528
1533
1538
1643
1829
1956
1980
1928
1724
1631
1644
1780
1918
1809
1633
1378
1076
910
839
771
784
726
448
99
-173
-408
-707
-1035
-1441
-1832
-2177
-2483
-2577
-2561
-2531
-2652
-3072
-3463
-3648
-3564
-3333
-3051
-2696
-2440
-2242
-2133
-2117
-2035
-1870
-1688
-1451
-1076
-552
-134
92
190
93
7
-81
-86
167
563
955
1020
862
644
429
390
449
677
863
892
863
723
626
497
416
396
253
84
61
173
254
225
66
-110
-380
-563
-289
48
331
515
280
-33
-183
-218
-146
-17
170
332
385
356
421
577
606
462
319
418
773
1252
1593
1666
1535
1256
1002
974
1309
1745
1933
1865
1669
1490
1369
1350
1346
1264
1157
973
747
629
598
615
492
169
-75
-199
-266
-362
-519
-602
-746
-1014
-1247
-1312
-1306
-1290
-1359
-1574
-1667
-1691
-1669
-1625
-1636
-1548
-1461
-1481
-1400
-1289
-1198
-1129
-1211
-1119
-818
-432
-66
103
157
125
-13
-78
97
460
801
860
824
819
725
670
625
572
608
568
487
542
594
704
705
481
281
53
-77
-123
-116
53
84
-45
-249
-516
-665
-764
-785
-674
-607
-536
-496
-568
-669
-746
-828
-785
-620
-480
-244
-64
72
169
90
76
118
226
596
926
1079
1294
1337
1193
1114
1039
1082
1206
1276
1233
1061
887
802
713
481
346
239
70
-63
-346
-588
-716
-966
-1211
-1372
-1462
-1452
-1586
-1872
-1913
-1923
-2014
-1913
-1738
-1498
-1271
-1152
-1071
-1016
-887
-701
-544
-408
-157
38
174
437
606
692
722
642
712
976
1194
1351
1503
1535
1405
1358
1323
1259
1257
1126
1040
1152
1395
1599
1553
1367
1147
837
665
698
839
1133
1171
993
734
468
415
389
409
374
279
270
226
182
174
43
-128
-338
-538
-373
-159
-109
-4
-62
-298
-551
-690
-595
-364
-97
55
5
-110
-188
-204
-181
-181
-76
-16
-26
-7
-22
111
46
-208
-323
-420
-464
-443
-369
-413
-552
-725
-988
-1195
-1253
-1215
-1233
-1331
-1419
-1510
-1625
-1653
-1719
-1806
-1794
-1883
-2007
-2003
-1895
-1718
-1561
-1453
-1391
-1344
-1295
-1225
-1098
-831
-597
-504
-367
-258
-123
27
240
392
425
551
594
634
789
1019
1265
1527
1656
1645
1625
1568
1631
1646
1684
1891
2004
2018
1991
1931
1850
1731
1630
1486
1462
1433
1310
1268
1157
1117
921
617
450
217
128
195
202
116
70
100
-24
-165
-110
4
125
258
347
338
248
286
352
290
358
466
512
524
465
437
389
317
363
484
472
343
134
-65
-104
-145
-195
-202
-324
-478
-584
-722
-833
-909
-1028
-1124
-1246
-1384
-1429
-1468
-1565
-1782
-1974
-2022
-2003
-1936
-1837
-1735
-1676
-1758
-1845
-1805
-1716
-1527
-1380
-1359
-1322
-1235
-1125
-950
-857
-822
-724
-786
-716
-500
-239
93
215
293
352
360
425
591
737
780
970
1117
1204
1401
1379
1369
1494
1481
1572
1643
1617
1689
1708
1681
1606
1501
1475
1473
1358
1183
1062
902
845
815
659
565
402
203
44
-172
-204
-153
-184
-188
-222
-254
-308
-377
-403
-380
-285
-201
-132
-47
82
260
386
430
442
426
373
390
491
545
548
548
422
253
192
199
150
-7
-113
-244
-402
-483
-546
-559
-578
-728
-896
-1047
-1140
-1173
-1235
-1277
-1337
-1311
-1360
-1466
-1487
-1486
-1378
-1352
-1318
-1259
-1222
-1082
-935
-796
-795
-742
-620
-539
-359
-233
-52
107
138
176
247
353
470
732
911
1038
1178
1118
1153
1241
1270
1332
1320
1313
1387
1472
1432
1292
1220
1134
1102
1099
1073
1133
1110
929
742
597
465
377
301
143
-34
-133
-170
-254
-346
-414
-498
-526
-561
-593
-559
-591
-587
-520
-550
-586
-625
-654
-635
-636
-670
-684
-616
-555
-485
-473
-514
-474
-374
-280
-229
-220
-274
-399
-451
-262
-115
-127
-174
-241
-287
-356
-326
-217
-174
-198
-276
-372
-493
-503
-383
-327
-457
-563
-589
-683
-624
-451
-395
-414
-508
-623
-608
-453
-319
-212
-71
7
56
95
76
116
203
235
285
398
490
656
826
829
754
770
875
956
1111
1304
1446
1490
1467
1483
1447
1488
1540
1522
1482
1354
1329
1399
1457
1392
1189
983
771
690
699
734
769
663
554
312
-50
-210
-371
-436
-305
-304
-363
-582
-897
-980
-946
-947
-932
-903
-912
-863
-831
-842
-904
-961
-957
-973
-871
-774
-776
-804
-862
-927
-966
-979
-933
-745
-632
-615
-591
-686
-695
-698
-772
-631
-546
-568
-563
-605
-629
-635
-583
-555
-546
-559
-602
-547
-531
-459
-466
-559
-478
-451
-421
-278
-243
-256
-275
-402
-359
-188
5
239
314
341
394
442
465
492
675
865
945
1025
1071
1083
1088
1090
1133
1260
1394
1406
1405
1424
1448
1440
1438
1422
1383
1410
1384
1364
1319
1177
1055
914
751
673
612
527
511
522
399
267
203
77
-54
-188
-200
-211
-247
-216
-359
-487
-645
-757
-755
-822
-736
-637
-627
-685
-740
-723
-724
-729
-701
-639
-587
-572
-570
-548
-600
-594
-479
-470
-513
-597
-608
-515
-521
-491
-477
-564
-656
-635
-561
-518
-414
-450
-541
-582
-603
-518
-427
-292
-202
-337
-473
-430
-340
-243
-153
-167
-166
-115
-176
-212
-186
-147
-24
4
-19
11
123
203
173
199
180
214
281
399
632
741
760
727
636
614
693
804
1007
1148
1119
1060
956
893
931
905
853
837
813
839
857
782
648
475
339
303
238
236
226
134
120
-32
-202
-341
-442
-402
-427
-431
-395
-381
-478
-478
-400
-500
-515
-562
-614
-585
-454
-370
-478
-474
-495
-512
-523
-541
-373
-338
-326
-259
-295
-294
-387
-405
-349
-338
-282
-310
-339
-411
-481
-446
-433
-347
-285
-330
-276
-259
-252
-214
-234
-224
-202
-129
-104
-161
-80
-19
17
74
29
67
231
338
376
408
406
447
501
473
471
542
531
511
597
636
633
552
520
601
573
570
613
612
623
560
542
557
445
404
341
230
175
154
167
97
123
63
-42
16
-107
-182
-123
-160
-181
-176
-114
-3
-113
-256
-293
-416
-396
-345
-348
-275
-245
-321
-351
-320
-394
-453
-426
-346
-328
-388
-295
-228
-329
-416
-435
-438
-474
-406
-318
-252
-211
-305
-360
-374
-386
-324
-304
-244
-97
-116
-207
-215
-219
-219
-293
-288
-245
-262
-99
-31
-94
-123
-129
-87
-31
25
68
133
162
228
262
203
227
257
304
382
427
450
472
546
615
650
648
653
719
701
646
654
660
685
703
613
506
464
429
441
480
410
419
444
325
255
279
358
256
151
136
-9
-38
-38
-121
-61
-63
-169
-236
-298
-270
-299
-393
-403
-403
-434
-431
-360
-345
-429
-636
-708
-586
-546
-463
-387
-371
-383
-490
-490
-392
-360
-296
-230
-241
-192
-142
-206
-257
-306
-330
-319
-281
-189
-159
-178
-225
-246
-239
-301
-337
-271
-185
-127
-201
-243
-225
-246
-177
-210
-198
-156
-219
-186
-149
-82
45
122
137
147
177
207
291
360
349
365
328
232
349
419
453
513
444
486
506
463
557
692
678
667
738
649
561
642
637
614
642
546
444
389
377
448
474
402
365
336
287
243
250
212
174
119
43
82
-16
-59
-40
-130
-210
-314
-241
-226
-316
-310
-313
-295
-412
-494
-442
-489
-502
-515
-567
-507
-423
-414
-455
-420
-371
-367
-307
-246
-243
-220
-195
-175
-141
-207
-217
-213
-203
-149
-160
-143
-152
-185
-186
-97
-58
-78
4
-51
-170
-120
-128
-155
-85
-107
-107
-92
-151
-127
-162
-164
-58
2
6
-64
-31
14
18
59
37
66
98
120
135
162
217
251
264
269
288
251
311
355
324
364
346
333
364
348
342
367
369
341
276
275
241
217
292
324
313
194
178
206
90
41
71
153
192
151
15
-93
-77
-105
-114
-114
-198
-244
-208
-191
-198
-235
-295
-376
-363
-289
-300
-238
-205
-220
-211
-296
-346
-345
-357
-344
-350
-285
-208
-183
-131
-125
-206
-273
-221
-167
-204
-137
-102
-103
-12
-80
-154
-218
-230
-102
-16
81
70
-11
16
67
104
157
166
155
134
111
131
90
143
131
52
102
71
129
185
170
169
117
110
130
142
97
144
222
104
45
90
52
129
169
184
311
326
330
315
326
355
359
401
378
376
339
282
281
171
152
160
105
183
208
143
155
171
43
-59
-55
-46
-63
-115
-134
-222
-329
-342
-386
-384
-355
-359
-317
-299
-306
-360
-373
-380
-398
-326
-302
-311
-348
-411
-355
-308
-331
-320
-313
-293
-254
-204
-103
-54
-86
-163
-195
-172
-181
-95
-46
-12
18
-141
-206
-108
-19
47
5
20
58
57
84
13
85
126
37
75
111
157
165
178
206
217
217
186
263
241
222
317
321
317
260
282
357
311
260
251
279
251
271
297
196
243
307
228
171
184
200
164
173
187
192
209
110
90
163
115
102
71
8
42
24
7
61
16
20
-46
-178
-110
-106
-43
-52
-178
-177
-229
-209
-218
-255
-281
-337
-278
-261
-309
-282
-300
-380
-331
-227
-188
-179
-177
-212
-232
-235
-216
-208
-220
-150
-149
-181
-167
-197
-209
-163
-155
-142
-53
-22
-3
117
117
50
18
-66
-77
-91
0
150
81
104
125
80
137
129
97
98
147
169
192
205
172
173
98
38
56
27
-5
30
123
170
139
83
112
116
28
14
91
103
66
98
71
21
80
139
110
55
73
116
197
165
148
218
131
201
212
82
145
169
137
49
5
51
62
86
57
32
11
-59
-62
-67
-92
-34
-17
-69
-83
-141
-210
-250
-322
-270
-173
-206
-253
-194
-215
-274
-189
-123
-120
-142
-99
-113
-130
-20
-98
-110
-51
-101
-53
-27
5
29
-7
-36
-51
46
62
50
109
119
62
-21
-1
-24
-25
-42
7
103
96
114
46
-31
-60
-56
-27
52
125
66
48
71
26
-32
12
-1
-113
-59
-39
17
160
85
-32
-57
-71
-66
0
71
71
124
127
93
89
49
39
-5
30
88
68
62
51
68
90
52
47
48
54
85
55
47
49
65
41
-23
-53
-21
43
47
22
-83
-149
-89
30
64
-39
-110
-111
-92
-137
-154
-133
-110
-126
-204
-168
-116
-154
-131
-124
-178
-178
-202
-162
-60
0
27
-42
-50
-94
-140
-65
-17
-27
-67
-22
-13
56
138
122
133
78
54
75
92
93
157
234
220
182
68
-1
24
43
57
99
128
129
215
193
71
55
71
95
13
-17
36
18
93
49
-27
-26
-54
25
46
79
64
18
109
67
64
98
49
11
3
83
37
-53
-33
25
69
30
-23
-65
23
63
-3
18
-33
-43
9
-5
-86
-146
-92
-48
-52
-74
-104
-174
-175
-158
-229
-154
-64
-48
-119
-199
-116
-111
-157
-211
-260
-163
-89
-66
-76
-160
-191
-140
-140
-156
-102
-50
-14
-22
-46
-25
-68
-128
-140
-55
86
63
60
76
17
28
11
44
98
122
152
92
168
218
155
144
120
146
149
186
180
151
172
149
228
227
148
113
60
81
93
70
81
127
118
50
18
21
-24
-12
10
-83
19
76
-34
29
60
79
72
37
94
129
145
64
80
90
22
35
12
-11
-26
1
12
66
39
-29
-3
-31
-70
-30
17
-35
-85
-119
-99
-84
-168
-213
-178
-197
-251
-243
-158
-96
-111
-71
-122
-188
-200
-152
-104
-157
-124
-89
-107
-152
-153
-93
-140
-149
-98
-87
-58
-88
-107
-76
1
60
-14
13
85
44
-28
-69
-17
39
95
87
48
61
110
148
44
31
111
137
136
134
219
164
86
156
184
147
129
125
145
220
228
208
177
124
76
157
217
56
54
135
120
131
85
7
23
100
32
-68
-40
3
71
54
-44
-58
-34
-54
-96
-117
-155
-109
-48
-66
-83
-122
-68
-13
-66
-123
-110
-88
-157
-99
-5
-73
-34
84
42
-73
-101
-94
-153
-171
-82
-12
16
-5
-27
-36
-115
-146
-102
-57
-55
-23
22
12
-67
-146
-168
-117
-103
-101
-64
-127
-72
-88
-182
-157
-66
34
56
33
-2
19
-8
69
35
-20
132
80
33
84
53
63
93
32
68
70
64
144
116
73
59
124
164
136
82
105
92
58
134
96
82
48
31
46
-20
37
79
64
119
152
150
107
23
-82
-78
38
16
78
127
30
36
-6
-57
-50
-98
-81
-31
-39
0
24
-29
-27
-80
-155
-138
-94
-24
-88
-110
-34
-52
-28
36
64
16
0
-39
-163
-105
16
-28
-87
-13
55
26
-57
-84
-110
-131
-52
40
61
-37
-30
-38
-57
-52
-131
-11
-5
-74
-91
-179
-145
-111
-105
-49
7
12
-25
-5
-25
-15
100
90
15
35
79
58
44
51
27
39
111
109
42
72
101
52
37
84
130
66
50
172
163
70
68
68
43
31
53
19
12
64
-23
-17
126
129
40
-42
-99
-152
-93
7
37
114
86
44
25
-41
7
13
-90
-50
36
-15
11
-18
-75
-27
-41
-32
-49
-47
-37
-138
-151
-79
-46
-20
-72
-42
57
-31
-99
-109
-159
-127
-56
10
10
7
1
-109
-126
-55
17
1
-59
54
88
-20
-58
-18
28
22
33
62
-19
-39
24
-62
-111
-65
48
34
-74
-59
-37
-1
-30
9
116
109
67
60
30
61
181
122
21
76
173
180
136
95
20
57
69
58
124
53
67
116
96
170
116
54
56
26
7
-32
-38
-34
-53
-42
-3
-15
-24
-11
-51
-147
-127
-44
-14
10
47
88
38
-18
-48
-38
-10
-78
-84
-14
1
13
-24
-71
-99
-138
-61
4
35
-4
-49
-14
-99
-87
-4
-3
61
-1
-48
0
-85
-120
-101
-62
-21
-22
-8
-37
-59
-77
-67
-25
4
32
15
-1
-27
-76
-81
-27
-4
0
-20
-71
-76
-45
-66
-114
-71
-36
-12
45
48
-19
-44
-59
-46
88
141
94
60
27
21
57
7
37
136
140
105
70
158
97
30
77
67
121
76
13
105
157
77
14
13
64
74
-33
-51
10
83
87
-40
-23
28
25
22
-13
26
6
-40
-16
-2
72
59
81
79
-63
29
50
12
17
21
64
-70
-100
-7
-21
-10
-7
5
-2
-89
-109
-75
-28
-23
16
48
-3
-36
-99
-73
-22
-42
-15
-30
-101
-66
46
54
25
-28
-104
-90
16
40
-9
20
16
-19
-94
-134
-96
-115
-58
33
-4
-38
-42
-28
-86
-130
-28
-9
-51
-21
-62
-69
-14
15
56
11
-39
-18
70
41
7
81
70
146
201
106
128
86
9
90
10
56
148
10
13
14
35
34
49
126
57
44
38
11
3
-20
-9
39
71
40
-15
-39
-46
-101
-100
-30
21
65
24
-33
41
41
8
15
26
55
27
13
0
-63
-71
-30
-54
-61
-34
-11
-28
-27
8
-52
-15
73
3
-46
-47
-44
-35
-36
17
58
-8
-12
9
-92
-138
-141
-110
20
35
20
50
-8
-57
-32
-10
-78
-79
-50
-36
-22
-56
-8
-34
-59
-30
-32
-14
-43
-38
-38
-10
10
-71
-54
55
118
102
64
51
-42
-113
5
72
89
123
60
73
71
-3
25
72
69
19
-10
44
41
-54
-24
87
61
19
55
33
2
11
53
16
-19
62
12
-18
10
-40
22
25
-8
-3
-27
45
52
23
-5
-52
17
80
91
85
74
27
0
7
-64
-23
-33
-97
-1
-16
9
82
36
-56
-126
5
61
-11
37
35
-1
31
16
-45
-55
-27
-29
-72
-42
-11
-60
-59
-11
27
48
44
16
-12
4
38
-11
-16
17
-45
-29
-22
-84
-17
-5
-9
76
54
1
-13
-35
0
-15
-50
8
39
51
21
-13
-5
-82
-66
66
65
-8
-52
3
37
14
13
-45
-46
-8
2
34
-7
-45
-27
-51
34
22
-66
-29
-61
-31
-19
15
35
-80
-58
-35
-25
6
15
18
-41
-45
-48
-83
-43
34
-14
-45
14
18
4
-12
11
69
63
29
18
0
5
-21
18
38
0
23
25
76
54
32
104
68
30
36
33
80
-28
-132
-25
23
57
50
0
39
39
-8
-47
1
40
34
109
74
34
7
-56
-24
-15
26
26
-2
97
21
-86
-10
21
39
9
-32
44
38
11
35
-3
5
18
-11
21
29
-55
-71
-17
-64
-100
-53
-13
10
-38
-56
-54
1
84
79
91
-2
-117
-57
21
-23
-96
-103
-42
-22
-57
-51
-66
-21
-30
-39
12
-27
27
13
-107
-95
-28
-24
-63
-16
38
29
38
47
24
-29
-112
-58
64
71
50
85
36
-38
-5
-7
72
104
51
86
49
26
62
28
5
-21
-49
20
11
-32
-32
-22
32
17
-23
2
-19
-9
-3
-33
26
27
-9
-15
-2
10
-20
34
106
-8
-31
77
21
53
56
-62
-59
-63
-34
53
55
20
24
20
-42
-11
20
-31
58
-14
-108
-20
-83
-102
-101
-57
64
41
47
22
-43
-70
-82
0
17
-50
-39
-9
17
-4
-16
51
17
-32
-46
0
38
-62
0
58
27
79
2
-8
20
-82
-32
29
-3
27
0
-2
64
67
3
-38
-24
0
-27
-32
70
73
69
87
108
58
-62
29
114
52
19
-15
-57
-41
-36
-27
-21
-39
9
73
37
14
28
-47
-46
-32
-43
6
-8
-21
-34
-22
1
-64
-101
-54
-20
-20
-11
-21
-23
0
-27
-13
0
-7
86
73
-38
-50
17
12
-38
-6
32
46
-13
-69
-52
-24
13
-15
-62
25
42
-22
-16
-32
-22
25
53
58
-23
-72
-39
-4
37
0
36
75
63
27
-43
-9
-3
34
69
73
56
-17
-51
-7
26
-5
15
46
70
106
69
-23
2
0
-39
5
13
30
-11
1
56
12
-31
13
3
-105
-6
57
17
28
-6
19
35
3
39
88
36
-27
-40
-68
-57
49
68
-22
3
13
-58
-65
-51
-56
-36
21
17
9
-23
-19
-14
-91
-22
48
25
-40
-100
-60
-61
-102
-24
31
29
29
-12
-67
-110
-99
-64
11
50
12
48
9
-49
-22
-54
-49
10
86
66
7
10
-29
-3
35
-22
-3
27
-42
-33
29
22
1
6
32
17
29
87
56
-9
7
31
19
6
6
56
36
-33
-89
-105
-61
-21
16
83
81
29
13
-32
-13
11
42
59
-19
34
57
-32
-29
-55
-31
35
41
67
22
-29
-77
-29
83
61
56
66
21
21
-13
-59
-79
-50
-32
-7
130
95
0
-20
-80
-30
2
-20
11
21
-9
-59
23
41
-69
-32
-26
-16
18
-37
0
-47
-98
42
35
20
33
-29
0
-48
-47
11
-38
5
31
44
52
-35
-47
-51
-34
7
14
58
53
-23
7
50
-21
-32
-7
42
82
75
70
26
-60
-42
13
3
50
-5
-20
0
-52
-1
20
68
61
-24
33
2
-35
35
-19
-81
-7
89
83
39
-4
6
-22
-55
-32
-47
-26
-35
-2
64
75
44
-34
-77
-42
67
36
-84
-16
37
50
17
-19
60
40
-9
-8
-76
-81
-13
-34
-25
8
42
59
1
0
20
-46
-56
13
-17
27
45
15
-3
-81
-8
-25
-18
19
-35
-21
-73
-102
-47
-13
31
62
97
69
-21
1
46
26
-44
-25
5
-42
-20
13
61
2
-52
14
12
71
52
-34
-13
7
48
29
-31
-44
-24
1
14
-2
7
-11
-30
-3
0
26
28
2
-7
44
37
-15
0
-40
-33
24
-42
-58
-21
19
72
14
49
22
-38
31
12
-7
-64
-87
-12
-5
-37
-70
0
28
-42
-54
-32
-30
-53
-26
-44
-63
16
13
39
64
12
-4
-10
-23
-34
36
-18
-71
-21
-40
35
69
16
59
-4
7
134
-39
-97
-25
-48
65
108
94
102
12
-60
-100
-35
31
60
88
9
23
49
-5
-45
-15
72
72
53
71
77
18
-32
-46
28
113
82
79
62
2
-45
-71
-58
-31
33
123
39
-35
10
-20
3
18
0
46
46
4
-30
-64
-73
-75
-58
-10
32
46
-8
-39
-22
-8
24
-32
-33
33
9
3
-48
-57
-89
-107
-66
-55
41
24
-31
-47
-82
-36
-8
-21
-8
20
30
18
-40
-142
-135
-26
32
0
-25
6
-29
-40
-14
-15
1
39
60
32
10
25
-4
-65
-39
-3
18
51
85
34
5
34
-8
53
45
12
53
-9
-43
-27
32
75
24
-22
68
149
19
22
14
-11
66
7
45
67
16
-42
-70
-17
-11
12
0
-21
2
0
-37
-7
42
5
81
114
16
19
12
-79
-133
-85
-55
-55
20
48
3
-12
-55
-46
53
46
-1
-7
-19
37
27
-65
-68
-5
-28
-31
22
-28
-37
-96
-129
-72
-4
45
10
65
59
-3
-5
-22
-84
-131
-83
-35
24
23
-30
-12
21
77
75
33
10
-5
-5
-66
-128
-66
56
66
69
84
78
31
-71
88
114
-49
41
58
83
46
-16
76
-8
23
112
34
-3
-6
-17
16
57
16
134
185
54
43
12
-28
-78
-74
-48
-83
3
53
18
17
-16
12
9
-42
23
-13
-117
-125
-142
-65
-3
5
36
-22
-35
-101
-91
-16
-91
8
40
-66
-51
-41
-48
-37
17
58
66
-2
-130
-92
-70
-10
60
39
51
31
88
64
-16
1
0
17
-5
-24
8
-20
4
6
47
113
55
39
28
5
65
64
-56
-41
-1
-11
53
29
-12
24
22
-5
-52
-52
23
6
-6
45
15
38
159
100
-45
-55
-61
-139
-114
-33
21
52
25
43
73
15
0
45
20
19
33
-39
-62
-54
-59
-33
1
66
53
2
-15
-38
-21
-31
-103
-91
5
81
56
31
27
-11
-75
-119
-70
-61
-28
-5
-29
0
-1
-4
0
2
49
20
-93
-87
-72
-121
-44
10
19
57
88
76
38
96
43
-51
-24
17
9
-42
-25
39
93
78
25
17
27
40
78
95
47
65
108
75
135
159
48
2
-40
-138
-132
-96
-34
25
33
69
83
78
30
1
20
19
14
-47
-183
-164
-116
-141
-47
-48
8
71
-44
-13
-16
-48
-65
-101
-4
-6
-22
-73
-135
-10
-41
-81
-20
-20
42
-4
-2
97
13
-1
-12
-45
82
44
-45
-38
-110
-59
-3
-7
63
132
146
88
76
121
30
-26
39
-56
-85
18
12
24
66
45
31
106
133
111
125
102
-11
-81
-36
-56
-42
35
92
141
67
40
40
-78
-36
35
24
78
-3
-31
-24
-84
-22
22
28
24
-1
-85
-128
-141
-104
-47
-29
48
26
-12
-32
-88
-84
-127
-122
-53
-57
-31
-43
-85
-28
0
-31
-16
-31
-31
-29
-75
-13
-5
16
42
-34
79
59
-55
-54
-73
-39
-46
36
126
84
69
43
34
51
27
4
-33
-71
0
23
-40
17
-22
-43
144
142
30
49
57
11
25
15
-55
9
46
-37
-25
37
26
51
92
57
-12
-4
72
20
-50
-31
-21
-9
33
74
79
61
42
16
-33
-54
-53
-26
15
1
14
4
19
98
65
26
-6
-54
-40
-44
27
14
-108
5
89
-7
-84
-95
-54
-18
-21
-25
32
3
-8
-9
-81
-29
-79
-187
-142
-125
-109
-56
1
76
57
28
2
-22
13
-41
-39
11
-19
-79
-74
20
31
77
72
51
100
69
29
56
34
-16
23
23
55
46
1
49
91
35
-19
35
32
7
-10
-64
-64
-36
-93
-81
-50
-24
39
-20
0
30
-12
-2
-22
-17
-18
-8
16
-42
2
57
2
36
0
5
53
48
180
147
83
120
119
48
-22
40
72
110
104
116
122
21
4
31
32
22
-26
-65
-6
-43
-75
19
10
10
-28
-73
-46
-127
-163
-159
-207
-197
-101
-62
-127
-133
-94
-71
-103
-119
-89
-99
-86
-35
-59
-97
-107
-153
-117
-26
23
-2
5
58
19
57
140
67
2
38
-14
0
101
77
78
73
112
226
161
92
94
37
41
101
109
126
120
52
68
123
72
-7
-3
27
39
98
154
134
35
-52
-36
13
32
5
-42
-39
-6
18
15
29
2
-37
-43
-113
-116
-114
-58
27
42
92
50
0
-37
-91
-90
-88
-69
-27
-50
-118
-67
-49
-50
-8
-101
-95
-27
-39
-39
-88
-41
6
-71
-150
-175
-132
-118
-150
-139
-16
3
-55
-34
-47
-37
-82
-98
-30
-39
-60
-28
7
14
117
100
57
122
86
140
107
65
141
138
131
122
159
224
195
144
209
187
160
182
181
174
70
128
113
35
125
75
91
116
3
8
-10
0
-15
-64
-25
-52
-84
-89
-92
-138
-155
-73
-114
-142
-124
-152
-100
-148
-186
-111
-165
-144
-94
-132
-74
-155
-132
-77
-148
-74
-48
-39
-70
-104
-54
-68
-50
-35
-82
-50
-12
-17
-52
-48
59
136
83
55
43
-11
-24
-74
-34
4
-12
62
103
143
140
138
160
123
123
52
0
32
58
136
236
221
144
131
39
36
130
139
207
194
122
132
165
183
135
95
100
121
85
48
8
-1
42
-34
-10
74
19
-34
-77
-113
-45
-1
-52
-64
-153
-204
-225
-245
-171
-172
-227
-198
-185
-184
-165
-247
-234
-197
-234
-221
-201
-182
-222
-213
-125
-134
-134
-122
-173
-119
-76
-81
-26
5
64
41
37
44
-53
-66
-6
45
48
56
83
194
236
232
298
213
212
195
95
109
153
140
103
141
132
188
215
148
215
228
201
192
118
105
102
158
164
70
83
103
166
127
5
55
29
-34
0
4
58
46
-7
85
77
-26
-101
-107
-74
-38
-1
-61
-2
-53
-162
-81
-144
-152
-116
-159
-163
-185
-156
-154
-154
-117
-196
-193
-191
-250
-209
-180
-118
-124
-210
-214
-219
-215
-148
-124
-196
-187
-112
-85
-85
-155
-216
-142
-6
41
-22
-33
9
41
115
122
101
69
57
118
92
83
118
169
218
221
245
255
256
196
215
275
220
178
215
234
217
253
212
219
253
184
151
162
149
118
105
95
76
49
30
10
-11
-15
-12
-7
-35
-44
-8
-28
-63
-74
-101
-166
-166
-157
-179
-119
-85
-134
-199
-186
-188
-193
-144
-147
-118
-82
-105
-161
-191
-141
-140
-164
-110
-93
-85
-98
-105
-75
-85
-109
-118
-146
-158
-97
-47
-80
-50
50
12
11
-3
-85
-35
80
114
24
10
28
3
42
78
26
16
166
150
133
140
56
157
151
72
127
174
163
171
149
111
180
174
113
134
134
148
137
54
86
116
86
72
16
43
84
41
16
58
90
64
24
9
-9
-92
-38
51
-45
-18
4
-109
-160
-219
-151
-72
-113
-72
-66
-112
-132
-177
-191
-132
-56
-42
-50
-98
-120
-104
-173
-190
-154
-139
-187
-195
-96
-46
-52
-108
-113
-14
5
-41
28
82
18
6
24
1
-17
-27
-18
24
89
129
91
17
33
22
56
114
96
142
113
115
158
173
142
101
195
170
113
144
107
94
74
72
57
26
54
67
93
92
144
116
86
121
29
58
62
31
41
-36
-38
-28
-63
-79
-140
-161
-57
-60
-127
-111
-83
-72
-86
-40
-108
-165
-107
-135
-166
-108
-49
-94
-123
-114
-113
-132
-145
-140
-78
-87
-128
-154
-146
-51
-93
-27
42
6
24
-19
20
1
-103
-116
-38
54
51
24
6
-7
-8
38
53
27
8
42
168
168
141
153
137
172
163
107
149
154
120
161
129
139
139
131
130
50
107
152
111
181
176
73
112
120
94
47
-21
26
60
55
31
-79
-135
-53
-41
-86
-85
-130
-149
-128
-123
-131
-118
-90
-135
-89
-35
-144
-156
-124
-154
-135
-143
-90
-51
-132
-139
-142
-177
-143
-115
-120
-73
28
32
62
103
13
0
-37
-42
81
-21
-73
32
26
-3
-20
15
12
37
46
25
61
43
29
61
54
32
-11
-16
93
88
75
77
-16
28
41
11
34
-9
56
123
56
-2
-45
21
58
45
132
107
81
79
64
74
65
108
63
-15
33
30
-16
21
0
-44
-33
8
32
15
8
19
44
30
32
-45
-44
47
-30
-59
-60
-47
-42
-78
-66
-91
-85
-15
-28
-70
-95
-66
-21
-56
25
9
-72
-75
-113
-60
-13
37
-15
-122
-45
-18
-18
10
-33
-27
36
13
-41
-54
-50
41
49
55
116
78
73
75
47
34
8
27
72
12
47
99
-17
-27
-23
-57
-1
-31
12
110
71
44
-8
-65
-59
-15
-30
-16
-11
-98
-64
-58
-93
-72
-108
-82
-55
-52
18
-42
-91
20
24
30
21
-23
7
-6
-3
44
-12
-6
88
4
-10
31
50
81
42
5
8
124
166
83
76
96
91
45
-21
91
100
23
97
57
28
-22
-25
43
23
31
5
-16
-46
-72
27
30
-2
45
18
12
-19
-67
-84
-100
-15
-30
-98
-68
-80
-67
-67
-142
-87
28
-38
-58
-48
-77
-12
-46
-67
-23
-56
-94
-62
-20
-53
-100
-84
-52
-5
-41
-88
-55
-52
25
35
2
-19
-44
58
72
38
26
-18
34
70
53
83
11
-72
85
140
68
74
96
85
50
66
70
88
80
87
83
108
116
46
82
-3
-44
77
89
76
18
25
69
-13
-75
-28
0
9
36
3
-19
-5
-6
-3
-15
5
38
10
-63
-88
-69
-61
-89
-73
-27
-51
-10
-22
-37
-23
-59
-63
-20
-35
-48
-41
-39
30
-36
-94
-76
-73
-4
-21
-74
10
19
-35
-60
-90
-23
17
11
-3
-1
43
63
5
-25
1
-79
-55
50
51
0
-6
44
15
-32
-39
-10
-18
44
54
-13
32
36
65
70
47
15
3
16
-14
-7
23
2
2
27
47
49
-24
50
96
28
14
19
74
32
-1
52
26
44
60
-66
-70
-31
-1
32
-35
-41
23
22
25
61
-9
29
-9
-117
6
38
-7
-35
-25
29
5
-29
-47
-1
33
-22
-17
-9
1
-15
-45
4
-1
-31
-28
41
6
-46
66
79
3
-47
-76
-61
-53
14
37
-21
-33
-32
-50
-39
25
3
0
41
29
7
13
43
10
33
39
-4
8
-14
-38
-37
1
35
-5
-32
-17
29
19
-34
48
95
2
9
23
-19
-34
-5
-49
-52
18
-44
-45
-58
-136
-101
-58
-11
14
-44
-15
68
-14
-55
1
-74
-52
30
18
0
-33
5
-30
-68
-3
-12
1
69
51
0
14
63
69
31
-14
36
147
146
135
98
22
-14
0
48
111
95
16
25
43
39
17
4
9
29
79
77
37
23
43
0
-15
0
-39
-18
-38
-41
-29
-81
-103
-97
-59
-89
-127
-63
16
-23
-43
27
-105
-136
-22
-100
-76
-11
17
-40
-96
-58
-102
-62
-56
-34
25
-14
43
51
-28
-29
11
15
66
111
-4
-19
63
51
15
28
99
100
41
48
35
42
22
-5
50
40
77
50
-21
51
56
50
45
27
68
5
-23
15
36
63
0
-29
-53
-109
-47
29
7
-31
-44
-3
13
26
25
-60
-18
18
-12
37
56
-16
-93
-153
-68
6
-48
23
6
-53
-45
-56
-27
-13
9
44
48
-1
-41
-32
-21
-26
-4
-31
-39
-25
-34
1
-67
-67
86
74
56
105
-15
-81
5
68
67
42
23
0
51
57
-9
10
33
53
30
13
14
54
96
19
9
62
38
-14
-4
33
43
-39
-89
-6
3
53
44
-9
47
9
-8
-66
-77
3
-25
-2
11
-63
-103
-35
21
-7
-29
-41
0
-33
-84
10
49
-11
-20
-5
-55
-55
-47
-78
-25
-42
-47
20
-14
3
51
14
32
17
13
-1
-57
26
-4
-94
-17
75
42
25
68
25
13
16
1
9
17
8
37
107
65
28
11
-63
-2
33
-3
17
43
88
50
-25
-50
14
62
60
61
45
19
-21
-12
15
33
7
-6
49
75
26
35
-5
-74
-11
4
22
80
77
-6
-20
41
15
14
8
-47
-61
-96
-61
-6
-29
-6
-19
-42
-67
-63
-65
-46
24
-24
-57
-84
-86
-31
-72
-44
-16
-93
-67
-45
-55
-119
-119
-10
13
49
19
-8
17
-35
-43
27
26
23
54
36
1
4
51
75
45
1
19
84
53
72
75
37
93
97
99
60
12
71
69
64
49
34
89
49
63
49
-36
23
47
-2
-12
-9
46
94
-51
-89
49
34
24
15
-49
-7
-10
3
-14
-97
-84
-99
-53
-18
13
-14
-91
-73
-61
-44
-34
-45
-42
-8
19
-58
-100
-64
-26
-46
-72
25
2
-65
-47
-57
-75
-30
2
-6
58
24
-38
6
-16
-44
5
62
17
1
33
1
46
85
6
-26
-3
-21
-19
-15
25
56
41
58
66
23
-14
2
50
73
38
-9
5
23
-10
-2
69
90
6
-18
6
-24
-55
-10
74
82
38
-4
57
76
22
19
-3
-18
-36
-6
-15
2
32
-9
-14
0
28
-7
-44
-14
-5
21
30
8
-41
-19
12
-30
-13
-47
-56
-14
-80
-37
-2
-55
8
-22
-53
-17
-21
8
-16
-64
-49
-19
-34
-67
0
-1
-71
-14
-6
-31
-7
-33
-63
-54
24
44
-34
-48
-27
46
53
-9
-19
-21
18
-30
-21
40
15
34
10
-10
-4
29
44
37
30
9
48
49
45
4
-18
41
35
14
-19
13
48
63
92
0
17
41
32
61
-37
0
41
-22
15
11
34
48
-30
-44
-6
-2
-9
35
63
-11
-100
-32
31
14
33
-24
-85
-56
-88
-47
24
-35
39
-2
-43
75
-14
-80
-52
8
-38
-10
72
2
8
-21
-36
-61
1
89
50
50
-53
-51
42
10
41
2
-18
32
7
30
-41
-92
-31
-42
6
19
-22
-7
-32
-24
-23
-38
28
-6
-34
-81
-129
8
4
-34
21
1
-15
-1
-19
-25
54
11
10
74
29
-18
-24
76
57
5
55
10
-2
53
39
-19
0
74
8
-53
41
1
-18
71
-21
-28
19
-60
0
40
-10
-33
-54
-18
-23
27
49
-4
-33
-64
17
27
4
65
87
76
16
26
28
11
31
-34
-32
0
12
49
11
31
88
32
8
51
-13
-69
-3
-41
-99
0
-15
-75
-82
-51
13
-42
-41
-44
-61
17
65
41
46
35
-54
-21
-21
-28
-57
-112
-7
0
54
110
3
23
107
84
34
8
-8
-13
0
64
24
-93
-103
-84
-36
5
8
-39
-3
-20
-123
0
36
26
66
-2
-25
-52
-68
-49
10
-19
-75
34
60
91
61
-11
91
50
-49
38
60
67
93
-9
15
37
61
55
-34
8
-37
-21
4
-39
0
-24
-21
26
-64
-87
35
20
-40
-81
-11
47
29
46
17
18
6
-13
10
-23
-62
8
57
71
69
67
39
14
62
67
45
26
1
-14
27
15
-48
-40
23
-11
-135
-112
-68
-73
-97
-97
-37
-18
-52
-93
-100
-90
-73
-5
18
-3
29
-13
-64
-2
17
32
8
-6
0
-47
17
-19
13
107
29
66
31
18
93
59
78
81
27
86
71
-34
-34
-54
-44
-28
-27
10
-31
-115
-55
8
-9
27
32
54
61
18
54
75
40
77
138
78
45
62
-2
-85
-3
-3
-59
21
16
25
30
2
-32
-34
16
-2
53
83
3
-1
-31
-72
-46
-33
-78
-140
-130
-94
-131
-190
-142
-88
-71
52
101
15
-22
-5
59
90
123
161
5
-28
65
29
10
-50
-82
-57
-45
-54
-48
-5
28
-7
-5
65
105
86
30
83
45
-45
-18
-32
-9
-30
-85
-28
-54
-70
-32
-37
-7
11
34
9
-14
67
72
51
98
118
144
122
50
27
10
18
13
-10
-46
-36
-19
-36
17
-10
-86
-118
-58
36
10
0
10
46
43
11
51
4
-19
-33
-90
-88
-125
-114
-35
-10
-27
-21
20
13
38
63
18
10
63
70
19
38
82
37
-55
-23
-11
-4
-18
-104
-48
-61
-68
2
-20
-21
18
-3
4
-30
-95
-5
76
37
12
7
-1
-38
-16
66
68
7
-23
-31
-31
27
56
65
13
-1
50
8
37
89
115
62
-28
-11
-42
-4
39
-1
-22
-29
-38
-17
26
-65
-36
36
0
-25
-46
0
54
73
11
-17
39
15
24
49
-56
-38
-4
-72
14
50
51
80
57
46
-28
-47
-8
28
15
-24
-58
-68
-28
-63
-93
-48
-75
-62
-17
-88
-36
43
57
8
-47
20
0
-12
3
-33
-11
-2
7
6
-57
19
65
-14
0
46
55
47
7
19
70
71
42
30
67
50
14
19
21
52
20
-45
-84
-98
-102
-63
-21
-42
-8
16
-14
40
113
57
53
48
63
83
-24
42
70
-56
-98
-31
18
-68
-78
-30
15
23
7
-3
20
86
35
46
3
-2
25
-48
-18
9
-11
-59
-82
-77
-41
-23
-80
-92
-74
-21
30
-44
-65
-24
0
73
104
89
106
19
-4
66
34
44
30
-29
-55
-78
-61
2
-15
-14
27
-10
-12
9
10
-9
8
16
56
81
1
77
-18
-63
33
-123
-58
-60
-74
71
-6
13
-38
-118
-30
19
70
40
87
132
48
97
89
18
76
12
1
88
35
-44
-79
-108
-105
-20
-18
-7
59
43
11
-33
-58
20
24
-14
54
48
7
-65
-109
-73
-35
-21
5
46
-55
-56
-34
-60
0
-6
15
63
21
-5
21
22
11
22
-2
-14
39
26
0
-30
-45
-17
-25
6
14
-47
-28
-15
-43
-16
12
30
36
13
15
16
2
11
-37
-59
4
52
56
5
4
64
6
28
95
-20
-61
-19
33
37
-22
-5
19
2
-47
-42
17
20
-8
-22
12
14
13
42
14
-40
-1
19
-9
10
-15
-75
-50
-56
-71
2
-6
48
33
-83
-27
-4
5
39
-3
38
71
-24
-13
55
-10
-45
-20
-17
-24
-57
-48
-10
-26
-55
-75
-49
85
103
17
28
22
30
107
112
21
-23
36
33
-53
0
16
-49
-25
-40
-40
-44
-22
13
12
93
47
5
42
19
-20
-3
84
-27
-42
23
-84
-85
-100
-43
41
-40
-28
-12
-22
10
-3
12
24
12
75
83
-3
-10
64
52
-9
-4
-6
-29
-31
-8
-2
-28
-65
-41
-49
-32
23
-10
15
42
8
1
-4
-2
15
-13
-21
-37
-88
-20
-3
-20
-26
12
11
-61
0
32
16
-4
50
46
19
122
35
-7
28
-6
43
5
-5
-28
-59
-2
-4
57
-8
-65
-5
-6
-5
-58
-5
40
-3
11
9
30
33
-29
-37
-43
-14
25
-27
-23
-45
-56
52
61
43
26
32
143
55
-45
-21
-7
28
-1
-17
35
29
-41
-44
-61
-36
46
7
-8
66
9
-56
-8
-16
-15
-26
-40
-24
-32
-64
-69
43
21
-61
12
2
38
100
25
27
5
-39
-27
-36
30
49
-41
-2
64
-1
-50
-33
34
66
63
5
-92
-10
53
-22
-9
-56
-42
25
-36
-19
-71
-34
47
15
36
-44
-33
24
-5
-7
-17
26
69
44
-25
-50
-33
22
60
32
-6
-31
8
-25
17
97
-3
-40
24
35
6
52
52
-4
-8
-28
-45
-21
-25
-10
-3
-70
-5
35
0
15
-33
1
66
90
71
-12
-11
-15
-41
-42
-63
-6
29
-9
19
-50
-21
87
33
49
16
-31
-11
-4
50
81
33
-52
-51
4
11
15
-4
-6
-13
-64
-9
40
-16
-17
15
7
1
-47
-75
-8
11
-34
-3
36
70
50
-24
-35
-4
-16
-94
-54
-16
-20
-32
-69
0
45
30
46
28
-22
8
64
15
5
15
34
17
-31
66
60
-28
-50
-63
13
25
-33
-29
-27
0
45
47
9
-19
-10
25
8
-4
7
-11
3
45
70
18
-31
-29
-14
-15
-41
-20
39
3
-56
-27
-5
49
72
52
50
39
57
27
24
15
0
1
-51
-53
-77
-12
43
-43
-37
-55
-77
-22
-43
-51
25
79
8
-28
0
49
52
-19
26
43
-34
-42
-67
-51
41
57
42
34
-9
-67
-88
-19
14
43
111
76
47
25
-10
60
49
9
30
-65
-89
-28
-55
-86
-44
12
-12
-50
-27
-43
-56
26
76
16
-6
42
48
40
36
-7
-67
-19
65
28
-16
24
39
-51
-73
16
34
1
30
26
-33
-21
-15
35
51
10
37
-30
-37
10
-29
-23
-32
22
26
-86
-76
-70
-43
-5
-19
9
52
47
-17
7
16
-12
43
64
12
93
112
-47
7
22
-6
62
-19
-60
4
6
19
34
-61
-59
1
7
16
12
65
63
20
-9
0
-15
-73
-1
23
-14
-1
-16
-42
-61
-42
-29
8
38
11
35
58
18
-17
38
62
22
24
15
-34
-60
6
-1
-50
39
18
-39
-48
-86
18
18
-85
-21
-26
14
72
-12
-30
3
1
-36
-57
-36
16
-8
-22
19
-34
0
43
-18
17
4
-5
-6
-23
45
54
33
-16
-70
-7
57
26
7
9
20
17
2
1
-9
34
20
-9
-12
-43
-31
-19
21
-3
-1
60
6
1
13
-22
8
50
38
16
36
9
-12
-33
-50
-6
31
77
20
-12
12
-8
30
72
15
-70
-23
19
-26
-71
-58
39
40
24
41
8
5
2
-9
0
-19
-18
-29
-62
-71
-28
17
-31
-43
-21
9
9
-21
-17
78
56
-61
-13
-27
-12
1
-27
-6
9
21
-12
-43
-61
-52
-1
47
-9
-15
31
6
14
-23
-43
3
51
22
-7
33
-18
6
87
-13
-68
3
-23
6
41
-16
19
15
-19
-56
-28
46
62
76
29
64
4
-64
28
3
25
47
28
52
30
-6
-14
25
3
-26
-64
-29
52
-56
-22
32
12
51
-30
8
46
11
33
4
27
24
-21
-39
-112
-70
13
6
11
-27
-69
-26
-15
-29
5
-10
4
57
-1
42
15
-10
88
2
12
15
-71
-69
-89
-58
-12
-46
-20
19
-9
4
22
-29
-30
35
29
12
26
8
10
-8
-5
24
-15
-60
-14
29
-53
-33
24
-1
8
60
16
-5
65
58
1
-25
-49
-19
83
68
59
56
7
-23
-52
-14
27
-4
-35
-22
-15
-2
2
-4
26
20
17
18
-38
11
45
35
43
-24
23
19
-82
-35
-35
6
50
5
84
69
-10
-18
0
-5
-22
-9
-64
-26
-13
-22
71
-23
-55
8
-32
-3
5
17
42
40
8
-61
-34
-42
-74
-18
-25
-40
5
-47
-67
32
25
36
80
33
28
15
-6
-33
-32
55
26
-17
13
-55
-71
-1
33
30
-30
-67
32
55
16
38
-36
0
53
-44
-25
23
-7
-50
-40
21
63
40
46
56
4
4
-15
-5
2
-25
8
-4
7
62
0
-5
12
-5
48
23
-19
-32
21
81
75
59
-27
-56
-12
-58
-93
-72
-72
-26
35
10
-9
38
8
-19
18
-11
15
27
34
11
-51
-19
-46
-78
-61
3
22
-39
83
51
-50
62
32
12
25
1
-1
-48
-65
-2
3
-23
1
-6
-12
-27
48
85
6
-23
-31
3
1
-83
-35
57
-5
-29
19
26
54
52
34
-33
-45
4
-39
11
1
49
141
54
34
-3
-38
6
13
-7
-22
29
35
-30
16
55
23
-47
-51
16
-15
-36
0
29
47
37
33
36
-12
-41
-45
-29
19
-22
-82
-45
-37
28
81
9
26
22
7
19
-64
-71
46
43
-10
4
-26
37
56
-25
1
9
-63
-86
-27
-58
-21
25
-3
37
-13
24
32
1
12
0
25
-29
-15
-53
-46
50
50
18
-22
-51
-63
0
9
-29
55
97
51
29
-3
-26
-42
18
115
89
16
-15
-24
-5
-40
-62
-36
4
84
37
13
67
5
-59
-4
5
-13
63
19
-18
54
8
-2
8
-17
2
23
-49
-100
49
60
-4
21
-20
-21
15
44
48
-32
-72
-14
8
-17
22
52
0
2
-22
-31
68
43
-45
-94
-59
47
23
-63
-51
-12
-28
-19
41
51
2
12
25
3
-4
-53
-43
-4
23
55
-40
-83
-17
-45
-7
42
-21
23
84
63
19
-24
24
3
-58
-59
-50
-5
32
67
37
5
33
36
5
32
64
0
-72
-34
53
-22
-40
65
-1
-14
-2
0
88
11
-19
24
-31
-19
18
1
12
64
32
-13
20
2
-51
-12
46
25
23
10
-13
-19
-41
-52
-31
-4
1
48
25
16
79
7
0
13
-52
9
-25
-62
31
9
-30
-41
-53
-9
-41
-88
-89
-56
30
27
44
27
2
51
6
-40
-54
-53
0
4
-6
31
30
-4
-13
18
-1
-51
-35
-61
-66
14
20
25
51
52
40
-9
24
-7
-43
-4
-38
33
3
-85
10
19
-16
-46
-43
33
-30
-67
-11
-45
4
75
-28
1
70
53
68
51
19
9
53
32
-55
-34
-15
-9
71
-21
-73
7
46
115
44
-32
-28
-64
-15
31
20
39
-35
-72
5
-36
18
85
-55
-4
37
-4
23
-22
-30
-49
-32
15
-14
-7
-22
-44
-26
37
81
66
67
82
63
-15
1
38
6
-9
-35
-84
-52
-17
-44
-6
37
6
-76
-65
-7
1
-9
-11
35
32
36
29
-39
-12
-12
-25
4
-10
-32
-58
6
68
-13
0
44
-21
16
35
-19
47
24
2
112
36
-49
17
-9
-13
42
21
4
-45
-69
-28
-33
-22
-4
-10
49
18
-8
31
-26
-48
-13
0
0
-8
-17
26
36
-1
13
49
41
26
52
56
19
30
-27
-23
125
61
-35
-24
-88
-95
-50
7
70
41
52
40
-22
-36
6
-16
-85
-43
-34
-38
22
-5
-33
-8
-48
-37
-76
-63
29
-22
-36
-9
29
52
-5
35
29
16
85
41
23
16
-64
-47
-36
-52
10
-15
0
23
14
22
-17
-13
-52
-59
-10
-17
-55
-65
-39
11
58
51
0
20
41
-38
-12
-34
-13
34
-97
8
66
-55
33
46
1
-8
16
66
-10
-14
30
7
34
67
35
-11
47
20
-57
12
-39
-78
-79
-84
1
-24
-30
36
45
21
22
32
30
13
17
0
-22
-9
-31
18
61
51
15
-3
27
58
69
-58
2
54
-18
24
4
38
28
6
-11
-50
8
0
-10
-36
-82
14
17
-44
5
-19
10
38
-37
-34
-59
-94
4
37
-45
-82
-8
18
18
41
-19
16
-27
-15
48
-17
30
43
-13
11
70
37
-17
-43
-56
-26
37
55
-10
-27
15
20
-11
-56
-22
82
70
-11
-12
29
13
-25
-3
26
51
82
-7
-48
-1
-46
-3
28
-5
45
10
-23
24
51
33
-43
-105
3
48
-26
7
-12
-23
6
1
1
-6
-9
-24
-40
-58
13
27
-13
11
-51
-74
-16
29
11
-9
-18
-46
3
64
26
7
26
29
21
19
8
-27
58
16
-93
-12
5
-44
-30
0
-29
-5
30
-18
-3
-9
47
111
55
-24
-51
-21
39
28
-29
21
-44
-40
50
-45
-99
-76
-20
73
80
16
49
14
-50
-23
-58
-49
61
78
-33
-32
14
7
-8
-42
-117
-105
0
-3
2
17
-28
-19
66
105
79
33
-20
18
-5
-88
-9
-5
10
74
16
71
101
54
53
-24
7
49
-45
-24
-11
-35
-12
-18
22
39
-1
7
-14
-52
-16
-22
-32
25
-15
-20
30
6
-9
-45
-33
-3
36
23
-17
-4
-44
3
28
48
75
-29
-44
33
4
14
63
-1
-4
-15
36
93
-21
-48
-54
-27
-3
-24
-75
-104
-16
31
34
-8
11
12
-33
0
-15
-17
16
19
-5
-18
19
3
73
80
-18
46
37
49
80
51
24
-103
-95
-16
-29
-7
53
105
72
21
-6
4
10
-92
-99
-54
-56
-51
-65
-27
-1
-11
10
-1
-14
23
-34
-63
-14
-54
-11
17
-26
26
39
6
28
35
36
25
48
52
12
58
56
18
19
-2
-28
-34
-35
-66
-47
60
54
-26
24
-3
-30
31
-22
-31
-46
-64
11
32
33
24
-12
-17
-32
-3
25
8
-25
-69
12
62
34
32
16
28
-1
2
69
5
-47
10
64
48
-67
-27
41
-31
-61
-92
-36
3
-89
-51
19
22
27
-94
-78
-48
-71
9
17
57
29
6
50
14
0
-30
-71
-7
51
11
-66
-20
98
111
85
40
68
36
-28
6
-39
-33
5
-49
-80
-64
-6
52
57
4
-22
38
-7
-26
0
-46
-61
-70
-19
24
-20
-29
-2
-57
-36
46
61
72
0
12
78
16
-28
-28
11
23
6
8
27
-25
-47
29
-25
-7
-10
-79
30
-8
-27
19
-84
-39
39
-40
-8
59
62
22
-43
32
39
16
52
-23
-54
-34
-60
18
54
36
42
14
25
24
11
-41
-8
12
21
46
-37
-60
-67
-43
-51
-90
4
65
32
-5
-48
10
-5
-96
-36
-35
-77
-59
5
90
105
23
-10
38
10
-10
-78
-66
-12
11
75
-25
6
65
-19
-16
-25
4
-33
-14
71
-49
-76
19
-1
-9
19
-34
-37
64
79
0
11
-21
-13
41
31
77
23
14
-13
-96
-21
-37
35
106
-55
-74
-38
6
16
14
13
-9
21
-3
15
4
-11
-19
-76
-76
-79
-55
-13
22
57
60
68
28
14
-13
-104
-35
46
21
0
-21
1
47
36
14
22
-16
-57
0
11
-15
-24
-105
-67
24
0
23
17
-2
41
1
0
1
-24
51
42
-29
-28
-2
-35
-24
69
48
-8
46
32
-3
25
30
20
-3
-40
-38
-52
-79
-15
-46
-60
6
-24
19
-36
-65
31
-9
4
43
35
-19
-50
-10
-13
-4
12
15
37
62
46
-19
-21
-10
20
69
23
67
76
26
99
48
-53
-40
-38
-56
-62
-31
-16
-8
-19
-82
-67
2
46
30
-8
-22
-22
0
22
5
0
4
-7
16
88
113
26
-48
-23
74
91
-3
30
31
-50
-24
3
40
0
-57
-18
-43
22
40
-46
-15
-54
-78
-27
-70
-105
