-34
85
76
82
139
52
28
5
-53
25
-8
-67
34
56
20
6
-2
-28
-67
-97
-86
-59
-55
-33
17
63
-39
-84
-6
19
47
2
10
43
22
15
21
51
3
0
-13
-61
-58
-15
50
43
27
-1
-7
12
0
8
-11
3
48
24
62
43
-30
-17
23
48
0
28
23
-14
15
41
108
23
-78
-4
9
-40
-59
-29
49
53
4
2
-7
36
-8
-58
20
-74
-57
63
-11
-16
-89
-121
11
58
0
-32
45
21
-16
15
-8
29
120
75
0
27
25
-16
-38
-76
-60
-3
51
41
-67
-49
0
-20
-35
-55
-27
26
-2
-46
-48
-42
-11
-46
-27
-20
-99
-13
-56
-29
99
-31
-27
16
-28
13
3
-21
-27
-83
-74
-75
-91
-18
-11
-47
-55
0
46
0
3
11
26
43
65
94
38
45
85
43
55
49
28
46
0
36
77
111
113
15
5
63
103
26
-12
-20
-10
87
73
34
-37
-102
-27
-17
7
47
16
31
46
25
-21
-41
-73
-12
101
35
-19
-32
-71
-15
39
15
17
17
-7
-13
-19
-61
-136
-83
5
-32
-108
-100
8
17
-7
25
-9
1
9
0
7
0
43
16
35
-1
-28
42
-28
-1
8
-25
-33
-74
-27
-48
-43
40
-16
-49
15
-38
-36
17
-19
54
47
-60
10
50
-37
-21
39
44
2
-23
-13
-27
41
54
-64
-38
54
61
22
-45
-7
-11
-86
-73
-52
-28
-35
-12
47
-4
-33
47
53
-7
31
81
62
30
-38
-74
-3
0
-15
56
65
70
88
37
-32
-25
-4
-67
-67
-33
-23
-16
-13
40
26
13
-3
-36
-8
-11
64
90
-1
13
27
-8
-14
40
85
10
-69
-66
-26
-10
-57
-74
-29
26
-12
-98
-95
-61
-36
10
16
24
50
37
33
57
85
36
29
4
-54
26
47
21
22
49
59
46
134
108
60
82
-13
-2
-23
-87
-18
-23
-28
8
-8
-30
11
19
15
42
50
92
50
0
2
1
-10
11
1
-44
19
43
-5
-39
-16
21
30
-34
-111
-31
-42
-69
-38
-80
-71
-54
-43
-70
-104
-74
-79
-37
68
0
-47
32
-6
-24
33
48
70
26
-20
32
-10
-78
-34
48
88
9
-59
-38
-33
-22
-30
-13
18
26
12
-76
-98
-44
-33
-39
-23
13
26
-10
24
46
19
66
-22
-50
38
25
45
16
19
65
5
1
21
-52
-73
23
37
-92
-43
9
-39
35
-6
0
29
67
83
-30
37
16
-44
34
52
62
109
96
2
43
50
-8
-5
-92
-3
52
8
23
-36
8
12
19
21
-47
-48
-39
46
40
0
31
46
-6
-20
41
-23
13
57
16
21
5
13
47
40
55
98
36
21
33
52
51
22
60
7
-97
-110
-62
-60
-21
-16
-2
61
-14
-79
-111
-62
39
-9
27
63
-29
34
19
-58
0
-24
-1
93
53
18
-2
-51
-41
-20
-47
-97
-67
-26
-3
44
17
30
28
16
58
45
67
44
23
49
32
37
34
-18
-50
-48
-4
6
-60
-71
-87
-65
-52
-23
-7
-116
-101
-84
-40
23
-50
-53
-60
-71
-35
-82
-63
-101
-141
-34
-13
1
16
-33
-13
-1
-39
34
65
8
-39
-51
-29
-16
2
-34
-85
-31
9
-100
-38
68
82
64
10
59
58
58
40
87
123
-8
32
52
78
127
-33
29
138
123
157
90
64
88
43
51
103
90
56
77
139
84
33
87
88
88
61
59
66
16
50
53
-48
-41
68
79
69
102
87
20
-53
-36
25
35
-15
-1
-3
-46
-29
-73
-81
-61
-109
-135
-83
-32
-97
-145
-101
-52
-9
-19
-95
-100
-79
-36
27
-15
-105
-104
-46
-42
-68
-65
-55
-64
-115
-81
-23
-24
67
3
-101
-54
-28
-74
-88
-49
-15
9
-7
4
-60
-91
48
7
9
82
-56
-57
-24
-43
-5
33
10
33
64
23
115
43
-33
46
2
-45
0
61
43
13
19
37
28
-9
-22
-47
17
58
-16
9
23
40
56
0
30
51
5
-15
-34
-50
-10
33
27
27
67
35
1
34
80
99
22
12
42
29
27
-44
20
135
68
39
-16
40
96
-40
-25
-34
-63
42
47
27
0
-59
-23
-39
-64
-26
-33
-44
-33
-27
-27
57
70
16
25
18
22
22
13
-14
23
52
0
77
107
41
97
54
-2
114
97
59
84
49
28
14
23
34
52
54
45
40
15
11
-39
-102
-85
-95
-94
0
28
18
-35
-62
-48
-70
13
-12
-140
-91
-32
-53
-51
-67
-60
-26
-23
-58
-91
-62
0
35
-2
8
34
5
-38
-79
-42
-59
-58
19
-21
-50
31
32
-59
-57
-29
-5
17
-28
-12
-11
-20
34
-36
-18
36
-54
9
28
-31
-5
-60
-35
-27
-72
-53
-85
-60
-26
-13
5
-82
-74
12
16
-19
-10
-24
-8
58
17
7
57
21
42
98
54
27
23
38
79
16
-16
5
-4
55
64
14
24
28
-19
-30
28
56
16
-78
-101
-22
-17
-27
-6
-39
13
53
9
89
105
-9
-26
-12
-14
-41
-67
18
26
-18
-11
-14
49
-7
-26
99
105
94
136
88
60
85
67
110
152
134
57
-16
52
94
17
115
198
39
35
91
50
48
7
18
25
6
1
-33
-40
-12
69
-4
-48
60
41
43
31
-7
2
45
17
-66
-26
-59
-80
0
-7
39
76
-45
-106
-76
-56
-99
-87
-76
-92
-4
-43
-82
-30
-51
-92
-179
-144
-16
-20
-20
6
10
-38
-31
14
-29
-30
-31
-41
16
50
23
-54
-106
-100
-156
-121
-19
-52
-114
-125
-140
-210
-172
-98
-71
-52
-73
-51
-90
-110
-77
-119
-91
-54
-76
-48
-32
-32
-41
-35
-13
60
85
2
89
90
42
123
114
159
143
16
0
87
146
141
192
139
12
130
181
173
233
193
176
102
20
33
102
134
116
69
11
-37
-152
-79
67
21
78
143
67
-37
-168
-213
-155
60
245
149
41
-106
-268
-259
-131
170
346
232
66
-182
-402
-350
-153
103
372
409
161
-125
-298
-308
-165
140
489
490
240
-95
-386
-415
-251
75
305
409
282
-69
-297
-430
-286
-13
251
424
218
-97
-342
-481
-416
-148
200
350
187
-47
-248
-359
-264
-82
129
271
245
55
-164
-292
-255
-99
107
349
419
309
0
-260
-239
-66
196
330
320
267
22
-210
-232
-151
80
324
349
173
-13
-144
-277
-212
-8
68
181
118
-71
-215
-423
-345
-144
-67
8
21
-103
-229
-173
-178
-149
52
36
-11
23
-33
-112
-192
-153
-109
-2
114
72
91
48
-71
-58
-26
-9
87
110
29
10
-61
-106
-12
65
52
5
27
13
11
28
-90
-113
-87
-4
91
-6
-122
-145
-101
-106
-75
10
78
87
11
-36
-72
14
124
113
225
264
166
225
145
14
35
50
209
317
328
314
198
182
149
157
268
267
265
221
152
100
17
37
69
169
226
139
110
-26
-81
-126
-200
-30
-75
-201
-179
-284
-354
-397
-361
-173
-194
-168
-54
-148
-310
-378
-345
-203
-18
15
-18
-119
-227
-256
-250
-130
23
105
74
36
-45
-195
-166
-45
31
79
128
103
-36
-31
13
11
75
122
195
77
-59
-46
-51
86
161
220
238
32
-138
-124
-61
18
153
210
142
-24
-226
-300
-183
48
155
129
99
-73
-200
-211
-134
128
217
246
115
-175
-176
-225
-158
140
312
340
151
-85
-266
-231
39
226
440
513
242
-21
-202
-227
-27
208
371
358
168
-156
-395
-375
-221
99
415
449
198
-212
-529
-531
-253
15
251
352
145
-125
-341
-428
-284
69
380
435
261
-86
-366
-418
-257
79
410
458
189
-126
-286
-304
-204
20
308
417
189
-141
-392
-431
-221
-22
156
341
277
-31
-248
-358
-286
51
317
402
354
88
-226
-351
-259
-12
216
338
266
50
-205
-384
-317
-118
171
330
249
106
-146
-310
-256
-47
186
262
276
114
-96
-139
-123
3
234
353
263
209
122
-63
-75
-42
15
210
163
-20
-89
-210
-187
-39
19
36
-7
-107
-121
-127
-227
-225
-99
8
-18
-147
-220
-222
-146
-47
53
174
123
-10
-46
-106
-10
123
162
179
30
-41
-78
-126
16
145
204
221
142
43
-51
-100
-83
-43
-8
76
142
-36
-254
-213
-123
-86
105
171
69
80
-89
-227
-178
-140
-28
53
112
114
11
-141
-270
-116
167
340
364
171
-69
-201
-194
-55
105
208
247
191
1
-170
-248
-184
34
291
311
136
3
-207
-291
-245
-112
147
221
154
-102
-366
-366
-268
-79
174
275
218
86
-218
-403
-305
-96
165
353
323
116
-155
-314
-244
-9
131
208
311
143
-19
-35
-114
-37
127
256
333
247
138
-45
-138
-59
7
165
205
138
144
25
-28
15
6
-2
12
41
-29
-72
-76
-101
-137
-114
-59
-79
-123
-129
-183
-253
-169
-98
-96
-173
-226
-140
-64
-6
1
-59
-105
-127
-27
156
131
65
21
-24
37
23
114
268
313
301
215
162
65
-34
41
160
180
177
129
66
-99
-243
-108
-18
-7
75
46
-96
-189
-288
-308
-169
-51
37
133
74
-88
-173
-233
-181
-55
55
165
112
-40
-98
-108
-123
-90
3
38
25
7
33
32
-29
22
78
159
228
258
212
37
13
0
-12
123
263
265
243
320
204
65
81
88
199
309
269
150
-5
-203
-210
-81
35
257
262
54
-214
-424
-495
-466
-216
-32
40
-25
-232
-432
-489
-338
-179
45
166
78
-62
-213
-358
-355
-91
97
291
416
181
-87
-276
-264
-71
107
302
363
248
14
-242
-261
-129
90
337
381
271
59
-252
-430
-297
-43
198
390
281
-63
-322
-385
-301
-106
142
306
235
-19
-193
-293
-265
-81
102
260
279
219
-42
-297
-138
8
104
273
260
98
-113
-188
-129
-118
-47
125
196
132
-28
-102
-71
-10
82
88
86
70
-30
-66
-128
-122
97
118
77
112
-30
-30
38
20
-30
-50
-13
-32
-9
24
-3
-21
-63
-130
-142
-99
-11
3
-45
-8
38
-16
-92
-48
104
203
209
161
37
-86
-106
-16
63
219
331
206
33
-111
-127
-39
82
185
224
219
143
-12
-130
-128
-44
109
225
185
1
-188
-381
-398
-238
-43
59
-22
-62
-120
-233
-267
-206
-58
14
65
66
-82
-167
-218
-165
14
127
174
151
73
-28
-166
-114
116
233
223
110
18
-78
-83
52
72
116
140
15
-3
3
-12
39
33
41
102
113
50
-4
30
-10
-15
43
8
29
9
-80
-97
-31
64
63
-9
-48
-78
-96
-15
26
-45
-117
-171
-144
-121
-22
55
40
52
-55
-71
-37
-45
5
24
78
107
119
59
-109
-67
83
144
210
170
72
41
-99
-64
116
186
291
189
8
-79
-142
-120
-46
77
82
-44
-42
-54
-153
-186
-140
39
34
-43
-25
-72
-131
-185
-151
-91
25
120
81
-25
-225
-298
-173
-11
95
152
88
-110
-253
-194
26
153
154
169
71
-54
-55
-97
-107
-34
48
124
47
36
8
-147
-173
-88
72
132
130
65
-39
12
18
88
214
177
188
264
209
132
46
-19
57
108
110
109
74
20
-2
-32
-81
-6
45
55
-76
-174
-132
-145
-105
-77
-26
11
95
-10
-135
5
-60
-33
83
22
46
65
-84
-217
-143
-121
-70
83
44
8
-62
-207
-232
-167
9
161
152
171
64
-146
-108
-36
64
187
296
291
42
-122
-238
-210
47
296
333
265
183
21
-97
-136
-60
96
169
87
-11
-113
-162
-156
-87
70
151
218
96
-33
-121
-257
-229
-231
-224
-154
-108
-84
-126
-130
-115
-62
85
68
40
117
133
247
220
64
-27
-107
-91
-42
89
245
296
249
128
24
-90
-189
-212
-147
-32
12
40
-29
-179
-248
-220
-44
88
247
274
96
17
-26
-52
-91
-62
16
36
-14
-26
48
17
49
44
-77
-119
-135
-90
-86
-66
74
137
72
-34
18
56
7
85
68
132
199
66
-30
-131
-153
-120
-48
82
92
124
152
49
2
1
88
151
180
179
96
34
-5
39
59
103
183
178
138
-14
-88
-101
-129
-132
-202
-96
-67
-102
5
-57
-51
-43
-78
-55
-13
56
61
39
-19
-75
-84
-29
45
108
175
244
202
56
-49
-216
-261
-187
-144
-157
-232
-189
-22
75
74
89
78
136
115
45
66
-97
-234
-165
-80
3
33
-33
-83
22
84
-41
-58
21
-9
-178
-295
-230
-205
-130
99
178
224
229
87
47
98
106
114
122
16
-89
-178
-262
-260
-246
-141
22
125
150
90
37
49
5
-44
0
75
98
54
106
100
89
211
218
240
272
171
31
-102
-122
-50
-29
-97
-149
-232
-309
-185
-42
104
143
66
-16
-82
-63
-111
-85
17
84
137
85
19
-18
-47
-70
28
113
123
174
27
-125
-158
-130
2
97
223
229
202
138
-15
-76
-55
60
83
43
17
-71
-145
-169
-62
15
-48
-50
-58
-134
-93
-86
-146
-116
-65
-68
-154
-112
-53
-1
102
96
55
-16
-96
-138
-63
52
77
42
-14
-11
-6
-66
65
177
177
204
190
148
7
-11
-1
-51
-10
48
129
99
57
0
-96
-85
-67
12
-7
-105
-22
-33
-51
37
11
64
149
72
64
148
146
145
136
1
-164
-221
-219
-195
-91
-3
-42
-82
-30
-45
-172
-272
-139
25
64
83
84
118
15
-70
49
98
157
168
114
146
94
-26
-94
-127
-159
-92
-22
-20
13
22
-46
-112
-94
-7
109
74
92
113
58
-7
-194
-97
19
-28
148
153
-14
-16
-153
-247
-212
-128
1
39
109
59
-20
6
-36
-59
16
152
263
198
70
-23
-229
-280
-128
-107
-56
-39
-74
-5
33
43
28
-28
43
113
26
-12
12
21
48
100
154
159
192
184
83
41
13
-29
-87
-188
-301
-377
-267
-128
-55
31
27
37
153
189
142
62
56
104
80
71
41
-59
-91
-65
-88
-7
111
121
53
-59
-177
-303
-293
-165
-126
-134
-59
9
50
137
183
184
251
309
325
291
274
165
41
-25
-103
-169
-117
4
-77
-56
32
8
22
-10
-13
36
73
111
67
8
10
-57
9
75
107
203
105
94
26
-143
-121
-153
-225
-189
-186
-172
-165
-254
-260
-218
-112
-19
73
242
190
90
107
69
89
170
194
148
148
135
67
22
-61
-92
-82
-119
-74
-71
-75
-46
-105
-72
-25
-54
-6
87
89
56
67
5
-73
-83
-99
-98
-41
57
82
-4
-119
-147
-156
-181
-117
-62
18
60
20
-72
-9
126
83
137
177
188
192
61
65
139
35
-68
-112
-207
-98
-39
-143
-93
-101
-78
21
17
81
112
49
116
139
118
152
119
119
114
98
108
111
161
115
-17
-110
-209
-261
-257
-213
-128
-77
-102
-109
-35
-103
-88
83
155
257
253
168
163
94
-45
-68
-80
-129
-111
-78
-2
-101
-293
-326
-310
-155
-70
-54
102
139
135
127
86
159
227
258
301
285
266
69
-92
-9
3
-36
-63
-91
-99
-90
-18
40
36
-70
-241
-352
-280
-76
27
195
242
160
178
170
150
124
147
151
73
-74
-269
-340
-357
-466
-477
-304
-109
26
143
149
3
23
79
115
257
259
178
93
42
101
126
99
149
211
171
44
-70
-59
-84
-151
-123
-129
-144
-93
-25
15
-37
-17
75
164
209
182
180
122
15
-38
-56
-151
-259
-276
-241
-186
-189
-123
-27
-17
-4
-73
-90
-46
-102
-55
-1
54
188
196
121
37
45
138
113
118
196
76
-107
-218
-225
-165
-183
-149
-82
-34
-45
-30
17
94
166
161
156
85
24
-17
-9
-18
-38
-65
-71
-1
-32
-16
-12
-40
-5
-72
-191
-167
-102
-89
-41
-3
-23
64
184
159
195
200
137
172
196
109
10
18
-20
-30
-12
-163
-145
4
-5
-44
-98
-138
-100
-125
-110
22
109
179
201
130
62
26
60
169
100
-46
-57
-26
0
-86
-106
-89
-179
-130
-57
-65
-49
-48
-68
-100
-86
31
77
83
99
82
82
93
92
157
193
64
22
-40
-107
-79
-135
-157
-177
-241
-210
-100
-67
-46
26
47
15
-44
8
112
191
241
196
117
73
118
102
110
120
-53
-70
-93
-190
-123
-135
-161
-136
-178
-122
-51
-25
103
110
87
157
158
135
109
107
97
81
7
-111
-58
-100
-132
-87
-215
-170
-73
-56
-52
-148
-15
86
29
122
152
194
335
343
238
161
118
141
157
84
-60
-155
-177
-202
-153
-119
-111
-83
-113
-124
-45
17
-36
-46
-59
-106
-58
29
164
139
58
76
122
97
16
-10
-83
-113
-73
-70
-138
-112
-52
-36
0
-5
55
161
170
142
114
64
12
-3
50
37
-24
-124
-190
-153
-116
26
61
43
34
-52
-29
-56
-56
43
-1
-52
-44
-107
-72
-2
71
123
78
60
60
92
96
-23
-125
-49
-10
-87
-121
-91
-25
-46
-65
26
183
184
103
164
103
-80
-148
-83
-58
-80
-64
-80
-105
-49
-13
36
106
77
19
-34
-9
91
127
66
34
-13
-39
20
43
87
155
111
59
19
-43
22
46
-35
-84
-95
-140
-218
-158
1
50
1
-30
-124
-54
99
91
87
24
-91
-103
-76
-14
29
22
-45
-98
-84
-18
171
151
43
71
11
-56
-118
-59
48
32
45
25
16
28
44
124
176
161
92
13
-46
-64
-45
-74
-171
-169
-110
-79
-26
38
59
-50
-108
-93
-79
31
95
76
11
13
42
-19
94
151
73
19
-46
-22
-52
-78
-91
-110
-56
-32
-26
0
66
77
81
43
-3
103
156
129
41
-7
19
-17
3
7
39
48
-95
-93
-69
-58
10
-23
-71
-142
-171
-136
-84
46
102
77
73
12
49
129
113
125
92
-57
-60
-41
-132
-62
-59
-110
-14
-33
-32
61
33
7
-42
-78
51
33
-9
14
-37
68
75
21
104
99
67
18
-21
-50
-91
-60
-93
-156
-100
-102
-90
-5
-29
-35
2
53
131
194
135
62
131
112
35
44
81
117
150
142
60
-30
-36
-22
-86
-90
-109
-234
-239
-100
10
-7
-40
-103
-103
-20
23
78
73
78
76
8
-7
20
125
108
40
84
-5
-39
-54
-94
-28
-5
-42
-100
-108
-107
-72
14
76
61
-5
20
78
73
23
-17
-78
-77
19
41
75
100
54
59
-1
-83
-31
14
-41
-111
-165
-136
10
29
21
35
-53
-77
-103
-111
10
54
13
6
-34
-115
-110
-33
0
19
2
13
68
42
91
139
146
125
71
58
54
101
51
25
-12
-54
1
-36
6
18
-110
-141
-143
-62
76
68
40
58
24
-8
65
170
123
9
5
41
93
89
20
-21
-80
-42
33
22
-1
-74
-95
-95
-155
-34
84
25
-36
-4
-16
-106
-17
29
-8
41
20
24
18
44
99
56
25
-49
-29
-6
-90
-36
-65
-81
26
-14
11
43
90
162
78
59
44
-10
-81
-139
-141
-132
-30
-2
-41
28
-5
-1
113
19
-11
112
123
69
39
51
122
145
44
44
129
99
105
66
13
16
33
91
-34
-120
-135
-226
-213
-181
-197
-182
-139
-83
-25
30
103
120
95
60
15
39
76
99
66
32
74
21
-25
-29
6
-3
-114
-122
-62
-80
-135
-166
-156
-150
-216
-96
34
48
114
35
70
110
61
176
170
63
57
58
8
4
75
32
-55
-113
-140
-58
-6
3
-5
1
-5
6
83
96
111
140
85
1
98
171
85
65
30
-19
-67
-21
24
-22
0
-66
-51
23
47
94
45
-1
-11
-60
-94
-33
-39
-24
-22
-106
-98
-124
-56
20
-26
-61
-103
-95
-137
-132
-43
11
62
81
92
144
209
260
257
227
225
190
155
147
109
-4
-61
-108
-196
-181
-223
-282
-183
-171
-210
-196
-203
-43
-12
-42
58
65
126
157
144
153
172
143
84
88
80
80
34
24
25
-16
23
0
-53
-53
-123
-153
-95
-188
-232
-143
-133
-90
-39
22
64
118
190
215
216
207
171
68
36
88
56
-100
-205
-157
-126
-93
-4
-4
48
42
-78
-69
-84
-65
-43
-95
-29
-24
-52
-24
-41
25
134
177
100
18
40
-1
-29
2
-8
21
47
-5
-32
-59
-11
-13
-102
31
98
64
13
-130
-82
-46
-100
-35
-15
-14
-25
-85
9
49
24
21
-4
26
-30
-53
-35
-60
11
82
145
258
277
187
97
129
177
99
-35
-108
-143
-249
-258
-267
-288
-236
-170
-108
-101
8
92
75
75
106
120
83
74
57
111
202
177
164
168
158
152
72
63
86
34
-5
-45
-80
-120
-119
-132
-214
-234
-184
-127
-20
34
28
141
193
165
178
192
239
184
133
87
15
21
-28
-12
-47
-150
-218
-307
-331
-309
-192
-137
-144
-158
-214
-123
-63
-90
10
95
105
158
160
117
131
66
45
137
49
39
68
-3
87
111
37
-8
-70
-83
3
40
-47
-77
-44
-66
-8
40
-9
76
158
101
105
148
101
48
-17
-92
-14
-27
-95
-56
-98
-120
-117
0
27
-3
48
-68
-59
-44
-45
-48
-91
-103
-93
48
0
-67
34
40
-39
-61
-19
-22
-17
-25
-39
-50
-3
54
-3
-1
100
156
134
70
121
210
89
-35
-100
-133
-93
-132
-143
-120
-102
-35
-13
-43
-63
-6
82
143
78
7
60
52
40
30
22
142
164
184
283
184
128
204
136
-12
-109
-151
-207
-250
-262
-281
-271
-195
-81
-32
-44
-28
-9
85
181
151
185
103
104
172
40
27
43
18
54
56
-10
-60
-72
-120
-138
-89
-92
-67
-103
-141
-14
52
93
116
147
158
129
180
94
35
111
49
15
32
-43
-50
-59
-82
-46
-61
-115
-136
-79
-12
-48
-141
-147
-129
-156
-92
16
65
43
73
159
234
189
116
96
-40
-92
-59
-36
-31
-53
-37
-29
-73
-138
-2
114
121
167
192
183
159
83
-8
-6
-32
-50
-91
-190
-168
-121
-156
-116
-48
-60
-31
0
-59
-57
-11
9
86
111
129
48
-50
11
43
59
79
110
94
27
-28
-35
9
7
-14
0
-43
-86
-71
-100
-113
-78
-24
15
1
-2
91
128
48
-37
-6
33
-65
-65
-77
-88
-17
-53
-35
-30
-25
21
-38
-27
33
103
207
132
73
80
39
48
-41
-65
-2
-49
-56
-74
-85
-65
-65
-3
88
79
53
132
67
46
85
49
77
53
53
48
3
-27
-44
2
42
-44
-44
34
-7
-34
-60
-73
-35
-58
-112
-151
-180
-141
-89
-19
57
119
69
48
132
118
123
125
99
53
79
33
-28
62
-58
-150
-150
-182
-93
-67
-86
-83
-85
-80
-12
14
-2
21
-36
-31
15
14
80
92
28
67
60
-47
-51
42
56
-18
-24
-5
-22
-16
4
0
56
67
-39
-95
-75
2
36
36
15
3
35
118
184
99
97
110
0
-60
-133
-171
-59
-40
-96
15
38
-33
-40
33
168
124
124
196
100
45
60
9
-49
-83
-78
-39
-16
-29
-39
-30
-89
-81
-81
-133
-86
-103
-79
-18
2
44
34
34
-4
-42
-29
8
65
16
-25
-27
-68
-75
-52
-37
-58
-82
-59
-62
-40
64
69
43
34
52
78
63
91
-8
-39
19
15
0
8
80
52
9
-49
-90
-58
-115
-123
-106
-118
-30
-11
-24
-17
17
109
99
64
81
128
115
52
-23
-56
33
10
-45
0
3
45
45
44
99
79
32
-42
-22
-38
-90
-12
-66
-75
62
50
54
75
-25
53
154
112
86
-16
-5
24
-47
-36
-50
-46
-57
-69
19
115
100
43
37
44
29
-18
-18
-31
-33
27
55
3
37
134
166
126
16
50
-33
-91
-62
-117
-116
-245
-235
-170
-126
-67
-109
-119
-114
-63
4
14
-8
10
33
34
114
141
75
86
75
77
67
24
11
-32
-16
-1
32
23
-99
-102
-116
-190
-133
-75
-89
-52
-33
2
-12
-49
39
46
8
51
82
98
102
53
-19
27
63
-5
24
35
-13
-16
71
93
57
-24
-132
-49
-107
-110
12
53
127
55
-1
57
67
123
84
-47
-16
3
75
61
6
69
18
70
108
59
88
-11
-82
-19
-77
-114
-63
-67
-114
-125
-45
-48
-20
82
58
49
28
-31
-30
-34
-3
13
-21
-48
-63
-77
-76
-49
-9
-16
10
68
-4
-77
-97
-99
-35
-56
-61
51
82
54
50
85
145
170
82
51
52
-16
36
-44
-142
-116
-134
-45
-66
-105
22
14
-24
-49
-32
65
6
-46
-7
-29
-35
18
51
20
0
12
8
9
34
62
-8
-69
-47
-26
-64
-149
-162
-89
-23
-11
25
31
37
49
75
92
74
107
104
76
52
53
-23
-59
4
-38
26
25
-41
-16
22
91
58
60
-8
-53
-59
-79
53
31
48
108
83
161
118
-4
-40
-70
-111
-139
-129
-53
-55
-94
-80
-57
66
80
66
141
54
-8
5
-15
63
74
0
76
106
74
91
38
5
-13
-34
-41
-105
-118
-144
-161
-75
-85
-63
18
24
52
56
31
16
52
76
8
-7
36
65
77
127
110
25
2
-98
-211
-227
-217
-267
-266
-234
-201
-102
-86
-18
109
127
110
163
175
140
84
14
-12
18
36
-78
-69
-65
-214
-181
-147
-232
-202
-273
-423
-432
-355
-259
-221
-120
0
124
273
252
198
219
233
233
169
90
139
205
81
29
67
25
34
-7
-44
-119
-163
-137
-191
-110
-59
-24
53
50
145
190
197
213
245
264
204
197
182
193
118
103
199
107
48
87
20
-16
-36
-135
-174
-116
-59
-85
-108
-90
14
76
39
121
130
57
58
42
10
-37
10
124
152
212
285
240
324
407
291
243
138
-6
12
20
-41
4
140
220
252
314
383
364
294
271
205
62
-70
-230
-272
-282
-303
-215
-180
-111
-44
-31
-26
-49
-76
-162
-177
-160
-210
-156
-116
3
181
321
592
696
721
731
649
505
262
8
-307
-525
-711
-897
-911
-912
-762
-586
-476
-191
-126
-174
-128
-181
-182
-103
-16
143
344
637
941
1232
1611
1906
2003
1768
1307
676
-134
-1035
-1874
-2481
-2944
-3288
-3435
-3404
-3172
-2658
-2134
-1726
-1434
-1271
-1234
-1287
-1135
-909
-616
-107
501
1135
1842
2607
3176
3443
3406
3005
2247
1313
248
-745
-1553
-2292
-2693
-2720
-2473
-1921
-1248
-566
7
265
355
326
238
216
237
375
632
1119
1815
2513
3243
3825
3944
3678
3091
2117
905
-287
-1243
-2035
-2695
-3027
-2967
-2549
-1863
-1067
-439
-73
127
65
-139
-247
-299
-219
7
329
896
1630
2480
3346
3876
3907
3588
2963
2030
1111
239
-540
-1089
-1393
-1401
-1137
-728
-189
424
695
586
250
-233
-611
-896
-1105
-1178
-1062
-709
-187
601
1371
1935
2347
2184
1564
858
170
-389
-827
-1066
-1146
-1120
-780
-170
478
1123
1372
1207
906
341
-173
-442
-550
-402
-40
441
1076
1908
2720
3158
3194
2680
1275
-814
-2963
-4631
-5742
-6476
-7020
-7312
-7235
-6502
-5098
-3625
-2461
-1895
-1942
-2204
-2336
-2301
-2024
-1586
-965
-121
918
2350
3859
5112
5841
5722
4643
2786
586
-1523
-3354
-4938
-6165
-6834
-6813
-6146
-4735
-2719
-734
865
1696
1811
1847
1858
1913
2027
2135
2284
2591
3477
4698
5952
6984
7296
6677
5282
3431
1333
-556
-2261
-3759
-4841
-5573
-5440
-4318
-2696
-839
750
1648
1986
1934
1688
1499
1294
951
785
952
1488
2537
3877
5160
6007
6088
5282
3873
2311
637
-1118
-2707
-3985
-4799
-4878
-4183
-2841
-1039
536
1480
1950
1873
1258
484
-389
-1317
-2029
-2492
-2347
-1536
-307
1206
2532
3473
3890
3701
3000
1925
764
-447
-1556
-2290
-2574
-2264
-1288
10
1320
2400
2869
2735
2112
1181
263
-770
-1912
-2795
-3217
-3105
-2344
-1170
-69
781
1182
1238
1016
626
239
-462
-1116
-1519
-1764
-1466
-812
89
1035
1656
1945
1839
1418
872
277
-309
-788
-1098
-1158
-881
-240
617
1196
1072
184
-1421
-3389
-5191
-6635
-7760
-8504
-8955
-9009
-8263
-6691
-4598
-2562
-1132
-318
5
35
131
276
491
776
1079
1646
2579
3792
5080
6039
6068
4879
2863
393
-2205
-4352
-5931
-7057
-7530
-7183
-5883
-3613
-833
1921
4189
5412
5714
5486
4958
4469
4128
3667
3211
3164
3584
4640
5954
6989
7352
6518
4727
2338
-214
-2448
-4445
-5934
-6695
-6618
-5360
-3162
-354
2577
4834
6210
6574
6039
5057
3744
2325
1069
122
-190
201
1166
2636
4109
5162
5586
4911
3414
1543
-801
-3187
-5254
-6868
-7574
-7080
-5498
-3090
-491
1778
3580
4454
4516
3877
2540
705
-1450
-3284
-4476
-4871
-4504
-3491
-2147
-883
267
1178
1661
1534
813
-324
-1687
-2769
-3328
-3355
-2694
-1574
-175
1189
2212
2919
3024
2517
1601
282
-1226
-2635
-3647
-4041
-3757
-3025
-2071
-1095
-344
199
588
843
893
645
193
-292
-528
-318
194
819
1501
2109
2431
2492
2267
1796
1224
585
27
-407
-535
-294
203
968
1682
1985
1408
-214
-2313
-4584
-6520
-7751
-8463
-8874
-9089
-8737
-7437
-5294
-2937
-1012
198
718
796
825
945
1158
1519
1848
2201
2881
3859
4935
5849
6086
5182
3210
530
-2401
-4797
-6332
-7169
-7255
-6719
-5484
-3339
-450
2756
5367
6786
7018
6408
5575
4879
4418
4122
3843
3742
4102
4986
6246
7373
7572
6436
4258
1388
-1709
-4384
-6410
-7624
-8068
-7609
-6019
-3560
-404
2912
5649
7188
7201
6221
4746
3057
1503
235
-764
-1406
-1180
99
1969
3813
4948
4937
3893
2205
124
-1984
-3912
-5625
-6833
-7295
-6838
-5392
-3051
-427
1857
3496
4101
3809
2950
1650
150
-1442
-3060
-4471
-5282
-5223
-4371
-3057
-1831
-956
-499
-352
-120
95
48
-213
-716
-1213
-1158
-564
378
1299
1897
2142
1985
1666
1222
578
-338
-1579
-2815
-3634
-3793
-3315
-2485
-1496
-742
-348
42
511
1030
1456
1440
1075
838
712
1004
1646
2170
2518
2450
2166
1870
1784
1888
1793
1263
288
-671
-1258
-1226
-379
756
1633
2143
2297
2438
2673
2582
1623
-633
-3901
-7028
-8981
-9297
-8341
-7137
-6289
-5881
-5313
-3931
-2006
-412
140
-421
-1540
-2189
-1804
-441
1409
3057
4252
5123
5820
6433
6831
6518
5070
2410
-1120
-4547
-6862
-7531
-6644
-4998
-3412
-2087
-495
1682
4103
6121
6806
5828
3732
1774
994
1409
2679
3933
4541
4871
5359
5979
6414
6026
4140
922
-2979
-6524
-8692
-9289
-8394
-6582
-4502
-2207
311
3206
5976
7702
7903
6241
3334
456
-1534
-2295
-2038
-1382
-439
887
2406
4149
5568
5861
4795
2465
-527
-3425
-5595
-6617
-6604
-5825
-4409
-2553
-431
1973
4223
5545
5519
4003
1463
-1367
-3852
-5480
-6327
-6691
-6598
-5869
-4382
-2341
-270
1246
1770
1395
578
-173
-543
-785
-923
-941
-842
-257
830
2056
2964
3260
2787
1658
184
-1303
-2500
-3378
-3925
-4072
-3730
-2729
-1230
620
2360
3427
3936
3822
3347
3027
2840
2602
2116
1503
1029
888
1253
1828
2142
1908
1323
753
327
130
99
107
-23
-241
-427
-361
129
1088
2404
3443
3969
3896
3331
2681
1735
371
-1794
-4849
-7805
-9694
-10002
-9036
-7654
-6573
-6007
-5504
-4378
-2676
-1087
-235
-354
-944
-1107
-482
717
2107
3295
4012
4301
4300
4148
3971
3535
2558
858
-1497
-3882
-5444
-5769
-5051
-3870
-2727
-1894
-1296
-331
1310
3093
4135
3939
2799
1658
1354
2165
3857
5276
5725
5489
4855
4215
3652
2708
974
-1534
-4499
-6972
-7882
-7050
-4973
-2544
-572
889
2162
3472
4739
5527
4983
2926
214
-2083
-2910
-2104
-401
1319
2642
3631
4434
5054
5230
4556
2776
151
-2636
-4718
-5523
-4982
-3414
-1560
1
1177
2022
2916
3779
3814
2713
413
-2457
-4776
-6085
-6084
-5050
-3829
-2722
-1734
-559
1015
2479
3218
2721
1275
-313
-1570
-1813
-1219
-409
406
912
1325
1713
2176
2637
2329
1308
-335
-2244
-3458
-3716
-3114
-2055
-1000
-40
836
1803
2965
3985
4364
3837
2669
1380
410
144
387
702
756
440
217
259
715
1242
1304
799
-183
-947
-1242
-836
-96
363
502
252
144
316
777
1450
1912
1982
1587
943
384
-24
-438
-1238
-2884
-5123
-7323
-8598
-8410
-7224
-5867
-4995
-4662
-4366
-3434
-1896
-352
379
63
-701
-1323
-1133
-172
956
1814
2138
2236
2550
3084
3614
3751
3255
1920
-226
-2410
-4055
-4726
-4329
-3490
-2608
-1963
-1417
-469
980
2539
3547
3643
2820
1821
1593
2292
3525
4559
4843
4350
3543
3004
2794
2592
1752
-9
-2024
-3711
-4355
-3544
-1936
-266
900
1415
1682
2017
2484
2626
2021
796
-741
-1700
-1656
-682
847
2104
2997
3451
3463
3416
3124
2331
1154
-350
-1837
-2880
-3172
-2601
-1541
-529
-34
-25
-110
-108
-33
-36
-500
-1453
-2453
-3064
-2892
-2044
-1051
-95
628
1074
1649
2074
2127
1819
940
-53
-691
-845
-465
241
849
1058
880
499
107
-241
-480
-672
-1133
-1709
-1944
-1554
-697
217
951
1191
1032
923
1074
1436
1643
1280
338
-777
-1474
-1416
-813
-124
411
554
491
607
873
1370
1613
1367
797
18
-355
-63
449
966
1142
744
112
-544
-595
-23
713
1385
1493
1140
617
328
475
269
-909
-3171
-6202
-8756
-9449
-8243
-6219
-4507
-3902
-4081
-4078
-3337
-2024
-1081
-1177
-2305
-3436
-3348
-1968
270
2561
4063
4621
4474
4208
4174
4104
3614
2302
177
-2443
-4718
-5498
-4709
-2959
-1228
-328
-215
-216
407
1746
3141
3568
2729
1355
563
1377
3624
6108
7662
7613
6395
5010
3964
3275
2376
592
-1867
-4283
-5664
-5336
-3611
-1236
696
1553
1617
1445
1595
2043
2325
1859
526
-955
-1577
-922
697
2686
4015
4366
4118
3643
3299
2774
1886
551
-1252
-2857
-3736
-3724
-2884
-1859
-1219
-1058
-1210
-1255
-1019
-494
-119
-200
-723
-1586
-2053
-1875
-1217
-361
174
267
136
193
405
562
554
94
-529
-785
-597
-98
375
570
424
-113
-593
-813
-1074
-1278
-1464
-1601
-1505
-1152
-538
133
696
991
947
811
701
659
678
533
166
-314
-622
-514
-39
461
727
684
343
121
333
694
933
870
440
137
282
848
1606
2142
2096
1460
682
-21
-412
-217
264
737
1054
1037
922
937
782
43
-1852
-4852
-7839
-9781
-9855
-8038
-5637
-3884
-3083
-3106
-3165
-2535
-1587
-891
-970
-1827
-2218
-1418
529
3118
5085
5897
5532
4402
3186
2354
1863
1126
-49
-1604
-3177
-3945
-3528
-2199
-574
366
317
-306
-848
-444
773
2042
2829
2823
2485
2585
3732
5642
7282
7720
6718
4862
2864
1449
494
-329
-1483
-3177
-4695
-5403
-4670
-2810
-805
606
994
679
343
648
1435
2065
2164
1466
463
76
717
2168
3693
4500
4390
3620
2694
1924
1312
594
-569
-2002
-3151
-3476
-3088
-2154
-1079
-532
-543
-996
-1308
-989
-441
-90
-226
-849
-1589
-1988
-1695
-863
-9
358
161
-287
-592
-496
-232
-237
-614
-1122
-1404
-1093
-331
461
946
698
-111
-941
-1411
-1420
-1189
-914
-708
-599
-406
48
614
1177
1408
1079
502
-169
-480
-264
56
402
466
209
91
288
787
1168
1158
696
-103
-617
-516
83
780
1136
1188
1089
1115
1421
1773
1877
1425
544
-401
-1026
-979
-350
646
1515
1843
1745
1318
847
159
-1169
-3135
-5542
-7613
-8437
-7489
-5161
-2786
-1373
-1288
-2086
-2757
-2908
-2613
-2259
-2165
-2219
-1829
-550
1364
3429
4839
5093
4193
2670
1424
817
811
913
697
93
-825
-1440
-1340
-743
-196
-214
-996
-2025
-2260
-1467
142
1948
2963
3069
2654
2385
2998
4121
4904
4928
4125
2936
2003
1664
1740
1432
327
-1342
-3034
-3865
-3618
-2555
-1243
-359
-202
-455
-526
-274
177
271
-217
-821
-1216
-906
419
2238
3901
4798
4662
3985
3103
2208
1418
518
-591
-1681
-2346
-2379
-1824
-1072
-727
-1011
-1679
-2294
-2378
-1930
-1433
-1142
-1196
-1447
-1352
-817
-77
721
1043
742
271
-61
6
246
243
117
-38
-136
144
717
1233
1329
710
-433
-1650
-2375
-2487
-2215
-1631
-943
-270
378
1015
1494
1747
1836
1468
859
419
201
507
1032
1383
1374
939
452
253
423
646
677
445
-33
-291
-100
433
1005
961
519
124
-29
373
1050
1441
1375
773
-160
-642
-468
55
808
1253
1207
1036
857
647
108
-1089
-3066
-5496
-7463
-8064
-7016
-4823
-2575
-1545
-1970
-3141
-4262
-4605
-4158
-3507
-2991
-2496
-1669
-83
2032
3853
4706
4136
2502
858
-152
-50
986
1963
2406
1980
808
-317
-993
-1357
-1648
-2180
-2955
-3374
-2903
-1243
1142
3133
4013
3619
2530
1758
1823
2794
4085
4844
4914
4606
4248
4094
3882
3003
1190
-1373
-3736
-4940
-4654
-3091
-1206
167
633
303
-178
-505
-626
-811
-1260
-1683
-1707
-924
796
3016
4905
5757
5528
4499
3284
2319
1593
1044
462
-209
-885
-1262
-1223
-1060
-1039
-1449
-2176
-2787
-2922
-2316
-1456
-762
-310
-372
-645
-693
-374
232
706
774
544
302
290
510
807
925
756
422
106
38
159
221
48
-472
-1234
-1907
-2119
-1870
-1361
-696
-240
-10
290
567
767
847
776
607
419
493
801
1109
1234
1032
562
43
-267
-352
-249
-46
141
257
254
266
306
477
610
451
274
85
142
598
1038
1103
684
64
-479
-548
-129
407
818
813
430
-89
-676
-1424
-2709
-4598
-6418
-7501
-7314
-5910
-4058
-2614
-2258
-2849
-3809
-4538
-4524
-3827
-2729
-1377
-101
1068
2130
2975
3491
3200
2264
1130
278
341
1365
2776
3878
4080
3063
1205
-861
-2426
-3116
-3062
-2518
-1780
-832
399
1702
2691
2930
2311
1196
195
-49
843
2653
4586
5924
6355
5830
4709
3336
1877
472
-911
-2071
-2593
-2161
-983
360
1334
1473
699
-571
-1720
-2291
-2309
-2007
-1459
-840
-150
697
1714
2671
3137
3128
2711
2161
1938
2056
2284
2403
2147
1385
440
-421
-1066
-1552
-1907
-2177
-2526
-2542
-2127
-1546
-1036
-885
-1059
-1478
-1811
-1773
-1359
-708
-124
136
255
441
540
753
999
1122
1222
1276
1302
1315
1302
1056
563
-70
-834
-1511
-1846
-1861
-1608
-1354
-1219
-977
-740
-413
17
297
589
883
985
1107
1149
906
543
71
-212
-111
173
633
1046
1214
1140
731
85
-417
-702
-872
-834
-560
-162
275
708
908
873
631
108
-422
-828
-867
-354
261
794
1167
1091
693
8
-1081
-2586
-4278
-5587
-6306
-6308
-5457
-4223
-3193
-2671
-2815
-3525
-4360
-4808
-4489
-3462
-2075
-641
599
1524
2004
2018
1725
1241
880
1014
1626
2722
3873
4484
4439
3508
1772
-164
-1669
-2410
-2271
-1350
-60
1109
1760
1871
1481
655
-283
-937
-976
-292
1152
3095
4871
5964
6119
5211
3630
2046
775
86
88
451
942
1450
1638
1606
1300
491
-552
-1688
-2456
-2620
-2281
-1687
-1173
-766
-667
-598
-295
125
657
1289
1801
2193
2656
2879
2888
2650
2122
1584
1102
739
437
99
-355
-826
-1146
-1518
-1912
-2155
-2293
-2384
-2560
-2650
-2666
-2687
-2492
-2141
-1642
-1126
-762
-501
-234
142
553
960
1324
1646
1809
1738
1626
1202
517
-143
-796
-1205
-1456
-1550
-1571
-1717
-1736
-1656
-1496
-1128
-661
-179
240
521
711
818
896
994
922
661
475
494
731
1275
1785
1887
1608
1111
579
157
131
356
588
800
883
959
1048
1105
1049
809
465
103
59
239
518
889
975
844
583
218
-128
-375
-821
-1623
-2594
-3732
-4599
-4906
-4548
-3769
-3106
-2879
-3177
-3695
-4146
-4217
-3995
-3505
-2802
-2157
-1537
-932
-313
175
429
553
630
941
1627
2557
3518
4014
3757
2891
1742
616
-4
20
314
656
823
786
487
-12
-483
-807
-1006
-968
-505
397
1705
2926
3650
3681
3031
1927
1057
751
1011
1737
2340
2785
2778
2380
1957
1452
947
267
-446
-872
-1109
-1031
-735
-758
-1038
-1432
-1781
-1821
-1503
-782
87
859
1457
1811
2000
1941
1778
1699
1602
1579
1579
1560
1496
1175
687
186
-503
-1163
-1477
-1453
-1173
-1130
-1360
-1752
-2380
-2806
-2856
-2584
-2023
-1423
-1038
-920
-856
-728
-497
-228
95
629
1186
1611
1762
1526
1066
369
-367
-1026
-1457
-1455
-1140
-578
-99
197
303
88
-384
-828
-1053
-991
-714
-398
124
704
1006
983
753
586
470
340
540
963
1374
1788
1890
1898
1896
1749
1689
1537
1392
1301
1056
799
467
144
-41
-134
-56
-50
-96
-202
-461
-687
-896
-958
-811
-566
-326
-213
-305
-923
-2060
-3127
-3801
-3748
-3243
-2625
-1963
-1722
-1866
-2363
-3000
-3485
-3820
-3909
-3698
-3158
-2346
-1382
-526
-34
30
-295
-547
-365
280
1345
2439
3160
3245
2827
2257
1772
1508
1517
1602
1519
1319
1069
928
822
608
379
60
-317
-328
65
529
934
974
576
52
-284
-204
318
1144
1852
2301
2473
2352
2126
1852
1640
1468
1213
954
869
930
964
742
230
-531
-1361
-1850
-1878
-1493
-857
-268
137
186
-99
-370
-424
-202
248
872
1559
2032
2230
2119
1651
981
209
-311
-266
45
380
594
407
-110
-862
-1617
-2049
-2242
-2295
-2298
-2281
-2070
-1812
-1595
-1437
-1380
-1166
-764
-166
475
906
1080
869
440
79
-73
154
792
1477
1957
2116
1710
975
205
-571
-980
-950
-650
-158
215
332
180
-405
-1143
-1676
-1933
-1681
-1070
-145
785
1331
1537
1351
1066
818
776
1108
1612
2151
2561
2524
1981
1156
228
-583
-1014
-1001
-673
-212
212
283
-34
-479
-1143
-1654
-1845
-1727
-1321
-868
-316
9
-97
-630
-1393
-2114
-2486
-2244
-1590
-725
-229
-543
-1469
-2790
-3939
-4431
-4419
-3819
-2941
-2189
-1670
-1640
-1762
-1924
-1994
-1856
-1412
-282
1104
2400
3374
3693
3373
2583
1798
1352
1444
2090
2848
3334
3417
2846
1811
694
-417
-1200
-1388
-1083
-586
39
451
376
-55
-752
-1236
-1283
-780
407
1741
2776
3330
3327
2949
2282
1683
1467
1541
1859
2296
2532
2462
1929
817
-339
-1351
-2041
-2070
-1569
-813
-170
122
-93
-604
-1144
-1456
-1336
-1031
-450
333
1013
1588
1897
1763
1266
659
135
130
640
1297
1737
1422
589
-564
-1703
-2446
-2721
-2217
-1515
-1084
-802
-794
-1091
-1700
-2310
-2629
-2473
-1871
-1061
-154
477
794
762
403
268
492
831
1219
1609
1808
1841
1674
1315
915
568
385
244
107
121
79
-201
-640
-1180
-1611
-1790
-1581
-1019
-329
283
591
594
424
294
426
723
1100
1445
1816
2057
1930
1715
1268
689
154
-401
-639
-559
-361
-209
-251
-709
-1456
-2026
-2369
-2253
-1805
-1203
-525
-29
269
329
290
-11
-495
-923
-1129
-870
-409
130
372
34
-802
-2121
-3366
-4070
-4058
-3379
-2559
-1987
-1652
-1615
-1961
-2356
-2348
-2060
-1499
-568
535
1660
2492
2875
2702
2251
1896
1762
2045
2667
3250
3493
3249
2415
1365
519
17
-201
-181
-84
-37
4
-179
-493
-762
-1028
-1140
-1021
-668
52
884
1491
1745
1620
1359
1084
1076
1404
1881
2408
2588
2337
1836
1168
479
11
-321
-529
-554
-548
-523
-573
-702
-965
-1285
-1509
-1563
-1131
-369
346
960
1296
1268
1118
918
727
788
987
1292
1628
1559
1282
916
460
98
-420
-716
-705
-766
-890
-1090
-1185
-1479
-2085
-2610
-2781
-2537
-2041
-1350
-701
-320
-339
-581
-716
-678
-367
182
735
1179
1548
1754
1739
1469
1115
855
711
545
406
523
490
334
-2
-595
-1024
-1360
-1578
-1608
-1392
-1003
-518
-52
302
616
725
727
589
505
772
1054
1352
1585
1530
1354
965
406
-141
-629
-910
-1155
-1312
-1238
-1068
-858
-774
-835
-998
-1166
-1158
-995
-551
135
710
1057
1111
909
590
121
-352
-603
-632
-489
-303
-349
-703
-1233
-1960
-2812
-3489
-3682
-3387
-2782
-2136
-1759
-1659
-1729
-1795
-1676
-1300
-600
263
1107
1807
2272
2519
2520
2283
1984
1848
1841
2097
2416
2530
2409
1883
1170
396
-88
-287
-299
-126
-151
-253
-400
-751
-1044
-1164
-1204
-837
-226
443
1214
1585
1644
1451
971
761
923
1329
1998
2447
2445
1993
1172
452
-113
-408
-410
-353
-341
-462
-516
-683
-937
-997
-1058
-1096
-970
-610
-133
481
1087
1277
1198
974
645
410
443
813
1158
1303
1290
985
630
279
-200
-610
-980
-1200
-1258
-1215
-1172
-1202
-1221
-1469
-1723
-1720
-1550
-1252
-896
-568
-368
-196
-87
17
290
620
976
1176
1289
1330
1139
1010
876
761
728
672
616
541
536
332
6
-254
-458
-436
-411
-403
-356
-311
-176
-93
-119
-93
2
87
248
348
321
253
87
-171
-380
-413
-377
-262
-64
15
-10
-229
-545
-714
-819
-709
-425
-147
27
-3
-109
-317
-492
-479
-241
147
485
672
656
423
-60
-527
-1003
-1361
-1248
-1007
-891
-1031
-1457
-2017
-2572
-2991
-3171
-3005
-2573
-2127
-1830
-1633
-1489
-1405
-1356
-1190
-839
-350
348
956
1462
1851
1876
1765
1557
1464
1582
1814
2003
2054
1946
1619
1156
560
180
65
19
170
306
434
585
458
238
24
-155
-182
-6
421
938
1373
1583
1576
1340
1057
829
728
885
1050
1272
1303
1109
1025
796
554
354
48
-82
-112
-95
-1
110
252
144
-57
-102
-236
-327
-210
-19
228
465
586
601
430
285
270
214
297
245
146
199
38
-26
-59
-306
-495
-601
-722
-875
-1020
-1068
-1059
-1039
-991
-956
-937
-902
-963
-1066
-994
-788
-512
-210
109
372
511
556
510
452
487
600
685
694
669
702
694
693
724
615
517
394
263
102
-36
-28
-82
-132
-154
-205
-226
-250
-286
-325
-454
-623
-688
-701
-551
-309
-151
-21
-18
-127
-207
-106
-56
-166
-142
-100
-39
123
359
489
363
99
-123
-208
-179
29
227
288
240
18
-243
-460
-667
-898
-1072
-1089
-1003
-845
-708
-717
-932
-1300
-1621
-1886
-2127
-2067
-1872
-1806
-1712
-1569
-1497
-1460
-1308
-1271
-1229
-983
-580
47
564
928
1088
921
721
717
842
1080
1412
1651
1832
1779
1423
1090
875
703
538
363
276
345
426
509
481
306
44
-256
-292
-92
236
548
742
884
966
1018
1070
1135
1131
1103
1077
1035
973
950
1022
1032
868
645
426
266
326
410
445
493
319
178
126
-80
-1
185
194
228
204
193
121
128
207
256
319
295
450
490
397
445
317
62
-63
-118
-261
-267
-309
-485
-636
-929
-1137
-1213
-1223
-1173
-1184
-1215
-1205
-1147
-1082
-1019
-924
-785
-728
-625
-443
-176
128
336
481
534
602
608
652
753
744
712
645
660
628
585
553
236
-77
-374
-642
-704
-712
-614
-501
-480
-462
-487
-564
-532
-419
-367
-250
-92
43
158
231
360
338
130
70
60
-24
10
32
9
-42
-199
-260
-270
-351
-321
-209
-116
-31
-36
-5
37
164
316
328
396
333
21
-357
-602
-671
-669
-527
-433
-501
-687
-952
-1217
-1555
-1817
-1878
-1769
-1578
-1316
-1098
-977
-928
-1046
-1002
-764
-529
-214
74
292
558
709
774
836
913
1037
1027
1143
1335
1388
1381
1241
998
728
514
354
301
313
381
518
483
280
136
49
-72
34
349
654
845
904
961
852
701
729
762
792
915
1028
1055
982
829
615
406
204
7
-42
134
270
203
232
114
-60
-159
-332
-218
68
347
553
570
542
464
353
237
158
203
308
446
480
430
279
34
-156
-433
-574
-571
-463
-246
-298
-456
-708
-987
-1150
-1263
-1243
-1085
-887
-743
-556
-445
-552
-710
-739
-644
-495
-186
213
402
503
523
335
166
69
-34
-28
138
302
413
432
256
5
-231
-423
-447
-383
-270
-46
47
14
-61
-167
-197
-206
-114
-9
-2
-17
59
54
-115
-163
-305
-507
-514
-458
-288
-180
-199
-165
-248
-330
-314
-233
-38
92
179
224
240
258
279
348
391
490
625
620
628
651
529
180
-149
-308
-485
-485
-460
-580
-748
-979
-1227
-1450
-1570
-1539
-1489
-1492
-1455
-1399
-1234
-1084
-1083
-1010
-870
-678
-454
-146
196
396
602
721
735
783
780
816
960
1015
969
1038
1078
982
922
779
623
479
277
330
454
482
508
528
693
789
842
947
884
777
706
656
647
809
927
816
713
524
358
317
310
407
372
325
349
257
144
47
76
72
46
133
246
403
537
546
482
387
249
161
257
459
474
395
335
181
11
-118
-199
-331
-418
-392
-450
-446
-401
-468
-607
-808
-863
-788
-798
-686
-580
-654
-704
-816
-944
-926
-767
-627
-503
-447
-482
-424
-341
-253
-258
-251
-82
13
78
229
355
264
93
2
-16
88
155
202
294
302
229
139
6
-84
-100
-142
-151
-85
39
138
160
102
28
-74
-183
-157
-73
59
157
95
-25
-29
15
-32
-64
-95
-122
-72
-77
-14
75
62
111
120
46
-19
45
83
32
69
54
83
148
190
243
240
180
91
-98
-385
-425
-332
-332
-344
-340
-377
-599
-850
-1003
-1154
-1235
-1251
-1229
-1116
-1063
-1102
-1162
-1195
-1187
-1126
-975
-778
-538
-380
-171
112
161
184
245
274
410
526
688
910
952
980
1083
1065
929
769
737
693
677
804
815
856
901
730
615
543
456
467
400
471
551
484
443
259
138
125
207
316
347
419
492
507
444
504
512
410
420
455
576
602
522
453
294
183
100
138
253
344
364
244
105
-91
-173
-136
-51
140
205
216
267
209
148
29
-117
-222
-253
-171
-20
235
257
52
-209
-513
-634
-569
-453
-415
-421
-466
-585
-655
-775
-915
-893
-837
-707
-621
-604
-406
-393
-536
-561
-581
-447
-293
-211
-22
117
97
-5
-51
-26
-20
43
123
147
115
59
25
-6
-68
-139
-125
-89
-132
-130
-76
-61
-87
-158
-165
-150
-121
-103
-146
-147
-124
-53
-49
-102
-26
49
115
161
164
238
186
112
63
14
67
113
158
214
341
362
283
176
11
15
39
31
107
109
82
51
-64
-144
-237
-374
-478
-530
-479
-460
-500
-630
-796
-823
-880
-997
-966
-835
-841
-844
-759
-702
-658
-679
-640
-509
-388
-181
16
98
178
316
411
401
473
672
807
851
805
780
746
567
469
455
443
529
556
523
544
504
420
323
244
244
287
369
362
332
404
411
398
406
343
380
498
560
595
608
658
582
468
422
272
315
464
538
599
571
519
424
303
248
210
196
228
228
279
352
338
309
262
102
-35
-46
-18
1
17
79
95
30
37
-19
-119
-136
-237
-304
-244
-215
-240
-282
-323
-371
-433
-479
-485
-477
-462
-440
-518
-620
-647
-651
-613
-649
-645
-561
-638
-579
-473
-496
-424
-394
-409
-340
-301
-282
-157
-1
-62
-101
-59
-107
-23
-15
-36
-7
-55
-79
-168
-261
-324
-423
-521
-632
-731
-667
-589
-568
-440
-366
-447
-498
-354
-289
-300
-141
4
184
402
516
585
691
755
668
589
664
787
848
851
749
659
579
402
231
137
105
73
46
57
29
-8
6
-42
-162
-158
-107
-84
83
114
70
65
-47
-35
18
97
196
159
99
145
155
27
-90
-180
-214
-221
-217
-183
-271
-357
-381
-431
-484
-526
-445
-260
-151
-109
9
133
138
92
103
85
82
213
333
377
406
401
369
307
213
193
208
192
177
218
228
141
129
148
97
79
81
98
179
158
208
353
304
263
259
305
384
426
488
523
500
529
559
465
438
438
492
525
513
523
422
354
238
139
144
80
73
83
-50
-125
-110
-185
-249
-265
-227
-187
-220
-212
-328
-392
-288
-293
-266
-193
-184
-88
-31
-143
-173
-231
-352
-331
-308
-341
-285
-191
-157
-144
-290
-392
-408
-495
-464
-452
-409
-306
-328
-366
-369
-448
-586
-583
-513
-507
-503
-492
-510
-482
-472
-478
-388
-340
-307
-296
-331
-341
-301
-184
-89
-24
-24
-6
44
34
29
105
218
237
233
298
329
248
203
243
240
299
325
297
379
373
342
311
222
230
214
240
313
201
162
241
172
73
86
135
112
77
133
203
231
270
294
203
115
104
-25
-27
40
37
76
54
45
-22
-63
30
81
41
104
139
47
96
119
104
127
162
174
147
161
141
82
-5
6
87
9
51
131
-4
22
-27
-111
-106
-221
-195
-190
-167
-57
0
75
69
29
2
-47
-64
-71
33
153
160
150
130
141
78
12
10
-25
-29
44
126
96
31
55
62
48
121
115
104
180
218
177
81
119
176
199
229
132
82
8
-69
-9
16
-75
-227
-177
-171
-269
-244
-317
-292
-285
-347
-338
-362
-264
-238
-226
-156
-216
-132
-44
-113
-75
3
20
-21
-48
-22
-58
-107
-145
-225
-241
-279
-319
-263
-244
-298
-334
-326
-401
-409
-333
-354
-303
-264
-241
-133
-109
-112
-121
-94
-54
-31
69
154
265
267
242
290
176
187
276
285
326
294
237
146
120
205
130
86
92
53
52
24
10
-25
-27
-6
-26
-68
-93
2
57
57
97
97
122
150
125
139
173
92
48
105
127
98
60
37
48
96
63
43
10
-95
-39
34
14
36
30
16
39
-23
-79
-53
78
197
121
110
168
167
192
228
210
130
148
224
281
259
209
218
121
87
103
61
5
-16
53
33
-14
-66
-65
-32
-121
-134
-68
-24
-3
-26
-97
-169
-82
-31
-86
-33
19
63
118
28
-6
57
-47
-69
-78
-165
-157
-126
-115
-116
-115
-133
-126
-130
-169
-200
-202
-286
-313
-275
-289
-266
-272
-232
-261
-246
-194
-204
-159
-140
-71
-37
-100
-152
-120
-73
-54
11
6
-3
77
95
41
-23
26
91
46
22
36
118
113
22
-46
-123
-119
-99
-71
-125
-118
-23
-37
-13
-33
-61
-56
-108
-68
-6
2
53
91
95
126
141
87
50
75
162
149
86
110
112
111
89
11
48
65
-15
37
-3
33
200
174
145
114
144
229
172
133
195
195
141
142
126
85
57
3
0
48
68
65
-34
-89
-39
-92
-114
-97
-174
-77
-94
-165
-88
-140
-71
12
-22
-34
2
56
59
96
132
97
95
85
50
80
90
82
96
72
43
49
-16
-31
0
-72
-40
-47
-46
0
-64
-4
-14
-66
32
87
108
94
63
101
119
100
92
94
124
162
141
142
131
99
86
-1
-25
-5
-46
-50
-38
-125
-180
-92
-29
-90
-72
-71
-143
-55
-57
-108
-69
41
127
55
-10
-37
-53
-77
-59
19
64
8
4
10
-15
-87
-200
-149
-111
-105
-94
-62
-34
-83
-128
-158
-148
-134
-86
-111
-127
-34
-67
-22
47
-23
-18
33
16
-4
-3
111
228
90
45
71
-35
3
20
13
77
-13
-29
-25
-62
-26
-14
-31
-66
-24
-10
-35
-133
-173
-124
-140
-116
-53
-64
-96
2
-11
-78
-55
-59
9
16
30
114
118
46
-51
-11
87
118
31
-43
69
80
42
125
48
-5
4
-83
-100
-70
-50
-24
4
-5
-11
-42
-68
-49
4
78
87
147
97
30
63
51
19
-4
54
65
81
104
32
2
-15
-68
-28
97
117
6
-96
-44
-15
-47
-25
-81
-102
-2
88
76
55
86
20
-8
68
118
98
33
105
167
65
35
12
20
124
167
221
208
163
168
145
75
-4
37
34
-30
17
3
-51
-44
-42
-54
-106
-61
-42
-76
3
-4
32
113
35
40
50
36
28
-1
79
127
165
131
43
61
65
28
-14
-22
-5
12
-41
-77
-25
9
-47
-105
-40
-11
-27
-33
47
49
-56
15
69
51
56
71
88
108
93
41
33
48
79
30
1
63
17
-51
-40
-8
-41
-24
-53
-120
-13
-24
-91
-87
-88
3
-6
-79
-52
-50
-104
-73
1
-61
-82
-119
-181
-148
-133
-104
-190
-250
-178
-194
-230
-196
-195
-195
-174
-171
-142
-137
-172
-163
-84
-81
-103
-57
-11
32
66
50
1
43
52
-23
-59
-40
8
67
96
18
20
7
-62
-22
-37
19
20
-30
58
32
-11
0
-16
0
41
34
29
63
79
65
72
90
60
31
40
24
19
84
107
86
71
56
64
120
121
81
121
135
114
103
87
77
98
66
-6
22
77
1
38
135
64
-14
-36
48
46
-39
-30
16
47
45
38
-42
-38
-3
-62
-20
30
0
-47
-23
45
35
-28
-82
-59
-32
-41
23
27
-39
-69
-97
-97
-58
-36
-17
54
39
13
38
49
63
62
16
7
104
127
128
125
64
2
-1
20
-61
-99
-94
-113
-50
-18
-75
-61
-18
-57
-66
-42
-3
88
116
7
51
67
10
107
44
-2
28
76
104
45
53
50
49
12
-65
-79
-63
-34
-78
-115
-43
-35
-81
-125
-81
-48
-119
-38
41
12
55
-43
-103
6
-87
-70
-11
-65
-60
-153
-145
-31
-30
-60
-71
-80
-99
-104
-48
-80
-121
-73
-25
28
37
28
20
-11
-37
51
109
55
28
55
106
103
100
91
71
58
42
29
-3
25
61
7
43
50
-40
24
-17
-134
-56
-28
-18
79
55
3
27
11
46
41
14
95
71
60
75
14
-13
15
19
-42
-27
-26
15
53
-22
6
6
-5
17
-5
53
54
-1
-22
-33
-12
-63
-60
-33
-51
-52
4
-4
-30
51
-33
-19
45
46
100
18
-4
7
-22
23
98
66
20
50
-14
-50
-2
11
22
-17
-73
-47
-8
41
19
-101
-117
-31
21
-33
-79
-48
-31
-1
15
-4
-23
19
46
69
55
15
56
32
68
39
25
82
83
77
10
53
33
-35
4
48
20
-56
-37
-31
-48
-41
-49
-59
-72
-92
-14
37
4
76
84
88
118
59
65
60
41
60
82
102
59
13
-6
-69
-64
-55
-58
-8
-28
-30
-77
-118
-93
-114
-115
-118
-116
-88
-31
-20
9
24
-44
-50
-55
2
9
-55
25
52
17
51
17
23
62
-27
-27
24
-33
-11
3
-55
-2
-31
-86
-16
-34
-55
-54
-68
-11
57
75
56
37
14
12
70
41
4
70
89
75
7
11
42
15
-28
-105
-21
23
-26
-3
-24
19
3
-61
-2
-62
-113
-21
-22
-86
-16
13
-12
-16
-35
-15
-2
11
-37
-47
-11
-76
-76
-12
39
22
-39
8
45
19
-1
67
76
10
39
23
8
-23
19
70
13
-8
-51
-65
-99
-22
-1
-58
46
10
-16
19
11
53
50
59
72
59
96
94
44
24
47
74
56
163
131
13
57
25
5
-6
51
46
-14
86
69
25
59
33
-10
-49
-55
0
62
-5
-16
48
-29
-10
84
124
128
84
-9
4
50
-11
-2
-2
1
83
49
-27
-65
-104
-82
-49
-102
-108
32
26
-29
23
-16
-14
-10
-5
18
4
-8
-3
4
-31
-35
-37
-27
-79
-123
-31
-37
-31
9
-58
-90
-133
-108
-71
-117
-32
-16
18
45
-52
-18
-25
-43
-38
-7
-4
-49
-32
9
64
-16
-101
-12
25
-30
-58
-27
31
69
77
90
70
54
97
81
84
58
37
112
90
-21
-93
-51
-38
-89
0
10
-69
0
-30
-87
-33
-44
-36
-57
-72
26
44
-2
-96
-55
44
0
51
61
13
-41
-39
1
-26
7
58
113
105
70
59
25
48
49
-41
-58
24
13
8
28
-11
-15
25
-86
-117
19
15
-8
12
-15
3
74
53
68
70
68
75
40
46
-20
32
35
-31
28
-34
-37
-46
-38
33
-18
-29
-87
-113
-61
-93
-17
50
-29
23
46
2
32
-30
1
42
45
113
48
-34
7
-1
-21
-1
-3
43
-13
-90
-53
-64
-90
-27
-2
-59
-22
65
0
-39
31
22
-41
-66
43
89
37
-19
-35
25
22
24
70
37
0
8
-57
0
55
25
59
-46
-20
20
-34
-6
-53
-6
23
16
54
18
0
-30
-46
-41
0
-5
-25
8
-30
0
51
55
-53
-127
-24
8
41
26
-20
73
74
17
45
13
29
59
18
-25
-40
45
18
-20
19
14
9
-76
-55
-6
-40
-51
-48
-45
-34
31
45
53
74
62
48
21
0
-5
54
22
-52
-23
-54
-25
0
-52
16
56
73
71
-59
-23
22
0
16
-38
-16
40
36
-33
7
38
-12
26
17
35
38
-12
-19
18
15
2
96
12
-48
35
7
52
9
-27
20
-19
-10
2
-45
-96
-86
-79
-28
-17
-115
-104
-54
-61
0
36
-4
41
18
-66
-53
-33
32
24
2
4
-30
-15
-94
-109
-77
-29
-8
-88
-82
-42
-19
-58
-2
-8
-69
-2
-25
26
48
3
85
84
11
13
4
11
-13
-77
-25
47
-14
-34
38
30
-3
-2
-7
11
10
-43
-5
38
7
59
54
-10
55
109
89
73
46
-29
-54
-59
-76
13
55
-8
-1
9
-34
-1
58
44
18
-6
-55
-27
-14
-21
-20
-47
42
19
-83
-66
-40
13
39
49
-1
-19
5
1
64
42
30
54
25
3
-16
-36
-86
-23
93
86
43
-21
-10
-23
-52
29
-3
41
64
-46
50
106
84
97
109
83
-6
50
41
-41
-48
-36
13
3
27
-1
-18
-4
-54
1
14
4
3
-51
37
56
-14
-22
22
31
-41
23
-1
-31
44
23
44
-2
-70
-50
-13
2
-54
-54
0
-66
-56
16
-19
25
-20
-59
-22
-48
23
-24
-78
10
8
41
79
18
-8
-35
-38
38
41
-37
-23
-49
-55
-2
-60
-46
12
21
-2
8
18
-55
-100
-72
-19
-66
-74
40
28
-9
-14
-4
39
5
38
44
55
111
21
-58
-48
16
19
-88
-152
-111
-47
-76
-16
32
-73
18
51
-36
-25
-76
-48
-6
-45
-97
-24
82
55
67
53
95
102
40
72
13
3
-13
1
103
-9
-2
100
54
41
37
39
3
-63
-11
12
-45
5
19
-31
-40
-70
-64
-11
-13
-21
14
45
75
101
104
58
87
55
-7
33
-5
36
73
26
63
27
30
32
-48
-38
-44
23
37
-24
-3
7
42
-14
-47
31
16
3
-32
-74
-9
-24
-38
4
-4
-11
53
38
-21
-20
-55
-57
-24
35
59
-16
-46
-31
-18
14
28
51
36
0
-5
60
23
-37
41
11
-43
-56
-48
-23
-54
-36
-43
-35
57
56
2
-51
-36
-14
-33
-21
-6
11
-64
-61
72
68
18
65
22
34
61
28
66
-7
-8
-47
-55
68
-16
-106
-64
-47
-32
-24
-76
-48
-36
-34
-26
-32
-23
-79
-57
24
-24
-60
-89
-103
37
29
-40
4
43
38
28
59
50
49
32
-5
-1
-19
-20
9
-7
11
46
42
-16
-63
11
0
-39
-19
-58
-48
-56
-92
-58
-77
-66
-7
-13
53
56
-28
13
77
64
28
12
23
85
82
50
43
41
3
-53
30
65
-42
-50
37
27
2
-49
-38
8
-27
1
0
3
-22
-70
-38
7
38
60
36
48
48
14
41
-25
-6
38
38
114
44
-4
9
-23
24
39
10
73
75
50
44
-7
2
-31
-111
-49
-12
-27
27
-5
-61
-20
32
-24
-65
19
22
9
14
29
24
-62
0
46
-40
-73
-41
-2
-29
-13
-6
23
84
56
19
-28
-65
-84
-77
-62
-60
-57
-6
25
46
57
30
32
7
-49
-61
-37
1
81
64
47
7
14
72
-53
-3
85
-23
-32
-51
-37
-17
-111
-29
33
-33
-11
-12
-35
1
18
7
68
106
18
8
44
6
95
80
-32
41
54
34
-20
-100
-58
-40
-93
-130
-124
-90
-35
-38
-27
-21
-89
-22
35
-32
1
48
73
85
18
29
35
20
62
76
78
93
79
-1
-32
-32
-18
0
-61
-96
-93
-78
-26
6
-31
-70
4
65
42
2
-33
44
55
18
68
60
4
-29
38
87
26
0
69
94
88
48
18
40
1
-19
-17
-69
-139
-64
14
-61
-19
57
63
45
-52
-81
-12
2
-8
-19
-2
64
73
77
50
23
11
22
54
-37
-1
61
35
84
-1
-51
-30
-23
-28
-70
2
-4
-42
2
5
-1
0
5
-33
-26
18
20
-4
-66
-23
25
14
22
17
0
-32
-30
20
59
67
0
-34
71
35
-81
-96
-58
0
46
48
-17
24
142
14
-74
5
-38
-42
20
68
68
38
-16
-28
39
-3
-34
-44
-52
-18
-44
-7
21
7
8
3
29
55
28
-33
-3
7
-22
5
1
-10
32
29
38
35
-33
28
55
30
57
-26
-26
-4
-14
-9
-53
39
55
-39
-46
-27
-61
-59
10
-11
-86
-71
-11
-6
-8
-48
-35
66
39
5
24
20
24
37
83
107
96
45
10
-18
-60
-89
-123
-24
-31
-83
-26
-46
-2
-7
-38
-26
-25
62
64
25
6
4
73
13
10
79
97
148
75
11
29
-79
-94
-36
-75
-78
-85
-96
-40
-5
-39
-13
49
18
-46
-69
-23
33
22
56
64
35
37
21
48
55
-33
-2
21
-34
66
59
-11
16
33
25
-4
-38
-99
-127
-90
-74
-66
-16
-17
-1
-40
-26
52
-49
-45
-14
-19
20
15
66
16
-33
14
-19
-22
6
24
23
45
6
-39
-27
-68
-34
2
3
-11
32
55
-2
75
72
33
32
-44
-30
-54
-71
0
67
72
48
45
-62
-68
-34
-111
-37
-10
-30
8
4
-2
10
58
47
75
26
1
76
40
-51
-69
68
55
-11
40
39
-36
-62
-27
-40
31
27
-13
7
-47
-17
0
-24
-46
-55
25
82
53
-2
4
-26
-64
-47
-50
74
108
17
51
18
-40
-55
-35
-3
-24
0
-6
30
88
64
-23
-81
-12
-37
-52
-67
-59
4
40
132
90
72
169
118
66
36
-17
28
-32
-76
-72
-111
-47
-9
-31
-54
-115
-97
-22
-17
5
35
67
53
67
48
48
93
16
19
12
17
36
0
-36
-48
-21
-59
-86
-51
20
-20
-25
26
3
-33
-96
-99
-68
23
29
-50
27
34
-13
14
-29
19
67
39
74
20
-22
39
107
90
28
-1
-11
0
-83
-53
-81
-180
-48
-43
-8
10
-79
-4
-6
11
57
-24
-6
-18
3
35
-28
2
26
34
38
82
108
69
35
33
83
-16
-45
44
-13
-95
-81
-74
-75
-16
-69
-64
-22
-22
-37
-41
-10
24
56
40
36
68
78
3
45
15
-32
30
-3
-22
24
56
-22
-33
17
29
54
48
30
35
46
37
85
115
-9
-49
21
-16
-4
-51
-156
-86
-68
-94
-60
-48
18
28
34
129
94
45
42
26
1
4
58
1
10
26
-21
63
27
-1
76
-2
19
43
4
44
-16
-91
-14
43
-16
-40
-60
-95
-46
4
-71
-120
-44
13
0
2
50
37
13
10
33
120
106
59
57
3
-2
-17
-50
-41
-20
-2
-37
-56
-32
-47
-71
-54
-2
-6
-36
22
50
9
-69
-65
-6
-33
-20
0
-31
3
57
87
56
42
91
58
20
22
0
-45
-75
-6
21
-77
-59
-34
-70
-4
-50
-65
17
-2
-54
1
50
-34
-8
-23
-29
18
-57
-34
32
76
52
66
80
43
24
-28
-17
3
21
-15
-48
-29
-41
-7
8
-12
-3
-18
8
-3
-37
-4
-10
-40
-36
10
41
-7
-52
32
78
12
-31
-22
14
73
60
-36
-39
-24
-16
-19
-54
-20
-14
47
106
56
-29
-56
19
92
108
36
-37
-88
-56
1
-24
-33
20
60
50
10
-27
-15
22
0
23
90
17
-5
29
26
-50
-66
18
0
32
53
-28
26
32
-28
-6
-21
35
-25
-100
-1
-10
8
65
13
43
27
-43
24
32
21
18
7
64
53
36
46
-4
-32
13
31
-1
-20
-19
22
0
-53
-49
-22
2
-25
-60
-73
-10
3
31
6
-90
22
75
24
-32
12
63
42
90
34
-10
37
43
-3
-44
-69
-43
-65
-107
11
43
-32
-67
-33
21
-55
-37
25
-13
57
144
93
-13
-87
-59
-40
-24
27
4
68
97
-22
-41
-19
-2
-37
-32
53
27
-58
-93
-36
-19
2
63
43
0
0
41
-30
-44
46
52
42
-58
-70
-8
-45
-1
26
-46
-37
12
14
18
-11
-17
32
-10
-43
28
4
-45
-2
-12
24
71
-39
-42
48
5
20
69
31
-11
-60
-70
-76
-86
-36
-58
-88
-21
-21
25
44
-7
60
70
-54
-71
35
32
25
31
-12
0
21
-9
25
63
47
89
80
51
51
-57
-63
18
-46
-54
-31
-58
-89
-72
-82
-81
10
-11
-19
2
26
81
44
-7
-4
36
100
40
-2
19
-28
18
64
67
46
21
42
-11
-38
2
-44
-20
0
-11
54
-26
15
30
-51
36
32
2
-20
-66
-11
10
-59
-19
-24
-27
54
19
8
28
12
59
114
24
-24
10
38
78
36
66
71
17
7
-8
-15
-30
-32
-20
-11
-56
-47
1
-7
32
31
-48
-24
17
-31
-18
-3
41
91
7
-18
18
43
48
68
38
25
20
-8
39
5
-63
-53
-18
-45
-42
-51
-110
-34
38
-9
25
15
-29
10
-13
24
-29
-29
81
35
-17
-70
-57
-14
19
60
41
23
20
27
1
-1
-63
-39
-21
-108
-30
-29
-7
26
-31
36
-22
-11
93
3
-25
-43
6
48
-21
-35
-27
63
33
-39
-8
-37
12
63
-6
-47
-30
-11
-36
-45
-42
-27
4
-2
23
19
-4
27
9
-33
-22
18
49
37
43
5
-56
31
38
-5
38
-70
-105
-57
-41
24
-6
-18
-4
15
0
-38
27
0
-22
40
-8
2
63
-29
-65
16
37
-8
-8
37
18
-17
16
10
-1
29
-49
-31
38
-9
0
-8
23
41
1
74
69
-11
-45
-14
74
61
-50
-80
1
2
-22
-30
-15
29
11
39
38
23
67
39
-14
-63
-76
-33
39
72
-4
-6
44
104
104
-8
2
87
34
-69
-47
12
4
-16
-22
16
-3
-43
10
-6
31
42
-87
-43
47
17
-8
-11
25
24
-19
4
51
40
24
-32
-15
31
59
34
-86
-61
-67
13
89
15
30
-24
-31
32
29
-29
-71
-41
-41
-44
-66
-35
69
89
56
26
13
12
18
21
-20
-17
-29
-53
-53
-80
-46
12
35
7
11
-13
11
57
20
94
30
-8
55
-50
-56
-108
-144
11
-9
0
40
-12
24
-34
-65
11
-20
-81
-97
-78
-15
49
77
1
41
41
-15
76
0
-15
62
-18
-45
-23
-86
-33
-15
-73
3
26
20
-5
-3
20
9
-28
-38
-28
-63
-56
-91
-48
42
-9
6
7
17
119
39
-22
22
22
37
35
-3
-11
-23
-38
7
-15
-43
-32
-25
58
39
-6
2
-47
-35
-3
4
-5
12
53
-39
14
89
1
8
-19
-22
3
22
108
64
-7
48
8
-70
3
21
4
2
-59
41
29
-46
-6
-31
-5
9
32
56
-13
-22
95
94
77
65
-8
25
-17
-104
-45
-11
-17
25
25
53
112
36
-45
0
9
36
9
-49
-26
-34
0
41
26
0
-21
7
81
50
22
16
-42
52
35
-52
-17
0
4
-11
10
-20
-1
44
41
38
-11
19
14
-22
14
-32
-45
-79
-117
22
58
51
28
2
78
71
-16
-51
-23
-44
-58
-53
-13
22
10
-14
11
46
25
102
111
-9
-13
46
25
8
3
-80
-152
-133
-75
-96
-76
11
35
18
14
41
25
-10
-54
-30
36
-21
-30
-3
-36
20
65
54
60
21
33
-3
-57
28
32
3
-53
-68
-69
-112
-68
-39
-2
11
-19
25
8
-51
-37
-58
1
-37
-110
-26
-35
-3
-15
-16
59
9
11
43
105
163
119
31
16
48
23
3
-80
-142
-65
-73
-101
-50
-69
-102
-36
6
1
-17
-73
-58
-13
41
107
84
78
78
-12
33
102
78
122
31
-19
35
-34
-39
-79
-104
-30
-23
7
-66
-75
-2
28
98
45
32
8
1
81
4
-4
-33
-78
-42
-89
-56
27
68
66
73
84
70
90
121
68
33
26
-8
14
-25
-45
-36
-15
-8
-96
-48
0
5
-15
-51
10
6
8
-19
-67
2
42
17
56
91
111
122
88
41
66
63
-42
-66
-93
-76
-13
-12
-7
20
15
-15
-11
12
31
22
19
30
4
-55
-53
-8
-61
-70
-14
13
39
67
80
67
8
0
58
-42
-30
31
-41
21
-5
5
69
-4
14
-4
-10
4
8
-17
-79
-34
10
46
-72
-142
-72
-57
20
-8
28
138
88
68
25
-15
0
-5
-43
-91
-66
0
-7
-59
36
148
79
19
-20
-48
-36
-66
-95
-76
-46
-63
-38
-4
4
41
3
-23
18
-15
-17
-26
-10
11
-4
12
0
-5
-32
-25
27
21
-18
-12
37
60
-21
-30
5
-15
-52
-125
-74
-27
-18
42
2
80
82
-42
-13
-24
-60
-35
2
-63
-111
-20
27
39
21
-46
-38
31
12
-8
83
71
50
30
-13
41
-50
-137
-95
-64
4
39
36
5
74
92
-38
1
-48
-123
-42
-81
-41
70
53
37
30
65
93
23
-28
-15
-7
-27
-29
-43
-20
17
-40
25
45
-4
78
34
66
57
-33
20
3
19
29
-18
-57
-42
27
-48
-59
21
3
2
-10
-3
-13
-15
70
25
-35
23
24
48
73
-56
-56
37
40
49
0
27
64
-27
0
-37
-62
1
-103
13
45
-53
53
32
64
91
39
41
41
-17
-86
-40
-66
-63
-32
-68
9
34
17
40
-24
1
116
45
-24
4
49
88
32
24
51
35
-18
-93
-86
-29
-28
-24
20
12
4
-28
-49
13
2
-30
0
32
38
31
20
-15
-29
-53
-77
-43
0
4
7
63
54
4
8
-26
-42
27
18
-21
6
39
63
78
71
54
9
-44
-43
-117
-184
-115
-76
-103
-15
65
-3
-5
-14
-19
11
-17
65
81
43
109
118
40
-17
-22
-9
8
-17
-54
-14
21
-13
20
23
-40
-62
-51
-68
-150
-143
-119
-63
35
-8
1
29
45
70
15
29
25
41
53
-12
23
29
-40
31
53
2
13
-1
25
49
6
27
74
-1
-46
-69
-109
-71
-104
-62
38
-4
9
21
11
12
-21
-31
-38
3
-20
-25
-11
-8
73
105
114
50
47
37
15
62
32
60
3
-45
-46
-111
-75
-104
-149
-88
20
135
135
56
5
-9
3
-3
-30
-50
-64
0
28
33
100
30
-25
22
-1
11
38
13
54
40
35
30
-62
-43
-14
-43
-92
-88
-65
-91
-18
90
139
96
62
90
53
-7
-33
-74
-47
46
31
34
47
1
15
-59
-107
1
18
2
9
4
1
32
85
-12
-48
10
32
6
-39
-69
-74
-43
-58
-42
-45
-61
-10
54
49
15
47
46
33
80
12
45
142
32
0
11
41
44
-62
-7
17
-29
-67
-103
-26
-36
-73
-112
-77
-42
-32
31
0
4
-48
-30
6
13
96
63
94
78
40
73
-28
-12
11
-67
-40
-43
23
14
-69
-15
11
0
-63
-47
9
47
24
-41
0
27
1
-44
-75
-27
-13
-13
-20
-67
60
83
1
47
24
10
-29
-75
9
65
44
28
-25
-32
36
18
-23
-35
-133
-112
-31
-71
13
101
67
78
59
21
14
-39
-45
-14
21
47
64
69
27
62
47
-4
-22
-92
-54
-16
-62
30
17
-84
-53
-92
-70
-22
-65
-17
16
-8
-14
9
35
53
126
170
55
-44
6
24
33
96
28
-43
22
12
-27
38
17
14
9
-69
40
0
-116
-89
-72
-26
-55
-10
16
-25
-8
-24
34
53
0
9
-16
-3
6
18
57
40
37
-14
-22
44
71
57
25
37
12
-4
76
46
26
29
-112
-54
-59
-107
-36
-84
28
10
-45
22
6
4
-49
-98
-57
-5
-18
2
19
54
76
26
30
23
60
144
59
9
55
-14
-27
-7
-16
12
-28
-46
-33
-79
-62
-36
-36
26
36
17
-11
-72
-52
-33
-47
-15
7
33
59
25
45
128
91
-27
8
5
-35
-5
37
54
-55
-41
-41
-56
35
26
-5
-33
-42
2
-2
-18
28
-111
-64
37
-115
-11
39
0
52
-2
36
45
27
73
-8
-8
25
44
58
32
89
39
5
39
-14
-46
-86
-103
-79
-34
-13
-33
-41
-117
-100
-22
-50
27
71
49
52
31
51
92
79
56
58
7
6
53
69
35
8
-23
-27
3
-23
-27
-39
-36
-50
-95
-57
20
19
-19
-22
-31
-46
-62
-13
-25
-25
85
74
20
14
17
44
37
5
14
35
36
39
63
63
60
77
-35
-22
7
-61
46
-14
-43
-28
-118
-67
-42
-43
10
13
-82
-49
0
-43
-41
-18
54
85
79
76
63
61
16
25
53
5
1
5
8
-13
-57
-27
-19
-34
-33
-30
-2
38
0
-26
46
0
-30
-26
-16
74
39
-42
-13
-69
-90
9
2
5
18
12
74
74
20
30
-20
-29
26
-13
34
37
-73
-40
16
46
47
-6
-15
-63
-69
-18
3
0
-38
-11
-18
11
37
3
34
0
17
54
70
37
-43
-73
-55
47
13
-2
81
-6
-42
-8
-18
14
41
13
-36
-19
-44
-90
-17
21
-3
19
18
10
6
-58
-5
72
11
-31
42
47
-69
1
92
-16
-9
51
-46
-5
96
28
39
19
-62
-29
-67
-7
51
2
-25
-109
-92
-24
-30
1
33
47
75
51
6
-18
-46
-8
-7
-21
47
-8
-49
-24
-2
43
44
49
60
39
12
19
-12
-68
-1
65
-8
-63
-2
57
-10
-75
-47
-20
-20
-4
14
-23
-7
14
-58
-64
-6
8
24
-6
10
39
35
72
23
-9
-21
-14
47
3
-21
-34
-40
5
5
50
25
-35
-6
13
11
20
25
-34
-21
-24
-10
19
-27
-25
-52
-38
-48
-41
-2
-31
-17
37
30
-57
-48
-19
25
66
23
66
119
60
33
98
64
-15
-47
-74
-71
-98
-81
-25
-34
-31
-6
-16
-38
16
63
20
0
-21
6
38
-17
11
59
47
-3
-60
-24
22
27
47
32
-43
-87
-48
10
11
-4
5
4
-32
-48
33
61
73
59
-3
-21
-69
2
-5
-76
14
-41
-57
43
-8
-50
-41
-3
50
82
112
115
76
25
35
40
-57
-107
-6
22
-95
-118
-20
42
30
2
-8
-9
-68
-83
-7
-1
1
47
24
3
30
36
-2
4
82
53
24
62
50
28
27
-9
-20
-68
-119
-42
-62
-74
62
59
-23
0
31
71
60
35
-19
-32
-18
-45
21
-32
-69
0
10
-35
-6
49
7
19
-16
-7
59
27
39
33
13
-40
-46
15
-34
23
149
123
38
-15
-54
-119
-140
-105
-83
-16
-19
-16
33
-14
46
102
94
51
19
93
99
44
-65
-90
-41
-81
-62
-59
-95
10
41
0
17
16
83
54
20
20
-14
10
-40
-79
-69
-40
-4
-13
38
49
6
41
44
6
13
1
-6
-25
-36
15
-1
-34
-18
18
48
7
-10
19
16
17
46
25
15
-93
-195
-123
-97
-25
39
11
60
67
6
15
10
7
53
112
80
-21
-79
-69
25
6
-38
-1
26
56
43
32
37
9
-22
-3
6
-65
-134
-90
-28
-76
-54
33
20
14
18
6
23
39
-19
-59
-2
7
35
53
19
34
24
3
14
51
70
8
51
42
-49
11
-55
-107
-95
-156
-78
-51
-31
107
91
86
124
60
38
14
-19
-55
-134
-140
-46
-26
-9
54
-2
36
120
45
50
73
26
15
21
-20
-123
-84
0
-50
-61
-83
-12
68
34
58
54
82
57
14
-2
-18
11
-41
-43
-18
-26
-21
-69
-20
53
-4
38
107
16
-31
-29
-36
-60
-48
56
23
-49
2
14
-5
-5
30
78
78
33
-50
-85
-43
-24
10
25
-21
-36
1
-3
15
56
-24
-18
24
5
16
-13
58
87
-10
-25
-50
6
47
-11
7
-22
-43
41
9
-25
26
-28
-49
-110
-121
12
-33
-34
20
-32
23
23
-14
60
36
62
102
46
65
49
-7
30
91
47
-23
-74
-96
-25
24
0
-22
-58
-39
-14
-115
-81
-23
-117
-100
-30
14
20
98
137
0
27
95
58
43
51
53
31
14
8
-43
-30
57
28
-45
-100
-114
-68
0
10
-20
0
38
0
-25
-10
-75
-38
55
58
32
4
30
-60
-67
86
47
48
0
-60
44
-34
16
134
60
-3
-65
-63
-12
-26
-32
-8
-17
-31
-50
-6
-4
-84
-51
2
67
82
-8
64
48
-41
66
68
49
35
51
74
21
64
-32
-122
-50
-60
-65
-57
-77
-18
21
-16
-5
3
-3
35
24
-22
-31
-3
43
39
-21
0
47
-6
-17
79
78
38
62
0
-70
-26
8
14
6
5
68
70
26
-18
-39
-1
-9
24
69
-18
-76
-61
-70
-78
-65
-74
-112
-32
70
81
38
5
51
4
14
67
68
80
-1
-15
24
44
36
6
48
78
8
4
49
-49
-51
-1
12
11
-99
-59
-20
-84
-36
41
17
-56
-49
25
93
26
-22
15
-16
-1
47
-17
-64
-3
58
26
-41
2
93
37
24
55
1
58
41
-18
8
37
-4
-32
-41
-76
-20
11
8
-25
10
58
60
-21
-84
11
-3
-27
-75
-55
-4
-36
40
69
39
-10
19
30
17
94
35
-2
13
-50
-97
-7
10
-26
58
47
42
25
-79
12
64
-2
68
80
-25
-58
-44
-104
-30
17
-60
2
-30
-1
85
-29
5
34
-26
33
88
66
41
12
-12
-30
-53
-7
-9
-15
42
17
-44
-44
-39
-16
34
-12
-75
-19
47
-28
-25
44
23
67
45
9
87
121
59
25
78
-5
-74
-38
-50
-19
4
-57
-72
-44
-93
-35
12
-17
22
12
-14
-26
-47
-20
18
-28
-20
39
42
76
105
109
19
-9
83
43
31
62
-9
-52
-48
-19
-63
-105
-25
-7
-61
-5
64
42
3
-59
-36
-47
-81
-53
-71
22
63
-19
-16
37
78
52
89
135
55
15
25
-15
-58
-108
-92
-49
-57
13
31
-7
-38
-69
-10
22
12
-19
6
23
-9
14
-53
-28
105
24
20
55
-11
45
-27
-19
60
-40
-50
-44
-1
-41
-141
-109
-24
27
48
86
16
59
40
-56
-37
-14
44
-28
-54
-64
-82
-18
-28
3
-8
-9
107
105
55
45
26
-4
-36
-56
-60
11
-9
-23
40
10
0
-15
8
23
-25
13
4
-36
0
-29
-89
-78
-101
-91
4
23
27
82
68
-25
-56
14
60
21
28
19
-41
-7
-18
-50
49
117
67
76
65
-50
-33
60
54
-19
-50
-33
-51
-98
-77
-60
-73
-43
-16
21
15
3
39
48
2
-26
-25
14
38
28
55
0
5
47
53
81
0
23
16
-20
10
-38
-46
-55
-54
-16
26
14
-34
7
39
17
40
28
0
5
-15
23
-50
-135
-38
-18
63
78
47
65
-5
14
25
29
35
-65
-71
-12
-46
-96
-37
53
8
-35
63
81
-5
22
35
63
49
-50
-32
-27
-7
-10
-104
-84
42
61
61
49
-23
21
54
30
46
-33
-74
-71
-86
-44
-104
-57
21
25
84
12
-7
40
9
-46
-22
40
7
-8
-53
-92
-55
-28
15
105
106
49
15
19
77
-23
-56
-9
-59
-21
-44
-50
13
-11
0
36
-19
-68
-15
-66
-54
49
-13
23
33
-8
26
-84
-82
34
55
32
32
7
-5
25
-23
-53
-65
-76
-42
-4
-2
-42
-55
11
26
-21
27
47
22
69
26
-54
-18
8
35
-10
-68
12
0
-20
87
29
-49
-31
-68
-68
-67
-58
-22
31
57
-16
-12
51
28
-5
31
85
41
15
24
-29
-15
-53
-38
43
40
73
25
-8
9
7
0
30
48
-32
-12
-49
-106
-44
-16
-52
-46
23
-39
-49
-15
-21
72
137
119
70
9
-18
-10
32
40
-13
2
-16
-67
-24
-11
-5
57
87
-28
-70
4
12
-45
-63
1
-4
2
95
92
6
15
58
123
147
52
72
44
-25
-7
-72
-13
-9
-109
-18
13
-31
-55
-63
-49
2
58
10
40
32
-26
-35
-11
111
80
8
28
19
0
-30
-8
-8
-1
17
-23
-33
-8
-48
-59
-7
-25
-3
46
29
27
43
5
-3
26
8
34
27
0
17
21
48
13
39
61
2
-5
-56
-63
-59
-44
-11
-56
-36
8
10
47
57
40
48
44
43
39
-8
-51
19
37
-67
-49
-3
-58
-18
10
-7
29
-13
-80
-126
-89
20
-23
-88
21
31
-29
-19
5
9
16
8
39
76
12
-12
-22
42
52
25
16
-46
-42
-26
21
7
1
-14
-38
20
26
32
-39
-51
51
88
28
-50
35
64
13
-17
-63
-21
-12
0
-5
-35
13
15
16
4
-76
-22
60
35
30
9
-19
-38
7
24
1
-29
-111
-92
-52
-46
-31
0
-29
-8
115
19
-30
46
19
58
84
51
95
49
18
79
36
-29
-18
-17
0
42
11
17
13
2
8
-65
-93
-88
4
4
-62
33
49
52
46
38
92
20
-38
47
121
38
-35
40
9
7
26
-63
-43
-55
-52
6
-35
-23
-1
-15
21
-21
-5
51
19
52
69
97
104
67
-12
-16
22
-49
-18
-14
-14
-27
-75
-29
-100
-66
25
5
68
36
10
22
-24
28
19
-47
-20
45
35
6
65
97
140
39
-75
-44
-55
35
-11
-59
19
-53
9
1
-48
0
-6
38
17
-22
-46
-14
48
30
42
72
30
-24
-64
-34
2
-60
-80
-20
1
-82
-89
-18
-21
11
48
-54
-73
19
1
4
8
32
90
62
44
7
0
47
90
41
-108
-81
-46
-51
-14
-31
35
3
-94
-37
-35
-44
-20
-28
6
-16
-20
38
21
-24
5
26
34
18
4
26
38
83
27
-9
44
23
-9
5
-56
-71
-54
-71
-14
10
31
-16
-22
15
-49
-14
40
-55
-57
-55
-60
52
0
2
79
68
35
20
41
21
21
3
-14
-53
-67
-14
-86
-14
49
-41
-1
-41
-25
18
-88
-26
156
140
29
35
27
34
31
-19
65
80
4
-11
-1
0
-7
-55
-26
-3
-90
-19
11
-18
19
-3
-46
-43
-8
14
36
36
-8
-51
-45
-7
71
111
0
6
43
6
47
-68
-90
39
29
-41
-71
-55
-51
-51
-19
45
15
-28
72
111
-4
-25
34
37
75
50
-58
-78
-48
-10
-45
-85
-13
-27
-29
77
73
9
-48
-72
-1
-21
3
76
-28
-3
41
7
44
65
79
23
-4
51
0
-59
-84
-83
-7
-11
2
-20
-77
-63
-41
-43
-78
-60
-23
29
21
6
73
71
-9
4
1
-73
-76
-115
-111
-15
38
43
69
56
74
65
-42
-4
-2
-54
9
-13
-45
6
14
13
39
62
39
30
17
-8
-45
-79
-36
0
21
12
20
-2
26
39
-45
-16
-1
14
-23
-87
-22
-9
-7
19
-32
5
70
-26
-30
-37
-72
-6
20
3
-38
10
54
59
82
14
-20
-45
-21
68
15
12
36
79
66
-56
-3
38
22
48
27
-29
-2
-6
-31
56
9
-29
-22
-52
69
93
-8
-31
-28
-8
-26
-70
0
5
-31
72
25
-13
40
-40
4
33
-26
-14
-36
-6
38
48
73
43
-6
-42
-4
91
91
5
-25
-11
-29
-21
13
39
12
16
23
0
-63
-123
14
55
-6
-17
-40
-7
30
66
68
27
70
68
-32
-52
-68
-110
-66
4
0
-50
-14
-15
-49
6
-11
-13
21
3
20
-1
-17
65
55
-15
17
5
-53
51
47
-2
58
-20
-4
8
-65
11
18
24
85
-2
-26
-27
-77
-74
-82
-97
-59
41
35
-17
-42
-26
-34
-37
-5
-60
-17
11
-2
2
-68
-29
