-89
-67
-15
-24
13
13
-20
33
17
17
-18
-51
-31
-15
27
-10
-36
-26
-12
-4
13
24
-50
-26
-11
-21
4
-59
-3
21
-32
19
-14
-29
-24
-78
-5
34
-10
-56
-120
-57
-43
-101
-67
-67
-62
-71
-68
-28
-24
-33
-4
-10
-6
16
-9
-21
-13
19
-51
-39
4
-55
2
14
-23
41
-9
5
135
94
10
-30
-10
-21
19
55
79
63
-80
12
59
-13
20
-7
-44
-108
-97
7
36
1
-27
7
31
26
69
80
10
30
77
5
27
30
18
125
87
45
4
43
144
68
65
79
62
34
-2
70
33
-26
8
-53
-11
14
43
146
51
22
1
-31
93
68
31
25
18
62
3
60
45
-43
45
55
23
12
56
59
-58
-62
-23
25
41
1
53
56
-15
-9
24
18
-2
-16
3
13
19
70
33
-3
68
21
17
34
-18
7
11
36
-20
-9
29
-57
-27
-30
5
47
-15
27
9
-93
0
82
51
84
35
12
47
32
-8
-62
11
96
35
-18
-6
-15
-45
-56
-53
-60
-27
-6
6
-25
8
61
46
-14
-43
31
-59
-64
-27
-12
-21
-67
10
-42
-23
-18
-45
36
-28
-64
-41
-48
-29
-71
-77
-40
-61
-35
-50
-47
18
-35
-110
-79
-69
-86
-81
-121
-43
42
-31
-67
-49
-39
-61
-151
-128
-37
-83
-50
-5
-27
-13
-39
-65
-115
-39
11
-92
-91
-22
-3
-46
-23
0
6
-46
-117
-15
44
-2
-14
-3
-19
-6
32
30
66
60
-34
-37
-13
-17
44
13
-73
-56
-35
10
99
117
139
162
36
23
67
-30
1
4
2
63
-6
-53
2
89
113
126
122
43
55
10
-49
42
56
26
4
8
16
33
58
46
59
90
95
47
-7
50
54
-44
-12
-15
17
115
31
20
41
-22
38
34
-24
55
41
-13
48
57
78
83
29
61
67
57
37
35
60
56
80
0
-44
26
40
50
24
-10
6
-14
29
78
41
-26
-36
11
-13
0
-33
-58
-46
-94
-59
26
103
53
2
53
53
36
-26
-23
45
32
-4
-56
-30
38
6
-5
-6
-25
18
59
37
13
6
15
97
80
-25
-36
-51
-13
-41
-116
-51
-29
-20
5
9
30
62
92
-12
-87
0
18
21
-12
-59
-42
-92
-41
-18
-32
40
-46
-74
-55
-61
9
-62
-76
-5
-80
-71
-50
-70
-21
-45
-22
-32
-55
-36
-32
-32
-77
-28
-74
-73
3
-48
-43
-44
-5
12
-9
-27
-61
5
-60
-47
18
-49
-12
-46
-44
-56
-93
-45
-48
-24
-2
10
-4
-20
36
12
-43
-24
-15
41
64
14
2
-5
43
109
68
0
-12
37
23
0
16
-39
-3
35
11
-11
-42
-1
49
45
12
46
16
-2
23
-65
-40
-11
-79
23
22
-14
57
-1
-51
-71
10
23
-18
66
16
-53
11
8
-20
-2
-56
-41
-31
-13
19
-29
-9
54
82
0
0
41
-1
24
23
-6
-27
-29
10
17
-16
-1
95
98
37
29
27
11
-40
6
101
46
23
34
42
24
-61
6
41
2
28
27
39
33
38
49
-25
-17
18
29
71
50
44
3
-32
12
84
55
4
13
18
78
26
70
88
-16
29
10
24
71
-24
3
40
1
61
97
110
72
28
-17
-16
30
-3
11
13
41
10
1
60
-1
17
66
104
113
47
-2
-37
-6
-6
1
-2
-49
4
37
-13
-81
-65
-8
-28
-68
-32
-45
-105
-30
-25
-59
-75
-45
1
-58
-33
-48
-49
-28
-52
-50
-163
-115
-15
-36
26
-54
-68
-10
-49
-69
-60
-33
-85
-29
-2
-64
1
0
-48
-45
-78
-62
-49
-46
15
-13
0
37
-70
-39
-18
-38
58
35
-56
-46
21
13
41
58
30
-54
-122
-7
32
29
57
39
38
21
-19
5
32
3
-15
-34
-26
43
59
27
54
2
-24
-4
-48
15
6
-80
-104
-71
29
31
7
5
20
-4
-73
-30
-64
-82
18
35
49
45
0
57
49
-39
-17
33
28
2
62
97
63
36
-60
-32
1
29
88
40
49
51
4
3
67
43
-25
-56
-54
-33
-28
32
40
47
60
-9
-15
18
57
29
-9
-1
-19
32
12
-36
-35
9
74
63
90
40
-13
62
71
66
-11
-62
29
9
16
-2
2
53
-42
-38
19
8
-3
-16
17
60
-21
-1
95
8
-96
-44
48
46
32
36
9
10
72
40
5
25
-35
-7
-1
0
71
35
8
-1
-32
-7
50
29
-15
20
46
49
32
-27
47
31
-27
47
-19
-23
-2
-59
17
35
-38
-19
20
28
-20
18
71
-38
-16
-19
-55
8
-12
19
-30
-46
64
-24
-71
-48
-28
-32
-90
-29
-8
-62
-82
-47
-62
-64
16
36
-4
-36
-6
-18
-90
-20
8
-69
-52
-76
-73
-31
-35
4
-36
-81
-30
-3
10
55
25
-33
-61
-92
-52
-33
-31
-11
-8
-9
-18
7
15
18
10
30
69
80
85
0
-11
0
-33
-62
-38
72
-31
-110
-44
-15
49
34
-84
-41
78
42
61
28
-16
-4
23
90
46
58
50
-16
-8
38
49
-3
-24
-4
12
-26
-18
41
23
19
48
61
51
-29
-17
6
-20
-27
-45
30
55
66
132
89
19
36
46
53
90
9
-8
58
51
21
-4
46
29
-18
-16
65
106
57
36
-49
-3
43
-30
21
18
-33
53
107
37
-18
-28
-31
-45
-25
37
22
19
18
-48
-34
-43
-39
-25
-60
-67
-16
-11
-48
14
-4
-26
13
50
65
5
-2
-16
8
43
37
1
-51
-31
4
3
-93
-80
-52
-130
-94
-37
-28
-71
-49
47
41
26
73
16
-15
43
-30
-5
69
32
62
75
109
97
13
-25
-55
11
49
50
50
-2
-5
27
-1
18
-22
-56
18
-46
-41
-48
-87
23
-13
-32
32
-15
4
26
57
22
-45
-44
-141
-100
-60
-87
3
-44
-97
-51
-3
30
-25
-29
-29
-65
-18
-4
3
52
1
-59
-17
30
18
-2
18
-39
-59
22
-62
-81
11
-23
1
33
-58
-38
42
26
43
25
-47
1
52
-20
13
77
32
31
36
-2
-20
0
13
18
-16
-30
-71
-73
-24
-24
82
57
55
68
-5
77
53
32
102
29
-65
-80
29
75
-28
17
53
65
126
59
15
3
25
56
3
42
47
-47
-30
11
58
87
25
37
85
56
94
104
41
25
-24
11
66
2
-34
-63
-6
36
-82
-75
4
25
28
-14
-51
-33
12
9
-21
-23
13
31
-28
-66
-45
-24
-32
14
33
-2
4
-37
-76
-114
-101
-52
-32
-57
-93
5
65
48
28
1
-7
-62
-86
-8
-5
10
40
17
89
37
-28
27
46
56
8
-11
-40
-52
30
-49
-116
-48
39
49
-20
64
69
-54
-57
14
67
64
80
24
-38
-3
-60
-55
4
-59
-65
-51
-4
4
-86
-5
29
46
87
-95
-83
-43
-112
-33
-31
22
45
-45
11
11
-33
-10
-75
-30
28
-16
-15
-43
-49
-21
-38
-27
-12
-14
-5
10
46
25
0
57
56
-12
-58
-50
16
-3
48
95
34
62
45
30
60
25
-25
-79
-105
-31
-1
-19
32
44
13
9
48
48
-45
-106
-7
9
-71
2
-35
-60
-25
-75
-60
-8
23
-12
-41
-42
21
45
-3
-54
-41
48
27
19
-29
-74
65
81
72
125
87
-9
-122
-9
59
-18
0
-33
-1
89
81
26
42
65
59
16
-13
34
44
-55
-80
64
94
16
-17
35
63
5
-16
26
86
90
52
37
75
107
90
75
5
-6
19
-43
-61
-33
-30
58
57
-67
-49
-103
-101
-46
-39
26
-48
-92
-33
-28
28
26
-20
-5
-25
12
31
-44
-64
-122
-202
-126
-79
-59
-25
-9
34
-10
13
77
49
19
2
47
9
13
54
-56
-22
69
109
77
62
117
25
30
113
36
23
46
-78
-75
-38
-93
-52
65
56
18
105
51
59
37
-43
-7
-58
-72
-57
37
37
-24
102
55
-3
19
21
69
21
25
50
0
6
11
-1
-34
-41
-21
4
68
43
16
36
0
-28
0
2
-43
-81
-70
-62
-85
-74
-78
-12
9
-55
26
30
-13
-27
-29
-23
-121
-101
-76
-97
-32
4
-13
-34
-56
-11
16
-4
39
19
16
-45
-108
-57
-44
31
62
29
73
76
66
137
143
24
-1
64
6
-54
-64
-46
-5
0
-32
-39
-8
-119
-111
37
25
33
25
4
103
43
-97
-13
32
-29
8
12
8
28
9
13
76
72
-26
-6
44
26
8
-60
-42
43
-9
-13
28
63
53
-42
-7
51
54
-4
-93
-109
-63
-15
-18
-42
14
125
97
79
109
33
15
15
-43
-38
-57
-74
-35
-80
-37
27
-5
-28
-89
63
170
44
18
-46
-76
2
-44
-36
1
-98
-27
64
88
135
53
-9
-30
5
10
-83
-86
-76
-145
-100
3
51
63
87
104
111
181
132
86
59
25
2
-96
-32
-21
-80
-55
-41
18
15
20
66
37
-16
-95
-90
-20
10
-47
-67
-2
9
18
47
90
86
88
38
-91
-72
0
-67
-111
-136
-176
-152
-98
-34
82
160
120
106
-2
-2
18
-2
17
-150
-156
-119
-89
-22
-76
-34
-12
8
32
-26
-35
-62
-51
-52
-77
-76
-71
-79
-43
71
52
110
167
-15
-14
59
16
51
-25
-165
-174
-44
28
-12
25
42
117
125
48
115
148
77
23
-29
-66
-14
18
27
-48
-86
-59
-26
85
7
-59
42
46
12
0
-41
-70
-55
-49
33
132
96
76
95
129
127
87
14
15
51
18
60
82
13
17
34
-56
8
130
115
149
97
47
54
-32
-65
-49
-50
1
37
52
53
14
19
20
9
33
33
11
-47
-89
-9
19
9
-37
-113
-2
80
16
33
31
-17
67
-19
-96
-47
-83
-38
-72
-49
26
19
34
31
-50
-116
8
9
-21
23
-61
-90
-81
-23
21
-25
-2
16
-31
-21
20
-30
-35
12
-28
-8
11
-61
-93
-66
26
79
21
-9
-9
-9
-16
-37
-32
-53
-62
1
-1
27
26
-106
-117
-46
27
9
-6
39
-29
-49
-43
21
36
-112
-117
-82
-82
1
25
32
42
34
43
-35
-67
-21
30
73
21
-12
-6
-19
12
-30
-4
53
21
67
65
74
77
-15
-60
5
2
-52
5
81
99
29
20
5
0
63
8
-52
-33
6
-7
-48
-27
-8
-3
14
23
-13
-16
12
27
-45
-69
66
3
-19
-10
-95
6
21
6
45
-7
0
26
54
91
56
36
20
-6
-2
-46
-20
36
26
35
25
52
55
35
45
42
23
1
-31
38
47
-22
20
-53
-31
13
-38
45
79
-18
-41
14
-12
25
23
-28
-22
-71
-94
-71
-28
21
17
46
109
101
27
25
83
14
-28
-27
-34
-20
-46
46
97
19
51
34
19
7
-61
-65
-119
-150
-163
-138
-67
-54
58
67
-9
41
0
25
61
2
12
-21
-20
-85
-135
-108
-112
-80
-115
-35
79
-5
32
118
52
22
16
-18
-35
-63
-28
30
-34
1
56
27
71
57
4
-51
-56
-83
-134
-49
-51
-51
10
15
63
54
62
82
110
147
-9
-53
-19
-115
-95
-86
-108
-105
-119
-23
-29
-88
-2
6
3
-92
-184
-130
-130
-128
-136
-122
-120
-117
-65
-2
43
32
54
55
2
9
-7
-31
-20
60
133
112
198
271
328
404
330
286
250
214
215
195
187
73
51
71
-15
-21
3
21
54
4
50
143
45
63
67
-50
-131
-154
-124
-155
-95
11
83
114
63
47
96
109
51
-39
-27
-39
-126
-82
-99
-142
-130
-62
9
42
117
101
183
237
113
119
189
198
129
111
114
134
221
169
123
53
31
103
1
-102
-172
-271
-220
-173
-267
-384
-408
-275
-208
-216
-151
-82
-34
-53
-29
47
32
-60
-97
-81
-103
-63
-108
-190
-182
-124
-79
-89
-8
27
-15
25
109
82
85
193
220
236
279
321
283
278
317
259
319
335
234
203
182
106
9
-6
-30
-48
-36
-15
-20
15
108
57
44
128
163
159
122
72
90
205
177
131
186
133
170
226
234
216
174
198
151
124
181
160
76
85
13
15
66
-23
-13
2
2
-35
-33
69
55
19
-11
-59
-100
-163
-67
9
34
183
235
297
477
558
647
669
362
-53
-715
-1499
-1994
-2246
-2360
-2552
-2596
-2506
-2319
-1893
-1509
-1118
-815
-736
-790
-903
-870
-719
-524
-255
55
397
883
1460
1890
2140
2197
1972
1416
671
-74
-779
-1315
-1687
-1897
-1919
-1734
-1237
-549
286
953
1198
1218
1093
992
874
650
533
464
462
726
1138
1630
2110
2430
2447
2029
1373
606
-121
-660
-1143
-1708
-1982
-1874
-1588
-1033
-396
253
666
758
671
491
397
252
60
-40
-17
206
611
1161
1710
2135
2351
2164
1789
1363
853
337
-286
-822
-1079
-1201
-981
-483
-7
421
637
724
677
455
268
54
-240
-482
-576
-519
-257
150
523
832
1031
1028
983
887
724
513
81
-303
-477
-549
-535
-343
-168
-170
-216
-369
-508
-447
-336
-307
-274
-203
9
284
618
919
976
918
714
488
375
430
625
790
990
1194
1462
1753
1900
1821
1082
-356
-2113
-3752
-4900
-5693
-6179
-6465
-6565
-6211
-5371
-4008
-2599
-1574
-941
-847
-1073
-1433
-1728
-1720
-1611
-1379
-960
-310
644
1774
2899
3546
3397
2476
862
-960
-2534
-3855
-4796
-5294
-5303
-4720
-3499
-1504
750
2788
4407
5096
5005
4456
3799
3321
2661
2071
1738
1557
1838
2503
3312
4105
4326
3658
2411
838
-689
-1949
-3003
-3733
-4081
-3858
-2932
-1332
687
2565
4079
4851
4759
4100
3215
2344
1420
563
-162
-503
-259
539
1627
2685
3517
3688
2935
1666
339
-1047
-2366
-3533
-4152
-4190
-3782
-2625
-1030
767
2406
3483
3903
3566
2768
1785
712
-456
-1555
-2333
-2653
-2423
-1746
-561
706
1545
2015
1986
1537
936
137
-647
-1356
-2031
-2300
-2137
-1559
-666
156
779
1138
1039
668
179
-341
-772
-1094
-1286
-1437
-1350
-984
-366
281
606
685
442
87
-191
-441
-509
-545
-436
-277
-179
135
642
1128
1234
970
359
-498
-1278
-1724
-1687
-1295
-699
28
839
1798
2800
3477
3567
2705
821
-1804
-4555
-6690
-8002
-8399
-8221
-7817
-6914
-5547
-3716
-1628
-59
653
351
-700
-1839
-2604
-2582
-1979
-1101
-40
1112
2598
4282
5817
6830
6667
5136
2590
-438
-3253
-5238
-6343
-6597
-6148
-5086
-3209
-649
2352
5136
7025
7649
6894
5304
3633
2459
1971
1923
2133
2540
3207
4225
5365
6308
6481
5352
3068
199
-2698
-4900
-5900
-5925
-5268
-4036
-2295
52
2872
5459
7332
8019
7038
4928
2393
-72
-1789
-2772
-3180
-2888
-1986
-479
1362
3191
4524
4740
3773
1713
-946
-3273
-4817
-5498
-5445
-4588
-2981
-920
1469
3719
5467
6210
5638
3915
1485
-1074
-3404
-5023
-6083
-6493
-6107
-5188
-3550
-1524
323
1749
2452
2335
1595
659
-227
-1012
-1522
-1825
-1864
-1449
-683
284
1148
1535
1320
564
-466
-1465
-2149
-2562
-2842
-2836
-2583
-2013
-1061
89
1044
1554
1596
1080
550
291
244
472
592
624
733
903
1337
1959
2339
2307
1731
652
-464
-1097
-1050
-494
254
917
1610
2380
3148
3825
4045
3305
1253
-1876
-5346
-8216
-9891
-10312
-9931
-9242
-8214
-6644
-4465
-1932
458
1992
2198
1312
-31
-956
-935
-100
1218
2511
3410
4167
5066
5983
6440
5813
3824
601
-3217
-6552
-8610
-9169
-8458
-6974
-5014
-2498
516
3974
7374
9774
10641
9778
7662
5254
3482
2632
2403
2525
2713
2976
3508
4287
4913
4673
3220
435
-3253
-6679
-8998
-9797
-9131
-7460
-5123
-2247
1141
4740
7998
10220
10739
9400
6610
3260
162
-2234
-3651
-4177
-3951
-3004
-1425
612
2712
4269
4597
3657
1612
-989
-3291
-4968
-5685
-5658
-4861
-3248
-1209
1348
3927
5758
6473
5717
3789
1370
-1186
-3423
-5238
-6594
-7097
-6770
-5733
-4115
-2292
-616
764
1569
1773
1601
1168
669
99
-331
-503
-505
-236
94
487
785
734
515
-108
-968
-1818
-2727
-3257
-3330
-2979
-2216
-1284
-313
549
1417
2184
2639
2842
2641
2189
1720
1280
1081
1131
1230
1316
1124
667
237
13
173
340
238
-168
-831
-1271
-1029
-91
1270
2617
3542
4045
4396
4690
4800
4371
2681
-447
-4453
-8173
-10467
-11121
-10520
-9461
-8474
-7463
-6071
-3979
-1470
602
1514
1058
-159
-1110
-1019
276
2191
3931
4926
5299
5397
5513
5632
5186
3576
485
-3422
-7026
-9361
-9809
-8627
-6503
-4108
-1806
675
3576
6628
9080
10048
9233
6861
3919
1767
987
1474
2556
3398
3748
3767
3811
3875
3447
1939
-939
-4683
-8213
-10348
-10331
-8308
-5094
-1556
1821
4888
7640
9839
10949
10461
8124
4355
124
-3549
-5725
-6186
-5301
-3541
-1539
475
2400
4062
5086
5007
3687
1121
-2037
-4759
-6276
-6212
-4950
-2936
-565
1677
3652
5265
6175
5941
4343
1511
-1926
-5156
-7403
-8360
-8233
-7316
-5900
-4130
-2193
-327
1355
2439
2689
2393
1505
511
-101
-343
-175
241
740
1185
1674
2018
2016
1722
1014
-78
-1423
-2797
-3806
-4112
-3669
-2645
-1242
238
1550
2748
3888
4718
5020
4763
3997
3035
2148
1400
972
861
662
330
-77
-444
-489
-232
232
621
744
537
75
-350
-404
48
789
1613
2283
2934
3677
4404
4920
4588
2914
-99
-4154
-8130
-10792
-11909
-11753
-10852
-9708
-8446
-6702
-4298
-1721
338
1294
1011
-26
-857
-748
509
2304
3886
4907
5053
4813
4656
4408
3694
1974
-975
-4663
-8038
-9957
-9855
-8169
-5682
-3069
-653
1730
4259
6863
8860
9436
8294
5662
2670
735
438
1331
2580
3525
3794
3627
3437
3155
2404
538
-2523
-6000
-8877
-10323
-9737
-7192
-3653
92
3522
6456
8872
10472
10816
9595
6698
2502
-1769
-5057
-6631
-6201
-4445
-2092
367
2526
4366
5576
5815
4995
2948
-91
-3226
-5375
-5957
-4944
-2876
-466
1836
3684
4871
5399
5134
3876
1590
-1482
-4631
-7076
-8367
-8310
-7148
-5394
-3357
-1473
-14
1198
2140
2658
2723
2234
1388
519
102
356
995
1795
2462
2730
2457
1930
1356
620
-222
-1353
-2661
-3667
-4172
-3828
-2646
-933
874
2217
3116
3787
4456
4874
4753
4101
2914
1554
424
-149
-220
-41
62
-286
-899
-1268
-1144
-546
320
835
792
296
-422
-678
-287
633
1697
2500
3031
3527
4235
4969
5294
4405
1708
-2564
-7551
-11792
-14164
-14491
-13370
-11786
-10201
-8473
-6136
-3230
-242
1980
2450
1417
-178
-1089
-510
1244
3444
5131
5796
5437
4760
4249
3575
2342
-74
-3685
-7579
-10489
-11355
-9886
-6761
-3290
-332
2008
4037
6028
7938
9116
8651
6538
3483
877
-36
712
2598
4538
5399
5094
4170
3177
2224
857
-1326
-4293
-7487
-9675
-9734
-7367
-3417
842
4496
7013
8591
9475
9817
9280
7323
4072
-28
-3596
-5424
-5372
-3820
-1519
635
2086
2957
3442
3636
3279
2088
88
-2357
-4280
-4916
-4063
-2196
-103
1786
3116
3812
4147
3959
3000
1350
-976
-3414
-5488
-6784
-6776
-5802
-4320
-2676
-1313
-428
190
647
1024
1316
1265
943
551
399
841
1758
2690
3373
3521
2936
2022
1144
189
-850
-1931
-3214
-4264
-4691
-4419
-3234
-1542
193
1682
2574
2901
2889
2735
2573
2241
1731
1183
635
350
292
450
664
480
-84
-933
-1632
-1716
-1164
-222
555
862
804
613
649
1182
2030
2744
3072
3187
3477
4034
4413
3906
1775
-2141
-6942
-11235
-13721
-14121
-13012
-11213
-9445
-7765
-5953
-3879
-1705
-146
163
-566
-1509
-1761
-820
1396
4186
6408
7375
7084
6083
4699
3175
1293
-1352
-4457
-7544
-9588
-9578
-7566
-4249
-752
2015
3757
4722
5529
6270
6596
6132
4831
3296
2182
2137
3329
5023
6280
6474
5542
3924
2180
633
-785
-2478
-4483
-6295
-7134
-6536
-4439
-1325
1652
3970
5363
5997
6436
6679
6422
5335
3426
988
-1216
-2482
-2587
-1755
-660
380
1126
1443
1560
1447
1015
180
-991
-2100
-2860
-2833
-1935
-746
372
1066
1352
1542
1706
1852
1691
918
-389
-1913
-3133
-3797
-3926
-3629
-3250
-2795
-2204
-1659
-1241
-1088
-1063
-962
-787
-318
437
1338
2247
2927
3332
3418
3035
2291
1434
323
-862
-1836
-2610
-3105
-3291
-3173
-2935
-2536
-1955
-1227
-337
440
1141
1594
1819
2069
2200
2379
2619
2648
2465
2017
1246
446
-266
-907
-1416
-1852
-1939
-1394
-482
546
1309
1407
1064
639
557
944
1669
2547
3285
3992
4826
5491
5308
3506
-359
-5614
-10579
-13813
-14572
-13092
-10608
-8191
-6234
-4751
-3419
-2132
-1170
-998
-1646
-2414
-2417
-813
2183
5654
8424
9357
8591
6614
4113
1918
-70
-2088
-4332
-6540
-7828
-7710
-5885
-2996
-312
1405
1979
1932
2094
2865
4095
5219
5469
4895
4168
3980
4744
5979
6747
6299
4703
2680
1027
181
-293
-980
-2304
-4207
-5738
-5996
-4669
-2273
182
1949
2928
3530
4193
5169
5941
5651
3982
1472
-891
-2262
-2233
-1153
105
983
1376
1524
1632
1533
1166
154
-1561
-3284
-4315
-4055
-2620
-805
614
1260
1200
832
659
706
700
225
-848
-2095
-3004
-3234
-3012
-2619
-2407
-2535
-2751
-2921
-2877
-2651
-2250
-1755
-1131
-85
1231
2625
3885
4446
4156
3410
2477
1675
1152
650
46
-617
-1341
-2004
-2381
-2421
-2380
-2427
-2391
-2174
-1710
-818
380
1501
2345
2813
3028
3264
3401
3466
3552
3281
2600
1617
581
-153
-816
-1305
-1418
-1192
-482
307
851
1110
964
649
483
713
1299
1923
2721
3688
4700
5624
5649
4010
252
-4905
-9915
-13428
-14274
-12703
-9969
-7407
-5826
-5025
-4669
-4411
-4145
-4087
-4265
-4234
-3265
-861
2723
6480
9143
9737
8402
6036
3442
1401
126
-999
-2303
-3758
-4800
-4783
-3854
-2353
-1060
-523
-673
-947
-605
674
2599
4359
5261
5028
4246
3856
4482
5633
6352
6139
4985
3494
2289
1832
1663
807
-1070
-3606
-5738
-6548
-5737
-3709
-1444
357
1425
2067
2768
3603
4205
4009
2915
1151
-470
-1105
-680
621
2001
2933
3276
2987
2620
2168
1482
597
-671
-2087
-3057
-3286
-2654
-1478
-261
517
441
-148
-694
-826
-500
-21
139
-229
-840
-1513
-1913
-1955
-1959
-1896
-2009
-2337
-2559
-2563
-2336
-1965
-1405
-665
184
1066
1869
2391
2571
2392
1791
1120
582
124
-185
-237
-110
-75
-186
-428
-921
-1456
-1763
-1854
-1679
-1136
-256
560
1333
2103
2664
3059
3185
2886
2290
1610
797
75
-353
-581
-637
-562
-366
-65
322
713
1011
979
670
343
303
700
1394
2356
3172
3784
4369
4918
5140
4155
1406
-3213
-8597
-12732
-14118
-12378
-8726
-5132
-3187
-3257
-4579
-5900
-6395
-6170
-5514
-4654
-3386
-1009
2424
6134
8833
9210
7270
4009
921
-707
-662
252
974
810
-354
-1739
-2628
-2978
-2933
-2910
-3150
-3067
-2140
-291
2190
4212
5008
4366
2640
1083
963
2427
4518
6244
6834
6276
5176
4028
3044
1888
124
-2128
-4142
-5093
-4486
-2564
-441
814
733
-149
-941
-1075
-205
905
1356
936
-125
-781
-492
600
2144
3249
3760
3825
3702
3788
3823
3425
2270
435
-1437
-2513
-2311
-1155
-26
364
-123
-1247
-2272
-2574
-2233
-1723
-1369
-1282
-1328
-1227
-830
-289
-53
-330
-902
-1488
-1839
-1803
-1624
-1328
-822
-197
636
1463
2023
2080
1528
722
-111
-658
-706
-407
42
450
837
1115
1116
805
38
-916
-1743
-2120
-1704
-656
841
2144
2781
2812
2508
2221
1935
1666
1286
877
612
420
362
376
271
-100
-816
-1308
-1151
-356
859
1642
1786
1340
599
254
461
1143
1812
2095
2196
2456
2844
3172
2730
423
-3600
-8134
-11485
-12069
-9909
-6502
-3831
-3471
-5163
-7364
-8699
-8670
-7463
-5738
-4167
-2461
-213
2493
4980
6066
5195
2816
216
-991
-145
2303
5119
6655
5938
3315
199
-2281
-3525
-3493
-2898
-2221
-1471
-496
670
1624
1872
1014
-770
-2299
-2425
-483
3052
6542
8652
8605
6821
4540
2791
2069
2076
2162
1903
1453
1010
875
1030
813
-33
-1456
-2995
-3659
-3165
-1822
-204
591
107
-1230
-2416
-2650
-1794
146
2454
4264
5530
6081
5923
5475
4601
3443
2152
754
-19
42
693
1338
1072
-441
-2888
-5178
-6262
-5741
-4044
-2182
-1014
-858
-1521
-2391
-2862
-2872
-2540
-1974
-1197
-227
890
1961
2532
2437
1742
848
261
304
902
1602
2099
1987
1433
673
-235
-794
-1098
-1133
-893
-806
-980
-1340
-1703
-1899
-1754
-1055
103
1272
2128
2539
2540
2321
1945
1422
934
641
481
548
937
1366
1473
1149
404
-496
-1217
-1443
-994
-177
759
1304
1157
703
273
106
249
694
1313
1838
2253
2669
3101
2882
1276
-1953
-6225
-9716
-10707
-8655
-4784
-1644
-1159
-3523
-7315
-10233
-10916
-9452
-6896
-4620
-2874
-1237
600
2360
3130
2460
599
-1231
-1400
819
4696
8404
9982
8301
4359
123
-2658
-2969
-1524
434
1760
1775
788
-538
-1727
-2577
-3272
-3964
-4092
-2813
99
3744
6524
7173
5474
2550
213
13
2065
5090
7579
8331
7155
4897
2635
969
-54
-710
-1178
-1301
-931
-64
850
942
-370
-2747
-5188
-6495
-5749
-3274
-301
2115
3399
3472
3066
2854
2923
3424
3965
4408
4896
4990
4704
3931
2460
766
-698
-1581
-1913
-1930
-1768
-1881
-2424
-3281
-4449
-5506
-6009
-5709
-4574
-3077
-1779
-1188
-1449
-2083
-2304
-1638
-217
1399
2812
3755
3953
3652
3060
2293
1632
1082
766
850
1040
975
620
-207
-1427
-2670
-3657
-4004
-3584
-2473
-1123
-55
615
703
379
38
-63
319
982
1710
2249
2291
1925
1553
1410
1428
1497
1501
1290
863
469
217
195
375
492
293
-117
-438
-562
-338
176
729
958
789
512
419
831
1293
831
-1124
-4287
-7335
-8595
-7109
-3590
-367
268
-2164
-6275
-9763
-10774
-9185
-6204
-3473
-2036
-1489
-1055
-579
-344
-857
-2004
-2827
-2133
697
4733
8155
9239
7351
3533
-139
-1691
-536
2248
4839
5753
4658
2267
-250
-1937
-2418
-2063
-1650
-1437
-1150
-383
937
2033
2083
963
-639
-1361
-358
2220
5260
7068
6593
4258
1588
-66
94
1812
3715
4830
4779
3761
2532
1551
775
-262
-1820
-3319
-3955
-3383
-1784
-39
777
409
-612
-1387
-1204
28
1655
2768
3097
2692
1980
1719
1878
2030
2021
1668
1011
358
-25
-136
-249
-367
-650
-1259
-2094
-3027
-3688
-4090
-4329
-4403
-4556
-4531
-3976
-2943
-1727
-881
-568
-688
-895
-530
499
1759
2969
3641
3530
3072
2463
2032
1905
1637
1240
669
24
-420
-803
-928
-828
-906
-1117
-1348
-1453
-1386
-1410
-1584
-1901
-2154
-1918
-1242
-202
1103
2011
2142
1589
809
435
655
1405
2379
3189
3515
3128
2285
1383
581
61
-40
51
273
503
364
49
-449
-1135
-1694
-1853
-1343
-541
-290
-1288
-3589
-6256
-7614
-6695
-3950
-1019
102
-1172
-3900
-6431
-7327
-6369
-4438
-2708
-1876
-1616
-1494
-1285
-952
-958
-1266
-1323
-563
1294
3655
5585
6102
4776
2606
778
262
1509
3474
4864
4853
3426
1569
143
-246
392
1161
1335
768
-145
-630
-236
583
1047
751
63
-84
440
1591
2756
2858
2043
810
-29
411
1878
3448
4345
4031
2736
1285
464
635
1181
1509
1282
506
-208
-453
-254
51
42
-552
-1240
-1409
-975
-122
535
569
45
-692
-1016
-645
15
541
596
198
-121
-95
259
846
1109
678
-242
-1243
-1797
-1857
-1710
-1654
-1834
-2265
-2876
-3311
-3364
-3187
-2815
-2457
-2057
-1281
-426
422
988
1022
659
34
-361
-194
562
1688
2641
2878
2367
1472
644
311
576
1159
1536
1346
648
-135
-504
-394
-85
-41
-365
-953
-1339
-1038
-449
144
244
-392
-1109
-1250
-395
1239
2810
3546
3128
1873
548
-12
501
1677
2785
3132
2572
1453
582
322
445
472
-14
-793
-1354
-984
10
568
-250
-3022
-6546
-8704
-7951
-4614
-942
636
-1145
-5111
-8572
-9313
-7104
-3562
-685
160
-762
-2222
-2969
-2554
-1783
-1229
-778
-37
1461
3472
5107
5369
3837
1242
-911
-1215
666
3778
6257
6468
4426
1277
-1326
-2036
-819
1356
2924
2827
1510
188
-349
51
849
1118
673
15
-113
693
1792
2267
1719
339
-826
-716
677
2575
3682
3302
1835
232
-269
607
2001
2910
2741
1645
493
-92
-41
439
748
549
161
-95
-168
-58
-132
-571
-1146
-1717
-1819
-1234
-386
197
141
-469
-1100
-1251
-745
205
992
1141
468
-618
-1325
-1362
-868
-340
-68
-209
-638
-1009
-1247
-1364
-1581
-1818
-1859
-1497
-723
18
212
-399
-1389
-1977
-1797
-989
114
967
1190
1042
865
663
742
1107
1418
1743
1968
2085
2098
1880
1517
1139
805
434
32
-268
-525
-836
-986
-890
-781
-656
-536
-474
-371
-275
-352
-535
-575
-422
44
578
843
904
816
819
1087
1534
1982
2092
1646
802
79
-291
-403
-206
64
364
593
176
-1101
-3117
-5243
-6392
-5674
-3363
-944
31
-1252
-3933
-6287
-7193
-6237
-4133
-2066
-993
-981
-1448
-2063
-2316
-2405
-2495
-2033
-793
1061
2931
4116
3894
2377
719
-186
389
2274
4277
5334
4727
2840
904
-42
303
1487
2810
3514
3268
2349
1284
545
142
-158
-402
-508
-349
242
883
1042
561
-387
-1121
-1081
-153
1170
2104
2288
1700
726
47
143
995
2146
2976
3043
2394
1527
949
780
943
1217
1302
1167
914
665
312
-138
-429
-543
-293
22
57
-171
-799
-1508
-1853
-1484
-698
-189
-119
-337
-716
-1115
-1175
-862
-639
-690
-858
-978
-848
-646
-670
-802
-1017
-1202
-1181
-1051
-751
-496
-607
-954
-1341
-1463
-1291
-1095
-969
-854
-543
-149
175
522
657
632
636
733
1133
1649
1925
1836
1536
1339
1340
1354
1155
836
551
322
199
200
176
-65
-405
-668
-827
-908
-940
-1014
-1094
-925
-473
10
245
76
-272
-506
-604
-382
145
890
1464
1534
1208
545
5
-275
-350
-331
-324
-317
-300
146
773
847
-69
-2140
-4425
-5270
-3818
-980
1397
1626
-704
-4183
-6695
-6749
-4626
-1943
-432
-709
-2066
-3223
-3496
-3024
-2265
-1635
-1163
-601
504
1883
3000
3162
2133
661
-259
601
3011
5620
7176
6539
4115
1322
-336
270
2564
4868
5670
4448
1971
-289
-1176
-795
26
452
55
-720
-1119
-803
-290
-162
-591
-1485
-2053
-1593
-112
1642
2583
2325
981
-531
-1048
-224
1375
2749
3094
2054
601
-214
-72
881
1644
1689
1156
362
-171
-243
56
202
-114
-631
-1057
-969
-505
-114
73
-213
-843
-1226
-1177
-644
194
703
583
-96
-870
-1220
-1035
-437
221
572
488
72
-466
-949
-1459
-1853
-1952
-1629
-1047
-615
-461
-801
-1451
-2026
-2147
-1715
-1072
-415
92
467
706
779
731
466
266
507
1139
1848
2312
2341
1843
1112
559
220
194
451
649
786
690
240
-231
-534
-544
-532
-703
-998
-1381
-1426
-1081
-630
-322
-374
-781
-1359
-1643
-1208
-243
572
1005
914
324
-94
-148
14
405
771
732
429
362
652
1256
1641
1121
-355
-2127
-3084
-2464
-630
1153
1305
-812
-3939
-6267
-6590
-4722
-1870
-1
-78
-1754
-3722
-4759
-4609
-3456
-1911
-610
335
1147
1772
2072
2056
1545
818
628
1470
3114
4794
5862
5638
4175
2260
799
708
1873
3495
4359
3677
1773
-423
-1686
-1674
-746
388
866
513
-312
-1069
-1271
-995
-694
-649
-812
-835
-407
389
1147
1428
864
-225
-1050
-982
312
1963
2821
2548
1239
-102
-749
-594
337
1320
1783
1452
659
70
-238
-220
-44
2
107
140
63
59
58
133
157
-137
-706
-940
-530
197
734
683
69
-810
-1524
-1610
-782
306
750
249
-893
-1719
-1875
-1633
-1182
-810
-599
-720
-1153
-1413
-1309
-924
-617
-687
-708
-344
159
576
693
581
441
268
366
844
1607
2255
2178
1550
882
634
849
1191
1400
1406
1143
572
64
-61
112
295
181
-162
-539
-805
-984
-1267
-1267
-968
-765
-798
-1126
-1299
-1291
-1206
-1128
-1269
-1143
-782
-509
-211
65
266
395
263
37
179
410
540
739
996
1481
1664
868
-664
-2137
-2551
-1661
14
1358
1215
-523
-3129
-5278
-5694
-4238
-2089
-718
-754
-2002
-3543
-4432
-4397
-3549
-2251
-938
5
662
1259
1716
1825
1371
769
687
1394
2769
4294
5228
5048
3738
1922
676
654
1827
3429
4169
3620
2113
196
-1015
-1154
-448
574
907
618
49
-438
-532
-493
-590
-969
-1234
-1082
-295
954
1839
1819
601
-975
-1722
-1288
389
2096
2784
2378
966
-445
-1085
-650
509
1448
1906
1793
1386
946
548
310
79
-158
-455
-392
242
949
1201
555
-693
-1781
-2108
-1429
-103
935
1014
78
-1421
-2565
-2703
-1901
-815
-53
32
-437
-1066
-1752
-2214
-2164
-1798
-1248
-580
-146
106
7
-519
-950
-1186
-945
-237
466
1027
1244
996
402
-227
-422
74
985
1803
2144
1911
1249
577
437
872
1506
1933
1815
1315
676
91
1
152
171
190
12
-333
-594
-865
-1026
-1122
-1183
-1182
-1128
-988
-841
-726
-909
-1288
-1544
-1660
-1435
-708
9
326
333
84
-171
-210
14
433
793
1039
1247
1517
1778
1628
814
-462
-1543
-1788
-1091
-5
779
567
-885
-2835
-4123
-4190
-3405
-2268
-1435
-1218
-1464
-2098
-2686
-2857
-2670
-2287
-1694
-918
-75
701
1195
1266
940
535
261
466
1481
2763
3646
3842
3046
1802
842
538
1072
1997
2740
2743
2014
899
185
162
333
512
368
130
186
433
759
820
551
-164
-1053
-1200
-560
478
1403
1442
715
-216
-884
-751
-28
788
1297
1184
603
109
16
188
469
594
548
634
870
963
806
460
-13
-352
-545
-417
60
486
640
266
-222
-545
-776
-710
-569
-350
-165
-318
-552
-670
-587
-541
-730
-990
-1169
-1004
-580
-258
-156
-308
-719
-1213
-1448
-1156
-444
120
203
-132
-701
-983
-979
-686
-89
401
549
191
-194
-27
561
1169
1463
1335
937
525
418
714
1245
1640
1387
680
78
-77
252
620
697
367
-246
-759
-1090
-988
-474
-157
-258
-782
-1456
-1885
-1929
-1481
-865
-492
-449
-781
-1063
-940
-500
54
406
551
568
682
1031
1312
1362
1129
673
300
271
879
1763
2163
1857
787
-673
-1812
-2181
-1636
-416
634
675
-295
-1726
-3044
-3581
-3229
-2530
-1833
-1400
-1398
-1636
-1840
-1993
-2153
-2341
-2278
-1759
-855
402
1412
1661
1273
483
-318
-393
403
1709
2951
3388
3104
2330
1421
981
998
1297
1685
1770
1709
1582
1356
1240
959
461
-29
-307
-184
245
650
692
503
96
-537
-987
-1068
-811
-237
353
604
524
211
-275
-572
-525
-142
439
868
1071
884
460
150
-55
-65
104
361
694
966
1038
948
692
337
27
-176
-127
216
742
1022
682
95
-485
-858
-746
-375
38
244
39
-313
-583
-763
-829
-864
-961
-912
-591
-282
-155
-344
-783
-1274
-1635
-1498
-917
-264
121
78
-222
-487
-521
-376
-100
369
870
998
828
650
504
504
589
698
901
1023
990
944
833
694
464
264
311
230
195
250
42
-290
-587
-723
-716
-655
-612
-531
-471
-620
-832
-940
-855
-689
-497
-350
-205
77
132
45
37
-64
-91
-8
135
541
942
972
702
327
80
108
395
678
886
1024
941
648
64
-600
-1101
-1391
-1207
-538
151
231
-418
-1571
-2773
-3306
-3007
-2232
-1383
-878
-883
-1370
-2081
-2553
-2660
-2353
-1797
-1166
-458
178
665
736
326
-192
-609
-696
-64
1171
2435
3120
2786
1778
756
194
457
1198
1887
2244
2119
1708
1276
1010
902
662
329
117
166
612
1109
1361
1181
430
-429
-869
-789
-263
392
707
512
15
-401
-570
-479
-145
102
107
39
11
278
679
894
839
511
177
180
586
1033
1393
1450
971
442
199
291
677
954
1016
745
264
-5
-145
-78
51
3
-199
-497
-707
-784
-823
-844
-821
-879
-968
-1127
-1289
-1257
-1182
-981
-642
-416
-320
-363
-550
-730
-709
-423
27
491
786
649
312
70
-112
-6
331
660
815
774
646
430
293
245
287
422
414
304
190
153
281
312
178
-10
-154
-282
-285
-147
-28
26
-259
-498
-582
-582
-361
-355
-478
-538
-575
-523
-433
-382
-381
-314
-327
-397
-212
-4
87
217
372
626
935
981
733
428
220
265
470
790
1192
1296
896
102
-690
-1077
-982
-590
-146
78
-221
-855
-1543
-2182
-2437
-2178
-1822
-1573
-1354
-1289
-1269
-1468
-1873
-2040
-2065
-1766
-1131
-464
255
595
455
139
-305
-393
-81
409
1077
1592
1904
2016
1760
1418
1290
1157
1025
1171
1460
1862
2182
2125
1828
1205
516
89
-132
-6
462
843
848
528
-92
-825
-1304
-1333
-970
-318
191
325
191
-246
-561
-640
-640
-401
-138
140
488
647
732
694
451
282
255
439
720
1111
1492
1391
1020
731
373
189
307
352
404
386
303
344
258
58
-183
-482
-637
-715
-646
-382
-206
-115
-275
-579
-770
-1001
-1060
-930
-839
-741
-588
-426
-371
-420
-504
-525
-548
-657
-564
-287
-52
94
128
2
-203
-342
-343
-81
316
643
752
715
676
547
518
584
651
729
625
528
559
586
564
437
152
-96
-177
-293
-368
-461
-617
-611
-718
-863
-904
-1099
-1309
-1482
-1355
-933
-566
-339
-414
-564
-804
-934
-633
-67
490
781
904
843
756
610
492
548
570
724
974
1222
1355
1250
918
312
-344
-760
-729
-295
77
128
-67
-563
-1181
-1729
-1986
-1911
-1792
-1665
-1557
-1426
-1330
-1255
-1374
-1671
-1890
-1832
-1465
-946
-306
218
427
336
142
-38
63
425
912
1515
1956
2115
1976
1723
1435
1266
1347
1509
1672
1758
1705
1577
1401
1231
1029
667
252
-24
-119
-55
132
209
136
-24
-276
-522
-700
-664
-505
-267
89
284
279
141
-111
-205
-156
1
335
633
886
1031
1010
838
607
474
447
636
890
1004
1032
887
627
441
304
142
19
-58
-122
-102
12
73
7
-152
-428
-681
-873
-991
-828
-577
-510
-579
-715
-984
-1249
-1274
-1225
-1057
-932
-960
-920
-948
-878
-807
-782
-730
-829
-811
-647
-358
-55
41
-12
-183
-328
-303
-35
360
761
864
688
487
231
271
418
449
517
457
372
331
216
90
-59
-242
-399
-572
-579
-427
-305
-267
-436
-739
-878
-783
-611
-416
-268
-229
-226
-297
-272
-20
193
304
302
305
293
383
731
1016
1141
1106
898
593
456
539
700
949
1100
947
612
140
-216
-313
-354
-267
-294
-433
-585
-897
-1057
-1234
-1548
-1618
-1621
-1521
-1257
-1160
-1253
-1341
-1384
-1318
-1134
-833
-418
-248
-194
-83
-47
120
354
532
616
648
843
1041
1244
1460
1411
1292
1169
1031
1115
1237
1224
1080
935
926
902
851
820
646
430
304
247
346
420
304
223
171
-23
-115
40
93
119
142
7
-32
-88
-9
190
250
261
68
-135
-170
-68
202
455
501
406
224
5
-70
-9
93
149
170
253
290
289
287
160
-28
-132
-111
31
246
383
320
84
-245
-475
-508
-434
-255
-166
-209
-411
-763
-906
-909
-849
-744
-710
-706
-748
-806
-721
-677
-727
-696
-725
-689
-541
-355
-107
51
159
176
101
177
340
530
720
802
856
831
763
709
611
566
524
389
240
139
161
167
93
-19
-230
-482
-638
-654
-643
-558
-488
-605
-763
-932
-950
-812
-723
-505
-355
-406
-364
-274
-133
86
217
220
200
208
272
402
649
909
913
803
631
426
341
312
328
373
366
361
376
266
38
-247
-556
-730
-737
-664
-553
-478
-560
-881
-1257
-1447
-1439
-1258
-1029
-743
-575
-600
-647
-768
-870
-803
-567
-308
13
299
439
488
419
340
333
456
636
788
932
1004
1038
1001
997
999
878
741
633
585
624
717
784
867
845
655
356
148
131
158
262
367
407
346
120
-138
-270
-261
-135
7
115
51
3
-1
-147
-183
-166
-184
-174
-61
84
183
316
241
62
15
-28
104
312
373
377
304
231
165
102
114
137
233
210
128
150
-74
-305
-396
-443
-380
-369
-376
-458
-585
-634
-785
-872
-790
-794
-745
-713
-762
-699
-552
-371
-246
-141
-153
-182
-106
-41
106
277
521
694
720
709
638
656
722
754
754
724
613
596
527
378
408
314
173
103
58
-55
-188
-156
-255
-314
-354
-509
-584
-688
-751
-741
-653
-522
-418
-387
-504
-574
-621
-652
-529
-351
-158
0
43
3
-111
-200
-161
-35
84
153
222
303
285
240
174
97
58
33
81
66
53
57
-66
-201
-292
-357
-401
-439
-396
-173
-124
-293
-365
-431
-503
-505
-454
-446
-394
-264
-134
6
-4
-118
-220
-291
-295
-188
74
265
315
275
216
181
201
247
230
317
495
536
529
565
552
469
430
472
513
625
726
710
658
574
434
401
370
293
379
432
436
383
209
136
82
-79
-100
41
118
45
-48
-102
-167
-106
-43
-61
-10
-23
-71
-140
-188
-34
62
100
185
173
202
254
316
339
203
181
178
121
129
83
57
43
-62
-117
-144
-138
-99
-137
-293
-512
-574
-535
-374
-224
-238
-256
-368
-510
-483
-389
-299
-200
-179
-162
-195
-187
-104
-80
70
145
98
62
19
73
190
279
245
44
-58
-25
-19
55
140
197
164
17
-68
-27
-16
-74
-126
-135
-115
-86
4
47
85
-9
-235
-301
-313
-238
-185
-200
-84
-38
-133
-150
-168
-172
-174
-182
-167
-182
-82
-63
10
60
-61
0
15
-8
36
41
90
106
126
96
64
95
18
-10
19
102
230
249
231
158
24
-107
-156
-98
3
84
146
204
15
-129
-109
-207
-187
-115
-50
-30
-103
-96
-137
-200
-145
-80
-78
-64
1
12
31
96
117
87
110
202
237
301
360
319
251
213
182
173
196
218
225
144
3
15
41
53
84
-75
-118
-94
-204
-264
-282
-317
-303
-232
-162
-88
-44
-109
-181
-207
-163
-28
93
249
227
215
316
262
355
442
386
403
490
564
522
480
456
332
287
306
359
492
511
370
223
242
212
101
47
35
26
-18
7
37
6
1
-6
-70
-231
-348
-271
-159
-83
-50
-100
-189
-307
-373
-297
-265
-223
-148
-146
-190
-333
-363
-272
-244
-242
-171
-116
-212
-210
-159
-276
-288
-258
-301
-239
-172
-119
-59
-51
-33
-172
-301
-251
-192
-122
-124
-160
-259
-395
-341
-176
-94
-87
-151
-215
-253
-317
-245
-102
-93
-90
-116
-167
-129
-27
24
-29
-64
-82
23
145
69
45
115
128
163
195
244
346
294
233
271
261
248
248
224
248
252
154
130
129
146
172
105
-28
-156
-201
-207
-118
14
52
-22
-63
-29
-87
-188
-186
-169
-124
-33
-5
97
136
95
93
46
55
73
162
162
162
198
91
134
55
-60
41
113
137
118
93
68
23
-1
-45
-62
-12
-68
-99
-81
-57
-28
-102
-131
-170
-227
-170
-21
39
-27
-107
-54
72
132
141
61
22
16
25
94
127
103
1
-67
10
182
303
283
200
82
-20
-68
25
98
111
244
179
104
132
57
118
76
-113
-102
37
60
52
19
-50
-37
-54
-58
-41
-30
-41
-24
-49
-139
-161
-223
-314
-276
-170
-105
-68
-103
-121
-147
-231
-192
-110
-88
-31
-4
-24
-14
-40
-8
38
-38
-68
-10
-7
16
14
-11
11
-72
-104
-1
41
34
12
-75
-102
-132
-143
-75
-80
-67
11
39
-73
-126
-90
-67
14
48
65
98
104
82
25
38
106
150
172
156
175
112
34
-23
-86
-38
-10
8
67
68
71
73
9
-16
-14
-125
-252
-201
-119
-34
-14
-64
-67
-115
-108
-46
-61
-55
22
79
86
40
37
28
19
37
-17
-14
65
129
61
-27
52
54
52
126
132
205
176
127
194
175
189
179
215
230
105
165
159
58
108
155
295
260
115
80
-2
81
168
221
215
152
159
88
100
58
7
-6
-89
-77
-86
-71
2
-12
-99
-91
23
49
27
5
-21
-68
-138
-92
-48
-91
-63
-80
-132
-67
16
46
25
26
-12
-47
36
61
34
8
48
124
42
-62
-111
-216
-185
-123
-159
-123
-165
-236
-206
-228
-258
-286
-326
-311
-260
-191
-254
-295
-255
-299
-422
-455
-353
-202
-34
-70
-96
-97
-148
-147
-191
-97
90
206
223
167
150
164
89
16
82
104
108
186
213
191
173
211
237
249
215
130
183
172
125
115
-10
6
17
-68
-47
-27
-66
-121
-38
48
18
51
-15
-29
-4
-48
-5
27
113
66
21
125
123
57
36
120
172
176
188
211
210
146
174
232
245
174
91
80
51
66
112
117
50
0
0
36
76
73
-21
-146
-207
-221
-64
85
94
-23
-137
-94
-127
-174
-89
-75
-52
9
-25
-46
-66
-69
-57
-109
-79
-16
13
61
1
-63
-79
-87
-48
-48
-30
-12
12
-1
0
-6
-25
4
14
72
25
-84
-113
-149
-80
10
18
36
-35
-142
-167
-117
-64
-53
-12
84
105
39
-21
-102
-147
-172
-162
-51
25
68
120
85
31
55
53
63
129
169
168
188
187
105
161
210
142
68
69
118
142
222
149
62
74
18
-51
-131
-77
-35
-19
27
-60
-98
-90
-116
-109
-208
-234
-115
-142
-103
-71
-63
7
-44
-80
-143
-163
-108
-33
-5
-29
28
56
1
8
5
-39
26
-4
14
77
4
29
65
44
2
-20
-37
-48
-57
-59
-6
-33
-79
-73
-145
-99
-15
-37
50
40
-36
-25
-40
-38
-85
-128
-62
-25
-105
-49
39
52
64
54
118
100
99
151
33
23
138
65
28
71
57
80
40
-19
-2
15
12
-38
3
60
-36
-67
-8
-39
-76
-60
-51
-45
-5
-12
-70
-80
-105
-93
-51
-67
-72
-38
-41
-44
-35
-4
40
-42
-115
-60
-6
57
42
-7
37
54
107
84
-49
-57
-92
-39
44
35
97
76
10
3
-2
-62
-53
17
64
65
30
27
23
-29
-117
-71
62
59
34
43
-16
-14
7
17
-2
-31
27
98
41
-35
60
66
100
161
78
138
74
-20
26
-55
-39
57
78
76
106
146
25
35
113
-27
10
77
100
181
72
0
38
-5
-100
-130
-14
115
74
4
-12
-14
-40
-124
-163
-103
-73
-84
-33
-69
-144
-78
-53
-90
-58
-107
-144
0
72
26
52
83
92
59
-15
-28
-60
-19
45
9
11
62
124
78
-53
-30
41
-12
-5
45
50
-19
-133
-119
-138
-112
-94
-220
-134
-101
-191
-118
-122
-178
-149
-176
-153
-92
-107
9
42
19
-21
-133
-107
-34
-45
-128
-71
-70
-81
19
-1
64
118
78
115
104
62
53
85
70
74
86
45
72
61
109
92
10
101
149
43
71
131
142
158
96
108
99
101
97
60
43
-8
-1
29
14
1
68
74
5
1
3
48
87
9
-31
68
74
13
-36
-29
50
60
140
129
101
140
41
52
70
0
67
75
12
49
-2
-18
88
31
-58
-38
-57
-120
-131
-87
-44
-75
-90
-16
-51
-134
-110
-163
-253
-218
-113
-105
-148
-124
-87
-52
-100
-79
8
-34
-38
19
47
60
6
-14
88
108
36
-10
-13
67
48
18
56
33
29
31
4
-13
39
58
39
99
40
-47
-28
-60
-31
-14
-116
-78
-8
-26
-20
0
60
36
-23
19
-20
-42
-24
15
53
25
81
48
-6
21
70
52
5
39
-6
-14
13
43
93
33
3
-11
24
55
-42
0
38
-25
-14
-26
-10
28
-1
60
72
-38
-82
-60
-34
-48
-26
-55
-43
-16
-66
-25
-16
5
-13
-59
38
40
15
-16
-82
30
34
-50
6
58
92
100
49
-3
34
81
43
13
41
144
67
-11
99
27
7
95
24
31
-23
-81
19
24
67
8
-49
8
1
31
-27
-68
51
47
48
110
31
18
44
20
-5
52
138
124
94
41
72
-24
-95
-6
-32
14
44
33
-40
-61
-3
-128
-98
-31
-126
-85
-44
-51
-102
-144
-75
-83
-91
-76
-90
-53
-76
-40
-10
-84
-68
6
36
9
0
20
41
21
40
59
26
25
-2
-32
-13
-55
-17
7
-18
43
-34
22
101
19
27
-52
-55
31
10
-35
-58
-9
-35
-32
41
33
2
-9
-26
-50
53
88
-23
68
76
-12
10
-67
-140
-52
-27
7
101
0
9
44
3
13
17
32
16
92
114
34
2
-26
-9
-24
-11
5
19
86
8
1
63
40
56
30
-32
13
24
3
32
-18
-43
-2
7
-10
-69
-81
-47
-59
-34
-64
-26
33
-28
85
89
10
29
-72
-57
-21
-79
-14
-1
-35
20
-25
-82
-75
-33
-4
-60
13
62
55
69
11
-21
-65
-100
-92
-40
14
-12
-7
-16
0
8
-58
-37
0
78
82
64
82
58
10
-48
23
23
5
11
-28
44
58
53
38
-57
-25
20
-9
-104
-122
-3
-13
-64
-21
-53
-83
-49
-94
-65
-37
-54
0
-14
-3
33
-4
-77
-71
-8
44
78
9
-5
1
-14
-16
-72
-14
95
102
53
14
52
45
28
44
0
-9
19
33
12
39
4
-88
-45
-12
-4
18
53
69
38
15
14
49
75
31
14
40
1
-48
-54
12
-8
-23
11
-49
-54
-25
37
-14
-76
32
66
27
-37
-66
-106
-40
7
-55
-3
-50
-24
-13
-71
-24
-48
7
7
-31
22
29
30
-34
-76
-18
0
5
30
9
-1
-40
-26
54
17
12
10
25
39
17
35
21
6
12
105
90
39
140
98
52
50
38
92
99
75
36
22
55
73
17
-12
26
17
-6
38
-14
-87
-14
0
0
-19
-14
9
-51
-41
-51
-70
-127
-96
39
-37
-86
-78
-65
20
-29
-18
43
58
97
52
20
-40
-7
45
0
50
95
84
26
-4
-22
-56
-33
-34
-29
10
73
58
-33
-4
43
-2
-120
-69
2
-100
-105
-116
-109
-83
-120
-116
-91
-62
-72
-15
15
-54
-50
-88
-105
-82
-107
-98
-54
6
-4
-2
18
-39
-108
-57
44
1
-5
55
14
56
119
113
57
-36
50
91
34
71
78
91
50
68
126
68
74
97
89
19
-20
56
30
-23
3
22
46
27
41
87
18
-34
-10
-22
-45
-28
-44
-78
-75
3
58
45
33
-8
-42
-17
28
32
0
0
7
57
85
-7
14
37
-32
29
69
16
-50
-69
-9
-4
0
43
32
46
44
-28
-29
-32
-44
6
-10
-49
2
-5
-45
6
-2
34
33
-30
9
-38
-57
-66
-63
39
37
20
44
13
-7
-36
-76
-36
-56
-71
-18
4
28
0
-82
-17
37
-32
-33
-55
-27
-11
-28
-3
0
20
25
39
84
71
-7
-54
-36
1
20
16
57
58
-1
-13
-34
38
54
20
83
3
-54
-30
-11
9
-30
-6
56
69
45
11
-14
-60
-82
-70
-18
-21
-51
12
6
-18
10
8
41
-22
-24
1
-70
-43
-59
-26
5
-11
-27
-55
-36
-24
-53
-90
-58
9
42
-16
10
87
25
12
78
33
13
20
-49
22
8
-12
39
10
59
63
77
52
26
73
-14
-25
40
31
15
18
-56
-67
22
20
43
69
37
-8
-4
-5
-60
-50
-37
-12
47
72
38
-23
14
-43
-71
-14
-17
-14
-36
61
64
-28
-32
-30
24
11
-44
-2
8
31
-23
-42
104
6
-79
23
-17
9
82
13
34
70
0
-28
-30
0
53
33
27
79
126
73
-82
-97
-93
-79
-18
-49
0
0
-44
-47
-53
8
-25
-78
-21
-22
37
61
-16
-23
-71
-29
42
84
46
-59
-9
-4
16
66
-17
-14
-12
-6
79
49
43
37
14
27
-14
-17
26
-2
-9
10
-18
29
42
15
-8
-113
-69
37
3
37
24
-9
15
-27
38
83
0
-3
78
71
23
20
-3
-70
-70
-1
25
31
36
25
-52
-84
-50
-62
-29
41
22
26
102
59
10
25
44
19
-47
19
48
-13
-24
-1
33
21
21
6
0
19
-4
-9
40
64
67
-1
-50
-22
-24
42
28
-30
2
-10
-33
-65
-50
-81
-74
31
25
31
21
17
33
-32
-43
-42
-64
23
65
3
-13
11
53
-35
-146
-55
-17
-50
-53
-21
-23
-62
-36
-127
-85
-11
-33
-8
-20
27
-37
-56
-54
-82
24
-8
24
118
11
38
52
12
-1
-104
-73
-17
41
53
21
64
66
36
-2
10
18
0
52
56
84
75
-4
-28
-46
8
1
13
8
-13
64
-11
-14
14
-12
42
40
44
22
74
94
-5
-16
-22
-56
-68
-29
2
8
25
20
26
-40
-68
-32
-54
-10
-12
0
52
1
43
27
-13
10
-23
50
61
37
12
-18
40
-35
-47
31
-17
-8
-2
-24
16
0
-81
-86
-57
-32
11
-12
70
75
-67
-48
-39
-55
5
-6
-40
-18
5
-20
-16
49
23
-31
5
52
37
25
20
8
51
84
9
-8
1
10
32
-6
-19
-68
8
8
-114
-59
-63
-23
31
3
-15
-45
-6
-32
-100
-54
19
9
-29
12
48
46
12
-44
-23
19
-28
-53
-12
20
31
36
15
-41
-30
-3
67
87
-10
17
36
26
37
-42
-27
8
12
105
66
-86
-62
8
-47
-2
51
-49
-22
57
22
47
49
8
-2
-46
-4
6
-76
-67
-53
-1
75
29
-7
-90
-127
24
89
0
-25
27
45
-34
-36
11
-20
7
21
48
12
0
15
-44
10
54
24
39
30
59
73
-4
-14
-22
-18
12
-25
-46
-39
11
82
40
3
47
34
-48
-24
75
70
-29
-89
5
-23
-30
21
-71
20
33
-7
41
3
0
-68
-51
37
-10
-48
-9
18
3
0
-64
-61
-20
-16
38
23
-15
12
95
1
-43
9
-75
-50
-13
-1
42
29
-22
-56
21
3
-29
53
61
90
28
-68
5
-15
-34
-12
-92
9
43
11
34
-84
-18
54
27
47
-5
0
11
11
39
45
27
6
14
-16
-21
-6
-11
-11
-7
-40
-88
-26
28
-69
-95
23
78
-33
-79
0
-10
-20
-34
6
55
3
-59
-74
-20
-3
-17
-24
24
30
-2
58
69
32
-4
9
55
92
45
11
54
-14
18
45
-60
-4
81
52
46
63
3
-5
14
39
-13
-80
43
46
-43
0
-13
-36
22
-2
-3
71
45
-11
-23
-26
-20
9
-15
-23
-29
-60
6
8
-64
-19
9
-5
50
45
-13
-40
5
24
8
17
-31
-15
60
5
-44
3
43
35
-15
-35
-7
30
5
-40
-19
1
-34
-59
-35
-9
46
61
19
7
24
57
3
-66
27
65
-13
-57
-74
-28
-16
-5
39
8
-20
38
72
81
92
35
-2
-10
-23
11
-32
-84
-33
-30
-20
-17
-18
-17
-24
2
58
78
41
23
-67
-51
-1
-8
22
-33
-73
-36
1
-1
-22
-26
54
97
24
17
47
50
26
-42
-76
-33
-22
-25
-22
-19
4
-18
-31
17
73
42
24
54
39
6
8
-13
-90
-33
-46
-60
11
10
28
-30
-48
-1
-28
-75
-16
48
61
29
-35
-19
-11
-69
-48
6
-64
-90
-6
27
-39
-57
-21
-8
27
32
30
103
38
30
97
25
30
-4
-8
76
95
18
-5
13
-31
9
-5
-26
7
52
88
53
21
-24
0
8
8
-28
-42
34
-34
-56
-67
-86
-18
16
24
3
15
34
69
19
-38
-28
-65
-26
8
32
60
40
20
4
-24
-25
-8
0
36
38
40
-13
-56
16
12
-28
-8
-38
-17
12
34
68
2
-1
-5
6
9
-18
61
58
-61
-89
27
46
-25
-10
0
0
27
14
29
31
-19
-24
-18
-43
-53
3
47
-7
-25
4
12
-13
5
74
31
10
29
-21
-65
-56
-33
-10
-1
11
78
49
-32
-29
-5
-16
-24
74
100
10
8
-49
-69
-32
-67
-47
-8
-31
-52
-39
-7
81
69
-17
2
27
27
-8
-17
47
32
-26
13
-7
-71
-20
38
40
-22
-41
38
61
20
11
23
-22
-6
2
54
84
-30
-56
-57
-17
40
-14
-14
-45
-110
-5
43
15
-20
-33
5
14
37
0
-19
3
20
17
-17
-43
-1
35
-14
-31
-13
18
-7
-23
9
40
64
8
-6
63
44
-13
11
-8
-67
-45
-25
-39
0
-2
-6
72
30
-11
-2
-48
5
14
-6
35
-47
-30
-24
-46
-35
-118
-16
17
-28
34
-10
31
48
-38
14
16
-20
-36
-10
-2
21
33
-89
-24
-9
-95
-19
33
47
51
53
37
-5
-15
-17
-23
4
54
-4
-42
46
24
-5
15
20
-28
-23
81
19
21
44
-2
-12
-28
0
40
80
38
11
-9
15
22
-20
-8
-18
0
18
45
10
-1
-29
-69
-10
-26
18
38
-4
30
63
-2
-49
-2
-41
-36
3
2
15
1
37
3
-23
8
-58
-8
37
85
95
-43
-43
-30
4
22
-34
-42
-13
3
4
26
-43
-16
29
-33
17
0
-23
26
-14
-35
6
17
-46
-33
33
-22
-80
-21
22
30
42
-8
-14
-2
-9
22
60
2
-29
-32
-34
25
13
40
28
-34
-21
7
-14
-55
-30
21
15
-18
16
50
33
-16
-1
-5
-22
18
-3
-47
-26
39
14
-27
-41
-19
40
-1
-72
-17
16
0
22
-47
-34
53
64
-2
-55
-5
-52
-54
14
-28
-35
6
42
27
-43
15
28
-29
15
48
94
33
-16
-18
-81
4
14
-36
32
14
38
79
5
-12
-9
-25
-18
16
31
29
7
-15
10
12
-3
-92
-35
0
-55
10
-45
-18
85
131
48
-93
-8
50
5
17
0
-10
-42
-58
15
-47
15
115
-28
41
43
-66
-18
-67
15
72
-26
12
61
18
-15
-29
-44
-19
8
-11
1
44
26
-9
-12
-2
15
65
44
-23
-43
12
106
45
-31
-28
-112
-29
100
21
63
75
-36
3
-26
-94
-74
-26
36
19
32
27
-15
12
21
-41
-59
43
26
-32
-41
-91
-19
76
47
8
29
15
-14
-17
19
-3
-50
11
-14
-35
12
-4
14
27
42
13
-71
-35
-27
-13
33
51
96
89
3
-88
-25
15
-7
17
-38
-78
-39
-8
64
71
-47
21
36
-27
45
0
16
72
-13
-113
-123
-4
-2
-10
27
-29
10
37
-28
-38
-47
-10
76
62
-18
-64
0
14
-32
0
91
81
-47
-53
-60
-65
-21
-5
43
14
-2
44
12
-17
15
52
20
-72
-102
-44
22
73
52
28
69
16
-74
-18
15
-7
-18
-73
-1
55
34
78
47
34
29
-37
-31
-55
-49
25
-8
-11
11
-23
-16
21
-3
15
29
-4
-4
-26
-15
-65
-69
35
95
94
-7
-95
-34
44
42
1
-52
-6
22
34
51
-76
-18
91
41
8
44
13
-38
-57
-47
58
-57
-62
56
5
22
20
-28
18
6
-50
-4
-23
-9
-5
-15
32
30
65
78
-16
-34
-92
-163
-8
16
-16
32
10
37
92
17
-39
27
-13
20
51
-37
2
-12
-20
9
-24
-2
0
-45
38
52
14
55
-8
-11
16
31
67
50
-1
-62
-17
12
-9
4
0
-10
-22
-35
-9
24
-28
-25
61
72
41
-3
-59
5
29
-85
-72
-26
-20
22
-16
47
61
-35
102
54
-138
-68
-29
1
63
4
24
45
21
16
-17
6
-22
-71
-45
7
42
-15
38
36
-23
16
17
14
-18
-9
25
7
-24
-1
-22
-45
0
10
27
-2
-14
-5
4
29
-16
12
34
-5
37
-8
-33
0
17
61
-27
-54
13
5
-41
-56
-12
-11
-12
21
74
115
26
-34
-16
-69
-85
-21
3
-19
-10
-26
-21
45
64
-16
-30
49
-33
-24
12
-52
36
27
-15
30
18
2
25
-34
-69
40
36
-40
-34
27
30
15
61
20
-25
-9
11
-19
-27
-7
-1
5
-61
-5
41
10
28
-21
-2
10
-1
3
-11
13
-25
42
11
-100
-13
17
40
62
39
-6
-72
-78
-81
5
46
7
26
56
47
-32
1
18
-35
18
28
-33
-61
-42
11
70
4
-28
65
23
-30
-50
-4
64
-23
-11
13
19
-8
-39
90
-16
-81
39
-48
-42
28
-12
-38
-42
-35
27
53
-19
1
12
-6
-1
-40
-34
-2
26
8
-9
24
4
-6
23
-18
15
65
-28
-41
-11
-39
-7
40
30
7
39
45
18
-8
-17
2
26
-8
-68
-56
-61
-2
85
68
26
25
19
-14
-49
-7
-6
-86
9
108
18
-27
52
20
-8
16
-62
-56
-2
-41
7
97
59
-1
-19
39
37
-36
-37
-32
-28
-8
9
-8
-20
60
40
-13
79
99
-46
-91
-5
-8
-60
-47
18
45
31
35
43
21
-34
-1
3
-47
-17
-1
27
9
-50
10
-7
-61
92
60
-59
-13
-27
-14
26
27
32
-24
-41
19
-16
7
30
-36
-15
13
-39
-100
-31
-20
-7
137
145
66
9
-54
-123
-120
-68
-45
18
30
31
32
-38
11
55
21
7
-13
-18
-67
-72
26
2
3
87
-4
-27
-9
-44
3
-19
-14
-14
-33
4
20
31
39
54
14
-3
-1
-46
-124
-112
-10
13
116
131
-24
-72
25
14
-80
-13
-49
-24
29
-10
54
9
-24
-3
-50
-8
41
22
10
-7
-33
-56
-48
-23
-18
34
78
21
25
72
3
-68
-17
19
2
-35
-51
17
-7
19
45
-5
31
9
-13
-49
-40
29
31
39
29
-11
2
28
-10
3
-13
-90
-69
-14
4
-2
11
55
87
123
72
-63
-51
-71
-42
59
-11
-32
-40
8
65
49
26
21
10
-58
-1
40
22
17
11
19
47
24
-18
51
-13
-78
-17
-19
53
66
9
17
-6
45
75
-4
-38
-52
-1
26
21
35
-8
-20
-11
-19
-39
-2
25
38
28
-37
-40
-5
-31
-34
-2
-62
43
97
29
51
-28
-12
4
-78
-70
-18
21
18
-10
-28
17
22
7
56
62
30
-37
-59
-24
22
56
3
-50
10
45
30
29
-62
-90
-36
-25
57
104
75
73
99
48
-104
-23
38
-53
-57
-127
-34
119
44
33
19
-28
2
-30
-40
20
-13
-94
-18
20
-16
-16
-67
-47
-47
-90
56
44
-69
-64
-49
37
-40
-39
54
-3
2
-4
-10
20
-34
-48
19
48
18
6
16
-38
49
114
5
10
-7
-47
46
9
-41
33
10
45
110
42
62
75
-46
-37
-23
-14
40
-22
-28
20
9
-7
21
13
27
65
18
14
-28
-96
-45
-30
-27
-4
-37
-21
-5
-50
-43
-25
-89
-69
21
-11
-31
8
1
30
14
-13
-31
-110
-42
15
-42
-50
15
84
17
-15
58
91
98
30
-32
50
34
-14
27
12
61
63
32
79
49
48
-22
-60
52
68
48
6
-2
-4
35
69
15
-14
-40
-8
-3
1
0
-4
-22
-67
-57
-44
-11
-17
-5
44
4
-31
-19
-70
-61
-38
-62
-13
32
18
-1
-7
-56
-73
-61
-64
-80
3
51
-20
32
3
0
117
54
-51
-56
15
14
-88
-32
77
38
48
16
10
84
24
36
56
31
20
4
51
52
43
66
-13
-22
33
-21
-13
-3
-13
-34
-45
4
-12
20
43
0
-32
6
-24
-83
-25
-100
-105
-113
-26
87
-23
-23
-34
-34
-46
-45
0
-62
-41
-1
11
7
9
36
9
-23
-33
-27
-47
8
21
-19
26
13
-5
0
68
80
9
-5
-4
33
38
14
46
-6
-44
23
0
15
70
50
56
1
-57
-33
1
40
22
-8
-16
43
80
17
-24
-58
-45
-58
-95
-84
-22
-5
-76
37
70
-20
35
-35
-109
-81
-74
-26
-44
-18
75
42
-30
-43
-26
-44
-20
-14
-57
-5
72
79
93
72
1
-26
-32
3
45
0
-13
19
34
70
6
3
18
17
76
-2
-5
49
43
96
34
-74
-43
30
12
-85
-19
84
19
47
21
-34
-39
-48
61
24
-18
-30
-22
32
0
-14
-106
-87
-3
11
-7
-72
0
6
-24
19
22
-14
-26
14
-54
-68
50
1
-62
-40
22
77
3
-13
35
59
26
8
4
14
66
55
62
35
0
-9
-36
40
37
9
54
17
14
82
67
-25
-21
62
48
7
-2
6
-19
-98
-34
36
-5
28
45
6
2
-9
-28
-39
-7
-48
-58
15
20
75
41
-51
-33
-49
-73
-56
-58
-15
69
45
46
43
-52
-24
-11
-23
-20
-31
36
5
-11
8
11
48
-31
-33
54
36
18
42
6
-5
2
15
52
-27
5
44
63
127
7
-34
-16
-10
38
-24
-23
17
-4
94
61
-28
48
33
-4
7
-62
-122
-94
-19
46
15
0
100
56
-57
-35
-55
-89
-72
-81
-15
79
81
39
-35
-5
-1
-53
-76
-66
9
17
40
-1
-8
100
58
-40
-59
45
63
-33
-32
-27
-36
-23
27
48
23
13
-9
100
116
-32
-30
0
-8
-46
-66
25
27
-46
25
78
35
41
-4
-22
-9
-21
-2
-17
-17
18
74
21
-17
16
-18
-59
-78
-65
-37
-21
30
33
69
135
15
-50
-12
-20
-43
-104
-111
16
79
36
22
-10
-28
25
51
17
0
29
29
12
22
-11
-15
-12
-25
41
55
25
63
-7
-51
-24
-21
39
-25
9
62
33
89
15
2
-3
-96
-57
-18
-42
-5
9
11
54
46
-11
-39
-27
9
-7
-53
0
-13
36
99
26
-2
-45
-47
-16
-6
-33
-64
-13
15
48
80
14
37
62
-4
-41
-42
29
10
-39
-4
11
15
28
-51
-42
48
17
44
-6
5
104
42
5
-17
16
-20
-35
40
-28
-21
8
-23
28
40
-14
-17
-43
-6
69
72
23
-32
-7
-48
-95
-85
-44
39
5
-46
4
34
12
-39
-45
-3
22
-39
-77
-28
3
46
38
0
-40
4
34
-31
-61
-39
-10
32
108
21
-6
38
-16
-13
-11
-23
27
19
-32
17
49
87
39
-48
7
-27
-29
18
-44
-14
54
31
17
39
-12
-43
-8
-7
19
29
-27
-25
47
31
-63
-79
-65
-78
-1
95
44
-6
-30
-35
-28
-52
-13
-9
-7
11
0
-63
-53
7
-22
-57
-11
70
15
6
-25
-66
19
51
38
-47
-30
42
3
-10
-3
21
18
5
10
-43
34
96
22
30
41
-10
-34
-23
27
-7
-36
57
29
37
-9
-28
43
-4
46
49
12
14
-71
-71
-4
-8
-5
12
-15
2
-5
14
13
-50
-29
-59
15
59
38
32
-48
-104
-83
-40
-46
-18
-4
12
35
77
9
-25
-5
-46
-8
-41
-2
55
8
24
6
-14
-28
-58
-25
35
-3
12
133
107
10
7
-8
-63
-11
-32
-8
76
27
16
-9
-7
22
6
-6
-15
23
24
31
45
-10
9
-48
-80
1
-52
-2
30
14
71
35
5
-64
-94
-8
2
-46
-28
2
22
12
-36
-28
21
21
-88
-89
-22
27
65
18
28
-24
-37
-26
-99
-77
-27
28
46
39
57
9
-4
29
-22
6
-3
-16
32
-43
-14
10
-5
37
11
-4
20
33
16
-16
22
108
26
-121
-10
26
-13
-11
-72
0
43
11
0
-19
-24
-7
24
31
-9
0
-44
-32
41
-26
-58
-64
-60
-10
10
-15
10
55
51
32
-4
-45
-57
-62
-32
-39
-104
-27
55
54
69
35
-27
-22
15
29
19
-37
-44
27
35
0
39
-9
-111
-13
33
30
87
58
58
46
-3
44
13
-26
-19
-50
13
-8
-39
1
-20
-14
21
18
34
66
54
33
-17
-16
-24
-80
-115
-99
-73
-63
64
85
11
45
4
-5
18
-51
-30
-33
-35
-19
-55
-21
5
-23
-44
23
29
20
18
-52
18
23
-15
29
6
34
0
-35
27
5
-6
-42
-54
-18
19
85
75
93
103
33
-34
-61
-18
-22
-39
-3
-1
45
101
33
7
21
-9
3
6
-35
-76
-38
44
34
-55
-59
31
43
-63
-26
26
-33
-24
-71
-77
-33
13
30
-50
-22
3
-16
-2
-46
-95
-60
-25
24
67
39
13
-29
44
52
-88
-52
-28
-36
9
33
55
1
-20
17
40
51
22
68
99
23
-16
-77
-8
-5
-29
38
32
65
-3
-18
-2
-17
60
74
17
-4
5
0
37
8
2
-14
-122
-37
-50
-83
4
-2
41
40
27
23
0
-63
-58
0
-92
-34
19
-24
-86
-107
19
0
-8
59
6
3
9
-16
4
-29
-19
-15
-42
-11
3
56
62
17
54
41
29
9
-78
-21
74
40
-6
17
62
68
64
37
-51
-56
-16
34
98
34
42
29
12
76
3
-64
-85
-68
-52
-1
47
13
8
60
39
18
35
-82
-91
-11
-69
-64
0
-22
-12
-29
-57
23
5
-40
-13
-36
-11
-11
-27
7
-21
5
12
21
54
-38
-90
-40
7
28
2
-42
-7
44
87
31
85
144
-8
0
-4
-50
-32
-65
-35
41
99
108
60
7
22
10
-1
37
-6
-39
4
31
-5
-6
-19
-8
4
-135
-49
91
-35
26
78
-12
34
37
-35
-123
-119
-56
-29
-56
-62
-13
-40
12
6
3
109
15
-20
40
-12
-19
-87
-112
-25
-113
-94
20
16
74
71
76
114
23
-7
1
-41
-36
-3
38
14
-22
10
26
3
5
36
-16
30
97
57
68
-16
-24
23
-16
-60
14
32
-72
-16
8
60
76
-2
0
-13
-35
-26
-50
-67
-62
-38
-3
-6
-17
-4
53
34
69
37
-87
-22
-33
-86
-88
-117
-15
23
-20
-10
41
51
-4
31
83
63
27
0
-36
-63
-24
-7
-20
-45
-70
4
68
58
44
77
94
58
39
4
16
1
-15
25
-28
-40
-54
-55
13
29
106
58
-8
55
60
5
-29
0
-54
-65
-4
12
-30
-63
-38
-53
27
94
44
-7
-35
-23
-42
-40
-3
-24
-12
23
-20
-68
-5
36
9
-7
-23
3
30
9
11
27
-43
9
54
-9
5
-43
-60
-24
22
85
55
27
36
36
24
-1
0
9
20
0
-26
-5
51
5
-14
92
22
-10
18
9
30
-31
-39
-31
6
45
-8
4
0
-2
42
-7
-121
-101
-19
2
29
4
-39
-12
6
14
-3
-50
-16
-16
-55
-33
12
32
50
12
11
20
-59
-29
-5
17
19
-7
10
35
50
-50
-9
52
-23
27
66
36
-7
-51
-8
-1
-17
33
11
0
-13
-17
60
11
-19
15
-27
-33
3
-9
26
84
80
-12
-52
64
4
-65
-37
-78
-12
-24
-22
47
10
52
23
-69
-13
29
-21
-2
-14
-66
6
-1
-36
-2
-10
-7
1
-59
-88
-6
24
-3
18
78
69
56
52
-14
-7
13
-3
-8
-61
-31
44
-11
23
48
-38
5
52
49
40
19
-30
-12
37
-37
28
58
-98
-61
16
-2
-3
-68
-46
-42
-15
99
63
49
9
3
35
-35
18
36
-13
-47
-80
-22
7
6
30
57
-11
-2
87
7
-13
0
-12
-10
-54
-3
6
-37
-2
23
-2
-11
-16
-15
37
-3
-4
19
-33
-4
-5
9
31
12
30
37
0
3
-24
-35
47
52
70
59
10
-45
-95
-42
8
-20
-12
52
43
54
47
-47
-33
-20
-3
59
-24
-39
-76
-125
30
39
32
40
3
68
19
37
13
-69
18
18
0
10
-4
49
10
-69
49
34
24
61
-31
66
5
-45
10
-51
20
-27
-90
-55
-23
14
-29
-22
20
73
48
-54
-39
4
-34
-49
-31
-70
-48
2
2
-1
-2
48
56
42
32
18
62
68
16
-32
-63
-84
-55
-14
39
49
21
69
62
65
8
-65
10
28
-12
-7
0
-17
-1
-8
-11
-4
5
36
-5
-14
17
11
72
67
49
55
-27
-24
-56
-82
-34
-71
-5
58
33
92
103
1
-53
-17
-105
-128
-47
-49
-20
-13
16
22
-9
-74
-65
43
-32
-43
7
-96
-22
99
34
18
-23
-38
-5
-7
67
80
40
-2
15
72
47
32
41
33
38
46
32
-4
2
67
40
-2
-8
0
32
46
-17
-35
43
-7
-37
-77
-77
-28
-57
15
24
41
101
-17
-86
-41
-34
-21
-59
-68
-25
1
7
10
24
6
48
19
-33
-33
-29
21
-4
0
49
12
5
-12
-71
13
29
-32
-51
-34
75
81
-7
-24
-5
31
20
36
35
-27
9
19
25
0
-8
28
-6
46
-4
5
118
48
26
-12
-32
75
-10
-73
40
80
10
-66
29
50
-38
-34
-88
-97
-52
-28
-21
25
69
40
41
0
-37
-91
-143
-86
-74
-26
43
71
36
60
76
-26
-20
-39
-24
33
-5
53
102
78
104
24
-77
-48
7
35
51
39
3
11
23
63
40
2
42
0
-40
-32
-7
-57
-108
-14
-1
-7
47
-26
-2
59
-55
-35
0
-40
36
-21
-105
-57
17
40
14
49
16
40
46
-30
-45
-84
-64
23
55
92
108
52
86
-1
-120
-74
-86
-20
21
47
84
-34
-8
66
85
0
-73
-31
-58
-48
14
94
31
-2
44
67
70
-59
-109
-53
9
28
-12
-6
72
94
18
-17
51
37
-46
-4
-2
-57
-24
-55
-59
33
-19
-10
1
-38
15
-57
-17
30
-13
1
-31
-32
-56
-37
28
-2
-14
39
-7
-50
-23
-31
-56
-28
72
117
103
89
79
3
-47
-37
-41
2
-13
36
55
5
118
86
20
18
-12
19
-52
-24
69
13
3
25
13
1
1
-22
-66
-37
-87
-123
9
0
-17
54
-22
-17
35
-60
-93
-150
-116
37
-6
-25
33
-11
-3
-22
-19
19
-58
33
115
90
55
-39
-14
-4
23
59
54
84
57
27
31
26
34
35
34
47
-25
-34
12
25
22
-21
-60
-57
-28
-67
-58
4
-39
-23
36
-4
-20
-43
-50
-23
-39
-25
-47
-14
14
15
58
3
57
67
8
29
35
-5
-17
28
14
48
9
-25
41
46
13
-20
-2
-4
-5
6
-28
-57
-69
-89
-53
18
0
3
5
-60
-33
2
-25
-15
-25
-27
57
36
54
58
-74
-6
-25
2
111
22
15
23
48
75
17
48
63
23
-1
-47
-65
-83
-61
4
39
82
-4
-57
1
-44
-3
-17
-74
-41
-101
-29
12
-42
-3
5
34
11
-88
-40
17
3
43
22
-17
10
3
-42
-15
50
57
22
-30
9
11
-25
31
7
-6
28
64
65
-3
1
5
-9
-26
-67
-47
15
1
24
60
33
41
4
-17
-79
-107
11
22
-29
-32
-38
9
-3
-60
23
11
-66
-20
-14
-72
-73
25
56
20
51
48
19
-2
-3
-20
-50
21
57
2
61
96
74
34
3
-6
-40
1
-9
28
49
-30
-32
39
45
-47
-58
-52
-4
-17
-52
-68
-129
-33
1
-20
-16
-32
-11
-1
18
-8
-9
39
28
16
1
17
57
13
-18
30
64
39
18
26
64
57
48
43
-20
15
66
31
0
4
-10
-80
-45
-50
-87
-7
-9
-3
8
-27
-31
-48
5
-2
-90
-33
26
39
-21
-34
14
-63
-19
13
-35
57
77
11
39
39
-34
-37
-16
-13
46
81
45
29
-14
-21
-17
-27
26
-22
-39
-23
-5
57
32
54
7
-66
-33
-71
-7
59
33
11
-51
1
55
14
56
21
-84
-41
11
39
20
-44
-20
-18
1
60
18
-45
-51
-39
-8
15
46
50
5
19
2
-39
-30
-72
-67
-24
-50
41
56
-29
10
-14
-1
23
41
38
-13
54
13
-37
-53
-41
-57
-94
-26
-27
53
66
-2
-19
-34
53
92
46
8
53
10
-75
-9
-8
-13
14
-23
-9
0
1
43
28
53
97
73
19
9
6
-41
-28
-48
-14
1
-56
-40
-66
-39
-6
-50
13
37
-40
9
20
-72
-20
10
-23
-10
-11
-6
-27
-86
-84
-18
47
72
66
22
16
29
-17
24
41
26
29
50
63
-20
-21
8
-24
-29
-5
34
75
71
5
-52
-57
-6
41
103
53
-50
-21
-43
-32
5
-2
0
-87
-49
-10
-30
32
23
39
11
-18
-50
-49
7
-39
-18
0
15
23
-26
-82
-40
57
-48
-31
53
26
71
63
12
-32
37
36
-27
44
9
-43
-2
-19
29
89
34
6
8
38
-2
-41
-6
12
46
-5
-37
-24
-43
-55
0
19
-41
-52
-32
60
59
29
-3
-68
-23
-58
4
83
-4
-24
-23
8
25
22
32
16
44
40
-22
-3
50
43
-65
-102
17
49
5
-26
4
-21
-39
30
1
19
8
-67
10
29
-22
1
-34
-37
-48
-39
26
10
9
-7
40
71
18
16
20
42
17
-19
11
29
-69
-69
34
81
55
-11
-28
-55
23
68
-26
-6
-14
2
91
-15
-23
32
-101
-117
-49
-39
34
32
14
3
-46
22
23
3
27
-28
-83
-42
58
47
80
2
-155
-52
22
61
-13
-22
86
0
13
23
-16
19
26
8
12
53
-16
-63
18
38
-2
-13
-6
7
3
4
8
-48
-18
23
2
29
-14
-59
-29
17
-1
-27
21
0
-58
-92
-93
21
30
-53
-30
-23
42
62
1
16
20
3
-8
26
52
23
-29
-15
-34
-35
45
55
42
18
6
15
40
25
13
32
34
7
-20
-16
-44
-53
0
-36
-137
-92
12
50
74
25
-33
1
-18
-57
-6
-40
-49
55
-22
-28
67
8
-8
14
32
-55
-58
81
89
34
-10
17
51
22
1
-26
-59
-10
26
-2
32
14
-11
21
-3
-43
-80
-35
5
-40
-26
-2
8
-9
-1
40
14
0
-12
-7
36
20
37
7
40
-6
-89
53
38
-12
-8
-4
72
86
30
50
25
-58
-5
4
-17
6
-16
-49
-30
-30
-39
-59
-63
-21
1
25
8
-12
-44
-31
41
45
12
-7
-24
-52
-15
21
-4
-35
-26
24
54
67
26
23
59
23
41
32
-15
11
11
-8
-26
-1
32
-10
-27
-48
-33
-29
-48
58
51
-23
-35
11
55
-20
-34
-24
-1
22
-19
-20
-33
-13
-32
-27
77
25
-11
47
36
-13
3
13
-51
-19
1
69
60
-38
-21
-84
-60
-1
-13
4
9
25
13
-18
-2
6
-33
-32
14
47
64
64
4
-36
-50
-80
36
73
19
28
-8
58
58
-12
18
-22
-30
10
-34
-62
-36
49
71
8
-40
-80
-52
-18
-14
7
-12
-24
-11
-38
-10
24
27
24
45
6
-41
0
-18
54
82
68
114
-4
-19
12
-54
3
12
1
54
38
10
-29
-38
-57
-35
34
52
-13
-63
-34
-112
-124
-19
-21
-18
5
-58
16
66
-24
-6
-54
-3
92
29
43
34
51
81
0
-18
29
84
86
9
15
99
53
27
4
-39
27
17
-6
-39
-51
-69
-66
-8
-29
0
-48
-55
-43
-78
-41
-68
-34
-15
-38
-22
-50
-6
28
-10
25
43
39
63
40
45
63
59
81
66
-11
50
80
-14
34
34
21
29
-4
41
-3
-30
5
14
-8
-34
-12
-64
-109
-127
-116
-57
-23
3
2
-50
-101
-18
43
-13
-31
-30
-8
97
53
-60
44
89
52
44
0
80
113
-28
-38
48
106
88
56
61
53
54
17
-18
-38
-37
-17
-26
-30
-50
-88
-40
-30
-27
29
-65
-116
-60
-59
-47
-29
-34
-22
41
94
39
-42
-93
-66
-8
7
31
48
17
20
139
130
67
101
25
-6
39
10
1
42
46
16
31
3
-24
-34
-31
18
-19
-17
-17
-3
-2
-64
-33
-87
-35
29
-52
-65
-56
-1
-28
-101
-6
30
-11
39
28
-20
46
83
41
6
-43
15
69
25
34
24
29
44
75
72
-1
-5
10
28
21
-21
-51
-54
-27
-24
1
63
-14
-47
-24
-92
-50
-32
-21
-35
-59
13
-13
-30
-18
-8
27
-38
-44
-5
-44
27
114
72
70
46
1
33
19
26
55
-1
41
92
42
-69
-61
46
-21
22
88
54
67
9
-65
-54
-30
-89
-57
-5
-84
-21
13
-19
-16
-88
-68
-56
-74
0
50
-6
-25
-16
-20
47
7
8
80
-4
-44
-26
-9
2
13
55
68
75
72
62
79
56
-36
-30
-17
-14
46
5
1
35
67
14
-77
-41
-52
-65
-35
27
14
-47
-27
-61
-38
17
1
-2
-42
-27
6
-26
-26
-59
-23
43
11
-27
14
101
62
58
53
-3
-1
-34
34
97
-26
-30
59
33
10
-25
20
64
-41
-39
41
13
-74
-65
-47
-38
21
-35
-38
-31
-48
22
-27
-29
-35
-73
-21
-8
13
30
38
36
43
55
-12
-13
-18
13
60
-12
30
96
68
89
94
11
9
3
-47
0
-9
-11
34
-22
-15
-16
-70
13
17
-36
-16
-70
-72
-33
-1
-5
-77
-56
-16
0
-36
5
65
-27
-42
-23
-13
28
31
47
47
-2
7
25
93
101
-21
2
16
-16
49
-2
-46
15
35
12
-51
-31
44
43
-20
-43
-9
-23
-66
-18
12
-55
4
41
-8
-33
-76
-37
0
-5
-3
38
104
37
-3
-3
-20
58
-7
5
110
-30
-50
4
-3
57
27
-17
0
15
1
-65
-53
8
35
47
22
-20
-60
-62
-27
-53
-79
10
42
-11
-16
-9
2
10
38
-10
-58
1
-52
-19
59
8
40
21
10
-15
-33
21
14
40
14
5
-39
-29
49
-31
-29
26
26
-4
-19
-22
14
34
-33
-22
29
39
6
20
15
-33
2
-35
-62
2
-3
33
3
-53
30
26
-18
11
-14
23
56
12
-7
-33
0
-28
-63
-48
-82
-44
-15
39
104
55
53
26
-16
-40
-35
40
51
10
-6
33
35
-21
-13
-26
-57
13
44
46
58
37
27
12
6
7
-17
-98
-39
95
24
-93
-34
-39
-75
5
14
-3
-12
11
27
-5
-10
41
61
4
-12
-60
-64
7
36
64
43
1
38
25
-33
18
31
23
16
-31
-47
-1
73
31
-26
-51
-2
13
-60
-39
-52
-56
-46
-37
37
-4
-52
-53
-59
33
33
-9
-39
-59
30
18
-17
51
36
-3
-40
-23
69
18
29
88
20
-20
0
56
23
36
42
-20
7
-23
24
29
-31
-5
-38
-12
8
-26
-10
-4
-7
-26
-60
-17
17
-3
-15
-7
13
-26
-4
20
-18
32
-8
27
85
-21
0
25
10
59
26
-15
35
4
1
14
-31
53
67
-7
-2
-7
-51
-35
-38
-53
-10
-9
-33
-45
-36
-24
-15
-25
-85
-34
7
-19
-4
-11
9
-20
0
13
-42
8
47
5
-35
11
70
58
71
76
25
10
23
8
33
32
-8
59
25
-66
7
52
34
-9
-39
-27
11
26
-45
-58
5
4
-35
22
-26
-115
-22
-42
-116
-41
54
61
50
41
31
44
-24
-85
-32
-26
-7
94
48
-13
-20
8
44
11
47
26
4
-13
11
75
-13
-28
-13
-29
-5
-32
-40
-58
-59
-52
-41
0
20
56
6
-43
0
17
-2
-18
-22
-22
-58
-53
-15
-4
23
52
81
60
47
17
-30
27
28
7
32
45
86
63
13
-50
-74
-26
-36
19
36
0
47
-12
-44
14
38
77
14
-18
-64
-83
25
-1
-17
-29
-40
-38
-59
34
84
55
25
-25
28
72
37
44
-42
-2
36
-43
39
9
-36
-38
-39
78
87
-8
-45
-56
-50
50
80
5
22
16
-11
0
-120
-152
-49
-55
31
24
-82
-2
51
63
30
0
-26
-40
-23
-121
-25
52
38
67
11
21
-7
-41
-107
-87
6
80
141
28
-26
-63
-49
45
33
16
-43
-70
43
43
-19
15
-39
-60
4
54
-6
-45
52
-30
-31
65
48
61
-14
-76
-22
2
-21
30
62
-26
-32
-12
1
25
36
6
-61
-2
26
17
29
-47
-29
15
12
-2
-13
-28
-43
7
-18
-46
53
96
61
48
0
-62
-69
-46
-12
78
63
-6
-13
-4
72
74
33
5
-25
-32
-31
86
125
-24
-147
-84
20
26
-2
-30
13
-24
-7
65
2
20
24
5
36
-7
-37
-33
-54
-37
17
49
55
14
-94
-137
-20
113
80
-7
-40
-43
28
9
-33
-6
-32
-1
19
-72
-72
-46
-41
-23
-55
25
-19
-68
-25
-76
-27
-27
9
9
-53
11
-24
-2
-23
-92
-32
-3
110
51
-56
-32
-70
43
62
23
86
59
69
53
22
20
75
80
1
37
43
50
18
-43
23
51
15
0
29
76
37
-1
-27
53
35
-37
113
66
9
46
-20
-49
-6
23
-37
-34
-52
-77
-20
45
68
36
-2
-48
-41
12
13
-15
-55
-62
30
36
22
16
-24
-20
-61
-31
-53
-82
-34
-42
0
-47
-109
-78
-20
3
4
-7
-69
-52
-30
22
86
-9
-112
-35
-33
-60
-24
-19
28
-63
-98
-29
33
87
42
13
-6
58
54
-38
-90
-55
14
4
65
72
21
-35
-94
-63
-66
21
43
-12
60
0
44
122
-6
-28
-20
-11
24
16
1
-26
-24
-4
-23
-36
-5
41
0
22
52
-23
0
15
38
83
75
102
44
-35
17
-8
-64
-66
-59
-37
-45
79
101
-9
-8
-38
-39
13
65
68
-20
-71
-76
63
86
-16
-8
-5
49
75
42
-20
-41
-66
-3
64
-18
-36
12
34
34
56
42
6
0
6
37
29
37
-37
-106
-65
-2
82
16
-15
-23
-72
-9
40
38
-31
-11
39
2
-17
-2
23
-21
-77
-40
2
-25
17
45
76
79
-4
23
-79
-127
-5
12
8
-2
-51
-76
-40
-26
16
67
-65
-103
-4
-9
16
-20
-107
-66
-12
1
4
-29
-42
-31
-14
84
124
51
19
-8
-2
-20
-58
28
40
-13
38
34
6
-6
-22
-28
-40
38
111
118
56
-38
-59
-32
-17
-8
-9
-33
-47
3
58
18
21
49
65
47
-37
-31
14
-37
-32
60
15
62
114
21
14
-16
-61
-30
46
88
112
112
41
-61
-72
-4
20
28
9
-2
11
41
44
14
18
-38
-86
-31
24
97
69
1
16
-19
36
-5
-54
17
-79
17
98
-17
-55
-52
-17
-27
24
0
-42
-69
-85
41
10
-20
-33
-44
-10
-35
68
34
-55
6
-47
29
75
-41
39
0
-65
12
-9
34
0
-83
-36
3
19
41
16
-57
-56
-6
-16
0
14
18
-8
-66
-23
-77
-114
-80
-18
28
-60
-87
-67
-22
8
39
55
-33
-26
4
-19
51
66
-13
-36
7
-9
-11
54
-29
-75
51
78
85
75
37
-7
-118
-13
58
33
42
-19
-10
15
45
21
-2
-29
-54
-52
-36
91
143
101
30
55
149
90
27
0
-61
-34
29
71
-32
-78
65
38
56
100
-11
-19
-61
-51
5
-56
24
45
-15
65
112
64
-34
-158
-148
-49
-35
42
112
56
19
-16
-62
-115
-77
53
53
-26
15
69
0
-7
20
0
-47
0
34
-55
9
68
14
-51
-140
-89
11
2
-17
-62
-78
-44
-47
33
77
1
-3
-28
-36
18
24
40
-23
-73
30
76
-15
-49
33
66
26
-56
-58
-3
-9
14
-32
-107
-26
32
9
5
-21
-37
2
24
7
3
-15
7
-8
1
96
28
42
39
-88
-18
-19
-55
5
17
38
25
8
6
2
13
8
50
62
-1
64
58
-92
-90
-14
33
36
50
0
-67
-29
-78
-116
-68
-4
5
-49
11
45
42
38
-7
58
68
-29
49
160
36
-47
-77
-46
71
24
11
50
-10
-39
25
20
-27
19
39
-20
-26
14
33
-8
-61
-4
2
-4
40
7
56
33
-11
55
12
-10
-17
-38
45
7
-115
-61
-11
-1
24
1
-29
-25
-21
76
141
38
8
18
-35
-80
-107
-69
45
81
43
18
-38
-105
-84
4
-2
-6
-15
-64
0
1
-1
-79
-120
-43
-51
25
30
26
91
19
-35
-39
19
92
18
-6
-20
-49
-44
-48
-19
-60
-81
-90
-78
44
71
85
120
2
-13
49
76
145
47
-59
-14
21
72
105
45
-20
-46
-76
-26
-10
21
51
-47
-73
-27
27
103
107
0
-96
-93
-23
-16
-14
59
40
-21
18
88
66
8
49
58
-65
-92
-48
-16
-19
-8
71
-5
