199
237
176
202
157
169
186
159
209
158
137
248
223
183
192
49
58
132
108
167
102
16
21
28
51
36
44
62
-30
-62
0
-59
-67
-36
-56
-54
-64
-110
-97
-77
-70
-10
-62
-94
-63
-105
-94
-56
-28
-22
-53
-41
-20
11
0
-6
45
35
51
108
144
99
16
77
160
171
182
192
163
123
115
105
126
148
150
139
160
168
128
117
60
56
145
143
95
152
148
44
54
51
16
24
-16
-21
23
16
10
-13
-104
-93
-36
-99
-117
-79
-109
-99
-157
-239
-170
-199
-239
-175
-182
-217
-201
-200
-215
-203
-222
-149
-127
-186
-181
-185
-168
-187
-181
-115
-99
-91
-121
-99
0
-49
-118
-44
-11
-17
69
59
21
34
26
76
46
24
68
46
72
151
178
124
86
93
127
193
170
201
200
136
113
72
105
142
164
130
93
120
121
105
75
78
3
19
80
64
57
8
-15
-39
-15
-10
-35
-82
-57
28
-24
-55
-41
-39
-52
-123
-62
-46
-105
-37
-61
-108
-122
-161
-92
-51
-169
-152
-94
-122
-42
-15
-64
-72
-98
-146
-93
-68
-77
-20
-36
-8
-67
-152
-74
-4
-17
-58
-5
-6
5
69
83
89
78
102
90
53
60
-30
-21
48
60
137
57
82
124
0
33
-33
-53
43
18
25
40
61
72
11
-23
-11
-24
-17
3
-9
-25
-24
-42
-88
-111
-135
-75
21
-50
-90
-63
-92
-102
-69
7
24
8
-16
-66
-58
-18
32
-13
-50
-4
43
62
16
63
67
28
49
69
68
24
0
35
146
139
106
175
159
126
98
112
188
206
182
161
200
224
139
141
180
191
223
203
181
172
185
146
15
64
185
148
163
134
61
73
55
91
118
49
67
76
-11
-14
65
16
-100
-99
-124
-154
-125
-156
-197
-140
-89
-158
-195
-165
-113
-78
-152
-146
-146
-215
-202
-171
-152
-183
-179
-162
-152
-144
-181
-142
-146
-177
-145
-153
-166
-179
-169
-107
-89
-87
-89
-134
-194
-91
-63
-127
-66
-125
-102
-48
-63
-12
19
16
18
10
-28
-40
-44
-24
-20
-19
38
72
43
4
-19
-28
-24
-56
-45
-29
-76
-18
38
81
68
2
18
4
24
24
53
69
36
56
5
19
76
18
-3
26
54
53
44
28
84
126
64
101
110
132
99
45
80
62
93
116
153
154
146
202
154
174
167
45
110
140
141
201
142
109
121
93
128
126
85
143
176
95
10
16
71
112
106
95
114
190
169
6
-22
61
35
50
28
-103
-41
-6
-15
-17
-26
-35
-140
-107
-86
-147
-142
-132
-91
-102
-149
-106
-142
-136
-119
-183
-126
-167
-179
-62
-90
-150
-186
-237
-227
-242
-277
-198
-143
-153
-138
-225
-224
-190
-252
-116
-44
-117
-61
-57
-172
-99
-27
-74
-16
-36
-7
-1
-78
4
29
45
69
33
-10
-75
-50
88
166
80
29
88
89
63
99
115
90
60
86
93
42
90
117
145
159
154
136
93
147
100
66
109
70
50
50
74
32
12
97
88
112
110
48
127
119
15
-4
68
96
45
31
16
1
35
8
-5
87
99
103
82
37
22
-71
-56
-23
0
35
-17
-33
-69
5
143
79
39
22
-72
-84
-19
67
24
-35
-5
-25
-33
-17
9
-15
-49
-27
-85
-94
-8
39
6
-37
-36
-53
-63
-98
-90
-104
-113
-84
-185
-141
-61
-122
-172
-210
-137
-136
-152
-74
-98
-134
-104
-50
-40
-56
-101
-119
-100
-171
-174
-17
26
-44
-56
-43
-40
-33
5
37
30
-21
-45
-45
-5
82
22
11
92
123
116
40
116
86
6
153
138
114
118
135
172
150
143
81
133
178
188
142
128
135
31
121
157
122
173
95
86
161
90
46
120
140
56
12
2
49
71
2
85
183
151
99
63
28
9
38
44
19
16
-6
-44
-45
-12
-24
-36
31
19
0
0
-96
-88
-15
-9
-35
-37
-14
-62
-31
33
-36
-74
-51
-48
-38
22
39
-10
25
-21
-75
-2
4
-50
-107
-31
-79
-172
-90
-66
-52
-71
-83
-64
-118
-154
-84
-85
-106
-69
-139
-118
-37
-87
-67
-73
-114
-46
-53
-158
-191
-174
-183
-121
-130
-221
-200
-177
-152
-127
-149
-86
-95
-197
-118
-48
-137
-141
-94
-76
-26
-6
-37
-41
-101
-125
-68
-101
-61
-34
-67
0
14
27
80
47
26
6
-3
7
-43
-62
-15
25
51
97
130
92
136
167
87
157
188
143
133
117
191
198
152
124
134
154
175
173
126
175
196
171
157
124
177
153
95
95
92
123
156
177
163
180
170
103
106
112
85
74
50
69
153
187
159
135
65
48
38
-26
25
99
72
83
51
-5
105
57
-23
85
74
17
-4
-65
11
26
-92
-9
76
19
-28
-14
52
25
-28
50
83
-29
-38
-26
-91
-54
-81
-143
-100
-18
-72
-149
1
-11
-79
-49
-142
-90
-111
-158
-79
-127
-140
-112
-81
2
-41
-142
-93
-47
-1
-24
-124
-78
-93
-135
-90
-151
-151
-98
-112
-83
-117
-150
-130
-102
-28
-71
-134
-131
-148
-97
-84
-149
-82
-35
-69
-19
-33
-72
-80
-66
-49
-59
48
28
-16
11
-47
-6
-24
-39
9
67
79
26
67
59
24
59
117
85
56
33
-7
104
104
53
73
4
-5
35
-36
38
151
49
75
38
-40
3
-36
10
28
46
36
-50
-40
-71
-86
-80
-104
-36
47
-23
-49
11
-11
-46
-46
-70
-95
-136
-107
-51
-72
-42
-26
-52
-29
-8
11
48
51
53
-30
-61
55
52
-24
22
64
4
-1
-56
-9
57
-2
90
114
80
92
43
67
41
3
64
76
75
75
75
139
148
123
124
75
104
165
146
104
97
91
113
94
51
109
71
6
60
79
57
49
1
1
52
40
12
36
-4
-69
-55
-63
11
38
8
36
-4
29
57
29
32
41
26
-7
5
-85
-89
35
20
37
16
2
36
-50
-63
-19
24
24
-25
34
18
-10
42
55
23
51
117
20
-12
-2
-34
4
22
40
-17
-64
7
-10
-39
-53
-44
-7
-73
-40
-18
-72
-30
0
-6
-64
-100
-73
-95
-142
-112
-50
-62
-75
-78
-69
-43
-57
-70
-79
-51
-34
-77
-61
-28
23
27
-61
-53
-35
-9
-45
-84
-28
-50
-49
-47
-90
-92
-36
-4
-36
-11
-10
-52
18
19
-42
0
-22
-33
-5
-48
-65
-13
-2
-53
-44
-9
45
83
64
96
80
22
-11
-29
-15
0
81
-4
-94
-6
8
6
8
7
4
11
2
-6
38
-3
-6
26
-33
27
87
23
27
-7
-19
20
-27
-40
16
41
-41
9
83
-11
32
85
15
-10
-20
9
74
52
15
42
21
-3
69
1
-26
80
-7
-17
24
41
133
90
7
4
51
51
15
-10
-29
-32
-47
-11
15
49
99
32
-5
62
47
-14
-50
-32
-13
-46
13
74
66
55
24
71
67
26
33
-23
8
4
-6
31
32
70
49
59
73
19
26
19
68
96
63
50
-31
14
-1
-6
126
2
-19
98
34
-40
-13
2
-38
47
6
-7
90
21
3
-103
-95
23
-18
-31
-24
30
34
54
68
41
72
-23
-116
-37
23
15
21
-34
-62
4
-12
-83
-64
-57
-74
12
21
-99
-72
-22
-79
-45
-17
0
-41
-71
39
15
-16
-27
-107
-43
-41
-119
-89
-105
-52
-43
-93
-6
35
48
2
18
30
-51
8
44
-33
-24
16
-6
15
23
27
-2
-62
-40
-51
-60
-63
-21
-10
-46
4
10
49
-7
-19
18
-41
41
-22
-59
52
76
55
19
56
-8
22
95
43
103
70
13
35
47
34
-9
11
51
29
77
124
45
34
-29
-55
-41
-112
-68
-31
-48
-67
-65
-40
-53
-32
-61
-103
-67
-57
15
18
-75
-37
-47
-63
-20
-51
-26
-47
-73
0
23
21
-54
-120
-67
-85
-118
-100
-111
-61
-43
-19
66
-16
-67
-19
-25
-20
-11
-11
-40
-40
-6
10
-74
-101
16
44
58
45
26
60
63
25
-73
-70
-24
-14
23
2
17
68
75
77
81
73
45
51
101
50
-44
1
93
99
68
61
70
83
29
21
54
-47
-41
12
-14
13
62
99
117
113
-4
-86
-44
-6
13
-60
-29
54
13
13
44
61
81
68
25
25
34
20
69
87
1
-28
49
115
114
107
82
18
-13
18
36
21
23
-23
-30
25
10
3
-4
31
87
35
-13
-68
-56
-14
-75
-80
-33
-13
0
-6
-5
8
-11
-43
-48
-52
-24
30
-23
-4
43
3
15
-11
-7
-8
-31
10
-33
-108
-105
-76
-55
2
16
-28
-33
13
-35
-134
-102
-63
-20
-56
-111
-7
0
-17
-13
-47
19
-39
-155
-44
27
-5
16
0
-51
-28
1
-15
14
-1
3
3
36
119
1
-44
-51
-45
26
-1
-12
35
44
10
-63
-119
-20
-38
-95
-30
-15
0
20
13
18
5
3
24
8
-12
-51
-30
60
77
30
-5
-32
-10
38
26
32
43
72
74
42
42
23
63
91
62
46
26
15
66
119
112
62
-22
-18
25
-43
-7
74
52
3
-38
-36
-73
-44
27
40
24
-26
-1
29
30
-24
-30
14
9
77
48
47
30
-63
-7
-11
-6
-17
-43
43
28
7
27
-20
-67
-37
14
-39
-49
-97
-131
-63
-95
-81
-62
-120
-152
-60
51
47
29
-2
1
74
77
50
53
33
-3
-44
-22
55
30
-7
14
-21
-33
-11
23
55
-6
9
63
50
38
43
26
-46
-14
-5
-6
40
12
19
3
9
21
33
-14
-17
57
-43
-17
42
19
35
39
44
65
66
-45
-10
24
-11
-11
-57
19
13
-8
45
31
43
22
9
0
-45
-4
-32
-56
92
102
40
64
-24
-7
12
-84
-26
-5
26
77
-5
-16
62
86
73
22
-10
25
-37
-21
55
-19
-44
-14
27
30
8
34
-18
-16
-2
-68
-58
-93
-17
60
0
27
-1
-47
-11
-27
-50
-46
-94
-47
-70
-107
-50
-74
-36
-21
-7
61
18
-44
6
12
37
13
-46
6
-40
-47
-19
-33
40
27
-24
-40
-3
41
40
-16
-72
-39
-35
23
0
0
102
24
0
27
-41
-42
-28
-114
-96
0
-33
-23
15
-7
22
-26
-71
-18
-37
-14
24
1
0
11
30
-22
4
30
-44
20
42
51
27
-73
-41
11
36
55
63
11
-14
30
-1
0
54
81
7
-41
8
77
83
-1
-22
52
108
46
68
87
55
52
12
48
61
99
109
74
55
95
154
93
84
42
-7
3
-64
-68
-15
2
-24
-28
96
120
22
-24
-32
-18
24
52
-26
-81
-10
-24
-8
54
-12
-7
8
-73
-109
-126
-103
-52
-7
33
26
8
28
42
13
-11
-71
-51
-38
-69
6
-25
-57
0
-14
37
-13
-69
30
9
50
36
-74
-103
-38
30
-38
-14
16
-63
-92
-43
-25
-18
-18
-54
-23
-38
-27
2
-22
-60
-136
-159
-133
-78
-14
19
2
-17
-32
-48
-20
-14
-47
-65
-31
-11
-65
-81
-44
-20
-19
-85
-81
-22
15
96
17
-19
53
39
28
-48
-48
55
94
69
-33
-45
-34
-23
25
-18
11
75
63
75
44
-22
57
67
-6
41
29
45
109
114
27
-64
-51
-82
33
106
29
79
38
23
44
-26
-5
7
0
4
17
41
44
25
-10
98
104
-13
33
30
0
3
41
30
-29
38
121
67
24
50
-9
-28
28
93
87
48
31
27
76
76
-23
-42
37
50
88
129
117
53
11
15
36
117
44
9
75
14
-34
-15
-45
-36
37
-58
-98
-3
-34
-24
-22
-66
-38
-86
-43
9
-31
38
58
-2
-55
-22
-4
-39
1
3
-15
-98
-107
52
6
-32
-6
-35
37
-22
-31
27
-23
-1
31
63
20
-21
3
10
-28
-48
-16
-23
-18
26
29
-11
-10
-32
13
32
-18
71
62
-10
-22
-33
-34
-83
-34
-50
-83
8
-47
-98
-84
-70
-23
-37
-48
-26
-63
-75
-79
-144
-82
-11
-24
-63
-37
38
-2
32
58
44
34
15
-20
-26
-28
-28
9
-63
41
27
-131
-81
-52
-41
-47
-38
5
-3
18
39
-50
-56
-69
-106
30
8
-38
19
25
55
0
-14
8
-7
-16
-20
41
-11
-19
80
87
-16
-90
-12
56
72
50
34
12
-30
-35
34
48
-4
7
-9
6
-15
-63
14
27
-22
-54
-61
41
-6
-19
117
71
58
38
6
50
12
42
46
-31
0
52
107
107
78
108
35
14
36
25
42
22
24
71
72
26
-10
18
33
15
-20
-81
22
27
-47
95
114
46
50
-13
-11
25
0
-6
-74
-3
67
11
42
30
52
42
-36
-50
-13
24
-2
44
35
-42
-4
16
-13
66
54
-60
33
8
-65
-11
17
66
-27
-73
18
15
26
65
6
4
-23
-101
-70
-61
-4
-2
-56
-27
11
40
11
8
-4
-12
-6
-33
-1
-3
-26
-46
-45
-34
-6
13
-24
18
19
-39
21
35
-17
-15
-35
-27
-15
-47
-72
-86
-74
-53
-78
-78
-27
-62
-54
-26
-36
-35
-43
-5
-34
-35
44
19
2
6
-36
-27
-37
-108
-109
6
-9
-95
-54
-1
-47
-89
-58
-72
19
20
-28
25
28
44
-72
-144
-62
-17
32
43
4
-6
29
9
-5
51
-12
-117
-94
-25
20
-12
-52
-50
-65
-7
-31
-43
-5
-56
-35
-5
-33
-63
-5
31
9
-3
-7
22
0
-9
27
-11
-8
67
84
55
48
68
84
94
81
71
67
40
-42
-34
-27
-56
8
-6
56
107
25
18
41
67
66
33
70
101
75
65
109
118
67
30
12
-35
-41
15
56
116
77
-58
-54
-8
-1
11
4
-1
61
16
-58
45
43
25
18
-71
-15
-4
-26
9
-36
27
100
1
-16
34
12
21
16
25
31
-10
-29
-9
27
-40
-4
106
0
-45
-18
-32
-1
-30
-36
-27
-8
87
64
18
45
-28
54
84
-35
21
-61
-66
0
-2
25
-84
-61
-57
-97
34
5
-39
13
28
-30
-56
-29
-79
-53
14
50
58
50
44
-38
-18
-3
-91
-45
-29
-36
17
8
-86
-111
-78
-52
3
4
20
17
3
19
14
0
-15
61
2
-57
52
-23
-32
44
-4
6
-2
34
71
12
0
-25
-40
13
42
-7
8
17
-21
-43
-140
-69
22
-23
-14
-9
-1
2
14
6
17
49
3
-3
-22
-60
-39
-22
16
2
32
103
60
29
46
29
44
93
90
38
-35
-6
15
-39
-55
-10
47
38
-19
5
41
54
105
62
13
3
-8
45
-7
-77
-38
-28
-6
1
-18
3
42
101
116
66
0
-22
35
1
-40
-35
-32
-24
-86
-30
39
-5
-23
33
64
-4
-6
46
50
-8
-25
31
58
32
-9
-3
30
33
6
-10
-15
-23
43
29
-123
-125
-27
45
34
28
57
74
78
-11
-48
-51
-22
-32
-55
29
40
96
137
96
70
-9
-49
-14
-25
-3
43
-37
-30
-53
-104
34
15
25
101
-18
-103
-94
-17
48
27
-38
-29
-27
-38
42
66
74
94
26
-18
41
71
-15
-49
-34
-24
11
-31
-11
32
23
52
-24
-47
25
50
101
71
-25
-50
-40
-19
-7
20
64
-28
-66
57
13
-64
-73
-33
30
-16
1
43
33
24
5
-29
-5
29
44
89
-19
-101
4
-38
-33
-9
-144
-41
18
-26
-11
-32
25
48
-22
-78
-6
45
24
12
-3
23
19
23
30
32
63
40
-16
-48
-30
-74
-84
-36
14
29
-21
-36
-10
35
-34
-94
-39
39
39
-48
-3
57
56
-19
-15
47
-10
17
-10
-3
19
44
97
-27
-48
-32
-69
-72
-26
25
-51
-53
74
14
-54
47
41
15
83
118
40
-5
-21
-52
-34
-20
15
2
21
46
20
-11
-26
67
5
-49
30
-14
-34
9
19
29
44
27
-19
-17
36
15
-8
-1
-29
5
-3
-46
-44
-13
28
-83
-51
28
-46
31
39
1
33
5
5
-1
-34
0
-24
-34
33
57
35
-14
-21
-53
-35
43
25
7
12
-24
11
79
65
-26
-73
-15
26
3
19
30
-21
-84
-164
-56
45
31
27
-10
5
-82
-119
-77
-82
-49
-18
31
-21
-44
24
47
20
-31
-91
-69
37
7
3
0
-35
40
17
-7
-20
-90
-14
59
51
22
12
-4
-75
-36
-46
-70
-4
-18
-4
0
-25
25
13
-10
-20
-49
33
40
-11
14
-29
-23
-6
3
32
-64
0
54
-19
20
36
49
19
0
4
59
37
2
134
51
16
6
-91
13
50
13
19
-33
-46
-69
-87
38
46
-14
27
-25
-6
22
-48
-32
-62
10
87
37
28
27
10
-13
57
68
27
57
27
8
-42
-52
16
-27
-31
-15
-15
83
159
152
32
-68
-42
-42
-51
-2
-43
-24
13
30
107
23
60
112
-6
20
2
2
5
-98
-50
-1
-15
10
-6
-34
18
25
-33
76
74
-12
48
42
76
83
22
-12
-52
-54
10
18
-15
30
-5
-53
23
41
71
67
5
25
-13
-14
9
-6
23
29
27
-7
-56
-66
-36
-74
-98
10
1
-70
-102
-66
-48
-70
-3
-27
-5
50
39
35
-11
3
1
-40
-16
-37
-73
-14
40
45
-20
-27
29
-36
-37
8
-24
21
61
42
20
-90
-94
12
-33
-59
33
-8
-104
-74
-14
52
-23
-99
16
32
17
5
-41
14
17
32
31
-6
-17
-44
-10
46
52
0
13
82
59
-16
-14
8
33
50
31
24
48
67
-11
-46
9
55
58
-21
-67
-54
20
101
73
8
70
68
-14
70
84
34
48
25
-7
9
39
39
0
-12
61
61
16
35
72
106
113
38
-14
47
-24
-11
59
-55
-8
-2
-34
19
-43
-55
-57
-54
6
12
31
-19
-46
5
-8
-41
-63
-44
-42
-109
-54
-22
-94
-61
-86
-51
-8
-16
-18
-99
-58
-25
-63
-57
-3
17
-20
-53
-87
-74
-28
-38
-24
-41
-85
-62
-92
-44
21
-10
49
36
-60
-47
-28
0
-3
-26
-5
12
97
61
20
65
31
38
39
83
58
19
51
39
50
77
76
72
132
94
55
113
75
69
30
19
127
88
49
77
56
53
20
-47
26
94
77
126
100
44
57
-20
12
60
-1
-11
-37
21
14
-40
-18
-30
17
43
-14
59
79
-21
-39
-68
-31
-13
-31
-23
-88
-113
-115
-55
-40
-90
-23
-35
-43
-53
-92
-35
-54
-86
-67
-84
-99
-71
-65
-124
-138
-84
-109
-122
-61
-82
-128
-154
-123
-100
-70
13
-13
-32
-31
-41
1
-15
24
74
5
-17
-117
-108
42
-1
-31
34
89
77
16
36
62
-9
0
0
-8
16
-28
28
35
-7
57
79
62
92
117
60
41
103
122
85
42
90
98
65
102
38
-23
19
-30
75
170
13
36
32
-3
2
-13
78
17
8
68
19
-19
-57
51
75
48
67
-14
-34
-44
-101
-36
-10
-48
-66
-151
-131
-99
-69
-32
-25
-85
-172
-79
-64
-82
7
21
-13
-28
17
19
45
77
42
22
-12
-31
-32
19
4
-63
-5
7
41
20
-46
107
114
84
122
79
84
22
13
101
90
84
113
96
127
157
130
130
117
70
162
116
-8
37
51
45
39
94
170
196
113
54
97
46
2
-34
-78
-53
-90
-173
-140
-147
-139
-6
-60
-138
-139
-152
-131
-82
-48
-146
-174
-124
-108
-154
-100
35
50
77
68
59
64
21
23
19
-7
-77
-221
-296
-280
-239
-249
-281
-210
-246
-290
-253
-277
-309
-357
-396
-457
-534
-512
-543
-546
-399
-328
-262
-254
-241
-118
-69
-141
-123
-89
-222
-230
-283
-329
-226
-188
-149
-190
-201
-79
38
156
224
245
270
238
170
173
218
334
465
470
459
442
453
562
645
682
661
653
598
499
516
623
748
746
704
593
513
541
591
675
616
610
528
455
463
445
536
603
664
635
606
611
614
669
718
728
610
447
257
161
133
128
203
157
68
22
25
84
183
239
173
38
-190
-375
-378
-338
-312
-266
-270
-188
-88
-97
87
212
179
14
-486
-1063
-1735
-2199
-2281
-2392
-2461
-2546
-2561
-2361
-2098
-1654
-1154
-831
-737
-948
-1158
-1267
-1282
-1020
-718
-500
-246
8
314
728
1133
1348
1265
890
239
-517
-1152
-1597
-1803
-1899
-1862
-1630
-1328
-803
-60
695
1258
1435
1269
989
644
409
352
401
544
634
830
1146
1491
1999
2457
2381
1902
1253
407
-410
-1021
-1271
-1218
-1093
-993
-837
-342
413
1179
1714
1891
1745
1224
646
259
3
-24
27
-5
-68
27
540
1257
1876
2267
2324
2001
1337
566
77
-122
-330
-517
-603
-608
-487
-68
694
1506
1952
1865
1483
860
179
-193
-300
-264
-342
-425
-350
-111
437
1176
1922
2390
2342
1821
1118
530
128
-13
-37
-184
-389
-656
-665
-156
542
1199
1543
1321
647
-84
-466
-489
-276
67
309
330
397
742
1220
1795
2014
1340
-209
-2457
-4536
-5727
-6024
-5694
-5357
-5069
-4629
-4069
-3183
-1984
-931
-351
-607
-1897
-3343
-4103
-3997
-3079
-1899
-783
76
691
1413
2108
2663
2634
1625
-362
-3066
-5380
-6761
-7069
-6422
-5280
-3880
-2556
-1112
627
2553
4152
4833
4421
3144
1714
569
203
717
1633
2736
3606
4083
4412
4639
4757
4284
2802
609
-1761
-3706
-4742
-4708
-3554
-1858
-146
1407
2650
3808
4709
5182
4973
3949
2479
962
-81
-395
138
1180
2371
3362
3900
4210
4140
3631
2823
1681
96
-1715
-3174
-4029
-4125
-3455
-2261
-796
483
1557
2313
2538
2552
2121
1163
29
-1111
-2052
-2544
-2314
-1370
-123
937
1781
2282
2370
2332
2033
1447
608
-434
-1359
-1895
-1744
-877
271
1268
2001
2467
2666
2621
2332
1789
972
62
-907
-1767
-1978
-1558
-737
175
808
1177
1389
1467
1428
1306
919
113
-979
-1781
-1932
-1480
-482
550
1367
1947
2246
2167
1770
1224
13
-2132
-5058
-7941
-9522
-9558
-8488
-7194
-6113
-5015
-3960
-2928
-2009
-1402
-1189
-1837
-3443
-5278
-6364
-5930
-4148
-1786
418
2142
3386
4222
4728
4796
4141
2376
-567
-4157
-7198
-8908
-8997
-7605
-5551
-3408
-1561
33
1830
3932
5774
6565
5977
4239
2387
1294
1164
2019
3406
4788
5660
5764
5433
5270
5284
4829
3315
728
-2119
-4313
-5162
-4486
-2613
-154
1939
3181
3708
4016
4636
5198
5021
3935
2223
561
-140
326
1866
3995
5555
5965
5093
3540
2197
1142
91
-1215
-2767
-4133
-4838
-4578
-3038
-582
1635
2779
2453
1295
360
-44
-30
-159
-664
-1368
-2316
-2969
-2488
-982
792
1666
1263
319
-704
-1341
-1616
-1682
-1566
-1693
-2135
-2574
-2347
-1100
654
1958
2270
1847
1363
890
253
-138
-95
176
235
-86
-409
-210
426
830
736
348
-204
-864
-1622
-2318
-2503
-1930
-1049
-355
286
773
774
520
363
569
1083
1365
1187
876
976
1496
2070
2455
2429
1622
-640
-4116
-7339
-8786
-8204
-7065
-6766
-7087
-7089
-6203
-4863
-3645
-2467
-1644
-1733
-2998
-4464
-4520
-2635
376
2869
3925
4009
4015
4207
4417
4391
3719
1891
-1271
-4620
-6898
-7527
-6566
-4859
-2867
-1184
-30
1041
2455
4467
6325
6646
5064
2865
1628
1752
2616
3751
5023
6264
6812
6201
5092
4451
4273
3316
959
-2173
-4698
-5498
-4788
-3095
-1004
1188
3111
4156
4503
4493
4397
4226
3434
1917
421
-438
-434
497
1894
3152
3804
3450
2553
1663
723
-216
-1120
-1844
-2130
-2163
-2150
-1662
-612
592
1495
1657
1438
1134
820
372
-584
-1661
-2392
-2678
-2680
-2627
-2471
-2023
-1482
-1153
-1088
-1493
-1957
-2182
-2360
-2384
-2314
-2105
-1623
-948
-123
686
1228
1544
1812
1774
1146
68
-970
-1355
-1228
-1120
-1066
-998
-659
7
662
1043
983
705
248
-614
-1476
-1798
-1472
-799
-348
-341
-564
-564
-230
377
940
1025
612
61
111
842
1897
2685
3003
3207
3338
3534
3647
3706
3761
2865
139
-4147
-7934
-9396
-9001
-8153
-8117
-8633
-8394
-7121
-5323
-3313
-1329
130
271
-1134
-2803
-2900
-773
2224
4512
5485
5479
5431
5685
6076
6219
5192
2295
-2175
-6685
-9498
-10165
-9348
-7703
-5540
-3331
-1562
32
2249
5251
7864
8330
6516
4318
3702
4825
6296
7145
7630
8047
7840
6553
4694
3365
2576
898
-2504
-6639
-9406
-9658
-8031
-5735
-3269
-578
2073
4231
5750
6739
7253
6943
5400
3001
766
-580
-895
-329
796
1914
2502
2345
1808
1380
884
-126
-1701
-3151
-3768
-3671
-3423
-2902
-1719
-9
1726
2696
2813
2807
2910
2652
1641
39
-1433
-2164
-2606
-3296
-3844
-3806
-3174
-2567
-2560
-3019
-3152
-2722
-2338
-2089
-1901
-1574
-1113
-958
-979
-843
-250
539
929
834
465
243
158
22
43
174
71
-438
-1242
-1677
-1384
-700
-36
181
7
-320
-634
-579
208
1500
2569
2907
2321
1301
673
781
1312
1931
2371
2225
1565
791
639
1495
2529
2825
2193
1306
940
1336
2371
3510
4275
3688
906
-3356
-7275
-9221
-9210
-8576
-8455
-8856
-8770
-7566
-5296
-2388
427
2300
2474
1052
-746
-1267
-65
2094
3994
4514
4052
3642
3805
4513
4880
3897
1082
-3134
-7368
-10256
-11129
-10030
-7420
-4398
-1841
369
2559
5196
8326
10504
10485
8309
5305
3207
2523
2929
3757
4748
5450
5074
3620
1596
-135
-1311
-2910
-5600
-8855
-11286
-11401
-9007
-5063
-647
3445
6734
8796
9440
9082
8354
7204
5138
2126
-1298
-3998
-4912
-4021
-1942
219
1433
1505
888
262
-181
-717
-1481
-2337
-3041
-3233
-2627
-1039
1711
4759
6234
5267
2505
-240
-1235
-915
-755
-1315
-2130
-2696
-3144
-3434
-3126
-2117
-1450
-2457
-4794
-6858
-7057
-5207
-2843
-981
230
1143
2136
3054
4325
5725
6274
5336
2925
362
-1247
-1922
-2042
-1879
-1692
-1768
-2018
-1869
-866
776
1872
1555
427
-332
-3
848
1640
2444
3202
3745
3650
3216
3228
3717
3951
3044
1261
-224
-586
-149
136
209
167
-107
-334
-541
-409
463
1458
2223
2798
3359
4106
4226
2822
-200
-4029
-7352
-9479
-10168
-9814
-9016
-7919
-6811
-5619
-4016
-2394
-1230
-922
-1798
-3236
-4176
-3857
-2102
536
3240
5215
6201
6485
6435
6223
5205
2599
-1471
-6154
-10189
-12452
-12450
-10271
-6706
-2763
712
3425
5824
8169
9924
10130
8190
4807
1704
-87
-216
1026
2812
4533
5364
4803
3308
1747
406
-1183
-3683
-6933
-9582
-10419
-8918
-5461
-1021
3498
7128
9306
9790
9123
8139
6630
4293
1058
-2379
-4770
-5507
-4688
-2686
-155
1924
3069
3197
2610
2022
1283
43
-1408
-2737
-3339
-2791
-1122
1311
3807
5413
5568
4514
2845
1402
348
-663
-1803
-3033
-3853
-4147
-4057
-3774
-3590
-3468
-3659
-4246
-4831
-4721
-3452
-1688
-62
1317
2526
3822
5124
5899
6062
5642
4377
2421
200
-1525
-2475
-2844
-2833
-2965
-3215
-3058
-2491
-1730
-891
-124
450
732
964
1575
2714
4072
4970
5257
5199
4885
4380
3625
2711
1716
598
-764
-2194
-3014
-2902
-2167
-1379
-966
-755
-368
144
555
823
1350
2200
3080
4012
4915
5664
5929
4813
1749
-2747
-7329
-10788
-12882
-13438
-12680
-11251
-9418
-7648
-5814
-3821
-2110
-947
-779
-1441
-2123
-2155
-1023
1149
3711
6197
7902
8364
7758
6455
4530
1709
-1968
-6134
-9952
-12522
-13375
-12352
-9577
-5433
-751
3425
6533
8543
9579
9570
8351
6061
3459
1621
913
1167
2187
3668
5029
5471
4551
2551
85
-2369
-4635
-6690
-8308
-8792
-7659
-5243
-1866
2098
5821
8608
9809
9385
8168
6641
4855
2743
474
-1521
-2913
-3491
-2888
-1168
898
2420
2695
1986
1036
404
-12
-576
-998
-989
-498
408
1650
3239
4727
5032
3521
831
-1520
-2445
-2382
-2268
-2374
-2665
-2972
-3376
-3742
-3510
-2825
-2468
-2953
-3864
-4008
-2939
-1002
1119
2740
3618
3801
3670
3681
4055
4269
3583
1854
-411
-2284
-3068
-3054
-2751
-2191
-1702
-1496
-1543
-1367
-242
1311
2193
2151
1795
1887
2605
3416
3902
4038
3863
3291
2190
972
212
-194
-831
-2132
-3610
-4345
-3960
-2667
-1155
51
715
799
806
1064
1646
2451
3062
3333
3589
4198
4903
5217
4500
2052
-2371
-7956
-12847
-15347
-15204
-13559
-11569
-9692
-7672
-5233
-2648
-393
1308
2063
1519
161
-968
-749
1298
4199
6506
7365
6883
5757
4271
2501
58
-3192
-6740
-9989
-12098
-12323
-10375
-6637
-1965
2466
5663
7365
8056
8362
8309
7476
5570
3126
1240
663
1457
2978
4448
5389
5067
3272
694
-1739
-3367
-4382
-5205
-6120
-6721
-6092
-3760
-266
3392
6467
8231
8710
8192
7072
5815
4548
3175
1424
-408
-2062
-3223
-3317
-2441
-1115
-68
384
463
381
367
440
535
648
647
418
76
-46
599
2100
3459
3838
3122
1741
406
-692
-1533
-2058
-2563
-3467
-4574
-5238
-5276
-4793
-4119
-3616
-3368
-3285
-2850
-1601
234
2190
3914
4865
4818
4207
3511
2941
2507
1852
800
-440
-1751
-2766
-3197
-3042
-2427
-1834
-1738
-2058
-2265
-1946
-1018
227
1376
2031
2202
2392
2805
3313
3713
3808
3107
1606
-304
-2098
-2918
-2935
-2538
-1981
-1814
-1766
-1329
-625
490
1712
2344
2373
1704
929
943
1607
2643
3553
3944
3805
3110
2256
1484
530
-1253
-4529
-8525
-11710
-12979
-11950
-9502
-6615
-4116
-2487
-1577
-1284
-1074
-596
-290
-581
-1222
-1445
-334
2133
4727
6377
6451
4936
2606
199
-1617
-2679
-3266
-3787
-4464
-4613
-3752
-1935
320
2179
3161
2954
1991
1150
979
1745
2906
3642
3809
3879
4133
4572
5032
5157
4687
3268
1042
-1163
-2676
-2946
-2285
-1528
-1068
-965
-720
-214
555
1632
2731
3347
3270
2835
2261
2016
2063
1858
1161
203
-596
-997
-646
236
1159
1755
1793
1530
1088
613
150
-324
-639
-980
-1219
-1092
-683
-9
445
276
-183
-618
-839
-944
-1234
-1602
-2002
-2481
-2983
-3424
-3540
-3506
-3477
-3364
-3075
-2273
-1147
-123
631
1087
1313
1500
1671
1864
2088
1988
1450
640
-187
-595
-639
-869
-1288
-1687
-1899
-1891
-1769
-1378
-766
-139
109
145
678
1802
2993
3752
3747
3139
2332
1373
541
-15
-275
-426
-766
-1092
-1090
-428
526
1086
1167
975
919
1131
1602
2255
2825
3020
2411
1504
1000
885
1086
1084
838
618
496
609
718
538
-465
-2708
-5930
-8839
-9953
-8861
-6299
-3727
-1865
-986
-1076
-1522
-1881
-1881
-1799
-1999
-2259
-2269
-1410
526
2807
4434
4748
3895
2429
1112
560
656
999
977
217
-1006
-2343
-3333
-3880
-4052
-4006
-4001
-3716
-2777
-908
1671
4010
5239
5192
4337
3247
2538
2566
3080
3570
3628
3224
2699
2364
2189
1912
966
-1023
-3376
-5236
-5813
-4780
-2753
-399
1423
2225
2507
2400
2144
2131
2166
2081
1629
1026
780
1288
2387
3542
4286
4092
2958
1150
-745
-2137
-2708
-2388
-1705
-1122
-573
15
665
1392
1944
1781
434
-1820
-4206
-5520
-4696
-2264
256
1700
1862
1030
-376
-1706
-2263
-1790
-1154
-1063
-1156
-749
593
2254
3163
2789
1363
-474
-2066
-2716
-2136
-652
603
851
56
-1131
-1847
-1952
-1511
-628
470
1177
1398
1723
2459
3520
4032
3286
1705
15
-1332
-2031
-1872
-1114
-168
513
289
-445
-732
-224
653
1190
1224
1020
814
829
1353
2324
3360
3743
3066
1706
210
-848
-1276
-1279
-1109
-1227
-1640
-1848
-1588
-641
613
1260
808
-890
-3284
-5481
-6807
-6771
-5379
-3183
-1455
-862
-1013
-1656
-2370
-2867
-3466
-4118
-4410
-3949
-2571
-643
1517
3476
4474
4289
3387
2232
1351
1192
1375
1232
381
-847
-1930
-2789
-3334
-3697
-3910
-3784
-3222
-2224
-906
768
2464
3485
3475
2752
2157
2188
3062
4554
5895
6658
6519
5429
3827
2116
476
-1008
-2293
-3551
-4479
-4711
-3967
-2177
-43
1577
1910
997
-218
-936
-764
174
1593
3078
4018
4397
4374
4294
4428
4263
3445
2084
446
-892
-1379
-1055
-255
387
370
-287
-1497
-2479
-2809
-2566
-1762
-993
-739
-1097
-1768
-2156
-1648
-349
721
907
235
-837
-1784
-2247
-1902
-742
548
1057
712
144
62
414
411
-224
-1415
-2699
-3427
-3140
-1615
640
2498
2833
1644
-31
-1268
-1563
-954
80
1080
1756
1873
1670
1862
2390
2528
1829
286
-1289
-2049
-1926
-927
538
1690
2139
1589
403
-486
-567
67
743
1187
1566
1742
1747
1648
1551
1606
1396
706
-244
-1135
-1586
-1558
-1316
-1028
-804
-857
-1068
-1066
-622
402
1641
2393
2135
677
-1511
-3783
-5548
-6119
-5413
-4171
-3288
-3269
-3955
-4723
-5152
-5113
-4648
-3956
-3280
-2429
-1252
125
1674
2924
3514
3179
2389
1993
2016
2577
3462
3792
2999
1080
-1527
-3951
-5514
-6038
-5564
-4447
-3065
-1637
-323
847
1765
2430
2776
2667
2471
2685
3404
4556
5755
6332
6052
4884
3123
1467
412
-133
-564
-936
-1325
-1620
-1642
-1487
-1231
-914
-720
-730
-720
-424
377
1440
2300
2784
2864
2890
3090
3408
3832
4244
4357
3987
3381
2678
1894
1015
-83
-1237
-2097
-2522
-2396
-1752
-960
-514
-874
-2049
-3341
-3775
-3050
-1740
-585
146
534
570
210
-182
0
676
1071
691
-33
-482
-546
-619
-924
-1263
-1640
-2041
-2459
-2506
-1839
-1000
-510
-513
-561
-379
-326
-272
90
733
1255
1259
898
779
1125
1385
1158
624
318
397
347
-22
-287
-159
159
213
50
32
305
580
492
301
326
447
517
521
466
548
592
400
112
-99
-310
-937
-1566
-1727
-1446
-902
-536
-296
78
424
603
953
1688
2544
2679
1429
-932
-3493
-5259
-5791
-5045
-3390
-1734
-1078
-1826
-3429
-4893
-5734
-5945
-5608
-4688
-3333
-1877
-315
1382
2896
3612
3202
2076
1275
1530
2631
3884
4621
4447
3326
1354
-979
-2772
-3415
-3238
-2827
-2173
-1368
-409
450
720
508
154
74
347
981
2035
3399
4645
5065
4690
4042
3292
2606
2222
2215
2468
2664
2363
1473
439
-550
-1334
-1760
-1930
-1639
-1209
-1010
-915
-969
-1085
-1305
-1576
-1643
-1228
-166
1410
3226
4800
5664
5536
4445
2885
1557
779
706
1080
1470
1753
1573
781
-503
-2111
-3738
-5167
-6125
-6200
-5112
-3100
-1018
259
506
-18
-1041
-2041
-2282
-1397
295
1849
2577
2629
2220
1379
242
-895
-1602
-1682
-1323
-839
-332
275
588
59
-921
-1714
-2118
-2144
-1973
-1533
-618
338
739
751
781
1041
1201
939
731
675
699
554
54
-39
466
1219
1807
1972
2062
2026
1452
375
-574
-1086
-1296
-1326
-1201
-537
453
996
754
27
-601
-1039
-1422
-1509
-921
-6
718
857
637
721
1249
1993
2590
3152
3231
2091
-78
-2594
-4311
-4636
-4099
-3096
-2036
-1612
-2151
-3623
-5219
-5949
-5898
-5464
-4750
-3686
-2118
-520
717
1546
1916
1924
1575
1504
2292
3838
5329
5691
4910
3354
1547
-191
-1467
-1917
-1836
-1511
-1330
-1082
-552
-317
-587
-1432
-2551
-2869
-2409
-1346
276
1994
3485
4056
3711
3043
2551
2378
2473
2819
3252
3738
3825
3273
2420
1387
527
-42
-510
-699
-955
-1485
-2216
-3206
-3956
-4205
-3906
-2982
-1779
-510
870
2058
2854
3262
3284
3233
3010
2789
2858
3251
3995
4386
3976
2756
868
-1243
-3291
-4683
-4647
-3292
-1671
-1170
-2023
-3440
-4624
-5043
-4699
-3553
-1902
-320
666
898
984
1187
1120
323
-544
-318
894
2423
3465
3526
2625
769
-1236
-2188
-1542
-1
987
931
338
-256
-808
-1458
-1780
-1363
-805
-420
-224
65
674
724
155
-360
-232
814
2168
3232
3886
3919
3249
1974
642
-30
-290
-206
112
570
1105
1188
585
-480
-1517
-2527
-3423
-3722
-3232
-2092
-1062
-529
-139
159
406
434
301
533
1140
1877
2568
3073
3069
2024
-76
-2276
-3643
-3815
-2909
-1655
-811
-1128
-2877
-5414
-7585
-8283
-7422
-5822
-4056
-2202
-596
307
365
-218
-721
-764
-101
1514
3812
6165
7576
7269
5251
2555
237
-938
-809
123
1330
1849
1574
858
-468
-2163
-3693
-4504
-4205
-2943
-1288
441
1826
2182
1435
150
-882
-1036
-49
1800
3872
5617
6289
5671
4326
2644
1238
468
419
1195
2020
2154
1286
-372
-2170
-3851
-4999
-5171
-4146
-2418
-974
-340
-398
-526
-448
-169
669
1959
3154
3830
3904
3952
4202
4024
3106
1905
1184
1183
1452
1597
1377
360
-1957
-4881
-6440
-5266
-2562
-895
-1337
-2748
-3719
-4166
-4176
-3285
-1415
187
328
-412
-192
1360
2551
2175
812
379
1329
2538
3398
3785
3496
1888
-664
-2190
-1399
608
1678
1010
-198
-900
-1267
-1710
-2038
-1614
-809
-525
-835
-652
623
1842
1809
834
385
1031
1806
1788
1419
1534
1654
1091
206
-80
367
511
-230
-1418
-2074
-2083
-2083
-2120
-1809
-982
-501
-873
-1396
-1278
-708
-399
-624
-807
-260
690
1633
2308
2518
1859
31
-2330
-3710
-3024
-993
822
1162
-45
-2135
-4337
-5766
-5925
-4898
-3461
-2308
-1595
-1157
-746
-730
-1470
-2466
-3062
-2552
-556
2406
5269
6631
5804
3511
1089
-63
517
1993
3443
4174
3773
2368
635
-627
-1239
-1453
-1614
-1843
-1735
-1120
-307
145
-279
-1530
-2975
-3594
-2600
-181
2762
5109
6146
5625
4064
2405
1258
1134
1803
2585
3037
3142
2873
2057
658
-1245
-3126
-4189
-4175
-3247
-1869
-721
-262
-658
-1488
-1970
-1715
-922
105
1300
2431
3034
3119
2783
2390
2224
2005
2018
2247
2357
1985
755
-669
-1161
-797
-646
-1352
-2650
-3543
-3728
-3509
-3072
-2366
-1665
-1742
-2493
-2951
-2191
-895
-136
-14
137
936
1750
2024
1917
1731
1367
858
805
1714
3176
3599
2253
124
-1116
-1011
-605
-439
-313
-47
-73
-695
-1245
-1038
-488
-501
-1234
-1714
-1068
175
1038
1157
942
746
437
118
251
1058
1773
1600
912
471
283
-32
-491
-696
-470
-440
-887
-1423
-1454
-931
-794
-1076
-1217
-950
-478
-351
-182
261
625
716
508
698
1507
1956
1570
390
-1017
-1780
-1862
-1267
-64
776
39
-2185
-4367
-5280
-4892
-3960
-3056
-2292
-1825
-1990
-2581
-2747
-2194
-1426
-1123
-877
153
1910
3573
4131
3528
2468
1538
1103
1446
2673
4012
4266
3064
1129
-350
-996
-1179
-1139
-1062
-1067
-1276
-1697
-1848
-1608
-1348
-1471
-1815
-1608
-561
1172
2807
3498
3405
2798
1970
1496
1692
2611
3911
4602
4011
2672
1512
723
122
-393
-691
-402
89
117
-181
-717
-1494
-2340
-3008
-2686
-1065
929
2073
2019
1422
895
450
17
72
1099
2549
3178
2729
2105
1582
476
-1279
-2428
-1833
-35
961
22
-1537
-2625
-3195
-3551
-3632
-2470
-939
-834
-1903
-2480
-1771
-854
-1058
-1826
-1327
580
2141
2346
1843
1337
469
-818
-1232
440
3064
4026
2644
478
-676
-670
-614
-636
-17
920
944
-124
-1071
-1018
-708
-1276
-2044
-1485
348
1950
1948
796
-80
-552
-824
-559
572
2154
2827
1989
527
-196
-10
91
-133
-368
-311
-98
-254
-444
-291
-108
-342
-890
-1015
-546
-69
34
9
250
727
1398
2128
2551
2116
503
-1502
-2829
-2853
-1584
123
1265
824
-1229
-3645
-5187
-5182
-4294
-3345
-2647
-2358
-2325
-2589
-2803
-2559
-2075
-1955
-1958
-1193
565
2688
3870
3619
2446
1048
210
380
1707
3539
4504
4003
2284
300
-980
-1435
-1386
-1099
-696
-560
-831
-1100
-922
-622
-895
-1604
-2044
-1536
-67
1566
2691
3240
3127
2325
1394
997
1601
2735
3468
3437
2647
1732
1071
758
726
448
-40
-641
-1177
-1162
-724
-177
76
-306
-839
-1121
-982
-253
410
754
841
628
682
1152
1800
2234
1982
1037
194
582
1628
2038
1386
109
-785
-1346
-1800
-1640
-946
-438
-955
-2356
-3219
-2822
-1889
-1579
-1981
-2047
-1470
-900
-729
-505
44
324
-118
-603
-113
1165
2004
1748
1285
1337
1670
1644
1144
1192
1744
1494
424
-501
-489
229
404
-27
-402
-416
-479
-1133
-1649
-1251
-327
5
-415
-765
-599
-272
-75
297
969
1635
1574
820
186
-123
-255
-250
-69
396
815
612
-75
-841
-1247
-1252
-1182
-904
-348
292
627
572
405
90
-179
-72
559
1426
1918
1648
526
-901
-2049
-2370
-1504
-42
772
118
-1615
-3531
-4695
-4850
-4244
-3030
-2044
-1736
-1898
-2415
-2746
-2708
-2673
-2539
-1928
-564
1358
2935
3455
2769
1386
232
-140
564
2017
3328
3797
2996
1583
589
74
-115
-49
-6
-17
-1
-284
-612
-661
-546
-532
-839
-985
-501
589
1470
1706
1742
1691
1458
1048
844
1261
2081
2600
2371
1756
1487
1540
1175
510
30
-118
-13
-192
-325
62
287
-169
-995
-1140
-226
771
1017
667
615
926
954
628
648
1462
2084
1974
1598
1496
1510
613
-1047
-1941
-1142
405
946
92
-1099
-1982
-2933
-3695
-3367
-1976
-880
-1431
-2829
-3140
-2059
-941
-803
-1088
-831
-51
483
610
1137
1942
1850
817
227
1101
2674
3166
2219
948
282
140
-170
-290
355
1083
842
-542
-1636
-1456
-861
-751
-1038
-836
-104
148
-452
-1210
-1161
-497
-42
107
434
1053
1109
128
-972
-1133
-330
486
712
604
504
285
-332
-992
-878
29
710
668
429
337
490
473
-116
-418
18
785
1391
1578
1354
485
-1263
-3110
-3461
-1901
446
1632
643
-1626
-3949
-5331
-5389
-4336
-2576
-1172
-1127
-2205
-2998
-2670
-1871
-1483
-1667
-1639
-711
854
2447
3538
3635
2473
537
-771
-327
1669
3718
4365
3523
1890
305
-692
-761
42
839
1005
292
-616
-795
-430
19
-77
-688
-947
-637
40
922
1794
2376
2113
1088
158
31
858
1959
2585
2356
1541
845
570
697
894
1027
779
45
-514
-556
-10
705
745
56
-586
-588
69
742
1089
1114
904
620
360
732
1637
2048
1427
307
-171
491
1316
1245
562
-65
-540
-1270
-1943
-1849
-1237
-977
-1597
-2335
-2186
-1566
-1534
-2278
-2751
-2262
-1379
-777
-413
85
409
39
-654
-719
229
1379
1831
1575
1364
1361
995
380
62
466
1072
969
488
250
402
462
-228
-1121
-1428
-1286
-1088
-879
-522
14
282
-261
-1184
-1549
-1116
-473
-75
299
620
664
403
-44
-257
7
205
222
260
242
277
25
-399
-549
-297
262
549
404
170
-36
-103
-158
-329
-84
452
785
1022
1090
956
408
-755
-1892
-2209
-1433
-124
543
-5
-1340
-2895
-4030
-4227
-3533
-2237
-1111
-1035
-1820
-2377
-2257
-1724
-1251
-1113
-915
-438
330
1335
2256
2652
2108
882
-93
31
1261
2729
3446
3160
2108
805
-97
-278
288
925
987
394
-350
-508
-111
419
679
403
-222
-695
-638
98
1138
1885
2080
1672
977
623
885
1491
1994
2010
1559
1108
975
1084
1166
913
516
3
-563
-563
-23
662
850
211
-655
-1120
-803
-190
204
501
694
746
620
534
672
776
378
-300
-408
390
1394
1463
652
-345
-1084
-1486
-1680
-1379
-803
-585
-884
-1478
-1760
-1663
-1773
-2273
-2703
-2358
-1361
-357
120
128
-38
-624
-1277
-1279
-328
1140
2080
2127
1663
1119
769
464
350
676
1194
1423
1084
602
488
558
311
-235
-657
-642
-364
-53
194
418
556
134
-666
-1097
-886
-255
265
315
244
144
-36
-354
-631
-406
7
198
-110
-494
-486
-393
-312
-329
-71
328
223
-197
-493
-191
252
276
-8
-299
29
513
658
763
478
-521
-1966
-2915
-2391
-702
763
730
-674
-2410
-3736
-4245
-3713
-2188
-664
-364
-1336
-2426
-2519
-1933
-1399
-1331
-1334
-809
-57
842
1883
2594
2362
926
-665
-851
596
2547
3664
3668
2794
1270
-261
-860
-61
1356
1979
1298
232
-264
-80
266
329
277
218
-111
-479
-140
1020
2107
2233
1450
642
436
684
1166
1735
2101
2024
1301
432
433
1050
1401
1172
378
-373
-638
-582
-81
732
1172
661
-373
-888
-605
153
702
814
819
739
624
483
455
568
333
-323
-704
-201
773
1276
851
-238
-1396
-2196
-2354
-1872
-909
-108
-270
-1146
-1935
-2215
-2194
-2160
-2096
-1650
-978
-505
-225
-147
-115
-322
-773
-874
-285
819
1770
2083
1666
946
228
-167
83
753
1487
1655
1214
621
246
153
10
-161
-323
-405
-255
14
449
788
502
-394
-1353
-1571
-961
2
762
1073
836
163
-459
-673
-228
298
482
178
-441
-604
-447
-198
127
243
51
-323
-598
-514
-110
150
-106
-549
-597
-133
424
735
795
453
-566
-2054
-2687
-1662
34
1046
586
-816
-2174
-3060
-3255
-2793
-1624
-530
-690
-1809
-2619
-2311
-1449
-1112
-1293
-1268
-889
-418
179
1129
2096
2251
1149
-419
-769
430
1971
2757
2792
2499
1634
261
-682
-295
957
1669
1159
189
-88
268
463
283
194
266
11
-525
-531
476
1715
2001
1234
283
-14
326
775
1254
1783
1941
1313
352
111
700
1362
1331
579
-83
-310
-189
166
603
863
577
-178
-875
-859
-36
746
925
748
517
381
256
-53
-255
-145
122
440
812
1194
1189
603
-262
-936
-1162
-796
-222
188
300
-59
-513
-1031
-1588
-1848
-1780
-1484
-1066
-441
128
255
-57
-559
-967
-977
-573
4
579
963
1154
1002
548
161
-57
-38
145
343
535
640
701
575
295
-59
-433
-755
-937
-656
-113
463
777
386
-439
-1171
-1470
-1159
-404
330
727
709
235
-370
-565
-423
-212
-57
-60
-122
-215
-137
-37
-55
-34
-128
-287
-475
-438
-97
106
-76
-502
-679
-497
-218
80
325
330
-151
-1249
-2154
-1905
-859
145
409
-117
-846
-1525
-2136
-2342
-1748
-923
-671
-1099
-1600
-1392
-679
-343
-748
-1221
-1247
-1014
-548
228
1297
1983
1476
233
-665
-497
460
1347
1809
1884
1573
833
-49
-222
409
990
941
423
285
670
996
979
747
570
339
55
7
539
1441
1810
1424
823
578
745
926
876
936
1157
990
583
424
759
1231
1081
364
-265
-511
-437
-232
-32
299
609
483
1
-254
-20
174
-18
-473
-575
59
755
1109
1101
778
283
-265
-488
-114
679
1128
877
283
-158
-262
-322
-428
-543
-614
-614
-590
-419
-87
-27
-507
-1162
-1451
-1213
-625
15
391
443
116
-441
-814
-798
-262
440
753
556
143
-129
-252
-88
279
468
354
-84
-443
-507
-295
85
301
251
-134
-574
-675
-266
125
151
15
-246
-366
-229
90
381
510
177
-495
-897
-862
-376
72
155
18
-343
-771
-1086
-1062
-770
-489
-324
-447
-654
-642
-430
-383
-474
-457
-469
-460
-347
23
572
819
552
-114
-787
-1062
-869
-321
259
521
301
-346
-1101
-1583
-1672
-1369
-903
-700
-633
-609
-658
-602
-631
-852
-1026
-1013
-769
-229
431
920
987
594
76
-100
148
512
885
1134
1151
987
793
733
812
942
856
564
355
477
822
1052
1033
863
757
573
295
289
508
736
885
879
881
1009
924
559
292
261
365
555
847
1067
1001
706
265
-114
-219
-84
84
184
280
300
292
179
-157
-521
-612
-513
-271
268
771
950
651
65
-413
-567
-279
181
716
1092
936
462
-122
-496
-489
-245
9
151
252
205
49
-191
-449
-676
-932
-1036
-872
-444
-19
94
-108
-574
-974
-1057
-827
-405
88
473
406
74
-346
-713
-555
-156
151
432
482
325
-40
-366
-323
-115
68
73
-42
-114
-61
-15
-46
-29
-117
-356
-507
-464
-191
155
256
-15
-400
-541
-423
-195
-68
59
1
-361
-667
-826
-579
-306
-309
-419
-579
-614
-633
-538
-399
-191
-71
-254
-335
-258
-72
71
-26
-98
-99
24
201
179
143
113
-154
-630
-878
-614
-113
182
153
-17
-301
-677
-789
-604
-306
-13
0
-148
-124
39
99
-15
-243
-356
-323
-168
172
610
833
672
285
-120
-122
165
470
611
544
575
443
289
473
634
680
609
367
338
509
692
923
1017
925
699
506
507
577
705
723
514
376
308
276
281
280
204
-81
-355
-449
-368
-38
286
245
-166
-614
-852
-829
-442
47
396
364
58
-124
-158
21
227
373
481
422
420
527
748
939
766
313
-180
-271
-63
271
607
559
255
-231
-627
-641
-368
-2
-22
-336
-482
-536
-504
-373
-256
-114
-176
-427
-536
-420
-124
110
48
-117
-140
-151
-183
-139
-68
-5
-26
-260
-482
-369
-65
11
-158
-212
-263
-326
-377
-365
-42
205
226
39
-206
-201
-78
52
38
22
87
35
-42
-117
-20
62
-190
-453
-565
-498
-223
-56
-221
-386
-461
-586
-706
-672
-424
-247
-245
-342
-354
-184
-26
49
0
10
124
81
34
109
159
211
171
81
163
247
232
84
-99
-136
-60
58
201
343
266
35
-200
-390
-340
-87
108
102
27
-80
-169
-125
-106
-5
-3
-128
-106
-151
13
172
133
79
-130
-197
-171
-116
79
244
304
155
-75
-100
-43
70
260
324
266
203
241
277
289
360
301
167
185
375
600
742
664
419
132
-97
-129
117
549
687
524
163
-225
-271
-134
53
263
388
351
197
122
206
369
430
402
381
330
369
484
574
554
442
310
155
104
187
318
334
189
-8
-116
-59
-12
57
214
188
-30
-242
-293
-94
73
104
137
116
27
-141
-311
-337
-207
-22
27
-99
-237
-284
-321
-516
-610
-498
-437
-456
-481
-401
-312
-336
-453
-522
-545
-545
-436
-347
-293
-152
-82
-148
-207
-256
-219
-118
-157
-115
0
-55
-113
-91
-61
-213
-429
-498
-461
-375
-336
-336
-392
-377
-513
-702
-668
-555
-371
-285
-283
-300
-220
-36
-35
-68
7
-91
-150
33
204
414
502
428
297
174
200
180
97
239
464
514
494
423
310
254
50
-118
7
180
390
495
427
271
32
-151
-241
-157
26
149
293
274
150
139
70
-58
-108
-83
25
117
171
337
382
264
21
-201
-183
-104
62
249
358
457
395
254
254
271
316
339
358
466
639
839
804
589
305
66
4
63
289
542
615
444
82
-133
-133
-156
-125
-38
80
164
85
10
-41
-78
-150
-331
-323
-137
28
191
237
174
162
46
-220
-285
-73
173
256
144
-97
-144
-161
-242
-152
-96
-18
-110
-369
-323
-131
-89
-164
-270
-304
-156
-25
-124
-182
-171
-292
-434
-460
-342
-156
-75
-181
-383
-501
-472
-394
-348
-255
-274
-407
-452
-462
-329
-223
-273
-329
-367
-291
-120
-32
-37
-53
-102
-94
-11
90
280
337
161
-8
-52
17
58
21
31
88
13
-107
-101
-113
-148
-179
-239
-271
-244
-158
-93
-63
-119
-169
-149
-167
-49
100
76
130
107
82
220
125
125
317
266
235
206
102
138
188
271
290
242
237
178
199
198
174
221
219
166
63
93
151
158
185
43
-75
-60
13
142
193
221
171
44
-24
-74
43
201
244
266
192
115
78
82
145
212
197
197
217
174
282
358
276
186
128
132
163
263
328
295
292
207
130
102
126
260
274
190
11
-129
-109
-11
88
117
118
-28
-266
-397
-383
-210
-79
-99
-182
-221
-193
-259
-272
-179
-183
-209
-304
-401
-333
-244
-196
-195
-310
-417
-431
-403
-335
-271
-206
-212
-301
-273
-155
-94
-97
-172
-141
-125
-96
-68
-176
-78
-8
-117
-184
-260
-269
-151
-102
-106
-74
-131
-176
-214
-243
-47
13
-58
-43
-116
-155
-131
-110
-70
35
69
46
97
50
61
84
90
158
203
315
284
209
163
186
180
128
208
180
130
111
151
108
57
91
5
46
133
125
118
87
44
11
53
115
35
-68
-38
117
220
189
122
71
24
-11
0
63
202
239
131
43
53
96
68
110
107
75
110
38
62
115
87
138
40
-109
-72
-56
-27
-63
-142
-97
-166
-212
-66
13
-80
-177
-180
-203
-155
-89
-81
8
46
33
-41
-154
-211
-155
-26
-12
-10
62
21
-39
-43
-94
-16
25
4
130
230
229
110
28
21
-18
-23
62
194
177
105
-19
-137
-137
-143
-27
9
-28
31
-12
-81
-140
-101
-22
-92
-112
-52
-24
-37
-108
-186
-205
-157
-195
-194
-118
-158
-131
-94
-124
-135
-93
-88
-101
-66
40
144
226
294
93
-51
1
17
145
267
223
212
138
13
-35
49
86
-48
-21
5
22
130
77
53
29
-146
-209
-223
-120
73
61
39
70
22
-42
-80
-25
73
151
212
178
129
201
226
112
124
164
52
5
78
184
213
117
6
-52
-113
-65
74
70
84
81
-19
-3
-53
-70
-18
-21
73
54
-71
-55
-10
32
119
31
-77
-154
-260
-165
-54
-62
-36
-49
-144
-254
-221
-138
-149
-101
-143
-112
-23
-46
8
-4
-8
-55
-126
-91
-53
30
76
47
3
-12
-72
-86
-22
-1
87
26
-29
7
-44
-20
-30
-112
-63
53
21
80
118
34
-9
-100
-70
-19
68
236
210
122
68
59
55
12
28
32
4
99
164
164
128
81
33
-57
-13
-71
-107
39
160
270
170
-16
-18
37
111
206
162
114
180
222
152
112
161
92
-25
-63
-75
-45
0
73
94
8
-53
-126
-127
-82
15
134
105
71
32
-2
20
11
-5
6
-40
-55
112
230
149
26
9
29
3
-18
-16
31
0
-23
-23
-113
-93
-47
-67
-102
-119
-95
-127
-187
-119
-15
26
14
-92
-165
-187
-136
-26
-8
10
-30
-68
54
-11
-61
90
36
-15
-56
-105
-95
-66
47
-10
-139
-141
-134
-66
12
-26
17
37
-8
51
20
-70
-27
73
77
-8
-67
-50
-11
-44
-91
-66
-128
-91
35
40
65
-35
-60
-47
-40
18
-45
44
39
4
77
-38
-74
23
57
64
29
-6
55
76
-47
-18
84
3
-6
19
5
70
150
150
137
128
94
106
111
100
123
158
148
133
154
123
5
-61
7
22
17
97
103
48
3
0
-7
19
18
-62
-62
-124
-164
-85
-61
-109
-77
2
-59
-36
11
-28
70
75
-56
-30
46
158
269
139
-23
-7
-44
-71
-11
17
120
102
-48
-51
32
-7
-58
-37
-40
-50
-29
-35
-79
-46
-44
-50
-13
-8
37
13
-20
-46
-75
-15
-33
-22
35
63
29
-71
-79
-83
-25
37
-27
-2
33
46
57
6
0
-11
-44
-52
-30
74
102
36
25
0
24
24
-26
-24
30
120
36
-59
38
70
-42
-130
-137
-101
-42
-46
-70
-79
-160
-119
-120
-145
-57
-132
-165
-164
-172
-96
-117
-57
38
39
54
37
46
13
-6
78
104
61
24
56
76
32
12
-88
-118
-53
-15
42
77
89
76
91
64
30
100
100
91
127
78
15
56
65
28
9
-26
13
7
5
80
79
93
79
-12
-54
-15
86
94
-25
-45
-44
-47
20
15
13
10
17
-6
-76
-30
22
102
104
64
112
79
97
62
-52
-34
-41
-97
-60
57
57
-4
-37
-98
-131
-141
-176
-168
-93
-67
36
43
-23
62
-1
-78
-104
-156
-160
-160
-35
70
52
98
6
-156
-126
-132
-141
-112
-27
60
38
44
74
1
-72
-112
-197
-171
-148
-42
56
30
69
-8
-75
-99
-66
9
0
99
106
19
34
-24
18
91
17
39
-4
-12
54
-4
98
144
87
119
58
111
163
-8
19
141
131
81
14
68
174
146
55
6
20
34
28
93
145
107
8
7
0
-80
-75
-39
-31
-64
-32
-11
-8
-11
-52
-31
-55
-67
-80
-69
-10
-41
-45
10
49
46
4
-77
-111
-53
-64
-60
31
88
77
59
-10
-33
-12
-137
-159
-84
-14
121
148
106
41
23
31
-26
-40
-65
-34
50
76
60
51
19
-23
-102
-141
-86
-75
-38
-9
51
94
80
17
-61
-37
-42
-49
26
24
-40
18
79
79
34
7
70
2
-42
27
-24
-27
40
66
146
163
-22
-134
-185
-167
-93
-141
16
141
39
-36
-47
-20
-152
-251
-149
-97
28
111
79
134
109
6
-90
-83
-4
61
80
120
149
98
160
155
32
-10
-34
-26
-24
-51
26
81
113
120
59
25
-13
-63
-130
-103
-44
-38
14
49
87
66
20
8
-54
-59
-55
-16
41
77
146
115
100
87
-40
-62
-78
-135
-67
11
13
76
144
88
76
-11
-62
47
47
9
23
56
66
33
33
34
-32
-70
-66
-72
-102
-122
28
98
9
26
13
-45
-135
-160
-60
-97
-49
26
-15
-21
-116
-162
-123
-87
-87
-94
11
41
26
57
-44
-129
-65
-89
-86
19
7
-5
-9
-71
-60
-108
-103
-4
-3
-7
-23
0
-6
28
116
16
-14
30
-11
54
105
52
46
26
19
14
-69
-7
109
63
8
-9
-61
-46
-5
-11
55
100
65
28
8
56
12
-44
25
-17
26
68
-3
109
63
0
13
-64
-58
5
116
136
67
47
51
22
-3
-16
-91
-52
-19
-50
20
25
20
-1
-73
-115
-140
-39
-14
-25
97
120
92
-47
-121
-67
-91
-40
-53
-46
14
41
136
49
-66
-83
-163
-102
27
88
125
75
46
62
-31
-20
-45
-80
24
57
39
51
82
19
1
-31
-41
-10
28
52
-14
30
-11
-40
-31
-17
97
79
22
57
58
26
-6
-36
33
73
47
58
134
128
41
19
-50
-114
-91
-17
86
50
45
126
-32
-62
-1
-99
-130
-134
-82
2
-20
-49
-18
13
1
-15
-30
-124
-94
4
17
61
67
75
111
2
-85
-37
-89
-65
-23
-90
-16
0
21
28
-46
-11
-59
-62
-3
-11
25
-3
-37
-59
-44
17
-4
-43
-83
-49
-24
-55
-34
-46
-4
43
14
-15
38
35
-19
-7
-77
-73
1
23
86
60
39
29
-58
-41
-35
8
60
94
146
130
79
21
2
-54
-38
4
30
127
95
36
99
30
-34
-21
-71
-2
45
28
75
61
85
35
-55
-2
-2
-17
-47
-21
-15
-64
10
30
5
-22
-37
-11
-50
-30
-33
-28
-2
-59
-46
13
87
52
14
-19
-101
-58
-9
-40
-9
94
67
14
29
0
-6
20
-49
-43
-7
-45
2
18
-44
-51
-37
-57
-17
-24
-27
20
-33
-26
21
0
13
-14
-71
11
10
33
65
-73
-9
2
-63
-43
-62
-18
-4
57
90
74
45
-34
-95
-136
-50
8
29
51
-22
3
24
-9
-7
-61
-49
-43
-42
14
23
17
33
94
9
-36
-20
-125
-19
27
12
53
44
69
-21
-70
-56
-40
59
30
-14
37
39
32
6
0
53
90
69
77
123
53
17
24
6
36
23
37
60
46
-48
-104
-61
-15
20
63
117
100
-19
-116
-10
-7
-20
-10
-17
62
-15
23
42
-36
11
-67
-95
-34
26
111
83
104
94
29
36
-32
-133
-96
-30
16
47
56
59
-20
-19
-47
-76
-8
-17
57
58
0
45
6
-6
-16
-53
-17
1
-36
-83
-59
-25
25
8
-27
0
-64
-10
1
-74
-33
-47
-8
5
-77
-94
0
-35
-110
9
32
23
29
4
-46
-48
11
6
33
11
14
42
1
4
-46
-83
5
45
-24
-27
4
-3
11
6
45
15
-29
-12
-36
8
19
-50
-70
29
44
39
58
17
-6
-44
-2
0
70
115
6
38
36
46
47
6
16
-9
22
-32
-48
0
-4
73
98
33
-56
-80
-21
0
-21
24
69
-10
20
-23
-115
-11
-16
-57
-41
2
1
-96
-52
-13
-44
-6
13
22
-21
-77
-100
-100
6
27
15
41
-24
-57
-64
-24
15
-8
22
25
52
66
-14
-31
15
46
60
32
-75
-51
14
59
76
37
92
72
37
-5
-26
61
68
87
76
38
56
8
-15
-23
-32
-5
-17
-28
-19
-16
51
46
-43
-71
-5
71
-34
-104
-67
-9
21
11
28
-60
-60
-8
-70
-19
69
59
79
79
-9
26
48
39
74
59
122
16
-76
-6
-35
3
-21
-30
69
69
18
-49
-66
-37
-54
-9
53
10
-16
-6
38
-11
-146
-123
-48
-53
-47
-38
-49
-4
-19
-27
-33
-57
-42
-39
2
-16
-5
-5
-58
14
33
-29
-53
-31
-6
0
-7
5
10
-7
-8
0
56
21
15
49
-24
-25
43
37
-71
-81
26
99
38
-37
-1
11
-6
-34
12
36
0
31
15
36
79
9
11
35
51
42
-14
27
48
16
16
47
35
21
1
-26
15
36
47
2
-17
37
34
-18
-53
22
101
56
40
19
-51
-14
14
-3
0
27
50
69
47
-28
17
7
-76
20
-1
-30
96
18
-35
20
-24
-20
-41
-35
22
26
66
56
-27
-41
74
27
-51
-3
-1
46
40
-11
3
27
-12
-36
-80
-53
45
-5
-4
-16
-75
-47
-30
-69
-91
-66
-39
-78
-140
-50
-7
-68
-63
-33
-37
-51
-22
-37
-80
-101
-48
43
0
-20
-20
-32
14
-66
-104
-24
14
30
53
-17
-22
23
3
105
18
-83
17
50
28
-7
-5
88
81
8
78
71
-16
-25
3
37
79
57
13
66
45
0
18
-9
-51
8
61
25
92
49
-19
38
0
-1
25
-17
-10
79
108
47
11
13
6
-9
5
34
41
94
127
57
-12
-1
-20
-33
6
52
105
18
-40
-23
-31
-5
-28
-22
8
-10
-11
7
-25
-35
-10
-27
-31
1
9
-50
-20
-17
-42
-9
-50
-23
2
-1
-15
-27
12
-57
-52
29
19
15
-15
8
12
-64
-15
4
-43
-40
-50
-16
12
-39
-45
-7
-42
-80
-36
19
6
-52
-26
10
-17
-67
-69
9
1
-28
-15
-27
-57
-38
-16
-17
55
25
41
92
-11
-5
8
-11
63
43
33
42
6
80
36
-42
-2
25
59
20
57
74
-17
11
7
32
60
8
0
-43
-40
3
12
8
8
-38
-20
24
-43
9
37
0
78
-4
-106
9
37
-32
-50
-13
68
47
-64
-29
54
-41
-34
42
20
42
-2
-3
79
37
1
20
-22
-10
-11
7
26
0
55
50
34
10
-6
-28
-51
29
33
13
74
16
-36
-30
-120
-31
36
-39
43
3
-36
-45
-60
49
-45
-51
18
-14
17
-24
-41
-34
-7
31
-5
-35
-52
-45
-12
-3
5
6
-39
-31
-18
-9
-31
-45
15
-1
-43
-17
-22
-96
-20
64
0
34
47
-60
-103
-54
-8
-29
18
71
51
32
12
-30
-85
-53
5
37
52
46
50
53
35
-20
-1
13
-47
-35
37
83
52
-7
24
12
-29
16
-38
-37
62
50
17
-10
22
46
-35
-63
15
22
-18
49
30
-55
-60
-6
27
-25
43
86
20
-6
-29
40
15
-30
73
66
41
-4
15
62
-61
-38
29
35
39
1
21
18
12
53
-26
-22
86
18
-10
16
30
14
-45
-1
-6
-49
-1
19
0
-39
-32
42
7
-14
-12
-49
5
78
31
4
-4
-58
-17
52
-36
-95
6
21
19
-4
-22
-13
-21
32
-6
-57
-3
23
-14
15
-7
-76
10
41
-48
-103
-58
-33
-46
-7
20
34
-33
-46
28
-34
-32
18
-25
-10
25
-8
-66
0
59
-60
-42
22
4
71
-26
-93
0
19
76
70
-3
-4
-5
-17
-8
-24
-21
-8
-4
15
-24
25
24
-60
30
-26
-60
58
21
5
-12
-30
11
-9
2
-17
-52
0
10
21
37
-15
-28
49
6
-42
67
87
20
-9
25
50
-7
-12
12
26
0
0
45
41
20
15
32
-22
-53
35
69
37
21
-5
-3
-11
-46
-6
37
-8
-34
-9
-20
-1
-18
-62
-16
-1
7
-8
5
1
-63
-7
-22
-30
0
-22
-38
-26
-7
-13
-23
-48
32
10
-63
-17
-32
2
41
-1
36
16
-7
-32
-97
40
35
-10
17
-30
21
-45
-28
32
-46
17
23
14
56
-27
-70
-36
36
74
-22
-37
11
-38
-23
29
-11
-25
16
-13
-3
-9
-17
42
35
6
-39
7
42
2
-20
-6
-8
-45
66
46
-68
-35
-24
0
38
-4
11
7
-30
-11
-27
19
41
-3
0
-36
-22
19
1
-7
0
-7
0
-29
12
85
-32
-11
49
0
37
1
-6
55
-16
-39
48
36
23
-25
-72
-2
5
29
28
-34
-21
19
23
-34
-60
12
31
-3
-11
-48
-16
41
-61
-73
-12
-19
37
-23
-31
-5
-43
31
-11
-29
43
32
-15
-55
17
21
-45
-7
0
19
23
-21
1
5
-58
-7
57
-5
10
43
-3
-24
9
-6
-28
24
15
-34
-52
-18
-7
-17
-4
2
16
-35
-27
-6
-20
-2
-16
0
21
-13
-35
-1
-45
-49
-1
-13
46
4
-61
13
4
-16
0
-12
28
7
11
75
-4
-84
-35
28
25
-18
-41
7
66
3
-22
6
-20
61
27
-74
22
49
-32
7
26
1
35
-9
-15
15
-15
-33
5
36
41
46
40
16
-40
43
69
-17
28
12
-13
8
-2
67
34
-33
43
47
25
11
-45
-8
3
-23
50
99
80
-17
-43
-25
-50
-6
-1
27
28
-41
33
32
-76
-31
7
-36
1
36
-7
-34
37
26
-93
-40
28
17
36
-3
-36
18
-24
-64
12
3
-23
-5
27
38
28
-16
-25
-24
-37
38
60
37
-19
-40
10
-3
-18
-43
-39
26
41
10
-25
-33
-28
-25
-12
8
16
17
24
-26
-24
39
-33
-49
-29
-32
26
27
-10
-2
17
-4
18
32
21
-27
-10
78
6
48
79
-18
24
17
15
21
14
17
-44
-4
95
70
28
-8
-30
19
41
7
23
35
-8
11
53
15
-76
-20
46
1
15
6
13
11
-25
29
14
-3
15
-1
75
34
16
52
-49
-22
11
2
38
-2
1
19
22
9
-32
0
0
-43
-30
50
43
9
16
-55
-44
-59
9
99
12
-33
-81
-22
2
-19
44
5
9
49
2
9
4
-26
-24
-18
42
68
71
25
-49
-6
8
-16
58
0
-71
27
1
21
18
-18
21
-28
-5
-50
-43
42
-10
-39
13
30
-38
-30
-33
14
38
-49
18
20
-49
-21
-2
6
-14
23
52
10
53
32
-28
-9
-22
25
72
18
23
-4
-33
25
18
38
5
-48
-29
-10
34
-3
-11
-12
-39
43
45
4
-22
-47
-16
-19
-43
-35
16
26
4
-53
-42
60
15
-23
-12
-11
30
-8
-19
4
16
36
-1
-6
53
52
-38
-103
-60
8
-12
-11
25
27
18
-53
-38
13
-73
-72
5
47
21
-102
-49
29
-29
37
-50
-104
25
33
0
-60
-58
0
18
28
76
9
-52
59
46
-25
14
-2
-2
25
27
31
-26
-18
19
10
-16
-26
23
7
-17
-12
3
4
-58
-32
46
42
20
-38
-47
-34
-40
-24
-63
17
58
-5
23
26
2
-15
-7
1
9
63
69
41
19
6
16
12
47
-23
-30
29
78
48
-128
-10
69
5
-3
-14
31
14
-1
-19
-20
-58
-44
18
-39
-4
22
-20
-12
-42
-72
-55
4
15
12
69
25
-24
-22
11
36
27
-21
-35
51
72
46
-59
-67
3
0
64
20
-18
5
-5
7
-30
-55
-12
54
-7
-8
7
-72
-22
20
-60
-144
-26
63
31
-4
-27
-41
-83
11
23
13
56
-3
24
47
5
-31
-32
14
39
61
72
85
-21
-73
5
-23
11
35
45
75
39
14
-33
-47
-48
5
17
6
27
-52
-35
-4
-38
-59
-69
-16
24
48
-4
-64
-39
-24
-35
-6
62
48
24
-17
-10
24
9
-20
-49
-6
54
109
29
-28
20
25
-3
12
9
-16
62
57
-33
-27
-10
-16
0
-41
-26
25
-16
-56
-23
-9
-63
-45
-23
-36
29
48
-1
-12
-67
-77
7
27
33
0
-29
46
62
-45
-9
46
1
36
24
60
46
-19
-32
9
47
-2
94
43
-57
-7
-37
-7
37
21
-42
-75
17
28
-39
-8
-33
-45
-1
21
0
-34
-4
-22
1
16
21
30
-17
36
62
20
-11
57
57
-50
-15
50
82
99
95
17
-17
-27
14
77
-5
23
87
36
15
-13
-64
-35
-40
14
64
17
-16
-77
-30
-21
-63
-48
36
56
1
17
-33
-28
-21
-38
18
53
22
-45
-4
68
40
15
8
-26
14
82
42
18
6
9
33
34
45
-18
27
-1
-60
22
-7
-6
-7
-83
-61
63
35
-76
-27
10
-49
-37
-6
-27
1
-15
-12
2
-41
-24
-6
-22
2
29
-3
3
33
27
-23
-25
47
47
35
30
63
39
-33
-38
-61
39
63
-10
26
3
-19
-2
-49
-11
-3
-43
43
11
-17
-12
-38
-14
-49
-22
42
46
-9
-66
-52
4
0
0
26
17
69
36
-20
5
8
-1
38
14
-19
74
56
44
40
-54
-30
-34
-46
65
46
-21
1
-7
16
-14
-89
-74
-16
32
7
28
1
-83
-68
-64
-6
14
-13
-14
-6
63
-28
-81
27
-22
-17
67
47
-12
3
62
20
15
27
23
8
-52
-12
42
60
16
-23
11
-31
-29
35
-40
-66
5
3
5
-5
-47
-25
-29
-61
-11
3
-26
-57
-52
-8
-49
-8
49
-24
-7
8
-10
58
23
-6
26
22
32
-13
-15
62
62
39
-4
-25
16
43
7
-15
-11
-7
64
68
-3
-12
5
-70
-51
20
-22
-27
-19
-41
-37
-15
-5
-32
-46
-27
17
64
-20
-5
17
-29
-15
-48
4
38
64
32
-23
20
-22
5
12
-45
38
83
41
29
48
50
0
-46
-69
-51
23
33
-16
30
21
-44
-44
-28
-16
-29
-8
20
36
64
31
-43
-105
-45
-23
-25
79
48
28
-1
-35
26
-13
-41
24
23
93
87
16
58
-46
-17
9
-75
-25
-17
49
62
-12
-9
-33
-16
29
-49
-58
20
19
7
-2
-8
-84
-80
-9
-36
-13
29
25
-54
-10
20
-81
-12
50
53
82
61
-35
-18
0
-60
-8
-32
15
100
54
41
-3
-35
-14
12
16
-5
31
40
35
5
-46
-7
-52
-54
-39
-75
43
10
-76
-1
65
33
-43
-67
-45
7
10
-6
-30
-9
43
-12
-66
-43
-17
-32
-36
30
36
43
106
10
-37
0
-38
17
-2
-17
25
29
49
-51
-20
0
-98
-29
4
85
109
-13
-20
51
14
-89
-29
43
61
3
-52
-35
25
-7
-73
23
-3
9
105
39
-9
0
-47
0
42
-26
18
8
3
11
-21
29
-66
-90
-27
-41
67
70
-10
34
51
-15
-71
-72
-57
14
39
17
65
-6
-59
-29
-51
-11
3
18
59
50
-4
-11
30
-4
-19
-2
25
25
-22
7
29
14
25
-21
-26
38
-14
-22
19
33
41
26
5
-64
-53
-7
0
8
28
43
8
-8
-65
-102
1
57
29
-14
2
3
-43
-34
-18
-59
-57
41
53
25
-8
-6
-8
-35
0
-29
-43
17
25
27
27
5
32
-20
-26
4
-36
36
62
91
69
-3
29
0
-52
35
77
8
-5
4
45
29
-26
-38
23
43
20
52
-27
20
54
-65
-75
-24
24
-48
-36
19
-39
-2
0
-40
-42
-28
-3
-41
-13
62
67
46
-32
-73
1
-3
-52
18
19
-32
31
54
38
53
-22
-12
40
21
101
46
-7
37
-12
-37
-35
3
14
-20
-8
18
9
22
30
-70
-57
-4
10
60
52
20
-26
-37
-30
-54
-82
-34
-16
-12
9
1
47
27
2
-5
-27
-12
44
47
-3
-52
-63
34
20
-16
-11
-39
15
-36
-64
-3
-6
31
44
0
14
75
43
-35
-62
-12
19
-50
-59
9
13
-21
40
65
59
36
-57
-13
-3
34
21
-15
112
89
31
-21
-77
-39
-49
-52
27
4
-27
33
4
-52
-13
41
-14
-40
20
-13
-74
-22
-22
-60
-49
-43
37
-18
-40
43
-45
-63
0
31
18
-2
6
44
74
73
55
-21
-23
26
3
-4
30
31
12
20
20
53
64
36
22
-27
-10
-8
-18
7
-10
0
55
39
-12
-69
-98
-56
-60
-30
-26
11
31
-29
-22
-64
-3
43
-2
-20
-19
0
-23
-10
-22
0
13
-9
26
45
38
-13
-72
-34
4
23
75
19
33
69
11
7
9
-40
-106
-36
38
31
26
-21
-2
-22
-88
-15
31
30
36
-6
1
7
-37
-38
7
44
10
16
0
-40
1
-13
-29
-32
-37
52
108
10
-22
44
7
17
14
-9
3
-79
-84
50
32
-4
12
-25
-6
-83
-43
49
-14
-13
19
16
-20
16
88
-21
-54
2
-36
-20
-36
-1
19
-13
8
69
100
-27
-40
-33
-25
83
50
23
54
-32
-67
14
3
-14
-33
-60
8
67
5
-86
-61
12
26
10
-4
-22
1
-41
-60
-1
0
19
-74
-68
54
1
-41
-29
19
13
-1
62
39
11
-31
-21
51
23
25
2
-4
41
46
13
-42
46
71
-45
-33
3
27
63
16
59
31
-41
14
-12
-34
-73
-57
15
59
83
-34
-38
0
-57
-31
-34
-19
4
1
36
31
-5
-9
-35
-59
1
-31
-54
44
-14
-19
62
-28
3
-3
-58
17
-3
23
33
-12
-6
-53
-15
53
14
-12
-52
-29
15
36
17
-65
-1
48
34
19
-31
29
10
-34
48
27
0
10
-11
6
-13
-3
58
5
-21
-2
-18
20
69
42
12
8
-19
-44
-20
-10
9
34
-27
50
-20
-96
50
-5
-48
-24
-33
67
53
-37
-22
-5
38
36
-21
-41
-10
-38
-63
58
54
-19
15
4
-13
-29
12
42
-21
19
35
6
-25
-67
18
17
9
21
-82
-25
19
-53
5
39
-1
-27
-27
25
0
-40
8
27
17
6
-36
-7
-10
-65
-34
40
92
69
-31
-42
27
19
2
15
43
8
-32
17
45
27
-5
-31
0
41
-5
-20
26
-32
-19
36
7
20
-3
-29
18
36
-38
-23
-17
-63
-8
12
22
27
0
-32
-23
19
4
-6
-23
-21
22
27
10
-41
2
17
-19
24
-8
-6
1
-39
-30
20
61
-20
-66
18
8
-13
20
14
-3
-27
-33
-3
53
-59
-82
75
60
21
-42
-30
52
13
-13
-37
-37
29
61
14
27
45
12
33
4
-58
-43
-2
48
49
9
-34
-11
39
18
4
-45
2
2
-54
17
14
-37
-24
37
-1
-14
-15
-86
-2
-7
-69
11
13
-29
-18
10
36
-30
-13
73
15
-22
-82
-67
73
42
41
39
-49
-39
26
33
-19
14
23
62
7
-51
54
-29
-35
55
19
23
-13
-19
-19
-42
-28
-14
60
2
-44
-17
-53
29
43
17
30
-17
-52
-38
8
-23
-57
11
79
55
24
-14
-48
0
-60
-36
94
46
8
24
3
0
72
14
-63
-9
-33
12
13
-13
42
-33
-33
18
28
32
5
0
-30
-26
0
-38
6
22
-6
15
-32
27
16
-83
-23
-16
-35
14
55
45
-7
4
7
-22
3
-3
-4
-21
-20
8
-20
-48
25
67
-32
-33
-1
23
43
11
-12
-20
37
9
-48
-5
-14
5
49
22
-9
-16
3
4
-29
-54
41
104
51
-6
-13
64
-2
-51
-51
-18
69
12
23
8
-34
-66
-3
140
9
-53
9
-8
6
0
-38
14
33
-46
-4
42
56
-3
-73
-58
9
48
-19
12
17
3
17
-39
32
27
-40
24
-24
-29
20
-28
16
29
-22
16
-16
5
31
-55
-49
0
33
-7
-15
28
19
-5
-36
-20
24
46
33
-33
-29
20
-1
5
-6
33
69
24
30
-46
-18
66
18
2
-9
9
34
65
2
-53
9
29
59
-46
-54
35
-32
17
11
-50
4
25
-10
-14
-59
-27
0
-65
8
11
3
6
-53
13
18
-42
-15
2
20
2
-31
-9
-26
34
59
-5
18
-10
51
51
6
10
-63
21
96
55
17
-23
-16
-16
-3
32
-28
-13
27
34
53
-13
4
-17
-61
38
19
-20
32
-7
-17
-24
-85
0
43
-55
-20
39
49
19
-13
4
-2
57
48
-2
12
-30
-30
42
48
14
15
17
13
-5
47
18
-22
61
36
0
20
60
-10
-43
31
-19
-31
-1
-14
-27
-10
32
0
-13
92
16
-122
-75
8
50
-15
-49
-22
-23
-25
5
10
-30
-23
-15
33
73
11
9
0
9
43
7
12
-19
-40
-40
5
58
14
29
27
10
37
58
43
-18
-12
61
79
-6
-21
12
-29
-71
-45
20
16
-44
-70
7
21
36
47
-35
-16
1
9
-9
-52
-28
-12
-16
-51
-28
45
6
-85
-80
6
44
46
51
-44
-59
50
30
13
21
-5
-7
40
29
-52
-22
-28
18
40
-64
36
55
-60
-10
-7
-45
14
24
-39
-15
-41
-21
80
-23
-50
10
9
50
-67
-123
-38
-44
13
48
6
-8
-54
-14
62
33
-7
-42
-27
27
10
23
60
23
-5
-46
0
3
-51
39
-38
-69
31
19
9
-30
43
49
-23
-23
-36
-27
-79
-52
28
30
76
43
-55
-33
-50
-58
-4
-19
24
65
36
-34
-78
39
61
22
48
35
10
9
-8
-13
65
53
11
51
8
-53
21
-9
-63
-19
3
68
13
-24
23
-7
4
16
-17
-15
5
-2
-79
-28
7
-64
1
5
-8
-23
-55
8
56
11
-11
32
37
36
55
13
-4
2
17
68
34
-2
27
54
12
23
61
28
54
15
-4
7
-15
92
86
6
-9
-83
-21
60
-23
-38
3
51
30
-44
-3
-49
-76
-5
-41
-14
33
13
-62
-52
43
7
-19
-5
7
9
-42
-5
24
0
4
-3
14
-25
-31
35
5
4
-6
-38
38
45
-15
6
1
-13
-2
-60
-28
17
-56
-60
36
59
-53
-33
-26
-49
15
-12
7
2
-34
4
-16
-81
-22
6
-57
10
42
7
2
-6
-18
23
52
7
-38
-27
69
-20
-48
6
-47
0
3
-4
13
-10
-25
-7
18
4
4
-26
-29
-35
-14
62
-63
-106
-27
-42
18
23
-21
20
-8
-24
56
8
-35
23
0
-16
-7
5
3
-29
18
78
58
23
4
10
4
60
80
34
4
11
36
-6
-43
-3
14
-26
-4
29
32
46
39
54
57
-41
-14
-15
-35
48
-13
-6
36
-33
-33
-8
-27
14
-45
13
156
-14
4
104
36
-2
-18
29
4
-25
-29
12
37
20
75
46
-15
-27
17
-25
-50
89
77
9
-8
30
-2
-82
16
20
5
10
-20
-43
-40
61
3
-37
-35
-46
11
-5
-17
-71
-17
74
41
-4
-22
37
0
-78
0
40
-20
-15
-41
-33
34
-18
-92
-24
51
45
17
-30
-24
-1
41
13
-42
-6
-42
-51
-23
-48
-45
-36
0
-14
-37
25
21
-40
-73
-21
35
-34
-47
5
-18
-23
-8
-8
-30
-40
15
19
-44
-19
32
4
21
13
27
21
-38
-70
-82
42
26
12
68
-38
-16
44
47
42
-26
3
-20
-62
-5
17
17
-26
23
25
-32
-2
-35
-67
3
61
38
37
45
10
-5
32
38
-37
-48
34
70
-34
-69
44
48
19
35
23
27
24
21
58
38
78
85
11
15
28
24
18
8
-21
4
-3
-4
14
5
-6
-6
45
40
40
66
10
0
13
-5
-64
-97
-29
-26
-6
-5
-83
-40
12
17
-90
-108
42
-17
56
51
-36
6
-71
-51
-55
-23
-44
-78
-12
1
39
-35
-53
22
-12
-22
-19
-48
-1
31
11
9
-59
-66
-38
-21
16
21
5
-50
-32
-38
-23
51
-29
-71
-63
-63
-24
-91
-19
63
2
9
-7
-16
15
-1
-71
-85
28
72
42
12
-114
-82
7
-2
69
-2
-25
36
-1
76
92
22
57
55
8
25
13
13
0
-78
14
92
59
52
-10
-6
58
75
-10
6
39
23
58
4
67
35
-9
69
36
10
-55
-46
17
75
94
-24
-29
58
64
70
10
-47
-27
-4
85
95
39
-11
-27
47
55
26
24
-48
-51
17
-4
4
-2
-66
15
53
19
20
-11
-25
-54
-66
-12
26
-8
59
22
-99
-19
-44
-38
13
-45
-34
-29
-45
-45
-28
-28
-17
70
61
-41
-60
-20
6
-28
-66
-45
4
19
5
18
-36
-67
-84
-75
-25
-40
-2
-13
7
5
-40
8
17
23
32
-11
-45
-97
-90
7
17
34
54
-8
-33
-26
-99
-65
113
84
14
42
40
25
63
88
16
-18
-32
9
8
-40
32
87
59
-10
-2
9
16
21
12
34
-2
42
98
42
16
46
6
-18
-25
-43
-15
-11
43
-1
4
71
11
12
0
24
36
-15
29
23
17
80
-22
-66
9
37
79
4
-6
14
-48
-28
-27
1
81
71
-62
-90
8
-2
38
20
-49
23
4
-63
-88
-18
32
-16
20
-60
-42
18
-91
-34
-10
-43
-71
-10
86
-19
-50
-50
-54
25
41
28
-36
-33
-3
-36
-43
-70
8
24
0
-4
-52
12
-12
-17
5
-21
-12
-11
38
10
2
-16
-33
20
-12
-9
23
-10
-67
-37
14
17
20
-18
-3
-2
-5
-1
-48
33
85
54
56
11
-31
-11
4
-29
-13
31
-19
4
-3
10
61
-12
47
61
21
31
-14
-3
6
2
24
76
80
-27
-22
5
-40
-34
-18
8
27
18
28
62
68
-16
-11
44
23
27
10
-33
-32
-21
19
66
13
51
65
-2
28
-53
-71
50
40
-14
-2
-29
21
64
-21
-26
-31
11
9
-29
-9
-8
-46
-78
-6
26
27
-41
-71
-23
-65
-80
-31
12
-6
-6
-2
-1
36
-15
-57
-31
14
12
7
0
-61
-4
19
-7
-22
-68
-1
8
-10
0
-30
10
57
45
-13
-44
8
8
27
0
-70
-15
-14
3
23
-52
-47
-25
-25
38
14
-25
-33
-17
105
45
-36
27
27
12
33
-7
-56
-29
-42
-28
-26
-46
12
8
24
65
-12
-3
40
-6
-53
-4
88
38
-7
7
0
-5
-31
-17
2
-16
59
26
-14
23
-15
64
60
-24
83
96
1
29
-23
-10
82
39
30
27
6
-1
-16
24
46
-12
-13
18
1
59
53
-42
-33
-58
7
112
45
31
32
-19
-12
-49
-8
72
-109
-131
10
20
-11
-41
-43
-62
-52
5
54
41
10
-57
-73
-43
-3
46
-15
-46
-44
-53
-79
-74
-40
-28
8
19
46
18
-12
-22
38
91
52
83
48
-9
20
-8
-50
-9
45
10
-23
27
27
55
18
-47
-8
-2
13
23
-9
-51
4
9
-15
-1
-43
-42
-48
-39
-57
-42
-40
-76
23
-12
-63
-21
-76
-1
72
0
-10
24
18
23
70
87
38
-71
-28
45
10
30
-14
-11
-16
-21
18
9
60
27
40
92
55
48
6
42
81
23
-1
-70
-42
21
-13
-15
33
55
-27
8
87
42
24
33
83
93
58
81
-19
-64
59
39
-68
-22
23
2
24
-14
-42
0
-3
-27
-17
-24
-8
35
-21
-61
10
-1
-31
-12
-78
-78
-56
-66
-25
-46
-60
32
40
-79
-26
-4
20
5
-130
3
87
77
61
-3
28
-17
-50
15
0
-6
0
-53
-10
61
79
45
-56
47
113
-8
-41
-3
50
31
22
-23
-9
-2
-43
-26
-65
-8
-3
-50
-7
28
44
-6
-28
12
-23
-45
-72
-52
44
12
-3
-7
-65
-21
-34
-67
5
45
31
-52
-29
40
4
-5
29
-3
19
63
-26
-2
20
-23
33
-17
-28
33
-3
13
24
7
-45
-42
-50
-6
81
1
10
43
18
58
13
-30
-35
-36
5
-32
-29
28
12
-28
-43
-5
18
56
62
40
53
29
12
-5
-23
13
36
-8
-64
-25
51
-46
-99
-30
-49
5
20
6
33
-11
13
29
-28
-53
-22
21
-35
-65
-37
-36
12
16
-34
-3
-4
-41
14
4
20
77
67
56
15
25
-1
-57
20
54
31
68
12
-61
-4
5
-32
20
15
12
18
-15
35
-18
-26
43
-7
53
79
32
-61
-120
-10
-10
-27
-13
-13
31
-1
15
-20
-40
56
-18
-28
-27
17
39
-54
29
40
52
-35
-127
-39
-28
36
-1
-41
1
-68
-21
58
42
9
-85
-69
-49
-39
92
36
13
23
-61
13
6
-28
-4
-26
0
5
-9
-21
-51
-14
69
-27
-72
54
55
48
-1
-121
-18
60
36
46
-31
-71
-40
-35
-75
-45
53
53
-16
11
61
3
0
-17
-3
7
-43
54
45
-38
-11
-6
26
2
-20
7
2
-9
24
67
65
19
-20
-20
-49
-56
0
86
53
-16
9
12
61
18
-74
-10
22
49
51
23
38
34
43
-47
-36
30
-49
-5
91
71
3
-36
42
91
52
-39
-98
-43
-50
-40
31
48
-7
6
27
-79
-94
-4
57
-1
-43
19
-24
-41
4
-28
-28
-2
7
-2
-15
-11
-13
38
53
2
17
45
33
21
0
-12
1
33
-5
-37
-39
-45
5
42
28
-26
0
42
14
-27
-14
43
11
-46
-66
-66
-23
17
-20
-42
9
22
-57
-65
-10
-7
55
76
50
54
-22
-4
33
-36
-87
-69
31
54
0
6
45
23
2
5
-32
-19
18
15
31
-8
33
64
-58
-73
-5
7
-24
-19
24
15
-26
-18
27
98
56
-17
-33
-73
-44
-29
4
68
54
25
-1
21
20
3
35
16
-27
0
36
-2
13
23
-11
9
-30
-58
0
-26
35
80
11
36
13
-18
-37
-20
-48
-3
93
11
-21
-75
-73
26
5
-17
-28
-71
0
39
-34
11
31
-6
-12
-37
-28
-18
-16
5
19
-18
-43
0
24
-3
-56
-33
-29
-54
21
25
15
73
63
23
-7
14
1
-13
61
22
-16
-27
3
0
-57
3
18
-4
-47
-31
-10
49
130
78
3
-31
8
-38
-101
-86
-51
40
24
-22
-29
-63
-25
4
-27
-35
20
29
49
51
4
-5
-29
-30
-15
3
0
-20
-37
0
40
-2
-7
5
3
18
13
4
9
26
-5
-68
5
50
-5
-17
5
49
95
7
-36
2
-80
-13
29
-39
46
46
-45
-29
12
44
54
47
81
31
-8
46
13
-35
-16
0
24
-38
-40
22
-78
-29
24
-11
23
23
35
29
54
61
7
-29
-40
-25
29
-12
-40
33
3
-82
-27
34
6
42
34
58
65
-15
31
39
2
24
-4
42
104
34
-52
-56
-43
-42
7
-19
-75
-18
15
28
40
14
17
-43
-52
-12
2
10
-29
-3
10
3
-43
-109
-87
-55
-31
-19
-27
-29
45
79
-54
-1
68
-28
-4
-22
-37
27
-1
-66
-35
8
-35
-25
11
-25
-59
-2
-7
-48
-19
-20
16
37
9
-25
-34
-21
21
26
-60
-25
20
-16
-45
-31
-56
-72
-14
-2
-28
-14
55
32
20
-17
-58
-5
-22
41
70
-2
-26
-10
15
-56
-73
-18
-35
8
20
-12
47
-4
-17
63
23
56
71
-52
-49
-1
-8
78
28
-27
40
-5
30
90
-11
-53
-30
6
34
-3
25
37
47
87
73
58
5
12
-1
-5
45
68
49
-62
-18
-5
-12
76
25
-4
40
29
-16
34
43
16
60
27
24
8
0
0
-65
-36
-58
-46
47
8
-36
17
10
3
81
32
-53
-62
-58
-38
-32
35
121
34
0
47
-8
-40
-69
-24
69
14
-35
10
27
30
16
-58
5
4
-59
27
31
23
5
-9
-30
-44
-7
-50
-46
-29
-27
-72
-97
-62
-66
0
46
-9
-44
-54
-57
6
32
-5
-93
-93
-20
-54
2
99
12
-75
-13
-26
-83
-68
-22
9
-46
-31
8
2
-21
-41
3
-24
-9
36
-57
-70
-7
8
-6
-110
-101
25
-24
-82
4
16
-46
19
45
25
55
39
65
60
29
89
13
-53
-4
-10
39
18
-3
42
23
47
69
30
2
0
-9
38
118
39
-2
35
-24
-86
-85
-33
19
-28
-37
1
-4
63
23
-34
57
77
22
26
5
0
86
82
82
71
3
23
-8
-15
95
75
43
102
107
51
50
48
1
32
9
-38
-55
-29
-28
-24
55
-21
-64
19
13
-34
-35
-46
-57
-65
-108
-18
-31
-88
-52
-78
-31
-9
43
10
-38
31
66
94
66
91
31
-51
-32
-16
2
-54
-47
-25
38
160
80
-6
27
51
60
53
16
-40
13
47
-72
-127
-83
-66
-38
-54
-52
15
4
38
3
-42
-6
-58
-32
0
11
24
0
28
-43
-120
-88
-38
18
68
51
23
85
51
-3
-54
-67
-8
-38
-3
25
71
111
-2
-24
14
-1
4
-44
-44
16
-2
34
50
29
1
0
5
-66
-3
45
36
96
79
12
-30
6
28
11
-24
-35
14
53
56
-2
-31
-40
24
81
14
-32
