65
52
-10
22
44
-7
-3
12
37
50
47
-10
-33
-44
-43
-45
-51
10
-44
-88
34
11
-66
7
-47
-38
22
-30
-28
-53
-7
61
5
24
-10
-63
4
-54
-51
49
15
-2
-7
-18
-16
-15
33
37
18
5
7
40
-1
-56
-35
-54
-6
15
16
71
35
72
-15
-62
20
-43
-2
22
29
23
-39
54
51
3
45
31
44
-14
-58
4
-37
-49
-5
18
58
38
43
23
-12
16
-9
18
48
-29
-39
-27
-50
-9
4
-98
-77
17
-70
-72
40
18
-7
-35
-31
62
89
11
-63
-14
7
18
32
63
124
43
6
-24
-67
-49
-35
31
45
83
46
-115
-41
63
25
-13
-47
-74
-75
-6
38
41
-68
-93
35
28
29
56
27
25
34
-20
-7
-21
-51
-3
24
83
-2
1
5
-73
13
-67
-126
-29
-19
-16
4
-17
-36
-16
-33
-14
57
17
-5
18
-19
6
1
-29
18
21
12
13
19
6
8
44
-1
-42
46
36
-36
-8
-36
-17
-20
-54
12
14
16
38
-27
-60
38
93
4
-67
-28
9
30
52
3
-22
31
-13
-91
-57
20
76
56
30
47
104
71
13
31
22
42
10
-41
-55
-43
-24
-73
-20
118
114
52
63
85
-42
-83
-18
-35
9
-41
-27
61
26
-15
-23
34
30
53
117
118
61
-30
-4
-2
-58
3
-7
-64
-61
4
86
13
13
28
-20
-44
-94
-39
10
-65
-123
-62
-21
-13
53
-9
-52
-24
-62
-36
-75
-122
-89
-45
4
-21
-101
-102
-27
3
-84
-96
-10
-15
-13
-68
-59
29
-5
-13
6
-21
-66
-64
-43
-2
14
-7
37
-21
23
38
-82
11
-38
-45
98
16
-70
-17
-36
-75
-67
-100
-3
96
62
15
6
14
34
-9
-88
7
99
25
67
143
99
91
88
76
92
52
16
112
143
134
98
87
169
171
146
107
84
76
98
167
138
90
70
67
81
60
48
19
-6
-2
63
87
39
101
138
55
22
37
46
3
-7
52
7
-34
9
15
-55
-25
35
63
132
62
46
16
-39
24
20
15
2
-70
-111
-84
-22
-20
-12
-3
-65
-52
-54
-63
-50
-77
-52
-33
-87
-113
-48
-31
-47
-90
-80
-49
-110
-103
-93
-101
-101
-136
-83
-110
-180
-119
-96
-106
-162
-167
-158
-143
-115
-139
-80
-31
-42
-69
-110
-83
-17
-106
-178
-129
-106
-127
-131
-1
32
4
7
-119
-116
-76
-63
10
16
19
-42
-43
-11
-1
47
4
-14
-41
-49
81
60
-62
-53
-14
-6
-59
-45
22
16
8
-3
23
99
92
85
87
56
104
86
39
77
119
108
60
53
12
61
118
79
144
137
91
122
138
194
148
65
70
116
170
122
95
167
167
162
125
93
223
207
130
92
43
76
62
47
122
139
91
130
114
114
133
66
19
31
91
39
68
129
81
119
77
-10
-10
15
5
-28
-28
-6
75
68
-29
-59
-34
-16
-55
-83
-129
-76
50
9
-28
-46
-70
-68
-71
-98
-115
-63
-155
-200
-175
-187
-91
-120
-148
-86
-139
-131
-119
-132
-105
-137
-96
-76
-143
-147
-147
-194
-190
-159
-115
-120
-155
-105
-133
-108
-80
-118
-108
-89
-103
-148
-150
-131
-100
-105
-123
-84
-43
-38
-38
-23
-13
-47
-19
100
-1
-101
-76
-158
-62
34
20
31
-9
47
81
36
24
-40
-44
-42
-2
2
-77
-22
44
73
13
-22
28
20
61
133
124
85
79
105
108
108
96
77
122
136
82
96
109
123
180
132
58
30
67
92
93
83
48
141
152
41
6
0
84
133
107
91
64
119
186
140
70
84
107
158
160
111
81
55
84
90
72
56
44
37
36
29
46
62
27
5
-4
44
106
95
48
30
80
67
32
25
7
11
-47
-74
-9
-23
-76
-49
-29
-37
-106
-141
-107
-75
-73
-158
-123
-77
-78
-35
-55
-14
-38
-56
-14
-78
-104
-115
-138
-128
-101
-98
-117
-92
-27
-134
-207
-148
-161
-154
-119
-105
-102
-104
-87
-38
-25
-31
-73
-92
-56
-38
-21
-3
46
25
-54
-64
-58
-109
-60
-30
-49
25
17
-13
-11
-8
-16
-41
-39
-58
-75
-64
-75
-58
38
92
88
61
16
40
33
35
82
103
122
69
29
124
144
85
70
54
73
75
0
-16
66
120
69
-50
-2
57
28
60
26
12
23
77
101
77
121
91
91
101
94
65
33
58
73
94
42
40
54
-12
14
29
27
59
39
47
81
42
43
63
-24
1
96
71
24
-6
50
26
-1
48
-2
-6
39
39
-30
-58
-34
-36
-32
-114
-108
-58
-30
87
66
44
33
-53
-91
-87
-73
-83
-50
-46
-34
-1
-55
-26
21
-21
-67
-114
-96
-100
-132
-51
-13
-76
-136
-103
-51
-70
-4
-17
-49
16
-14
4
10
-12
-6
-51
-60
-19
-52
-49
-7
-50
-37
-54
-47
14
-25
-11
-32
-72
-45
-68
-28
-75
-83
11
9
3
-22
-7
-6
-13
27
-14
-64
-65
-46
-27
-24
32
-12
-17
30
-26
85
103
55
72
-10
-1
45
129
62
-36
104
135
83
99
25
32
113
63
74
67
19
43
31
60
100
80
-1
-39
82
90
13
87
75
44
85
35
62
118
74
40
-35
-29
31
-5
11
55
42
86
121
23
-7
18
-9
-2
11
43
14
-106
-46
20
-32
9
21
-6
-58
-81
-77
-54
-9
-95
32
97
-46
-42
-107
-33
15
-67
-46
-116
-84
-21
-27
7
8
-21
-56
-59
-97
-71
-57
-96
-46
-42
-37
-36
-46
-46
-62
43
18
-32
12
-16
-3
-40
-70
-32
-15
-52
-17
-43
-123
-23
-28
-52
-53
-77
16
66
51
7
-23
-40
-77
-26
-55
-54
24
-24
30
19
39
69
-91
-31
-25
-70
60
72
15
5
15
14
76
31
0
108
11
-47
47
18
-43
-78
-42
34
-18
-11
20
40
102
98
106
81
35
23
63
120
90
72
63
41
79
140
60
-35
64
89
56
92
83
69
-17
-30
64
36
39
49
18
3
-97
-29
16
-51
53
-19
-53
10
-55
49
73
-21
-18
-52
-114
-84
-80
-95
-65
-75
-14
24
48
58
-1
-2
-24
-31
-25
-71
-122
-107
-41
-86
-86
-72
-98
-49
-63
-10
-5
-66
-44
-63
-51
-85
-73
-32
-38
-4
-47
-36
-31
-48
-15
-23
3
32
-16
-57
-44
-54
11
49
37
-2
-96
-41
73
78
-49
-38
95
38
45
101
105
74
-15
-5
34
65
56
38
22
23
44
9
34
85
52
-9
-4
11
-28
-21
-3
29
74
14
-13
-18
-67
-37
8
97
90
-51
-13
56
48
18
13
58
7
54
70
0
88
88
56
41
-25
1
32
25
42
1
-55
-25
9
-29
-16
60
54
7
31
75
54
28
29
-2
50
52
-39
-16
-57
-29
30
-50
-66
-54
-17
41
-7
-84
-12
23
-45
-15
-31
-94
-7
12
-97
-102
-78
-62
17
6
-56
-75
-91
-55
-16
-16
-35
-15
-14
-50
41
51
25
17
-13
-14
-29
8
-34
-17
-29
-36
17
-15
9
15
42
19
-34
48
-3
-32
-9
-48
-17
-10
27
-50
-39
-40
-119
-12
-22
-3
-24
-87
29
38
32
63
7
-6
-42
-37
7
6
36
-5
-67
-79
-104
-112
-60
13
-7
18
53
62
157
49
-71
-6
-22
6
56
33
23
26
75
104
113
97
42
32
4
-42
17
34
29
19
-11
21
-17
22
51
-30
-21
13
-11
-34
-46
36
102
0
24
68
70
61
-24
-15
-5
-9
102
60
3
34
48
93
27
8
26
75
93
4
-48
-94
-28
114
92
33
62
-9
-27
14
-41
32
63
0
-26
-63
-23
-53
-89
-30
-1
-4
-10
-12
-20
-52
-78
-2
23
-34
-54
-1
-25
-42
61
-4
-88
-74
-53
-52
-23
9
0
12
-54
-32
10
-8
1
21
0
-88
-43
-25
-50
7
53
48
1
-19
-111
-115
-45
-32
20
33
-11
-52
-32
-8
74
101
40
-6
-80
3
43
-54
-40
-59
-65
-34
-15
0
10
45
-9
-2
-11
-22
-1
-38
-18
9
-12
-3
80
70
34
0
-69
-51
-42
-26
-70
-62
59
63
77
42
12
5
4
76
9
52
92
23
33
53
139
52
-45
8
31
52
12
49
80
44
40
4
11
-26
-39
5
58
26
-80
-17
57
13
-43
-38
58
77
13
18
-7
-69
-33
-2
-56
-41
8
43
48
-8
-42
-54
17
52
-51
-75
-42
-39
-82
-53
19
58
106
58
54
58
-14
-27
-37
-30
-7
-35
-64
-16
-24
13
77
-19
8
4
-52
-10
-22
1
20
40
57
20
23
19
27
37
46
26
-33
-57
-23
28
-15
-50
-47
-28
19
-36
-1
66
-12
7
2
-61
-53
-75
2
58
5
56
-10
-48
27
-55
-15
3
-66
13
-11
-45
-24
-31
27
18
-1
-9
-20
20
-48
-69
-13
-99
-30
-3
-123
3
2
-10
22
-25
63
61
10
19
72
17
-34
4
22
50
0
10
12
-32
-5
12
14
-8
-31
-54
-74
-40
39
57
-13
-37
-22
-36
-38
0
26
-2
33
47
-16
-17
13
87
61
-10
9
0
29
57
30
25
37
33
-6
-40
-2
-1
-24
7
-43
-65
-19
20
39
59
84
2
-61
-16
4
-18
6
1
-50
5
-30
-29
-36
-102
41
34
58
116
4
21
-65
-94
-8
-51
22
71
91
91
40
54
51
27
31
76
104
94
20
-6
20
27
11
-19
22
29
28
25
14
37
48
46
-27
-27
45
39
-2
23
-9
-59
-31
-97
-66
27
10
39
54
-33
-72
-17
-35
-75
-11
-1
12
37
18
70
37
-24
-12
-26
-34
-26
-9
-28
-39
-29
-95
-62
-30
-62
-20
-5
36
17
30
12
-134
-129
-139
-11
107
-38
-68
-27
19
22
-9
-51
-65
-30
-59
-5
31
-13
-45
-22
-1
-20
29
37
49
65
18
-23
-19
19
0
-28
5
71
69
-2
-56
-22
16
-39
-33
-79
-66
-8
-52
66
105
32
2
-1
34
43
25
26
-3
-18
50
44
1
14
29
2
19
14
-53
9
95
60
35
31
-5
-12
-23
0
35
17
3
3
65
31
38
115
54
33
90
77
22
-10
-62
-15
37
-9
-39
11
31
-44
-60
-6
-9
-22
82
78
24
41
-7
-40
-37
-4
30
-39
-125
-42
-3
-50
-30
-46
15
83
23
-3
-46
-47
-36
-53
-32
-28
11
-18
-34
-3
-27
-9
-14
-98
-126
-48
-40
-35
19
26
59
28
-23
45
19
1
31
-29
21
63
9
0
24
110
78
-57
-31
-40
-45
24
-43
-37
-15
8
59
6
-6
-79
-84
7
-44
-13
79
27
49
81
29
-14
-25
26
87
74
33
9
27
24
-59
-21
34
61
103
-1
8
74
-11
14
44
-26
-62
-84
-59
-6
-79
-58
-26
-80
25
17
-30
-13
-103
-102
-55
-66
-5
-3
-31
18
-57
-40
20
-82
-108
-46
48
27
-31
2
2
6
-10
-14
9
6
-2
0
75
116
61
88
103
36
-6
57
103
-28
-6
58
-45
61
154
87
53
31
45
10
-31
34
64
30
-15
-60
22
51
34
78
65
49
36
52
22
-11
-19
-41
19
-17
-43
-16
-65
-20
-21
-49
-48
-51
-15
-75
-89
-13
13
51
38
-1
43
39
35
79
28
16
25
-7
4
14
-53
-62
-30
-30
-41
-66
-9
-17
-48
28
-20
-134
-94
-45
29
40
0
70
-29
-79
-12
-98
-96
-84
-78
-26
-79
-102
-53
-17
-6
-14
-6
10
-21
-35
-22
12
-15
-65
-31
-81
-113
-25
-20
-36
52
63
23
8
-70
-10
20
28
102
21
13
6
14
67
-5
-9
35
73
82
-11
-34
17
26
1
-26
-52
-51
37
27
8
-8
-64
9
48
76
25
-29
-49
-113
-64
17
63
89
59
24
55
58
32
1
-11
20
33
4
10
19
-26
-4
-14
-33
4
-15
18
26
-33
-28
0
-5
41
106
118
119
57
34
-8
-45
17
25
55
36
-9
14
-28
-15
43
36
26
39
107
69
-14
-24
-55
4
36
61
68
-1
23
43
59
47
-11
-27
31
47
-23
-6
21
33
64
79
30
26
31
-3
45
37
-8
17
-24
-55
26
0
-48
-15
2
-4
-27
-30
-67
-82
-66
-101
-71
-28
-20
12
34
-11
-16
-6
-35
17
4
-33
-46
-44
-41
-23
29
35
-10
-36
38
-34
-82
12
-41
-40
3
-80
-78
21
33
1
-25
-24
-22
-14
71
37
57
60
-36
-41
-74
-29
-6
21
79
47
19
-34
-67
-54
-47
-46
21
40
-46
-39
-70
-100
9
10
-68
-18
-15
-15
-13
-35
25
0
7
57
-17
-70
-47
-10
24
-51
-120
-36
-12
43
37
-10
84
41
36
74
17
0
0
-10
-11
-27
-49
31
9
-1
24
-23
-25
-1
36
32
-4
-26
-26
-33
17
40
-26
-4
45
85
119
19
-28
34
10
-32
-19
40
54
32
75
59
31
38
24
20
62
115
40
-12
11
9
25
39
26
68
61
-67
-43
43
5
-21
-24
17
87
19
45
140
25
-27
-27
-8
26
-40
34
54
14
7
-41
24
-17
-8
36
-48
-18
-37
-26
18
-1
41
33
44
89
37
37
121
44
-18
21
10
51
48
31
48
-27
-19
10
-37
-25
-142
-197
-52
-60
-67
13
39
34
-50
-109
-38
13
-12
8
-9
-46
-15
-78
-111
-108
-62
18
13
-44
-53
-12
-92
-98
1
-10
-20
-24
-94
-25
7
-94
-33
-20
-40
18
41
83
95
99
56
-5
44
83
82
86
67
39
55
85
92
74
-8
-54
-35
-15
-14
-30
23
112
90
10
71
111
133
178
108
114
119
75
55
30
-5
26
38
-61
46
151
125
144
83
69
118
75
29
82
75
80
110
27
23
-15
-27
56
59
-4
-105
-84
-30
-21
-44
-87
-37
-14
-70
-35
24
33
68
55
50
93
122
102
138
136
108
169
93
12
8
-53
-119
-201
-210
-142
-207
-172
-17
-80
-106
-39
-80
-88
-78
-120
-157
-208
-286
-323
-245
-166
-191
-203
-244
-213
-174
-204
-196
-257
-296
-301
-283
-230
-232
-161
-55
12
98
157
210
255
285
300
252
164
100
72
46
16
41
108
123
79
84
194
248
236
233
216
201
184
158
120
55
-47
-150
-227
-318
-453
-503
-618
-778
-801
-826
-770
-697
-614
-472
-471
-479
-413
-276
-156
-205
-112
53
158
279
317
392
391
465
537
472
494
393
291
201
114
174
101
46
78
45
164
315
452
591
606
706
861
943
998
1033
1065
1074
1033
1001
966
958
912
806
705
497
465
418
245
310
240
201
330
284
401
478
480
542
369
314
282
141
112
81
43
13
60
181
251
306
325
385
469
314
170
147
127
77
46
199
192
150
240
236
125
-209
-619
-1196
-1875
-2410
-2877
-3234
-3527
-3686
-3694
-3555
-3146
-2698
-2281
-1796
-1457
-1303
-1238
-1168
-986
-839
-739
-420
-33
383
876
1337
1835
2089
2045
1705
1091
453
-334
-1207
-1947
-2388
-2598
-2645
-2318
-1659
-792
77
846
1419
1723
1886
1865
1677
1424
1239
1048
943
1093
1273
1587
2008
2299
2463
2322
1817
1159
466
-333
-1189
-1884
-2394
-2622
-2453
-2008
-1273
-406
381
1037
1432
1646
1708
1530
1129
622
98
-302
-426
-271
187
837
1472
2063
2464
2574
2444
1989
1330
649
-113
-880
-1384
-1444
-1256
-812
-45
654
1252
1689
1931
2032
1701
1172
523
-298
-951
-1274
-1262
-940
-237
656
1483
2287
2942
3141
3039
2689
1958
1088
160
-580
-1100
-1352
-1063
-601
-110
429
914
1263
1345
1168
741
172
-386
-845
-1016
-899
-425
451
1302
2034
2630
2779
2520
1712
329
-1322
-3141
-4815
-6150
-7062
-7313
-6826
-5899
-4748
-3485
-2430
-1610
-1189
-1416
-2022
-2770
-3585
-4282
-4597
-4329
-3489
-2087
-398
1264
2636
3596
3930
3448
2353
601
-1525
-3642
-5444
-6573
-6954
-6533
-5350
-3628
-1667
350
2206
3502
4203
4454
4194
3508
2652
2030
1733
1804
2274
2881
3540
4121
4349
4221
3688
2623
1187
-450
-2034
-3272
-3973
-4088
-3526
-2417
-1159
286
1730
2863
3627
3971
3922
3526
2889
2216
1799
1672
1744
2058
2489
2791
2883
2706
2187
1518
862
72
-824
-1576
-2104
-2193
-1855
-1309
-513
238
768
1128
1383
1575
1534
1380
1119
726
552
649
932
1363
1581
1576
1386
917
415
-51
-498
-846
-1058
-1041
-647
-64
653
1554
2209
2487
2475
2039
1180
274
-537
-1252
-1719
-1947
-1823
-1325
-550
414
1359
1953
2114
1937
1442
866
340
-104
-267
-136
181
683
1202
1636
1880
1641
702
-902
-2891
-5021
-6994
-8561
-9419
-9638
-9130
-7933
-6487
-4733
-3005
-1655
-941
-999
-1610
-2536
-3551
-4383
-4638
-4294
-3437
-1962
-49
1928
3600
4657
4910
4110
2308
-258
-3070
-5673
-7818
-8972
-9094
-8265
-6383
-3736
-650
2447
5005
6723
7422
7235
6449
5181
3803
2659
1949
1790
2060
2688
3557
4408
4938
4854
4072
2615
749
-1114
-2747
-3781
-4134
-3785
-2662
-996
973
3015
4852
6131
6618
6210
5103
3682
2313
1217
499
271
463
1006
1910
3012
3982
4431
4236
3349
1752
10
-1610
-2939
-3683
-3844
-3388
-2409
-891
949
2709
4106
4785
4694
3896
2561
1055
-360
-1561
-2409
-2844
-2905
-2368
-1399
-260
841
1576
1997
1826
1192
526
-152
-736
-1170
-1366
-1311
-896
-230
483
1147
1510
1541
1141
570
-78
-814
-1218
-1460
-1369
-1015
-578
211
935
1445
1691
1520
1015
296
-498
-1222
-1630
-1705
-1534
-1230
-759
-153
301
325
-299
-1468
-3021
-4799
-6475
-7885
-8746
-8879
-8350
-7271
-5877
-4291
-2801
-1706
-1040
-1005
-1647
-2595
-3405
-3934
-3966
-3328
-2159
-487
1463
3207
4434
4860
4289
2719
187
-2729
-5546
-7943
-9358
-9474
-8287
-5996
-2680
1105
4808
7984
9951
10681
10112
8539
6434
4009
1976
532
-125
177
1035
2352
3672
4550
4730
3975
2377
326
-1732
-3669
-4897
-5057
-4278
-2472
285
3360
6216
8491
9674
9829
8942
7139
4926
2504
375
-1003
-1616
-1342
-479
604
1735
2389
2261
1368
-2
-1457
-2748
-3800
-4396
-4059
-2913
-1191
970
3167
5111
6413
6594
5779
4411
2585
472
-1529
-3081
-4090
-4387
-3959
-2956
-1606
-390
449
744
522
-18
-767
-1519
-2047
-2073
-1708
-961
260
1629
2910
3866
4093
3651
2605
1091
-429
-1944
-3135
-3752
-3902
-3484
-2522
-1266
-80
947
1657
1813
1429
656
-137
-913
-1452
-1518
-1233
-400
715
1782
2656
3053
2841
1837
-41
-2525
-5160
-7616
-9478
-10514
-10627
-9882
-8460
-6574
-4601
-2694
-1174
-260
47
-223
-932
-1763
-2340
-2461
-2045
-1090
201
1567
2857
3755
4069
3587
2032
-305
-3162
-6142
-8585
-10116
-10396
-9389
-7170
-3877
-25
3972
7596
10309
11708
11710
10527
8386
5984
3701
1861
854
438
684
1516
2469
3245
3358
2643
1210
-906
-3187
-5004
-6077
-6108
-4905
-2537
727
4402
8001
11008
12856
13139
11836
9339
6133
2680
-405
-2736
-4213
-4520
-3774
-2286
-376
1159
1958
1912
1052
-142
-1290
-2153
-2693
-2697
-1959
-571
1334
3412
5298
6512
6715
5885
4272
2448
407
-1636
-3270
-4677
-5455
-5388
-4664
-3319
-1887
-771
-77
161
194
252
117
-71
-171
-271
-91
263
783
1530
2056
2137
1740
934
57
-716
-1371
-1983
-2564
-2884
-2942
-2732
-2127
-1399
-704
-105
276
393
318
257
146
-73
-490
-963
-1200
-1167
-790
-267
330
1037
1489
1616
1422
658
-809
-2891
-5077
-7155
-8871
-9605
-9588
-8806
-7305
-5569
-3566
-1659
-77
821
775
247
-658
-1593
-2036
-1982
-1424
-412
823
2222
3496
4123
3872
2683
624
-2122
-5087
-7561
-9070
-9383
-8309
-5965
-2645
1383
5603
9416
12078
13134
12610
10638
7769
4614
1788
-343
-1543
-1700
-984
407
1978
3258
3771
3225
1771
-347
-2625
-4572
-5654
-5333
-3665
-925
2555
6184
9469
11959
13043
12512
10406
6925
2750
-1383
-4791
-6754
-7227
-6243
-3990
-1215
1491
3615
4794
4741
3519
1327
-1468
-4008
-5477
-5230
-3500
-1053
1714
4346
6426
7512
7394
6314
4068
798
-2833
-5982
-7753
-7997
-7021
-5211
-3003
-902
1008
2648
3680
3801
2817
1085
-899
-2561
-3435
-3350
-2305
-839
554
1941
3087
3726
3864
3378
2194
365
-1767
-3650
-4811
-5043
-4564
-3714
-2641
-1548
-588
280
1102
1713
1895
1594
852
-129
-968
-1350
-1165
-536
244
998
1706
2531
3351
3806
3653
2187
-714
-4377
-8194
-11072
-12486
-12564
-11510
-9766
-7384
-4411
-1130
1966
4072
4489
3343
1127
-1423
-3226
-3974
-3758
-2827
-1661
-187
1590
3277
4511
4726
3366
385
-3488
-7152
-9760
-10781
-10042
-7867
-4730
-863
3416
7648
11292
13672
14170
12531
9351
5682
2417
160
-958
-1076
-523
374
1554
2804
3604
3519
2337
43
-2873
-5367
-6668
-6382
-4448
-1283
2468
6159
9517
12135
13587
13566
11665
8091
3517
-1175
-5034
-7350
-7945
-7252
-5649
-3410
-876
1650
3707
4774
4426
2781
334
-2178
-3767
-3914
-2859
-1213
640
2523
4312
5616
6156
5663
3936
1167
-2095
-4875
-6592
-7143
-6750
-5712
-4139
-2372
-482
1343
2455
2749
2087
731
-665
-1718
-2150
-2127
-1681
-906
16
1068
2142
3028
3255
2679
1468
35
-1363
-2413
-2819
-3034
-3047
-2996
-2695
-1838
-918
5
538
602
446
281
507
997
1584
1780
1378
737
65
-137
51
215
384
429
410
541
835
916
327
-1262
-3872
-6670
-8668
-9238
-8502
-6802
-4580
-2463
-380
1453
2797
3449
2820
806
-2238
-5222
-7035
-7164
-5495
-2771
141
2618
4362
5536
5949
5403
3734
742
-3011
-6557
-8873
-9275
-7723
-4739
-1160
2157
4855
7162
8941
9865
9612
7851
5018
1978
-455
-1504
-1100
175
1563
2421
2571
2237
1660
953
-66
-1512
-2958
-3997
-4186
-2981
-492
2609
5606
7817
8902
8881
8033
6565
4547
2064
-699
-3358
-5411
-6274
-5729
-3917
-1542
657
2406
3348
3688
3671
3212
2271
737
-1155
-3062
-4385
-4475
-3095
-616
1964
3740
4350
4160
3490
2344
747
-1216
-3316
-5331
-6430
-6038
-4355
-1879
244
1334
1545
1153
625
247
-76
-690
-1569
-2325
-2489
-1706
-267
1376
2416
2700
2532
1949
1511
1156
543
-190
-1049
-1711
-2082
-2100
-1621
-1224
-911
-710
-679
-386
14
569
1130
1434
1832
2256
2441
2386
1960
1202
442
-146
-385
-267
-26
238
395
618
702
208
-1066
-3135
-5459
-7325
-7991
-7252
-5412
-3002
-712
1091
2174
2400
1765
246
-2049
-4704
-7026
-8153
-7524
-5354
-2184
1031
3490
5020
5402
4879
3650
1746
-637
-3322
-5676
-6986
-6829
-5326
-2806
-29
2107
3491
4105
4396
4588
4437
4028
3259
2435
1868
1770
2404
3211
3685
3596
2747
1366
5
-925
-1530
-1924
-2210
-2303
-1815
-572
1274
3335
5132
6218
6486
6060
5158
3979
2540
1047
-339
-1596
-2367
-2509
-2192
-1531
-633
265
1002
1490
1479
1011
229
-595
-1078
-1075
-690
-240
159
569
1118
1670
1910
1718
1072
28
-1160
-2042
-2359
-2226
-2041
-1986
-1886
-1585
-1026
-442
1
148
-225
-872
-1377
-1382
-982
-419
353
1059
1599
2053
2224
2085
1627
851
-27
-823
-1421
-1755
-1884
-1851
-1588
-1182
-692
-207
162
505
825
1143
1439
1639
1512
1114
756
625
910
1252
1160
660
-227
-1273
-1890
-1889
-1474
-955
-297
581
1632
2767
3594
3484
2069
-314
-2949
-4894
-5531
-5072
-3948
-2742
-1921
-1409
-1265
-1609
-2531
-4035
-5822
-7296
-7514
-6041
-3219
153
3127
5096
5803
5371
4078
2225
103
-1953
-3637
-4703
-4812
-4029
-2705
-1385
-369
228
397
277
53
194
595
1208
1965
2762
3543
4029
4407
4588
4362
3742
2557
1045
-296
-1219
-1484
-1030
-391
70
456
647
758
1023
1388
1705
1980
2234
2404
2802
3277
3415
3088
2191
1034
-148
-959
-1178
-1109
-820
-375
180
634
728
543
145
-314
-595
-672
-503
-73
341
651
888
1046
1231
1127
620
-40
-707
-995
-856
-510
-172
-92
-334
-593
-740
-893
-824
-835
-1085
-1102
-812
-283
412
906
1154
1276
1108
810
487
139
-162
-497
-695
-646
-413
-221
-244
-268
-274
-163
122
245
375
514
718
1137
1524
1735
1429
735
-105
-661
-615
-289
140
292
29
-469
-910
-1024
-845
-461
-102
260
1039
2204
3371
4175
3839
2005
-753
-3516
-5445
-6287
-6108
-5227
-4200
-3301
-2839
-2831
-3127
-3788
-4644
-5482
-5905
-5431
-3914
-1541
1072
3032
3921
3690
2532
1031
-319
-1216
-1470
-1198
-690
-334
-272
-487
-1104
-1851
-2709
-3656
-4103
-3734
-2272
168
2920
5221
6523
6595
5513
3931
2466
1413
854
683
826
1206
1798
2552
3038
2746
1663
91
-1578
-2782
-2979
-2150
-674
1077
2661
3877
4493
4321
3616
2468
1111
-44
-772
-902
-390
717
2214
3580
4207
3744
2164
-12
-2145
-3550
-3631
-2680
-1472
-580
3
457
832
1036
1021
706
42
-490
-423
500
1793
2711
2741
1726
391
-732
-1289
-1099
-609
-224
-277
-716
-1066
-1181
-1210
-1335
-1590
-1712
-1362
-619
272
1257
2012
2194
1866
1159
456
94
-17
34
79
45
-153
-596
-971
-1158
-1076
-824
-596
-555
-827
-1106
-1234
-1014
-541
-142
171
401
569
703
805
836
751
491
270
432
1099
2169
3322
4114
3886
2437
75
-2755
-5140
-6565
-7014
-6499
-5395
-4085
-2930
-2171
-1840
-1999
-2477
-3168
-3798
-3915
-3306
-1938
-387
832
1453
1198
430
-172
-263
129
630
767
541
0
-766
-1612
-2433
-3111
-3627
-3703
-3103
-1756
149
2071
3374
3694
3154
2128
1145
649
665
1184
2097
3092
4044
4623
4736
4421
3500
2292
992
-259
-1006
-1285
-1025
-340
232
687
909
880
855
876
767
516
395
474
879
1765
2874
3802
4309
4338
3943
3298
2383
1068
-526
-2305
-3830
-4360
-3582
-1965
-465
240
69
-385
-628
-645
-321
205
609
992
1575
2367
3188
3348
2404
817
-628
-1383
-1400
-812
-99
91
-365
-1134
-1699
-1977
-2166
-2434
-2699
-2444
-1447
-52
1346
2354
2731
2361
1485
721
100
-248
-291
-370
-539
-725
-856
-1087
-1262
-1318
-1365
-1344
-1195
-1011
-943
-879
-780
-559
-84
496
995
1312
1339
1118
736
327
42
-26
394
1319
2482
3547
4087
3966
2967
1078
-1331
-3858
-5696
-6393
-5860
-4314
-2498
-1179
-939
-1839
-3412
-4933
-5874
-6030
-5413
-4037
-2160
-290
1381
2329
2196
1270
-78
-1028
-1087
-325
1038
2250
2668
2299
1163
-545
-2283
-3666
-4424
-4456
-3887
-2862
-1445
1
907
1209
972
522
368
679
1646
3202
4879
6247
6997
6879
6058
4840
3482
2300
1459
993
669
401
145
-349
-1032
-1746
-2417
-2719
-2639
-2267
-1493
-496
589
1644
2650
3646
4399
4858
5092
5107
4809
4254
3348
1982
352
-1510
-3047
-3559
-3024
-1829
-871
-756
-1339
-2341
-3253
-3636
-3298
-2418
-1189
427
2092
3604
4534
4334
3097
1262
-256
-744
-214
988
2146
2453
1734
240
-1552
-3131
-4231
-4747
-4739
-3985
-2574
-1022
371
1284
1425
880
32
-577
-728
-434
296
831
1072
1127
775
258
-398
-977
-1301
-1451
-1267
-1011
-762
-421
-377
-464
-380
-232
-122
-32
115
175
23
-164
-163
141
916
1974
2938
3616
3928
3980
3711
3119
2159
734
-817
-1944
-2453
-2480
-2162
-2070
-2695
-4074
-5992
-7726
-8551
-8301
-7196
-5509
-3589
-1885
-731
-136
-170
-546
-722
-373
969
2986
5028
6458
6585
5460
3241
426
-2213
-4188
-5152
-5126
-4325
-3181
-2158
-1587
-1567
-1958
-2460
-2589
-2002
-659
1272
3572
5760
7413
8461
8577
7613
6253
5080
4253
3885
3661
3149
2175
787
-690
-2099
-3388
-4398
-5004
-5090
-4539
-3523
-2306
-1189
-223
806
1775
2847
4008
4815
5181
5112
4825
4754
4717
4239
3277
2095
1178
472
-255
-1145
-2605
-4641
-6453
-6847
-5382
-3002
-1233
-735
-946
-997
-742
-224
603
1587
2347
2588
2949
3933
4842
4537
2758
379
-1217
-1630
-1582
-1334
-1224
-1683
-2694
-3800
-4104
-3649
-3169
-2883
-2565
-1771
-626
267
579
524
607
883
1162
1337
1336
1160
684
43
-419
-534
-472
-488
-506
-453
-303
-257
-691
-1573
-2639
-3335
-2840
-1345
279
1674
2579
3057
3381
3361
3228
3258
3491
3847
4256
5019
5655
5348
3875
1411
-1168
-3113
-4431
-4946
-4627
-4039
-4031
-5034
-6342
-7027
-7060
-6886
-6572
-5828
-4555
-3159
-1934
-828
487
1833
2530
2725
3022
3557
4042
3972
2917
1119
-909
-2738
-3818
-3880
-3205
-2776
-2993
-3469
-3867
-3907
-3785
-3263
-1998
-322
1497
3334
5145
6559
7057
6453
5154
4019
3746
4432
5480
6193
6033
4852
2882
748
-1190
-2781
-3629
-3688
-3079
-2227
-1410
-685
-371
-526
-1066
-1470
-1223
-351
930
2286
3536
4529
5050
4986
4409
3605
2702
1818
1360
1109
567
-462
-1553
-1932
-1687
-1383
-1651
-2257
-2652
-2834
-2766
-2436
-1832
-1184
-732
-426
185
1413
2522
2814
2290
1484
997
775
651
431
-77
-843
-1822
-2462
-2486
-2265
-2187
-2393
-2559
-2343
-1664
-1146
-985
-816
-565
-127
175
373
587
662
586
503
718
978
1078
837
100
-742
-1288
-1460
-1527
-1527
-1337
-924
-179
450
761
1046
1097
1109
1434
1988
2886
3648
3885
3928
3962
3989
3757
3171
2363
1535
940
630
393
4
-629
-1587
-2763
-3834
-4334
-4139
-3708
-3534
-4029
-5158
-6331
-7002
-6802
-5883
-4721
-3406
-2207
-1498
-1156
-1047
-856
-747
-846
-617
122
1263
2168
2295
1895
1060
-299
-1662
-2303
-1791
-561
240
278
71
50
96
-119
-291
104
872
1459
1831
2502
3633
4404
4109
3198
2332
2113
2513
3033
3702
4054
3788
2967
2017
1647
1494
1050
200
-524
-691
-594
-413
-466
-659
-732
-927
-957
-772
-507
-327
-475
-380
132
1004
2060
2877
3310
3299
3097
2846
2345
1239
-175
-805
-9
1443
1883
872
-675
-1788
-2282
-2426
-1980
-1062
-474
-836
-1558
-1493
-709
-400
-1337
-2558
-2635
-1500
-213
378
347
-172
-1253
-2356
-2330
-1011
433
742
-347
-1219
-848
-32
329
144
109
481
719
488
138
-6
-249
-1021
-1991
-2157
-1395
-673
-495
-845
-1158
-1089
-876
-609
-184
555
1363
2054
2532
2917
3424
3844
4067
4162
4081
3812
3290
2466
1818
1508
1370
1335
1154
929
649
330
-20
-663
-1485
-2465
-3452
-4263
-4880
-4853
-3988
-2861
-2532
-3501
-5171
-6472
-6651
-5956
-4757
-3296
-1982
-1296
-1627
-2445
-2824
-2517
-2003
-1781
-1400
-195
1466
2580
2546
1633
506
-471
-1015
-470
1157
2998
3850
3156
1948
1081
516
132
31
463
1159
1591
1450
1272
1536
1648
1113
247
46
981
2385
3422
3694
3487
3001
2216
1594
1585
1922
2267
2331
1946
1491
911
156
-734
-1717
-2313
-2220
-1221
21
503
26
-904
-1443
-1222
-579
203
1343
2630
3705
4197
3927
3206
1844
64
-802
388
2918
4296
3270
698
-1737
-2934
-3351
-3205
-2259
-1191
-1114
-2105
-2791
-2382
-1804
-2547
-4192
-4605
-3020
-731
539
432
-310
-1172
-2010
-2281
-1162
1093
2742
2745
1722
910
968
980
428
-80
-67
184
49
-299
-419
-330
-653
-1683
-2595
-2715
-2110
-1395
-963
-439
406
1261
1761
1972
2259
2790
3132
3099
3047
3281
3753
4067
3947
3522
2965
2313
1525
749
462
598
696
600
117
-577
-1087
-1537
-1819
-1846
-1830
-2049
-2716
-3430
-3769
-3678
-3461
-3424
-3696
-4392
-5261
-5878
-5833
-5167
-4373
-3719
-3352
-3188
-3088
-2932
-2660
-2196
-1598
-1286
-896
61
1556
2958
3434
3125
2513
2087
1983
2063
2503
3046
3031
2220
1046
382
356
355
-57
-830
-1264
-1176
-903
-531
47
820
1348
1362
1318
1934
3005
3630
3507
3112
3131
3423
3287
2669
2051
1858
1656
971
287
-54
-130
-444
-1270
-1731
-1323
-755
-712
-1058
-1232
-754
-88
386
940
1582
2321
2691
2560
2232
1699
837
-433
-1172
-429
1314
2450
1851
260
-953
-1455
-1649
-1474
-639
365
480
-462
-1472
-1807
-1839
-2445
-3480
-3795
-2831
-1369
-576
-846
-1714
-2491
-2853
-2414
-843
1244
2755
2980
2305
1694
1533
1634
1715
1833
1918
1739
1197
590
97
-351
-843
-1531
-1987
-1802
-1182
-758
-762
-937
-913
-465
290
1169
1735
1957
2038
1975
1819
1713
1869
2017
1922
1591
1228
1199
1414
1331
876
336
-29
74
226
282
258
137
5
-298
-558
-857
-1377
-2144
-2999
-3602
-3771
-3748
-3890
-4065
-4240
-4365
-4604
-5086
-5287
-4938
-4229
-3572
-3067
-2560
-2124
-1646
-1272
-1099
-639
36
639
1134
1559
2008
2356
2503
2299
2145
2154
2130
2105
1866
1735
1709
1753
1806
1525
1030
633
406
321
524
697
589
341
279
676
1239
1542
1462
1338
1457
1932
2438
2619
2499
1888
1073
582
757
1621
2396
2332
1572
772
342
359
542
602
625
401
59
-65
7
6
-440
-1103
-1421
-1154
-853
-765
-613
-388
-484
-1014
-1493
-1151
301
1715
2084
1577
826
435
283
192
556
1169
1208
244
-1120
-1950
-2186
-2396
-2885
-3059
-2591
-2074
-2114
-2614
-2830
-2643
-2420
-2128
-1204
515
2014
2473
2039
1581
1695
1819
1691
1727
2223
2938
2870
1850
752
165
142
-4
-341
-400
-239
-131
-482
-860
-681
-257
-100
-252
-307
-15
242
-90
-448
-448
-164
178
197
506
1109
1541
1546
1143
904
963
1193
1295
1332
1690
1860
1295
325
-429
-584
-376
-533
-1078
-1536
-1937
-2444
-3023
-3414
-3488
-3528
-3591
-3490
-3197
-2931
-2972
-3229
-3464
-3435
-3202
-2988
-2620
-1989
-1497
-1454
-1530
-1353
-917
-322
337
1026
1728
2246
2365
2369
2516
2637
2704
2700
2690
2757
2592
2074
1472
1008
714
386
-43
-200
-188
-256
-531
-932
-933
-589
-242
44
379
799
1300
1596
1602
1783
2201
2448
2327
2263
2581
3113
3398
3109
2353
1524
838
183
-192
-62
354
360
-446
-1249
-1512
-1373
-1332
-1849
-2113
-1562
-692
8
222
189
54
-474
-1036
-640
1195
3140
3416
1992
341
-372
-452
-418
-190
203
324
-357
-1656
-2352
-1922
-1598
-2209
-2935
-2700
-1634
-770
-531
-592
-652
-891
-1309
-1201
-104
1485
2395
1977
927
247
185
520
886
1315
1778
1719
1132
515
330
468
392
33
-418
-499
-336
-283
-293
-430
-435
-553
-875
-981
-701
-117
371
491
381
370
462
560
668
701
766
951
923
815
971
1294
1466
1236
731
333
322
597
768
604
368
232
-58
-474
-798
-1234
-1626
-2015
-2527
-2742
-2827
-3029
-3249
-3543
-3942
-4226
-4348
-4341
-4089
-3762
-3552
-3235
-2745
-2380
-1921
-1198
-464
180
713
1253
1947
2486
2744
2843
2795
2894
2879
2585
2444
2425
2240
1724
1117
878
945
893
358
-418
-792
-694
-374
-205
-89
182
381
303
-62
25
741
1411
1742
1723
1768
2022
2016
1708
1600
1881
2069
1741
1212
902
910
946
541
-101
-322
-238
-280
-379
-234
168
236
-233
-857
-1031
-445
194
124
-216
-23
371
503
349
234
465
316
-597
-1490
-1124
391
1415
997
-134
-935
-1366
-1660
-1726
-952
307
614
-447
-1667
-1757
-1209
-1117
-1475
-1483
-841
-109
259
324
395
233
-643
-1445
-1190
149
1743
2325
1902
1215
508
-30
-251
33
766
1427
1491
970
449
272
237
40
-191
-289
-122
215
438
510
342
222
-25
-561
-847
-654
-32
576
752
366
-70
-103
61
336
544
735
919
824
676
708
936
1060
804
383
134
112
94
55
-63
-289
-727
-1646
-2466
-2843
-2969
-2728
-2634
-2892
-3107
-3370
-3684
-3819
-3725
-3407
-3115
-2960
-2772
-2406
-1681
-893
-558
-811
-1239
-1069
-170
815
1634
2260
2524
2445
2026
1615
1611
1916
2272
2511
2556
2592
2735
2513
1879
1181
625
419
544
793
1051
1242
892
141
-532
-899
-708
-229
345
783
1070
1174
776
353
258
437
742
962
1164
1477
1701
1494
842
159
-109
0
259
403
367
422
389
107
-260
-578
-462
-123
-10
-29
46
153
-120
-676
-865
-291
482
578
-106
-847
-1011
-932
-822
-460
98
288
-358
-1220
-1412
-892
-295
-298
-597
-483
-46
337
338
197
51
-223
-649
-940
-416
525
1159
1061
369
-56
-144
-61
150
333
649
795
466
127
192
609
869
571
130
53
323
655
825
717
453
172
-188
-233
157
662
932
644
129
-270
-323
-276
-362
-344
-162
125
148
-63
-263
-319
-326
-411
-246
221
652
752
564
250
-27
-73
-41
76
363
426
253
-53
-425
-822
-1325
-1678
-1840
-1795
-1762
-2023
-2219
-2421
-2759
-3189
-3513
-3368
-2997
-2724
-2680
-2690
-2493
-2180
-1906
-1598
-1021
-408
-169
-82
140
733
1449
1661
1710
1999
2297
2360
2069
1839
1953
2243
2347
2096
1994
2084
1996
1559
1059
958
1069
907
452
327
691
981
820
267
-169
-229
-154
32
304
668
939
689
-3
-542
-463
20
505
627
583
755
745
446
271
473
871
954
687
688
1059
1332
1191
590
98
71
146
198
415
635
447
-416
-1520
-1782
-963
2
156
-349
-832
-1131
-1445
-1610
-1109
-281
45
-264
-681
-604
51
457
170
-238
-262
-42
11
221
638
753
250
-718
-1306
-1156
-706
-333
-159
-158
-331
-535
-654
-538
-132
133
123
175
380
699
1045
1199
1215
1045
777
650
677
878
1060
1133
1019
598
9
-426
-476
-239
-96
-266
-497
-727
-1035
-1163
-999
-783
-576
-530
-704
-883
-938
-728
-510
-403
-269
-228
-145
-51
-58
-147
-350
-404
-273
-63
154
276
212
-51
-464
-892
-1077
-1011
-819
-683
-793
-993
-1193
-1619
-2129
-2310
-2222
-2072
-1984
-1982
-1860
-1754
-1902
-2172
-2076
-1465
-922
-657
-494
-194
348
636
706
994
1407
1872
2162
2163
2374
2734
2864
2695
2414
2406
2626
2766
2658
2395
2095
1707
1201
781
619
613
564
356
54
-137
-258
-562
-877
-999
-878
-577
-277
86
313
245
140
42
70
354
682
1017
1213
1258
1259
1119
946
798
595
457
442
392
390
508
585
429
-149
-845
-1126
-941
-430
91
264
94
-304
-628
-841
-870
-659
-475
-335
-351
-233
202
421
343
-74
-672
-904
-741
-259
227
386
170
-353
-943
-1285
-1254
-1017
-762
-675
-708
-624
-470
-456
-559
-728
-774
-579
-419
-164
318
739
880
644
427
457
527
638
713
829
1096
1238
1185
981
767
573
192
-66
-23
115
212
98
-188
-415
-632
-879
-1113
-1246
-1212
-1131
-987
-829
-683
-714
-936
-1070
-1080
-833
-388
16
324
342
134
47
60
191
411
568
597
508
482
364
174
-2
-408
-740
-877
-908
-842
-861
-994
-1209
-1547
-1957
-2200
-2195
-1983
-1762
-1780
-1835
-1708
-1474
-1256
-1094
-828
-439
-194
-47
257
671
1068
1236
1178
1399
1762
1892
1869
1786
1852
1977
1999
1973
1898
1818
1678
1388
1179
1083
1029
990
624
174
48
131
180
96
-76
-212
-252
-294
-336
-171
185
329
283
225
303
570
695
661
593
513
593
707
735
828
993
1017
649
295
172
238
494
459
269
190
123
134
59
-2
85
114
-51
-302
-289
39
359
438
310
198
82
-79
-74
19
143
207
133
36
-53
-122
-265
-526
-817
-976
-1061
-962
-696
-685
-759
-879
-1237
-1499
-1478
-1339
-968
-508
-334
-335
-361
-281
-133
-36
140
289
402
492
502
649
848
860
759
572
415
307
186
216
275
296
154
-181
-330
-295
-323
-468
-671
-778
-723
-648
-612
-515
-417
-607
-822
-892
-907
-714
-454
-195
-19
36
44
28
58
168
266
286
336
555
779
788
870
827
408
14
-281
-466
-422
-398
-513
-527
-567
-917
-1386
-1816
-1999
-1815
-1669
-1653
-1578
-1466
-1373
-1387
-1351
-1098
-735
-485
-415
-304
49
536
800
816
848
1027
1228
1365
1559
1659
1607
1460
1165
1175
1492
1726
1597
1149
769
473
203
12
59
252
350
267
109
79
145
43
-194
-343
-116
328
588
639
622
644
441
243
288
448
796
1018
943
850
844
843
695
473
392
388
488
641
702
724
571
176
-360
-623
-315
105
375
302
60
27
-120
-305
-150
188
367
230
-64
-115
168
363
246
-32
-289
-323
-299
-301
-172
-65
-208
-623
-947
-1014
-913
-711
-650
-776
-944
-947
-845
-791
-560
-363
-416
-569
-750
-708
-425
-125
40
153
288
341
308
253
331
543
693
584
440
498
496
446
343
191
153
-63
-331
-427
-490
-465
-494
-557
-676
-877
-1008
-1043
-876
-616
-536
-610
-601
-658
-665
-560
-464
-193
37
83
115
191
248
231
169
154
319
505
530
623
666
390
-10
-335
-474
-446
-385
-356
-418
-563
-775
-1074
-1325
-1351
-1219
-1179
-1145
-1038
-917
-843
-838
-669
-461
-273
-28
1
98
449
663
812
915
940
1108
1198
1163
1251
1308
1237
1048
941
1077
1074
921
794
600
503
444
259
157
174
130
38
12
-15
25
143
197
193
85
86
221
256
287
343
428
447
499
546
470
399
338
420
422
435
509
439
484
482
425
432
355
334
242
50
137
292
246
256
269
201
89
-55
-20
93
162
131
-24
-18
136
165
124
82
42
32
-86
-193
-137
-20
34
-87
-288
-432
-552
-621
-647
-602
-530
-650
-743
-695
-649
-524
-575
-769
-821
-755
-624
-458
-205
82
203
91
-31
-41
91
328
468
553
528
410
364
291
228
157
128
70
-73
-141
-329
-499
-584
-670
-786
-946
-900
-853
-838
-800
-946
-1017
-1014
-1006
-893
-767
-615
-503
-447
-493
-471
-210
-4
14
77
322
456
427
357
272
305
242
260
385
457
466
289
86
-213
-435
-527
-578
-498
-492
-535
-552
-632
-743
-877
-1022
-1095
-990
-813
-596
-321
-148
-109
-162
-329
-500
-436
-210
164
512
721
902
866
764
715
692
720
712
782
909
1088
1216
1183
1107
932
759
550
302
291
520
715
687
639
566
487
425
301
264
346
487
457
346
379
503
547
411
365
472
507
446
340
311
415
400
233
57
51
125
63
63
105
109
10
-196
-387
-412
-152
93
121
110
235
302
174
130
215
284
339
272
259
403
526
588
405
137
-16
-129
-215
-267
-178
-130
-185
-362
-584
-588
-647
-678
-590
-691
-748
-658
-633
-538
-443
-380
-260
-219
-238
-269
-236
-125
-51
-1
72
196
294
280
240
307
320
196
23
-97
-106
-108
-55
-68
-158
-291
-528
-665
-762
-789
-743
-700
-774
-880
-855
-904
-908
-816
-708
-626
-650
-656
-542
-365
-193
-128
-76
30
47
101
218
399
514
423
353
304
272
396
575
616
573
370
68
-86
-132
-54
11
-155
-392
-486
-547
-567
-456
-448
-557
-693
-861
-859
-717
-489
-342
-295
-260
-295
-279
-211
-137
-78
-32
-25
50
177
401
620
573
440
394
376
426
565
680
775
722
685
711
645
791
908
871
767
613
655
635
701
848
809
752
699
681
555
436
324
252
394
409
380
452
363
250
202
55
44
24
-39
-43
-102
76
141
86
162
25
-76
-187
-270
-90
44
169
277
192
67
39
34
81
113
68
88
97
65
128
154
97
-17
-108
-38
132
185
95
-36
-281
-435
-572
-578
-373
-231
-204
-316
-402
-492
-625
-692
-604
-380
-211
-164
-23
159
139
79
-36
-96
-39
-20
97
226
314
317
199
93
16
-80
-231
-289
-251
-223
-192
-299
-418
-432
-454
-514
-629
-642
-661
-673
-581
-531
-372
-273
-355
-290
-237
-208
-120
-163
-151
-88
-41
-7
-14
41
154
254
238
197
210
221
178
112
202
268
185
155
156
59
35
7
-91
-117
-259
-372
-428
-463
-314
-190
-172
-183
-195
-269
-338
-371
-455
-435
-353
-232
-195
-178
-36
-29
-67
-132
-268
-226
-101
-57
41
194
326
351
308
317
258
201
249
265
244
402
617
628
660
654
554
530
372
252
262
318
507
569
553
602
591
506
418
314
254
303
373
401
396
407
394
329
209
129
38
-50
-129
-144
-70
-29
93
167
181
146
66
138
145
109
104
116
209
191
133
124
77
56
43
-89
-220
-275
-263
-168
-221
-251
-238
-359
-416
-470
-443
-362
-386
-355
-324
-311
-308
-345
-341
-331
-232
-135
-178
-169
-82
-7
-8
-121
-127
-29
49
172
180
162
271
239
128
74
40
55
70
137
152
84
37
-103
-191
-193
-219
-242
-219
-90
-25
-30
-17
-91
-117
-72
-107
-116
-121
-73
11
15
59
47
3
-90
-301
-365
-319
-303
-160
-82
-142
-159
-177
-203
-239
-265
-259
-175
-198
-222
-141
-67
24
-103
-190
-241
-283
-118
-57
-13
90
111
106
95
79
99
206
190
146
174
155
162
107
92
96
-64
-179
-221
-295
-233
-165
-231
-267
-364
-466
-466
-389
-314
-233
-199
-259
-177
-135
-114
8
83
138
163
220
299
242
258
326
314
367
356
348
378
375
399
356
349
336
288
336
403
386
304
259
201
147
144
174
159
119
75
12
14
44
65
66
107
143
116
42
0
89
104
73
81
124
192
91
43
65
0
6
63
13
-14
121
125
26
93
199
132
-33
-68
-80
-54
-6
-9
61
36
3
-61
-151
-126
-114
-33
-68
-197
-195
-169
-119
-95
-26
53
-5
-110
-149
-111
-4
-12
-115
-152
-111
24
92
95
96
45
-20
-74
-94
-32
42
102
176
187
180
180
94
30
64
13
-63
11
46
-19
-65
-92
-106
-162
-189
-163
-233
-299
-354
-376
-306
-362
-416
-326
-277
-246
-299
-359
-327
-375
-363
-263
-173
-35
102
113
114
188
118
22
42
84
167
234
226
236
169
93
25
-138
-216
-217
-179
-189
-170
-123
-273
-342
-363
-477
-455
-419
-386
-384
-430
-370
-261
-230
-260
-266
-250
-196
-155
-99
-29
65
195
225
167
186
298
317
275
322
354
302
270
357
454
431
340
209
196
275
338
313
230
263
233
231
235
264
338
281
298
278
193
132
182
210
138
168
118
130
203
269
279
225
197
104
83
102
142
226
255
271
301
210
133
176
96
42
112
75
78
108
114
215
261
167
99
70
86
123
130
165
128
80
91
131
108
64
88
-14
-60
-55
-135
-148
-205
-151
-133
-287
-260
-236
-281
-273
-276
-229
-229
-244
-206
-217
-191
-179
-193
-131
-136
-94
-112
-122
-29
-135
-172
-139
-175
-188
-180
-145
-124
-99
-49
-48
-127
-143
-103
-173
-290
-283
-255
-310
-258
-229
-244
-154
-214
-318
-353
-379
-316
-267
-222
-92
-1
-58
-114
-139
-73
-5
-128
-156
-188
-175
-31
-19
22
13
7
-5
-84
-33
-93
-117
-43
-37
-50
-123
-109
-32
17
-30
-83
-87
-116
-112
-45
14
-27
-31
-8
-12
0
39
53
-7
-4
-11
50
195
207
242
332
330
298
364
403
405
412
336
286
256
266
300
285
296
310
315
308
259
236
299
326
352
390
381
428
343
225
207
196
266
248
260
282
278
298
192
165
206
202
177
208
248
228
247
141
-14
-50
-125
-122
-34
-26
-5
-5
1
16
5
15
-39
-69
0
-45
-112
-30
-16
-33
-85
-200
-90
-22
-50
38
24
-15
-40
-113
-137
-108
-85
-76
-36
-4
-62
-173
-226
-291
-436
-442
-367
-227
-100
-146
-128
-120
-183
-243
-309
-353
-369
-373
-338
-286
-246
-140
-76
-106
-186
-277
-257
-181
-124
-108
-85
-24
-68
-87
-19
-57
-115
-185
-299
-334
-268
-203
-172
-157
-169
-205
-219
-232
-243
-195
-234
-281
-309
-394
-312
-224
-220
-205
-157
-146
-173
-74
-56
-34
44
33
81
131
116
117
150
184
121
94
165
185
187
172
192
177
143
193
209
207
203
233
181
109
101
59
149
158
93
185
193
194
209
345
396
192
227
266
217
209
235
260
228
196
133
116
136
212
272
221
218
300
265
274
344
316
337
308
245
270
260
235
143
106
143
119
125
113
211
261
196
211
153
50
0
51
38
-41
4
-28
-70
-103
-127
-103
-142
-132
-196
-222
-147
-187
-185
-174
-232
-264
-248
-268
-254
-156
-182
-251
-297
-336
-263
-211
-159
-46
-75
-151
-146
-204
-254
-260
-281
-250
-302
-309
-240
-229
-109
-160
-258
-208
-255
-160
-121
-186
-173
-219
-226
-263
-295
-284
-260
-210
-243
-213
-240
-314
-191
-133
-105
-76
-89
-75
-41
-27
-102
-63
-102
-173
-154
-166
-86
-74
-75
-39
-53
25
-7
-16
72
-14
59
138
91
92
36
23
34
90
120
103
146
181
171
164
184
166
144
182
185
239
365
320
184
147
189
232
213
153
253
380
336
292
240
224
292
278
238
237
155
155
239
204
227
255
230
246
242
254
245
235
219
252
267
208
193
138
102
74
20
29
37
9
7
24
-19
-62
-7
-3
3
98
56
-78
-119
-130
-141
-121
-73
-31
-38
-123
-196
-149
-139
-49
36
-4
12
-42
-84
-106
-141
-121
-133
-181
-205
-180
-172
-196
-184
-218
-359
-338
-286
-333
-260
-228
-236
-287
-345
-275
-244
-278
-295
-291
-264
-294
-343
-249
-102
-58
-76
-90
-111
-119
-124
-185
-143
-45
-41
-56
-61
-28
-30
-7
8
1
15
31
39
-50
-53
-79
-82
22
49
35
-23
-61
-42
-84
-136
-137
-99
32
71
114
130
1
26
67
132
115
-18
34
89
91
87
56
177
283
233
175
136
114
77
80
124
161
165
213
251
236
219
118
116
208
234
268
280
293
318
342
330
250
278
292
264
222
122
150
185
201
230
247
236
166
156
108
149
223
228
247
126
60
61
8
13
41
67
114
104
116
106
79
63
-1
44
65
65
85
50
80
49
-51
-102
-114
-97
-161
-114
-118
-234
-147
-165
-146
-68
-146
-214
-255
-259
-228
-260
-286
-275
-260
-180
-233
-221
-141
-180
-121
-166
-228
-230
-223
-127
-147
-206
-147
-156
-157
-126
-197
-179
-137
-245
-262
-214
-163
-80
-124
-70
-66
-148
-159
-247
-230
-216
-216
-161
-111
-63
-49
-42
-92
-48
-52
-87
0
29
10
17
135
159
-14
-68
25
79
64
47
97
110
71
104
74
-4
-30
86
168
145
165
107
118
81
23
105
136
155
189
268
266
183
177
175
146
126
190
172
171
222
119
88
120
32
50
167
143
146
155
129
146
92
66
17
-11
24
37
100
119
89
55
-17
-48
13
59
102
124
111
85
89
139
100
101
133
-11
-13
73
2
51
32
-76
-14
33
32
33
49
67
18
-2
-25
-121
-102
-89
-126
-5
-26
-123
-72
-122
-137
-218
-303
-158
-121
-131
-102
-74
-91
-130
-157
-239
-205
-209
-218
-186
-166
-123
-160
-144
-97
-157
-190
-112
-84
-97
-124
-189
-169
-85
-127
-157
-94
-52
-22
-37
-117
-147
-140
-116
-74
-120
1
115
54
6
-101
-119
-62
-35
-6
-8
-85
-71
6
62
160
55
-37
-57
-123
-48
4
64
114
68
65
62
70
77
58
43
25
35
107
165
57
87
175
73
93
121
101
137
135
127
114
120
83
15
101
183
190
218
169
94
38
16
62
82
160
198
140
165
105
-16
-13
54
65
62
28
62
139
103
129
96
44
111
93
54
103
143
72
-26
88
165
73
94
-18
-77
-1
-60
0
28
-31
-61
-147
-169
-156
-97
-60
-140
-177
-153
-173
-127
-133
-161
-50
-94
-94
-50
-164
-162
-144
-207
-109
-76
-96
-10
-44
-59
-9
-26
-64
-116
-94
-21
4
-1
-51
-86
-112
-133
-151
-208
-214
-172
-21
17
-102
-131
-95
-38
-90
-85
-2
-54
-40
27
-23
-22
-7
-28
49
11
2
97
20
-32
21
32
86
139
76
79
89
63
117
49
14
82
54
49
135
132
67
81
46
93
141
52
81
146
152
140
75
76
166
154
155
161
83
43
25
57
31
18
112
146
126
86
72
33
28
48
-15
-5
-1
-38
11
54
44
25
14
-13
41
126
66
119
161
111
72
2
32
96
84
50
-3
-65
-34
-35
-47
-4
-89
-88
-2
-19
21
-6
-51
-109
-163
-97
-91
-108
-99
-77
-40
4
36
-14
-59
-55
-29
11
-4
-1
30
-29
-19
0
-46
-23
-64
-35
10
-16
8
-29
-21
-39
-75
-66
-91
-127
-157
-111
-73
-64
-88
-112
-88
-58
-45
-52
-68
8
73
-15
20
-16
-82
-65
-166
-87
-32
-89
-62
-26
-68
-94
-35
-50
-74
6
-2
-93
-53
20
3
-19
-85
-163
-66
22
-2
-70
-54
7
-75
-34
18
36
102
37
69
111
109
46
-39
60
44
7
65
112
57
-88
-22
9
-19
68
83
-3
-4
107
115
37
19
4
38
91
78
99
116
60
2
50
110
81
76
153
121
40
48
40
77
27
-16
17
-16
34
99
33
15
31
28
49
52
93
56
51
47
5
51
0
0
51
34
55
26
58
160
97
58
105
116
80
24
20
-20
2
22
-80
-51
-28
-93
-19
-37
-120
-50
-52
-73
-3
-53
-30
29
-58
-110
-86
-10
-17
-57
-81
-48
42
47
-43
-67
17
-15
-30
7
-6
6
-37
-76
-31
-20
-10
0
-82
-58
34
1
-3
-11
-38
-78
-154
-155
-68
-22
-45
-45
-85
-40
13
-34
-55
-73
-20
12
14
50
10
-75
-43
-1
-2
18
0
-35
-50
-63
-24
38
2
4
47
-2
-11
-11
-15
58
-51
-81
9
-37
-1
7
66
151
19
12
27
-3
40
-76
-84
19
59
49
2
28
68
21
-59
-15
-1
-41
50
81
80
98
10
0
24
-34
46
60
3
60
68
56
73
62
21
109
106
17
66
48
33
43
-2
9
17
64
77
21
43
83
63
-16
-27
-12
-1
-26
10
104
48
-27
-47
-14
-6
-22
-44
-45
85
81
87
92
26
52
-53
-5
76
-9
50
30
-30
-26
-46
-45
0
43
3
-37
-58
51
108
38
35
-15
21
39
-15
51
-3
-71
-79
-94
-74
-82
-29
11
6
-8
37
61
-26
-34
29
45
20
67
37
-44
19
24
-69
-68
-58
-60
-13
-89
-17
68
4
77
-5
-100
-122
-116
-29
-100
-93
-25
-35
-68
-131
-63
-52
-94
-19
-90
-109
6
-64
-81
-44
-78
11
21
-44
-38
11
-10
-88
16
70
47
64
68
20
40
31
-19
28
-36
-66
-51
-68
41
78
-6
-14
3
39
0
-52
-20
-14
0
-20
-10
31
65
7
-76
-1
-6
-19
9
-13
7
25
86
72
0
-11
-10
-3
67
93
19
-3
5
63
82
51
58
96
78
14
30
66
27
27
87
105
105
64
32
55
36
28
40
92
40
-50
23
-29
3
86
-13
-51
-75
-40
-13
-53
-94
-99
0
-6
-52
-41
-121
-103
-9
-59
-56
-8
-31
33
45
-5
66
86
48
25
45
68
5
12
22
17
59
108
118
62
-6
-3
26
-15
7
73
82
59
30
-29
-54
-14
-18
-44
-74
-75
-15
-12
-51
-62
-44
-7
4
19
-26
-64
-45
-73
-74
-1
-18
-2
23
-79
-24
50
-58
-53
-61
-122
-40
-9
-7
18
12
0
-25
-18
-2
-14
-38
-57
49
123
60
26
24
76
59
32
61
31
9
-50
-37
-15
18
71
5
-5
3
46
-12
-111
-31
0
19
0
-27
6
-19
-11
-61
-95
-43
-88
-73
-12
-102
-99
51
72
12
29
34
29
47
24
-4
-13
10
49
72
24
32
44
22
82
4
-1
60
68
52
28
110
112
47
4
31
74
1
-13
41
33
27
22
33
34
6
33
9
-19
15
-21
-64
-22
-29
-92
16
54
-45
-69
-23
30
-62
-64
-4
-63
-35
-15
-4
39
-31
-95
-54
-34
-76
-44
-12
-8
0
-27
-11
-21
-35
-15
-8
-34
-74
-36
14
-8
-40
-47
-14
-16
-27
-37
-47
-43
-29
41
33
-66
-11
40
59
70
-55
27
62
28
46
-54
-23
46
39
5
22
35
-31
-46
-16
21
-35
-89
-14
2
38
-5
-68
-11
-75
-79
-20
-67
-13
-4
-28
60
24
-52
-31
-25
14
49
-8
-51
-20
72
55
-28
23
45
42
46
-7
20
53
20
-5
6
31
10
-14
-24
-37
-4
-3
-8
-2
-19
-12
-12
3
29
68
87
55
31
-24
-18
15
34
98
10
-25
87
42
-16
6
-7
9
38
19
-34
-2
-1
-49
12
28
0
-28
-69
-35
-13
-37
-37
-15
19
-29
-62
38
5
0
68
-16
3
49
19
64
51
19
59
13
20
83
42
18
46
26
-48
29
80
31
26
10
-18
-85
7
58
-36
-68
-89
8
21
-59
-9
-41
-7
72
-8
2
8
-34
36
43
-21
-24
-54
12
29
-51
-12
-33
-8
10
-38
-38
-32
51
23
-21
20
-68
-33
31
-24
-33
-42
-23
-36
-101
-58
20
10
-18
-25
-69
-81
8
43
6
-6
22
43
61
12
-19
54
30
13
-3
-7
53
30
28
0
-51
10
21
30
50
9
4
-18
7
82
58
0
-40
-24
-21
-84
-25
1
-45
-53
-54
-30
-76
-86
-32
-36
-26
-40
-64
-31
-10
-31
-56
-2
27
28
23
-55
-25
4
-28
49
23
26
41
-3
91
8
27
69
-41
-31
15
95
95
50
19
-21
-44
37
39
-39
24
-17
-55
48
6
-47
32
11
-34
-33
-5
43
-16
-46
-28
23
70
18
0
32
59
49
57
16
-45
-20
32
52
-8
25
48
-14
-31
-39
15
42
-3
-10
30
62
35
57
67
-15
-19
17
-28
-64
-9
23
-47
-26
27
41
77
29
5
50
83
2
-34
19
39
54
-4
-56
-77
-91
-6
50
-56
-76
2
-9
14
3
-10
63
40
11
-29
-78
-44
-89
-83
27
-34
-40
39
-8
5
11
66
103
24
4
-16
54
73
-8
-14
-52
-28
-34
-86
-25
-17
-37
-28
6
72
10
-17
47
46
37
19
-32
-62
14
24
-10
-41
-96
-68
-43
42
73
12
27
25
-7
-13
34
99
97
31
20
-19
-62
32
17
-59
-12
0
-59
-82
-60
-5
25
33
44
-2
20
28
-32
14
42
3
-6
48
33
-47
-93
-15
30
-63
-77
-36
23
57
44
21
13
42
38
37
74
59
-24
-59
13
31
-22
-4
-1
-50
36
35
-69
0
36
55
100
27
21
77
21
-24
17
23
-50
-48
-24
-66
-54
64
63
-28
-12
-35
6
-7
-37
78
30
-17
0
-39
-40
-22
-47
-37
27
-37
-40
10
-41
-9
100
85
27
4
-81
-31
41
7
-4
1
-17
-33
2
3
1
7
3
12
-1
19
50
14
11
10
-37
-13
35
49
-7
-73
-15
-30
-31
46
-17
-17
23
-31
-17
-34
-24
-13
-70
7
1
-56
-7
-17
9
16
-24
-10
-51
-19
0
-18
38
-31
-48
23
14
24
32
47
84
64
59
42
-26
22
123
92
13
-13
-10
1
-23
-60
-26
25
1
-37
4
17
41
79
6
-17
20
-34
-68
-50
-84
-64
-25
-4
-40
-91
-32
-2
25
37
2
22
45
36
32
82
82
-56
-168
-94
30
12
-23
-13
-29
9
30
3
61
106
65
19
-14
-10
-51
-68
14
-6
-20
-12
-45
-47
-2
42
45
73
50
58
67
-2
26
30
-14
-36
-57
-24
2
-21
-38
83
99
-59
-26
49
28
17
32
19
-8
-14
-42
-42
-33
4
7
-30
-9
24
41
46
0
-35
-12
26
31
-35
2
-10
-42
18
18
66
43
-3
10
-5
31
43
-52
-78
-3
3
-25
-72
-35
-8
-38
8
12
40
44
-13
-5
30
-20
-84
-64
-13
-33
-109
-66
-26
-11
31
17
47
72
34
7
18
67
36
-13
-42
-46
4
-37
-41
-25
-66
-52
-12
35
20
27
29
-35
9
-7
-73
5
-66
-129
-47
-75
-64
5
-55
-52
7
-49
-23
16
-65
-58
25
3
9
28
-50
-25
-32
38
60
-70
18
-12
-31
35
-44
-11
17
-51
1
37
-33
-38
-24
7
36
30
-3
19
67
10
-76
-28
14
-36
25
22
20
-1
-67
53
79
43
42
52
73
16
-46
-1
18
-50
11
43
71
15
-85
-19
-11
-4
16
28
51
-3
0
4
-1
37
-16
-48
54
72
-1
-11
-26
9
33
9
61
52
-16
13
56
-9
-33
30
55
95
132
77
-27
-60
-44
20
14
-87
-62
-40
-18
-1
-63
-23
21
15
16
11
49
1
-62
-24
14
-13
-50
-75
-122
-94
-91
-12
-12
-93
11
65
95
71
-2
11
-19
-51
-14
-53
-103
-42
35
-29
-51
-34
-80
43
21
-81
-10
34
13
-37
-23
-5
-40
-55
-19
-51
-85
-34
61
39
-46
24
25
53
30
-64
-20
-34
-88
-116
-51
3
54
119
17
4
53
23
18
12
23
9
7
7
-43
-112
-65
23
-45
-59
-24
3
13
31
97
89
85
37
0
0
-9
23
-27
-48
16
14
22
33
30
55
82
75
50
70
24
-13
36
91
102
42
5
-16
-21
21
22
20
29
33
56
51
-13
-43
8
9
29
2
-50
31
71
33
19
42
17
36
51
-35
-16
-4
13
-4
-67
22
41
-40
-4
25
4
21
-13
1
55
36
8
39
5
-57
-62
-74
-22
-1
8
-5
-34
0
6
-18
-29
20
36
34
14
-48
13
4
-75
-6
25
0
-44
-54
-79
-101
-42
-31
-50
-25
23
1
-36
-32
-52
5
32
-39
-10
45
21
-77
-94
-45
-62
-28
-6
-49
-43
16
31
20
25
56
82
68
34
19
-25
-14
34
-3
-47
-14
13
-24
-10
-46
-74
61
75
5
44
50
38
34
17
26
25
-23
11
26
-36
-10
10
30
12
-34
-29
12
8
-22
42
23
13
45
39
39
29
52
64
76
-26
-65
11
-28
-49
-37
40
69
-57
-94
6
60
29
41
86
146
102
-7
5
28
34
11
-51
-19
-63
-90
39
13
-12
23
6
54
43
63
86
8
11
23
-18
-51
18
16
-67
-82
-39
-36
-107
-18
56
55
58
-9
7
-17
-68
37
64
-17
-60
-41
-14
-14
13
4
-46
-38
16
11
-11
20
7
-35
5
45
32
9
-35
-30
-29
-38
0
-39
-19
18
-3
13
-35
-51
-24
2
-17
-45
4
13
27
9
-16
19
11
-16
-26
2
-9
-47
31
58
-25
20
68
-11
7
-8
-23
39
21
53
42
-47
30
39
-38
49
13
-84
-47
-31
40
57
-36
2
0
-44
48
75
5
25
-21
-27
52
19
43
59
-21
-91
-21
36
-30
-25
8
-6
29
74
52
48
-1
-19
-12
-26
29
-4
-22
-22
-85
-55
-25
10
-6
-10
-24
-12
54
-2
29
24
14
35
-59
-32
6
-37
-45
-50
-47
-5
53
48
-19
-8
-20
-12
61
-16
-60
-32
-23
-22
-50
-8
10
-59
-93
-47
17
33
-32
-5
-3
-74
-6
-29
-57
-18
-42
-29
6
-2
-58
-11
55
18
-41
-23
46
14
0
-27
-79
-68
-43
-11
61
38
-51
-41
0
21
-11
41
53
36
60
-15
-59
-102
-73
2
0
0
8
2
-51
-73
50
79
19
71
66
-10
-2
3
-59
-24
-17
-7
54
-24
-66
-30
-35
-15
38
72
47
67
29
-56
49
47
-39
-6
14
25
-8
-30
19
10
10
6
12
0
10
81
-7
46
65
-4
54
16
9
1
46
81
-11
-20
11
32
25
44
16
-4
12
-37
46
29
-68
4
7
5
34
39
65
40
-4
-24
8
-19
-49
26
-14
-15
35
-58
-36
68
14
-57
18
38
18
73
76
18
-4
13
32
1
-44
17
-1
-99
-30
42
26
-10
-37
-14
-8
6
88
47
-63
-38
-23
-26
-33
-20
23
-28
-47
-69
-59
-5
-44
-5
29
18
26
-14
-12
19
-4
-42
-19
-21
-22
19
53
35
-12
-14
-51
-54
-48
-9
16
26
39
-36
-86
-28
59
4
23
-19
-86
-12
-17
44
-17
-48
-24
-87
-10
36
15
-8
-78
-76
4
42
37
7
20
47
5
-18
-44
-11
57
-15
-59
-9
-5
15
18
9
-3
-55
-26
38
15
-10
46
28
7
22
-14
-18
-44
-45
8
39
28
21
-30
-48
33
-20
-15
70
19
-14
59
75
46
36
16
35
81
34
-21
11
2
12
-10
13
56
14
36
17
33
110
-4
-90
8
32
5
6
6
6
65
66
14
-104
-87
32
-33
42
79
-7
0
32
1
-33
16
6
2
4
44
115
52
0
7
5
25
24
11
0
-59
-44
0
-26
-17
7
-1
-24
0
58
30
-45
11
26
-31
-37
-59
15
13
-103
-89
-76
-86
-72
-43
33
50
34
35
-1
-23
-5
15
-5
-82
-78
-33
-21
-49
-54
-3
-9
-35
-86
-73
-16
-39
16
36
-23
18
-3
-50
-28
-2
-22
-60
-56
-119
-78
5
-19
-9
-17
3
28
-31
-47
1
-31
-34
16
-3
45
105
49
-41
-66
-23
-76
-89
23
11
-11
21
-19
2
41
23
-11
-31
67
103
76
-47
-50
71
-11
23
-12
-95
15
-25
-41
52
6
-11
50
56
85
54
-6
71
85
3
40
47
31
36
-82
-24
29
-2
146
33
-52
42
16
38
29
67
110
118
89
0
32
59
27
12
-6
-36
-29
47
13
-19
27
-14
23
84
13
48
142
17
-13
64
58
40
-38
29
72
6
-25
-19
-17
-96
-10
96
50
33
58
51
31
44
63
48
-35
-37
40
32
-19
-50
-43
-49
-56
43
34
-59
-22
-41
-34
26
44
6
-47
2
61
52
-4
-60
-55
-55
-20
-39
-7
40
-52
-28
-31
-61
0
-20
-24
21
47
-6
-12
65
38
10
-44
-84
-23
-61
-96
-70
-78
-20
-5
-35
28
-19
-48
-25
-60
-5
17
30
38
35
0
-39
-84
-98
-63
-65
-19
-83
-49
20
-11
48
69
23
-7
-14
-45
7
13
-19
8
-33
-11
-3
-12
5
-33
-50
-38
-17
-15
-53
-51
55
101
30
31
64
18
-40
-29
17
-15
-2
2
20
44
19
45
-43
-38
34
-39
-34
51
62
22
58
89
83
90
48
4
-23
-64
-68
-23
22
31
10
87
91
-25
-38
-47
34
36
22
170
64
25
95
23
31
4
-8
4
-34
21
21
-4
66
46
88
115
18
24
-26
-54
44
91
89
112
63
14
27
-37
-26
-19
10
20
-56
29
47
49
102
0
-2
-14
-34
48
6
48
85
25
57
19
-6
-6
-47
-40
-57
-16
23
-4
13
17
26
30
-46
1
103
34
-101
-118
-1
35
1
23
18
-25
-45
-115
-98
-19
-38
20
30
-22
16
7
-45
-27
-5
-26
-68
-33
48
-2
-64
-64
-64
-49
-56
-23
-4
-22
-60
-110
-54
-48
-32
34
-19
-53
-67
-77
-43
-36
-39
-59
-69
-97
-84
11
-34
-103
-69
-63
-57
-25
-21
-27
-32
-28
1
-71
-78
30
-25
-69
-48
-23
6
-13
-66
-74
-14
-117
-91
30
-5
56
21
-29
-48
-41
4
1
-1
-46
-27
-21
23
21
-58
-28
-8
15
-30
-74
-38
32
91
51
62
80
81
43
2
-48
-90
10
87
120
44
-25
19
-17
11
86
50
27
92
77
79
116
13
42
67
-5
63
85
11
-26
16
122
80
62
109
25
14
22
82
124
79
78
42
12
83
118
24
48
21
-31
26
10
87
133
127
86
-1
-28
-53
-44
-2
56
37
37
79
52
66
57
23
-39
-90
0
26
-6
-20
-20
13
20
56
25
-108
-79
4
-6
5
17
26
19
35
12
-21
-30
-117
-86
-65
-141
-66
-1
-25
-41
-23
3
-19
-74
-51
-4
-51
-54
-98
-86
-62
-102
-40
-123
-89
-42
-147
-63
5
56
-29
-137
-67
-85
-42
-33
-80
5
8
-43
-64
-84
-97
-69
-70
-56
32
16
30
-10
-64
57
8
-60
-78
-90
-47
-96
-16
51
-10
33
48
50
8
-53
5
-14
-59
-80
-59
51
31
-13
7
15
-7
-3
-15
-4
41
21
73
77
58
77
57
19
-12
3
-6
-32
-23
36
85
90
83
84
144
137
61
36
55
91
32
7
103
106
61
3
-28
13
29
92
83
83
155
108
42
-14
26
86
34
20
15
22
18
42
75
38
11
-10
7
32
-70
-47
145
119
72
90
-19
-96
-44
-3
-17
-11
18
26
-1
66
68
-4
16
-2
-21
-58
-84
-9
-16
-62
26
90
24
5
6
-4
5
-78
-112
-6
8
-30
3
-56
-65
45
21
-79
-130
-50
-68
-68
-19
-59
55
56
-32
-27
-73
-124
-116
-63
-60
-100
-104
-82
-13
-58
-58
62
-34
-82
-47
-21
6
-83
-70
-23
-33
-27
-51
-53
-7
11
7
0
-59
-13
22
-11
10
12
25
58
62
12
29
3
-7
-3
-85
4
15
48
109
43
48
-8
70
91
-46
-52
-54
-3
43
28
60
41
22
57
40
-34
-19
37
47
61
20
-17
-21
19
40
55
66
44
36
1
-17
-19
39
91
56
81
69
31
33
18
43
11
1
75
9
-46
53
68
86
74
14
39
25
6
-25
-74
-30
42
57
65
27
-32
-36
-32
12
62
2
-25
0
-39
-62
-69
-53
-13
-61
-91
-21
12
-4
-35
-25
-27
-12
-25
-50
-39
-59
-67
-74
-11
-58
-56
-7
-129
-105
-77
-76
-36
10
95
8
-34
-3
-49
-34
-60
-43
-51
-154
-102
-27
0
38
-3
-54
-12
31
-12
-48
-76
-58
12
-3
47
14
-84
11
0
-90
-77
-73
-54
26
13
-36
2
-14
22
64
-30
-39
-50
-97
-17
12
13
19
-23
31
31
-11
28
6
5
-6
-8
36
9
26
45
28
42
68
44
-12
85
82
10
60
37
57
65
93
42
-21
87
35
25
69
46
68
45
98
44
22
89
0
42
141
100
51
-6
-22
33
5
-5
20
31
64
76
94
34
55
100
13
28
20
-24
5
24
44
46
13
35
40
-5
39
26
-9
16
55
107
69
76
9
-12
42
-11
-3
-34
-33
14
-46
-67
45
105
50
9
-2
0
0
-3
1
40
-41
-106
-48
-46
-57
-35
-6
-30
-55
-52
-4
21
-22
-40
-36
-33
-52
-68
13
21
-59
-58
-59
-68
-77
-82
-56
-52
-18
34
-47
-25
63
-17
-68
-77
-90
-71
-4
-36
-47
10
-34
-20
-10
-20
-18
-64
-66
-31
-21
-43
-41
-66
-9
90
14
-35
-30
-38
-8
-2
32
-5
-48
-1
9
20
-21
-23
-17
-63
-43
25
43
-8
-12
0
40
70
39
40
37
-60
-64
30
14
4
51
-4
-66
-53
-24
52
79
92
67
20
59
42
59
7
-44
99
46
-27
58
36
13
27
14
-4
47
34
-2
66
20
12
67
107
116
16
-16
-44
-29
19
0
5
15
1
0
33
51
45
27
-13
-28
1
-6
39
22
27
79
32
47
10
-21
-16
-22
1
26
50
29
63
19
-38
-38
-49
24
55
-22
-43
63
37
-38
-16
-8
35
7
-41
-11
14
-27
-86
-36
-59
-33
21
-84
-73
9
33
30
7
24
8
-49
-17
18
-14
-16
-11
-23
-33
17
-13
-113
0
72
-3
-53
-62
19
66
23
-9
7
54
-12
-88
-9
5
-16
-72
-89
52
21
-41
-16
-85
-17
90
-4
-23
-12
-46
-30
5
60
23
-25
-20
32
17
-9
0
-50
-17
-11
-42
13
39
-17
-45
-13
26
58
-11
28
18
0
57
-27
-24
7
-3
-55
-59
16
37
1
-29
-33
0
27
-5
29
-2
-10
82
98
59
-2
36
-7
-112
-61
-15
3
25
27
30
40
17
-7
7
-18
-56
29
29
-5
44
-16
-64
-43
-20
-33
-41
14
9
-53
-87
-70
-14
-17
-4
40
4
-23
-46
-30
-33
-17
42
-19
3
-19
-20
57
-83
-25
56
-27
-4
-20
-2
9
-7
-32
-50
59
95
69
8
-33
-10
1
49
-23
-81
-78
-70
27
-11
-29
35
1
16
12
18
45
-40
-33
33
48
8
-42
54
27
-64
-53
-75
-76
-34
41
11
49
121
84
33
-4
19
12
0
5
31
1
-43
-41
-32
53
11
-31
-64
-22
125
60
51
62
24
62
32
48
46
-59
-25
63
3
-17
21
21
23
-19
20
88
43
3
27
60
100
125
46
-14
-14
-6
-36
-27
20
-12
-14
54
34
-48
-52
0
-12
-46
-56
-6
112
45
26
9
-45
-26
-42
-9
-60
-30
-5
0
24
-10
4
-67
-104
-4
65
33
19
42
68
86
39
-44
-35
50
34
-6
-30
-62
-53
-16
24
36
-48
-104
-21
9
65
65
-9
9
5
-2
-26
-10
4
-33
-33
-133
-138
-79
-108
-13
11
37
35
-61
-23
-31
-74
-21
38
49
-25
-59
87
38
-145
-146
-98
-20
-52
-31
89
-25
-68
17
17
39
13
14
45
61
64
-5
-28
-41
12
32
-9
59
-13
-71
0
19
1
12
43
21
34
49
90
83
44
6
-58
28
16
-57
-30
-48
-75
-64
-49
-36
17
-6
-1
16
-40
-25
7
29
66
64
2
-4
-17
-71
-87
-69
-36
4
40
18
-4
13
77
86
35
127
129
19
93
105
21
37
45
39
-8
-64
43
61
-18
36
21
34
43
51
69
57
115
5
-60
-6
18
1
-52
-20
-3
-96
-130
-23
5
-56
-36
-31
-11
30
-34
17
44
13
-20
-59
43
29
-57
-65
-27
-43
-23
13
-31
2
28
2
-15
25
46
54
75
50
59
84
18
-23
11
-20
-35
23
38
-43
-69
-44
12
71
43
41
17
10
-26
-31
71
45
-32
9
-14
-83
-66
-96
-84
-92
-101
-5
0
-2
-21
-58
-60
-41
4
-22
18
-13
-70
-26
-40
-29
-22
-40
-75
-62
-27
-10
-11
32
46
30
62
7
44
16
-32
57
20
-29
78
107
12
3
-39
-30
15
5
52
49
66
55
-74
-40
57
45
3
-15
40
-28
-45
38
-2
-12
-29
-53
-42
-31
-5
16
-41
-53
-6
-35
-55
-30
-5
47
38
-31
-6
44
16
-7
4
-29
27
29
-49
-56
-17
11
16
94
27
-31
45
83
83
39
65
89
48
66
79
16
-1
28
13
1
-17
-93
-48
65
33
41
52
41
58
-9
-19
25
65
73
11
-62
-7
9
-82
-50
-29
-76
-49
-23
-29
-10
-18
-6
19
25
18
39
71
33
18
-12
-36
44
68
68
-40
-126
-22
-64
-10
58
-19
0
-8
24
11
-29
59
99
0
-8
82
-13
-44
79
30
-56
-65
-99
-72
-18
-56
-106
-50
17
86
45
-55
-29
24
58
53
15
6
54
17
-19
-52
-48
-6
-66
-94
-99
18
56
-21
-24
-53
62
112
1
14
24
-5
-7
18
-6
-64
-57
-34
-43
-32
-47
-72
0
-49
-52
56
48
71
53
4
0
-15
-16
-29
-8
-14
-5
52
-27
-69
-9
-13
-69
-50
16
62
147
77
-42
-62
5
53
-55
-43
5
14
20
-39
-2
-40
-68
16
21
-2
36
63
30
66
54
8
1
11
14
34
77
14
1
-5
-12
21
-24
-42
-14
19
30
34
64
74
32
-21
-34
-13
19
41
9
-7
-43
-57
16
-75
-113
-67
-71
-13
-23
-24
35
20
-19
29
39
42
33
-6
73
66
50
3
-92
-32
-27
12
17
-25
21
58
84
24
-19
-23
38
100
85
101
43
41
50
15
25
-104
-124
-12
-39
-37
-33
-44
-24
-14
0
-29
-34
-13
21
-1
-27
21
3
24
14
-7
38
-72
-116
-63
-67
-27
-89
-47
85
20
-54
-16
44
35
5
0
-23
-13
5
27
20
7
36
-33
-40
-57
-55
36
-22
2
1
-1
85
26
7
0
25
104
55
-24
-33
2
32
36
-20
-21
57
12
-26
3
0
31
2
-77
-36
-22
2
63
-62
-50
52
-17
-39
-55
-91
-21
-1
-48
-40
17
72
-9
-15
-20
-84
61
69
-6
17
-25
-23
40
86
-2
-78
-2
-13
31
81
13
13
1
-39
3
28
-15
46
114
11
-26
29
-28
-78
-75
-43
6
17
-37
-37
17
-5
30
42
-10
0
12
22
33
30
27
57
7
-36
52
42
-6
-83
-79
-24
-78
-14
50
32
19
-17
3
57
-49
-95
-13
-39
-34
-16
4
34
-60
4
6
-124
-81
-104
-8
18
-31
27
-4
50
56
-12
18
19
19
37
28
63
30
-4
26
15
35
-5
-78
-41
17
47
12
-64
-17
-13
2
67
2
57
57
11
25
-32
57
33
-52
-44
-80
0
3
21
58
35
11
-51
-64
11
97
47
16
32
89
54
-12
-14
-45
-51
-38
-24
-105
-54
15
-26
-49
-48
-7
-44
-45
-37
27
19
-8
54
-30
19
22
-64
4
40
20
22
86
35
-10
69
100
86
-12
5
87
74
148
166
59
-17
-45
-9
48
-6
-3
-9
-63
-2
11
-11
-73
-96
-59
-12
-10
-81
-23
-5
-86
-55
-38
-71
-15
-22
-76
-42
-59
-90
-8
42
-19
-5
44
57
45
0
44
90
29
-8
34
4
-39
-22
4
45
6
-29
-57
-38
13
3
-40
-51
10
26
88
33
-63
-19
27
88
-45
-133
-35
3
17
21
10
0
0
10
-20
-44
84
113
-1
89
98
-27
-27
-4
8
-3
1
0
-48
-18
-11
-102
-127
-115
-27
0
-3
-11
-57
-24
-89
-43
36
6
5
-33
-18
26
28
2
8
9
0
65
69
40
53
29
24
37
43
63
73
124
107
35
42
53
108
50
-82
14
28
-13
24
-57
-36
-12
-80
-100
-105
-76
-16
51
58
-39
-92
-9
34
32
-24
-1
80
28
-4
-32
-41
-40
-46
-3
0
49
84
37
55
55
46
72
27
-32
25
92
43
-15
-40
10
0
-62
-76
-108
-88
-56
-49
-51
9
80
-7
-43
-10
-23
-18
4
-12
-31
38
10
-29
23
17
6
-11
28
104
53
-16
-15
54
73
36
66
66
12
12
61
-18
-51
-47
-88
-6
-4
-34
-36
-74
-71
-71
-14
-28
-100
-70
-67
-74
-17
-26
-24
34
8
10
-3
-104
-69
-5
24
52
24
-5
-6
72
76
76
52
15
86
53
24
48
89
92
-3
-52
-38
-28
-28
-27
-53
-88
-52
-1
44
46
-12
-21
-23
-9
52
43
-19
-75
-92
-19
16
-42
-24
1
-3
-3
-27
54
116
109
66
22
88
91
37
26
27
37
5
-6
-20
-67
-63
6
5
-17
-5
-75
-50
27
-7
-60
-29
-25
-50
-35
-34
36
20
-37
-34
-35
14
37
41
-9
7
12
-4
79
81
40
25
87
107
49
54
122
153
56
13
41
57
8
-20
-4
-97
-56
-20
-22
-17
-101
-14
-19
-70
-35
-37
-26
-62
-14
8
-82
-62
-19
-70
-60
-52
-97
-53
38
22
10
64
46
49
15
3
75
42
28
42
6
39
94
62
-21
-44
4
24
-14
-32
-16
-23
-35
-18
16
-12
-66
-33
1
17
-9
-47
-14
-94
-132
29
96
29
-24
-34
-93
-67
38
1
59
115
42
21
19
8
84
83
13
10
-43
-62
-53
-40
-18
-3
4
-12
-51
-21
-10
-5
-4
-66
-6
4
-29
-74
-114
-39
-22
-26
-56
-37
-36
-56
48
53
8
42
69
77
67
36
74
125
30
-6
-6
-18
71
97
84
17
14
24
-1
34
-21
-26
52
44
-17
-11
-25
-69
-40
-64
-51
-29
-58
50
2
-120
-20
0
-72
-36
18
-9
5
34
-9
30
69
77
27
-64
-28
40
111
95
30
25
47
72
84
12
-70
-33
15
36
22
-18
9
-10
-92
-65
-30
-9
29
29
-13
-48
-64
-33
33
51
-12
-61
-17
-7
-38
-5
-20
-90
14
72
30
45
70
117
73
44
51
-4
36
32
-35
56
26
-60
-25
-89
-39
17
-12
2
-46
-58
-37
-13
-11
-12
-29
3
-44
-124
-19
-71
-90
-45
-89
2
12
-15
-11
-37
28
79
50
1
28
67
-4
6
55
79
87
-7
-3
16
-1
46
46
-23
-18
33
49
36
-9
-8
13
-40
-40
-5
-47
-40
-60
-47
-17
-32
-39
-88
5
28
-22
37
0
26
15
-30
32
30
0
-15
10
-29
-27
5
3
69
-5
12
68
57
139
30
-18
9
-26
44
-41
-72
50
-40
-96
-12
-38
-42
-47
-84
38
57
56
83
-25
12
45
42
16
-70
0
-18
-48
7
18
100
33
-29
19
14
42
42
91
71
13
63
34
41
43
-51
-42
-58
-82
12
18
-41
-100
-107
-12
6
-26
-25
-10
-36
-32
20
9
33
15
-82
-85
-19
16
-31
20
69
-23
-67
-24
72
79
73
97
73
6
42
92
25
96
-12
-97
31
-41
-10
33
-58
-48
2
15
-9
-41
-24
58
20
-46
-44
-75
-37
-33
-103
-10
12
-77
-39
-37
1
78
19
5
18
-20
0
38
70
58
-3
18
44
-29
-35
6
-2
14
61
87
26
-65
-31
11
-21
-23
-37
-21
-9
-46
-50
-6
23
-50
-37
0
-57
0
37
24
44
25
-61
-85
-25
-41
43
77
12
50
75
48
-8
14
53
19
6
49
55
25
27
-14
-70
-5
-13
-75
-10
19
-1
-49
-63
-26
-16
0
-19
-31
4
-48
-66
-22
-25
24
37
-51
-85
-10
61
36
-46
27
101
4
-31
-13
43
22
23
115
52
17
62
28
-4
39
46
16
1
-51
-42
-9
-30
-27
-10
37
48
-61
-96
-51
-8
38
-20
26
29
-40
24
-63
-53
57
6
-7
14
-72
-57
24
6
39
52
54
35
7
34
46
23
11
9
49
44
-28
-18
-66
-15
86
12
-8
-52
-136
-42
70
38
-8
-15
6
42
0
-18
28
-6
-5
-12
-73
-36
33
37
-28
-4
24
28
51
31
65
33
54
23
-51
49
36
-25
-29
12
2
4
23
-64
-42
-50
-57
33
57
-1
-48
9
-40
-17
15
-64
-3
-75
-159
-9
6
11
67
-28
1
15
25
65
24
-24
-13
72
56
-16
-16
-8
-8
54
43
40
45
24
43
4
-80
-86
59
42
-46
20
14
-20
-51
-54
-13
-50
-70
-34
22
61
-32
-38
44
-25
-28
-9
-51
-43
-42
-16
-29
23
82
40
79
37
-9
8
-25
22
31
-11
-33
-23
42
44
-11
-52
-36
38
82
22
-55
-60
-67
-7
109
40
-29
-27
-30
2
-44
-48
26
17
4
7
30
59
-18
32
57
-38
6
-10
-10
39
2
19
-14
5
55
44
72
3
-56
-17
-34
-16
28
-11
-32
-42
-27
4
-32
-41
-16
6
22
-25
-42
0
-15
-1
9
-38
20
55
-20
7
3
-1
7
-6
78
2
-63
86
77
6
35
5
-5
-30
-33
37
35
13
81
34
-16
3
-53
-30
-44
-14
35
-66
-57
2
-42
-4
26
-57
-20
30
-32
7
-1
-47
20
-9
-13
67
-31
-81
19
18
28
14
3
41
-44
-48
34
23
44
47
-9
6
11
13
-31
-65
6
39
91
36
-79
-39
14
-9
-50
-33
-46
26
26
-72
21
20
31
80
-38
-35
-4
0
62
27
-11
-33
-21
-48
-61
71
39
-16
27
-33
-2
46
52
69
-28
-34
-7
-11
21
-54
-32
12
-68
-51
4
18
-5
-22
16
-5
-19
27
29
50
-28
-75
-39
-35
64
56
-36
7
19
-44
4
29
22
21
45
65
-6
-18
11
49
30
-7
-39
-14
-9
-29
32
-41
-13
22
-17
44
-39
-44
-8
-88
-39
13
47
36
-66
-19
7
-19
-1
-45
-26
-12
-27
24
8
2
46
49
50
6
-8
-14
-53
-27
2
44
47
47
84
45
-3
-92
-76
18
-7
14
22
-23
-14
13
35
-18
-91
-71
-37
-14
29
50
64
26
-33
-24
73
43
-23
-52
-87
-11
16
22
14
6
4
57
96
16
-14
-14
23
55
41
58
10
-80
-53
-5
18
-45
-80
32
-14
-35
-21
-29
58
16
-8
43
70
10
-85
-48
-49
-47
37
-5
9
31
-1
25
-20
-15
62
79
48
-5
-44
32
29
32
60
38
9
-58
-11
-6
-42
-36
0
7
7
28
-22
22
82
9
-41
-72
-112
-36
30
-1
-18
-21
-2
21
9
9
-8
-26
-54
-64
33
25
5
124
47
-2
30
-128
-84
15
14
32
-54
19
97
-20
-45
4
7
10
5
-15
-42
-64
-15
-41
-55
27
54
27
0
8
-52
-46
-12
-39
20
44
7
-58
9
48
-36
17
-1
-19
4
-22
42
-5
-61
20
42
62
40
-14
-30
-23
-32
-7
-15
-47
-11
-23
8
30
-45
-50
-17
-46
-1
66
24
-18
-59
-6
48
-24
-12
14
-17
-3
-9
-65
-38
-23
14
127
15
-45
42
23
57
78
72
45
-2
-31
-9
29
1
-22
-100
-49
51
16
26
75
107
67
-20
-47
61
49
-117
-100
30
66
64
51
-30
-126
-102
8
22
-2
35
30
36
101
42
-30
-3
11
4
-14
-77
-44
21
14
28
-10
19
71
16
12
25
-11
-37
17
61
34
-5
-42
-12
-14
18
77
40
25
-2
-33
-27
7
29
0
24
26
22
64
-18
-14
-5
-23
94
-45
-122
44
26
16
12
-4
-7
-43
-47
-83
-50
-9
-16
6
8
-46
-21
-17
-63
14
-63
-44
5
-74
-34
-102
-63
15
6
1
-64
-28
29
60
59
23
-9
-57
-15
-7
1
42
33
67
-1
-49
-20
-67
-32
45
47
91
111
52
6
-66
-46
-10
-20
-25
-54
-45
-19
-6
-18
-46
-94
-55
17
8
-21
-41
-10
-22
-32
-36
-24
5
-37
1
-25
-118
-31
9
34
73
6
39
24
-22
17
6
49
42
23
8
-2
101
90
30
45
-13
6
61
50
33
-16
46
31
21
0
0
68
-64
-5
76
12
56
54
-13
-45
-49
0
51
48
4
-80
-44
25
-21
0
25
-44
-16
45
41
-12
-8
-4
-18
-6
-13
20
-17
26
53
-15
6
2
5
-4
-4
-12
10
73
-11
4
38
-52
8
69
60
45
1
20
39
-22
-5
58
-5
6
41
0
-24
-81
-23
0
2
40
-5
32
-10
-54
2
-46
-16
-6
-113
-99
-47
-24
11
-41
-80
-34
-22
-21
-72
-31
25
-53
-28
3
-22
-71
-43
17
-41
-34
38
-3
-3
105
34
-37
-16
-14
0
4
56
24
-9
-9
13
47
-61
-17
41
24
81
-2
-12
11
-12
-9
-27
-21
-17
-18
-54
-18
-16
-50
-7
-45
11
67
-19
14
18
-45
-66
-96
-12
37
-16
-11
-7
3
22
44
71
-8
-71
-11
45
67
60
70
37
-42
13
33
3
19
31
68
66
41
10
49
74
-6
1
20
4
-5
22
61
-4
-26
-8
35
0
-48
5
36
45
-27
-31
-14
-38
-40
-2
28
1
-18
-8
-14
11
0
-58
-20
-42
49
67
-74
-41
-6
14
6
-16
4
3
25
77
32
-29
2
-73
-89
44
75
18
-20
-12
-29
-24
-20
-9
71
33
4
75
27
-31
-94
-95
-21
-18
42
42
-29
-39
-80
1
47
-58
5
51
-40
-19
-24
-60
-11
-36
-62
-69
-67
-3
15
-7
10
10
-51
-38
-28
-12
8
-29
1
-26
-70
-14
-5
-44
-5
37
42
33
67
45
-22
35
59
27
30
1
-25
60
40
-63
-14
38
29
47
51
30
46
43
27
-22
-45
31
13
-59
-43
-21
4
0
-47
-41
-50
-14
32
18
25
3
-6
-18
-27
57
31
-1
30
-6
8
-2
1
66
71
15
-12
46
51
46
90
37
-7
39
10
13
61
0
-17
29
33
39
27
-10
-66
-92
26
58
12
83
49
-46
-44
29
48
-68
-68
-35
-33
58
90
33
6
-33
-31
38
10
0
-32
-70
54
