72
12
40
55
65
83
51
0
-55
-72
26
31
-104
-57
-37
-76
-23
8
68
15
-71
-55
-62
-43
49
52
64
98
13
33
38
22
44
0
69
67
16
68
85
95
11
-4
48
41
53
-9
3
51
27
36
52
-21
-40
6
-79
-108
-33
-51
-37
19
-24
-75
-91
-19
49
-62
-150
-77
-35
-50
-44
-14
-16
-37
-41
-22
33
2
41
75
-2
100
134
62
53
-31
-38
65
54
72
120
41
46
97
89
96
81
73
71
23
13
15
-45
-18
14
-27
21
29
69
95
-22
-48
-28
-10
-37
-58
-30
-65
-83
-78
-73
-30
-29
-26
-61
-90
-56
-44
8
19
-42
-135
-123
-39
-18
2
-84
-65
40
17
-13
-18
7
-33
-102
-116
-93
-37
-3
8
25
37
62
-12
-63
-17
-31
-86
-65
-21
-5
-12
-38
22
5
-16
-14
-36
36
74
43
30
40
30
74
53
40
78
-1
-27
2
-6
-24
32
68
30
36
27
18
-5
-7
9
-4
-17
-31
25
98
74
14
0
-17
-9
28
71
62
10
43
94
36
33
79
6
-4
-3
-29
15
37
75
63
77
58
41
123
73
28
11
36
-4
-106
-72
-56
-26
-26
-69
-17
-13
-10
16
-15
-12
-40
-48
23
15
-28
-3
-43
-78
-27
-20
-49
-40
12
17
-26
-23
-7
15
31
37
69
73
14
-29
51
91
81
124
95
-2
-16
21
9
24
18
8
46
14
-8
-22
-50
-58
-76
-113
-126
-82
-74
-80
-130
-106
-21
-35
-40
-82
-97
-77
-103
10
12
-21
103
60
14
-31
-47
93
106
1
-30
-5
43
79
38
38
35
13
93
103
43
31
-31
-43
89
90
17
38
24
-3
-16
-53
-86
-117
-118
-58
-39
-53
-99
-58
-9
-71
21
17
-22
26
-25
-17
-17
16
32
-37
-56
-44
-8
20
91
105
80
146
129
74
8
51
132
18
-35
-6
85
80
1
25
-4
-31
-30
-7
-46
-12
61
-27
-11
47
-9
-33
4
-21
-82
-69
-14
-11
-19
35
-3
-20
5
-89
-36
-31
-90
12
41
61
51
-56
-43
3
-34
-34
-47
-43
-34
-26
-15
-32
-37
-2
37
35
59
22
62
97
71
2
-69
-26
-49
8
107
69
11
26
62
48
-68
-73
-19
-25
-12
-69
-38
-25
-32
-31
-91
-34
34
6
6
25
-46
-51
-42
-64
-65
-39
25
-39
-19
35
41
81
41
49
86
47
-24
-18
27
54
30
8
15
23
8
-86
-47
29
23
86
73
28
56
-37
-129
-60
4
18
30
0
-24
28
-8
-26
10
-46
-81
-83
-27
23
-10
-38
-35
-4
13
15
13
30
-17
-109
-23
-36
-97
40
49
50
65
66
112
39
-7
52
6
-20
103
87
-22
0
114
48
1
57
-6
20
-4
-34
12
-26
2
58
28
3
36
1
-30
-68
-26
36
-16
-39
-97
-97
-24
18
8
-22
-4
-11
-41
-10
50
61
43
-10
16
26
9
103
85
48
-52
-123
16
-8
0
39
-43
2
-12
-40
19
-15
-14
-2
-40
6
-27
-27
0
-60
-33
-61
12
32
-61
-72
-82
13
30
-13
-12
-51
-20
60
50
50
15
24
74
-9
18
50
34
47
-72
-94
-31
-11
42
68
21
3
60
33
58
51
24
47
-44
-28
-22
-34
77
69
-7
23
42
-41
-9
48
-18
-2
-13
-55
6
10
11
64
24
61
69
-1
57
44
19
91
35
-21
0
14
10
-35
-49
-50
17
53
20
71
33
-59
-73
-67
-43
-6
35
-30
-83
-55
-38
6
18
-17
-33
0
0
-5
-56
-102
-43
-48
-91
-118
-81
-48
-1
43
-25
-39
-33
-12
24
6
20
-11
-13
80
14
-47
-36
-57
-28
-32
19
133
101
54
41
8
1
-41
-25
8
-9
-27
-22
-1
-10
-38
-22
41
17
15
70
56
44
37
-43
-26
-7
-9
99
6
-77
59
156
96
-14
34
44
26
55
-54
-43
39
20
19
16
63
57
-33
14
50
-4
-3
-33
19
77
5
32
48
2
26
-2
12
0
-53
25
45
57
68
49
14
-27
-22
-47
-49
-65
-84
-8
41
29
39
-10
-20
71
60
12
43
22
-52
-40
-33
-73
-138
-82
-21
-82
-82
-34
60
24
-57
-10
3
-11
1
-70
-128
-103
-118
-70
-69
-85
-50
-39
18
20
18
-9
-21
-3
-6
80
60
34
83
89
53
-47
-27
-9
-35
69
31
-69
-1
0
9
72
53
19
22
-20
-59
-48
-75
5
-11
-40
3
-39
3
17
-10
-11
25
40
-75
-71
15
52
78
74
-11
-93
-51
-17
14
-26
-58
6
13
17
6
-39
3
41
25
38
48
89
122
102
12
-64
12
67
52
26
73
166
67
30
43
-15
19
92
80
42
54
-51
-92
25
19
-48
-52
-20
-36
-33
26
-47
-39
17
-5
18
-42
-58
-26
-23
10
-57
-48
44
41
58
-23
-57
27
0
-6
-34
-21
-56
-132
-13
31
33
69
8
53
46
-52
5
21
-19
-67
-53
-60
-74
-22
-64
-2
24
-30
19
3
-3
28
-27
-20
-6
-56
-60
-79
-81
-6
-59
-129
-9
-9
20
128
52
24
71
47
-10
-74
-60
-9
-2
27
22
69
25
20
103
17
35
14
17
45
20
53
-31
-23
-6
-10
47
-15
-55
11
-3
-29
18
-25
-46
26
39
21
-28
-7
23
-39
10
0
-5
45
37
33
25
126
107
1
-13
-20
-69
-92
-36
-44
-43
-11
4
-17
-20
44
64
35
-19
-40
-35
-52
-55
-40
-100
-58
30
-61
-1
85
46
57
-10
13
39
-75
-42
-42
-55
24
-40
-92
-36
-37
-34
47
93
70
-15
16
53
-4
-56
-74
-38
-65
-63
-40
-27
-5
26
11
0
100
62
-18
0
0
11
-36
-25
66
26
14
21
-22
-32
47
120
19
-61
-29
-4
-17
-26
-4
60
43
-5
15
-14
80
125
31
20
-54
-81
-43
6
4
-26
46
79
87
85
73
71
62
100
107
107
45
-5
75
-8
-85
33
33
13
-33
-71
-17
3
37
71
97
23
-51
-9
-7
-69
-53
-46
-92
-15
48
5
-16
11
10
46
42
2
-36
-108
-88
-51
-22
35
43
-55
-52
-9
-9
20
15
18
-41
-8
-25
-128
-132
-83
-4
-91
-110
10
-5
-95
-72
7
14
36
-7
-69
-50
-41
-80
-146
-93
37
12
-31
29
26
42
47
13
28
1
-39
-8
14
-21
5
-34
-74
-11
-60
-4
90
72
126
95
59
50
17
43
43
66
47
9
39
11
9
37
3
50
113
102
99
28
-19
18
-22
-28
27
-25
-12
9
-32
-23
-4
37
63
78
22
67
50
-74
-29
-76
-52
17
-5
47
45
58
108
63
4
-5
2
18
-21
-38
15
38
42
30
-52
-84
-37
-103
-117
-28
29
0
-93
-115
-88
-18
-60
-111
-20
8
-15
-42
-63
-65
-36
12
27
44
39
-27
-42
-26
-35
35
2
-78
-29
22
61
-36
-60
4
-13
-35
-140
-139
-76
-103
-88
-59
-41
-40
-41
-46
-26
15
-1
-75
-14
66
55
91
-4
-53
1
34
118
93
46
75
93
111
79
9
38
96
75
19
55
70
7
64
31
-19
81
64
32
19
-4
-3
-63
-19
20
-25
10
19
20
35
19
26
-1
20
115
155
120
92
118
48
-1
39
27
97
124
27
36
23
-42
-48
-6
67
10
-14
48
-2
-39
-71
-53
-20
-3
-12
-52
-8
-49
-25
23
-73
-157
-168
-59
-3
-10
-37
-67
-36
-58
-59
-44
-43
-47
-109
-41
16
-81
-77
-25
-22
-26
21
-22
-78
15
-3
-7
3
-24
10
-31
-56
-44
-78
-8
95
63
2
16
88
36
-18
-42
-71
45
59
-4
3
-24
-81
-48
-24
-37
28
41
19
32
44
56
-12
-63
-15
-36
-44
12
-59
-51
16
14
46
-40
-25
28
-31
-11
2
75
46
2
20
-50
-24
35
32
85
98
78
107
45
46
27
-44
-13
-16
-1
-19
2
30
45
47
-27
6
-17
-16
2
40
109
25
37
38
6
27
12
29
15
2
14
2
3
-15
23
27
-51
-3
11
-6
-7
-88
-47
-1
7
-11
-26
24
-18
10
42
54
65
-53
-25
35
-21
-12
31
41
35
58
43
-9
-34
-36
-31
-17
-11
25
40
-38
-33
-18
-10
-13
-28
0
-31
-26
24
41
-11
-71
-108
-57
5
-23
20
36
57
60
-7
-3
-21
-72
-42
1
-85
-95
-19
-28
-25
8
13
-48
-74
-14
-9
-7
43
35
-20
9
48
-30
-86
-67
7
5
-39
32
31
-10
33
139
108
-8
24
2
-9
-36
-120
-50
-37
-21
-32
-51
65
38
28
14
-67
33
79
-9
-29
-1
-45
-102
-28
9
28
71
28
31
73
62
36
44
70
22
8
6
-53
-22
25
16
4
20
71
26
-50
-51
27
20
-74
-24
-24
-77
-104
-63
1
25
13
-46
-41
-66
-38
-14
43
109
-15
-74
-69
-30
-30
-61
12
8
7
38
41
-7
-87
-30
13
7
-14
-14
26
2
-31
-26
12
41
27
-32
-22
49
2
27
35
13
58
-23
-32
-32
-65
2
23
53
80
70
59
33
-3
-17
-3
-56
-18
21
3
29
-5
-23
-19
7
9
-1
22
-26
-42
26
30
25
-3
-18
-40
-29
53
-21
-16
1
-12
34
18
3
-59
-3
13
9
36
9
46
-40
-70
14
13
-8
-44
-39
-6
-49
-56
39
62
31
28
-5
17
15
6
103
59
-18
4
6
4
-4
5
16
39
56
9
-8
-4
43
52
-35
-14
64
31
34
102
14
-39
-52
-82
19
6
0
52
-22
-22
-2
23
-2
-51
-55
-62
-24
-30
78
81
-50
-14
-37
-61
1
18
-31
-98
-105
-80
-30
-1
0
-7
15
26
4
4
-29
-33
-20
-31
6
26
-18
-25
-24
-11
52
25
-35
-17
-31
17
84
41
-66
-90
-51
-55
-32
-52
-12
7
2
51
11
4
45
24
-35
11
43
43
48
-27
54
80
-14
-35
-50
-41
-7
10
-44
-48
-36
4
57
-2
68
79
-13
-3
0
34
-2
-48
-10
58
59
-12
-22
-33
21
-7
-20
45
-22
23
46
-18
23
34
0
-49
-41
19
56
50
-22
-8
8
-66
-42
-32
-100
-79
-54
-12
25
15
32
60
-5
-32
10
-38
-10
41
8
-7
32
57
-25
-33
15
0
20
-39
-17
27
-23
34
48
36
39
76
41
35
112
31
19
17
-63
13
77
36
69
62
18
4
-30
-25
-33
-11
-19
-57
-17
-41
19
52
1
5
-11
60
69
32
27
-55
-79
-13
39
-3
-39
-36
-9
14
-6
17
92
85
-51
-1
80
6
16
-42
-70
-41
-19
57
35
55
60
-2
37
-1
-18
41
42
40
1
10
28
16
23
-44
-51
41
14
38
28
-26
-8
-73
-59
-33
-43
70
64
-2
38
-25
-82
-71
-46
-21
-32
-35
-45
-67
-20
58
42
-7
2
-2
-31
26
28
-65
-73
-61
-69
-13
-18
-92
-48
38
49
23
37
20
-15
8
54
54
0
-27
-85
-51
3
0
60
75
66
71
36
-66
-90
5
4
-40
15
-31
-63
-17
10
31
-23
-22
-81
-127
-67
-32
-14
0
32
14
-21
-41
-25
-4
14
0
-67
19
62
-1
-11
-30
51
12
-60
12
48
74
48
53
67
-16
-81
-45
-12
28
29
3
92
47
40
91
-5
24
27
-41
-21
18
76
39
-8
8
-22
24
26
-23
53
9
-29
52
67
78
6
-45
12
38
23
-9
16
66
63
-11
-36
-5
-24
-43
-20
27
-4
-16
77
39
-11
46
43
-36
-43
68
59
-40
-41
43
24
-27
28
7
-69
-34
-26
-18
-22
-75
17
-6
-51
-25
-33
47
-6
-76
-35
-26
7
32
-15
-32
-26
-57
-22
-23
5
59
-28
-16
48
47
-15
-13
53
22
53
93
69
18
-27
4
36
1
40
91
24
17
12
33
97
30
-68
-80
-5
13
-19
-47
-37
13
-16
-18
39
49
25
0
-46
-50
9
1
-22
13
16
-11
0
-41
-49
-24
-27
-31
-10
40
-48
-25
60
-73
-68
-2
-22
38
70
56
58
80
-21
-37
55
-36
0
0
-37
30
27
40
3
-52
8
27
-52
-61
-49
-3
60
11
-73
-53
18
14
-80
-51
56
5
-13
-28
-35
6
-49
-19
-41
-90
29
58
27
40
21
-1
-41
-54
-30
-3
-37
-93
-67
-47
-25
-5
-34
2
65
-1
-34
-57
-88
62
71
3
-28
-84
-48
-40
9
41
1
3
43
77
52
48
5
-53
-14
15
47
86
107
44
9
37
29
77
35
-29
51
59
51
57
-28
-25
-15
-39
15
6
-30
-60
-108
-93
-87
-111
-122
-89
-84
-108
-66
9
108
151
70
7
-28
-66
-92
-91
-53
-67
-59
-46
-99
-100
13
29
-18
-70
-94
57
77
19
-14
-54
18
72
108
191
212
133
116
177
155
148
172
136
113
73
110
195
225
207
129
116
131
131
131
129
173
78
0
98
92
124
163
108
123
79
63
63
18
-19
-80
-22
28
-5
-44
7
91
23
-6
21
5
-28
-50
-70
-63
-103
-176
-125
-102
-39
35
-49
-61
-11
-8
29
-25
-111
-104
-62
0
-14
2
-26
-5
24
-117
-179
-193
-177
-233
-311
-294
-335
-292
-225
-198
-102
-75
-77
-66
-20
-6
-94
-150
-180
-190
-239
-240
-189
-42
81
-30
47
123
21
21
-26
-64
-42
-85
-144
-138
-98
-91
-1
25
97
213
114
94
39
-54
-101
-206
-206
-251
-246
-162
-226
-170
3
50
81
94
140
235
206
179
205
154
189
269
215
227
296
308
270
222
242
277
204
205
336
363
320
283
262
227
251
252
213
255
314
366
485
531
527
580
577
570
468
352
262
82
-51
-59
-63
-110
-34
40
51
180
288
271
223
175
103
-9
-87
2
119
285
530
675
930
1136
1147
1166
956
414
-284
-1042
-1601
-2014
-2439
-2705
-2856
-2861
-2637
-2278
-1923
-1629
-1399
-1387
-1528
-1668
-1641
-1496
-1421
-1186
-764
-107
758
1572
2269
2760
2920
2652
2149
1391
489
-452
-1451
-2155
-2560
-2587
-2218
-1704
-1035
-261
291
643
813
715
577
203
-239
-442
-478
-142
522
1256
2021
2809
3381
3584
3368
2793
1948
773
-527
-1688
-2462
-2777
-2688
-2283
-1623
-782
1
653
1055
1075
783
280
-296
-786
-984
-810
-334
402
1269
2142
3017
3645
3861
3741
3074
2035
944
-193
-1006
-1510
-1814
-1568
-1029
-326
644
1408
1838
1932
1661
1084
396
-251
-961
-1304
-1388
-1338
-751
64
900
1692
2250
2535
2466
2097
1598
912
114
-452
-774
-814
-459
224
1054
1803
2325
2669
2785
2433
1784
888
-412
-1884
-3286
-4217
-4627
-4742
-4584
-4410
-3989
-3363
-2891
-2449
-2201
-2287
-2685
-3244
-3629
-3592
-3188
-2602
-1753
-720
441
1720
2784
3564
3871
3469
2538
1094
-533
-1974
-3376
-4524
-5272
-5447
-4928
-4092
-2965
-1727
-538
393
767
738
576
416
216
-11
-32
413
1204
2257
3387
4350
5047
5259
4998
4226
2963
1473
-112
-1611
-2832
-3514
-3440
-2818
-1831
-645
504
1406
1958
2201
2008
1393
573
-230
-800
-911
-594
129
1200
2325
3437
4342
4875
4862
4195
3118
1699
159
-1213
-2172
-2538
-2373
-1703
-802
261
1385
2140
2496
2370
1784
917
-83
-930
-1470
-1659
-1368
-686
217
1274
2227
2983
3345
3224
2582
1560
676
-148
-766
-960
-798
-298
498
1399
2094
2608
2764
2465
1763
904
220
-252
-343
-28
493
1352
2389
3207
3734
3593
2706
988
-1421
-3831
-5900
-7461
-8497
-8981
-8765
-7597
-5794
-3923
-2155
-865
-352
-641
-1389
-2154
-2818
-3310
-3470
-3003
-1805
-81
1898
3701
4806
4953
4077
2198
-418
-3326
-6241
-8808
-10618
-11374
-10720
-8915
-6309
-3195
-258
2226
3840
4514
4472
3742
2645
1488
781
771
1419
2801
4593
6170
7359
7838
7123
5515
3195
166
-3068
-5923
-7891
-8686
-8243
-6532
-4026
-1280
1512
3790
5320
5908
5370
4189
2622
991
-303
-843
-346
888
2574
4358
5960
7049
7315
6644
4980
2617
-49
-2589
-4485
-5486
-5431
-4465
-2816
-648
1506
3387
4781
5283
4864
3630
1823
35
-1349
-2194
-2480
-2110
-1067
330
1929
3392
4356
4791
4509
3607
2409
1093
-59
-822
-1139
-1049
-385
635
1601
2505
3054
3226
3031
2238
1068
-259
-1395
-2115
-2269
-1645
-485
984
2592
4064
5282
6007
5917
4921
2763
-429
-3892
-6801
-8766
-9800
-10007
-9641
-8565
-6779
-4606
-2530
-978
-306
-838
-2249
-3953
-5229
-5810
-5794
-5179
-4018
-2148
207
2577
4453
5261
4692
2727
-285
-3735
-7068
-9834
-11751
-12588
-11998
-10022
-7042
-3414
234
3231
5305
6284
6214
5309
3933
2576
1524
1171
1633
2717
4070
5079
5608
5500
4607
2968
429
-2665
-5700
-8147
-9254
-8712
-6872
-4130
-962
2272
5203
7664
9485
10061
9327
7440
4953
2858
1446
768
656
856
1113
1238
1588
2143
2537
2186
879
-785
-2291
-3266
-3411
-2623
-1353
29
1489
3033
4891
6529
7315
6961
5613
3925
2003
120
-1234
-2042
-2570
-2887
-2732
-1953
-867
91
647
859
1124
1233
1092
1046
1274
1636
1890
2318
3079
3964
4498
4407
4032
3515
2799
1852
662
-653
-2009
-3107
-3435
-2718
-1257
388
1887
3081
4030
4774
5156
4852
3293
176
-3886
-7464
-9367
-9616
-9161
-8652
-7929
-6584
-4499
-2129
-253
486
-380
-2870
-5623
-7342
-7707
-6924
-5727
-4231
-2336
100
2926
5452
6886
6357
3700
-414
-4729
-8342
-11197
-13078
-13533
-12333
-9731
-6416
-2676
1126
4464
6536
6724
5529
3581
1564
93
-334
352
1581
2989
4344
5494
6119
5761
4112
1521
-1657
-5423
-8681
-10312
-9939
-7802
-4763
-1081
2873
6500
9230
10545
10767
10006
8120
5364
2439
317
-559
-410
562
1837
2499
2218
1386
775
544
83
-1114
-2330
-2753
-2508
-1509
366
2902
5364
6717
6882
6702
6657
6369
5173
3089
925
-862
-2199
-2795
-2609
-1955
-1383
-1146
-931
-521
-196
-219
-106
492
1130
1593
2198
3298
4753
5825
6105
5900
5647
4969
3500
1671
31
-1111
-1984
-2731
-3175
-3342
-3406
-3143
-2117
-468
1295
2618
3589
4480
5153
5759
6061
5638
3860
105
-4629
-8257
-9569
-9228
-8830
-8877
-8687
-7669
-5860
-3931
-2663
-2740
-4501
-7264
-9550
-10021
-8476
-5858
-2953
-279
1947
4059
6160
7921
8145
5783
1137
-4356
-9047
-12356
-14318
-14836
-13911
-11758
-8828
-5481
-1778
1997
4992
6322
5801
4047
2197
1120
1347
2643
4110
5428
6515
7422
7745
6774
4666
1759
-1706
-5473
-8993
-11006
-10583
-7978
-4227
-376
3253
6470
8752
9866
9833
8918
7149
4703
2381
839
417
1058
2480
3867
4197
3321
1880
917
535
-70
-1375
-2937
-3696
-3389
-2231
-289
2209
4662
6279
6818
6938
7196
7172
6284
4390
1892
-592
-2421
-3047
-2556
-1615
-943
-731
-684
-473
-153
146
209
195
387
571
1109
2449
4249
5737
6269
5954
5350
4547
3297
1820
551
-499
-1430
-2212
-2786
-3032
-2779
-1963
-671
740
1979
3009
3810
4670
5619
6141
6059
4596
924
-4115
-8623
-10691
-10317
-9405
-9076
-9063
-8393
-6520
-4152
-2379
-2206
-3830
-6623
-9322
-10400
-9198
-6153
-2668
197
2178
3531
4975
6691
7805
6688
2539
-3338
-8790
-12274
-13826
-14224
-13538
-11898
-9619
-7161
-4574
-1317
2180
4582
4770
2871
781
308
1769
4395
6585
7500
7671
7576
7078
5689
3344
368
-2958
-6313
-9232
-10779
-10002
-7017
-3058
639
3378
5471
7314
8784
9415
8600
6615
4385
2865
2169
2160
2913
4206
5481
5672
4371
2444
1162
726
-7
-1670
-3464
-4097
-3285
-1662
159
2091
4008
5529
6707
7302
7521
7401
6512
5154
3388
1343
-593
-1766
-1670
-1168
-1120
-1462
-1846
-1859
-1986
-2471
-2478
-1683
-474
522
1362
2887
5096
6908
7364
6727
5796
4756
3492
1908
444
-477
-975
-997
-782
-890
-1404
-2031
-2139
-1484
-609
56
616
1568
3016
4635
6139
7111
6368
2805
-2836
-7925
-9994
-9410
-8473
-8564
-9113
-8631
-6747
-4300
-2419
-2226
-3997
-6957
-9706
-10598
-8806
-5194
-1309
1687
3317
4140
5216
6906
7941
6525
2102
-4041
-9386
-12454
-13647
-13694
-12785
-11243
-9542
-7662
-5412
-2419
1128
3705
4087
2522
742
699
2768
5795
7864
8165
7461
6451
5402
3767
1361
-1183
-3894
-6626
-9135
-10419
-9245
-6194
-2587
432
2578
4428
6195
7572
8164
7853
6856
5447
4155
3487
3450
3967
4785
5326
5120
3770
1497
-877
-2585
-3392
-3914
-4175
-3668
-2305
-270
1776
3677
5657
7254
7878
7373
6456
6015
5851
5298
4028
2371
806
-421
-1078
-1265
-1008
-723
-1290
-2521
-3316
-3075
-2080
-1010
-168
833
2262
3981
5764
7314
8390
8576
7617
5769
3611
1897
874
401
241
-123
-986
-2126
-2975
-2910
-2122
-1285
-691
-236
614
1976
3829
6134
8165
8158
4485
-1943
-7763
-9960
-8755
-6829
-6531
-7709
-8382
-7529
-5790
-4319
-3997
-5305
-8027
-10822
-11749
-9521
-4833
38
3265
4109
3532
3353
4275
5516
5062
1634
-3698
-8485
-11083
-11736
-11613
-11035
-9784
-8488
-7699
-7007
-5234
-1720
1751
2881
1582
-430
-677
1413
4153
6306
7233
6961
6188
5296
4198
2762
1070
-926
-3385
-6261
-8814
-9561
-7827
-4532
-1538
262
1697
3746
6340
8121
8220
7276
6114
5040
3996
3311
3502
4619
5864
6121
5253
3818
2396
769
-1292
-3277
-4565
-4546
-3350
-1527
564
2593
4530
6408
7920
8396
7269
5271
3927
3648
3647
3068
1914
1228
1106
700
-72
-698
-816
-1165
-2425
-3843
-3968
-2429
-375
1156
2268
3685
5229
6183
6368
6272
6166
5736
4648
2991
1478
528
194
233
297
-185
-1692
-3351
-4036
-3312
-1963
-1025
-230
753
2077
3867
5914
8002
8790
6110
-353
-7318
-10738
-9791
-7083
-5884
-6686
-7822
-7933
-6941
-5683
-5153
-5934
-8172
-11016
-12366
-10462
-5402
508
4566
5532
4475
3472
3735
4935
4845
2161
-2477
-7232
-10160
-11244
-11211
-10710
-9946
-9180
-9081
-9006
-7644
-4393
-278
2407
2493
1277
1174
3052
5734
7478
7630
7035
6456
5674
4350
2640
1411
490
-1550
-5110
-8895
-10589
-9373
-6431
-3510
-1275
795
3047
5597
7941
9321
9165
7591
5697
4358
4011
4641
5981
7500
8021
6769
4517
2845
1588
-963
-5262
-9332
-10158
-7153
-2688
820
3264
5871
8396
9698
9373
7965
6275
4677
3643
3417
3719
3742
2990
2229
1567
325
-1456
-2838
-3042
-2910
-3307
-3747
-2863
-287
1910
2317
2159
3140
5000
5924
5378
4700
4980
5577
5107
3387
1570
313
-459
-1065
-1874
-2869
-3877
-4374
-3871
-2705
-1556
-782
69
1650
3440
4991
6731
8689
9056
5136
-2929
-10456
-12439
-9168
-5325
-4766
-6943
-8792
-8812
-7838
-7152
-7131
-7794
-9431
-11019
-10430
-6392
125
5717
7865
6496
3589
1800
2059
3350
3358
674
-3435
-6728
-8270
-9178
-10479
-11514
-11481
-10797
-10716
-10821
-9013
-4315
1509
4986
4809
3139
2792
4386
6671
8206
8612
8408
7749
6534
4706
2718
949
-1206
-4559
-8800
-11989
-12017
-8668
-4100
-638
1259
2443
3724
5269
6511
7144
7538
7526
7038
6687
7233
8884
10321
9924
7165
2866
-1156
-3885
-5594
-6538
-6449
-5222
-3299
-1431
216
1920
3314
4486
5640
6369
6550
6264
6260
7088
7766
7143
5101
2594
915
147
-541
-1295
-1581
-1554
-1780
-2283
-2640
-2370
-1610
-734
51
1000
2337
3923
5735
7118
7285
6099
4371
3336
2942
2260
939
-572
-1702
-2432
-3071
-3555
-3597
-3481
-3799
-4237
-4005
-2789
-633
1756
3545
4587
5662
7578
9809
9490
3474
-6522
-14448
-15518
-11013
-6653
-5698
-6651
-7096
-6854
-6998
-7738
-8318
-8769
-9963
-10922
-9226
-3937
3134
8522
10013
8133
5181
3056
2520
2403
1005
-1550
-4438
-6638
-8029
-9624
-11245
-11961
-11730
-11501
-11903
-11501
-8323
-2627
3095
6210
6280
5300
5586
7422
9406
10510
10641
10099
8468
5184
1341
-1573
-3216
-4486
-6762
-9581
-10862
-9398
-5839
-2184
263
1647
2560
3515
4553
5802
7437
9162
10325
10502
9853
9242
9008
8113
5800
2466
-708
-3337
-5954
-8136
-8305
-5484
-1313
1436
2269
2506
2982
3596
4389
5897
7562
8022
7096
6502
7609
8675
7338
3665
-142
-2470
-3579
-3736
-2803
-1155
-468
-1569
-3057
-3393
-2555
-1637
-580
1434
3994
5921
6744
7170
7429
6523
4305
1862
628
408
-329
-1521
-2396
-2633
-2959
-4219
-5669
-6566
-6840
-6517
-5322
-2697
806
3868
5659
6216
6343
6991
8151
8248
5007
-1921
-9264
-12614
-10931
-7570
-6166
-7045
-8387
-9167
-9801
-10449
-10286
-8954
-7397
-6821
-6170
-3427
1345
6040
7931
6734
4448
3049
3039
3232
2414
542
-1835
-4475
-7252
-9797
-11589
-12189
-11773
-11152
-10734
-10067
-8109
-4505
-383
2633
3666
3667
4722
7219
9874
11479
11867
11733
10526
7211
2292
-2255
-4636
-4987
-4843
-5126
-5048
-4032
-2803
-2219
-2533
-2952
-2484
-1042
934
3488
6813
10492
13344
13882
12015
8802
5237
2086
-125
-796
219
1599
1782
609
-1106
-2294
-2854
-3007
-2666
-1849
-585
1361
4342
7731
9984
9564
6930
4190
2950
3314
4077
4487
4212
2785
515
-1437
-2387
-2746
-3132
-3599
-3389
-2109
-494
875
2128
3414
4050
3508
2579
2302
2919
3652
3770
3488
3177
2579
1173
-953
-3055
-4609
-5442
-5451
-4806
-3888
-3455
-3723
-3728
-2738
-973
710
1637
1976
2248
2800
3252
3031
1987
-34
-2374
-4440
-5809
-6041
-5746
-5455
-5634
-6322
-6796
-6802
-6573
-6353
-6148
-5754
-4853
-3374
-1401
657
2024
2512
2520
2421
2034
503
-1792
-3357
-3895
-4063
-4513
-5171
-5187
-4651
-4616
-5580
-7036
-7785
-7313
-5855
-3562
-972
1576
3905
5788
7205
7224
5706
3578
1812
1188
1196
1248
1298
1365
874
-410
-1634
-2221
-2032
-1652
-1199
-281
847
2010
3122
4059
4734
4885
4202
3336
3381
4514
5858
6379
5777
4365
2621
751
-755
-1446
-1372
-879
-393
253
1407
2675
3054
2235
1261
1361
2844
4884
6690
7952
8245
7135
4705
2249
885
309
-401
-1443
-1919
-1430
-588
-96
141
397
515
142
-312
571
2794
5008
5937
5347
4062
2403
774
-92
-71
399
341
-535
-1491
-2169
-2935
-4183
-5258
-5261
-4105
-2386
-953
420
2298
3931
3965
1174
-3395
-6307
-5219
-1035
2246
1938
-1004
-4389
-6892
-8678
-9596
-8900
-7267
-6322
-6442
-6184
-4193
-1614
-944
-2516
-4476
-4650
-2188
1875
5858
7731
6454
3027
-479
-2711
-4384
-6293
-7676
-7466
-5846
-4332
-3868
-3981
-4163
-5116
-7058
-8463
-7723
-4455
-142
3335
5327
5931
5616
5061
4731
4654
4800
5000
4985
4519
3219
1474
-69
-1340
-2617
-4003
-4635
-3746
-1930
-385
217
125
-41
0
518
1740
3488
5219
6193
6674
7355
7817
7291
5485
3146
1635
1332
1839
2615
2926
2397
1018
-747
-1773
-1590
-782
-29
254
647
1751
3313
4664
4905
4110
3053
2577
2942
3643
4222
4396
3850
2437
647
-702
-1216
-1124
-903
-862
-780
-456
58
931
1860
2399
2625
2472
2179
1939
1704
1544
1437
1206
542
-535
-1719
-2442
-2797
-3229
-3548
-3659
-3329
-2632
-2219
-2040
-1520
-540
517
984
474
-698
-2152
-3283
-3645
-3436
-2972
-2762
-2904
-3311
-3727
-4007
-4376
-4899
-5607
-5931
-5641
-4818
-3257
-1656
-637
-343
-681
-1110
-1346
-1355
-1275
-1271
-1414
-1703
-2053
-2281
-2442
-2624
-2754
-3063
-3486
-3606
-3237
-2708
-2522
-2806
-3154
-2860
-1840
-602
641
1799
2649
2841
2552
2351
2523
3155
3555
3451
3112
2468
1738
1108
839
823
493
-133
-630
-717
-438
123
948
1908
2624
2851
2891
3304
4068
4688
5008
5023
4898
4642
4111
3566
3243
3179
3278
3360
3260
2891
2383
1980
1767
1617
1271
720
342
378
698
1245
1928
2553
2801
2349
1694
1902
3291
4621
4572
3568
2850
2974
3429
3217
2316
1196
-413
-2520
-4251
-4295
-2262
92
698
-672
-2937
-4644
-5179
-4877
-3891
-2780
-2252
-2454
-2960
-3068
-3019
-3440
-4362
-5119
-4628
-2676
-45
2479
4101
3837
1546
-1507
-3398
-3438
-2640
-2287
-2760
-3338
-3655
-3881
-4127
-4527
-5043
-5580
-5805
-5217
-3933
-2440
-1440
-1123
-1003
-1036
-978
-346
884
2052
2399
1792
703
-123
-321
-93
84
-7
-160
100
821
1145
365
-1236
-2826
-3603
-3676
-3611
-3109
-2196
-1288
-757
-924
-993
-311
644
1350
1727
2168
3059
4008
4368
4072
3558
3139
2835
2632
2621
2730
2897
2983
2653
1650
222
-689
-764
-407
71
442
632
501
-53
-638
-821
-463
397
1429
2503
3574
4439
4936
5127
4950
4110
3321
3467
4505
5632
5666
4394
2652
1145
134
-582
-696
-1
675
985
875
713
844
886
483
-191
-612
-545
193
1112
1726
2068
1852
1043
-56
-846
-1068
-673
290
1210
1733
1602
949
306
-92
-388
-884
-1506
-1742
-1438
-1312
-2092
-3584
-4798
-4964
-4125
-2977
-2381
-2680
-3576
-4586
-5244
-5199
-4589
-4167
-4248
-4350
-4095
-3284
-2387
-2177
-2718
-3721
-4342
-3848
-2316
-434
638
448
-357
-960
-782
-57
460
424
-110
-1025
-1914
-1991
-1231
-359
-187
-863
-1764
-2289
-1904
-1040
-597
-768
-1272
-1583
-1253
-476
221
558
433
33
-315
-266
393
1672
2880
3034
2140
1189
807
1074
1791
2364
2663
2624
2302
1821
1363
1073
609
149
242
1059
2332
3434
3904
3558
2372
1016
585
1496
3112
4223
4313
3846
3581
3686
3695
3668
3748
4023
4507
4768
4636
3980
2865
1754
1095
1255
1898
2305
2094
1232
117
-587
-318
671
1645
2365
2695
2602
2620
2984
3213
2515
703
-1437
-2423
-1101
1364
2700
1615
-1507
-5021
-7530
-8159
-6981
-4917
-3341
-3241
-4361
-5602
-5691
-4999
-4567
-4684
-5007
-4373
-2301
390
2291
2325
556
-1839
-3111
-2578
-881
899
1507
727
-1023
-3062
-4083
-3719
-2672
-1867
-2091
-3043
-3628
-3423
-2921
-2775
-3230
-3763
-3736
-2883
-1458
-194
228
-192
-963
-1613
-1642
-1037
-352
92
-57
-809
-1224
-825
204
1187
1281
646
73
68
264
296
349
410
432
402
553
1296
2230
2543
1938
818
-47
-429
-500
209
1834
3484
4217
3893
3329
3153
3143
3031
3161
3815
4490
4443
3543
2558
2262
2310
2134
1780
1620
1529
1115
623
157
-248
-266
224
1059
1934
2228
1777
1091
702
913
1542
2415
3292
3836
3798
3145
2220
1511
1292
1372
1457
1442
1555
1831
1927
1632
1086
536
-31
-490
-862
-1010
-763
-377
-58
-202
-804
-1289
-1409
-1237
-1067
-1140
-1329
-1319
-931
-429
-19
180
214
152
-149
-564
-1082
-1459
-1419
-1337
-1488
-1912
-2500
-2867
-3141
-3597
-4213
-5077
-5818
-6181
-6185
-5845
-5543
-5422
-5568
-5896
-6121
-5901
-4850
-3326
-2102
-1545
-1464
-1313
-793
-6
800
1415
1937
2284
2257
2031
1700
1426
1282
923
433
189
144
167
-69
-814
-1600
-2089
-2037
-1456
-744
-72
139
-254
-938
-1324
-936
-113
599
899
1065
1080
992
1275
1762
2218
2241
1564
845
901
1729
2738
3377
3315
2469
1055
-155
-315
650
1978
2625
2498
2133
1716
1450
1384
1438
1682
2006
2366
2927
3550
3786
3439
2975
2823
3174
3960
4823
5471
5507
4925
4094
3365
2869
2584
2610
2554
2051
1225
141
-908
-1634
-1843
-1380
-385
717
1135
563
-247
-450
81
949
1635
2020
2524
2897
2948
2861
2246
1050
-706
-2470
-2912
-1621
234
856
-510
-3187
-5792
-7419
-7689
-6628
-5333
-4987
-6041
-7575
-8138
-7522
-6277
-5503
-5631
-5844
-5377
-3840
-1638
1
151
-1068
-2711
-3311
-2153
5
1993
2730
1688
-540
-2425
-2655
-1198
710
1512
589
-1285
-2811
-3257
-2583
-1651
-1392
-1847
-2739
-3426
-3428
-2985
-2482
-2302
-2369
-2409
-1912
-440
1282
2255
2014
967
349
981
2667
4291
5062
4887
4149
3500
3144
3216
3352
3183
2632
1847
1540
1927
2520
2710
2232
1316
492
223
583
1151
1566
1696
1716
1715
1574
1438
1523
1907
2242
2444
2776
3021
2803
2136
1593
1773
2361
2609
2258
1826
1839
1849
1580
1333
1093
946
907
861
1084
1410
1267
634
-86
-293
125
789
1410
1581
1339
845
212
50
332
708
984
1065
1401
1858
2033
1713
1021
427
54
-20
94
271
281
-293
-1445
-2679
-3367
-3380
-3026
-2644
-2619
-2996
-3356
-3319
-2871
-2340
-1964
-1653
-1308
-905
-136
903
1668
1442
-321
-2516
-3379
-2132
-69
555
-946
-3731
-6495
-8145
-8093
-6548
-4408
-3278
-4363
-6786
-8443
-8068
-6428
-5006
-4354
-4038
-3312
-2168
-749
557
936
252
-807
-1140
26
2365
4436
5087
4121
2254
722
293
1350
3213
4189
3491
1797
260
-181
220
715
1002
891
403
-360
-758
-443
171
545
214
-420
-678
-187
795
1596
1853
1651
1458
1590
2258
3287
4248
4822
4721
4142
3522
3366
3870
4425
4357
3833
3267
2708
2000
1060
405
684
1543
2071
1867
1216
656
377
312
489
1019
1653
1919
1754
1453
1568
1929
1856
1462
1162
1263
1805
2365
2288
1446
141
-1005
-1386
-997
-155
414
187
-616
-1379
-1794
-1982
-1851
-1431
-884
-476
-269
-80
50
-124
-814
-1489
-1536
-964
-248
120
48
-263
-449
-596
-656
-468
-424
-542
-708
-781
-548
-214
203
331
-293
-1367
-2396
-2937
-2828
-2283
-1653
-1228
-1354
-2401
-4072
-5205
-4848
-3238
-1747
-1689
-2840
-4030
-4786
-5110
-4663
-3424
-2121
-1878
-3038
-4461
-4940
-4371
-3650
-3504
-3717
-3579
-2976
-2299
-1658
-1335
-1454
-1975
-2608
-2468
-1049
989
2554
2988
2304
1155
296
511
2022
3960
5085
4784
3569
2582
2474
2837
3173
3486
3521
3200
2726
2243
2373
2872
2865
2002
801
625
1493
2434
2827
2353
1590
1006
829
1314
2225
2989
3003
2191
1067
595
1232
2334
3150
3481
3283
2999
2972
3028
3089
2823
2146
1682
1947
2719
3477
3421
2178
378
-1201
-1687
-808
566
1419
1203
5
-1357
-2006
-1822
-1203
-485
-6
97
-106
-298
-430
-641
-1012
-1613
-1807
-1218
-134
674
448
-709
-2085
-2892
-2767
-1836
-632
128
-130
-1141
-2137
-2651
-2241
-1290
-491
-158
-415
-660
-678
-583
-551
-890
-1175
-1204
-1122
-1024
-967
-751
-511
-727
-1371
-2090
-2624
-2438
-1699
-976
-506
-594
-1041
-1533
-1651
-1105
-306
164
-297
-1636
-3021
-3218
-1965
-565
-219
-1203
-2780
-4044
-4590
-4371
-3464
-2437
-2171
-2891
-3953
-4129
-3252
-2212
-1734
-2162
-2645
-2364
-1474
-227
944
1491
988
-174
-885
-404
1178
2934
3922
3923
3193
2312
1874
2460
3900
4901
4831
4022
3291
3217
3553
3863
3799
3279
2313
1336
1142
1752
2532
2585
1622
375
-240
133
1037
1866
2275
2082
1549
1066
1092
1841
2619
2813
2518
1979
1694
1807
2219
2716
2723
2196
1347
822
914
1248
1698
1815
1401
520
-649
-1352
-1048
50
1083
1193
341
-687
-1241
-1374
-1191
-716
-310
-428
-931
-1378
-1551
-1331
-1186
-1565
-2078
-2280
-2077
-1697
-1392
-1128
-1225
-1619
-1857
-1830
-1381
-935
-1027
-1419
-1744
-1883
-1729
-1349
-989
-780
-843
-1407
-2059
-2170
-1911
-1518
-1169
-1028
-1022
-1044
-1044
-962
-634
-267
-142
-193
-421
-479
-223
15
122
19
-243
-493
-548
-289
229
569
298
-362
-937
-1136
-623
255
857
951
159
-1049
-1873
-1786
-667
484
816
249
-721
-1778
-2668
-2828
-2176
-1175
-693
-1243
-2188
-2510
-2152
-1895
-2044
-2198
-2165
-1946
-1561
-753
409
1052
760
-144
-549
209
1650
3131
3982
4065
3452
2554
2195
2782
4075
4988
4835
4091
3439
3146
3041
2995
3056
3029
2651
2102
1775
1688
1565
1117
354
-211
-266
34
422
478
105
-475
-946
-998
-768
-295
383
881
1064
957
636
567
782
1006
1068
1066
1345
1531
1502
1322
689
-16
-559
-971
-866
-222
369
364
-395
-1353
-1965
-2185
-1973
-1570
-1234
-1138
-1322
-1637
-1883
-1924
-2015
-2185
-2088
-1707
-1173
-815
-871
-1211
-1801
-2334
-2393
-1894
-1035
-418
-349
-643
-1118
-1364
-1381
-1212
-679
-242
-16
-69
-478
-779
-888
-870
-817
-705
-449
-234
-86
41
15
-110
-307
-414
-197
228
763
1162
1218
900
371
93
281
742
1184
1418
1311
1094
906
635
475
482
800
1223
1267
1166
1132
1182
850
-56
-636
-446
452
1201
965
355
-238
-906
-1612
-2045
-1810
-1208
-964
-1258
-1660
-1902
-2074
-2438
-2839
-2751
-2113
-1198
-448
-30
222
4
-593
-881
-486
478
1485
2094
2255
2207
2076
1864
1721
1812
2233
2536
2442
2399
2422
2474
2398
1985
1602
1455
1360
1212
1042
937
896
767
459
46
-304
-552
-692
-723
-608
-422
-452
-750
-1230
-1524
-1249
-811
-500
-413
-523
-614
-728
-702
-533
-202
196
196
0
-253
-351
-148
-91
-107
-127
-119
22
122
-101
-490
-746
-883
-778
-535
-282
-61
108
-81
-600
-916
-881
-490
-97
-4
-24
-62
-193
-345
-474
-490
-317
2
280
275
205
73
-245
-392
-298
-127
124
290
251
109
-186
-495
-567
-370
-78
67
176
279
350
277
87
-21
83
424
753
965
1043
1099
1055
902
833
797
880
1061
1128
1180
1112
1001
1146
1108
817
573
494
611
635
604
602
649
629
235
-285
-467
-255
71
167
-155
-686
-1286
-1819
-2157
-2107
-1647
-1432
-1957
-2853
-3392
-3402
-3099
-2788
-2536
-2345
-2356
-2486
-2515
-2149
-1511
-1075
-908
-756
-469
19
482
666
797
1034
1262
1311
1413
1622
1952
2281
2136
1953
1981
1980
1954
1966
2046
2062
1796
1213
885
998
1115
1077
715
306
2
-496
-801
-825
-615
-278
-373
-676
-832
-955
-994
-976
-959
-742
-515
-564
-480
-234
-104
-30
4
124
109
-67
-180
-99
324
679
701
583
517
481
374
258
360
727
796
517
422
588
718
469
-17
-194
-37
184
459
689
700
356
-208
-519
-399
-5
263
174
-20
-271
-381
-257
-65
200
233
97
21
13
198
374
418
313
169
149
199
389
513
492
390
87
-113
1
229
508
730
728
637
449
320
436
536
601
618
485
362
372
516
729
756
574
357
232
338
546
732
780
501
102
-244
-334
-170
-88
-182
-564
-1072
-1457
-1652
-1740
-1774
-1815
-2027
-2376
-2673
-2767
-2743
-2645
-2638
-2684
-2662
-2795
-2742
-2381
-1970
-1645
-1536
-1501
-1347
-961
-569
-267
170
482
411
313
489
925
1438
1761
1770
1586
1391
1374
1502
1717
1989
2013
1826
1666
1509
1324
1253
1276
1300
1264
1049
692
409
337
223
147
163
133
202
123
-63
-213
-311
-278
-271
-401
-481
-284
-80
12
-39
-195
-242
-318
-357
-255
-81
183
386
359
213
189
330
611
843
913
976
990
937
840
879
1039
1095
1025
816
652
544
480
499
516
463
336
186
-51
-198
-241
-318
-318
-318
-304
-229
-250
-322
-486
-656
-668
-665
-565
-403
-286
-282
-481
-708
-703
-531
-496
-498
-423
-239
-35
-27
-102
-149
-107
-27
-9
137
510
721
564
279
116
184
240
230
296
465
651
672
491
177
-49
-173
-77
141
289
361
66
-448
-856
-912
-786
-641
-459
-597
-982
-1327
-1671
-1896
-1871
-1888
-2024
-2113
-2155
-2123
-2108
-2245
-2308
-2259
-2298
-2155
-1831
-1464
-1134
-969
-834
-735
-664
-469
-166
268
596
726
930
1016
1072
1294
1477
1621
1780
1909
1968
1925
1896
1996
2112
2015
1805
1686
1632
1579
1426
1340
1363
1294
1098
818
672
680
702
567
311
261
262
154
-12
-121
-84
-55
-123
-242
-216
-37
119
92
1
-8
148
369
330
291
421
462
442
475
585
800
905
704
516
422
259
202
306
403
547
641
397
102
38
26
4
2
-2
116
191
7
-114
-179
-301
-440
-699
-826
-678
-537
-474
-506
-672
-774
-874
-994
-1087
-1051
-825
-671
-638
-662
-685
-710
-781
-817
-827
-677
-418
-327
-281
-331
-354
-279
-348
-252
-117
-48
86
116
129
78
-53
-66
41
208
400
449
396
303
118
30
65
187
240
103
4
-77
-213
-373
-500
-475
-483
-648
-766
-832
-858
-967
-1234
-1472
-1507
-1426
-1484
-1455
-1387
-1405
-1463
-1642
-1664
-1472
-1198
-967
-857
-740
-653
-672
-551
-241
79
434
666
673
779
945
1065
1267
1492
1717
1829
1838
1888
1869
1852
1810
1652
1614
1568
1482
1473
1416
1393
1350
1238
1051
853
744
673
758
783
778
783
535
325
269
273
286
335
461
431
260
164
134
138
88
-13
10
41
68
95
99
84
-4
-92
-141
-26
149
233
230
90
-52
-99
-136
-72
47
14
-54
-108
-222
-317
-420
-501
-454
-367
-210
-107
-198
-354
-548
-616
-588
-558
-476
-465
-476
-577
-726
-772
-760
-760
-812
-800
-822
-890
-824
-815
-742
-592
-581
-468
-534
-600
-521
-531
-379
-167
-63
-16
-37
-97
-117
-93
30
173
277
268
253
258
156
154
170
243
351
443
493
434
392
392
441
350
207
119
43
78
117
102
16
-207
-471
-593
-547
-503
-473
-576
-741
-848
-936
-839
-722
-687
-781
-894
-911
-887
-685
-522
-510
-579
-665
-590
-418
-218
30
214
231
207
231
402
624
741
761
743
937
1117
1136
1184
1242
1205
1106
1126
1223
1317
1336
1260
1040
847
852
901
989
980
904
844
656
463
332
350
444
479
517
397
254
161
56
91
124
105
83
-12
-103
-105
-42
-1
-59
-65
-92
-127
-14
-56
-167
-227
-366
-440
-415
-337
-279
-250
-330
-459
-569
-683
-699
-600
-434
-350
-319
-406
-441
-407
-444
-331
-259
-190
-51
-17
-67
-143
-194
-212
-254
-399
-438
-360
-282
-206
-368
-570
-549
-601
-591
-486
-438
-253
-184
-230
-204
-290
-372
-246
-46
8
-22
0
-1
-39
-3
104
176
211
237
252
312
332
314
398
413
339
332
386
454
460
509
497
304
159
71
125
252
236
183
-17
-167
-136
-154
-224
-294
-344
-412
-480
-477
-460
-428
-441
-534
-533
-591
-698
-729
-705
-514
-356
-426
-507
-452
-374
-341
-375
-313
-95
41
6
94
277
314
316
270
296
472
566
587
597
662
790
804
742
694
647
691
647
529
607
644
625
570
415
399
322
247
285
248
287
215
173
186
129
188
72
-24
-2
-30
-25
18
6
-92
-104
-175
-317
-319
-258
-250
-214
-217
-264
-204
-276
-369
-408
-468
-359
-210
-170
-146
-147
-132
-122
-243
-274
-156
-35
-46
-118
-58
-37
-53
-32
-110
-178
-194
-207
-157
-93
-30
86
13
-71
-84
-107
49
110
116
146
73
32
122
152
83
58
33
69
83
139
91
-7
57
-29
-114
-84
-17
33
8
81
93
45
128
170
154
198
260
283
254
189
232
236
51
53
137
101
88
-17
-104
-116
-180
-221
-233
-257
-297
-286
-295
-380
-391
-508
-636
-676
-682
-604
-624
-659
-602
-571
-568
-578
-615
-580
-452
-352
-385
-345
-286
-221
-152
-195
-57
27
37
120
156
343
394
308
399
382
375
403
361
493
571
470
365
286
298
360
388
439
392
395
414
301
266
265
350
448
409
365
297
174
111
98
81
81
61
52
43
28
86
98
81
57
-54
-92
30
86
147
240
145
83
-17
-70
113
172
202
187
58
50
100
113
86
94
156
126
60
47
119
114
-8
-68
-119
-79
-10
-54
-48
-16
-100
-155
-184
-216
-156
-88
-55
-53
-138
-177
-160
-170
-77
-68
-78
17
27
-2
6
6
-48
-42
-9
15
83
117
108
30
-61
-34
-7
-65
-28
54
29
23
15
-72
-86
-27
-24
-63
-94
-157
-131
-109
-139
-117
-165
-217
-247
-273
-219
-172
-220
-193
-215
-316
-321
-338
-298
-257
-243
-296
-418
-456
-539
-546
-503
-445
-336
-384
-419
-381
-399
-354
-236
-151
-71
50
93
58
77
65
110
183
146
267
360
388
427
289
205
153
174
283
386
516
633
609
425
248
181
219
264
387
509
490
368
277
228
145
144
195
264
361
318
214
218
186
117
100
115
208
218
166
225
211
128
112
82
69
157
196
214
255
219
154
97
70
57
69
53
96
121
13
-42
-65
-101
-69
-28
-87
-76
-67
-124
-178
-241
-228
-307
-297
-237
-313
-268
-293
-352
-358
-394
-396
-387
-327
-301
-192
-158
-231
-243
-290
-222
-163
-72
9
-21
-66
-126
-92
-84
-62
-23
13
103
110
68
-9
-43
-20
-45
12
28
51
94
25
-47
-180
-179
-126
-132
-72
-54
-58
-98
-138
-196
-225
-196
-164
-103
17
67
-51
-149
-155
-167
-176
-112
-79
-126
-110
-95
-102
-36
-34
-78
-81
-101
-59
21
66
99
53
61
27
-57
26
114
159
113
77
78
108
198
138
115
181
236
261
222
265
295
263
244
258
274
328
402
398
425
414
322
295
300
279
327
281
252
276
151
163
170
109
106
78
170
161
132
216
131
76
118
62
-25
-31
5
-20
-18
-39
-92
-66
-135
-126
-17
-9
-7
47
118
97
69
32
-8
41
8
-63
-155
-205
-149
-134
-186
-333
-395
-364
-347
-299
-329
-337
-286
-389
-350
-259
-329
-305
-291
-266
-348
-387
-286
-271
-217
-251
-263
-244
-264
-207
-129
-108
-93
-96
-135
-81
-97
-51
1
-69
-73
-56
-29
-3
11
35
76
46
-14
17
53
50
92
129
40
25
1
-26
88
17
-78
-18
-26
-17
-13
0
21
-44
-25
-1
30
100
38
33
66
59
94
96
123
156
138
129
147
195
286
291
172
162
195
187
126
78
153
196
192
117
46
117
107
21
11
70
138
147
180
158
128
118
131
187
139
166
193
139
162
120
103
94
10
54
79
82
117
153
153
68
24
-18
-11
72
119
140
117
52
-39
-89
-102
-119
-33
-64
-110
-35
-71
-25
-20
-77
-39
-79
-61
5
66
119
37
21
-55
-191
-199
-158
1
1
-137
-197
-254
-274
-335
-338
-234
-231
-232
-256
-331
-309
-384
-328
-198
-296
-273
-217
-185
-188
-326
-319
-267
-276
-227
-149
-85
-137
-124
-132
-232
-145
-70
-2
91
93
96
99
120
103
47
42
74
201
238
152
168
133
93
154
173
153
165
167
133
157
160
138
138
75
75
45
24
114
134
101
45
48
79
118
112
94
101
101
92
23
84
130
64
117
129
80
102
132
168
82
61
168
159
174
191
157
136
87
122
94
31
129
187
186
143
127
115
32
21
54
57
43
47
74
66
-37
-101
-55
-83
-96
5
23
6
-5
-44
-21
-73
-93
-67
-44
13
-72
-72
-47
-76
-99
-175
-83
-33
-40
-50
-130
-83
-76
-124
-190
-260
-119
-27
-91
-95
-138
-162
-157
-179
-123
-82
-116
-101
-57
-129
-218
-198
-166
-199
-200
-149
-96
-41
-49
-94
-104
-115
-19
5
-59
22
25
-16
49
-5
-173
-140
-17
-12
-2
3
71
136
121
82
37
102
140
132
132
81
97
94
28
-26
-19
41
-7
17
26
-70
-83
-4
83
15
-13
43
19
-10
5
20
-12
41
99
102
110
120
196
98
60
124
57
184
246
214
186
139
176
98
111
212
233
217
183
180
205
201
195
176
85
96
44
34
127
60
65
58
12
66
27
38
45
-24
-36
0
39
15
14
-4
8
-8
-128
-121
-30
6
-9
-51
-30
-45
-83
-101
-103
-96
-140
-132
-184
-207
-167
-183
-114
-113
-181
-155
-115
-178
-225
-173
-177
-115
-62
-172
-133
-120
-190
-155
-131
-120
-170
-135
-33
-65
-50
-26
-137
-131
-144
-212
-116
-61
-42
-31
-97
-158
-123
-77
-39
-38
-13
42
29
54
12
-10
2
-30
-1
77
34
-77
45
156
54
70
71
53
127
110
155
140
61
141
118
84
144
97
127
155
71
68
82
91
58
64
131
133
113
79
97
60
-38
0
72
20
12
87
104
56
-28
-41
45
52
-28
76
94
33
53
-13
28
-9
-24
32
-1
48
49
62
68
85
130
46
44
115
86
42
56
84
123
74
-23
-50
-46
-1
-18
-74
-75
-73
-36
-54
-67
-18
19
-26
-123
-62
-44
-118
-90
-35
-35
-39
0
-1
-32
-76
-98
-84
-56
-87
-60
56
4
-90
-110
-79
-109
-178
-168
-101
-43
-53
-31
-80
-93
-73
-136
-73
-74
-119
-73
-72
-53
-63
-88
-66
-105
-90
-60
-100
-89
-86
-82
-22
0
27
40
-11
-45
-66
38
88
27
48
98
91
124
125
-26
-20
41
33
76
112
127
91
81
67
48
108
57
85
166
138
153
80
24
9
-8
-7
-16
-6
-16
41
53
-46
-39
50
36
59
135
65
70
104
89
86
93
94
36
143
198
101
134
133
55
72
150
158
116
87
106
156
62
-18
-35
-63
28
98
104
56
-15
-59
-44
18
-62
-71
-17
-15
15
-41
-54
-110
-144
-153
-214
-99
-3
7
20
-51
-114
-113
-116
-117
-182
-162
-54
-77
-144
-145
-116
-104
-95
-137
-161
-139
-103
-78
-89
-59
-52
-60
-62
-99
-37
-72
-163
-130
-66
8
-1
20
55
24
30
-12
-38
-24
-66
-30
30
45
106
62
0
4
-7
34
21
28
48
33
112
88
1
12
43
8
3
45
-33
-34
37
19
55
62
88
100
40
24
-22
21
25
13
39
47
98
109
87
35
27
40
19
12
53
58
72
112
91
59
-7
0
29
27
34
60
101
96
87
59
16
29
23
50
139
47
-78
-11
77
48
-16
-25
99
125
91
121
29
57
57
-17
31
-30
-3
34
-15
46
-4
-3
32
-57
-96
-82
-11
79
95
23
-9
21
47
6
-44
0
-15
-77
-65
-26
5
-15
-10
9
-14
-18
-63
-160
-146
-129
-64
9
-53
-59
-128
-120
-66
-160
-177
-132
-61
-68
-108
-124
-150
-53
-108
-154
-45
-124
-143
-103
-115
-50
7
-5
2
-17
-26
7
-22
20
4
-11
41
9
11
16
60
108
13
-30
-7
3
37
10
70
160
130
63
11
18
32
39
46
69
91
130
131
44
-16
24
64
32
8
41
87
85
47
2
-1
15
26
17
33
77
15
8
65
20
-23
-48
59
133
46
43
14
5
13
-14
57
54
22
108
108
33
-4
-42
9
77
68
66
90
133
82
-8
0
30
64
12
48
153
41
17
-9
-73
0
70
57
-13
21
38
-46
-5
14
-61
-27
-15
-11
22
-15
-22
-71
-103
-63
-89
-7
11
-44
36
-44
-95
-32
-66
-24
-31
-26
55
3
-19
-54
-35
20
-40
47
26
-40
5
-93
-98
-17
-68
-67
15
10
-18
-75
-90
-97
-168
-78
-28
-55
-15
-81
-36
-3
-66
-77
-171
-113
-33
-66
0
61
49
-33
-75
-20
-24
-44
-82
-77
-3
33
-3
-79
-15
21
20
13
-31
-41
-61
-32
1
47
17
25
14
-52
17
-44
-102
-34
-46
19
107
20
24
-2
-56
53
20
1
-7
-16
27
-64
-41
22
-12
-7
7
6
-7
-8
-25
-40
53
65
-16
51
32
4
96
47
40
72
24
3
34
98
73
78
129
78
77
37
-21
44
88
85
84
58
40
81
38
9
29
36
24
41
79
-1
-37
13
30
-2
-14
6
10
22
51
16
-6
-21
-32
1
-33
-73
-9
48
24
-32
-102
-63
-57
-43
-31
-74
7
31
45
-65
-141
-57
-46
12
-21
-112
-133
-43
1
-81
-95
-91
-63
-61
-72
-84
-91
1
-8
-36
-23
-49
-19
-42
-51
-16
-53
-60
36
32
-60
0
11
13
6
-85
-38
6
33
67
24
59
76
19
29
-36
-23
9
-7
61
19
0
-6
-44
-69
-27
31
-26
8
-31
-64
-9
-48
-46
28
58
36
35
-21
-67
-26
-23
-36
-3
17
25
10
13
41
-13
-87
-81
-40
-21
-4
17
32
13
-8
25
-17
-95
-72
-12
2
24
37
30
-14
-70
-22
-42
-51
-26
-20
25
-13
7
29
-6
58
55
-9
-22
-76
-67
2
-4
19
22
49
37
-46
-43
-62
-71
-2
64
15
-9
47
70
63
15
-41
-3
13
-37
10
5
15
64
45
56
64
46
18
-5
-19
-10
3
2
53
59
62
85
-16
-8
30
-9
-17
3
42
60
34
0
44
34
-5
-23
19
80
39
19
36
46
42
16
-2
27
83
89
27
31
66
-18
-24
-11
-40
-11
18
46
92
97
30
48
30
-12
-1
-51
-14
-7
17
126
65
40
32
-12
-13
-55
-60
-67
-13
90
55
32
70
42
-15
-81
-106
-50
0
5
-15
63
96
-25
-31
-39
-43
-6
-60
-53
-33
33
44
-68
-64
-31
-9
-41
-86
-52
26
44
-33
-12
55
-11
-105
-99
-81
-19
-7
-45
12
16
21
2
-115
-105
-61
-34
27
-14
-10
72
18
16
45
-83
-70
-30
-102
-23
8
-45
84
91
3
-4
-25
3
-4
-79
-74
55
55
11
82
91
45
9
-55
-56
12
-7
-9
59
48
61
67
-8
-52
-13
38
30
21
40
63
28
-6
-50
-61
-52
-12
53
26
60
11
-16
-1
-61
16
-18
-41
68
92
80
34
46
79
17
-55
-64
8
56
38
16
30
89
66
17
85
94
40
13
-49
-56
-24
67
64
59
91
-12
-16
-106
-148
-50
-5
19
-5
34
4
-72
-82
-70
-44
-17
-24
-31
8
40
-28
-109
-41
7
-26
23
57
67
77
40
75
38
-22
35
20
28
79
53
108
108
67
91
7
-40
-29
-60
-8
-15
12
103
32
-3
14
2
-35
-73
-124
-87
-14
-61
1
59
42
12
-115
-79
0
-25
-28
-35
10
56
65
57
50
-10
-20
15
-15
-27
-7
49
11
8
40
-34
-27
-46
-46
45
0
3
26
-32
2
-76
-144
-70
-86
-45
12
3
20
-13
-59
-21
-64
-128
-56
0
12
0
-7
7
-6
-18
-21
-59
-70
-100
-151
-63
34
62
41
-5
-60
-99
-67
15
-34
-83
-1
-38
-39
18
-18
-27
2
8
-18
-66
-43
-13
5
100
83
-21
11
76
72
7
17
80
84
62
-12
12
45
6
12
-39
-11
71
24
17
35
16
10
-45
-72
-6
-2
32
35
-8
37
-27
-14
62
-37
-69
1
-11
19
127
153
121
96
62
64
97
46
28
28
84
131
86
104
82
92
-32
-122
12
-7
33
72
49
82
-12
-105
-76
-45
-77
-55
-38
-80
-37
2
-33
-61
-58
-63
-67
17
17
-8
6
-19
103
87
9
82
60
-27
-27
104
61
-20
60
135
164
52
20
28
-97
-33
93
49
64
41
-16
-17
-72
-24
28
15
-50
-105
-40
18
23
-9
-38
-71
-33
1
-68
-5
2
-27
42
-31
-60
-63
-45
41
-34
-56
45
19
20
35
-44
-71
-90
-45
2
0
-15
-47
-2
42
14
-71
-89
-42
-26
-24
-17
34
60
-25
-34
59
51
4
-53
-55
-37
32
95
14
10
-20
-13
35
1
44
-13
-72
14
-7
37
61
-64
-29
-75
-87
69
4
-30
-27
-55
-17
-98
-57
28
-5
43
-37
-79
34
45
42
18
26
0
-11
-17
-56
-14
-1
69
122
38
3
18
-68
-67
37
3
3
70
40
12
25
-13
-51
-14
-79
-46
65
-48
1
54
-27
-27
0
73
67
33
13
1
27
1
3
37
75
69
3
18
19
-15
42
32
16
62
14
-8
33
20
-24
-7
-4
-23
3
-30
-35
-13
-60
-39
27
-16
-98
-95
-4
47
14
-5
24
11
-40
-53
-59
-3
34
68
42
26
50
-38
-10
16
-1
40
63
66
10
-38
8
23
-23
19
61
13
-73
-29
27
3
-65
-76
-9
1
9
-42
-4
56
-3
-74
-57
-20
-39
4
43
8
-17
-27
-73
-30
42
-24
-36
-9
-36
22
-23
-66
24
-38
-9
-25
-83
38
-25
-68
-15
-68
-77
-44
5
14
-5
21
11
-12
21
-25
-29
80
58
73
43
-22
63
57
68
41
18
111
90
33
86
79
78
43
-46
47
73
21
-7
-5
19
-56
-84
-29
-82
-58
16
2
-2
-70
-55
-44
-75
-43
3
27
-14
-26
-22
-10
-65
-127
-29
34
58
23
-11
100
26
33
77
-64
27
66
46
66
13
69
77
24
-70
-122
-70
-49
-25
-8
2
0
-40
-36
-17
-19
13
23
-10
12
1
-66
3
49
-5
-12
-30
-15
-32
-83
-6
-15
-46
26
44
53
4
-18
74
77
-9
-2
-23
-14
43
-11
-27
-114
-148
-26
-80
-60
5
-39
19
0
-60
-39
-16
16
87
95
40
29
45
23
29
57
-42
-51
7
-13
32
11
-34
34
24
55
147
53
2
-14
-28
56
53
30
-16
-21
70
45
-116
-185
-100
-55
-34
3
-54
-45
44
24
13
0
6
133
107
32
67
33
48
65
27
17
9
30
-14
42
119
17
38
91
17
-8
8
93
124
14
100
130
-14
-27
-41
-60
-72
-76
-12
-3
-39
-49
-23
-47
-13
71
7
-49
-45
8
79
98
36
60
144
6
-83
-4
40
73
3
-72
-13
-4
-35
-16
-48
-15
45
18
-12
-69
-53
-46
-24
58
48
4
-35
-76
-102
-49
-37
-114
-92
-34
15
2
-47
-30
-34
-3
45
24
43
131
156
96
-12
-102
-40
15
4
8
-27
-42
-45
-89
-70
-98
-113
-5
28
23
-35
-12
19
-30
-1
-6
-33
-27
4
16
-72
-104
2
-31
-66
39
-3
-9
89
68
45
41
17
20
67
90
96
96
-1
-55
-28
-28
-36
-58
-73
-2
3
-68
-2
-11
-148
-74
24
-24
21
51
32
6
0
43
-34
-9
23
-52
1
88
115
60
28
-12
-37
33
31
45
78
77
133
80
29
52
-27
-59
-9
55
61
4
5
-32
-39
-76
-164
-100
-39
-23
21
45
55
-14
-37
-34
-115
39
163
18
23
106
54
-35
-34
-44
-39
44
19
35
49
1
3
20
10
5
41
1
63
95
2
-26
-90
-42
-42
-84
-17
-25
22
-24
-126
-60
-32
-26
4
-6
-17
4
8
-24
0
38
40
13
-10
-62
-56
-2
-27
-46
-13
20
18
15
-46
-72
-20
-43
-40
12
-84
-37
88
16
-31
-33
18
-11
-69
-6
15
10
5
25
28
-26
-29
22
77
51
15
25
81
99
18
29
79
30
34
100
40
-45
-64
-25
38
-70
-107
-74
-116
-54
-94
-64
38
43
-7
-113
-64
-28
-46
-37
13
17
-20
36
5
-81
-67
-22
-56
-4
131
77
38
86
67
79
86
62
52
31
132
145
-34
-62
-18
-80
-111
-25
-14
-10
18
-41
-93
-46
-26
-79
-31
0
46
23
-17
74
-16
-109
-25
-55
-20
79
11
-8
13
39
104
58
-16
42
66
71
51
33
74
-7
11
42
-28
-40
-31
-34
-59
-47
-26
-49
-62
-66
-86
-57
-54
-45
-15
-24
8
-4
9
45
-28
-47
-6
16
61
61
49
37
36
64
-17
-52
26
65
54
-6
-6
76
101
46
16
-33
-42
-37
-81
-7
-22
-61
-53
-65
-20
-70
-113
-99
-76
-7
-7
-22
19
35
15
22
48
53
-15
19
46
-33
71
84
14
74
17
-53
21
70
118
62
-32
72
103
39
-22
-75
-51
28
90
44
-15
-68
-42
-42
-95
-44
-8
10
28
29
-3
-19
14
-4
-14
-30
29
88
25
42
30
26
2
-55
43
89
17
0
33
7
-12
-20
-44
-36
18
38
-7
-13
3
22
-7
-16
-33
-42
36
-13
-47
9
16
48
26
-60
-83
-41
2
20
13
38
88
89
43
13
14
16
8
-21
33
62
13
64
9
-111
-74
-58
-46
6
-3
42
52
-59
-45
-12
-32
-4
-19
-12
-7
15
60
-36
-104
-19
18
17
-41
-72
54
32
-10
47
80
74
-32
-61
37
62
-22
-69
-25
44
59
-19
-56
-9
-21
-90
-86
-82
-44
37
29
-30
-57
-4
-4
-39
-87
-45
15
-48
15
89
71
-2
-70
-10
15
-9
41
51
49
99
32
24
38
-28
7
16
53
113
91
11
-15
46
-62
-65
42
-16
2
17
-58
0
28
-60
-72
-45
18
57
-11
-38
-9
-51
5
80
28
-2
-44
-2
4
-43
-31
39
75
-38
12
54
1
62
44
23
43
-21
-17
-5
15
13
-52
14
51
-7
-57
-65
-26
-20
-87
-2
94
-11
63
45
-90
-1
25
-58
-65
4
80
57
-33
-12
-14
-20
18
16
45
11
12
56
39
117
38
-109
-19
1
2
34
24
45
34
-43
-72
-20
-55
-34
20
21
50
-45
-42
-4
-16
40
7
6
-23
-69
-28
-5
34
26
77
75
-34
-27
-3
-44
-63
-7
23
41
99
92
13
-48
-77
-46
11
31
18
12
-22
-9
18
-33
-76
-102
-45
6
-22
-32
-55
-30
37
46
-32
-79
25
54
8
19
20
53
26
-23
-16
-30
30
53
-14
13
-4
48
100
0
25
-13
-45
27
30
43
-7
25
35
-35
-67
-100
-15
-35
-93
-70
-32
-20
-26
19
-12
4
-33
-59
26
-3
24
16
-8
18
-16
41
62
9
3
5
11
-57
-29
26
34
135
78
19
49
-2
-25
23
36
-6
28
-18
-32
81
-14
-45
-8
-62
-50
-49
-37
-18
36
1
-47
36
9
-25
2
0
-8
-5
56
35
-14
38
15
-43
-90
-101
50
66
-5
44
55
-33
-82
20
3
-33
73
99
41
-15
-21
27
34
-32
-58
0
-26
-61
-32
-18
44
51
-15
-2
39
74
45
-10
-34
-24
54
66
96
94
-1
-57
-53
-63
-111
-48
17
31
38
8
21
-19
-34
-26
-37
20
-48
-25
59
1
25
-37
-98
-57
-79
-60
-52
-44
4
42
50
-5
-45
-46
38
95
3
11
3
20
136
61
5
-14
-69
-47
35
44
4
53
18
0
48
19
4
-29
-23
30
49
41
32
47
17
-17
-71
-83
-32
8
41
32
-16
-35
-31
-25
6
-20
-1
71
43
-33
-49
-6
20
58
91
8
-40
5
-7
-64
-49
33
5
4
32
6
-4
-6
4
-53
-70
-24
36
91
50
-13
-2
1
-27
-18
-49
-82
6
58
0
-62
-55
37
16
-48
-13
-39
-23
37
-24
19
43
-56
-26
0
-27
-2
1
-109
-141
-49
19
-24
-63
3
-31
-21
-20
-96
-52
32
53
45
48
-7
-12
-1
-4
22
29
69
31
53
99
26
62
73
8
29
34
104
175
111
48
48
92
76
53
-36
-45
53
-21
40
93
17
40
-66
-25
0
-178
-110
-41
-13
72
63
32
-44
-97
-91
-56
-37
-51
-45
-12
25
4
3
17
-76
-137
-52
6
20
47
-37
-74
14
41
-14
-58
-4
30
52
-28
-86
-21
-120
-118
48
39
-24
-1
-35
-39
-73
-94
-16
-1
34
0
43
62
-36
-31
-65
-3
76
71
8
-28
10
23
23
9
17
35
32
47
78
54
40
41
46
36
-36
-24
54
50
68
132
80
-4
11
46
23
-44
3
93
45
43
80
87
83
31
1
-26
-54
-31
53
67
12
88
93
-6
-12
-83
-87
-39
-42
-22
-53
-37
-31
-22
-45
-82
-64
-76
-88
-79
-58
-74
-35
-60
-85
19
-18
-79
-41
-79
-108
-76
-47
19
0
-5
6
-54
10
20
-44
-20
27
38
-2
16
35
10
18
-55
-52
-3
40
120
80
17
-57
-17
63
-22
-36
24
91
109
64
63
33
-11
-45
19
82
45
42
26
64
125
71
33
34
42
10
-29
14
14
27
85
18
-8
4
41
65
-76
-118
-20
7
-4
52
41
-84
-106
10
23
-9
-10
-90
-58
-36
-101
-59
9
64
103
14
-44
-25
-40
-61
-25
43
-1
53
100
19
-29
-102
-62
-15
-31
34
50
-19
-11
0
-76
-48
-2
-29
6
18
3
46
-23
-117
-59
-47
-47
0
-9
-48
-20
18
-16
30
20
-58
-58
-38
-18
33
116
80
20
21
-4
21
26
-32
-20
-3
16
-8
25
83
19
50
12
-10
30
-8
42
4
12
64
3
35
56
7
5
13
-47
-63
-46
-62
-33
-38
33
76
26
65
-9
-69
-65
-56
-7
40
85
27
22
-17
-26
16
-120
-64
56
23
56
47
9
23
-35
-4
121
117
73
6
0
36
35
89
43
-6
-44
-107
32
79
0
22
29
-2
-54
-62
-56
-36
-15
-21
20
17
-4
-25
-93
-139
-98
-1
-39
-104
-91
-86
-23
-5
-25
-11
-52
-41
-35
-36
-21
-52
-7
27
65
70
27
-7
-24
-13
0
25
-24
3
34
58
43
-5
79
62
77
20
-47
22
-27
44
107
55
100
28
-51
-27
14
20
-61
-53
47
71
-18
-54
38
57
-20
-38
-1
39
68
14
-43
15
16
21
26
-52
39
46
4
57
-48
-40
74
73
39
5
43
40
-19
57
69
18
14
13
73
-19
-91
-21
-23
-40
-19
-14
-22
12
-48
-145
-54
-32
-133
-98
-41
-40
-12
-13
-49
-53
-105
-105
-51
-128
-91
-6
-7
11
3
16
10
-72
-50
-29
-2
101
94
136
78
-1
56
16
60
72
-5
29
61
40
50
50
-7
16
13
-22
7
23
46
1
25
33
2
-3
-86
-46
-11
-6
4
-77
-99
-7
27
-41
-77
-28
26
-27
0
60
36
26
-16
73
103
-50
-17
46
13
32
-33
7
48
-55
3
88
42
-27
-25
22
33
-1
27
53
34
-30
-67
22
16
-58
-94
-110
-47
-6
9
-6
-61
-42
-21
-55
-32
-4
9
54
17
-41
-3
20
14
-38
-73
-44
-18
47
62
-7
-51
40
90
23
49
59
-13
45
95
88
116
59
4
11
78
47
-60
-74
-5
127
61
-17
59
0
-8
31
-17
-36
-12
30
13
-71
-26
24
-75
-98
-72
-101
-143
-111
-75
-16
41
-7
-65
-90
-67
-33
-18
-7
47
62
-24
-33
-7
-5
-28
-34
7
1
38
44
32
56
42
43
22
29
59
24
5
41
69
53
-29
-48
-44
-72
-50
-66
-40
-15
-4
-7
-48
19
-28
-42
36
-23
-29
-33
18
75
-4
-56
2
66
6
-46
-47
20
86
88
42
26
83
91
77
68
78
43
23
72
-6
-34
51
24
17
-25
-74
-19
-40
-50
-30
0
21
-17
-7
-29
-62
-86
-51
25
-27
-78
-94
-65
-45
-42
-82
-120
-82
-38
15
-30
-19
71
57
-20
-22
-4
-14
2
3
50
38
-37
-24
-35
-32
-21
-7
26
-35
-8
15
-60
78
126
35
77
35
1
31
-9
-60
-8
80
12
35
39
-66
-37
-30
-5
64
91
53
33
52
72
79
81
51
-18
22
10
-40
1
10
5
-2
14
29
-27
-14
-5
4
92
100
136
126
23
0
-47
-29
25
28
67
15
0
6
-40
10
-27
-105
-8
35
9
13
4
8
-5
-20
-11
-54
-97
-110
-78
-79
-91
-44
-70
-89
-42
-48
-137
-96
-1
-4
-2
-10
34
82
46
11
45
2
-46
24
57
23
-37
11
68
75
109
13
-24
55
67
85
59
54
45
33
33
-47
-24
-8
-36
-89
-125
-11
7
13
-4
-29
-13
-99
-72
-18
46
76
7
43
84
22
-45
-46
-33
-11
37
86
54
48
78
71
7
-20
52
54
18
18
61
109
103
62
3
-33
-78
-91
-28
-29
-59
-60
-24
-10
-19
-10
-85
-56
-48
-50
35
16
-8
-19
-32
-62
-64
-3
-53
-101
-70
-79
0
5
-19
66
-2
-32
34
47
28
-29
1
49
4
-2
9
0
-14
-90
-58
20
-1
4
7
66
62
-36
-14
48
32
-5
31
51
55
51
-19
17
52
-49
-37
-68
-94
3
28
15
-33
2
50
26
-41
-92
-14
48
38
6
15
15
-39
-22
-11
-91
-116
-38
-6
-3
29
92
86
23
68
82
84
51
12
45
90
93
34
55
21
6
11
-39
-39
-25
60
12
-47
44
32
12
11
-18
-41
-48
-25
-5
-47
-44
3
-40
-67
-83
-91
-81
-76
-13
-3
-12
29
38
51
30
-70
11
88
43
71
70
78
32
-48
-7
-26
-91
-13
7
25
25
-3
57
49
66
5
-38
-33
-27
21
-32
-2
12
-18
-63
-67
-36
-67
-49
-62
-18
14
0
-10
8
73
66
-2
-41
23
46
-20
-29
23
51
40
1
-12
22
-5
35
50
25
17
22
52
51
67
11
24
76
87
51
-4
-38
6
48
-49
-17
8
-38
-29
-11
67
71
-22
1
25
-38
-41
-86
-79
27
9
-54
-43
-62
-76
-25
-45
-79
-53
-45
-17
-7
-6
44
45
25
28
-58
-93
-35
-44
-32
0
41
92
24
-8
-7
-57
0
9
29
26
-9
61
0
-38
24
-17
-38
-33
-15
-42
-98
-9
20
19
-33
-38
-16
-60
53
-27
-94
71
112
67
-4
-48
-11
-11
-30
34
1
-29
46
76
75
-4
2
47
-29
-6
86
81
71
51
8
9
-10
5
13
-27
-30
6
25
16
16
-9
-17
63
62
44
57
-75
-33
7
-22
49
-8
7
35
-18
-40
-32
-37
-52
-8
10
-10
-6
-31
-70
-6
38
1
1
-57
-82
17
16
-13
-34
-40
-45
-45
39
31
-16
6
3
27
15
-21
61
45
10
91
73
29
9
17
44
-42
-37
70
8
-73
-25
18
21
41
17
-13
-16
-33
-48
-49
-9
2
-14
-44
-25
-20
-60
-30
-50
-36
-23
-6
26
6
23
-8
23
61
74
54
-30
13
29
55
33
-39
67
57
36
59
-48
-43
-10
18
55
27
27
-3
-15
1
12
6
-54
-87
-73
-1
51
-3
-50
-73
-71
-51
-18
20
7
-23
-47
59
58
5
39
5
34
-10
-25
-4
-16
17
-12
14
1
29
77
-15
10
0
-41
1
55
29
-3
96
41
1
6
-53
-9
-40
-56
-58
-64
18
48
70
61
0
12
-28
-58
-3
-5
15
43
46
35
-19
-37
-34
-70
-44
-49
-55
-15
14
1
-7
16
-25
39
35
-41
-44
-43
-13
7
23
13
7
-27
-7
36
9
6
-16
31
19
-26
69
60
42
34
6
65
7
12
59
0
31
-6
4
30
-67
4
22
-73
8
47
-20
-52
-20
29
-24
-52
13
41
23
23
9
-14
-10
8
-16
-62
-38
-7
26
48
19
14
36
15
12
-1
-2
11
6
57
45
36
-37
-32
45
-20
0
-44
-41
20
-65
-42
21
6
-2
-29
-29
5
-30
-42
37
-5
-26
-17
-30
74
-3
-95
-31
-27
-54
-57
0
25
56
39
-77
-56
39
61
18
-46
-13
90
34
-56
-17
1
-48
-68
-1
-5
-39
14
40
61
41
22
61
14
-1
0
-17
29
19
50
94
-16
-64
-13
-9
33
12
-15
28
-1
12
56
9
-5
13
-19
-18
-19
-72
-20
45
-11
-41
-25
-29
-23
-27
0
16
-1
-1
29
28
-29
5
11
70
78
1
16
1
21
35
8
-5
-4
-16
28
72
-42
-49
24
27
70
8
-36
-3
-26
-39
-54
-36
-18
-33
-47
-49
-10
-22
-29
-58
-91
-9
35
25
45
50
-34
-24
62
-8
-10
2
10
47
-16
-3
-5
30
44
35
47
0
11
20
13
-5
24
53
12
-16
-37
-9
-24
-39
10
-32
-24
-16
-35
-32
-32
37
-2
0
35
22
24
-17
-7
0
18
3
-9
-2
14
6
-44
25
30
33
18
-22
39
39
40
27
27
42
-24
-1
18
-39
-2
-31
-44
13
-36
-11
46
51
36
-50
-47
4
41
45
-27
-38
-19
61
41
-89
-81
-26
-10
-17
-37
3
81
-4
-26
46
-39
-64
-47
-41
2
16
36
-6
-71
-10
22
-26
-32
-40
2
41
-4
-48
17
31
2
48
0
5
0
-37
-12
-12
32
59
92
-4
-58
25
-25
-65
-6
19
19
10
-70
-55
51
20
-24
14
10
-22
-42
-49
-18
33
27
-8
12
-54
-28
23
-50
18
14
7
50
2
24
7
-7
40
24
35
41
27
16
-24
-15
-3
-34
-3
0
-29
-27
-3
28
-2
-33
-32
-27
-32
-21
10
-8
-2
6
0
-1
-64
-107
-60
31
-27
-86
-8
9
20
20
23
7
-64
-46
47
66
-30
-77
-31
28
13
-37
-13
-38
-83
-3
26
-9
10
-6
8
23
20
68
1
0
66
-42
-30
32
-8
49
35
39
15
2
67
13
57
-4
7
99
27
45
-12
-85
-40
11
11
4
39
18
-77
-52
-14
-23
-13
-20
37
4
-34
19
-14
-25
26
55
-19
-95
-25
28
49
57
42
53
76
30
32
19
-76
-12
19
5
49
1
-22
-15
-15
-39
-66
4
-66
-125
-47
-38
-27
-14
0
-46
-47
-46
-99
-58
-44
-71
-53
-21
31
1
-6
81
20
12
31
-18
33
67
58
19
70
111
27
15
5
48
76
-8
-14
-6
7
35
15
-46
-8
89
61
32
2
-54
-36
-5
-63
-73
10
65
51
-20
-17
30
45
-21
-28
67
36
11
63
72
45
12
72
81
5
-2
-43
-80
-63
2
10
-8
25
29
-6
-56
-31
-41
-22
-45
-91
-59
-17
-5
-81
-31
3
-49
-58
-72
-34
-29
-44
-20
7
82
67
26
45
35
31
-11
-33
-19
8
56
4
-53
9
26
-15
-33
-28
31
3
-23
54
38
-76
-34
30
3
0
0
15
17
-14
-95
-48
46
43
43
88
101
27
35
109
84
44
74
61
17
24
32
27
57
12
-16
46
62
35
-8
-39
-2
-1
-20
-1
-41
-24
31
8
-100
-86
4
-83
-40
12
-13
27
-28
-13
24
-15
-31
23
23
-15
1
-18
-35
-19
53
18
-27
50
54
5
-33
-78
-38
7
-17
-15
-36
-69
-75
-58
-37
-48
-28
4
13
-38
-68
3
-7
-35
-20
27
64
-3
-54
-7
33
16
35
21
37
39
52
81
38
74
17
-16
84
87
61
32
-18
-30
8
19
54
75
-9
12
11
-9
-27
-25
7
-75
-1
40
24
61
-15
-18
-41
-23
47
6
9
5
-40
-78
7
40
-40
3
-28
-77
-39
8
57
23
-29
-37
4
46
-15
-85
-28
-9
-27
1
-63
-116
-71
-50
3
38
-9
-6
0
-19
-6
-10
-11
-42
3
43
-3
-2
-88
-94
-54
-29
-10
24
64
-9
-38
-16
26
-5
0
35
24
82
75
-16
-35
-8
3
24
29
32
44
25
41
52
37
84
88
28
-11
37
87
22
27
77
60
21
-74
-30
53
-5
-23
-29
-17
21
-15
-51
-45
-13
34
-14
-36
-10
-39
-22
-6
-33
-29
-28
2
7
-79
-13
1
-59
-41
-21
54
-12
-53
25
35
15
-16
17
9
12
17
-59
-23
-3
-23
-22
-66
-35
-19
-84
-19
26
-42
5
1
-33
12
-7
21
28
-34
-12
11
-13
-13
-63
-29
6
-31
50
42
7
43
14
6
58
75
76
60
15
23
45
66
23
-28
-19
-27
26
-6
20
76
85
103
-19
-20
24
0
27
57
35
5
-25
-38
-18
-15
-9
-16
-21
-24
-25
-48
-30
-50
-29
73
8
-42
-1
-44
-103
-86
-92
-81
-66
-29
2
-49
-14
41
4
-75
-69
-49
-82
-45
70
111
13
-24
-58
-30
42
3
27
-3
-14
39
67
73
4
9
25
76
93
21
9
-21
-69
-25
-4
8
46
6
23
23
-6
-29
-31
-5
-39
-17
-8
-20
-22
10
49
-13
-26
-45
-16
5
-35
19
-23
3
80
79
63
52
55
-12
21
64
-3
17
53
26
28
38
49
58
35
-26
35
63
-73
-6
5
-46
56
7
-40
-28
-58
-56
-63
-54
-36
-56
-101
-59
-7
-11
-1
-83
-104
-45
-50
-15
-11
-50
-32
-21
-65
-7
60
-19
-13
57
85
15
-45
41
45
35
52
52
26
-44
54
97
-3
52
33
17
64
45
24
-7
42
55
2
-26
17
12
-28
-22
-2
20
-12
3
-26
-117
-38
33
39
129
56
-64
-76
-30
28
-4
18
27
17
-17
-40
-2
-5
30
-9
-22
35
-4
-25
8
12
33
21
11
15
-7
-15
-45
-2
12
-14
-8
-59
-67
-22
3
29
16
-9
49
52
-24
-46
-40
-53
-16
49
-33
-54
-2
-19
6
-55
-131
-61
-17
-39
-32
52
50
-64
-34
-26
-42
25
-42
-14
42
-38
-18
-2
18
72
21
43
90
47
31
40
23
14
82
95
28
71
77
40
64
34
26
43
0
-1
5
-46
-6
-3
-38
-14
-44
0
24
-104
-90
3
6
-60
-80
7
25
26
-36
-81
-45
-21
-2
-6
-22
11
94
1
-29
73
40
-9
31
81
59
24
-35
-68
12
34
2
7
-34
-14
4
-27
45
-11
-108
-75
-71
23
9
-74
0
-29
-48
17
10
-9
-49
-42
15
61
11
-40
27
66
-1
-35
7
-4
40
80
41
34
-9
-1
54
32
8
43
19
-2
0
-13
-13
-40
-70
-38
51
39
1
30
60
-1
-27
21
10
36
-12
-27
70
15
-6
17
-15
36
49
14
0
16
43
-16
-3
26
-14
0
6
18
-22
-26
-28
-121
-50
19
12
-23
-62
23
-20
-55
-2
-10
15
-40
-33
-32
-30
73
10
0
42
14
40
51
18
-5
5
42
27
5
-9
8
35
8
30
-12
-48
-10
-38
-16
51
23
-5
-29
-25
7
-43
-56
-48
-20
82
13
-90
-33
-14
10
34
-4
45
123
46
24
40
8
78
-1
-69
23
37
27
4
9
42
-34
-39
-2
-32
-6
6
-12
39
21
-52
14
-14
-57
-88
-116
5
26
1
-40
-73
11
27
13
37
26
10
84
75
0
4
10
48
-24
-14
109
30
-21
20
-2
1
-18
-50
15
-16
-46
6
-14
14
16
-31
-27
-62
-52
-58
-73
-32
17
15
-9
19
-52
-44
21
-13
3
14
14
45
26
50
40
67
71
-15
23
21
12
-15
-8
22
-46
18
69
32
11
-34
-24
8
-43
-20
4
-26
15
-28
-27
30
22
7
-62
-29
-3
-41
-25
23
62
-21
30
15
-48
76
-9
-93
-38
4
75
23
33
67
-38
-43
-19
-4
39
-40
-82
14
-23
-38
-31
-16
47
-9
-9
-1
34
52
11
-6
-23
49
29
-24
53
20
-35
-10
-32
-19
2
33
33
-17
-9
-12
17
58
-15
-1
1
-46
-21
-62
-34
-20
-82
23
65
-66
-32
51
-43
-90
-40
-8
56
111
59
50
44
-20
23
2
-24
95
91
10
1
23
53
49
-11
-86
-5
47
20
-5
7
100
12
-42
-21
-82
-18
46
-31
-73
-21
-39
-99
-61
-23
-52
-59
-7
-2
19
8
-57
-6
15
13
44
45
7
-28
-32
-20
44
35
-9
-1
-41
-11
59
43
-26
-18
38
55
84
6
-69
-15
0
6
-10
3
-13
-20
27
-19
-64
-59
-14
-2
9
25
13
-2
38
34
-22
-44
-28
51
45
1
-44
-11
30
-33
-7
11
11
33
-21
-5
42
5
-8
-36
-7
64
48
25
-10
-37
1
46
50
16
-40
-37
44
50
36
62
3
24
19
-102
-34
33
23
-2
16
50
-87
-33
64
13
-38
-79
-3
16
-55
-82
-51
-39
5
0
-74
7
-13
-82
-37
-55
13
27
16
55
14
38
36
34
-8
-32
14
-9
17
11
25
87
53
14
22
11
17
-21
6
51
32
38
-59
-32
38
45
0
-62
-24
-67
-40
0
-68
-23
27
5
35
13
-37
-26
-44
-30
4
-2
24
56
21
-33
-22
18
17
24
45
2
-22
-21
-20
-11
36
52
4
26
-37
-48
-18
-2
60
0
-9
16
11
-41
-44
89
21
-55
1
-11
-20
-74
-17
31
-27
66
17
-61
12
2
12
63
43
7
-58
-55
15
14
0
-17
1
12
-31
-54
-69
-83
27
90
68
45
-37
0
40
-29
-22
65
54
38
2
-55
-15
10
42
12
-33
0
19
43
81
26
-6
5
-27
21
64
22
-47
-18
39
-57
-78
0
-12
-7
10
-51
-65
-46
-20
-28
33
33
-73
21
10
-14
-26
-41
54
7
-16
8
7
-5
-16
17
48
48
0
-69
-40
32
-23
15
111
43
65
23
-59
-26
-52
-65
-51
38
81
46
7
-77
-82
-38
-49
-4
58
-28
-20
65
31
1
2
40
36
-48
-44
-23
-34
75
125
41
7
-20
-24
-21
8
59
0
-16
10
48
64
-31
-44
4
7
-15
-29
-19
-52
2
71
-35
-67
10
-2
10
16
-23
-40
-28
-2
10
8
7
26
-12
-16
15
-18
0
30
-12
-42
-8
63
38
14
-12
-61
-31
-54
-1
-1
-40
0
-24
-45
-35
-9
1
11
-22
-26
82
32
-64
-28
-62
-36
13
-8
51
40
30
-19
-59
18
-10
-8
71
59
50
55
24
15
-52
-31
17
-13
5
-4
34
-2
-36
-2
16
39
-12
9
-43
-45
1
-35
22
32
22
26
-19
-37
5
6
2
25
12
17
34
13
-24
-14
19
-17
-5
34
12
-4
11
16
12
11
53
52
-41
-26
-20
-61
-4
8
-21
-7
-41
-55
42
9
-69
17
-11
23
100
-32
-59
-20
-35
-15
32
49
14
-57
-75
-27
-1
16
17
8
20
29
14
7
-3
-20
-54
16
41
3
14
-74
-29
55
30
21
33
15
3
-4
-31
-39
-7
36
75
72
11
-18
-39
-25
6
35
32
-28
16
97
103
-15
-77
-38
-27
37
36
-8
-58
-61
-21
16
65
21
-12
-25
-3
53
-10
-23
0
-45
-11
-19
24
40
-18
2
-53
-51
-26
-5
38
33
57
52
0
-6
57
18
-64
1
9
-55
-2
21
16
14
12
-46
-67
40
29
6
-37
-3
62
-25
-14
18
-31
-36
-11
2
15
13
-33
-75
10
43
-43
14
2
-46
12
1
72
99
-45
-38
-8
6
57
0
13
29
31
25
-32
-16
4
-7
4
5
18
17
-22
30
87
80
22
-14
-19
-24
-27
-12
-12
-32
14
0
-7
11
-29
-18
33
-13
-47
3
29
56
47
-13
-38
-65
-55
16
-4
-26
1
5
-62
-51
37
33
71
24
46
57
-62
-55
-35
-11
-38
-14
88
68
5
-5
4
5
-20
-20
33
29
34
15
49
92
-79
-83
9
-43
19
37
18
17
12
49
11
3
38
-9
-43
40
20
-58
-31
-45
-44
1
38
81
36
-43
-25
1
48
47
2
-13
-50
25
25
-23
13
-23
-1
19
-44
-19
13
14
56
85
73
4
-40
12
-34
-41
34
2
20
-26
-43
49
-32
-1
102
-43
-24
-7
-60
17
-10
19
31
-19
-18
-36
-36
-17
-7
-9
-1
36
21
-26
-3
13
-8
-21
-34
-13
39
2
-1
60
4
-34
28
50
-2
-21
30
13
-4
26
-12
33
14
-38
23
-22
-16
-4
-5
52
30
-2
61
69
-46
-36
-70
-78
-5
5
112
49
1
33
-27
-35
-48
12
6
-2
58
-37
-36
0
-41
17
31
-29
-48
1
-14
-1
68
35
39
-4
-47
-21
-33
-24
-5
14
-37
-56
0
-13
-18
23
90
50
8
45
-15
-34
-24
-49
-4
-33
-23
31
-14
4
-28
-35
-10
-65
-14
-18
0
67
9
-17
-16
-32
14
-36
-111
-21
-16
-9
21
-1
85
59
-74
-43
-21
-40
25
2
32
72
19
15
2
-17
2
38
6
17
42
36
20
-44
-11
12
-44
-15
63
35
-19
-43
40
73
26
-15
-63
44
26
-18
47
-18
-30
-40
-63
75
81
-9
0
-5
26
15
-35
11
29
10
26
-57
-35
61
-24
-33
25
3
-23
-18
28
38
19
-20
-9
1
-76
-72
10
41
-8
-48
-34
6
33
-8
0
45
11
-27
-54
-65
-33
13
24
60
56
-56
-91
-35
-55
-22
69
42
34
-8
-45
-16
-50
-24
7
-29
-32
-18
49
83
6
-12
20
42
-18
-39
-23
-34
40
54
37
21
-16
-43
-31
33
4
32
78
62
90
59
-12
-39
-7
-43
-33
12
-29
12
26
-23
13
65
3
-37
-36
-17
53
54
10
-15
33
-12
-30
72
-21
-73
-65
-37
62
-7
-16
-4
-34
45
45
10
-12
-84
-42
35
34
35
19
-52
-59
-11
-41
13
28
-43
-52
-76
-8
32
-28
-33
-6
-22
5
55
37
11
-14
-49
-62
-13
-24
-33
36
1
-11
52
25
-24
-20
-2
-20
-34
23
63
3
-18
36
-10
-49
17
21
20
39
41
17
-65
-9
60
32
38
-24
-58
-17
-32
-30
27
-10
-11
54
62
73
19
-3
8
1
20
-5
-10
21
-24
-72
-55
-38
12
24
2
23
65
78
-4
-39
13
14
2
32
1
-25
-33
-51
-24
-17
-35
-38
28
43
-3
10
-8
-36
-18
-4
10
-33
-76
33
30
-53
-12
-15
-4
-11
-22
49
27
-9
-41
-70
6
47
-5
-30
21
-34
-33
14
0
89
98
39
9
-33
-4
62
40
-42
-70
11
12
-38
-9
15
55
25
2
5
-16
52
9
-5
59
0
13
66
6
-48
-25
-28
-35
-33
7
40
1
-9
3
-45
-20
49
-28
-16
103
55
-51
-69
-33
42
20
-34
-52
-65
16
14
-23
-73
-84
-18
-17
-9
13
43
25
13
6
-27
-5
40
30
19
-31
-109
-60
-18
-9
-22
-1
106
43
-58
-11
6
-5
9
-11
3
47
52
55
29
-2
-52
-41
-25
-76
2
19
-25
70
94
17
-88
-30
93
49
-3
-28
65
48
-6
47
28
45
18
-21
-22
-36
-54
-22
28
36
6
-36
-11
-1
19
87
44
-47
-48
5
68
13
-66
-57
-110
-92
-38
0
-16
-45
28
5
-36
-10
13
14
5
-19
-40
-24
25
29
-23
-17
-63
-47
9
-27
-35
-18
1
0
42
41
2
10
-4
-22
-36
-20
0
33
19
-27
54
63
9
17
25
12
-13
-16
-57
-25
-2
-26
21
32
40
93
62
-2
12
24
68
31
-8
84
61
10
-55
-130
-39
-18
-61
-2
12
29
99
41
-37
5
19
43
80
6
6
33
-49
-67
-58
-77
-90
-64
15
-5
-55
23
32
8
25
-18
-20
19
84
-5
-48
19
-67
10
55
-91
-60
1
-36
-46
-101
-67
85
90
27
14
19
-30
-5
80
20
10
58
34
-8
-69
-47
2
-25
-31
23
-11
-64
29
58
53
87
-6
-42
34
43
8
14
36
39
21
-19
-15
-3
-20
-34
-33
-8
2
56
70
48
44
-18
-72
-39
8
-38
11
94
54
42
20
-67
-37
-70
-48
64
15
0
-57
-87
-31
-18
8
34
0
-40
-2
46
13
-38
8
26
-29
-28
31
81
-31
-103
-42
-48
-22
18
-16
-7
-4
-12
39
29
-2
49
51
25
-24
-104
-49
43
84
14
-15
24
-61
-73
-13
-41
-43
2
71
47
-13
49
67
42
-35
-12
104
-7
-68
-14
8
80
29
-80
-64
-58
47
75
-53
50
2
-54
85
5
-52
7
2
45
19
-87
-42
-18
-32
5
-7
-28
5
15
27
69
-33
-23
71
-63
-46
62
-27
-47
19
20
23
36
9
71
81
-20
-44
-25
-36
-26
36
6
-1
5
-60
-67
-47
-19
-22
-16
16
-25
30
55
25
-9
-83
-49
-27
7
8
15
59
-1
-15
-42
-91
-7
50
36
32
68
77
3
-67
-41
42
-2
-2
83
30
-10
-9
-28
-46
-6
32
13
-3
-57
-89
-51
-47
-25
35
39
116
134
-23
-63
-32
-16
33
12
26
12
-17
44
60
-1
-9
-8
-29
-5
25
70
39
26
7
0
49
-17
-3
-9
-31
17
-67
-59
-9
28
38
-25
-10
12
-44
-37
-2
-50
-38
12
32
-1
31
89
30
-10
-5
-18
-15
12
42
25
4
7
-38
-32
1
-24
-18
-12
-41
-49
-25
50
39
10
43
-43
-112
-111
11
75
-26
-33
-22
10
-24
-36
25
4
23
8
19
-6
8
82
-38
-75
47
82
95
88
7
-19
5
41
-5
-18
25
0
-28
-56
-68
21
69
-48
-74
-19
19
31
-40
11
75
0
32
-30
-56
22
-41
-25
41
14
-46
1
14
-17
-14
13
88
38
14
25
-8
21
24
1
21
-6
-11
-33
-75
-22
-11
16
6
-34
-32
-79
-84
-18
9
-7
28
44
14
19
23
6
7
