-50
-25
-13
25
26
48
13
-69
1
17
-46
-35
-27
-18
-122
-117
-64
-123
14
100
-32
-135
-111
-57
-32
21
46
18
7
19
3
-45
-154
-123
-82
-98
71
68
19
17
-68
-83
-133
-98
13
-10
-9
54
19
16
46
52
97
42
-42
-55
-31
-30
12
69
-21
-13
-23
-90
-16
39
29
-41
3
71
14
65
53
-85
-56
-36
-97
-97
-49
56
21
-6
69
12
33
83
13
4
25
-45
-16
-12
-5
4
-87
12
48
48
95
50
40
49
59
13
-2
13
-20
-7
-46
-60
25
-8
-23
-25
-68
-20
17
54
80
17
40
47
5
43
31
-36
-93
-55
-15
26
61
23
32
-9
-5
23
-13
-40
-88
-51
-33
-23
31
-32
-30
-5
17
66
60
54
57
48
5
18
8
3
68
42
0
20
14
52
54
-19
-34
41
36
-2
36
25
4
-23
-44
-22
13
0
-18
17
38
-23
-62
7
29
-26
-70
-97
-61
2
-17
35
56
-62
-32
39
10
-36
-46
-56
-64
-38
-4
9
-13
31
15
20
25
-53
-85
-144
-29
66
5
25
13
-34
4
50
15
8
21
10
-41
-17
18
-25
23
19
-43
-8
77
115
17
-3
56
22
-20
-43
-7
17
62
53
50
122
20
0
39
-9
52
46
-8
-18
-5
55
45
50
76
67
69
47
62
93
22
-16
1
-2
29
1
-25
19
21
47
-10
-72
12
-9
-53
-50
-45
6
25
-31
-124
-113
-37
-28
-58
-58
-65
-103
-102
-38
-11
-47
-60
-32
42
-50
-95
-43
-100
-54
-66
-95
-90
-85
-48
-49
2
-9
-6
13
-69
-118
-38
52
4
12
9
-9
25
-21
3
38
14
-8
10
18
-23
24
25
11
50
8
17
-44
-169
-118
-60
13
50
52
23
-51
8
3
-22
7
2
25
16
29
41
43
75
7
12
-14
-56
4
-30
30
50
5
-1
-45
19
-13
-23
10
-66
-21
-14
-28
33
38
75
61
30
87
30
-75
-23
27
-28
-19
33
44
42
-8
-58
-8
42
36
29
90
84
88
96
32
59
17
18
68
51
-23
-44
43
43
66
62
12
7
34
100
66
40
35
2
-3
14
51
51
117
89
28
106
64
84
112
37
-18
-52
82
104
29
38
32
54
1
41
46
-45
-2
37
12
12
24
0
36
40
-9
-40
-31
0
-4
15
3
15
-25
-54
13
-38
-84
-25
-50
-131
-93
1
28
6
28
83
3
-74
30
-7
-79
-71
-115
-87
-34
-2
-35
-99
-81
-17
-53
-63
-12
-49
-59
-108
-88
-12
-18
-17
-25
-71
-143
-120
-122
-120
-80
-45
3
-78
-85
-60
-92
-24
34
-12
-41
2
-6
25
25
-17
30
-38
-102
-22
-41
-84
-44
-19
-51
-57
-20
-3
10
-18
-17
20
-31
-2
50
22
6
39
50
-26
29
48
45
68
8
100
79
-26
35
93
87
98
150
117
94
60
-9
25
12
-9
24
-7
-31
25
81
123
123
11
-52
20
24
-24
1
9
90
143
68
57
116
117
81
66
43
23
20
88
72
22
22
-7
12
-3
-25
12
53
33
-17
-16
-65
-30
17
-70
-5
-9
-108
-32
-21
-84
-52
-42
-45
22
-37
-103
-65
-93
-105
-85
-71
-28
-19
-31
-17
-3
-9
-15
-33
-46
-96
-88
-24
3
15
-121
-165
-68
-89
-49
-6
-27
20
48
38
38
44
14
-3
-24
-18
24
-5
-77
-44
-11
-72
-17
8
-42
-54
-88
-83
-41
48
21
14
40
-12
29
-28
-6
35
-37
36
32
-47
6
8
3
27
36
20
-15
60
43
40
47
-28
10
17
-1
25
-3
-10
79
104
73
19
-16
75
81
-6
-17
-4
21
32
-3
-26
-3
-4
33
130
93
3
21
94
110
101
91
59
77
79
33
62
99
72
112
125
52
113
165
62
-21
-23
-19
-62
-68
0
12
14
48
-30
-51
18
-37
-19
24
-42
-52
-89
-79
-55
-52
-35
-50
-21
-42
-65
-85
-82
-3
0
-77
-41
13
-78
-94
-67
23
85
5
-7
-43
-96
-73
-28
-49
-57
-43
-50
0
-20
-38
0
-29
34
50
-70
-89
-5
28
8
-39
-56
-14
10
-42
-14
41
-53
-32
-15
-5
72
-39
-86
-3
-33
-14
-32
-80
-21
-14
-11
-16
-66
-77
-52
-31
-70
-163
-116
-56
-91
-45
-87
-75
-13
-50
-19
-18
32
3
-24
7
-84
-52
-54
-33
62
47
18
20
24
14
41
40
50
94
89
56
29
35
82
154
107
83
92
25
69
138
128
74
-3
0
54
64
32
37
150
134
71
75
26
58
54
87
50
-16
74
11
-5
63
55
41
37
81
79
-30
-135
-30
33
-36
-16
-25
13
9
-87
-10
17
-44
28
30
6
32
-77
-107
-65
5
43
-23
3
31
29
10
43
88
14
22
59
22
42
43
43
56
-1
45
73
60
36
4
77
59
20
81
50
-33
-12
56
35
-76
-91
-131
-65
58
-20
54
64
-31
-37
-42
9
0
-12
-48
-75
-39
-9
-74
-100
-22
-105
-113
-51
-44
5
-17
-56
-52
-54
-27
-43
-73
-41
9
73
66
-2
-62
-46
-23
-70
-61
8
33
18
36
-27
-123
-100
-38
-26
-32
-33
-13
19
-24
-17
-8
1
38
-43
-48
-38
-27
-47
-48
37
-10
21
-3
-48
1
-19
50
52
8
65
56
74
71
46
40
-3
-34
-32
70
121
93
103
112
22
-45
-1
18
-3
-35
-46
-33
-108
-97
-18
-31
2
14
13
52
19
-61
-60
-38
-54
-72
-15
22
-41
-20
40
31
-26
-21
9
-24
-19
83
72
-24
28
63
76
79
8
10
35
51
87
88
65
38
-1
-5
31
74
99
36
27
119
104
100
115
91
114
40
21
80
64
57
48
51
51
65
33
-36
-24
57
57
-15
-20
-12
-26
-55
-60
-87
-171
-115
-41
-78
-105
-60
35
-8
-25
12
-39
-59
-71
-30
-57
-71
-14
-54
-34
-74
-124
-45
-28
30
47
48
113
10
-4
85
53
13
28
31
51
39
5
8
-18
77
142
114
64
-49
-61
-26
-29
-34
-61
-48
-8
-5
15
-4
1
85
28
31
45
-27
-12
-65
-78
-82
-106
-30
-115
-153
-25
-57
-83
-104
-83
-50
-118
-90
-102
-63
-16
-49
-6
-51
-104
-31
31
17
15
7
-58
-7
16
-37
-22
-7
1
-11
15
64
84
81
68
-3
-33
-5
51
106
16
-3
-46
-64
34
15
-8
49
68
21
54
45
3
17
-35
3
77
-10
-58
8
31
3
24
32
-17
3
45
-5
-51
-13
8
-79
-96
-59
-65
-7
8
-7
-47
-64
-39
1
43
-15
-11
18
-14
46
61
23
-19
-58
9
3
-2
49
13
57
87
4
41
61
22
32
-35
-43
-1
-14
20
75
35
-2
89
104
88
62
-11
-21
12
12
22
30
-2
92
129
97
133
117
33
32
26
-37
12
12
21
78
65
52
48
56
9
-8
-13
-53
10
48
23
67
30
16
83
33
-23
-85
-85
2
16
7
-25
-44
-5
-30
-9
17
-46
-26
-15
-24
-68
-69
-34
-96
-11
31
-42
-30
-70
-37
19
-39
-36
-69
-110
-92
-72
-55
-36
9
22
46
42
5
-37
-41
1
30
-25
-77
9
30
-16
-60
-13
20
-55
19
49
-2
-37
-29
23
2
-40
-50
14
37
37
60
35
31
1
-36
-36
-12
2
-69
-13
48
-42
-22
-13
-22
34
42
56
20
-26
13
19
-26
-23
-10
-20
-7
-7
3
-21
12
26
14
59
-5
-49
-47
-20
5
4
-67
-93
-65
-46
-9
-58
-39
-31
-11
6
-51
-15
-78
-112
-70
-85
-79
-30
8
-53
-61
-70
-69
-56
-114
-62
11
-28
-28
4
-20
-40
44
45
49
113
61
30
19
35
11
-48
39
127
71
47
67
84
58
53
72
-11
20
15
-72
-12
-4
-36
-1
8
19
3
0
58
52
24
-16
-40
32
35
-25
34
76
-1
7
25
-36
-22
-21
-14
31
8
19
109
159
46
13
68
96
86
2
25
20
0
9
21
95
106
63
41
1
31
74
34
55
58
12
-4
28
74
21
-2
-16
6
73
73
14
5
0
-62
-5
-39
-21
92
83
27
-36
14
-37
-102
-46
-46
-19
43
19
-90
-79
-30
-25
-43
-74
-25
-44
-42
15
-58
-85
-32
17
0
-25
29
-35
-86
-4
-1
-54
-46
-12
-21
-64
-70
-14
4
-50
-55
12
-15
-40
3
-28
-42
-39
35
54
2
-28
-83
-27
-68
-36
29
-50
-27
-42
-14
15
-20
-39
-96
-30
2
-13
63
85
33
-52
-84
-87
-114
-73
-62
-60
-28
35
81
-36
-43
-25
-55
8
-38
-55
34
4
-45
-2
59
90
25
-23
1
6
5
41
52
23
31
52
52
31
-15
0
67
35
-10
-10
62
120
68
24
24
0
-36
16
12
36
23
-32
-18
-17
40
77
102
16
-33
-36
-111
-8
73
104
93
28
-16
-30
41
-23
-57
0
-2
45
49
31
36
42
43
-11
-74
-74
-19
-13
-13
7
-11
-33
28
45
-2
12
-10
2
27
37
93
70
30
-27
-37
43
8
-17
79
87
48
60
35
-9
-5
-17
2
62
24
20
46
-3
5
41
-3
-80
-56
12
5
-38
-17
0
-42
-32
0
-22
-102
-46
-29
-64
34
35
21
48
1
-21
-30
-20
33
-11
21
107
21
-22
-15
6
50
61
45
-8
-25
15
60
60
7
19
37
-22
18
52
-2
-50
-12
29
-36
-19
8
-51
-62
-17
49
34
-18
-20
-39
-15
26
-25
-79
-81
-45
73
80
-27
4
29
-17
3
31
-34
-32
4
-58
-46
-13
-42
-28
-13
1
-8
-33
9
13
5
5
-8
62
114
33
-47
-25
-51
-42
-3
1
-25
-104
-31
-33
-33
6
-43
-5
0
1
13
26
56
95
19
-61
-44
-51
4
-36
-26
22
5
48
0
38
78
22
45
41
27
19
11
31
15
-28
11
35
-30
-6
19
23
22
-52
-53
-20
-11
-23
-25
-47
-58
-8
41
40
-5
60
58
-36
-93
-180
-116
-29
-6
31
7
-2
15
51
93
25
-41
2
44
-3
1
79
35
-14
6
-21
8
-3
-6
53
58
59
-14
0
-13
-45
49
58
-19
-53
-50
-62
-41
-17
15
37
12
-40
-58
-39
-62
-97
-13
73
21
1
24
-24
-13
39
-40
-25
64
-23
-48
-14
-11
-5
-75
12
11
-45
-35
-107
-67
-141
-125
23
62
104
53
-28
-51
-18
-16
4
10
0
102
44
-42
-5
4
-5
2
-4
-50
-39
-28
-14
-57
-5
142
49
-10
10
26
88
72
37
13
8
45
40
-19
-10
-3
-31
-28
-24
-5
0
-11
-5
51
37
12
6
-69
-55
9
32
54
35
42
79
98
83
35
54
-12
6
61
8
29
26
-5
-22
-28
-77
-36
55
-54
-51
39
25
52
29
51
52
-52
-34
8
59
80
-47
-75
-42
-34
21
13
26
60
36
2
-43
-54
-8
-48
-62
-39
-26
8
-15
28
-15
-46
63
28
-69
-31
32
-4
-29
-42
-51
-20
-20
-3
5
10
26
12
44
-2
-69
-79
-100
-50
-117
-77
-10
-69
39
46
24
77
45
43
14
-28
59
69
9
-16
-27
17
20
14
-13
17
59
57
63
13
62
84
-2
-20
-29
-14
-1
-28
7
35
33
46
0
2
-13
-54
-35
-36
-5
9
72
81
-9
1
-36
-86
16
-50
-68
45
-78
-22
-2
-56
76
20
15
-12
-49
22
-51
-6
29
-56
-72
-84
-26
29
71
72
-25
17
30
39
104
73
36
18
36
7
-27
-44
-48
-50
-48
14
18
24
13
-20
-40
-26
10
-16
-21
1
-34
-32
79
84
2
-20
-20
-5
22
7
-5
20
4
38
95
66
54
59
32
-37
-127
-88
15
105
123
-10
-67
-20
1
17
-39
-34
26
-37
-50
49
62
-2
7
87
120
-12
-37
14
-30
20
6
-41
42
58
47
10
-68
-54
-26
30
-20
-107
-65
-6
-29
-68
-22
24
48
46
57
60
4
-57
-26
31
25
8
3
-34
-49
0
14
56
49
-12
4
12
-52
-32
20
-82
-37
37
5
36
-3
-4
29
2
40
17
-9
-6
-9
78
98
67
21
-67
-91
-21
-33
-49
0
-28
-45
-52
-26
-35
-61
-29
-33
-37
-16
47
25
61
54
-37
36
-10
-70
-56
-9
71
-8
-48
-39
25
61
-65
-72
-33
-20
58
31
-1
41
35
34
12
0
-1
-36
4
19
-6
9
16
16
15
-14
40
9
-90
-48
-19
44
65
14
-43
-77
-68
-52
74
113
18
-8
52
47
19
16
-42
-44
-92
-94
-17
26
57
6
34
11
-42
3
62
44
16
64
21
49
88
57
58
-47
-72
10
-7
12
-44
-45
75
-27
-64
3
-22
-5
-18
0
5
-59
0
31
2
-65
-111
12
19
-3
91
80
58
45
-3
13
5
-47
-34
-6
-32
-88
-96
13
1
-78
-39
-14
2
10
-11
10
30
-32
-16
28
56
44
-41
20
72
55
87
-7
-76
19
37
-6
30
24
15
37
-73
-121
-66
-28
-17
-41
-4
-14
9
48
-21
-70
-27
98
122
80
107
116
87
0
-56
-37
-18
16
-5
-49
-38
1
97
112
40
21
34
26
-64
-66
-12
-25
-78
-70
-22
17
40
-51
-21
-15
-40
-39
-76
-13
-65
-36
49
-20
-25
47
-22
-131
-62
-48
-40
-59
-158
-53
-1
-15
60
26
77
50
-11
-10
-98
-24
-102
-134
-49
-96
14
79
114
75
44
111
29
17
-25
8
105
37
66
63
49
40
27
45
-20
-8
56
48
-60
-82
-53
-65
-52
-43
11
4
57
132
71
91
88
100
57
-78
33
81
3
5
18
63
93
81
47
47
9
-36
-86
-122
-75
-119
-137
-38
-7
-10
26
26
-24
-55
-6
0
-47
-43
-54
-54
-77
-55
29
53
62
26
-41
0
-12
-25
0
-26
35
69
25
53
64
87
73
12
70
37
-24
-45
-104
-81
-90
-136
-151
-131
-72
-28
-37
-53
-74
-166
-165
-40
-44
-18
53
36
35
11
40
21
36
130
44
-27
-30
-117
-178
-118
-89
-99
-108
-137
-48
-4
-72
-157
-125
-72
-146
-42
17
-47
32
37
50
112
56
75
126
95
79
93
111
141
148
131
167
208
160
163
206
162
115
36
53
103
93
50
33
97
80
98
70
54
103
73
67
-41
-154
-123
-76
-75
-99
-55
40
86
126
152
121
134
99
13
-59
-45
-85
-214
-137
-14
0
27
95
196
230
110
1
-86
-111
-115
-176
-181
-242
-256
-198
-90
117
227
254
263
241
215
190
125
47
-71
-131
-54
-78
-36
23
-9
27
-50
-36
16
-86
-142
-282
-377
-371
-410
-371
-278
-193
-111
-117
-131
-58
0
-65
-73
-6
-75
-36
21
-23
-12
-60
-70
-19
-57
-119
-117
-138
-206
-231
-210
-122
-108
-53
66
183
303
254
256
222
188
181
61
145
236
218
312
445
491
470
527
566
483
379
303
259
177
212
369
369
401
442
446
520
462
427
359
323
333
173
106
58
86
173
181
240
278
251
198
143
142
176
180
283
402
526
733
952
1054
1028
928
630
260
-315
-962
-1372
-1784
-2108
-2349
-2511
-2409
-2199
-2025
-1839
-1678
-1600
-1642
-1844
-1973
-1952
-1907
-1750
-1474
-983
-280
462
1116
1726
2279
2388
2105
1680
1081
410
-333
-1056
-1589
-1927
-1971
-1743
-1288
-802
-313
154
280
208
76
-163
-450
-727
-751
-576
-163
470
1120
1947
2620
3016
3163
2858
2278
1456
536
-374
-1267
-1939
-2265
-2134
-1724
-1204
-547
53
515
841
863
635
349
-86
-456
-504
-277
282
1011
1795
2617
3356
3920
4083
3847
3288
2406
1466
500
-314
-744
-866
-710
-375
176
917
1478
1782
1889
1543
964
443
-256
-943
-1321
-1428
-1184
-702
-178
578
1395
1854
2086
2073
1739
1220
634
157
-242
-461
-461
-190
406
1083
1761
2258
2482
2490
2139
1402
322
-950
-2210
-3344
-4304
-5014
-5202
-4907
-4364
-3756
-3203
-2665
-2272
-2145
-2307
-2696
-3226
-3656
-3787
-3676
-3204
-2330
-1257
-94
1044
2008
2658
2796
2369
1527
346
-946
-2175
-3242
-3837
-4063
-3961
-3453
-2672
-1736
-903
-301
-25
-6
-194
-512
-747
-811
-588
63
916
1922
3107
4083
4806
5042
4819
4172
3055
1825
483
-674
-1392
-1722
-1640
-1193
-390
382
974
1458
1551
1395
1064
497
-83
-446
-502
-151
508
1313
2423
3495
4297
4791
4880
4442
3454
2313
1028
-304
-1390
-2109
-2331
-2160
-1726
-1106
-318
454
922
1009
756
379
-131
-754
-1198
-1436
-1376
-970
-402
230
883
1474
1847
1899
1688
1272
687
105
-389
-687
-821
-644
-214
249
998
1649
2032
2212
2088
1855
1378
917
491
30
-128
-146
125
645
1164
1726
1994
2004
1803
1433
978
177
-495
-974
-1302
-1101
-548
350
1416
2362
3098
3485
3348
2600
1250
-846
-3334
-5636
-7367
-8381
-8509
-7751
-6587
-5296
-3912
-2638
-1741
-1372
-1937
-3235
-4621
-5876
-6689
-6723
-5934
-4550
-2699
-617
1519
3398
4508
4723
3813
2009
-268
-2666
-4590
-5887
-6434
-6276
-5348
-3612
-1511
718
2569
3495
3567
3062
2204
1138
181
-315
-237
465
1609
3014
4635
5941
6486
6148
4981
3244
1295
-556
-2212
-3243
-3452
-2899
-1609
114
2090
3803
4848
5174
4788
3938
2856
1700
735
130
-122
415
1506
2788
4236
5185
5559
5310
4456
3231
1667
83
-1330
-2388
-2857
-2511
-1591
-511
664
1543
2041
2314
2200
1649
842
31
-695
-1205
-1444
-1296
-955
-634
-322
-195
-113
-113
-223
-494
-756
-856
-1028
-949
-719
-398
60
342
642
806
770
750
620
434
308
218
166
182
186
336
508
441
344
86
-274
-613
-906
-963
-912
-743
-486
-201
82
366
565
466
313
23
-336
-467
-461
-201
228
668
1018
1243
1314
1087
315
-1168
-3011
-4844
-6383
-7363
-7567
-7070
-6289
-5283
-4321
-3634
-3015
-2641
-2770
-3437
-4399
-5115
-5237
-4656
-3516
-2000
-426
878
1877
2581
3041
2974
2119
624
-1101
-2594
-3535
-3878
-3730
-3080
-2149
-1044
361
1871
3135
3922
3962
3569
3109
2598
2421
2500
2750
3183
3673
4168
4514
4805
4781
4149
3145
1945
788
-91
-600
-695
-504
-94
551
1375
2189
2869
3253
3216
2846
2343
1940
1682
1504
1515
1632
1736
2015
2205
2186
2087
1715
1133
442
-156
-479
-541
-304
130
859
1694
2478
3136
3321
3086
2237
768
-767
-2063
-3072
-3644
-3654
-3160
-2279
-1261
-256
523
752
422
-365
-1427
-2315
-2803
-3069
-3073
-2639
-1842
-838
191
1141
1828
1937
1710
1263
498
-324
-1222
-2017
-2724
-3202
-3133
-2788
-2091
-1162
-244
621
1211
1454
1297
843
397
-87
-539
-848
-1027
-882
-424
149
776
1213
1179
746
231
-19
39
507
1179
1737
2361
2961
3452
3562
2763
890
-2098
-5489
-8091
-9337
-9149
-8081
-6864
-5633
-4236
-2597
-975
-44
-380
-1830
-3645
-4947
-5081
-4025
-2375
-839
300
1258
2414
3692
4497
4229
2606
116
-2300
-3939
-4686
-4764
-4570
-4154
-3116
-1398
893
3191
4754
5280
4736
3716
2845
2367
2252
2384
2609
3058
4000
5244
6464
6982
6475
5112
3325
1745
434
-582
-1416
-1972
-1859
-1039
519
2326
3667
4347
4270
3762
3267
2633
1787
708
-388
-985
-1011
-358
687
1496
2008
1962
1505
1137
701
299
-243
-1081
-1477
-1284
-535
670
1717
2502
2805
2474
1989
1254
36
-1703
-3744
-5449
-6275
-5920
-4660
-3107
-1555
-121
994
1756
1963
1416
289
-1293
-2870
-3721
-3744
-3161
-2413
-1657
-791
110
999
1518
1429
758
-293
-1510
-2646
-3318
-3398
-3054
-2605
-2043
-1103
97
1188
2050
2411
2295
1766
873
-32
-664
-779
-662
-533
-496
-607
-442
65
754
1561
2176
2422
1994
1212
1011
1513
2392
3075
3140
2820
2767
3364
4223
4474
3193
-113
-4671
-8660
-10348
-9689
-8199
-7322
-7396
-7015
-5125
-2163
681
1642
251
-2262
-4222
-4255
-2330
319
2005
2223
1998
2571
4305
5972
6001
3770
62
-3533
-5923
-6700
-6422
-6101
-6014
-5705
-4305
-1398
2079
4768
5877
5723
5308
5248
5703
6163
6325
6103
5460
5072
5264
5749
5616
4135
1655
-647
-2008
-2683
-3186
-4054
-4923
-5038
-3944
-1670
947
3121
4420
4856
5023
5433
5830
5392
3733
1367
-744
-1819
-1973
-1781
-1538
-1379
-1158
-783
-129
767
1398
1404
787
95
-203
72
681
1121
1462
1602
1561
1478
1211
678
-344
-1983
-3973
-5377
-5392
-4246
-2895
-2080
-1614
-1058
-361
78
-98
-1091
-2809
-4410
-5055
-4369
-2731
-998
34
407
802
1406
1972
1924
1067
-325
-1658
-2365
-2450
-2114
-1546
-967
-599
-230
320
977
1576
1857
1894
1738
1412
1012
671
637
1033
1662
2037
1989
1609
1095
756
712
1137
1865
2573
2924
2682
2319
2240
2661
3208
3187
2757
2171
1955
2624
3540
3827
2458
-1308
-6486
-10798
-12279
-10996
-9039
-8375
-8541
-7712
-4889
-628
2750
3662
2077
-688
-2328
-1983
-67
1918
2166
841
-413
-153
1661
3286
3111
973
-2311
-5223
-6653
-6590
-5846
-5498
-5756
-5619
-3805
-113
3931
6482
7080
6689
6497
6715
6944
6897
6403
5398
4029
2730
2076
1928
1282
-427
-2765
-4411
-4643
-4043
-3680
-3879
-3890
-2999
-967
1558
3861
5662
6732
7184
7248
6916
6145
4542
1930
-908
-3056
-4193
-4629
-4703
-4384
-3617
-2344
-695
951
2439
3422
3544
3103
2506
2081
1601
777
90
37
840
1686
1800
1294
529
-296
-1700
-3929
-6161
-6972
-5990
-4345
-2880
-1776
-737
242
553
105
-1002
-2336
-3394
-3859
-3358
-2060
-459
770
1368
1624
1867
1939
1627
1126
270
-751
-1599
-1972
-1680
-1330
-1235
-1280
-1195
-517
501
1380
2014
2446
2885
2950
2669
2708
3130
3656
3682
2962
2058
1557
1582
1712
1599
1162
700
754
1556
2735
3180
2290
525
-732
-446
986
2638
3329
3010
2706
3029
3979
4163
1368
-4934
-11976
-15670
-14164
-9682
-6517
-6148
-6277
-3931
914
5076
5661
2408
-2453
-6246
-7391
-5645
-2247
260
538
-134
536
3462
6461
6675
3180
-2260
-6765
-8657
-7847
-5859
-4701
-5039
-5430
-3703
494
4997
7130
6386
5048
5022
5923
6825
7119
6763
5697
3581
1012
-695
-868
-711
-2102
-4890
-6987
-6550
-4106
-1867
-898
-806
-365
1249
3629
6108
7759
7924
6916
5365
4141
3413
2310
396
-2046
-4532
-6242
-6395
-5228
-3467
-1897
-808
483
2330
4699
6549
6555
5033
3097
1833
1258
865
724
826
1070
1362
1536
1362
809
-265
-2278
-5002
-7075
-7385
-5869
-3418
-1441
-424
-270
-507
-580
-843
-1777
-3130
-4020
-3660
-1868
734
3139
4740
5204
4633
3269
1685
605
-123
-950
-2226
-3464
-3615
-2555
-1000
-264
-879
-1640
-1633
-790
430
1584
2967
4307
5213
5555
5500
5853
6153
5450
3483
855
-967
-1554
-1392
-1141
-1222
-1563
-1903
-1589
-360
1038
1389
135
-1637
-2116
-763
1277
2762
3387
3640
3818
3986
4631
5123
3229
-2866
-11660
-17756
-17014
-11374
-6594
-6154
-7625
-6466
-2083
2133
2820
-9
-4010
-6949
-7202
-4058
1556
6514
7834
5677
3127
3148
4789
4750
1441
-4031
-8722
-10470
-8935
-5594
-3352
-3932
-6092
-6498
-3086
2276
5869
6595
6587
7829
9942
10770
9534
7473
5163
2140
-1529
-4109
-3940
-1923
-932
-2289
-3868
-3213
-522
1742
1621
-87
-1128
-274
1898
4156
5767
6572
6648
6311
5864
5242
4048
1904
-856
-3397
-5054
-5539
-4723
-2935
-685
1520
3218
4543
5400
5543
4875
3298
1426
249
-120
-102
317
1184
2234
2602
1709
222
-964
-1688
-2687
-4650
-7145
-8607
-7815
-5453
-3156
-1984
-1950
-2128
-1966
-1539
-1010
-946
-1394
-1374
-110
2181
4254
4915
3858
1889
226
-912
-1651
-2147
-2565
-2778
-2608
-1890
-921
-174
-24
-681
-1465
-1335
63
2179
3960
5015
5713
6362
6778
6164
4369
2305
689
-353
-1205
-2039
-2559
-2480
-2136
-2267
-2697
-2655
-1873
-837
-48
586
1347
2035
2295
2296
2560
3382
4421
5105
5032
4075
2526
1037
110
-1004
-4714
-11771
-18631
-20023
-14184
-5777
-1300
-2090
-3774
-2189
1971
4763
3600
-202
-3733
-5193
-3212
2210
8125
10313
6796
614
-2999
-2514
-1061
-2344
-6215
-9372
-9379
-6309
-2027
1111
1349
-966
-3140
-2204
2140
6418
7310
5837
5501
7480
9271
8034
4454
1119
-1081
-2740
-3786
-3084
-649
1233
778
-525
-264
1700
2939
1642
-933
-2297
-1384
997
3620
5621
6814
6948
6060
4898
3785
2360
242
-2057
-3757
-4322
-3693
-2399
-783
587
1228
1350
1385
1796
2288
2021
1073
229
11
522
1289
1744
1603
834
-14
-406
-544
-1036
-1816
-2134
-1958
-2447
-4642
-7446
-8159
-6175
-3587
-2343
-2160
-1602
-356
721
1156
1506
1905
1912
1507
1471
2473
3614
3323
1322
-904
-1899
-2011
-2034
-1722
-878
-92
-249
-1267
-1740
-1233
-940
-1624
-2202
-750
2672
5842
7199
6915
5864
4640
2949
821
-1187
-2747
-3460
-3285
-2436
-1364
-710
-662
-922
-1346
-1761
-1921
-1413
384
2837
4700
5538
5457
5024
4662
3921
2428
496
-1198
-2160
-2589
-2875
-3104
-3105
-3050
-4420
-8430
-12865
-12879
-6567
1788
5490
2642
-1348
-1139
2015
3004
-535
-5316
-6937
-5092
-2185
469
2766
3809
2020
-2042
-5036
-4439
-1452
711
922
698
1279
2345
3056
2795
1174
-1699
-4560
-4991
-2228
1294
2882
2630
2974
4546
4806
2128
-1214
-2001
-193
1449
1632
2520
5258
7578
6565
2631
-520
-669
705
788
-622
-1570
-837
1067
2658
3083
1949
-477
-2796
-3336
-1784
373
1418
1366
1375
1844
2442
2612
2377
1887
1148
796
1216
2185
2743
1607
-651
-2396
-2811
-2292
-1779
-1576
-1376
-721
362
1471
2173
2141
1387
292
-740
-1929
-3561
-4899
-4919
-3540
-1999
-1719
-2287
-2243
-1391
-556
-506
-1086
-1059
-244
578
967
894
631
99
-721
-1429
-1388
-525
505
1315
1487
820
-473
-1998
-2850
-2580
-1683
-678
406
1823
3486
4571
4419
3429
2254
1284
398
-405
-552
230
1565
2210
1303
-492
-1673
-1646
-1057
-694
-501
318
2076
4331
5818
5679
4076
1712
-330
-1298
-1075
-442
-275
-464
-507
-521
-1200
-2426
-2949
-2521
-2997
-6077
-9738
-8938
-1985
5938
7859
2707
-3605
-5612
-4189
-3433
-4718
-5746
-4771
-3191
-2142
-358
2782
4865
2572
-2902
-5960
-3160
3124
7644
8033
5836
3259
1110
-413
-1229
-2221
-4349
-6723
-6462
-2564
1874
3381
1737
-114
-386
-540
-1673
-1874
1010
5388
7441
6219
5021
6288
7511
5017
-339
-3662
-2104
1437
2623
703
-1731
-2719
-2724
-2569
-2312
-1737
-1092
-611
153
1774
3325
3229
1619
4
-203
779
1947
2984
3964
4497
3608
1589
-179
-911
-1058
-1749
-2712
-2678
-1268
551
1264
264
-1615
-3167
-3623
-2996
-1738
-366
685
1193
790
-418
-1726
-2359
-2190
-1824
-1559
-1258
-517
759
1569
887
-761
-1847
-1457
-60
806
264
-776
-1135
-459
580
1003
715
213
28
0
-297
-622
-755
-662
-355
228
1363
2749
3572
3351
2358
1432
976
653
175
-84
258
1137
2203
2897
2751
1280
-1111
-2795
-2454
-493
1182
1287
682
1154
2842
4024
3416
1486
-112
-418
103
1052
2065
2192
907
-992
-1996
-1951
-2172
-3025
-3271
-2305
-2169
-5013
-8650
-8070
-2181
3643
3457
-1834
-5914
-5359
-2739
-1953
-2881
-3073
-2382
-2716
-3895
-3070
233
2376
257
-3887
-4859
-921
4264
6516
5505
3220
1037
-805
-1528
-613
306
-451
-2171
-2367
-189
1676
755
-1643
-2676
-1955
-1453
-1640
-219
3734
6933
6061
2802
1577
3613
5282
3613
943
1199
4283
6138
4142
316
-2032
-2327
-2181
-2330
-1884
-564
493
363
-412
-932
-1069
-1122
-977
202
2221
3682
3969
3765
3749
3503
2602
1722
1955
2906
3050
1947
340
-594
-617
-874
-1860
-2949
-3724
-3725
-2605
-986
109
-395
-2621
-4924
-5573
-4263
-2200
-690
83
385
201
-212
-94
527
739
-12
-1031
-750
1173
2950
2484
-37
-2259
-2475
-1293
-452
-572
-1077
-1375
-1126
-541
-57
37
-339
-370
627
2200
3203
2675
1283
524
965
1792
1839
1225
702
633
825
1049
1316
1135
142
-1179
-1361
464
2946
3863
2314
-39
-996
-186
892
851
-47
-934
-961
-30
1079
1578
820
-883
-2070
-1624
-261
205
-593
-990
-355
-351
-2982
-7080
-7946
-3532
2397
3951
-139
-5194
-6919
-5665
-4216
-3703
-3006
-1809
-1708
-2885
-3043
-1087
529
-827
-3931
-4688
-985
4593
7786
7063
3910
573
-1489
-1817
-448
1289
1525
518
109
773
881
-1075
-3794
-4417
-2802
-1055
-258
632
2851
4676
3733
1166
433
2855
5715
5940
4363
4133
5805
6724
4728
1021
-1354
-1434
-459
418
940
911
-36
-1770
-3389
-3779
-2943
-1708
-397
857
1739
2157
2176
2110
1845
1138
776
1539
3213
4486
4127
2459
815
-69
-331
-209
-216
-617
-1403
-2121
-1894
-1032
-827
-2016
-3581
-4018
-3281
-2561
-2585
-2688
-2305
-1859
-2054
-2313
-1435
129
1048
800
341
890
2142
2713
1983
703
-85
16
153
-186
-737
-1262
-1204
-820
-449
-243
-583
-1030
-1198
-998
-435
199
767
1152
1307
1520
1762
1616
968
165
-191
412
1693
2689
3027
2753
1733
377
-429
-246
708
1101
178
-677
-383
555
796
-172
-1315
-1546
-1083
-732
-389
227
451
-394
-1713
-2083
-1139
-167
129
544
1253
472
-3333
-7548
-7286
-2019
2828
1985
-3087
-6403
-5359
-2994
-2513
-3078
-2548
-1530
-2152
-3620
-2700
662
2430
-146
-4096
-4119
394
4863
5526
3416
1178
-58
-637
-178
2088
4357
4336
2180
440
562
779
-391
-1661
-1150
279
440
-352
140
2173
2992
930
-1438
-735
2523
4679
3766
2245
2859
4547
4479
2174
222
318
1438
1970
1829
1857
1894
1207
-231
-1192
-990
-590
-647
-894
-627
73
160
-465
-1253
-1670
-1322
-328
784
1311
1000
164
-237
215
952
1429
1357
1106
715
147
-186
-6
521
275
-960
-2119
-2238
-1674
-1952
-3327
-4197
-3649
-2753
-2636
-3097
-2769
-1451
-579
-808
-1176
-164
1848
3103
2837
1737
1139
1395
1491
1111
740
635
932
1012
553
-129
-709
-1013
-1265
-1416
-1296
-736
-10
229
-21
-599
-793
-269
267
540
522
740
1403
1881
1868
1323
452
-124
257
1516
2663
2666
1423
92
-290
-33
29
-352
-600
-248
213
164
-173
-386
-724
-1265
-1499
-727
657
1249
824
277
164
-788
-3967
-7128
-6243
-1023
3558
2609
-2210
-5354
-4813
-3186
-2850
-2600
-913
429
-980
-3754
-3960
-834
1291
-1050
-4976
-5047
-467
4106
4883
2774
562
-648
-1183
-327
2594
5571
5588
2587
-90
-133
1051
1074
321
611
1455
1102
-341
-718
724
1326
-672
-2799
-1679
2090
4265
2807
540
446
1643
1562
18
-435
1434
3386
3278
2040
1659
2189
2017
500
-720
-326
809
1392
1180
769
294
-726
-1984
-2506
-2004
-1149
-539
-271
-181
-305
-800
-1133
-828
-90
497
715
896
1084
1009
609
566
1139
1298
494
-513
-879
-829
-1278
-2416
-3005
-2304
-1637
-1972
-2599
-2187
-842
-648
-1850
-2480
-1228
853
1455
463
-393
174
1340
1427
716
429
958
1620
1604
1241
1131
1034
608
83
226
770
803
395
-154
-545
-705
-766
-743
-651
-703
-963
-953
-186
811
874
22
-806
-726
235
1274
1816
1768
1427
843
363
577
1108
1487
1414
1007
681
497
661
754
463
-172
-720
-689
-454
-487
-912
-1020
-815
-1652
-4087
-6142
-4616
152
3375
1680
-2997
-5838
-4846
-2856
-2277
-2112
-1064
-464
-1991
-4238
-3898
-681
1118
-1127
-4364
-4005
106
3521
3216
1031
-214
-448
-617
-65
2372
5260
5445
2570
-171
-360
957
1734
1812
2229
2586
1255
-788
-839
1292
2445
367
-2146
-1376
2168
4182
2522
26
-381
899
1239
441
972
2875
3779
2235
122
336
2005
2444
1024
-413
33
1411
1809
1115
343
-169
-943
-1753
-1617
-420
685
688
-324
-1331
-1631
-1491
-989
-349
78
116
-220
-289
-116
-216
-541
-443
425
1159
927
173
-102
-140
-640
-1224
-1093
-136
306
-548
-1729
-1895
-1154
-1106
-1980
-2282
-1136
343
504
-647
-1404
-885
-214
-327
-784
-360
881
1677
1618
1300
1361
1390
904
552
995
1683
1810
1071
162
7
76
-197
-478
-520
-393
-504
-804
-689
-290
-33
-422
-1084
-997
-101
1022
1509
1156
535
322
641
961
1133
1127
1104
1236
1210
1149
1131
829
140
-765
-1267
-838
-188
-299
-792
-746
-339
-1174
-4018
-6203
-4651
-441
2047
203
-3543
-5174
-4218
-3232
-3401
-3214
-1685
-858
-2484
-4523
-3806
-757
560
-1662
-4200
-3014
1071
3839
3620
2066
1109
461
-497
-330
2183
5291
5886
3605
1121
557
1169
1447
1675
2452
2648
1163
-593
-139
2283
3256
1133
-1601
-1798
345
1784
1245
405
606
833
-250
-1333
-279
2208
3171
1504
-448
-256
1356
2001
1122
379
806
1537
1671
1297
1259
1350
445
-1061
-1652
-767
649
1306
748
-333
-1212
-1574
-1382
-754
-59
130
-143
-478
-585
-477
-318
-28
132
-173
-710
-750
-22
502
-1
-1029
-1401
-875
-358
-486
-900
-845
-523
-857
-1697
-1853
-887
102
-71
-1094
-1564
-1060
-532
-485
-551
-255
418
900
1060
1160
1122
873
444
401
1034
1603
1486
929
527
414
394
403
607
692
300
-290
-604
-186
574
664
-255
-1358
-1594
-901
52
629
634
43
-554
-524
78
846
1200
1197
1042
852
700
663
928
1046
552
-166
-222
502
999
829
318
-133
-745
-2483
-4356
-4038
-1259
1365
741
-2509
-5018
-4996
-3911
-3469
-3107
-2023
-1016
-1849
-3893
-4317
-2290
-328
-1106
-3260
-3397
-801
2055
2858
2042
1111
413
-289
-158
1855
4649
5736
4135
1562
512
1028
1651
2062
2775
3282
2420
624
-331
726
2205
1628
-496
-1619
-501
1087
1154
408
206
223
-658
-1987
-1828
293
2385
2122
34
-900
211
1638
1819
1003
782
1402
1775
1454
1090
1241
1156
303
-634
-636
561
1800
1764
474
-869
-1369
-1134
-477
71
298
320
-4
-467
-765
-673
-276
-60
-277
-731
-984
-684
-92
64
-500
-1214
-1566
-1475
-1091
-824
-606
-475
-702
-1084
-1233
-939
-346
45
-189
-642
-836
-727
-445
-315
-303
-296
-86
270
495
610
418
168
269
674
1103
1138
908
776
944
1094
847
502
384
498
349
-277
-446
330
1233
1196
36
-977
-866
-76
341
119
-27
120
275
50
-184
191
561
336
-177
-261
356
1072
1073
458
123
217
226
46
-94
-8
112
7
-112
-426
-1279
-2314
-2562
-1434
-174
-345
-1739
-2765
-2393
-1802
-2308
-3121
-2955
-1928
-1665
-2670
-3203
-2267
-1029
-1157
-2452
-2776
-1177
693
1112
382
258
1132
1569
1123
932
1802
2975
3197
2418
2016
2624
3190
2859
1930
1269
981
736
848
1551
2104
1567
85
-1031
-987
-439
-302
-447
6
682
680
-26
-631
-259
380
194
-429
-319
746
1654
1510
809
553
860
903
559
588
1162
1707
1544
919
722
805
600
86
-298
14
660
1013
828
384
13
-432
-762
-816
-561
-88
186
197
-75
-796
-1370
-1383
-1086
-867
-1147
-1276
-769
-279
-341
-1098
-1798
-1776
-1283
-989
-1014
-730
-307
-197
-596
-1149
-932
-356
-246
-350
-162
520
1127
942
219
-235
-104
322
690
893
974
972
832
733
856
765
365
145
263
402
412
548
900
1088
502
-573
-1019
-322
632
676
102
-149
140
309
-163
-628
-424
71
73
-337
-539
-228
237
118
-341
-553
-534
-423
-370
-269
35
77
-234
-576
-788
-640
-283
77
-16
-929
-1958
-1949
-638
567
354
-896
-1748
-1394
-952
-1418
-2140
-1988
-1176
-1121
-1943
-2308
-1366
-394
-1063
-2593
-2884
-1355
589
1289
938
845
962
682
147
370
1665
2734
2587
1771
1399
1689
1949
1740
1472
1312
1074
641
408
973
1671
1443
308
-511
-294
243
317
92
216
546
318
-565
-1100
-447
537
621
11
-431
-84
716
904
413
19
118
425
530
580
710
808
752
199
-204
80
621
1086
886
322
15
-10
191
326
529
780
724
308
-265
-469
-173
268
262
-213
-631
-600
-249
-208
-329
-498
-698
-749
-841
-696
-275
-118
-459
-1054
-1251
-919
-452
-177
-317
-351
-35
87
-111
-348
-318
-6
284
382
463
617
578
309
-32
-165
63
407
441
247
269
272
311
412
284
66
-158
-309
-94
316
506
434
105
-253
-361
-397
-466
-298
-30
49
-150
-582
-774
-522
-332
-489
-796
-910
-683
-472
-456
-429
-433
-329
-109
-106
-94
97
290
318
293
399
661
974
709
-79
-640
-466
287
531
-5
-629
-824
-716
-903
-1362
-1513
-1284
-1319
-1886
-2379
-2015
-1079
-628
-1004
-1669
-1901
-1523
-1006
-559
111
796
942
532
121
343
1056
1484
1433
1257
1340
1701
1849
1906
2077
1959
1369
629
436
874
1372
1443
955
418
227
159
-13
-130
16
302
423
154
-111
127
488
479
149
-246
-367
-210
-3
162
226
55
-229
-440
-478
-141
193
151
-42
-60
141
401
549
512
427
335
122
-74
39
411
731
683
419
210
44
37
110
105
66
30
-70
-241
-383
-306
42
193
-234
-873
-1075
-630
-28
42
-345
-671
-601
-371
-399
-595
-568
-226
-72
-256
-403
-84
525
524
-106
-637
-623
-26
532
632
556
490
367
158
22
199
579
784
572
442
646
847
780
356
-11
-64
81
173
177
312
433
217
-363
-760
-634
-429
-421
-665
-780
-638
-798
-1035
-1052
-907
-734
-935
-1173
-897
-291
295
270
-319
-489
-147
125
303
578
916
1118
821
315
260
502
546
4
-538
-321
182
431
42
-623
-851
-948
-1160
-1261
-1139
-1011
-1146
-1536
-1743
-1403
-987
-1085
-1357
-1392
-1235
-920
-591
-173
224
331
141
-104
187
809
1034
925
705
627
844
1017
1220
1529
1578
1176
505
155
427
829
997
992
786
532
312
189
290
319
155
-70
-165
11
245
267
76
-125
-200
-225
-200
4
299
406
306
202
121
-5
-23
83
351
665
549
199
77
278
484
443
218
45
193
365
405
491
501
297
-15
-143
60
425
588
299
-5
-13
76
88
-54
-174
-161
-110
-192
-233
-94
-60
-224
-500
-731
-675
-455
-253
-184
-324
-657
-923
-780
-432
-112
27
-72
-178
-339
-473
-324
27
386
379
106
7
191
347
299
213
333
527
418
273
366
602
659
271
-245
-387
-61
196
-5
-314
-374
-290
-416
-774
-928
-650
-370
-565
-878
-879
-570
-343
-564
-844
-845
-465
-96
-107
-20
266
474
358
133
178
448
733
934
1016
943
806
744
816
791
722
627
501
494
371
101
-62
-142
-147
-159
-465
-911
-1184
-1128
-833
-783
-970
-1093
-1195
-1154
-973
-781
-649
-630
-684
-893
-945
-554
16
309
143
-230
-388
-205
75
299
289
287
363
452
616
531
453
553
559
494
338
352
642
788
643
392
265
289
314
218
160
321
395
271
155
81
35
39
65
89
236
322
187
72
129
292
274
124
-54
-43
194
128
-47
16
140
93
-81
-160
-68
206
373
318
404
532
497
358
192
242
499
616
441
232
254
469
432
67
-104
27
203
160
-16
-178
-234
-189
-345
-451
-388
-318
-305
-588
-866
-771
-430
-320
-522
-633
-600
-481
-477
-491
-257
31
120
31
-60
14
306
376
179
27
40
281
381
386
560
590
389
60
-256
-145
173
247
222
102
-175
-325
-385
-506
-450
-366
-373
-417
-478
-401
-256
-182
-243
-442
-541
-431
-250
89
244
202
200
84
-23
-102
10
238
413
614
585
572
647
624
648
482
363
358
379
486
570
677
479
17
-309
-370
-220
-90
-116
-227
-372
-455
-473
-686
-781
-660
-739
-900
-1073
-1007
-655
-556
-747
-997
-1023
-855
-697
-599
-544
-271
-35
-171
-297
-172
29
253
330
260
378
565
665
701
624
575
554
478
513
736
887
827
716
539
462
545
467
449
524
499
455
250
179
255
216
72
-96
-112
-79
-86
-113
-185
-210
-248
-387
-424
-276
-19
61
-169
-341
-245
61
276
178
91
221
413
404
294
291
319
370
369
336
499
715
549
190
-46
-31
186
201
18
-125
-147
-138
-225
-370
-342
-297
-360
-399
-477
-418
-341
-361
-420
-385
-216
-244
-230
-242
-274
-180
-229
-188
-101
30
143
88
73
43
7
57
130
179
199
86
18
140
192
152
63
13
11
-9
98
160
172
219
183
73
-54
-132
-113
-50
-94
-125
-139
-91
-45
-170
-321
-393
-252
-128
-54
-18
-135
-126
-148
-181
-122
-178
-97
32
52
74
57
120
200
211
182
123
132
154
176
167
141
293
401
303
37
-211
-162
-24
-7
-173
-404
-410
-323
-331
-424
-563
-591
-535
-511
-560
-580
-474
-313
-244
-353
-430
-456
-411
-239
-139
-171
-205
-88
47
143
142
132
266
405
451
346
438
620
566
496
389
485
672
617
594
547
428
527
582
364
303
330
247
179
78
70
100
4
-137
-178
-77
-10
16
-45
-145
-85
-25
-56
-38
-2
4
45
66
94
138
176
138
-30
-87
-31
126
310
292
232
160
53
-6
-62
-61
54
115
83
-31
-123
-6
59
-45
-226
-276
-66
137
140
61
-35
-132
-131
-161
-169
-44
-86
-299
-407
-391
-229
-137
-225
-337
-372
-337
-340
-318
-240
-168
-219
-320
-356
-358
-214
-45
-11
18
24
-2
18
31
169
328
224
173
196
186
278
276
245
213
183
240
197
75
21
58
91
17
-54
-30
66
153
76
-120
-254
-239
-117
-56
-83
-61
-56
-138
-226
-244
-206
-113
-78
-190
-214
-119
-71
21
110
84
-16
-118
-41
58
122
119
38
70
-24
-151
-247
-315
-95
42
-109
-313
-371
-322
-336
-406
-525
-417
-189
-247
-372
-367
-272
-205
-291
-391
-320
-103
66
97
32
64
154
76
23
181
354
340
264
236
330
453
428
379
346
306
305
297
280
289
301
306
217
44
94
164
97
97
83
130
133
96
154
196
220
191
55
17
164
213
174
200
217
229
200
131
150
109
153
201
139
221
204
74
-7
1
85
96
35
42
127
178
156
103
125
150
76
78
48
-2
31
-68
-66
-71
-147
-181
-210
-150
-120
-166
-216
-210
-211
-248
-279
-272
-278
-292
-320
-375
-373
-286
-218
-254
-223
-232
-283
-224
-132
14
93
60
-94
-148
-52
0
129
171
136
122
72
79
87
106
140
104
56
-33
-14
37
-57
-93
-123
-83
7
-172
-311
-274
-250
-118
-127
-199
-252
-270
-149
-100
-109
-76
83
198
159
25
-7
218
332
283
305
343
383
300
191
206
219
265
266
141
20
76
165
113
75
-12
-85
-100
-148
-121
-90
-87
-113
-224
-249
-160
-118
-138
-110
-57
-59
-101
-186
-128
67
131
-58
-104
0
-5
87
138
149
198
135
-7
-4
153
230
239
208
35
-16
51
16
123
141
11
-50
-121
-40
127
62
-25
13
5
61
7
-18
87
8
-40
-102
-49
109
117
132
86
63
99
80
54
32
202
293
212
242
219
276
325
201
153
118
166
304
262
315
312
172
156
69
26
47
73
96
149
152
89
97
48
-2
-39
-44
-55
-81
-64
-71
-56
-115
-140
-170
-289
-290
-290
-313
-207
-172
-216
-213
-261
-278
-356
-354
-188
-58
-35
-129
-102
-75
-112
-124
-154
-151
-74
49
34
60
104
7
-52
-43
-44
-39
-16
-38
-26
-34
-66
-125
-233
-224
-181
-230
-217
-166
-141
-82
-32
-131
-199
-151
-179
-86
-5
58
81
-61
-155
-124
-18
0
39
79
28
12
-4
1
39
48
29
2
26
51
135
184
89
-20
-17
91
86
92
145
150
149
96
103
120
104
122
85
42
57
100
144
125
47
-17
29
31
37
169
139
74
138
146
87
108
110
52
47
30
68
89
10
-14
-11
-50
-56
1
37
52
-13
-73
26
97
97
78
21
0
17
12
-21
-23
54
103
61
0
-20
13
49
2
-54
-57
15
118
52
-41
-24
11
8
-77
-105
-1
51
-57
-147
-131
-148
-166
-138
-200
-218
-81
-104
-186
-165
-160
-131
-127
-124
-61
8
33
-105
-242
-186
-164
-149
-192
-211
-130
-146
-140
-170
-183
-163
-98
-23
-62
-54
-16
32
73
-3
-29
20
-31
-66
-62
20
86
-79
-137
-139
-169
-125
-119
-66
-97
-184
-197
-160
-124
-168
-186
-201
-249
-241
-232
-184
-117
-148
-144
-79
-78
-103
-39
92
191
137
35
124
232
274
316
327
330
281
241
163
139
377
395
220
210
172
242
282
238
243
213
240
152
110
181
199
226
99
-14
64
142
161
173
164
191
180
126
163
213
190
198
218
224
230
156
150
185
121
127
78
45
169
178
151
132
79
25
4
33
-39
-90
-55
-44
-40
-93
-128
-131
-168
-217
-266
-305
-260
-168
-145
-195
-183
-159
-233
-169
-166
-195
-82
-123
-132
-139
-238
-221
-215
-211
-206
-263
-214
-147
-180
-217
-201
-108
-62
-98
-93
-150
-154
-21
-8
-130
-165
-108
-104
-176
-224
-215
-122
-13
-113
-138
-65
-23
3
-132
-96
-6
-58
-60
-53
3
-20
-161
-207
-171
-127
-28
-6
-96
-70
0
21
79
101
50
139
177
87
139
211
241
176
119
163
208
212
161
123
115
229
250
109
143
192
163
135
28
92
196
137
86
19
25
25
-2
35
44
65
115
74
51
55
35
111
142
157
150
84
129
178
141
85
108
110
33
64
108
91
100
78
63
25
-27
62
120
79
43
-22
58
104
-11
10
90
104
69
-33
3
87
77
115
106
6
-18
12
9
68
36
-42
-42
-116
-118
-59
-96
-85
-105
-155
-184
-195
-199
-199
-127
-157
-192
-185
-212
-176
-204
-237
-190
-215
-227
-127
-111
-144
-85
-123
-179
-182
-170
-70
-27
-44
-36
0
-18
-71
-83
-130
-105
-92
-86
-82
-139
-97
-136
-185
-132
-131
-122
-163
-198
-150
-103
-68
-67
-74
-67
-68
-126
-142
-112
-6
59
-12
-13
6
44
75
92
123
168
217
153
180
269
193
142
144
155
235
237
191
209
137
145
169
57
104
186
177
162
134
145
201
254
222
144
191
255
206
150
171
242
237
194
195
203
243
241
167
132
142
167
159
136
169
182
78
32
29
-20
43
48
-24
-20
-19
-5
-67
-85
20
-6
-77
-96
-77
-77
-201
-198
-188
-245
-228
-248
-160
-160
-212
-153
-197
-287
-314
-216
-218
-310
-229
-169
-171
-174
-206
-235
-207
-136
-142
-131
-103
-90
-81
-42
-17
-130
-171
-130
-60
-46
-125
-123
-119
-151
-121
-81
-102
-104
-47
3
-56
-104
-98
-160
-167
-136
-139
-78
-57
-67
-24
-2
4
-48
-47
-7
11
60
44
67
81
129
158
65
140
203
147
169
135
183
254
163
196
195
178
238
89
19
95
132
148
44
18
119
125
139
85
36
86
82
23
-72
-96
-24
11
-19
-7
38
71
29
24
119
188
191
103
130
134
64
117
114
66
144
197
132
83
41
30
27
50
86
121
131
127
146
98
35
-62
-86
-53
-14
15
-28
-32
-39
-5
34
-26
-34
-77
-30
2
-135
5
27
-71
0
-40
10
-7
-60
-57
-96
-54
-49
-52
-79
-77
-81
-159
-165
-94
-55
-11
-30
-110
-95
-168
-201
-130
-103
-49
-143
-190
-94
-153
-269
-254
-203
-232
-214
-153
-104
-54
-39
-69
-130
-148
-116
-56
-66
-128
-38
-25
-124
-82
-55
29
86
43
11
-24
33
89
43
38
106
67
16
28
59
72
89
65
-7
51
87
80
54
65
175
173
118
108
142
157
82
17
-24
-4
78
171
216
152
123
119
97
39
34
116
144
172
153
133
136
141
126
67
157
261
106
-4
90
124
135
121
87
149
112
5
31
73
32
37
94
36
30
8
-43
-38
-67
-2
-64
-121
-117
-198
-183
-210
-219
-230
-208
-109
-100
-50
-45
-107
-109
-139
-191
-201
-171
-112
-65
-63
-88
-97
-130
-161
-153
-138
-107
-70
-45
-51
-62
-31
0
-1
-48
-146
-157
-72
-115
-205
-129
-26
-44
-61
-25
-69
-99
-42
-40
-54
-23
15
43
21
-7
60
58
26
79
76
93
62
49
49
-7
63
109
76
71
41
64
103
35
55
110
70
56
74
51
18
49
43
112
149
42
104
101
26
67
12
31
146
193
185
137
98
76
118
116
46
97
93
58
137
180
191
152
146
163
82
69
40
-15
45
58
35
65
98
57
27
28
0
-46
-37
43
55
75
50
16
49
-41
-58
3
-79
-63
-16
-33
36
64
0
-20
-21
-62
-58
-49
-36
-19
-60
-84
-115
-149
-165
-165
-110
-96
-134
-145
-65
-39
-126
-153
-127
-174
-264
-161
-85
-107
-48
-22
-93
-198
-127
-76
-181
-141
-51
-77
-93
-126
-90
-70
-92
-124
-191
-174
-190
-123
-58
-50
19
16
-26
-88
-96
-60
-90
-80
-43
-95
-43
19
-32
-6
-9
0
54
16
-14
33
130
149
84
72
99
56
20
56
54
145
164
96
147
110
71
94
63
68
107
93
129
157
173
176
118
118
25
-32
21
46
117
166
185
211
192
108
0
47
95
18
92
120
141
207
162
133
139
171
108
48
30
-43
61
158
62
90
84
21
-5
-84
-48
9
-18
-9
20
-40
-98
-70
-23
-50
-73
-6
-45
-105
-88
-57
-36
-69
-89
-91
-82
-41
-57
-87
-24
-14
-100
-125
-65
-86
-155
-84
-31
-65
-82
-98
-71
-51
-49
-70
-109
-92
-80
-109
-100
-66
-96
-76
-100
-116
-69
-98
-95
4
20
-49
31
35
-73
-28
1
-66
-33
20
20
5
18
44
-35
0
-7
-115
-5
4
-6
88
56
99
68
-58
-86
-106
-75
-40
4
46
87
71
2
-19
-47
-37
-15
6
35
49
71
102
50
62
75
9
41
-13
8
134
141
109
132
112
25
46
18
-39
14
37
51
71
92
125
170
180
77
50
44
-34
-2
68
105
105
47
19
29
10
8
-10
16
52
-16
-60
28
69
22
73
59
-15
-31
-59
-80
-102
-60
-25
-27
-15
-23
44
68
34
24
6
4
-63
-106
-45
-2
3
-11
-18
-23
-86
-97
-56
-80
-52
-28
-27
-45
-137
-138
-92
-85
-113
-103
-75
-86
-109
-115
-32
5
-57
-116
-121
-124
-82
-66
-111
31
40
-37
7
-34
-4
0
-70
-26
-42
-16
70
100
108
82
102
50
0
-55
-109
-10
3
4
60
92
69
43
89
64
-32
-56
-21
-34
-1
25
41
68
30
116
133
38
62
-29
-15
78
55
92
45
50
130
128
147
136
106
46
6
91
80
24
81
96
170
113
-9
15
-56
-50
-25
34
109
36
3
32
81
-36
-47
24
-34
28
7
-46
-7
-14
-7
9
40
49
43
-19
-68
-57
-28
32
72
92
46
82
29
-94
-47
-113
-160
-83
-45
23
93
109
19
-60
-55
-100
-188
-222
-154
-76
-51
28
12
-54
-49
-116
-114
-149
-166
-77
-99
-69
17
23
19
-47
-63
-38
-62
-82
-79
-68
-40
98
121
17
27
48
-57
-55
-12
-53
-3
-6
-7
33
18
57
39
-32
-13
-11
-20
-55
-20
67
75
125
116
62
-40
-122
-26
18
-22
52
138
130
85
60
96
86
9
-47
5
58
51
37
36
136
118
108
176
101
18
4
50
79
28
-28
52
114
63
115
136
71
-4
-54
-79
-75
-55
-29
32
86
123
124
43
-106
-174
-169
-150
-113
-111
-71
-23
4
50
28
-24
-86
-76
-51
-37
-3
-19
45
-16
-22
49
-45
-11
0
-49
-23
-12
-57
-45
-30
-2
38
28
49
-48
-96
-94
-83
0
-63
-132
-106
-57
-62
-71
-27
-67
-119
-91
-39
1
8
41
36
7
-7
-35
-32
-95
-57
81
131
166
89
0
48
93
38
13
48
88
39
55
147
87
50
49
-6
-39
-46
4
-22
-41
37
31
88
60
-73
-28
29
-1
-20
-22
-26
-62
-14
61
21
34
97
50
-93
-85
63
56
21
80
115
94
59
-30
-109
-39
-34
41
134
53
48
55
-13
-8
16
-37
-30
-13
-17
19
15
-5
-18
-64
-50
-10
-37
-33
-66
-65
-54
19
5
-152
-51
2
-21
-35
-47
-43
-142
-114
-61
-36
24
17
2
9
-11
0
4
-70
-121
-72
-34
4
-21
-53
-3
31
60
-8
-30
6
-12
-22
40
60
-35
-44
-16
-28
-18
1
-42
-62
-49
-58
58
85
-26
8
32
5
4
-23
-41
-24
35
32
-25
7
2
-51
-33
-40
4
82
77
74
120
123
71
1
-55
-2
-53
-30
81
22
100
92
-18
26
44
-2
-48
8
58
41
66
35
-16
-10
-49
-21
64
34
-5
-8
19
61
0
-14
32
-25
51
137
81
72
17
-15
16
-37
-39
21
-63
-7
122
94
44
12
27
-14
-21
-3
-49
-71
-31
27
28
37
11
-37
-80
-85
-38
-53
-77
-61
-44
-7
59
12
7
35
-87
-93
-54
-72
-105
-82
37
77
26
25
1
-91
-109
-42
29
2
10
55
41
31
21
36
0
-62
-38
17
29
-2
-30
18
84
56
56
48
-48
-73
-42
-16
-8
-22
-18
-8
33
19
-26
-37
-94
-90
-56
-63
-78
-46
-33
-37
3
39
3
-134
-100
-59
-72
-21
-39
-2
71
68
44
48
-8
-73
-71
-37
-10
43
68
31
55
-4
-16
10
-51
-26
20
21
13
-22
-49
-69
-58
-20
0
-19
-65
-4
12
-59
-67
31
64
-18
24
42
22
45
31
19
-3
64
75
42
28
11
105
108
37
52
74
53
6
12
102
79
33
52
15
-5
20
24
-56
-56
80
65
62
95
-4
-11
-16
0
-12
-32
29
49
76
60
7
17
47
7
61
76
14
10
-111
-60
26
24
64
24
100
59
-55
-22
-83
-108
-25
77
51
21
56
-26
-73
-58
-62
-114
-96
-30
-38
-43
-30
-25
-2
-16
-39
9
24
-35
-86
-76
-85
-133
-122
-81
-65
2
14
-35
18
6
-93
-58
-7
-51
-64
-37
6
-8
-34
41
-13
-44
-30
-83
-39
-20
9
58
27
58
90
-12
12
5
-21
47
-19
42
-9
-97
-56
-134
-15
71
77
168
156
124
-1
-121
-74
-104
-86
32
57
67
91
69
-7
20
54
-43
19
55
-64
21
62
24
57
55
63
-15
-29
-16
-61
-68
-80
-24
-1
44
96
81
75
14
-5
-43
-98
-51
-72
-9
66
20
53
-14
7
89
29
43
26
9
41
-21
-22
79
11
-55
-10
-28
-12
-23
12
97
26
47
30
-100
-102
-50
-1
24
60
56
-1
-25
-74
-114
-95
-77
-18
13
48
49
-37
0
23
-70
-69
7
36
-32
-55
-49
-102
-75
-60
7
59
62
102
44
-10
-36
-32
-41
-13
80
78
80
59
42
46
24
45
20
20
-34
-6
100
0
27
48
22
41
-11
23
-82
-111
22
-69
-125
-73
-38
-5
-69
-40
3
-105
-113
-75
-61
-79
-58
-56
-44
16
-26
83
79
-29
-7
-38
3
13
35
102
99
88
-1
-36
-23
-15
42
121
151
36
8
36
-81
-83
36
86
57
0
55
25
-65
-37
-79
-64
-50
-26
40
-5
14
38
9
20
-14
-57
-41
11
54
4
-31
-48
-15
-30
-101
32
48
-16
-11
-19
55
7
-25
7
-4
95
78
10
76
80
84
53
-13
0
21
42
130
200
162
111
91
74
70
43
57
98
64
54
44
-4
-19
-35
16
10
-14
-13
-95
-74
-80
-115
-64
-87
-99
-25
-15
-37
-48
-91
-121
-93
-62
-72
18
74
7
28
41
-69
-52
16
-23
71
83
-1
22
27
41
15
28
54
41
-1
-17
38
-34
-65
-84
-90
-87
-147
-90
-75
-14
5
-66
-44
-84
-110
-69
-92
-48
6
-12
8
-25
-49
-20
-24
-62
-62
28
69
34
-14
5
68
37
41
108
112
110
84
-45
-103
-50
-10
20
50
127
175
78
-4
8
-7
21
35
34
78
58
87
100
72
62
1
0
-41
-109
-53
12
40
-2
2
31
-30
-80
-50
41
35
12
27
-24
-33
-44
-67
-23
1
-1
-16
-10
-1
-1
-17
-33
19
-2
11
109
82
75
98
60
2
-33
-31
13
-17
-75
-35
-67
-82
-97
-128
-27
53
47
-15
-73
-38
-29
-73
-74
-55
-27
-10
-59
-65
-13
-46
-78
-64
-54
1
-19
-18
76
97
164
118
81
91
20
110
129
-3
21
43
49
117
24
32
86
61
76
7
33
54
8
37
43
36
13
-11
-9
36
25
-68
-102
-63
-53
-26
31
-38
5
76
-52
-69
-2
2
2
4
105
64
-77
-30
-76
-72
2
-34
-59
10
67
35
2
-61
-37
18
5
11
16
51
85
16
18
-10
-18
21
-19
-52
-72
-30
-101
-138
-55
-1
33
-10
-37
-42
-21
-46
-123
-50
-14
-41
-10
-35
-62
-44
-1
-55
-126
-73
-67
-54
-31
-31
73
94
88
82
25
73
27
-31
38
38
17
65
44
12
39
19
-28
-15
72
96
65
64
58
53
60
57
11
64
121
14
-61
-42
-31
-103
-46
49
30
19
2
15
-21
-17
16
6
-1
-21
9
42
-28
-46
37
27
-37
-76
-92
-72
-7
-48
-31
36
17
6
-48
9
-12
-38
-14
-48
6
-14
-8
-5
-47
8
9
-36
-35
-27
29
34
-45
-22
51
52
0
0
55
42
17
-5
-37
42
39
-52
-37
-53
-19
-32
-38
70
49
31
79
33
-19
0
50
28
-17
61
40
16
44
-14
18
31
-38
-107
-75
-2
-43
-26
28
30
64
0
-31
50
13
-30
-11
-22
-31
-48
-89
-39
51
29
-39
30
72
-8
0
41
16
5
33
99
72
42
64
51
52
-47
-94
-41
-29
-48
-17
23
27
32
0
-18
17
3
-70
-39
-29
-55
-40
-58
-95
-83
-8
-50
-113
-20
-27
-55
-34
-81
-56
-23
-2
-52
-23
41
0
-21
-38
23
28
-15
0
20
16
23
30
31
50
60
88
10
37
108
27
53
27
10
76
43
97
92
34
114
67
-25
-9
-27
7
22
41
63
28
55
2
5
30
12
-16
-78
-19
-50
-70
6
-37
-36
0
-28
-64
-71
-7
-1
-23
35
37
33
16
-8
63
101
49
-22
5
-28
-75
2
-6
24
87
75
28
-19
37
15
-44
-16
18
13
23
18
-82
-48
-16
-57
-26
-79
-68
67
-6
-95
1
-36
-83
-48
-29
13
30
21
-38
-46
-10
-53
-50
-14
-2
-7
-30
14
-38
-88
-56
-47
-35
-27
3
-26
1
18
-31
45
9
-77
16
17
-51
2
0
-44
14
8
15
79
45
60
94
22
52
113
20
-39
26
76
60
26
54
85
80
87
0
-41
42
72
10
5
27
-36
19
-17
-95
-9
-8
54
27
-43
13
-21
-34
-25
-27
-43
-37
-38
-65
32
32
9
14
-65
-3
15
-46
4
14
50
60
-64
-57
-84
-97
-17
40
98
46
-17
0
31
21
-38
9
63
11
10
-46
-97
-38
23
64
66
25
63
56
7
-5
-47
46
19
-45
9
4
-27
-60
-42
-38
-40
-17
-18
-43
-6
-14
-8
-38
-79
-13
-33
60
52
-38
52
19
18
25
-44
-6
21
-19
-49
15
42
-22
24
70
27
58
74
45
79
73
66
40
-9
3
-69
-71
-6
-12
-21
-22
0
-15
21
17
-42
2
-4
-23
4
-25
-42
6
-14
-79
-27
7
-23
7
26
22
-17
-41
-27
-79
-112
-22
47
38
61
41
37
31
-33
-13
36
1
-39
-29
-8
-6
-38
-97
-73
12
47
27
-32
-8
33
14
39
55
45
19
-1
-1
-37
-67
-63
-55
7
61
84
34
7
64
1
9
11
-49
-26
-6
10
42
40
16
79
23
-29
22
-11
-18
4
18
-12
-5
-16
-11
46
30
33
60
28
-7
20
-19
-70
-30
6
1
-70
-102
-41
-14
19
39
42
27
26
14
-51
-5
-34
-73
8
-7
-30
20
-38
-75
25
45
51
48
0
65
54
7
48
5
-20
7
-1
-8
-8
-2
-13
-1
73
59
15
30
-23
-36
-42
-59
-51
-75
-38
-23
-9
-25
-47
20
0
-42
-22
0
-39
-85
-78
-95
-39
-2
4
37
20
93
69
17
0
-40
37
17
3
41
39
-5
-29
31
30
18
4
39
122
44
31
40
-15
63
53
50
39
-17
16
-17
12
-19
-16
35
-19
6
22
3
-70
-88
11
57
-26
-14
17
-51
49
11
-63
27
-29
-30
3
-61
-96
-77
-21
-16
-19
-30
6
43
-8
-13
62
47
40
77
-36
-45
-22
-28
-3
-14
26
64
21
27
44
5
-12
-20
47
38
15
11
-17
38
0
-4
26
-20
-37
7
38
-19
-25
-84
-80
4
-23
-44
-23
55
1
-44
43
1
-64
-1
60
50
-31
-81
6
-21
-24
13
-36
14
44
-8
-29
0
67
38
-8
43
0
-17
7
-40
7
75
24
-15
7
25
30
19
42
81
30
-1
23
-16
-18
-18
24
76
9
42
59
-4
-16
26
-15
-42
2
-48
8
33
-54
-31
-1
-19
1
-4
-13
12
-42
-29
-28
-81
-41
-64
-82
16
16
-43
-31
-23
9
49
16
-45
-48
2
-7
9
2
-55
-47
-10
54
22
-42
-2
34
18
36
25
-47
0
57
29
17
-17
-36
-15
2
58
66
23
32
18
9
9
-13
-14
35
46
13
31
45
76
31
19
37
42
18
-66
17
36
-38
0
18
-60
-53
-4
-56
-27
30
9
-25
-27
-8
-53
-47
-13
-78
-104
-13
19
-43
-21
40
38
-1
-24
-10
6
7
20
65
34
5
39
66
51
36
81
67
51
89
31
3
19
3
53
45
-27
-43
14
15
-14
7
-62
-52
5
-54
-40
-69
-119
-71
-66
-67
-47
-95
-83
-9
-55
-45
-21
-36
12
39
35
-10
-16
-36
-13
58
20
46
101
58
94
93
18
83
90
35
32
41
57
1
2
18
22
29
-25
-17
-30
-45
-19
-47
-29
-71
-98
-32
-38
-54
-44
-45
-51
-29
0
-28
-28
-15
-15
-21
-24
-8
-47
-18
34
56
54
30
42
61
72
13
38
56
0
35
31
30
59
23
-2
-6
-16
-26
-49
-23
21
35
-19
-86
-16
-9
-88
-117
-42
21
-39
-29
18
-13
-49
-6
-1
-10
-20
-51
-5
30
44
3
-3
57
59
54
80
134
87
62
104
41
37
49
0
12
45
26
-2
-22
9
52
36
22
21
12
-19
-54
-77
-77
-39
-45
-73
-31
-71
-83
-44
-35
0
-62
-77
-21
-30
-16
-14
3
20
26
63
54
50
39
20
74
89
47
20
-6
-42
0
78
18
0
52
40
72
41
-29
-36
-103
-65
29
-2
-95
-101
-17
-17
-98
-128
-52
-15
-58
-26
8
-37
-18
-13
-22
23
21
26
0
-24
-2
24
-3
14
20
-21
90
88
49
103
13
34
91
7
26
39
28
26
29
3
-68
17
23
-4
82
34
-40
-78
-39
-39
-56
52
46
-12
19
6
-43
-74
-70
-46
-24
-26
-130
-119
-8
-16
34
32
29
87
20
12
25
-14
27
92
15
-5
3
-4
49
23
72
83
16
68
86
-7
-21
48
18
-10
28
2
8
38
-1
-45
-62
-54
-40
-114
-120
-29
-50
-56
-65
-57
1
-13
7
2
0
29
-31
-48
-23
31
14
-21
49
52
66
59
56
71
-5
26
84
66
48
-10
24
67
-9
9
20
-35
-14
2
-55
-72
-39
-132
-63
54
16
43
-40
-56
2
-44
-38
-12
-35
-61
-20
29
46
21
23
48
73
99
49
11
-19
-9
38
33
60
48
-14
5
32
29
5
-52
-44
-28
28
9
-76
-36
-50
-36
5
42
42
-45
-30
-47
-57
-36
-77
-22
-6
-34
19
28
31
25
28
56
52
9
-35
-41
-45
7
43
30
13
4
9
-12
-21
-18
34
45
-17
-17
33
89
45
19
77
5
-44
0
-11
-19
-44
25
124
-18
-40
75
11
30
10
27
61
-82
-32
-7
-41
-69
-80
10
-28
-24
-68
-88
13
-29
-7
7
-69
-29
29
30
19
30
27
23
55
36
20
-11
-35
-16
26
108
53
55
100
76
83
55
21
8
29
-22
-44
-4
-40
-42
-80
-97
-44
16
23
-69
-42
-7
-79
-3
51
-55
-63
-6
-5
9
28
-26
-59
-5
55
51
-27
-22
5
-13
58
115
96
87
41
62
36
0
21
-42
-76
-66
-2
-1
-49
-18
-11
-8
0
-2
-47
-91
-110
-55
20
-7
34
9
-22
25
0
-4
-39
-87
-45
-25
-47
17
23
-7
66
103
66
72
64
23
52
-8
-83
-24
-28
-48
16
51
-4
53
103
-9
-23
23
-25
-42
-6
-49
-29
-6
2
98
56
20
-9
-69
-60
-74
-42
-75
-18
34
-15
66
56
-22
0
52
-9
-48
-57
-84
-55
-96
8
38
-8
57
3
10
-8
4
38
-70
22
71
21
89
6
-20
59
52
84
60
-17
-7
-25
-48
-59
-65
12
64
73
120
73
-11
-17
-28
-31
-78
-88
-70
-85
-79
-37
30
17
58
35
-22
45
-62
-76
30
-6
-18
10
39
7
-30
66
76
-13
12
26
13
-16
-37
30
36
10
25
47
5
-10
53
52
21
-19
-75
-59
-28
-30
0
-4
19
88
38
50
63
-15
-1
14
35
-20
-82
10
58
20
16
17
-43
-31
-1
-42
-33
-46
-26
48
56
10
27
94
17
-52
25
-3
-91
-40
-20
-43
-13
-28
-20
21
63
96
110
81
-12
-28
-13
-8
-15
-64
-4
33
-4
-45
-15
6
-56
12
-54
-109
2
-73
-34
2
-23
82
56
25
-35
-83
4
2
0
3
-64
-27
40
41
35
4
3
61
120
84
-36
7
75
49
46
-23
-23
-12
-34
-54
-94
-7
-50
-113
-41
-5
-35
-34
33
-35
-33
25
21
-30
-88
-24
-35
4
0
-99
-26
12
19
51
-39
-15
60
-3
14
37
24
43
52
5
-17
39
-15
-41
9
23
25
-12
20
21
-36
12
1
-12
19
-34
-58
1
50
-37
-11
78
27
1
-16
5
62
1
-53
-7
-24
-13
16
10
7
-28
23
48
-48
-97
-103
-51
-51
-76
-29
4
19
1
28
45
59
14
-66
-37
-33
-26
0
-19
-30
24
41
-16
9
11
-6
40
30
57
62
6
23
22
17
60
28
-23
-25
-38
-35
-79
-92
-59
-56
27
-6
-88
23
24
-18
49
9
-20
16
-5
-14
-19
1
11
-3
78
82
-5
-28
-13
-32
-8
9
-40
-16
65
17
-10
21
-18
54
-7
-78
30
7
-74
-113
-41
-30
-45
16
15
25
18
11
17
31
31
-8
-42
-41
-2
-2
-12
8
52
73
66
23
9
13
-33
-20
35
33
-17
35
62
4
-6
11
19
-27
-32
-41
-1
10
-23
8
-33
-8
6
-32
-2
25
0
-56
-27
8
-82
-28
50
-6
16
57
64
12
2
48
9
-79
-45
-28
-63
-36
-41
26
44
6
24
13
17
-21
3
21
-46
20
36
18
58
73
67
74
52
-40
-13
9
-38
32
5
-26
38
1
51
58
-13
25
31
49
-7
-102
-82
-11
-17
-105
-41
0
23
10
-62
-41
-51
-26
-36
12
2
1
48
13
59
3
-23
38
21
-23
-38
-51
-40
-23
-32
43
54
-16
26
-21
-44
51
16
21
13
-26
-4
-18
-25
10
-34
-20
2
10
45
-93
-27
50
-28
-19
-16
-20
-49
-7
59
29
-11
-28
-86
-36
13
-37
-11
-7
21
36
20
25
-17
35
24
-13
-13
-143
-98
-12
-52
-14
-13
-27
-3
0
2
-2
-4
15
3
-21
0
-40
-50
60
32
-9
21
-37
-16
10
-19
21
32
-21
-27
7
4
-7
-17
-15
-11
27
13
-28
-17
-74
44
89
-52
-11
18
4
-8
-7
29
2
-18
21
64
29
3
32
20
-24
2
41
32
-15
-75
-51
-57
-27
2
-87
-37
50
7
18
-1
-15
47
9
0
-5
-28
-7
-57
12
48
-15
32
3
-1
24
29
61
65
104
46
5
81
41
-29
33
78
39
17
15
29
29
36
13
-7
56
70
-19
-33
-4
-19
8
-5
-25
15
-46
-44
13
-65
-43
-8
-29
-12
16
-16
-88
-30
52
51
-18
-25
35
20
-16
-12
27
54
53
60
42
62
22
-3
56
-8
-20
-45
-60
27
-5
-24
-5
11
78
14
-48
-25
-19
24
-22
-18
9
-36
28
49
-40
-36
1
-50
-2
29
-19
28
1
-42
8
-17
-51
23
38
-30
-70
-41
0
-22
-45
14
61
16
1
-16
11
5
-7
13
-78
-45
-37
-91
-30
-52
-50
35
30
-14
13
19
-26
-2
29
-31
-42
7
-6
10
-2
16
14
-61
0
9
-13
23
11
10
-37
-52
39
61
59
8
-76
22
11
-75
-38
-30
-16
-26
0
3
-19
-38
-78
17
33
-9
-24
-55
-6
18
1
-7
17
-1
-14
-18
-45
-11
-11
-67
-80
19
41
-17
-5
27
35
-13
-11
40
59
21
19
70
40
30
-9
-2
84
63
42
49
53
35
31
38
0
17
38
69
42
1
18
-48
8
50
-15
-1
-48
-54
-22
-44
8
-10
-34
13
47
23
-36
10
10
-28
-16
19
25
-59
-85
6
55
-1
-31
33
51
-18
-17
41
106
57
-13
16
0
46
105
51
10
46
43
2
38
56
-5
-7
80
92
80
24
-40
43
72
31
22
-9
-4
0
41
52
12
14
56
51
-43
30
16
-41
8
-19
-34
-48
-32
-46
-40
8
-42
-65
-36
-7
-22
-74
-55
-41
-37
-13
0
30
47
9
-9
27
15
-19
-39
-29
34
51
0
15
97
49
18
78
3
23
96
-38
-77
21
74
69
-10
-23
55
70
4
-29
-28
-38
31
53
10
-5
-21
-29
-8
77
11
-65
4
-60
-75
-37
-102
-21
10
-25
-40
-47
-15
-69
-46
-44
-43
-4
-55
-46
-71
-89
-19
17
32
10
-55
-90
-45
-1
1
4
-9
-11
47
64
18
39
41
36
32
-7
40
32
-3
41
42
34
32
82
55
-5
55
108
37
-65
0
25
3
-11
-15
14
-5
-2
-29
-59
-53
-32
-1
-56
-94
-24
-49
-23
-2
-44
-16
-83
-42
-29
-73
-3
-83
-71
-6
-26
-2
-43
7
21
-47
-3
-15
-22
-1
20
45
43
0
-26
56
35
9
67
44
91
107
18
35
43
53
148
80
37
54
-8
50
50
-29
3
40
51
15
16
10
-98
-33
33
44
38
-69
-63
-3
3
-53
-80
-58
-30
5
19
-59
-127
-50
-20
-17
-44
-56
-7
-40
-48
-69
-52
18
-9
-26
46
83
12
29
-23
-47
79
6
12
-3
-47
42
7
34
2
10
123
115
111
40
3
2
12
70
91
101
41
-2
64
-13
-74
75
105
55
28
76
26
-33
37
-43
-10
45
0
-17
-98
-118
-51
-23
-77
-117
-69
-10
11
-36
-103
-13
-28
-121
-86
-92
-25
-27
-80
-29
17
0
-32
21
34
66
79
31
-4
7
32
1
99
61
-24
44
22
67
112
66
-14
16
91
53
73
74
96
48
-4
1
5
38
20
51
-40
-59
11
11
33
10
8
13
14
-31
-44
-26
-54
-44
-48
-15
-31
-119
-69
0
15
-18
-63
-20
-25
-97
-52
29
0
-7
-31
-87
-30
-19
-32
55
11
-42
-18
12
61
3
46
112
43
5
17
25
12
50
105
-3
-26
69
53
86
46
5
49
20
35
82
-14
0
86
-50
-38
14
-20
-13
-34
-12
29
13
-9
-22
-72
2
49
8
-24
-49
28
-39
-122
-75
-58
-11
-49
-44
0
-101
-124
-28
22
-35
-70
-10
30
0
-73
-93
-23
-2
1
39
17
-31
-77
-23
65
21
50
85
13
51
83
40
31
57
28
-41
61
90
-5
23
6
-23
-27
19
98
47
13
16
-26
0
-43
-82
40
-12
-60
-27
-58
-2
-40
-96
3
-3
-20
-31
-81
-53
-17
-8
-27
56
-4
-119
-33
-18
-1
13
-19
3
-30
8
30
-8
22
4
-16
38
52
-16
-29
7
70
86
46
48
6
13
87
27
41
133
65
-14
16
19
-31
7
127
139
56
39
18
-20
-15
0
-6
12
29
-11
-74
-63
-23
-61
-51
-14
-9
-7
-77
-89
-46
-49
-21
-34
-18
-25
-50
-32
-58
-3
6
-52
-4
-7
-45
-60
-55
8
-10
-20
-1
61
48
-23
16
15
-30
-34
51
95
91
29
8
0
0
78
-18
2
53
23
52
64
116
72
9
32
19
51
111
31
31
34
-24
4
-48
11
59
-12
61
66
-15
-47
-14
30
-24
-45
-15
-32
4
28
-3
-8
-54
-16
-35
-56
36
-1
-54
-69
-37
-10
-21
2
-10
-24
-11
-44
-10
0
-34
29
1
-1
32
-28
-50
-14
-24
-42
-15
-10
-5
-1
-15
-11
27
-18
13
68
-11
57
75
-28
-46
-3
-3
-6
24
30
-32
-56
49
62
12
-40
-46
-23
0
54
-29
-34
28
-12
-17
-48
-65
-45
0
4
-19
12
-39
-61
-5
8
32
43
11
7
-12
-1
35
19
40
53
12
-27
-37
7
63
22
23
43
-59
-68
14
64
125
48
-14
18
-11
50
21
-4
54
-57
-27
15
-57
-23
2
25
43
60
15
-61
0
-3
-4
61
51
37
-22
-63
-23
-42
-60
-61
-54
28
4
-28
-45
-88
-18
25
19
41
-6
-69
-56
1
9
-69
-67
-17
-38
-27
-6
-51
-32
34
43
-36
-22
64
15
69
51
-13
51
31
35
46
18
-21
-40
-22
5
61
21
11
94
49
-10
30
71
85
50
44
69
-3
17
9
-37
27
25
-10
18
43
0
63
47
-29
9
5
-3
62
45
-15
2
-46
-82
-54
-44
-40
-39
-37
-14
-64
-68
3
4
-31
-76
9
31
-1
2
-77
-35
-12
-50
-15
8
7
-14
-52
-78
-2
22
0
35
-38
-48
55
72
29
0
8
52
10
-83
5
54
21
2
-80
-63
-12
62
96
14
-33
35
80
48
27
26
82
18
-40
3
-31
0
0
-78
0
21
-69
20
30
-49
18
32
61
16
-74
3
23
11
-30
-107
-91
-59
-51
-36
6
-17
-79
-56
7
54
4
-11
79
78
12
-53
-14
14
-55
-17
30
20
-58
-58
9
18
33
43
66
4
-12
28
29
72
51
-3
9
-21
-74
-88
-38
64
-42
-71
-28
-37
92
-7
-73
-3
-1
48
10
22
31
-38
-31
-80
-115
-33
-2
-6
-39
-92
-69
-101
-7
13
-41
26
-16
-3
10
-22
16
36
43
24
-56
-14
19
-32
24
25
29
39
6
32
22
0
60
106
100
63
-28
-7
51
3
0
-35
29
95
-13
-11
20
-4
4
22
-25
43
81
16
41
-50
-38
22
-53
-75
-40
-21
-23
-54
-90
-19
-30
-30
86
16
-10
23
-43
-22
11
-17
-1
37
-6
-79
-84
-45
-20
-57
-4
53
-12
-38
-30
1
32
82
52
-21
45
41
-66
-16
34
30
73
-48
-41
9
-5
78
62
34
-15
7
20
-6
36
-4
-14
25
-29
-46
-33
-18
10
-31
-10
-60
-54
-8
-58
-22
-43
-39
-8
-14
-6
19
-5
-34
-69
-74
-8
8
29
55
25
-83
-49
14
-3
-28
-37
38
1
-3
16
11
62
9
-38
-29
-11
45
-10
-22
59
-4
11
56
22
67
7
-1
121
57
20
64
-17
-34
-1
-8
-17
-35
-64
-7
68
7
-23
11
-14
-6
14
45
100
30
-21
-57
-47
3
-38
-25
-73
-71
27
4
-20
-33
-61
4
55
-33
-72
0
27
-22
-8
4
-17
2
-32
12
65
23
27
18
17
41
11
-10
25
4
-23
29
18
-28
-48
-51
-5
-3
-15
46
49
33
29
17
29
5
-16
42
83
52
23
-38
-32
55
36
-36
-56
1
-27
-74
-21
-5
18
-6
-21
-10
-40
64
74
13
46
-36
-39
-8
-13
-23
-24
18
12
36
-16
-4
64
3
-17
39
52
24
67
43
36
85
0
-6
48
-30
-74
8
51
6
12
39
5
16
62
67
-12
-39
28
23
36
36
39
25
-51
-32
-15
-35
14
57
55
14
-41
-46
-85
-69
-48
28
80
-27
28
39
-41
-80
-95
-29
-34
-25
7
10
-19
-72
-69
-72
-42
43
52
-21
-28
-75
-55
23
-60
-51
5
46
24
-27
-2
-59
-25
47
68
81
32
92
121
82
45
-8
43
-2
-38
22
8
31
-46
-106
-14
-25
-49
-59
-55
54
83
18
7
-5
-45
-35
-55
-27
18
-30
9
-14
-35
22
-32
-53
14
-10
-61
21
14
-27
6
-47
-5
66
43
58
33
-64
-101
27
82
47
100
114
38
25
48
0
24
92
23
-86
-16
74
86
22
-60
-12
4
-61
-9
49
38
32
-31
-15
45
0
13
30
-14
-19
-58
-31
15
-29
-51
-15
21
-37
-16
-14
-92
-62
-21
-14
-14
52
55
-22
-47
-64
-52
-42
-48
-20
41
60
67
63
-10
-43
-57
-52
21
56
4
-15
20
-28
-9
36
39
86
4
-75
-79
-16
43
24
59
50
-4
4
-38
-100
-45
29
40
-26
-11
112
56
-9
-20
-60
-30
-57
-51
55
-5
-58
40
-8
-5
27
-40
-74
-12
51
68
81
-13
-18
8
18
18
-4
17
7
59
44
23
82
-24
-35
105
76
55
28
-31
-49
-70
1
-32
-53
-35
-47
53
23
-26
14
49
51
-39
-92
-88
-29
31
5
-9
-6
-5
-3
-61
-69
-39
-31
15
37
25
-12
-10
36
6
-5
18
-15
2
0
-18
0
-24
-19
42
69
19
13
-22
-30
16
-58
-55
-2
-32
-91
-76
-20
-30
-5
13
-59
-21
0
-40
51
1
-3
-8
-126
-4
78
42
21
-27
-18
38
-17
-18
42
-28
-42
-13
35
51
6
-5
-23
-21
-57
51
50
-70
2
-12
57
82
31
39
-31
16
-3
-12
48
-5
3
5
-92
-70
45
15
12
61
-7
-12
37
28
17
21
5
-12
-19
24
20
-57
52
100
-35
-77
-53
32
35
-36
29
32
-7
-2
1
-4
-46
-38
10
-12
-12
28
-19
34
72
16
28
-3
1
36
10
12
55
33
4
15
-64
-81
-2
11
0
-38
-39
72
54
-14
68
33
-39
-21
-49
-48
2
59
27
-64
-26
13
-9
34
44
23
-1
-20
5
-9
3
64
42
5
-7
-43
-52
-23
18
0
0
55
-6
18
31
20
114
67
-6
-63
-75
-54
-54
-31
4
79
11
-75
-10
-44
-43
42
23
19
37
-12
-81
-61
-24
-5
-14
-33
-10
-32
-1
24
17
44
38
31
24
33
2
-39
-45
-8
73
40
-25
-28
-7
14
25
25
-46
-43
27
8
21
59
12
-5
23
-8
-73
-107
-41
44
77
62
31
62
45
-61
-68
-29
-37
-57
-115
-94
-6
59
44
10
58
3
-10
-3
-4
57
-4
-20
7
22
16
-15
15
-24
-48
8
25
47
11
-35
23
37
60
81
-2
-10
12
-32
-16
-44
-51
1
32
71
56
42
21
45
47
-35
-44
19
36
3
-51
-59
9
29
-30
-26
-21
-61
-7
24
11
-49
-51
0
-22
11
-12
-66
-46
-11
62
9
-60
13
9
10
6
-78
-41
-13
-17
-24
-31
37
-7
27
77
29
10
-38
27
27
-55
3
35
-1
-8
-37
6
24
-63
31
77
-4
20
13
20
37
-13
30
47
-2
-60
-126
-66
-24
-31
-9
-47
-47
86
78
-4
67
50
-26
-19
0
34
-8
-94
-51
4
0
60
35
-17
-19
-24
-4
-15
1
63
86
47
-31
-70
-43
18
51
3
-39
-7
44
45
40
65
12
-60
-12
29
35
19
-51
32
76
13
0
-73
-33
-15
-59
13
50
60
57
0
11
31
-37
-68
-88
-39
49
71
27
-16
2
34
-31
-83
0
-47
-91
-45
-29
-58
-28
42
-16
-16
8
32
14
-26
21
-19
-12
35
18
-15
-38
19
29
6
42
22
-15
-39
-46
13
30
65
89
27
38
15
-15
-20
-116
-73
46
51
48
4
-28
-9
-92
-41
44
26
56
38
13
18
-20
-32
48
-33
-56
16
-14
46
49
23
-30
-70
-24
-14
37
37
27
30
0
-22
-56
9
62
76
47
-41
-52
-53
-51
17
33
-4
17
-24
-22
75
76
0
-46
43
38
-65
-30
-7
1
13
23
55
-8
-56
-36
-8
-15
-48
7
9
-29
-3
28
7
-85
-108
-79
-50
-16
8
-15
-30
-62
-88
-4
-30
-28
19
-17
13
66
47
35
19
-51
-18
49
61
12
6
56
20
8
-21
18
0
-5
44
-46
-14
-58
-69
77
81
74
37
-21
28
8
18
37
-30
-6
-36
-36
2
39
95
-18
-31
4
-54
36
69
50
41
-10
20
17
13
14
39
77
8
-41
-75
-46
10
-36
-47
-5
40
94
95
12
-6
36
-38
-55
-23
-24
59
53
26
16
-25
-7
2
-9
-16
41
32
14
19
11
67
54
22
-21
-84
-7
39
23
1
-124
-34
50
-57
-23
-36
-36
18
4
27
2
-34
6
5
-10
42
26
-53
-27
48
51
36
7
-57
-29
-28
-5
104
64
-26
14
58
-5
-3
61
20
-15
-24
-56
18
6
-54
12
34
-19
-61
-26
5
-51
0
69
-20
29
116
64
-17
-110
-36
45
-17
-6
-8
-44
0
30
-29
-15
2
-99
-47
3
16
75
8
-40
-36
-4
70
6
-62
-1
-6
-5
-37
-67
-91
-133
15
34
39
88
-53
-60
5
46
39
-51
-72
-75
-11
53
31
4
-66
-48
-53
-59
-44
-49
-10
17
77
38
28
1
-25
62
21
-18
-3
-78
-28
11
-10
41
-53
-20
33
43
92
16
3
-37
-3
54
11
48
66
11
40
16
-77
-11
-5
-64
3
8
-35
6
8
-18
34
57
-15
-19
-10
38
82
1
0
-21
2
41
-55
-72
-8
48
-27
-64
21
14
64
79
58
55
-56
-57
14
2
-6
47
24
-41
-55
-51
-29
-52
-31
-12
0
54
40
23
55
31
3
37
-17
-56
8
-22
-34
-12
-38
-15
25
39
33
12
45
39
5
-14
-57
37
87
16
6
10
2
-44
-68
10
19
3
9
47
90
28
0
-18
-9
24
8
6
3
-61
-36
69
4
0
36
-13
-48
-49
43
39
-7
-14
-7
13
47
19
-38
-1
-38
-27
35
-11
24
59
21
54
49
-17
-36
-59
-52
-43
-80
24
123
31
-31
7
28
-14
-69
-82
-76
-18
60
74
50
-8
-67
-50
-26
-14
-27
-43
5
-14
-2
13
61
14
-100
-17
9
9
-43
-34
-16
-38
36
47
12
-61
-26
-25
-29
45
6
20
11
-60
-88
-57
35
54
-27
20
87
27
16
-66
-87
-28
-98
-22
103
71
12
9
25
-18
-3
22
-18
-17
59
84
73
23
-83
-36
10
10
26
-12
-24
-27
-2
39
11
-21
-19
4
38
-43
-40
48
-9
-23
-19
-73
-32
-19
-35
22
34
14
48
68
11
-14
-11
0
38
-24
-8
75
10
-26
32
56
-13
-15
2
-19
20
31
7
-6
-16
-12
6
-49
-43
-32
-89
-33
24
-4
-59
-30
-15
8
-13
-42
21
-43
-40
35
41
8
-30
-60
-22
56
-7
-37
-4
26
77
81
50
31
26
0
-9
7
58
-34
-120
-17
-64
-37
63
48
99
-14
-95
-45
-91
-39
-24
-5
96
49
-23
-30
-95
-75
1
-49
7
99
53
-7
19
54
12
45
69
82
49
-40
-32
0
31
3
-57
-43
23
45
49
48
33
6
-48
-38
-46
-21
3
-17
9
-2
-55
-60
-27
23
55
24
15
-26
-54
-21
34
62
11
41
32
-5
-2
-33
13
42
5
10
-15
-9
81
8
-50
3
35
68
-12
6
14
-83
-36
-20
-69
-59
0
54
34
9
-4
-31
-56
-46
-31
-55
21
90
47
37
-26
-43
23
0
-22
-22
13
-5
-31
72
19
-28
18
0
-8
36
72
1
-23
-11
6
-3
-12
-27
-51
50
38
36
-9
-104
6
27
48
92
-1
-58
-29
-19
13
19
20
29
-31
26
35
-29
-56
-110
-33
63
86
53
4
15
-22
-77
-19
8
11
25
27
20
9
30
-29
-15
11
-33
3
-25
-31
27
7
-28
15
1
-39
-3
-54
-33
15
14
-12
-73
14
19
-107
-45
53
-29
-90
-36
80
115
3
-29
-9
37
39
34
13
-33
2
38
44
2
-11
-25
-27
-21
-17
-18
14
91
37
0
-13
-63
-48
-18
-25
-35
-39
-20
-16
-63
-37
26
-11
-12
30
-12
-12
27
62
80
49
33
-3
-4
67
62
33
20
8
39
5
-7
32
-8
-38
1
63
64
18
3
25
-11
-89
-71
-16
-51
-33
32
-51
-30
-46
-54
69
-5
38
103
22
-5
-51
-34
6
63
135
50
19
7
-9
20
-63
-20
18
-51
21
96
114
87
-19
-49
-38
-14
-1
-31
-24
-54
-43
-18
-90
-48
37
50
33
28
12
-81
-42
14
25
17
-9
13
2
34
29
-30
-23
3
5
1
3
4
-7
6
10
16
51
17
-24
-48
-22
25
-20
-49
-37
-33
38
48
-10
36
-48
-14
76
-22
48
45
-8
-5
-22
-32
-31
42
78
80
6
-68
-31
-28
-51
-51
-23
26
-8
-45
-5
-11
-51
-61
0
28
-26
20
29
-58
-37
-17
-8
21
42
-6
-33
20
36
48
30
63
44
-18
-11
-9
-5
-12
-31
-66
-47
-5
-6
54
99
38
-7
-55
-61
-53
-80
-69
-26
34
33
-9
-80
-30
46
3
8
-10
-12
24
19
25
49
89
30
-12
-15
-39
-10
-84
-19
70
-40
-32
19
49
93
67
18
10
-32
-13
-63
-92
-11
-29
33
45
46
70
55
57
13
-21
-72
-39
18
10
-2
39
21
11
65
66
67
-47
-90
9
63
11
-63
-69
-19
35
-3
-22
-35
-29
19
17
18
5
33
58
-38
-47
4
10
64
79
23
23
52
-13
-108
-53
17
24
59
33
36
17
-44
-77
-75
-68
-59
-6
-3
-8
7
0
41
75
22
-16
-36
-57
-33
-22
-61
14
115
57
-13
-9
6
-13
9
11
74
168
66
-12
-38
-52
-10
-61
-35
4
-43
-87
-69
38
9
-39
-61
-96
4
-7
-12
77
-30
-31
42
-9
26
6
-44
-3
2
51
127
146
41
-100
-38
35
34
22
-1
-9
49
81
58
74
25
-24
-51
-64
-44
-64
-75
-45
-69
-42
-14
-30
-40
-66
-36
-35
-17
35
16
-28
43
75
9
42
90
52
-45
-82
10
39
44
82
27
26
32
15
57
36
-35
7
88
15
-26
-4
-87
-47
-5
-44
10
-32
-73
-49
-87
-31
20
-31
19
-15
-113
-53
16
66
75
20
33
13
-2
8
-42
54
54
-11
37
10
76
94
-14
10
-2
-74
-14
-3
33
112
28
-13
59
76
-34
-46
31
-4
-39
-17
21
34
-13
-48
-26
-55
-54
-14
-8
28
9
-3
16
27
43
34
-4
-100
-95
-54
-9
37
-15
24
56
23
-32
-62
-10
-65
-61
34
