24
-1
35
-6
-44
2
-34
-3
-13
36
41
51
61
-38
2
-9
-69
-56
-14
-66
-120
-1
-7
-15
24
-26
28
27
-39
-52
-26
-5
11
25
30
24
-29
-16
40
44
-23
-27
-1
-40
9
46
-2
-10
-21
-8
20
-18
3
84
78
66
71
23
-1
27
-2
-51
-2
-35
2
107
47
42
61
36
29
36
18
-6
4
21
-17
-44
-20
-72
-58
9
7
-31
14
23
-22
35
-39
-76
-27
-1
66
1
-32
-9
31
76
29
30
43
53
6
-40
-25
-83
5
115
-7
-27
-59
-65
-26
-50
43
47
23
11
-10
-31
-8
7
-44
-29
-42
-23
-17
-87
-43
32
8
17
45
48
8
-1
30
22
28
-13
-6
9
-59
-23
55
46
10
-22
-3
3
-68
-109
-142
11
138
-46
-76
3
30
54
23
44
41
-34
-51
0
9
-12
-10
3
21
0
-16
-44
-79
-5
52
21
32
7
-18
10
7
23
-18
-88
-88
-46
0
-8
-30
-104
-75
-1
-56
-28
30
25
38
56
-3
-12
11
-27
-5
11
93
83
1
59
11
-43
-13
-6
10
-45
-46
4
3
-1
59
105
-33
-52
-12
-32
12
8
14
-5
-56
-41
51
117
61
44
70
92
93
2
-86
-130
-41
85
10
-86
-21
30
-19
-29
1
24
28
12
50
42
-17
-21
3
-1
-25
28
9
-31
13
69
51
-21
32
49
52
71
27
41
12
25
-11
-97
-16
7
-11
-24
0
26
-18
-35
-25
29
-35
-141
-58
-9
-26
0
0
48
78
26
7
8
16
1
-38
8
-38
-71
-44
-70
-18
0
38
-7
-53
59
0
-36
48
67
90
48
8
25
37
-8
-63
-25
-22
-74
-45
-57
-85
-25
-25
21
35
-23
-33
-71
-37
-24
-35
-35
-11
48
19
44
0
-70
-15
6
54
-14
-28
63
-6
-36
-53
14
95
27
30
37
14
23
-22
-55
7
13
16
8
-47
11
-25
-53
40
-40
-46
16
-61
28
67
-19
19
13
30
87
35
-4
8
-1
-27
-15
38
46
-37
-5
-15
-66
50
40
4
11
-22
-59
-24
44
39
86
58
18
47
-1
-31
-71
-55
4
52
115
14
15
51
-17
31
77
14
-55
-8
-17
0
51
18
-13
-76
-78
-46
2
54
-11
-47
-39
-13
47
13
-83
-68
-9
-7
0
-26
-13
26
18
39
21
-2
-56
-70
31
45
47
-5
-29
17
-35
0
33
-24
22
3
-57
-7
-24
-13
43
36
40
32
-26
-71
-10
-43
-68
-1
-10
-3
-68
-24
50
-52
12
49
39
72
-29
0
-20
-73
5
-67
-97
-34
-41
-26
-32
-25
-35
-113
-98
-48
-35
-5
-40
-38
29
43
39
24
36
48
90
59
-11
14
42
46
79
120
76
62
75
24
25
86
64
35
36
44
49
-33
-12
8
-37
22
20
11
48
3
-18
26
59
55
-4
-32
-10
-6
-14
-92
-109
10
84
111
61
-42
13
72
12
52
46
-4
18
-50
-57
-58
-31
3
-11
-23
-65
31
25
-48
-32
7
43
-30
-62
-48
-88
-52
-58
-112
-82
-71
-42
12
55
13
10
116
19
-95
13
29
-24
7
-5
-15
-4
-38
-79
-113
-128
-55
73
57
0
19
41
81
13
-74
-55
-51
10
14
-11
7
-16
17
26
95
80
-95
-75
41
83
63
2
-23
-2
36
22
9
7
-68
-45
38
85
66
30
46
-12
-32
21
63
71
0
-16
-28
-64
-9
-13
-12
78
105
64
110
104
-11
-16
-25
-44
-7
-15
-73
-28
18
-10
39
3
20
75
7
30
78
-9
-96
-51
-57
-136
-99
-43
-28
-30
1
103
82
1
-9
-20
19
10
-81
-56
-11
9
56
36
-16
-31
17
17
90
162
-14
-108
-87
-62
-33
-93
12
98
4
6
52
55
24
-14
-21
-27
5
17
-69
-54
19
17
40
-13
-75
-30
-34
-55
-72
-26
44
8
10
58
52
-12
-46
5
-3
7
12
-8
23
1
-6
-34
-43
-8
15
16
-45
-39
38
89
41
34
63
22
93
113
59
22
-11
59
52
19
8
0
5
-87
-69
-7
-43
6
52
32
-20
3
70
22
24
-4
-94
-40
2
-27
-40
0
8
35
33
-61
28
11
-56
6
-28
-26
12
-22
10
13
-67
-41
5
14
31
54
9
-74
-66
-52
-65
-4
2
34
84
5
-31
-31
-45
7
-1
12
59
0
12
19
-10
-90
-37
60
-27
3
-4
-44
-33
-74
-13
50
26
68
83
32
45
-17
-67
-56
-92
-77
-9
13
58
56
-42
-20
39
4
31
64
19
30
-2
-71
-45
-8
-6
-41
1
-26
-37
-19
-78
33
8
-61
-15
-45
-47
-45
-16
31
0
-27
1
-7
51
79
21
19
24
29
31
16
-18
-19
-36
-33
16
-17
14
63
28
32
25
26
103
118
72
81
24
-39
-54
-118
-47
2
-50
-25
-39
7
79
90
84
-8
1
58
26
22
-6
-36
9
44
10
29
88
40
-8
0
-14
7
-38
-52
30
-4
28
52
-30
-34
-14
-8
-57
-37
28
30
84
10
13
84
-27
-30
-10
-89
-86
0
-21
-42
-10
-14
-20
-10
20
15
-28
-87
-52
16
-3
-15
-72
-71
16
-6
-45
-20
8
-35
-75
6
62
53
-7
-81
-80
-75
-136
-141
-92
-121
-41
33
41
123
49
2
11
-36
19
36
16
56
61
55
50
43
70
128
113
36
-2
-2
-47
-100
-34
12
33
74
57
8
-52
14
38
-26
57
60
34
47
28
43
0
-47
18
54
15
61
31
-95
-56
-12
17
125
55
3
-31
-109
-81
-103
-46
34
46
29
8
42
43
-23
-25
-34
-83
-72
-68
-2
23
-4
17
-43
-70
-32
-3
58
81
75
77
66
27
-42
-13
40
-14
-15
-8
-67
-73
-33
52
43
6
74
34
19
6
-36
7
-32
-94
-58
0
59
62
34
38
2
-23
-59
-51
-20
-3
43
3
8
33
-7
10
-64
-127
-38
-23
-48
-23
-36
14
31
-4
52
33
21
38
-27
-27
26
60
25
-4
-14
-25
30
27
17
83
85
10
33
40
4
-3
-37
-4
-37
-12
13
-38
55
52
-9
-38
8
-10
-62
-14
-54
34
13
-73
41
11
29
108
30
-9
31
38
30
2
-83
-42
-37
-96
-65
-65
17
75
24
16
15
50
41
-16
-24
0
-6
-54
-57
-60
1
3
-103
-86
15
106
89
24
18
-12
7
5
-79
-63
-66
-54
2
-34
-72
-17
24
82
134
94
77
16
-47
14
45
25
-12
-52
-38
-1
-16
-58
9
19
16
45
12
114
98
-49
-92
-25
26
-51
-36
13
-2
42
18
74
159
4
33
15
-93
-21
-44
-20
45
26
32
-2
-23
20
9
-8
-39
-23
35
-2
5
10
-8
5
-43
-12
-47
-73
14
42
23
-44
-10
44
13
-7
5
-24
-30
14
14
-23
-71
-27
16
26
5
36
71
51
60
-21
-29
-56
-128
-60
-14
-59
-127
-112
-51
-6
-47
-35
69
79
19
-22
-22
-31
36
26
-97
-41
-2
19
64
15
55
54
29
82
25
18
29
-24
12
0
-7
53
15
5
-3
-41
-13
6
-4
22
89
95
64
61
11
-69
-68
-45
-29
1
20
0
-81
-44
49
2
43
53
11
7
-75
-25
22
-34
-47
-5
9
-12
-18
-4
26
47
94
90
37
-36
-19
118
75
12
39
-25
0
-49
-76
36
-29
-69
23
91
43
-56
-81
-80
-65
-61
-57
-28
-45
-20
45
47
4
-20
-68
-70
21
65
73
64
58
-12
-48
-35
-68
-75
-57
42
50
8
10
21
42
38
27
-3
-1
20
9
5
65
65
58
91
71
89
50
-24
-1
27
-10
-60
-46
2
-1
8
-51
-71
-37
-98
-31
13
-62
-58
-23
14
8
-46
-43
-31
-29
24
70
15
-26
28
21
-51
-8
12
-36
17
48
50
42
6
-39
0
79
2
-42
34
24
-27
-47
-43
-2
16
9
-30
5
12
-17
31
-32
-29
56
62
35
7
25
38
61
10
-98
-76
-14
-17
-9
6
-7
16
41
-4
23
46
26
2
-14
99
129
63
40
27
17
35
20
-14
15
23
20
-16
-74
-17
4
34
71
48
25
15
29
11
8
-19
14
26
-1
-10
-2
43
-29
-112
-51
73
92
65
29
24
56
27
12
-10
12
70
42
18
3
9
-20
-23
4
-32
-8
-54
-124
-58
-26
-37
-23
-15
7
-32
-74
12
56
80
134
58
-1
-27
-60
-11
-8
-33
-68
-65
12
43
31
30
46
24
-6
23
-14
-20
70
61
71
91
-5
-24
-2
6
33
30
55
17
-32
21
12
-72
-106
-78
1
5
-43
-41
-38
-47
-14
16
98
75
-92
10
18
-37
10
-25
46
12
-33
16
-6
11
48
36
30
28
53
131
145
99
88
98
131
57
-18
25
24
24
-18
-72
-65
-64
33
57
-32
25
62
29
30
-68
-72
-32
-79
14
35
24
31
15
85
2
-67
-42
-64
-52
5
9
28
47
-8
-30
-89
-89
-9
36
23
8
12
-4
-19
-13
-36
-21
-4
33
69
-24
-19
-11
-1
5
-50
-56
-74
-56
-82
-62
-31
-56
11
-45
-47
110
30
-65
10
-8
-59
-41
33
58
57
68
28
40
-45
-14
70
-4
40
68
10
30
46
4
-6
-58
-48
6
5
-6
-44
-35
14
4
37
37
4
15
-75
-6
95
0
23
28
-5
27
42
73
73
77
35
-16
32
88
46
-64
-117
-100
-13
-10
-50
2
-44
-47
56
60
37
7
-37
-6
-3
-19
-30
-69
-65
-58
-52
-44
-44
-51
-54
2
51
-7
0
41
-49
-97
-35
-12
-39
-30
-73
-35
-6
3
84
15
-34
59
100
-44
-27
30
-41
-26
-31
-3
0
-72
-36
41
0
-12
-3
-47
-70
-76
-45
-55
-45
-19
3
5
-107
-86
-39
-32
-35
-88
-63
0
26
-51
-59
32
71
46
37
76
98
16
-67
-95
-143
-89
-4
57
71
49
47
-21
-43
19
-8
-62
-14
33
-68
-76
81
57
74
119
16
-5
-57
-136
-102
-87
-59
21
-7
-84
1
33
11
48
-32
-41
-56
-59
51
10
-16
-21
-2
19
-82
-56
3
3
12
0
19
21
-1
-19
-21
25
39
-10
10
-33
-51
16
-90
-132
-2
10
-16
-24
-76
5
41
-24
-34
-27
19
-16
-13
-10
-77
-89
-96
-7
-6
-71
13
34
-15
-25
-24
-26
-30
6
-34
-18
112
124
76
33
-2
-13
5
44
61
29
34
57
11
-71
-70
0
-31
-73
-82
-56
-28
46
97
25
100
124
41
36
-33
13
88
20
54
65
4
-12
29
51
34
23
-9
15
69
69
-4
-39
-29
-60
-42
-90
-152
-82
-102
-81
48
81
37
-91
-75
7
-84
-20
107
82
47
-13
-60
-45
-58
-14
120
53
-60
-33
-79
-87
-55
-79
-53
-83
-61
64
8
9
68
8
-12
-26
-49
-16
83
108
70
92
144
47
-21
90
87
69
28
-46
-26
-65
-99
-53
-27
-24
-10
0
0
18
26
24
8
-50
-33
25
-3
19
34
45
9
-105
-17
92
163
86
13
11
-16
34
66
88
-2
47
73
-46
-43
-40
-8
-54
-69
28
37
-48
-40
48
39
48
66
40
36
10
19
-28
-91
-69
-72
2
20
-6
-2
-13
11
1
56
28
-21
-7
-19
15
17
42
79
131
144
94
104
88
67
15
-33
4
-24
16
-5
-44
9
-45
-42
-32
-35
-52
-112
-25
37
-77
-137
-87
-82
-94
-55
40
58
40
86
39
16
18
-23
36
131
43
-29
20
36
61
43
10
-9
7
61
-23
-80
7
-20
-48
-74
-120
-17
-16
-11
80
-3
-84
-68
-9
79
27
-8
55
13
0
34
-26
-12
35
-4
88
83
-35
24
-54
-89
-81
-106
22
-11
-24
43
12
-51
-62
48
51
-35
-40
-60
-5
-13
-110
81
148
8
2
13
57
57
22
-7
-20
56
-3
-11
85
-26
11
7
-47
59
-9
-29
-53
-107
-47
-1
0
-50
0
39
-1
31
65
24
-9
35
40
30
11
-46
-20
17
-1
7
18
-62
-61
-10
8
52
34
-4
-14
-59
-105
-92
-72
-6
58
85
61
50
46
57
109
4
-38
30
36
13
-11
-25
-25
60
75
-22
-10
6
-14
7
-21
-26
-59
-98
-108
-48
103
32
-3
36
-51
-22
-23
-65
-51
23
26
-40
-10
-20
-10
10
27
3
-27
-15
-103
-111
-77
-74
-26
-94
-149
-77
-73
6
59
-22
0
75
65
77
134
14
-11
54
29
4
-65
-27
-5
43
71
3
-24
-69
-50
-71
-9
16
-46
7
0
58
69
-55
-49
-23
-38
-21
21
46
-32
-33
8
-12
-13
-25
-17
-13
68
87
23
43
-2
-32
21
24
-37
-92
-42
-19
-4
69
33
3
79
53
-3
43
57
43
-26
-52
6
11
63
101
25
7
20
30
38
-2
4
2
-35
-51
-45
-11
0
44
90
20
-48
-92
-67
-43
-95
-16
59
20
-21
-62
7
0
-121
18
35
-39
25
-8
73
48
-23
71
51
61
88
55
26
40
34
68
79
8
-20
-95
-25
14
-3
14
-19
48
52
16
13
-21
-37
-28
-53
-38
47
13
29
74
9
63
47
-7
17
-37
-45
-47
-54
-5
-55
-100
-20
-45
-56
9
-33
-56
-10
-27
-39
-21
-17
-8
4
4
-16
56
80
17
38
60
83
79
75
88
29
70
98
-18
-77
-29
-27
-110
-149
-124
-75
-110
-154
-110
-41
-25
20
49
-50
-13
109
66
-27
0
37
75
110
91
117
87
9
-2
-31
-14
10
-19
56
32
-27
31
-11
-28
-10
-13
17
3
13
34
-47
3
60
44
64
53
127
134
119
169
186
125
82
119
31
-4
0
-71
-12
47
24
67
97
17
-36
-42
-47
-21
50
96
35
-16
23
13
34
107
22
-10
6
41
96
115
89
16
-15
-93
-46
1
-45
-14
24
81
17
-76
-61
-127
-165
-133
-150
-108
-57
-172
-208
-107
-68
-17
-56
-97
-13
23
-72
-113
-129
-183
-88
-71
-60
38
68
112
105
68
84
81
32
-73
-58
-61
-195
-185
-124
-98
-154
-129
-45
-84
-60
-130
-183
-228
-329
-293
-259
-172
-129
-79
92
158
209
239
145
87
130
80
16
-46
-83
-20
35
148
152
61
62
24
-28
-94
-219
-270
-308
-293
-294
-262
-110
-79
5
89
131
192
157
148
229
328
313
345
375
330
402
487
478
388
342
289
201
86
-85
-113
-119
-93
-30
-86
-172
-214
-156
-160
-249
-319
-280
-136
-84
-41
90
221
369
491
514
556
578
562
550
446
309
190
163
138
90
105
142
129
74
98
33
-82
-120
-155
-201
-214
-148
-125
-113
-55
89
247
347
393
397
508
534
455
420
421
399
346
328
322
368
306
134
-77
-264
-336
-500
-701
-805
-815
-813
-703
-517
-313
-125
-39
75
52
-3
-44
-79
-59
-110
15
273
580
973
1353
1602
1727
1726
1238
439
-548
-1589
-2327
-2992
-3397
-3561
-3563
-3122
-2537
-1891
-1301
-922
-670
-721
-1007
-1456
-1770
-1805
-1672
-1165
-387
581
1776
2929
3791
4414
4554
4054
3135
1774
255
-1110
-2229
-2895
-3066
-2950
-2484
-1689
-865
49
731
873
615
46
-535
-1093
-1516
-1443
-1021
-361
564
1563
2622
3646
4296
4352
3843
2824
1503
328
-663
-1469
-1856
-1921
-1639
-1100
-486
211
698
861
703
202
-397
-912
-1092
-920
-374
483
1329
2276
3175
3918
4460
4502
4047
3151
2078
1092
360
-82
-259
-114
164
544
945
1213
1321
1161
664
-243
-1157
-1785
-2270
-2403
-2221
-1784
-1108
-362
437
1100
1615
1919
1847
1546
1142
764
464
223
123
77
177
521
942
1385
1746
1901
1760
1332
920
438
-274
-1192
-2431
-3724
-4892
-5734
-6005
-6041
-6088
-6128
-6007
-5660
-5122
-4416
-3810
-3345
-3213
-3375
-3412
-3300
-2666
-1699
-769
285
1127
1902
2814
3633
4097
3942
3123
1565
-264
-1913
-3414
-4467
-4999
-5259
-5193
-4775
-3826
-2406
-868
472
1246
1479
1440
1339
1333
1553
1997
2495
3058
3863
4800
5696
6488
6860
6495
5329
3602
1624
-211
-1617
-2677
-3324
-3509
-3233
-2451
-1282
139
1364
2145
2385
1982
1370
704
72
-165
36
565
1420
2588
3868
4949
5659
5915
5485
4311
2706
963
-698
-2040
-2836
-3104
-2822
-1925
-732
378
1334
2004
2243
2001
1248
355
-560
-1387
-1871
-1885
-1483
-739
353
1338
2097
2722
2926
2688
2111
1345
595
-124
-528
-548
-331
220
845
1366
1816
1940
1566
871
30
-928
-1756
-2163
-2265
-2043
-1477
-716
273
1141
1740
2036
1617
559
-787
-2073
-2851
-3045
-2691
-1858
-686
651
1903
3043
3919
4083
3079
830
-2302
-5653
-8371
-9955
-10469
-10187
-9469
-8371
-6766
-4730
-2526
-884
-287
-980
-2735
-4768
-6373
-6880
-6256
-4855
-3157
-1389
582
2784
5111
6805
7150
5845
2891
-749
-3962
-6075
-6962
-6937
-6269
-5159
-3500
-1046
1897
4721
6767
7208
6108
4176
2277
1113
720
1075
1762
2383
3191
4383
5761
6944
7399
6457
4085
1004
-1953
-3996
-4835
-4636
-3710
-2422
-722
1489
4038
6421
8045
8384
7177
4994
2506
326
-1111
-1929
-2170
-1847
-896
900
3173
5208
6499
6670
5585
3557
1200
-948
-2521
-3437
-3776
-3303
-1861
327
2870
5179
6586
6842
6029
4437
2591
632
-1278
-2947
-4243
-4761
-4318
-2997
-1143
591
1744
2304
2368
1914
1298
511
-524
-1452
-2199
-2442
-1952
-967
108
965
1347
1278
898
250
-435
-1253
-2095
-2653
-2890
-2646
-1875
-891
25
838
1380
1561
1459
873
-273
-1761
-3189
-4136
-4326
-3601
-2308
-824
726
2186
3420
4210
4090
2564
-418
-4484
-8546
-11473
-12811
-12565
-11413
-9941
-8299
-6239
-3531
-714
1395
2019
790
-1547
-3997
-5607
-5598
-4391
-2745
-1165
74
1353
2994
4758
5830
5199
2530
-1619
-5801
-8632
-9504
-8576
-6708
-4558
-2385
100
3271
6679
9513
10885
10095
7578
4629
2325
1560
2216
3291
4284
4950
5423
6065
6808
7178
6367
3964
313
-3616
-6502
-7472
-6427
-3874
-844
2112
5010
7729
10292
12232
12658
11136
7905
3820
71
-2284
-3027
-2590
-1641
-667
126
880
1979
3232
4083
3781
2063
-419
-2694
-3901
-3967
-2977
-1590
-436
708
1945
3497
5172
6350
6386
4960
2535
40
-1873
-2920
-3366
-3799
-4269
-4736
-4729
-3939
-2798
-1589
-737
-626
-861
-892
-548
143
842
1226
1195
891
734
871
965
823
85
-1181
-2282
-3075
-3522
-3539
-3341
-3145
-2738
-2105
-1256
-258
310
474
239
-137
-281
-453
-755
-1343
-2174
-2851
-2911
-2253
-954
658
2029
3141
4063
4804
5154
4618
2758
-644
-5037
-9166
-11915
-12732
-12041
-10591
-8752
-6787
-4460
-1622
1086
2737
2546
446
-2608
-5372
-6717
-6273
-4555
-2373
-503
1064
2743
4599
6263
6897
5586
2339
-1921
-5753
-7877
-8028
-6673
-4742
-2819
-961
1136
3773
6476
8406
8777
7426
4972
2533
1421
1801
3113
4607
5325
5409
5421
5514
5578
4998
3390
646
-2802
-5572
-6616
-5656
-2946
471
3628
6191
8227
9958
11050
11035
9321
5927
1900
-1879
-4099
-4280
-3094
-983
1189
2785
3982
4769
4840
3925
1744
-1491
-4803
-7134
-7700
-6257
-3483
-198
2879
5267
6895
7690
7570
6264
3684
376
-2884
-5256
-6174
-5690
-4262
-2600
-1134
46
852
1219
1017
144
-1407
-3308
-4913
-5692
-5397
-4047
-2091
-168
1480
2776
3667
3997
3561
2379
631
-1510
-3599
-5064
-5722
-5460
-4485
-3167
-1740
-420
628
1437
1872
1789
1217
86
-1303
-2597
-3389
-3431
-2806
-1812
-948
-301
-9
-14
-5
25
132
76
-207
-376
-180
598
1894
3094
3561
2736
566
-2056
-4423
-5746
-6148
-6326
-6391
-6562
-6310
-5224
-3370
-1524
-625
-1029
-2710
-4510
-5543
-5245
-3690
-1973
-556
555
1761
3638
6043
8201
9110
7923
4895
1226
-1902
-3862
-4759
-5074
-5357
-5428
-4582
-2572
524
3828
6096
6752
5827
4316
3169
2814
3155
3573
3830
3833
4158
5158
6510
7687
7826
6606
4333
1618
-715
-2158
-2884
-3070
-2901
-2378
-1185
653
2863
4800
5894
5819
4757
3356
1931
891
418
184
88
297
744
1266
1636
1432
574
-880
-2408
-3364
-3756
-3472
-2714
-1688
-557
431
1395
1998
2158
1854
879
-207
-1135
-1836
-2148
-2255
-2146
-1836
-1432
-978
-536
-187
-241
-693
-1358
-2277
-3012
-3335
-3395
-3120
-2496
-1516
-396
704
1678
2315
2348
1763
868
-200
-1130
-1904
-2498
-2796
-2870
-2712
-2373
-1633
-836
-197
243
258
133
18
-135
-423
-754
-1063
-1128
-841
-401
263
837
1021
862
438
227
390
722
1309
2108
3122
4083
4790
5181
4763
3372
895
-2312
-5211
-7259
-8282
-8268
-7614
-6750
-5574
-4121
-2598
-1333
-826
-1242
-2434
-3818
-4846
-4915
-3820
-1873
436
2626
4760
6783
8424
9251
8717
6537
3090
-857
-4438
-6873
-8152
-8265
-7474
-6103
-4062
-1571
1011
3399
5047
5436
4870
3826
3069
3192
3896
4865
5801
6571
7272
7904
8129
7538
5935
3304
7
-3242
-5614
-6781
-6866
-6095
-4616
-2606
-291
2193
4308
5585
5740
4779
3292
1796
817
518
778
1344
1978
2692
3299
3632
3372
2249
267
-2250
-4616
-6250
-6736
-6133
-4774
-2861
-856
1051
2659
3721
4105
3415
1863
-31
-1697
-2707
-2863
-2182
-1144
-63
815
1477
1719
1288
390
-1109
-3025
-4948
-6378
-6795
-6317
-5031
-3194
-1162
823
2508
3804
4628
4800
4151
2804
1179
-393
-1712
-2434
-2593
-2404
-1922
-1297
-565
102
599
858
628
27
-701
-1462
-1991
-2059
-1740
-1049
-166
825
2017
3125
3907
4154
3823
3016
2054
1209
543
344
484
903
1718
2676
3541
4004
3714
2506
504
-1972
-4331
-6230
-7552
-8073
-8043
-7389
-5946
-4137
-2381
-993
-352
-591
-1543
-2821
-3831
-4084
-3544
-2410
-757
1239
3390
5320
6633
6946
5937
3776
865
-2349
-5197
-7199
-8344
-8494
-7648
-6002
-3839
-1328
1208
3168
4477
4995
4771
4501
4295
4228
4454
4815
5470
6312
6996
7201
6839
5681
3616
968
-1905
-4496
-6490
-7557
-7551
-6772
-5203
-2871
-337
2076
4024
5267
5785
5492
4826
3989
3092
2370
1903
1714
1620
1695
1735
1372
693
-386
-1968
-3698
-5245
-6182
-6241
-5372
-3553
-1494
555
2594
4175
5159
5235
4492
3278
1725
286
-747
-1184
-918
-515
-230
-102
-300
-616
-1117
-1833
-2732
-3756
-4423
-4649
-4266
-3151
-1701
-122
1378
2615
3546
4065
4125
3666
2700
1415
-43
-1310
-2108
-2407
-2392
-2263
-1912
-1390
-762
-170
302
554
559
438
229
241
341
485
695
833
1111
1620
2214
2664
2800
2486
1913
1285
875
809
946
1163
1445
2004
2712
3551
4270
4320
3502
1849
-465
-2897
-4778
-5983
-6726
-7273
-7450
-7137
-6319
-5078
-3950
-3373
-3618
-4417
-5098
-5312
-4794
-3522
-1878
-122
1522
3028
4474
5627
5860
4957
3099
293
-2560
-4821
-6368
-6983
-7001
-6666
-5972
-4775
-3072
-1106
642
1954
2698
2908
3182
3743
4637
5831
6872
7616
8026
7997
7688
6891
5411
3411
1023
-1503
-3836
-5546
-6312
-6244
-5501
-4357
-2927
-1336
215
1865
3245
4285
4953
5061
4912
4577
4267
4014
3684
3154
2334
1445
423
-543
-1382
-2216
-2892
-3607
-4226
-4430
-4075
-3146
-1859
-323
1041
2050
2831
3356
3634
3537
3221
2699
2072
1469
1005
859
678
448
43
-633
-1281
-2040
-2749
-3259
-3765
-4047
-3954
-3548
-2896
-1953
-864
53
772
1282
1656
1912
2014
1901
1546
1192
793
318
-55
-368
-629
-902
-1232
-1441
-1478
-1451
-1472
-1416
-1344
-1170
-659
-166
375
983
1386
1709
1920
2164
2470
2590
2636
2632
2519
2558
2539
2437
2317
1818
1190
603
295
398
758
1255
1520
1481
1059
167
-1045
-2482
-4004
-5483
-6953
-8041
-8206
-7563
-6337
-4983
-3934
-3398
-3321
-3250
-3233
-3139
-2822
-2503
-2029
-1310
-316
899
1996
2699
2753
2102
932
-344
-1234
-1796
-2244
-2646
-2969
-2996
-2602
-1974
-1143
-230
364
860
1381
2087
3159
4352
5521
6397
6784
6779
6647
6225
5433
4205
2548
871
-729
-1927
-2661
-3119
-3325
-3357
-3177
-2681
-1868
-767
508
1701
2896
3996
4891
5550
5760
5525
4668
3354
2091
998
317
-137
-522
-654
-736
-765
-827
-1093
-1532
-2173
-2727
-2802
-2170
-947
499
1980
3225
4001
4211
3880
3248
2350
1128
-156
-1190
-1748
-1744
-1528
-1324
-1325
-1726
-2321
-2951
-3543
-4033
-4410
-4621
-4580
-4044
-2943
-1527
-62
1309
2379
3063
3555
3730
3613
3134
2192
1196
111
-809
-1292
-1731
-2186
-2547
-2762
-2763
-2526
-2192
-1743
-1213
-775
-166
647
1621
2633
3385
3924
4168
4140
4142
4115
3822
3169
2205
1083
67
-706
-1189
-1387
-1406
-1407
-1231
-647
215
1009
1448
1457
729
-455
-1746
-2866
-3617
-4316
-4986
-5552
-5685
-5257
-4505
-3859
-3824
-4296
-5051
-5817
-6214
-6039
-5325
-4252
-2997
-1595
-67
1604
3313
4458
4859
4437
3354
2452
1793
1257
906
289
-602
-1445
-2205
-2544
-2642
-2807
-2730
-2538
-1978
-864
742
2819
4694
6125
6949
7123
7122
6987
6604
5751
4380
2841
1378
170
-721
-1383
-1893
-2417
-2996
-3241
-2836
-1950
-643
849
2032
2917
3598
4050
4400
4485
4154
3582
2753
2139
2034
2190
2496
2550
2130
1278
210
-871
-1910
-2686
-3153
-3328
-3179
-2591
-1414
-30
1089
1714
1655
1275
882
553
550
707
934
1193
1138
922
618
-73
-1070
-2474
-4092
-5436
-6262
-6244
-5582
-4674
-3582
-2430
-1338
-341
577
1392
1882
2136
2277
2318
2388
2366
2157
1729
1016
53
-1012
-1813
-2373
-2715
-2818
-2780
-2391
-1884
-1201
-405
424
1481
2310
3027
3681
4090
4378
4260
3832
3225
2402
1616
855
121
-440
-870
-1205
-1512
-1847
-2095
-2126
-1903
-1430
-658
301
1179
1910
2340
2160
1385
260
-1274
-3053
-4628
-5989
-6771
-6797
-6461
-5921
-5599
-5506
-5605
-5826
-5803
-5686
-5125
-4038
-2478
-458
1599
3654
5350
6521
6988
6527
5567
4426
3175
1878
740
-373
-1572
-2605
-3443
-4079
-4386
-4471
-4190
-3333
-1963
-214
1598
3424
5043
6205
6875
7034
6957
6707
6206
5502
4631
3625
2528
1300
-64
-1403
-2601
-3549
-4120
-4270
-3929
-3082
-1897
-489
812
1769
2604
3148
3326
3299
3050
2879
2770
2789
3068
3264
3375
3250
2665
1807
590
-894
-2391
-3655
-4485
-4890
-4738
-3970
-2611
-1162
-22
855
1337
1559
1698
1632
1493
1295
1040
895
592
229
-279
-1021
-1921
-3087
-4172
-4945
-5115
-4702
-3972
-3022
-2100
-1265
-357
531
1333
1953
2312
2562
2593
2541
2639
2764
2678
2281
1539
394
-679
-1435
-2024
-2314
-2375
-2359
-2051
-1508
-688
471
1663
2615
3095
3325
3491
3664
3807
3721
3372
2597
1663
755
-179
-948
-1698
-2473
-3131
-3597
-3562
-2984
-2030
-811
449
1677
2785
3738
4464
4616
3929
2358
308
-1775
-3508
-4824
-6013
-7023
-7745
-7840
-7484
-7176
-6873
-6838
-6944
-6844
-6364
-5175
-3203
-702
1708
3450
4520
5189
5572
5590
5124
4207
2860
1545
639
130
-133
-688
-1700
-2951
-4189
-5083
-5189
-4276
-2745
-1077
525
1839
3010
4379
5572
6267
6332
5790
5268
5065
4913
4721
4340
3443
2132
625
-891
-1863
-2258
-2453
-2601
-2805
-2689
-2146
-1260
-213
677
1457
1907
2152
2435
2597
2656
2525
2163
1691
1301
1271
1513
1887
2114
1699
825
-172
-1138
-1708
-2017
-2166
-1977
-1437
-470
529
1259
1458
1062
419
-457
-1286
-1527
-1313
-822
-337
-298
-498
-796
-1142
-1584
-2196
-2709
-2970
-2777
-2117
-1227
-302
428
828
941
875
760
837
1072
1318
1425
1196
813
485
233
-78
-487
-1011
-1518
-1753
-1725
-1355
-838
-305
420
1042
1450
1753
2116
2578
2692
2542
2255
1892
1592
1239
933
479
-286
-1079
-1899
-2576
-2834
-2818
-2398
-1570
-591
541
1534
2233
2781
3087
3082
2893
2627
2271
2000
1554
545
-780
-2332
-3764
-4933
-6164
-7064
-7442
-7273
-6634
-5841
-4987
-4243
-3602
-3153
-2830
-2253
-1369
-300
859
1774
2136
2189
2157
2136
2116
2063
2011
1772
1594
1399
1005
566
-47
-724
-1334
-1670
-1626
-1179
-218
768
1297
1212
781
460
307
485
1009
1679
2457
3206
3630
3683
3606
3175
2431
1663
893
580
704
1035
1555
1712
1397
949
487
164
32
35
74
-44
-317
-777
-1219
-1506
-1601
-1360
-950
-211
668
1568
2568
3026
2905
2439
1689
1216
1124
1247
1661
1913
1902
1650
877
-187
-1235
-2076
-2710
-2968
-2852
-2529
-2097
-1850
-1788
-1968
-2411
-2615
-2337
-1731
-815
121
961
1687
2086
2139
1932
1637
1327
1110
886
638
448
271
63
-434
-950
-1277
-1505
-1563
-1576
-1519
-1398
-1259
-1078
-834
-502
-34
592
1170
1540
1743
1760
1625
1511
1391
1379
1465
1587
1725
1614
1242
593
-216
-1055
-1727
-1973
-1888
-1498
-808
-21
634
988
1140
1143
1007
985
1008
1268
1652
1747
1519
702
-509
-1765
-2766
-3408
-3946
-4302
-4318
-4108
-3857
-3738
-3982
-4484
-4907
-5178
-5200
-4678
-3627
-2461
-1374
-532
-96
203
539
1068
1841
2537
3177
3697
3928
3965
3714
3104
2215
1292
519
-61
-291
-460
-737
-1078
-1573
-2118
-2515
-2470
-1996
-1251
-415
322
988
1566
2042
2394
2589
2800
3166
3567
3895
4139
4166
3777
3090
2235
1364
749
348
217
271
188
-95
-632
-1328
-1947
-2453
-2753
-2541
-2050
-1416
-536
161
795
1409
1749
1922
1930
1966
2021
2078
2145
2141
2180
2163
2029
1638
1033
413
-249
-870
-1396
-1891
-2389
-2694
-2906
-3110
-2963
-2635
-2479
-2355
-2203
-2009
-1575
-1095
-623
-7
593
1070
1371
1697
1935
1968
1841
1494
1370
1270
1215
1269
1076
795
198
-517
-1119
-1568
-1737
-1773
-1706
-1597
-1218
-776
-510
-294
-77
221
460
753
1119
1375
1646
1764
1655
1628
1645
1690
1631
1385
1032
540
148
-226
-724
-970
-939
-788
-434
17
505
846
785
449
152
5
-24
-78
-335
-730
-1229
-1791
-2332
-2880
-3396
-3887
-4319
-4605
-4674
-4506
-4203
-3981
-4020
-4110
-3918
-3410
-2636
-1672
-781
-115
365
591
841
1261
1595
1960
2189
2288
2449
2579
2653
2414
1787
1064
350
-174
-223
-30
142
214
92
-73
-155
-95
174
469
871
1246
1410
1568
1664
1814
1871
1781
1697
1562
1581
1761
1929
2100
2256
2319
2261
2054
1919
1959
1902
1729
1380
802
147
-448
-895
-1178
-1204
-1160
-1184
-1179
-1111
-1030
-916
-867
-943
-958
-928
-534
283
1350
2560
3251
3119
2499
1651
1017
817
781
799
611
196
-349
-1089
-1788
-2430
-3057
-3620
-3919
-3647
-2919
-2076
-1443
-1234
-1306
-1424
-1354
-813
0
770
1301
1496
1500
1481
1608
1704
1566
1311
840
241
-56
-144
-222
-244
-404
-734
-968
-975
-736
-397
-189
-115
-178
-199
-51
157
515
765
818
715
611
650
634
662
530
228
-14
-15
535
1263
1866
2358
2478
2189
1699
1295
1099
871
554
289
75
-196
-508
-934
-1509
-2343
-3357
-4188
-4638
-4482
-4034
-3654
-3342
-3070
-2922
-2844
-2793
-2785
-2704
-2775
-2804
-2475
-1853
-978
-282
82
234
102
66
452
1058
1651
1957
1810
1574
1392
1403
1665
1915
2071
2000
1705
1307
986
908
776
421
-15
-332
-260
-33
209
326
31
-332
-538
-413
223
1110
1879
2143
2061
1797
1560
1748
2139
2496
2610
2353
2056
1962
2071
2119
1858
1318
520
-177
-550
-728
-689
-734
-966
-1174
-1306
-1124
-837
-660
-548
-777
-944
-677
-85
927
1791
1936
1577
1016
587
434
592
972
1067
691
56
-551
-942
-1128
-1153
-1144
-1113
-1177
-1218
-1136
-1135
-1201
-1372
-1566
-1697
-1569
-1161
-787
-444
-361
-589
-705
-634
-314
275
816
1082
1013
690
388
445
686
834
968
1025
930
832
849
972
1054
853
447
7
-352
-577
-608
-593
-725
-907
-1111
-1094
-864
-609
-291
-124
-64
149
643
1369
2019
2492
2523
2135
1926
1842
1872
2053
1923
1488
837
256
17
-171
-404
-981
-1881
-2726
-3404
-3572
-3283
-2878
-2600
-2873
-3415
-3733
-3836
-3554
-3219
-3214
-3435
-3534
-3133
-2366
-1448
-759
-485
-596
-885
-688
138
1245
2229
2570
2408
2114
1917
2186
2567
2681
2325
1521
729
293
352
617
678
390
-119
-763
-1180
-1162
-936
-618
-449
-489
-435
11
665
1136
1411
1408
1198
1143
1388
1987
2635
2976
2883
2406
1840
1465
1426
1542
1478
1087
543
-34
-413
-573
-518
-289
-163
-214
-437
-433
-280
-221
-72
-38
-158
-168
72
482
693
622
174
-461
-862
-934
-543
-1
349
458
321
84
-143
-185
5
144
96
-97
-189
-164
-107
-16
-97
-331
-831
-1335
-1493
-1475
-1460
-1494
-1450
-1354
-1138
-791
-367
37
243
273
272
438
881
1497
1995
2302
2305
1945
1440
1075
897
825
625
284
80
-202
-430
-555
-740
-891
-1072
-1347
-1515
-1491
-1296
-800
-298
-79
99
246
395
816
1192
1454
1527
1242
1092
1111
1234
1478
1519
1332
812
52
-458
-639
-555
-439
-570
-964
-1473
-1835
-2065
-2143
-2138
-2438
-2995
-3494
-3742
-3551
-3076
-2770
-2743
-2988
-3359
-3338
-2797
-2035
-1227
-662
-497
-431
-327
114
965
1580
1934
1950
1656
1570
1620
1862
2126
1940
1541
1270
1177
1236
1383
1370
1036
510
20
-163
-7
432
801
772
531
174
-143
-49
384
872
1151
997
773
684
734
1029
1411
1558
1369
1179
1072
1102
1290
1339
1262
1033
727
517
459
607
757
706
467
177
-23
75
326
353
22
-609
-1298
-1695
-1412
-646
48
200
-255
-785
-1157
-1020
-363
325
827
752
331
-23
-148
164
498
579
379
0
-258
-348
-387
-585
-948
-1484
-1967
-1908
-1377
-746
-435
-618
-1020
-1347
-1327
-863
-138
448
627
394
50
-9
300
873
1311
1356
1125
902
751
725
910
982
851
535
157
101
98
130
312
163
-14
-70
-64
128
190
90
-215
-612
-764
-556
-91
472
891
880
562
239
16
72
317
597
717
409
116
-139
-285
-47
60
-89
-439
-1045
-1640
-1983
-2012
-1975
-2168
-2482
-2811
-3037
-3004
-2729
-2481
-2539
-2862
-3185
-3209
-2787
-2038
-1319
-781
-703
-954
-949
-593
36
641
1108
1300
1168
1251
1669
2187
2502
2411
2014
1634
1450
1465
1808
2170
2192
1972
1629
1371
1347
1379
1361
1158
695
288
109
282
605
802
735
339
-44
-217
-71
204
369
429
279
74
101
428
990
1530
1697
1523
1313
1058
902
850
798
845
660
462
430
398
404
276
-66
-661
-1123
-1162
-889
-411
-97
-87
-351
-775
-1030
-931
-548
-193
-3
-172
-553
-637
-401
53
373
347
115
-295
-592
-648
-471
-163
-21
-99
-281
-472
-461
-385
-548
-938
-1311
-1502
-1408
-963
-546
-334
-378
-681
-995
-1045
-640
-87
282
289
94
-8
43
546
1218
1719
1839
1449
990
700
688
919
1082
909
593
396
351
467
568
319
-279
-785
-946
-825
-440
94
394
337
3
-260
-193
85
440
726
718
446
205
121
327
475
348
3
-587
-970
-1058
-995
-892
-1018
-1204
-1363
-1589
-1649
-1546
-1492
-1568
-1976
-2407
-2405
-2220
-2008
-1847
-1857
-1945
-2123
-2160
-1982
-1676
-1297
-1057
-947
-759
-319
241
787
1139
1265
1306
1303
1412
1695
2058
2334
2411
2255
2051
2051
2171
2225
2133
1849
1365
918
691
643
767
866
725
363
-5
-195
-226
-63
85
223
388
337
339
396
483
592
471
437
519
594
752
841
836
779
720
604
482
555
658
626
449
122
-217
-459
-510
-362
-172
19
-39
-446
-785
-918
-881
-662
-384
-151
-24
-112
-281
-347
-279
-75
136
264
396
551
567
460
313
61
-197
-250
-197
-192
-224
-418
-707
-904
-1049
-1075
-987
-898
-883
-984
-1088
-1077
-922
-624
-385
-217
-52
45
174
246
325
526
594
677
946
1150
1329
1272
996
794
590
524
543
640
688
466
212
55
-104
-152
-132
-235
-273
-332
-373
-275
-381
-538
-531
-556
-598
-568
-503
-477
-499
-623
-659
-605
-626
-471
-327
-286
-227
-203
-127
-75
-40
-48
-175
-401
-594
-593
-561
-644
-714
-835
-1189
-1475
-1556
-1649
-1703
-1728
-1650
-1612
-1693
-1624
-1445
-1215
-995
-839
-680
-555
-341
61
438
756
907
930
998
1043
1112
1313
1577
1757
1796
1769
1730
1669
1772
1890
1749
1591
1286
940
810
695
713
598
288
13
-206
-238
-150
-30
-7
-68
-211
-318
-180
90
462
614
432
374
402
483
709
810
840
840
590
402
426
494
643
605
398
147
20
111
236
415
211
-269
-436
-417
-291
-21
207
378
302
-4
-56
121
316
450
395
215
26
-44
60
160
128
11
-245
-571
-791
-735
-546
-466
-542
-828
-1111
-1209
-1144
-1050
-920
-851
-973
-1055
-1039
-873
-629
-458
-327
-267
-207
-8
242
418
582
645
550
575
731
946
1249
1406
1431
1366
1102
783
625
648
659
544
304
273
256
126
87
-173
-469
-699
-893
-933
-872
-804
-790
-811
-914
-971
-878
-711
-613
-643
-722
-745
-741
-664
-467
-270
-121
-82
-157
-279
-270
-75
-6
-60
-188
-346
-400
-298
-164
-263
-417
-668
-951
-1019
-962
-870
-839
-954
-1210
-1458
-1538
-1338
-1100
-927
-767
-753
-724
-564
-186
294
539
701
915
979
993
1070
1278
1452
1485
1573
1550
1548
1647
1622
1525
1282
978
796
540
457
687
756
653
512
234
48
103
196
264
231
92
-31
-97
-50
111
296
366
206
18
-56
-38
76
160
237
195
108
170
349
531
501
398
236
99
165
398
674
673
386
-1
-253
-314
-248
13
213
215
16
-244
-194
11
244
392
343
246
107
34
21
8
-8
-139
-201
-183
-241
-170
-148
-235
-444
-753
-843
-863
-716
-599
-601
-554
-631
-712
-651
-478
-410
-366
-278
-271
-244
-86
156
399
498
491
518
432
400
599
769
816
813
708
492
292
263
251
190
145
-19
-115
-231
-341
-401
-567
-675
-830
-915
-954
-973
-818
-869
-993
-956
-996
-987
-795
-569
-451
-365
-350
-322
-129
-19
234
506
546
576
454
393
393
405
440
352
195
10
-63
-177
-325
-392
-488
-784
-1064
-1090
-1058
-1019
-1054
-1116
-1129
-1138
-1147
-992
-852
-874
-821
-826
-764
-440
-174
40
276
440
538
469
502
624
681
887
1028
1078
1160
1219
1198
1130
1090
929
794
800
733
627
677
714
611
471
318
287
298
314
367
395
399
242
82
73
187
368
504
613
490
312
368
374
365
423
410
405
473
519
492
423
287
92
58
37
30
281
432
504
359
-16
-188
-233
-160
-6
193
267
155
90
68
117
92
85
100
-14
20
104
168
104
-115
-321
-529
-611
-601
-534
-469
-484
-658
-890
-894
-874
-901
-781
-618
-596
-672
-620
-456
-363
-308
-249
-263
-233
-60
139
345
479
508
401
277
256
259
329
441
467
379
219
78
-26
-125
-225
-413
-491
-464
-500
-521
-589
-660
-721
-871
-927
-878
-764
-552
-517
-494
-457
-495
-429
-331
-120
66
175
279
215
129
161
182
264
451
490
419
438
435
353
271
108
39
82
61
133
149
133
131
-16
-154
-185
-87
-84
-135
-174
-397
-523
-464
-377
-347
-343
-375
-574
-699
-721
-697
-625
-649
-667
-747
-732
-597
-535
-395
-265
-199
-153
-107
6
97
215
340
346
487
570
636
834
917
981
966
801
667
756
867
976
1027
916
882
821
803
750
688
782
787
707
592
590
630
499
360
306
199
98
29
-116
-125
-53
-73
-144
-309
-408
-369
-269
-119
-30
-46
-36
38
62
38
79
174
135
124
252
351
379
329
254
156
127
96
163
315
358
423
373
265
152
55
-1
-135
-184
-247
-322
-346
-336
-329
-494
-593
-631
-644
-643
-667
-527
-513
-549
-560
-750
-738
-515
-323
-170
-148
-133
-68
-176
-201
-77
-79
-113
-53
83
162
128
80
-35
-161
-286
-387
-264
-147
-123
-6
-118
-349
-376
-388
-276
-157
-86
6
-23
-65
-126
-103
-50
-128
-139
-196
-192
-52
-46
-44
-88
-122
-149
-205
-93
14
5
-86
-219
-194
-183
-198
-126
-69
63
41
-4
11
-54
-8
74
172
220
192
252
300
385
449
445
397
183
159
213
252
326
232
140
-105
-310
-354
-441
-445
-458
-508
-605
-671
-663
-666
-600
-569
-580
-622
-646
-489
-329
-244
-116
-63
5
161
246
334
485
587
539
531
565
655
776
845
915
871
800
700
633
623
618
636
560
527
523
415
386
383
345
275
146
89
68
69
42
30
-37
-48
67
35
96
92
13
111
90
46
167
264
304
312
187
157
210
212
268
236
302
318
240
289
238
210
254
256
228
179
92
58
55
-70
-118
-61
-46
-47
-44
-20
-78
-138
-234
-348
-312
-263
-177
-194
-269
-295
-438
-539
-549
-621
-667
-645
-652
-678
-728
-646
-570
-619
-520
-477
-493
-334
-226
-186
-76
-10
48
67
0
115
259
238
248
197
154
233
263
260
213
142
19
-141
-203
-153
-38
-16
-112
-226
-292
-346
-333
-293
-356
-338
-313
-284
-168
-69
-4
-111
-122
-22
-60
75
175
191
290
236
187
201
229
322
386
345
203
82
47
46
119
174
154
98
-10
-85
-129
-82
-91
-180
-164
-213
-256
-173
-22
110
89
50
50
23
62
138
191
191
206
205
182
199
227
307
320
232
140
154
148
74
93
11
-106
-81
-71
-90
-119
-88
-86
-292
-394
-368
-337
-211
-138
-95
-39
-19
-13
-79
-41
42
40
135
200
298
458
441
368
313
259
278
388
481
553
629
621
468
264
175
127
150
251
223
153
121
118
91
59
22
19
108
74
72
83
129
217
134
97
58
30
95
112
32
-128
-159
-122
-143
-119
-168
-236
-196
-282
-330
-241
-314
-321
-311
-410
-349
-325
-338
-234
-196
-274
-304
-267
-271
-216
-134
-107
-53
11
52
24
9
42
58
20
0
78
85
38
48
46
-25
-108
-124
-66
-113
-201
-178
-205
-271
-281
-284
-289
-299
-268
-173
-136
-97
-107
-141
-109
-72
-33
-9
79
92
146
237
196
168
199
225
148
163
172
174
250
154
89
83
46
43
48
42
-6
-44
-110
-151
-168
-209
-164
-141
-209
-189
-123
-179
-136
-51
-43
73
113
107
115
133
194
258
359
353
402
410
434
495
327
355
376
257
303
289
212
214
214
89
-22
-2
-65
-116
-62
-64
-108
-122
-123
-152
-188
-236
-151
-78
-85
-44
-59
-110
-130
-54
-36
-45
-30
-95
-88
2
126
102
-3
-51
-65
-5
7
-15
-18
-52
-128
-209
-216
-165
-120
-107
-76
-73
-143
-157
-136
-70
-38
-2
103
126
173
189
158
193
144
105
86
64
132
147
131
112
-22
-115
-105
-159
-222
-272
-251
-204
-256
-309
-306
-229
-178
-223
-259
-232
-126
-10
-14
-16
32
50
91
137
224
274
242
217
191
200
132
107
141
133
201
239
167
136
77
-103
-148
-145
-201
-162
-131
-162
-126
-145
-182
-214
-291
-212
-130
-125
-36
10
-32
6
13
69
211
256
194
137
220
210
157
205
210
214
177
137
196
195
213
186
19
42
37
-48
-35
-51
-24
-70
-140
-141
-174
-197
-125
-88
-216
-239
-165
-151
-149
-95
-83
-133
-63
-53
-49
28
109
130
63
32
-30
-38
103
187
157
222
227
190
220
197
212
212
194
181
148
151
206
257
266
258
183
99
104
167
181
164
218
228
193
165
162
208
183
71
24
-38
-61
-13
-67
-72
-73
-120
-187
-272
-202
-190
-256
-213
-281
-297
-219
-247
-290
-291
-247
-225
-230
-190
-105
-71
-99
-114
-138
-162
-98
-3
23
31
26
33
59
-5
-66
9
-22
-72
-9
-4
0
4
-57
-109
-25
1
-59
-106
-168
-127
-64
-98
-109
-55
-22
59
25
-63
-57
-23
25
96
144
100
149
148
63
113
136
107
139
125
57
25
-5
-16
13
4
15
-86
-212
-106
-54
-21
-68
-218
-173
-138
-119
-47
-80
13
31
-69
17
38
96
172
160
190
163
124
155
215
119
136
237
209
224
142
89
97
46
14
10
54
101
80
99
103
12
-61
-90
-44
-14
24
58
-20
-51
-27
-34
20
-10
-41
-12
-28
-12
4
24
-34
-47
-25
-34
-30
-22
-37
-71
-54
-130
-191
-230
-264
-184
-163
-126
-107
-159
-155
-121
-154
-91
39
-26
-52
-16
8
67
78
78
87
49
6
36
34
41
86
0
-40
-2
-16
4
-14
-76
-108
-118
-37
-7
-92
-118
-125
-158
-100
-59
-54
24
78
79
47
22
12
96
153
111
182
137
62
202
177
184
264
142
99
84
49
53
41
42
89
103
55
28
-56
-58
-67
-118
-38
-48
-46
-13
0
61
94
39
3
81
45
33
102
69
33
-6
64
138
105
100
65
11
-8
-29
-51
-41
16
72
29
-9
-16
44
50
-26
27
-46
-73
-49
-93
7
30
-19
-21
17
5
-77
-70
-17
-66
-111
-102
-85
-40
-74
-99
-122
-114
-105
-168
-164
-201
-265
-211
-144
-173
-177
-128
-208
-277
-220
-241
-243
-187
-146
-66
-95
-116
-42
-17
46
13
30
167
49
45
214
202
267
288
152
175
183
138
175
128
137
171
105
66
100
31
-50
11
-5
-41
-88
-115
-71
-89
-87
-131
-140
-71
-51
17
-48
-124
-46
-51
-56
-5
36
30
17
90
131
79
47
82
77
38
57
127
88
27
88
74
40
50
82
42
-41
3
-1
27
61
63
52
-18
57
66
69
74
-37
2
43
17
53
15
29
94
79
81
90
36
-35
-40
-5
66
72
18
-5
-10
65
48
-39
-58
-134
-104
2
-41
13
21
-41
54
21
15
30
-29
-24
-40
14
46
16
5
13
-11
-54
-60
-77
-30
-43
-137
-102
-86
-139
-157
-164
-139
-76
-100
-184
-123
-91
-192
-221
-140
-66
-36
0
-29
-44
27
76
34
-13
80
175
193
183
137
111
87
37
88
169
110
44
72
37
-29
-47
-56
-73
-91
-94
-84
-33
-42
-75
-92
-71
-69
-111
-65
-69
-15
108
132
115
33
-11
61
84
69
103
81
75
70
13
43
49
62
10
-88
-74
-58
-28
56
16
-107
-73
-17
-48
-91
-78
20
-15
-72
1
6
7
24
52
62
30
78
89
87
46
17
102
103
75
51
52
56
8
-90
-117
-52
-29
-3
7
25
-48
-118
-90
-174
-187
-101
-109
-32
53
-16
16
65
-37
-41
-3
-50
-10
42
94
173
140
121
125
14
-24
42
33
5
-16
32
42
17
-3
9
83
17
-31
-30
-22
-37
-37
25
43
9
-7
76
84
43
15
-26
57
68
42
99
112
160
123
85
88
76
95
96
40
-6
118
120
-16
-87
-30
-17
-120
-100
-52
-18
-34
-126
-155
-79
-68
-110
-120
-97
6
55
49
-22
-28
54
40
7
-23
26
153
144
110
89
23
58
54
-9
-4
10
46
7
-6
41
-2
-38
-121
-90
-3
-71
-85
-104
-98
-58
-86
-43
-85
-146
-68
-57
-77
-101
-110
-80
-89
-59
20
29
-7
-59
-92
-74
-54
-42
-61
-62
-25
-12
9
7
38
-22
-108
-56
-56
17
33
7
89
132
77
0
26
13
-11
7
21
78
86
101
91
44
106
36
-71
-107
-19
45
-13
-12
-38
-36
-21
0
-30
-94
-86
-71
-38
-10
-26
-74
-49
14
44
52
35
20
18
3
-87
-60
1
30
155
169
122
53
0
35
51
33
20
30
65
99
65
6
38
30
-10
-28
-55
-9
1
-25
-39
15
40
-14
0
20
17
24
45
12
-24
20
33
23
6
9
100
120
29
50
67
-14
-24
-26
-33
3
59
98
87
77
33
-17
-10
-100
-97
23
18
36
29
15
59
19
24
21
-63
-84
-111
-12
58
22
47
35
85
52
39
85
11
-11
-41
-43
9
29
57
107
113
34
25
-59
-158
-149
-168
-56
-39
-37
63
-54
-56
-61
-170
-135
-204
-178
-81
-127
-77
26
0
-48
-57
-53
3
-97
-136
38
2
-32
34
20
46
60
5
-53
-51
52
50
-102
-98
-10
-55
-16
52
27
32
8
-37
-62
-116
-144
-25
58
12
49
100
111
82
53
57
-40
-61
53
114
105
79
72
79
52
36
26
-53
-36
-4
-43
-16
23
71
28
-28
4
-12
-9
-10
-64
-68
5
39
18
30
12
28
67
39
53
67
42
13
47
106
95
32
46
117
89
57
-42
-133
-37
11
5
-33
-38
13
-90
-80
-116
-160
-68
-149
-101
-37
-57
-37
-147
-158
-64
4
28
-46
-43
-21
65
115
36
11
-29
45
106
42
26
97
147
77
-18
-44
1
9
14
35
82
111
27
26
24
-39
-71
-87
-53
3
78
43
-8
30
31
3
-41
-50
14
30
74
120
17
37
75
14
59
-7
-31
-7
-66
-36
-8
-7
8
61
-14
-107
-42
-17
-25
-56
-85
-41
-59
-15
86
3
-52
-15
-49
-32
19
-26
-40
2
3
119
122
-44
-25
-7
-21
-6
-61
-32
24
8
32
-31
-69
-22
-47
-40
-16
-6
3
30
18
0
-31
-41
0
-38
-17
11
11
37
49
68
15
-62
-97
-42
85
76
17
17
64
72
-9
10
-5
-36
-8
-16
-38
-35
29
-22
-7
57
-28
-60
-61
-51
-34
-51
0
40
10
21
36
27
12
-21
14
27
-22
31
42
3
8
50
130
62
0
12
-33
-5
16
9
41
29
-15
-31
-14
-37
-49
-80
-88
32
3
-73
-71
-104
-134
-31
4
-25
35
-6
0
-16
-21
0
-53
-26
30
29
12
52
41
20
31
-24
-72
-34
-40
-20
0
-48
-4
-35
-11
-45
-99
43
-27
-79
-54
-93
-58
3
87
50
-4
9
-3
30
26
36
74
43
30
33
66
75
123
66
30
113
74
31
-66
-11
62
26
46
59
87
34
0
-17
-35
2
-2
-9
16
44
45
7
-5
35
2
23
18
-42
22
18
40
55
-9
-12
46
81
62
79
6
-63
-13
-8
-23
-36
-28
18
0
-33
-2
-21
-45
-115
-170
-38
54
-13
-23
3
-5
-32
-71
-70
-90
-83
-53
-11
46
6
-48
15
36
-45
-9
62
31
50
53
18
50
50
30
72
34
-33
3
23
-23
-15
14
26
-22
-45
-11
-20
6
-5
14
-5
-68
-67
-150
-87
-12
-23
45
-4
-24
-25
-68
-6
-16
-63
-23
63
37
20
119
40
-5
33
0
32
46
15
-50
-88
49
142
38
0
35
11
-7
-22
-36
-50
-70
-37
45
37
68
83
-14
-59
-46
-8
-61
-41
63
48
16
17
78
43
1
41
-54
-52
12
-52
-42
-9
27
63
23
20
-21
-97
-98
-138
-100
7
-19
14
51
-8
-43
0
55
-72
-112
15
50
50
82
51
5
72
46
-52
-18
52
70
29
-20
27
52
-7
14
35
0
43
23
-7
-13
-62
-23
-15
-19
-5
-12
14
-26
-32
3
-38
3
64
-18
-33
-2
-20
31
29
22
72
-6
-42
-8
-63
-31
24
37
24
5
49
-5
-56
-15
-7
16
-18
-45
0
7
-21
-55
-53
-33
-45
12
80
11
-56
-47
-30
-30
47
24
9
116
83
47
15
-8
-37
-39
9
30
99
92
64
63
-22
-28
11
-29
-14
-19
-6
38
74
43
-45
20
16
-57
-50
-4
29
-27
-28
7
20
50
57
47
-52
-37
28
-6
28
4
-28
32
46
48
69
45
0
-48
-73
-61
-36
-73
-21
16
-22
42
9
-40
-74
-126
-96
-65
-37
1
13
9
20
14
-58
-79
-48
-88
-62
-19
53
80
-9
15
2
27
26
-50
-9
21
79
83
2
46
33
-38
-66
-52
33
39
35
14
5
62
-34
-59
-48
-46
72
22
27
-7
-92
32
13
-65
-46
-22
-21
-54
-7
37
13
43
80
58
6
-25
-12
22
38
8
38
36
74
74
-42
-5
2
29
49
-12
3
19
34
106
136
13
2
62
-2
-19
-74
-40
53
40
74
47
0
15
-54
-55
16
2
26
-7
-3
79
49
27
-36
-81
-48
-5
-23
-74
-11
-2
25
37
-8
0
-11
-14
-56
-25
36
43
47
24
25
58
-2
-80
-46
-16
28
59
44
30
49
-1
-21
-7
-64
0
39
40
5
-47
7
-12
-66
-63
-19
-26
-52
-24
2
20
-19
7
32
7
-10
-84
-34
7
17
22
6
53
-7
-88
-30
37
-38
-82
-4
-13
-19
34
54
31
-62
-82
-13
-15
-16
-27
-72
-66
8
91
-37
-93
-3
28
34
-39
5
4
-31
44
66
70
51
28
43
14
-21
16
-28
-40
42
54
40
2
9
38
33
-17
-8
14
-75
13
83
20
54
22
-45
-14
2
-17
-23
-11
27
73
44
-14
-16
24
45
23
43
27
-14
-23
5
26
-59
-34
32
6
-38
-70
-51
-40
-22
37
6
-59
-12
0
-9
-6
12
5
-38
3
-43
-26
14
-14
75
-28
-29
66
-25
4
-2
37
101
29
52
42
13
0
-27
-32
-69
-31
-3
31
28
-11
-28
-60
-30
-56
-36
0
19
47
43
57
-20
-35
-13
-71
-45
-25
-33
29
37
-5
16
49
16
-9
3
28
11
24
78
44
51
25
-35
-15
-17
-44
-89
-50
38
7
-26
-2
-3
10
-36
1
116
25
-71
-62
-12
16
-4
18
16
-13
-12
-26
-30
-30
-46
4
93
61
24
51
60
23
-52
26
25
-50
-30
-80
-15
33
36
14
-106
-57
-6
-31
13
25
0
47
52
22
13
-44
-33
-75
-47
81
41
-23
-57
-31
-11
-60
0
45
8
26
31
86
79
10
13
-68
-85
-32
-9
48
45
56
48
-65
-91
-51
-45
-44
16
65
92
100
26
-32
-45
-26
-3
-45
-35
42
-16
-30
43
16
-41
0
-7
-41
24
33
30
2
11
48
20
15
-28
-23
21
-34
-76
-15
-30
-88
-1
24
-15
0
13
-34
-21
14
-87
12
73
-6
44
38
-22
-36
-51
-70
41
49
25
34
-17
20
7
-15
6
76
91
10
13
-6
-40
-7
12
4
-19
-27
-11
-22
-34
-37
0
20
-12
8
-16
11
78
36
20
-2
34
72
-22
-21
-22
-17
39
21
68
15
-26
13
-12
-8
-11
57
91
29
42
-17
-38
2
-18
20
-3
-38
-31
-24
6
-8
-68
-48
19
-17
-17
41
15
6
13
-4
29
25
-52
-35
4
0
25
0
0
15
-21
-31
-10
-36
-120
0
77
24
49
-11
-40
10
-10
-78
-61
0
13
-30
-22
45
9
11
15
-119
-56
30
-52
-6
19
13
47
14
6
-35
-62
-3
-17
-12
-19
-53
55
39
-30
17
-57
-4
39
-55
-11
9
8
-3
18
28
-14
-4
1
20
17
10
6
-24
-9
56
42
17
14
34
50
8
-12
-7
29
-21
-15
30
30
-10
-51
-40
-37
26
-13
-34
21
-9
15
0
-62
13
48
-41
18
38
-36
-6
-12
-9
-22
-50
-32
-15
-9
-24
21
41
23
-2
-49
10
45
13
35
29
37
29
-29
-20
12
-5
-52
-12
64
18
-56
-50
-10
16
20
40
65
44
58
40
-75
-70
70
89
1
25
19
-63
-7
5
-48
-42
-51
10
40
2
13
-3
9
1
-14
28
-10
-13
23
60
34
-57
-12
-13
-54
-5
23
3
-13
1
-2
20
33
-46
9
53
-9
-2
28
31
-13
0
-15
-3
1
-17
22
-83
-56
16
-16
17
-38
0
48
-33
-44
-36
3
8
-15
33
37
41
-11
-26
18
-39
-22
35
-3
-7
8
-6
24
-16
-52
25
-10
-69
-36
-41
-6
85
73
-42
-56
23
25
-11
-14
2
4
30
69
17
-44
-45
-13
-19
10
89
18
-28
23
-1
-7
24
36
98
48
-86
6
96
21
-7
-30
-27
37
0
-42
10
10
-5
-62
-68
61
8
-20
17
17
16
1
44
26
-17
-23
-5
0
-1
-6
13
30
11
-11
-38
-34
-37
-29
-2
10
11
-29
-43
-27
21
37
-33
0
50
2
-62
-17
29
21
32
25
0
-38
-1
23
16
-17
24
62
-6
33
64
-6
-54
8
100
85
17
12
57
34
-52
-46
-5
10
-58
-63
-12
-58
33
15
-47
-51
-102
-28
25
12
42
44
20
13
-11
-35
-37
4
15
-42
-53
23
66
7
-50
-4
-18
-42
17
-10
-1
51
49
51
98
96
-34
-80
-38
-7
45
-15
-75
-5
17
39
12
-39
10
11
2
13
-26
-11
7
42
70
21
30
6
2
-28
-63
-17
-29
0
15
-33
-1
32
-39
17
-11
-81
29
-22
-3
-3
-48
31
3
-3
11
-41
-43
-44
-66
17
41
11
39
54
76
-13
-95
-34
25
4
-10
37
-11
21
65
34
36
-62
-47
13
23
85
8
-20
27
40
55
13
14
-5
-24
-26
-7
1
-24
-3
-4
17
34
20
4
-41
-5
54
23
-40
-5
87
18
-49
-74
-112
10
6
-52
-33
-65
14
49
24
7
-82
-57
2
16
33
22
30
21
86
15
-111
-49
-48
29
86
-1
-18
-47
-6
28
3
78
81
26
-8
-8
15
51
72
-30
-23
39
-3
3
-23
-85
0
32
-30
1
0
-25
-8
-3
32
19
-24
-47
-22
26
18
-9
-65
-48
53
-1
-65
-8
-22
-25
-61
-93
-16
10
24
77
74
-31
-21
7
-41
5
41
11
-28
-18
38
-12
-15
79
72
39
-6
-7
-19
-47
-40
18
98
37
38
50
15
44
11
-50
-40
-2
-3
-13
-21
4
22
12
0
-21
-20
-41
-3
10
2
-25
-91
-30
35
19
-37
4
47
-4
14
-17
-72
-29
-21
11
4
0
8
-29
-8
32
30
-49
-35
28
10
-11
-17
40
8
-55
18
51
75
42
-25
-38
-56
20
47
-14
36
48
-27
-2
66
30
-16
28
1
-11
17
-13
-17
-5
35
34
17
20
-1
-52
-18
2
-56
-30
-43
-47
-10
19
63
34
4
-18
-56
-33
-83
-82
1
-9
40
51
76
76
-7
-22
-83
-56
-17
-41
-2
-2
36
68
6
13
51
22
20
-10
-25
-29
-57
26
38
35
70
70
63
-32
-41
2
-78
-46
64
14
-16
-8
-31
4
63
87
77
-15
-21
15
-77
-69
-5
-6
-33
1
58
15
-58
-38
9
-63
-52
54
-42
-127
-19
50
56
59
58
24
-28
-17
0
-65
-60
-28
-35
29
22
44
62
-4
-17
-11
37
-14
-6
59
-36
-1
30
22
41
9
11
28
-11
-71
-16
-28
-29
-14
-79
14
27
16
54
18
22
4
-27
-89
-83
-19
29
39
-15
14
44
36
14
-57
-124
-11
88
-35
-61
17
39
-18
2
49
23
59
-54
-57
31
-37
-36
-31
13
81
38
-2
20
27
-23
-6
1
-17
-6
-5
22
-63
-37
89
10
22
67
4
-6
-35
-57
-30
-13
7
37
-2
17
47
-14
-13
-3
-9
-86
-88
-30
-9
16
-14
36
47
-29
-26
15
27
-27
-17
0
-47
-7
25
0
57
9
-43
19
15
-1
-30
-2
-30
-21
75
-2
-28
0
12
111
83
-33
-42
-7
-10
-82
-35
51
-7
-10
55
0
-32
8
-33
21
12
-74
-35
-31
0
32
33
54
58
-31
-55
51
-18
-85
-13
-17
12
29
3
43
-17
-17
30
-24
-25
28
26
-10
-21
-14
-11
-15
59
48
15
30
4
56
-6
-92
-37
-38
-14
61
4
-12
81
27
3
25
-25
-47
-37
-12
4
35
-9
-4
58
4
33
50
-84
-103
-65
-22
18
-33
-5
62
10
-41
23
8
-61
-8
55
15
-39
-6
-18
-18
10
42
13
-33
55
7
-23
-6
-63
5
37
33
34
17
19
-8
42
67
4
-15
-49
-18
12
-9
40
35
38
-40
-39
42
-34
39
81
-12
-59
-57
-42
13
57
8
38
33
-6
-6
-52
-87
-68
-1
25
23
18
-4
9
17
15
-39
-22
-7
-93
-25
29
2
-15
-10
69
92
52
-35
-33
36
-48
-56
42
73
72
35
9
58
30
-19
19
31
19
-37
-89
-11
85
41
3
30
47
114
32
-116
-60
-49
-42
-7
-13
90
35
-66
-72
-73
30
2
-55
-34
-62
-26
34
-2
-32
18
52
-2
-34
5
26
6
-59
-8
22
-14
-21
-12
36
16
37
54
35
9
31
11
0
34
-23
83
131
41
31
-26
-17
-11
-12
42
27
0
24
20
-64
-43
17
8
83
50
-48
-15
-27
-52
-10
-20
-41
4
-8
-45
-28
7
-26
-77
-46
-2
9
-40
-67
-21
34
22
44
77
-13
-38
-47
-19
55
-48
-69
78
58
39
47
34
42
6
37
-40
-56
41
4
73
112
34
25
11
5
28
-51
-112
61
76
-59
-7
31
36
9
-48
5
-13
-47
-21
-14
-38
-37
10
-35
-82
-49
9
0
-10
-31
-46
-19
-7
4
-73
-32
38
-2
19
6
-4
-12
-30
45
23
-22
19
-25
22
44
8
47
27
30
54
88
47
-48
7
35
10
38
15
-14
0
20
14
13
-32
-24
23
22
-1
-26
-20
-60
-39
2
-25
56
66
-38
-31
-77
-150
-70
3
-9
-4
30
13
-35
-51
-35
-26
-20
-3
-8
-24
-8
40
54
-25
15
57
-58
-32
-31
-28
64
21
0
67
96
39
-29
-67
-11
32
27
83
44
12
28
-39
-13
20
-37
-13
34
36
-21
-38
19
-30
-59
-19
12
40
-9
-25
-24
-52
-19
-25
-71
-38
6
14
-11
-59
-3
22
-13
-23
-24
-14
-51
-19
89
64
-2
24
-25
-82
-67
-26
6
69
106
5
45
30
-123
-57
25
26
66
48
3
22
39
-25
-68
7
-6
-29
-18
7
75
6
-20
-20
13
36
-48
0
12
9
29
-44
9
31
-30
-18
-70
-51
47
7
-47
-2
27
24
27
-9
-50
-39
-5
-22
-22
32
24
-30
14
31
-31
-30
-16
-6
-56
-45
69
54
2
18
-5
3
52
-40
-23
1
-81
-5
16
27
33
3
12
4
2
-21
-2
8
-19
11
60
55
-19
-60
-20
-23
25
41
-10
41
16
-4
-6
-88
-28
69
58
0
-9
56
22
-11
-28
-7
16
-71
-56
-12
5
41
40
4
5
-13
-43
-43
-44
-2
-5
39
43
-28
1
36
10
-59
-25
-6
-32
21
9
21
26
30
-18
-67
29
54
38
39
3
-33
-24
-1
31
78
28
17
64
-6
-32
-36
-61
37
59
6
24
18
-13
-9
-11
-20
11
-7
-25
17
42
-4
-27
48
-13
-124
-100
-45
64
59
-6
20
-63
-41
1
-46
-23
-44
21
41
1
60
33
-2
-39
-29
-12
-56
-6
22
30
81
54
34
37
-3
-6
14
32
21
38
59
8
11
29
31
44
5
-43
-3
18
10
18
13
48
-1
-8
14
-27
4
17
31
-39
-102
3
17
-42
-56
-48
-7
1
9
4
-33
-13
-21
-17
63
-51
-90
5
-7
24
9
-12
3
-22
-13
26
31
-44
-66
-6
64
77
62
73
30
-38
-38
23
-1
0
32
-9
27
36
3
14
-3
61
13
-90
-13
9
21
33
-10
13
27
-26
-25
-17
-41
-40
-67
-4
62
-54
-50
35
-13
10
0
-35
18
-71
-44
60
-8
39
18
-68
-5
20
-11
15
6
-21
31
6
-26
47
21
9
44
-25
61
51
-18
53
-43
-25
27
-17
21
23
33
0
-21
15
-20
14
18
-27
-2
-14
-7
14
9
-13
7
9
11
-5
-105
-49
-1
-57
-53
-12
39
68
25
-41
-39
-42
-38
-50
-35
54
54
21
-14
-13
-21
-35
-12
-49
-31
9
24
29
24
-5
-37
21
49
-8
-12
30
0
-20
16
20
-11
-15
3
28
-3
-41
-15
-18
43
44
-16
3
21
5
11
32
-33
-17
-18
-41
34
22
0
26
1
-49
-52
-19
32
41
32
14
-4
44
-32
-73
-8
-15
26
29
46
-23
-53
32
-110
-108
56
115
83
-23
-29
-10
-13
35
8
-55
-39
-50
-10
55
42
13
-48
-70
-46
25
54
-19
-51
-65
-26
98
103
14
-46
-26
-13
-95
-69
-76
-57
121
88
-51
-9
25
-6
-21
-32
-55
-27
14
21
52
0
-9
31
-5
-17
-15
-28
-67
-52
-21
23
89
-3
-9
54
30
-10
-63
-12
-23
-49
14
-6
0
27
21
22
-19
-36
1
-9
-11
32
4
-47
-46
14
68
30
-5
2
-8
24
-17
-66
-5
-4
5
24
18
52
36
18
13
-13
-27
-41
-40
-20
79
74
-6
-14
9
19
-17
-9
17
-15
31
26
-52
25
37
-44
-25
35
52
18
-77
-33
33
-48
-42
-4
41
31
-6
-3
-42
-6
51
-57
-43
8
-42
34
-34
-43
60
8
44
8
-68
-9
-2
-1
-5
-22
7
18
30
51
42
-8
-57
-2
28
-34
2
43
47
50
20
-3
-11
36
41
9
-20
-8
28
-29
-19
51
42
33
64
10
-38
-18
-27
27
36
-31
-12
56
38
30
-20
-51
17
-35
-37
23
-4
-24
-2
54
61
-30
-35
-15
-57
36
59
14
10
-45
-34
-38
52
75
-41
-5
21
57
5
-54
-6
1
-17
-1
94
59
3
-14
8
15
-35
-17
21
38
-34
-7
6
16
37
-21
15
9
21
-8
-82
-35
8
-4
14
70
5
-48
4
-17
-13
32
-59
-78
-1
13
-16
-3
64
25
9
2
-28
-10
-71
-50
39
23
30
40
-4
19
1
-44
12
-1
26
10
-6
56
-8
-11
8
45
113
38
-42
-20
-36
-33
36
58
31
27
0
-37
19
-2
36
109
-18
-54
4
18
-14
-38
23
47
49
-14
-97
4
38
-34
13
13
0
2
-95
-33
101
39
16
36
-8
-23
-61
-83
-38
17
59
69
-28
-49
13
8
29
-10
-14
16
-17
23
27
-40
-10
73
24
-17
37
-35
-59
-20
42
57
-28
-1
17
48
23
-30
33
51
16
-28
-32
-12
30
0
-36
-2
6
71
15
-24
2
-27
16
-13
-23
48
22
1
3
-20
9
-10
-7
12
-24
-23
-29
17
14
15
13
-44
-12
29
60
25
-11
24
-2
-57
-30
-9
12
42
27
42
-24
-53
3
16
32
-15
28
32
-18
2
-20
54
56
-3
-6
-46
-23
-6
10
22
-16
0
-6
-39
13
63
-1
-33
8
19
-21
-66
-13
-11
32
51
-74
-61
6
30
-19
-50
8
0
-69
-54
35
48
36
52
-34
-61
-1
-7
3
-1
-44
-21
34
38
-21
-40
18
29
48
16
-19
20
27
11
-23
2
40
7
18
52
10
-59
-62
-45
27
76
47
56
-6
-13
3
-24
18
57
43
-14
-26
-45
-57
25
44
-7
-40
-7
78
26
-24
15
33
29
-72
-21
69
-42
33
39
-39
46
-21
-2
5
-29
26
8
1
-21
44
57
-4
14
-14
-5
-31
-19
32
20
39
-20
-32
-30
-23
10
-12
-1
1
42
21
-62
-75
-81
6
42
-37
12
46
22
29
-54
-81
-80
-116
-32
25
36
41
-5
26
31
-43
-24
-32
-86
-3
59
37
32
3
-43
-34
-19
-26
57
49
-2
3
-7
26
-21
34
110
78
44
-66
-32
19
-31
-76
-13
84
41
56
67
4
-13
10
31
0
27
59
-36
-26
0
-46
-25
-18
8
76
48
-4
20
-27
-66
39
2
-51
21
-9
66
46
-74
-17
-39
-58
-74
-5
90
32
-25
-21
27
3
50
42
-76
-51
-93
-82
38
-21
-2
49
8
59
-15
-53
-56
-68
58
18
-27
2
-28
-25
-45
-40
-14
26
58
-13
-22
-57
-54
43
-12
-17
39
-5
-7
29
-44
-40
27
-38
36
-1
-67
102
51
-35
-16
22
39
-6
43
36
-23
-51
-40
32
53
13
3
63
98
53
25
9
-61
-75
-17
-6
89
58
-44
60
30
63
29
-75
25
-16
-25
-22
-1
88
4
-14
24
-22
-21
-45
-33
17
-15
30
-11
-30
9
10
48
-17
-21
-48
-86
-64
-65
3
42
1
-54
47
59
-22
33
-27
-68
-26
-33
-55
-44
15
-6
-40
3
44
34
-24
-63
-10
36
55
38
-8
27
-22
-56
-32
-29
34
-14
-25
7
0
63
37
27
42
-9
17
0
32
38
-45
26
21
-20
-15
-65
-53
5
78
58
59
86
13
-8
5
-25
-16
-15
-30
8
-21
7
28
9
43
-25
-30
-11
-3
34
-13
26
10
-47
10
22
27
-5
-55
-62
-41
0
-3
-5
18
13
28
22
-30
-60
-35
27
15
-34
-39
-29
15
24
-1
34
22
-2
-37
-90
-1
10
-42
26
39
5
7
-9
-11
3
33
39
2
-7
-17
8
11
-13
25
1
-32
14
-2
-8
37
28
12
14
58
45
-25
42
40
-43
-30
-23
-3
32
44
-2
-57
7
69
17
-14
13
45
41
22
5
-41
-27
5
-10
-43
-9
24
-11
13
-2
0
19
-3
13
-19
-5
14
2
-15
-17
-7
-49
-43
-2
1
18
-27
5
30
-57
-32
21
77
22
-51
-31
-33
-62
-65
53
94
-6
-33
-44
-18
-1
-24
56
45
4
-15
-38
-11
-2
-2
-4
43
36
-40
-39
8
23
27
-10
34
62
-15
-8
-21
10
-19
-22
98
17
-7
44
9
3
-4
7
11
16
41
1
4
53
-16
-73
-13
42
39
62
60
-32
-48
-15
36
17
24
76
-40
-92
-50
-41
-18
53
15
21
93
-50
-72
-38
24
33
-43
8
-13
13
-33
-85
-11
-40
-44
-32
-33
68
22
-13
15
-32
36
41
-27
-87
-56
19
23
-31
-76
22
2
-2
25
-14
38
-7
-51
2
52
70
37
8
-65
-64
-5
-35
31
56
13
57
-16
-65
46
46
54
30
-57
9
18
-4
0
-41
-13
38
13
-1
43
7
-30
-6
66
80
10
4
-9
-9
-15
-61
-37
-10
37
57
-12
-17
-19
-34
-18
7
56
43
9
14
33
22
-77
-26
17
-77
-48
24
10
-87
-32
66
-11
2
20
-96
-49
43
32
60
-10
-31
1
-62
19
-1
-72
-6
-35
-32
-71
-28
16
-63
46
38
16
50
-16
13
-33
-47
-11
-21
24
7
2
-3
-52
-17
-14
-48
-4
-3
-37
83
117
12
-7
3
-13
-43
0
-30
-58
32
23
-13
-38
-25
49
12
4
28
22
47
-16
2
45
-43
-61
-8
-28
-25
-42
-47
61
15
-7
61
-58
-45
47
-5
84
94
-35
-32
-58
-71
-60
-15
0
-62
-29
-20
-43
20
35
3
40
13
-57
26
-15
-69
30
-11
-24
1
-54
-45
-17
-72
-45
-5
-57
5
32
-6
19
-13
-11
41
-32
-43
17
-38
20
81
-14
-40
-17
-32
-9
17
-31
-27
-43
-40
15
-17
41
77
12
19
43
10
-19
-36
-38
15
45
69
12
-23
-57
-135
-30
-33
-25
15
5
65
19
52
18
-56
27
-14
-18
-7
-48
-12
-20
14
48
-12
-75
-55
-61
-34
67
12
-38
8
20
47
67
8
-41
-27
-31
-42
25
38
27
51
24
-27
-37
-49
-44
54
5
-35
67
53
-13
6
28
6
-15
-49
-17
17
69
58
-35
-3
0
-66
-60
0
40
22
-52
8
51
-55
-45
18
30
-16
-23
-36
-24
54
-7
-21
20
-17
-2
24
17
10
-38
-56
26
24
-3
-23
-71
40
60
-20
6
18
37
6
6
64
29
-9
21
6
21
23
-94
-28
30
-9
26
-6
-34
-8
46
77
20
-6
60
-9
-15
16
-71
27
0
-45
-12
-82
23
41
-52
0
4
-2
-20
-31
90
88
10
-6
-64
-21
-35
-57
39
15
17
33
-41
-42
41
60
-17
-26
45
25
36
68
-9
-3
5
0
70
18
-61
1
5
-13
32
57
47
2
-4
17
-10
-26
19
45
6
20
-2
-46
30
39
13
17
-40
-52
-47
-7
36
19
33
-24
-65
-44
-20
34
15
42
13
-66
-58
-30
17
6
21
31
-1
38
-2
-101
-85
-12
8
24
26
14
30
-11
-1
6
-14
5
4
2
55
77
23
-14
-33
33
35
17
-19
-102
-39
16
7
22
62
62
39
1
34
47
-45
7
66
56
21
-49
-3
-22
-69
-34
-19
0
-32
12
44
-27
9
51
73
78
7
0
6
-35
30
52
-128
-123
-15
12
32
-33
-2
10
-17
15
40
65
34
9
38
8
-26
59
30
-25
34
-80
-86
-29
-17
72
47
32
-23
-27
33
17
-2
41
108
43
-27
-80
-47
54
30
-29
-16
42
35
-38
-72
0
19
-37
-50
18
56
-28
-18
24
63
42
-44
-18
-61
-109
-3
59
39
26
-3
-7
-17
-78
-57
-7
-44
-25
28
28
31
55
42
0
4
-61
-83
2
6
49
54
-3
53
21
-73
-31
-25
3
-3
-25
37
13
48
25
0
77
45
-17
-38
-33
38
38
-10
24
-28
-37
12
-19
31
-6
-45
13
-15
15
19
4
73
59
-29
-23
-1
-59
-22
41
25
-48
-106
-60
27
29
16
67
2
-33
-2
-1
27
-17
-31
-13
6
22
-17
-3
-32
-38
6
-47
-4
70
20
6
26
12
-6
-34
-22
21
20
21
-2
-46
-75
-37
33
8
49
60
31
64
-16
-42
-3
-33
2
41
-3
-22
-22
0
23
-36
-15
-4
1
37
-10
15
-16
-21
52
0
-3
33
-29
-83
-65
14
-8
-77
-8
2
5
36
60
54
-37
-94
-119
-29
34
50
24
-35
3
26
41
-29
-42
-24
-28
36
21
34
28
-9
5
32
49
-21
-38
0
-12
13
40
35
57
28
51
49
-24
-27
-30
9
-21
-27
38
41
-7
24
29
-83
-20
3
12
57
-16
-39
-51
-15
11
-37
-35
-48
-22
-20
-36
-32
-22
44
-38
-44
49
-2
-19
-42
-51
16
-25
-63
-14
-2
6
-5
-20
-23
-5
76
68
-7
-1
63
65
5
-19
0
23
33
-9
-55
10
37
8
-16
11
62
79
87
-27
-27
66
12
22
22
0
15
-75
-23
-23
-62
-14
-51
-22
-7
-18
7
-14
-42
-13
38
35
19
-2
-66
-71
-50
-69
-48
-52
-55
12
24
-28
-45
-35
-12
71
60
-39
-1
24
15
54
21
32
49
-17
-53
0
-6
-71
-8
25
87
148
58
52
16
22
20
-75
51
55
-4
66
-6
-31
31
65
-40
-105
-19
-44
19
70
-12
34
24
-25
-7
-45
-60
-70
-49
-12
20
66
-18
-100
-107
-76
-32
-3
44
28
7
-31
-38
4
-78
-84
52
70
-57
-15
83
-1
-10
22
14
-44
-5
73
-5
-27
-41
10
78
46
48
82
13
-37
-18
-27
51
29
-3
30
9
49
41
-13
-30
-14
-22
-49
-14
7
-11
43
39
31
101
-32
-99
-48
-73
-65
-17
50
30
-14
-13
-66
-84
-8
41
43
-24
-112
-49
27
-6
26
0
3
68
41
18
-80
-79
24
75
3
-12
62
15
-27
-16
10
16
27
7
-13
11
-37
-26
60
60
100
118
-9
-41
-29
-12
3
7
18
-27
25
14
-8
29
6
19
-25
-32
0
6
46
4
-27
-7
-22
-40
-4
31
-76
-70
-28
-45
-6
-24
13
40
47
16
-32
-42
-10
38
13
19
-5
-2
-22
-71
-37
-20
27
-21
-15
56
19
-40
-52
24
35
10
30
48
65
11
-29
28
13
-24
18
14
-35
61
104
-14
0
57
30
-25
-29
37
58
19
9
36
21
-16
-39
-60
-36
6
47
23
42
5
-44
25
-34
-3
65
36
10
-39
-17
33
33
-17
-30
0
-17
-81
-85
-7
-14
-3
31
3
-62
-95
32
44
18
48
-16
-33
-23
48
34
-40
29
18
-39
28
10
-5
16
-53
-29
40
53
63
86
71
3
-55
-17
-24
-9
37
-3
47
14
13
8
-83
32
20
-18
78
63
82
44
-23
-24
-52
4
-15
11
57
-70
-27
30
-59
-95
-38
22
0
1
18
-41
-66
18
25
-38
-35
-54
-45
-8
14
74
84
42
-1
-45
-17
21
22
27
-16
-37
-33
1
18
15
9
-21
-23
-3
87
119
38
-18
-1
3
79
80
-31
0
-16
-30
-29
-5
22
12
43
48
90
34
-2
42
-29
-59
-22
24
20
-103
-103
-6
-24
-88
-53
12
-4
-34
-23
27
49
40
51
19
-42
-60
-33
-22
-29
-16
-19
-34
-22
55
65
-21
-68
-85
-4
88
88
24
-35
-2
22
26
28
-73
-56
46
11
38
32
43
78
20
25
22
42
17
-10
30
-28
10
70
14
-10
-68
-11
4
-44
43
-40
-71
-16
-64
-9
-22
14
73
-2
-1
0
-53
0
40
-32
-48
-54
-29
39
15
-56
-45
-37
-34
-30
-51
34
22
-16
5
-15
9
-7
30
22
-14
-7
-84
28
33
-67
-7
-4
25
70
91
55
29
31
-4
-28
9
56
-18
-34
-14
-8
35
4
-14
0
-12
-55
-36
-6
19
34
7
3
-13
29
25
-32
-39
-11
15
-43
2
2
-43
6
-53
-43
12
20
6
-21
-31
-44
-66
-68
-32
-7
4
36
49
-8
9
30
-13
-33
-84
-48
14
0
32
87
65
-28
-37
19
22
-86
-40
97
36
45
51
-6
-16
-94
-49
51
-36
2
64
-3
9
-43
-14
-16
-22
71
-3
54
54
7
52
-77
-124
-33
14
12
0
-33
-19
-21
-35
14
41
8
-56
-65
-44
-37
-34
26
50
2
-22
-27
2
-56
-20
56
-21
-49
-49
11
52
90
100
-4
-20
-21
-5
5
-62
-17
12
2
88
37
15
44
-34
-52
-6
26
32
5
-18
69
61
-22
-21
-55
28
41
-59
-7
1
13
6
-71
-23
10
0
-23
-28
18
8
-32
-60
-40
-3
-54
-96
0
70
61
40
32
-25
-67
-20
-38
-10
35
5
-27
58
0
-101
7
-31
-22
0
-33
30
52
10
10
9
-10
13
21
39
40
-5
-28
26
-23
-26
60
61
61
16
12
17
14
31
7
5
32
-9
-91
-29
66
27
-2
-22
-119
-98
-76
-46
10
32
86
2
-28
-6
-16
-33
-20
51
49
21
-10
-10
-13
-4
8
8
3
-33
-29
-63
-60
23
29
86
85
-6
2
-12
-19
-40
-54
-24
-50
5
44
34
36
-3
-43
-11
12
30
73
58
51
7
-5
50
72
29
-18
-8
-10
-53
-113
-109
-32
46
128
97
-17
3
-15
-40
-44
-92
-20
19
12
38
3
-11
-26
-83
-28
-43
-67
42
30
35
71
29
0
-25
-10
-4
42
38
-39
-31
-8
36
16
-16
7
-25
7
80
0
-35
37
13
-38
-47
30
80
13
-19
-33
-11
41
10
25
13
-24
-8
-39
-19
-2
40
65
28
48
-2
-41
-33
-21
38
59
16
0
-6
5
-35
-58
-4
-33
-24
-15
-19
-18
-47
-8
-2
-47
12
67
-2
-54
-39
0
51
42
4
-29
45
99
27
32
-54
-25
38
-26
81
63
-20
44
34
0
-11
-28
-27
-48
0
38
11
33
-13
0
-10
-108
-6
-26
-72
-21
-2
116
78
43
58
-38
-1
3
-87
-5
86
49
55
29
-39
-40
-79
-107
-42
49
48
22
11
-3
8
-31
-10
-3
-15
1
-50
-36
5
15
58
56
-32
-41
-1
-18
51
62
12
65
64
47
40
24
-9
-80
-89
-49
25
21
75
96
-68
-48
-37
-41
35
-26
-26
13
-14
4
2
-17
1
-2
-7
-7
-54
-84
-14
2
0
47
68
57
16
-64
-57
-19
-70
61
139
29
23
-15
-67
-2
18
-35
-37
24
-6
27
26
-56
28
31
13
-24
-37
-8
-43
26
18
77
76
-67
-43
-3
-8
-17
-58
-2
81
2
32
73
62
44
-65
-77
-33
19
14
-23
-35
-35
3
2
5
-40
-55
-30
-23
8
0
4
-4
-4
7
5
6
14
13
-24
33
26
-50
-46
-40
-3
90
141
62
46
-19
-61
17
-80
-25
41
-30
0
-16
18
26
9
-6
-63
-64
-34
-5
24
58
13
11
28
9
-10
-41
25
2
-55
-19
-6
51
52
-22
-47
-3
36
-1
-31
-23
3
19
2
-61
-57
-1
-2
-1
-12
-30
-21
11
-14
-20
43
17
2
-22
-1
13
-43
36
44
39
77
16
0
-11
-51
-50
37
53
82
72
-26
29
15
-49
-98
-16
72
22
8
-50
30
35
-32
13
-46
-27
-9
-95
15
65
10
18
-41
-13
-35
-40
-65
-47
51
9
64
34
-11
32
4
-40
-56
3
-1
50
25
-72
39
66
-37
-48
22
8
-9
15
-16
-2
7
21
69
58
5
-5
-3
-74
-14
60
28
35
-30
0
72
5
4
-2
22
40
-28
-36
-45
-28
-4
-18
-50
-27
10
25
17
-78
-33
-39
-90
53
49
-16
-13
-17
26
17
-3
13
8
22
41
38
-17
-18
49
60
58
62
18
-19
-1
-36
17
28
-76
-8
-17
-21
-8
4
82
-14
-30
-47
-24
10
-77
-7
8
-1
26
17
-5
-42
-42
-38
-6
43
125
85
-59
-50
-22
-6
75
107
66
9
-40
-4
-8
-58
46
16
-14
59
-5
10
31
-9
-3
25
31
0
-41
-58
-19
14
79
26
-105
-107
-74
-19
14
61
19
-70
-62
-31
25
-18
11
55
6
47
-32
-72
-39
-63
44
50
-37
-37
2
66
72
53
-31
-37
62
54
87
84
-16
-14
-14
21
35
-22
11
4
-20
-16
2
41
25
-21
-18
54
43
-42
-67
-44
-39
-21
10
-56
-67
-35
-107
-41
37
-53
-21
44
-13
3
15
8
18
29
45
0
2
23
12
22
13
42
76
38
-17
-8
65
49
31
44
18
15
1
-9
3
41
18
-44
-8
-3
-36
-42
-60
-21
-27
-20
25
32
8
-71
-72
-45
-22
-6
-13
34
11
-4
-13
-87
-72
30
48
-29
-56
4
95
24
-54
-10
0
35
11
-13
-10
22
107
20
-50
-17
7
41
37
15
-20
35
52
-66
-22
2
-27
32
-16
-62
-37
27
28
-50
14
38
0
-8
-67
-59
-31
21
7
-32
-55
-57
21
-2
7
48
51
-12
-20
24
48
115
30
34
5
-46
47
-32
-50
53
31
-24
49
74
-5
12
34
23
22
12
19
2
-101
-100
18
5
-53
-25
2
-34
-37
-28
-28
18
33
0
7
22
-42
-26
24
-28
-50
-57
14
50
-6
-30
-6
51
34
23
23
-21
-23
-9
7
8
4
17
23
-18
-75
-21
0
-13
84
24
-58
11
-12
-1
-25
-62
-8
-15
12
25
-21
-11
-23
-34
13
-33
-73
8
7
5
23
-51
-29
42
0
1
37
-50
-41
63
33
51
60
6
42
-15
-42
-9
9
70
49
28
9
38
55
23
35
-19
-17
5
4
-7
-50
-13
16
13
32
-12
-46
-30
-56
12
18
-33
17
27
-23
-71
-51
-8
-31
-39
12
-6
0
29
13
23
-18
-4
35
59
41
-57
-53
-5
-8
-14
31
25
-14
70
54
-35
-35
47
115
13
-71
-37
-35
-51
-11
27
6
-48
0
63
-42
-76
-28
-13
59
49
32
18
-35
-42
-44
4
-19
-42
-33
-54
-47
-41
22
96
54
13
20
-58
-61
-45
-63
38
69
-3
-11
22
7
-2
16
-5
-3
27
-24
-11
38
65
63
14
9
1
23
-7
-11
39
-1
24
34
41
11
8
-11
-124
-10
4
-31
15
12
20
-21
-33
33
47
-44
33
74
-7
-59
-24
16
-42
19
0
-39
-5
-81
-52
6
-2
71
52
45
117
30
-53
-63
-50
-12
-15
4
29
9
-5
0
-13
-11
16
23
-26
-32
32
46
55
93
62
-24
-25
-4
-69
-114
-29
10
25
25
-19
11
-63
-14
35
-30
-10
-61
50
80
-41
-20
-66
-31
23
20
14
-37
-29
0
-18
-55
-22
54
46
-4
5
17
69
20
-12
61
5
-5
7
-6
29
3
-46
-19
17
7
-12
-7
55
44
-55
-38
1
13
35
23
32
-29
-73
-20
-19
36
69
-10
-30
-69
-65
33
0
7
84
79
30
-52
-7
24
-21
13
39
12
-20
27
12
-38
-16
-1
53
29
-16
5
-5
-84
-72
42
44
30
57
-3
-6
0
-27
-1
-61
-80
-56
0
63
32
-22
-48
-14
12
19
-31
-50
-36
-21
71
67
0
-6
-10
5
3
2
5
-20
22
48
-10
-51
-6
82
68
10
20
54
16
-74
-19
-4
10
60
-18
-10
5
-8
-38
-32
-14
-12
2
-39
-44
-5
21
14
30
6
-23
35
-33
-51
16
-19
-10
-43
-59
36
14
-12
39
25
31
-53
-72
56
65
44
21
-5
-6
8
22
23
-36
0
62
-12
23
-3
-22
51
35
38
7
-4
-15
-33
-27
-29
-25
-56
-1
22
-1
9
-34
-60
-53
-21
6
10
4
-31
-24
33
27
30
-4
-63
-12
-4
20
73
72
35
-37
47
103
-84
-70
-25
-34
55
-8
28
70
-6
8
0
-24
-15
-18
10
17
-2
52
62
2
-8
-11
27
-22
-100
-18
35
26
57
66
8
8
9
-43
-21
-25
-93
-15
7
-14
37
-19
-26
-6
0
27
-61
-124
-49
-16
56
140
68
28
-8
-67
-94
-39
8
6
27
9
40
55
-9
-35
-75
-113
-16
35
24
64
1
-30
20
-39
-36
7
-27
-1
18
10
46
33
-19
-2
23
-6
-7
-4
15
90
55
33
70
-24
-84
-46
6
49
22
53
36
-19
-31
-61
18
-9
-32
76
27
21
1
7
39
-56
1
14
-14
12
-50
3
72
-3
-14
7
-19
-26
-21
-32
-30
17
-46
-39
54
-16
-7
-40
-38
63
13
-3
-41
-83
-9
86
77
21
55
27
-9
33
0
-11
-14
-25
23
41
80
67
-26
-58
-56
-33
-17
-11
20
5
17
-28
-88
36
16
1
53
-68
-51
-19
-10
38
-46
-23
19
6
28
56
96
-1
-18
13
-64
-12
6
-28
15
0
56
-14
-145
-62
-34
12
51
17
0
30
38
-53
-54
-3
47
42
10
-7
-11
-13
-72
-20
44
56
32
0
-4
23
41
-37
-43
14
63
42
-39
-33
-11
-11
-15
-22
-17
-38
24
108
60
0
-20
-5
27
-4
12
79
16
-13
123
94
-61
-24
-40
-68
31
27
62
12
-85
-19
-2
21
-13
-26
44
22
-22
-71
-62
22
40
-29
-25
18
-37
16
76
-4
-57
-69
-7
88
91
0
-24
13
-6
-72
-88
4
-11
-60
1
11
13
-25
-55
-20
-76
-102
-20
21
45
48
-43
26
0
-80
-16
-39
12
12
-7
29
39
31
-2
34
39
32
38
40
31
-54
-32
75
22
42
55
-16
78
41
-33
-7
-35
-4
54
67
67
92
44
1
8
-3
-18
-39
12
18
-18
19
26
-13
6
9
28
-3
-104
-2
1
-17
29
-26
-30
21
7
-27
-13
-12
-12
-65
-54
21
5
7
22
-38
-15
7
-23
-64
-99
44
41
-48
20
12
25
-33
-76
-23
-45
-14
11
-27
-37
-23
-18
29
50
33
16
-2
16
53
53
7
-15
-48
-28
1
19
78
47
-39
-47
-21
12
12
-13
61
43
-1
27
40
1
-23
-33
-80
-46
-51
10
24
0
76
50
13
-35
-43
46
33
18
30
-30
6
-1
-22
56
52
-28
-65
4
31
52
