41
-19
-27
9
-66
-117
-28
14
7
-51
-41
-4
-17
-32
-64
-17
81
86
24
25
29
-8
-5
28
-6
6
31
-11
-7
10
40
58
-10
-88
-69
-49
-43
-19
-9
-69
-89
-13
-25
-100
-89
-5
18
-17
-18
39
2
-9
69
47
-26
-28
81
79
1
5
58
31
-43
28
30
45
56
-7
17
22
66
71
2
15
45
46
87
50
28
16
-61
-7
-27
-56
13
-48
-9
79
2
17
-6
-71
-37
-54
-61
-33
17
66
23
18
70
10
-19
13
-2
-34
-33
-70
-59
11
-14
-26
-23
-2
21
23
27
-45
-53
-18
-27
-23
-33
-12
-5
-35
20
57
53
40
-58
-110
-68
-6
-18
2
0
-81
-92
-143
-109
-33
-45
-46
-4
-36
-63
25
-29
-69
-24
4
97
69
56
121
79
17
54
114
82
65
84
81
62
-48
-58
76
73
65
95
-4
-43
-17
-64
-86
-49
-39
-41
-34
-84
-113
-118
-118
-109
-101
-77
-45
-20
-54
-76
-37
-52
-11
50
5
-11
-21
41
55
-9
-2
20
70
90
103
27
54
106
38
105
11
-77
-29
-21
5
-15
-27
-69
-31
20
-52
-71
-88
-35
-28
-30
66
106
104
59
33
92
98
9
4
70
33
31
136
130
164
157
86
110
139
149
63
33
68
50
18
8
111
138
14
0
48
38
64
37
-44
-15
-53
-89
-9
-10
30
41
6
34
54
125
124
45
44
93
42
49
103
20
11
43
-1
6
58
-10
-124
-76
-48
-38
-39
-71
-36
-118
-140
-83
-103
-176
-182
-111
-146
-84
-32
-123
-79
-47
-40
-22
-60
-73
-123
-73
-7
29
60
-24
-76
-78
-93
-73
-43
-72
-50
-43
-93
-72
-152
-182
-22
0
-40
-46
-31
-61
-100
-68
-98
-43
-36
-80
-139
-176
-62
-30
-18
-25
0
83
48
38
40
13
25
26
13
3
-10
22
-11
1
85
-11
-37
8
33
57
22
16
58
46
29
13
-30
-15
19
87
96
40
-1
-30
-45
2
77
68
33
91
172
100
55
80
74
90
110
178
155
54
15
35
140
93
63
85
53
91
45
67
79
64
115
119
114
81
119
152
102
128
137
51
88
76
-5
4
59
127
80
45
68
148
147
70
112
66
54
100
-3
-24
3
63
93
77
36
-43
13
-26
-67
-20
-7
3
9
-1
-32
-35
-49
-43
-13
-30
-46
-9
9
-18
-80
-60
-34
-77
-88
-113
-158
-129
-103
-133
-114
-126
-142
-95
-135
-178
-159
-181
-89
-83
-174
-107
-60
-71
-111
-131
-115
-163
-208
-126
-87
-80
-71
-136
-65
-40
-69
-49
-18
-21
-92
-60
-62
-82
-112
-127
-114
-78
12
-10
-22
-43
-45
-38
-140
-136
-153
-112
-10
-72
-12
-50
-76
58
13
-21
-115
-75
81
39
54
55
72
84
-9
31
129
170
204
115
73
171
158
174
214
160
114
50
72
36
12
72
84
130
87
123
139
53
43
45
134
139
126
164
159
168
97
49
101
106
89
101
52
94
135
101
108
119
198
153
111
118
22
9
108
162
120
64
30
13
10
47
53
53
40
-13
-9
37
-14
-57
-8
-25
-29
-29
-20
-27
-106
-100
-99
-62
20
-42
-111
-61
-86
-77
-68
-130
-102
-142
-105
-98
-155
-117
-112
-79
-110
-134
-150
-144
-94
-181
-167
-129
-134
-99
-125
-134
-109
-84
-114
-121
-115
-173
-95
-47
-74
-64
-90
-76
-114
-101
-71
-87
-61
-54
10
28
58
54
20
22
0
49
56
57
56
19
13
0
-21
-22
1
49
66
-55
-55
46
27
0
18
91
66
93
118
38
84
131
108
94
70
67
77
18
34
138
82
65
187
123
63
109
113
96
58
38
36
-1
-20
72
90
31
-9
-28
-7
-27
-27
-79
-83
-25
-55
-7
-12
-56
-33
-51
-6
46
2
-4
38
-15
13
56
41
43
-38
14
58
20
24
29
35
-24
-73
-90
-63
-27
-20
-8
-28
-27
-27
-15
-20
-72
-34
-32
-68
-67
-12
25
-18
-28
-40
-4
21
29
28
3
-3
13
-10
-87
-81
-45
31
32
-3
-4
26
65
3
-15
-10
3
10
-14
-15
-6
66
33
19
50
-66
-8
8
-7
111
99
69
-10
-75
-16
34
31
11
0
13
-5
-89
27
99
23
86
40
3
74
-22
-48
4
-27
0
7
19
77
59
22
26
99
139
89
20
13
24
-31
32
44
-17
86
47
30
84
39
86
40
-24
-44
-29
68
67
62
35
0
27
59
78
23
-61
-83
-63
-86
-78
-66
-67
-4
-15
-54
-39
-43
-42
-43
-4
14
-84
-128
-80
-53
-47
-18
-32
-81
-68
-14
-19
-68
-80
-104
-94
-33
-48
-53
-39
-53
-76
-61
8
-74
-138
-157
-134
-20
-62
-79
-62
-64
8
0
-36
-16
-41
-44
-25
-15
-45
-68
19
30
-45
-32
14
-16
-9
33
-3
47
79
72
65
11
72
95
73
76
48
35
50
62
34
21
56
59
-24
59
197
74
43
83
62
67
49
51
63
52
14
39
2
17
67
3
89
102
28
71
58
9
5
48
41
27
63
7
41
145
81
32
53
-56
-87
-55
-75
-7
34
47
28
-3
0
-29
-30
-31
-113
-60
-36
-78
14
12
-20
-39
-82
-88
-71
-9
-27
-41
12
8
-6
-38
-53
-34
-27
24
-31
-60
0
-44
-27
-4
-38
-39
-19
25
-51
-118
33
61
38
-13
-89
27
0
-87
-61
-85
-106
-37
-48
-71
-52
-63
-13
48
100
18
-2
-13
-108
12
-16
-116
0
16
21
65
-2
28
119
43
0
80
44
-32
37
37
16
56
-24
-8
35
-43
-37
-24
-37
15
41
-2
-34
-11
23
27
-7
-3
0
6
25
37
78
57
16
79
104
35
60
62
37
15
-22
16
52
60
35
96
130
51
35
36
61
80
34
13
55
53
-50
-11
48
-53
-36
-11
-18
1
-16
54
10
21
119
43
25
-24
-32
-22
-49
36
56
60
64
2
22
-14
-64
17
-13
-13
-3
-130
-89
-50
-108
-16
-26
-90
-38
-62
-60
-56
-98
-84
-64
-64
-96
-69
-8
-18
-10
-46
-73
-55
-99
-47
2
-37
-15
-34
-19
2
-48
-32
-33
24
28
-47
-36
-63
-85
-65
-40
-58
-83
-10
-21
-110
-65
-26
9
12
-54
25
7
-62
0
49
15
-10
47
36
113
128
51
110
111
153
83
-19
65
33
62
81
79
82
-5
53
57
47
74
15
17
-12
-72
-10
7
-10
-14
-38
6
71
81
55
38
84
111
72
113
112
75
44
-10
58
123
67
62
116
38
12
42
53
49
30
101
45
-12
26
-6
-19
-37
-2
5
-26
-19
-66
0
-4
-64
-35
-45
-14
-25
52
92
-34
-46
-64
-103
-67
-52
-28
0
18
45
35
18
34
60
52
16
-1
-28
-4
36
-43
-68
-93
-97
-76
-120
-45
-58
-179
-121
-52
18
31
-107
-100
-72
-58
-64
-127
-76
-69
11
80
2
-9
-6
-32
-44
12
33
-11
-25
-16
-10
-18
-51
-70
-28
-48
-71
-46
0
6
2
-10
-51
20
33
13
91
18
-18
22
-24
-7
7
23
71
89
21
-4
-29
-24
60
26
9
41
30
45
37
-14
6
10
-2
28
10
48
2
-63
-44
-27
40
15
50
54
29
88
38
26
46
33
64
34
13
77
49
50
88
17
9
0
-37
-9
10
62
64
-29
-30
31
5
41
56
-28
-15
-37
-131
-51
65
-25
-15
16
-5
60
48
85
34
-16
70
81
56
-66
-35
68
20
-10
-29
8
27
-14
-24
0
-11
-13
6
-55
-44
-66
-63
38
36
20
22
7
-51
-73
-15
-15
-28
7
-53
-68
-33
4
42
-24
-34
-28
-36
-20
-51
-20
-35
-70
-52
-76
5
-32
-73
37
-21
-38
-3
-129
-160
-55
-69
-90
-27
-27
-32
-9
-18
-29
16
18
-43
-36
-76
-86
-23
-34
-92
-96
-26
23
93
88
50
1
-51
7
-24
-14
-17
-36
27
-13
37
38
-49
-1
14
-5
19
16
-27
1
50
47
37
42
47
32
56
54
21
37
76
57
31
61
21
65
149
71
118
147
30
47
65
31
66
116
28
-4
27
5
55
23
6
16
-3
9
32
49
32
44
-2
-7
91
107
23
-33
-64
-19
92
128
87
5
-5
3
-24
35
8
-57
42
25
-40
23
39
2
14
27
-50
-39
-29
-23
29
-34
-90
-117
-128
-87
-88
-133
-47
-36
-51
-27
-122
-105
-24
25
-2
-36
-14
16
64
12
-92
-101
-66
-19
38
23
3
-43
-104
-50
-29
-45
-30
-44
-24
-1
22
-14
-158
-147
-50
-13
-39
-75
-58
-38
-58
-50
55
62
-16
13
79
13
-35
-10
-46
-35
22
86
71
51
67
-1
0
4
11
16
-8
1
28
60
64
64
41
115
145
59
87
39
-17
-6
-30
21
-31
-21
57
18
36
1
49
85
-32
0
62
80
78
38
28
84
90
45
85
27
16
70
75
69
4
44
38
62
45
-29
20
-38
5
84
60
32
-40
-25
-25
-12
-8
-45
-20
-32
33
46
-8
-1
-38
-47
2
-41
-137
-59
23
52
44
-59
-39
13
-56
-86
-33
-38
-57
-41
-79
-45
18
-43
5
49
-31
-1
-23
-60
-120
-137
-9
3
36
46
-2
-75
-80
-42
-162
-178
-78
-104
-66
12
-58
-83
-114
-94
54
64
39
61
-14
-23
10
15
103
59
-39
16
-20
-69
-21
-3
0
18
40
61
160
100
-37
67
11
-52
39
1
43
63
37
89
88
40
-56
-135
-75
-30
-18
97
139
87
75
-11
23
134
41
-20
-24
61
128
13
60
92
8
4
0
-1
10
78
100
78
61
13
-35
-111
-86
-7
17
41
11
-29
-38
-12
42
30
-36
-51
-29
35
-28
-92
47
65
-42
-123
-96
-43
-63
-53
-14
-53
-129
-85
7
-19
-56
9
-18
-56
-54
-27
18
-23
-8
-44
-43
-9
-22
38
-19
-48
-49
-132
-145
-46
47
-43
-38
49
0
-26
-18
38
89
77
30
-19
-16
5
34
79
66
-40
-73
13
50
13
-76
-132
-120
-68
18
14
-9
61
112
112
49
26
135
130
31
72
117
130
98
105
133
8
30
58
3
31
-22
-67
-35
-18
-20
-2
-22
-66
-29
61
146
148
130
156
96
57
30
51
96
3
-84
-15
72
-71
-184
-115
-64
-56
-64
-53
-11
-1
-19
70
50
29
84
42
23
1
89
88
-15
-12
-34
-56
-99
-86
-41
-44
-18
-62
-100
-133
-202
-134
-91
-143
-119
-40
34
75
92
37
34
26
7
90
-5
-82
-76
-92
-74
-159
-133
-110
-120
-97
-169
-150
-129
-111
2
48
-22
-4
87
63
11
76
175
139
112
0
-98
32
42
-36
-73
-99
-97
-53
-46
-107
-109
-114
-108
-70
6
86
100
88
106
208
230
153
111
73
55
39
-16
-26
-27
-3
32
-59
-110
-59
-38
-65
-20
15
80
151
107
136
156
209
286
271
223
113
97
114
44
67
78
-24
-42
5
-58
-60
-60
-130
-69
-32
-64
-18
6
0
45
31
-39
20
126
139
92
50
-16
23
104
38
-14
-48
-89
-162
-140
-127
-152
-101
-158
-83
43
85
130
35
13
128
168
128
122
91
78
96
-16
-87
-116
-245
-268
-168
-204
-317
-281
-195
-236
-263
-233
-127
-26
-22
50
110
132
111
103
146
100
129
163
48
21
-84
-146
-64
-114
-181
-152
-110
-205
-224
-109
-59
-34
7
45
168
197
77
91
75
93
212
181
113
62
9
13
-73
-178
-112
-108
-222
-247
-213
-171
-139
-82
-85
-57
-28
-70
51
177
252
273
221
221
201
226
283
226
138
78
8
-28
14
-38
-57
-42
-143
-148
-229
-234
-101
-78
-29
127
168
122
137
79
138
173
130
209
131
4
119
197
111
66
49
70
84
38
-35
-112
-149
-104
45
76
-41
-80
-72
-146
-144
-39
-34
0
56
-72
-82
14
72
161
82
73
128
143
234
140
56
9
-104
4
17
-34
-109
-224
-146
-102
-155
-250
-189
-185
-173
47
-9
-72
-22
-73
-21
-14
82
183
117
203
163
89
70
-2
-49
-154
-145
-243
-316
-267
-291
-175
-141
-218
-240
-220
-131
-12
15
51
176
253
296
269
245
267
230
193
185
77
-40
-52
-66
-109
-194
-313
-365
-272
-180
-157
-206
-182
29
89
98
178
135
150
263
206
102
129
132
103
75
10
-17
-36
-142
-168
-187
-278
-248
-213
-192
-86
-11
127
172
96
133
117
204
346
334
365
311
214
233
199
167
51
-155
-236
-238
-192
-216
-266
-249
-286
-328
-224
-91
29
83
125
235
260
335
322
325
453
373
278
234
70
-18
-45
-212
-247
-159
-286
-343
-281
-310
-262
-203
-160
-76
-18
93
191
312
497
511
500
480
367
291
214
130
33
5
-4
-154
-351
-449
-483
-460
-395
-413
-396
-297
-248
-144
-5
4
96
228
280
343
353
320
232
246
263
155
60
-32
-78
-132
-203
-314
-414
-426
-445
-421
-341
-263
-142
-124
-147
-82
-27
88
153
256
371
312
296
290
266
285
142
-59
-132
-68
1
-138
-215
-210
-195
-126
-187
-202
-200
-188
-142
-175
-176
-124
5
92
26
-49
-34
46
132
231
293
177
87
181
193
169
156
45
18
64
41
-68
-92
-6
33
-26
-147
-158
-96
-4
22
-64
-147
-63
69
48
96
160
176
210
223
186
168
193
164
256
212
59
8
-94
-29
-52
-271
-364
-380
-370
-261
-223
-236
-109
-31
6
22
27
221
364
412
440
367
406
474
382
295
148
-1
71
82
-14
-88
-164
-147
-275
-380
-316
-377
-349
-258
-246
-213
-134
39
174
174
123
185
287
340
448
390
268
285
158
-1
-135
-249
-297
-389
-361
-403
-456
-367
-317
-229
-211
-228
-62
152
233
258
290
309
353
373
332
320
335
362
242
120
42
-228
-326
-338
-374
-450
-599
-523
-431
-477
-473
-269
-62
-16
-9
-12
87
278
468
516
477
591
591
501
379
125
-39
-181
-318
-422
-557
-663
-646
-494
-417
-458
-409
-232
-104
86
246
340
457
491
606
592
548
554
424
254
115
116
105
-37
-233
-349
-468
-552
-515
-543
-534
-464
-411
-265
-247
-166
27
66
278
398
471
566
548
675
664
618
507
230
74
-90
-248
-351
-513
-662
-739
-728
-597
-530
-511
-328
-56
133
272
492
600
631
700
678
674
554
365
239
124
118
44
-125
-287
-420
-566
-552
-455
-478
-404
-352
-187
-59
-184
-148
7
132
296
383
424
550
607
605
543
401
283
82
-66
-166
-257
-273
-400
-419
-455
-578
-530
-490
-393
-259
-69
191
388
548
580
551
542
422
272
354
418
319
225
150
78
-179
-413
-477
-590
-653
-589
-581
-499
-278
-143
-3
39
67
184
228
248
350
492
469
426
424
323
129
-47
-86
-150
-243
-275
-296
-234
-209
-242
-303
-382
-323
-292
-205
-16
123
260
251
261
313
392
400
206
173
120
55
79
-80
-150
-191
-370
-340
-395
-448
-289
-235
-134
-158
-202
-97
16
130
173
144
46
41
171
192
63
-13
-38
-47
0
20
-79
-102
-34
-88
-49
22
49
87
34
16
-14
-31
50
49
-50
-137
-160
-74
-26
3
-1
-104
-89
-75
-87
-65
-83
-21
138
199
147
182
190
143
192
144
75
14
-67
52
76
72
71
-11
-76
-218
-197
-156
-135
-133
-169
-13
93
191
320
232
199
327
341
282
233
220
242
227
154
11
-126
-186
-167
-181
-327
-364
-232
-93
-148
-120
67
124
250
215
84
82
147
318
365
240
111
59
19
-36
-175
-280
-235
-143
45
72
-21
-24
-43
-127
-188
-224
-277
-220
-169
-97
11
100
191
308
336
239
261
316
269
104
2
-62
-128
-86
-243
-441
-472
-476
-447
-498
-439
-273
-111
109
205
261
273
264
249
195
128
-13
4
92
29
-56
-73
-21
-60
-154
-209
-325
-296
-106
25
90
42
-82
-112
-137
-177
-66
-57
-16
167
296
358
374
432
403
279
88
-107
-227
-298
-302
-263
-247
-172
-63
-84
-195
-320
-234
-85
-33
99
144
273
416
366
311
215
149
173
193
99
5
0
26
54
12
-54
-107
-68
-46
-141
-149
-86
41
190
136
11
-47
0
185
178
40
-1
-14
74
64
1
66
107
172
141
20
-76
-130
-85
-109
-84
-9
23
96
99
-6
-203
-267
-197
-214
-189
-139
-24
181
235
212
172
13
-73
-70
-104
-67
51
141
158
213
221
65
-95
-148
-146
-238
-263
-175
-28
61
-86
-210
-277
-327
-403
-412
-293
-208
58
265
262
287
225
62
27
-15
-134
-130
-23
140
221
148
-10
-108
-197
-285
-391
-409
-145
28
44
61
68
86
27
-21
-50
-127
-161
-13
207
269
274
285
293
249
99
-33
-98
-60
29
44
68
3
-83
-30
-152
-228
-249
-308
-130
-10
116
239
240
290
276
217
77
0
58
142
196
175
260
269
190
135
-47
-147
-111
-42
-34
-110
-16
88
173
293
166
61
62
33
77
79
22
9
117
169
140
120
-22
-49
-59
-101
-10
0
51
71
-6
-20
-62
-53
-24
-101
-171
-128
-79
-35
11
63
113
31
12
-20
-154
-163
-33
8
-73
-164
-172
-123
-160
-97
-117
-113
17
114
129
23
76
85
81
55
-117
-152
-110
-137
-182
-174
-190
-194
-101
-129
-205
-156
-136
-41
-7
-121
-92
-98
-69
-49
-122
-114
-140
-90
-1
49
62
-14
-2
61
30
45
101
91
142
141
1
7
61
7
-83
-165
-164
-109
-76
-99
-89
-90
-15
68
36
70
134
203
311
332
263
166
121
234
148
106
109
-47
-52
-74
-89
-136
-157
-118
-111
-63
-118
-162
-96
-30
-24
-67
-53
8
88
170
233
302
390
426
433
458
411
337
330
213
26
-54
-188
-354
-387
-296
-291
-341
-266
-116
0
68
114
170
263
270
324
412
365
306
176
45
3
-89
-147
-136
-120
-73
-53
-92
-137
-93
-169
-226
-169
-214
-209
-196
-154
-66
-39
-39
18
91
147
232
262
291
294
218
197
135
58
-51
-139
-115
-123
-96
-69
-68
-70
-97
-97
-81
-173
-240
-233
-278
-265
-236
-201
-180
-235
-263
-197
-169
-149
-60
-2
21
20
60
26
-4
36
-78
-67
73
103
81
-9
-16
8
-4
-76
-143
-120
-103
-88
-96
60
216
206
160
154
148
86
96
78
60
67
85
141
130
38
-75
-183
-278
-295
-308
-184
-110
-171
-3
67
-14
3
2
22
-28
-114
-57
37
134
137
1
-45
10
54
132
136
179
321
407
437
375
332
248
187
92
-4
107
102
95
79
-5
-39
-135
-208
-281
-288
-249
-189
-110
-76
58
105
40
15
-26
-40
-41
-48
1
100
215
254
308
337
244
188
66
10
64
65
11
-55
-48
-138
-169
-183
-248
-132
-126
-34
120
227
351
374
354
186
73
85
-50
-147
-33
-36
-83
-65
-161
-268
-357
-417
-439
-446
-265
-116
-45
52
102
159
57
21
46
-33
-16
-36
39
190
254
321
266
218
149
-19
-134
-252
-313
-422
-447
-347
-404
-439
-511
-575
-468
-373
-261
-121
-83
54
270
304
303
276
199
159
91
-42
-58
50
35
-36
-70
-92
-130
-124
-87
-45
-5
13
107
163
210
319
277
160
169
121
-8
-16
57
38
26
147
181
145
67
-69
-158
-228
-307
-328
-215
-109
-51
29
88
164
225
209
233
379
382
394
488
418
446
387
248
171
-4
-81
-169
-195
-90
-53
69
152
51
-28
-61
-126
-146
-107
-64
35
111
103
171
194
32
-47
-59
-60
-87
-178
-116
38
114
31
-35
-37
-142
-252
-357
-377
-314
-289
-220
-148
-135
-70
8
-28
-72
-37
60
77
144
286
253
200
179
139
6
-31
-14
-77
17
-13
-11
94
38
-16
-83
-90
-135
-210
-197
-170
-109
-40
4
11
17
-49
-27
21
-66
-40
39
143
228
185
120
87
97
59
38
138
63
-23
28
-14
-25
-107
-153
-157
-265
-275
-191
-246
-229
-23
-29
73
195
104
58
34
79
132
188
182
169
228
231
85
-13
-33
-138
-148
-208
-248
-181
-202
-185
-169
-241
-263
-248
-271
-332
-310
-196
-136
-46
89
203
268
273
300
268
248
320
264
174
130
88
45
-114
-224
-172
-106
-103
-94
-6
75
172
191
95
7
-31
16
126
230
245
323
392
346
384
362
226
138
106
135
140
132
153
189
215
111
-21
-118
-232
-281
-256
-267
-207
-111
-170
-200
-159
-184
-228
-142
-51
-35
62
153
224
196
121
176
187
154
182
77
-41
26
108
52
-122
-198
-265
-376
-382
-395
-389
-379
-350
-199
-226
-239
-222
-262
-180
-240
-208
-113
-29
204
192
276
389
224
154
8
-105
-153
-110
-35
-109
-64
-36
-63
-79
-58
-8
-3
-1
-57
-2
67
-52
-117
-80
-27
-10
-64
-14
55
106
233
330
413
446
404
319
375
374
190
214
199
115
124
70
35
-83
-195
-248
-307
-310
-290
-117
39
54
57
61
95
140
109
108
140
107
142
104
27
-40
-137
-178
-159
-131
-173
-123
-110
-207
-234
-221
-223
-230
-229
-200
-103
-35
13
151
187
135
218
303
320
311
252
192
149
29
-26
-25
-172
-234
-201
-240
-275
-229
-204
-198
-77
43
63
48
73
102
161
164
126
136
17
-52
-6
45
13
-35
100
146
157
215
199
171
32
-92
-91
-119
-72
-23
-118
-46
103
78
11
7
-3
-15
20
60
65
130
169
71
53
14
-23
36
-38
-107
-60
-42
-48
-70
-132
-86
-137
-201
-105
-47
-46
-100
-67
-41
-29
-88
-140
-129
-208
-199
-186
-250
-231
-113
-28
110
209
165
216
189
130
187
86
22
71
74
57
-10
-119
-257
-291
-262
-281
-238
-140
-98
-61
27
71
83
33
-55
-75
-117
-124
-57
-10
17
87
167
137
150
137
148
225
167
158
236
294
206
43
-6
0
3
-44
-85
-52
-21
-73
-88
-30
-15
-39
-15
121
166
140
199
275
254
182
158
159
110
-12
29
0
-2
102
36
78
95
129
257
183
43
2
-47
-11
71
-6
-99
-84
-41
9
-103
-239
-190
-145
25
102
82
152
139
161
177
155
100
-50
-116
-156
-145
-122
-198
-179
-126
-94
-102
-59
16
-1
17
-16
-81
-8
4
-117
-189
-237
-283
-218
-141
-125
-66
-44
-5
44
-32
-42
-33
-38
26
22
-37
-102
-115
-43
-25
-52
-63
-120
-128
-125
-93
18
4
12
15
-109
-84
-77
-119
-33
-57
-104
-147
-134
2
-24
-104
-62
45
6
-2
139
87
70
121
41
52
13
-140
-186
-197
-169
-177
-215
-201
-114
-24
5
56
65
162
184
154
155
85
145
178
130
226
240
146
221
207
133
155
180
159
85
106
122
190
351
369
359
274
150
132
68
89
34
-56
-21
-82
-29
-11
-9
52
21
71
45
-17
-1
92
187
174
166
79
-19
-27
-15
36
26
-37
-99
-105
-164
-231
-187
-156
-105
-95
-129
-94
2
52
99
44
28
133
70
75
62
-47
-77
14
183
143
60
-30
-187
-255
-318
-411
-509
-504
-556
-545
-390
-301
-229
-176
-73
-35
-14
84
57
90
178
155
77
-12
-88
-161
-132
-108
-129
-109
-148
-154
-73
-66
-60
75
134
126
213
246
232
227
213
217
176
67
14
-18
-109
-75
-22
-34
27
106
152
82
62
101
82
98
125
150
141
100
22
-39
-8
-2
-20
-134
-147
-65
-159
-71
37
64
142
135
174
173
130
146
176
192
133
128
192
185
75
-17
39
15
-22
0
-31
-19
-53
-23
14
-34
-8
63
125
69
84
163
78
35
2
-34
2
-8
-60
-83
-39
16
-26
-89
-128
-175
-212
-278
-258
-269
-303
-258
-219
-83
-107
-150
-27
-78
-112
-155
-238
-144
-150
-196
-147
-95
-99
-93
5
42
72
115
100
78
77
116
132
110
187
214
123
105
95
3
-85
-137
-166
-190
-236
-217
-178
-123
-86
-65
-26
-15
31
127
181
88
56
125
82
21
31
54
109
63
46
136
118
176
212
171
204
180
136
39
28
55
21
90
104
146
177
114
147
201
191
144
141
153
13
-48
-10
-30
-29
-28
-38
-43
0
-20
30
-3
-136
-24
20
-25
38
71
20
83
152
99
1
-79
-117
-265
-283
-275
-262
-190
-193
-50
33
58
93
116
228
295
267
180
67
-6
-44
-145
-217
-245
-307
-300
-257
-251
-207
-128
-8
19
-7
21
-43
-92
-37
85
160
106
103
162
110
38
15
-29
-65
-106
-145
-158
-191
-164
-223
-282
-126
-47
-37
-54
-32
57
85
52
-2
76
126
-11
13
73
-28
-17
17
110
125
65
109
34
13
-13
-35
-22
-74
-50
-48
-31
42
128
133
101
136
93
20
47
-1
-20
98
76
45
55
64
95
19
20
155
195
245
271
219
145
-13
15
34
-91
-128
-119
-66
-47
-100
-138
-133
-55
-7
-41
-32
36
133
136
151
162
127
208
198
142
43
-42
-28
-118
-191
-195
-192
-154
-90
-87
-75
-6
-54
-43
42
23
25
12
23
-21
-96
-80
-94
-44
-52
-70
-20
42
91
41
76
45
-9
40
-1
11
36
29
5
-70
1
71
-25
-49
-8
-38
-83
-136
-106
-82
-116
-84
-67
-40
-24
-99
-69
16
8
-41
-64
-77
-119
-123
-70
-4
-57
-56
30
-22
11
35
21
52
-63
-91
-78
-41
97
28
1
65
34
118
168
156
109
0
-39
-82
-118
-89
-111
-195
-180
-101
-63
-40
-29
-29
-14
-84
-90
-51
-62
45
33
-17
13
19
73
112
130
91
57
94
99
81
107
180
122
85
150
157
150
182
224
175
203
240
198
205
141
110
80
52
87
14
-21
87
239
247
176
146
50
69
69
-20
-8
-89
-161
-143
-117
-85
-44
-49
-159
-107
25
45
29
53
87
44
13
-49
-101
-63
-28
1
-5
-46
-83
-129
-142
-117
-68
-109
-162
-136
-38
24
0
37
-10
-71
-125
-185
-135
-200
-230
-202
-268
-296
-303
-279
-249
-264
-292
-250
-277
-293
-219
-225
-248
-279
-193
-112
-186
-215
-223
-276
-269
-202
-215
-176
-133
-218
-199
-207
-275
-241
-226
-185
-147
-135
-121
-101
27
95
133
121
73
131
140
219
257
180
249
266
184
143
139
192
193
190
237
249
260
312
353
345
295
284
286
350
432
330
364
408
354
431
362
270
254
256
263
186
156
211
298
293
247
412
423
292
364
327
282
337
437
400
264
303
278
245
355
409
411
421
337
279
310
324
249
132
105
105
104
119
126
135
139
54
22
-31
-136
-162
-226
-210
-193
-178
-178
-210
-178
-183
-73
-42
-116
-29
-76
-91
-55
-59
-47
-147
-87
-100
-171
-119
-119
-110
-183
-245
-200
-191
-272
-248
-213
-312
-322
-316
-341
-445
-510
-494
-612
-716
-890
-994
-955
-1067
-1177
-1256
-1286
-1247
-1305
-1392
-1371
-1329
-1389
-1397
-1338
-1289
-1257
-1284
-1208
-1125
-1134
-974
-783
-706
-527
-428
-340
-84
4
124
336
410
509
629
742
811
828
960
1066
1058
1127
1140
1158
1172
1169
1259
1232
1268
1345
1309
1282
1269
1300
1309
1210
1116
1103
946
836
924
860
754
654
564
578
483
422
386
250
239
299
331
320
291
236
251
381
352
335
395
379
407
422
448
422
308
330
361
270
331
390
286
241
257
277
171
123
183
59
21
67
62
14
-119
-101
-137
-193
-158
-221
-252
-329
-459
-424
-373
-401
-385
-403
-398
-325
-307
-324
-346
-294
-244
-336
-367
-291
-266
-328
-397
-372
-361
-333
-281
-276
-285
-270
-206
-146
-114
-12
71
-23
-80
-197
-364
-340
-359
-488
-573
-734
-880
-963
-1182
-1313
-1449
-1621
-1672
-1802
-1934
-2056
-2196
-2306
-2372
-2406
-2381
-2350
-2365
-2362
-2361
-2256
-2054
-1934
-1801
-1663
-1633
-1472
-1186
-1054
-883
-668
-572
-369
-189
-23
240
451
623
799
1063
1320
1541
1783
2061
2324
2516
2653
2791
2973
2958
3088
3228
3129
3162
3131
3024
2967
2910
2735
2557
2440
2374
2305
2105
1971
1725
1465
1405
1261
1084
905
791
735
563
437
377
231
95
-27
-145
-266
-353
-362
-364
-392
-489
-484
-413
-428
-387
-406
-376
-226
-118
-68
-81
26
127
90
83
116
153
100
29
85
70
-26
-40
-125
-124
-63
-138
-172
-232
-243
-263
-376
-416
-419
-483
-606
-693
-741
-780
-840
-973
-1067
-1098
-1175
-1243
-1248
-1263
-1282
-1298
-1275
-1233
-1228
-1205
-1161
-1083
-1090
-1057
-934
-933
-930
-867
-782
-675
-588
-512
-467
-413
-370
-369
-462
-475
-341
-292
-215
-161
-217
-216
-142
-159
-222
-227
-337
-455
-417
-439
-528
-553
-648
-760
-899
-1085
-1199
-1273
-1354
-1403
-1455
-1544
-1590
-1655
-1653
-1586
-1567
-1553
-1505
-1315
-1105
-990
-882
-716
-532
-389
-249
-32
298
607
891
1120
1294
1537
1824
2087
2232
2431
2671
2722
2832
2940
3009
3169
3166
3163
3286
3296
3273
3350
3307
3195
3155
3049
2921
2749
2524
2341
2103
1813
1606
1448
1157
890
675
419
205
-62
-294
-502
-743
-928
-1065
-1195
-1257
-1301
-1389
-1373
-1426
-1450
-1356
-1386
-1374
-1325
-1276
-1226
-1161
-1032
-1010
-957
-795
-721
-604
-506
-443
-334
-236
-120
-106
-103
-28
16
-23
5
45
-4
12
-38
-169
-271
-300
-361
-473
-492
-520
-641
-771
-868
-909
-944
-999
-1023
-1060
-1035
-989
-1000
-1078
-1100
-1038
-1020
-1022
-999
-958
-980
-974
-850
-752
-714
-675
-599
-443
-361
-204
-44
10
125
139
315
453
525
705
617
640
659
517
619
696
668
699
710
732
762
684
664
677
601
596
595
422
249
216
123
-32
-149
-262
-457
-623
-804
-1114
-1257
-1302
-1414
-1504
-1665
-1768
-1747
-1780
-1764
-1671
-1625
-1514
-1393
-1303
-1186
-1033
-862
-737
-578
-440
-278
-39
159
365
573
748
957
1175
1352
1490
1648
1846
1999
2162
2376
2479
2556
2679
2738
2796
2794
2730
2739
2725
2672
2583
2503
2345
2110
2032
1899
1663
1435
1276
1132
908
766
550
272
40
-216
-427
-690
-884
-953
-1122
-1320
-1442
-1563
-1670
-1690
-1684
-1708
-1725
-1724
-1737
-1616
-1481
-1367
-1202
-1131
-1011
-840
-647
-483
-378
-237
-165
-118
-144
-98
83
62
-38
22
83
57
39
-19
60
127
51
-27
-125
-212
-339
-423
-521
-619
-638
-685
-695
-717
-781
-773
-788
-841
-768
-775
-850
-797
-847
-860
-771
-731
-669
-601
-496
-422
-266
-118
-11
173
209
365
539
564
628
626
800
949
971
1025
999
1086
1136
1118
1179
1160
1045
953
919
891
847
786
707
660
622
475
383
313
190
138
-16
-238
-338
-444
-575
-643
-734
-843
-903
-1090
-1261
-1294
-1423
-1460
-1584
-1750
-1766
-1898
-1935
-1897
-1886
-1876
-1842
-1780
-1760
-1623
-1456
-1263
-935
-712
-557
-331
-174
-6
193
414
714
986
1248
1479
1592
1708
1883
2001
2074
2123
2195
2285
2287
2309
2309
2221
2157
2118
2099
2102
1996
1818
1728
1645
1480
1269
1047
765
488
339
165
-12
-165
-359
-476
-687
-846
-975
-1212
-1240
-1238
-1258
-1243
-1264
-1283
-1334
-1313
-1174
-1113
-993
-848
-833
-706
-600
-391
-222
-201
-63
-2
122
322
422
523
559
596
768
827
804
858
824
623
450
446
451
416
428
336
121
29
-32
-176
-268
-310
-396
-458
-568
-652
-645
-688
-658
-664
-765
-749
-672
-600
-560
-564
-473
-388
-412
-362
-286
-265
-162
-47
54
163
209
327
451
504
530
601
665
621
727
754
659
743
695
639
564
434
440
366
295
196
53
-52
-184
-260
-282
-405
-514
-587
-678
-685
-748
-815
-857
-924
-950
-973
-1017
-1077
-1133
-1128
-1165
-1164
-1036
-1019
-988
-961
-1046
-1040
-1126
-1186
-1076
-1060
-1031
-1002
-1009
-977
-912
-881
-861
-774
-690
-554
-437
-332
-114
29
145
310
394
430
572
691
816
957
1031
1162
1274
1292
1293
1392
1387
1390
1378
1350
1455
1414
1451
1508
1456
1447
1422
1396
1358
1405
1478
1398
1296
1269
1192
1022
892
856
753
669
610
460
367
262
121
1
-89
-245
-380
-410
-526
-513
-428
-501
-540
-504
-547
-627
-566
-482
-388
-307
-270
-150
-98
-127
-74
-28
-16
38
76
80
129
172
185
150
98
61
23
42
54
24
-78
-113
-61
-176
-243
-238
-310
-362
-366
-343
-361
-394
-387
-356
-339
-300
-340
-381
-336
-275
-194
-239
-299
-312
-253
-131
-179
-238
-234
-278
-241
-215
-238
-220
-276
-270
-129
-65
-39
-43
-75
-93
-168
-126
1
52
28
-10
-48
-146
-230
-268
-336
-413
-507
-586
-574
-628
-694
-649
-643
-760
-810
-771
-838
-756
-687
-695
-574
-496
-437
-425
-338
-297
-336
-293
-290
-202
-120
-88
-75
-128
-109
-156
-225
-167
-151
-134
-129
-83
-17
-105
-80
-34
-63
-113
-183
-75
-20
1
125
96
98
120
52
94
143
247
382
454
479
536
653
631
625
687
765
849
922
1012
1000
1110
1221
1187
1218
1094
1105
1235
1238
1385
1454
1482
1422
1341
1390
1230
1077
989
908
833
675
612
549
427
283
143
87
-25
-121
-107
-190
-299
-322
-329
-342
-373
-425
-478
-487
-431
-414
-343
-261
-195
-122
-218
-218
-201
-224
-225
-194
-136
-185
-108
-101
-147
-34
-118
-163
-163
-271
-233
-226
-240
-191
-202
-319
-413
-452
-485
-449
-479
-487
-382
-437
-473
-484
-565
-600
-694
-758
-768
-757
-769
-812
-750
-693
-782
-852
-889
-807
-717
-774
-723
-665
-593
-478
-389
-288
-248
-219
-154
-110
18
143
128
231
301
306
287
178
189
105
32
130
108
112
187
135
63
72
48
11
-33
-95
-25
56
78
122
130
155
206
222
227
286
343
281
296
367
392
450
442
391
321
232
216
203
171
191
258
203
48
-7
13
-63
-191
-219
-287
-292
-181
-212
-215
-161
-186
-215
-290
-304
-274
-255
-231
-122
43
38
-40
7
78
108
141
165
200
236
370
469
559
617
521
489
513
619
741
753
817
843
820
894
930
862
823
765
703
678
600
668
649
546
527
400
363
274
151
130
67
116
74
-29
-37
-114
-107
-116
-143
-87
-124
-65
17
40
130
81
82
32
-25
114
38
61
126
71
71
-27
56
-18
-121
-132
-335
-246
-327
-539
-454
-490
-542
-631
-587
-518
-678
-694
-716
-763
-743
-713
-723
-804
-826
-827
-784
-798
-866
-780
-800
-778
-721
-761
-570
-476
-382
-275
-242
-120
-84
0
30
102
291
356
352
373
455
474
453
406
373
449
408
345
363
323
247
183
153
129
63
-28
-81
-123
-122
-113
-183
-261
-283
-280
-291
-305
-280
-199
-163
-142
-74
-3
64
57
57
70
63
131
172
177
222
219
165
162
123
42
-59
-146
-127
-81
-160
-230
-215
-242
-271
-311
-348
-355
-334
-328
-366
-392
-325
-237
-255
-326
-375
-449
-403
-258
-210
-117
-50
-66
-37
-57
-39
5
-1
97
242
324
404
454
511
589
599
665
714
800
869
871
892
787
873
882
762
829
720
675
711
596
573
531
428
428
352
296
253
117
123
160
114
59
40
30
96
140
93
7
35
165
176
161
94
54
129
202
218
236
172
94
120
125
129
112
62
60
31
-14
36
17
-47
-50
-131
-279
-292
-261
-320
-332
-355
-374
-436
-544
-501
-530
-614
-577
-590
-584
-616
-654
-611
-626
-588
-615
-632
-554
-493
-407
-339
-259
-226
-192
-103
-111
-118
-54
-15
91
222
167
123
237
179
58
19
2
73
85
25
-20
-89
-191
-255
-332
-391
-408
-404
-364
-418
-397
-388
-445
-404
-466
-459
-409
-423
-290
-129
-47
-62
-84
-54
-47
3
-43
-77
38
42
27
15
-5
-28
-92
-165
-210
-212
-244
-215
-174
-224
-255
-226
-238
-357
-398
-295
-325
-395
-296
-231
-184
-158
-256
-233
-165
-151
-72
-80
23
157
131
172
228
305
304
362
482
527
686
708
754
843
844
947
959
1029
1087
1070
1129
1112
1131
1108
1124
1089
909
909
932
921
849
653
529
521
425
248
133
115
87
6
-30
-129
-152
-200
-269
-274
-314
-263
-224
-165
-136
-145
-141
-99
-71
-64
-28
-25
76
114
159
233
247
195
-6
44
188
183
147
129
192
133
81
24
-74
-63
-115
-146
-213
-268
-193
-276
-314
-334
-498
-586
-602
-578
-577
-559
-582
-590
-538
-520
-520
-508
-489
-483
-450
-431
-397
-349
-250
-216
-226
-155
-178
-123
-84
-105
-8
14
-31
43
7
-72
13
-65
-78
-49
-151
-135
-271
-393
-334
-318
-304
-310
-269
-247
-292
-339
-315
-221
-221
-162
-143
-225
-214
-178
-132
-136
-184
-200
-170
-229
-248
-155
-197
-221
-319
-420
-422
-436
-404
-416
-487
-549
-481
-563
-624
-563
-589
-444
-378
-335
-144
-83
-67
50
86
91
215
283
492
665
682
844
898
879
830
815
896
912
954
1019
1038
1012
998
933
908
871
794
806
814
835
854
836
725
639
551
500
541
514
508
423
389
378
283
228
141
130
100
-58
-40
22
-67
-97
-157
-186
-175
-286
-280
-178
-147
-114
-112
-88
-80
-111
-26
37
85
134
109
222
243
161
187
145
190
146
1
120
226
177
82
-9
-71
-167
-248
-278
-248
-307
-378
-369
-362
-355
-515
-528
-494
-624
-515
-450
-459
-339
-366
-391
-374
-393
-271
-229
-207
-92
-83
-64
-44
-68
-62
-60
-111
-135
-94
-32
-12
-68
-62
-50
-118
-185
-197
-132
-112
-62
40
70
39
83
113
-68
-56
4
-56
-1
42
37
17
11
-52
-105
-128
-144
-206
-378
-486
-541
-596
-658
-660
-667
-826
-1075
-1286
-1410
-1365
-1248
-1184
-1248
-1480
-1605
-1640
-1669
-1503
-1317
-1268
-1257
-1176
-962
-690
-509
-387
-281
-317
-130
290
722
1164
1304
1228
1184
1150
1269
1739
2189
2334
2377
2294
2164
2185
2180
2189
2295
2253
2121
2002
1993
2006
1762
1421
1029
692
642
706
804
752
433
67
-321
-530
-491
-471
-411
-440
-547
-673
-891
-910
-836
-832
-775
-674
-637
-568
-506
-428
-386
-465
-354
-242
-73
194
284
344
394
446
547
693
763
738
836
828
680
747
763
666
634
560
401
174
128
94
-54
-52
-142
-299
-405
-624
-766
-895
-1063
-1001
-947
-906
-826
-951
-1042
-1062
-1058
-883
-619
-382
-220
-218
-265
-297
-338
-226
27
375
624
682
604
349
114
16
287
714
908
947
645
196
-40
-49
271
638
783
694
467
299
212
226
203
179
163
155
352
542
555
217
-543
-1336
-1689
-1230
-482
-88
-290
-1350
-2607
-3524
-3770
-3124
-2289
-1917
-2367
-3211
-3933
-4324
-4053
-3491
-2927
-2720
-2887
-2748
-2309
-1805
-1444
-1292
-1268
-1104
-412
734
1847
2385
2213
1624
1299
1705
2697
3962
4807
4636
3818
2940
2692
3179
3874
4389
4216
3538
2735
2160
2142
2403
2535
2244
1641
1044
762
838
839
435
-213
-663
-830
-704
-409
-401
-846
-1499
-1973
-2139
-1810
-1068
-584
-685
-1246
-1860
-1943
-1388
-511
159
328
136
-182
-334
-125
418
1099
1632
1770
1650
1550
1587
1705
1755
1862
1906
1920
1987
1953
1766
1318
869
519
266
307
466
388
-108
-736
-1376
-1870
-1895
-1618
-1309
-1251
-1525
-1960
-2374
-2523
-2320
-1805
-1183
-881
-999
-1178
-1303
-1283
-952
-523
-102
388
647
698
628
384
239
266
628
1288
1673
1629
1374
805
301
386
827
1361
1680
1600
1277
765
493
618
698
681
683
739
847
929
833
343
-703
-1808
-2189
-1639
-431
390
-283
-2222
-4354
-5754
-5639
-4171
-2594
-2058
-3336
-5686
-7552
-7939
-6633
-4784
-3652
-3757
-4775
-5760
-5733
-4538
-3083
-2178
-1973
-1986
-1648
-565
947
1975
2149
1717
1427
2100
3895
5927
6981
6450
4801
3453
3585
5151
7051
8164
7543
5537
3601
2693
3314
4760
5677
5359
3789
1865
736
711
1398
1813
1471
720
-186
-703
-841
-963
-1099
-1430
-1762
-1921
-1771
-1435
-1369
-1759
-2338
-2519
-2197
-1467
-650
-422
-836
-1415
-1539
-1055
-196
728
1270
1302
864
489
642
1219
2014
2519
2573
2287
1906
1750
1731
1678
1684
1769
1710
1568
1209
658
183
-461
-866
-821
-608
-389
-641
-1255
-1987
-2580
-2645
-2336
-1877
-1489
-1375
-1576
-1884
-2054
-2056
-1743
-1290
-817
-405
-288
-249
-137
-135
-187
-138
112
497
841
1004
946
863
641
508
633
787
988
1070
1066
1141
1046
922
938
816
741
599
482
728
1061
1188
853
21
-1063
-1832
-1816
-1023
-161
-257
-1445
-3318
-5032
-5670
-5145
-3835
-2931
-3444
-5253
-7460
-8546
-8076
-6676
-5083
-4426
-5108
-6351
-7054
-6563
-5152
-3474
-2325
-2044
-2136
-1963
-1076
315
1526
2162
2479
2791
3556
4940
6235
6790
6317
5474
5247
6012
7484
8759
8957
7775
5900
4565
4613
5762
6996
7425
6366
4112
2049
1165
1678
2819
3394
2981
1548
-274
-1591
-2075
-1609
-780
-375
-602
-1452
-2634
-3548
-3789
-3391
-2445
-1440
-1041
-1369
-2253
-3015
-3041
-2281
-685
853
1356
912
-172
-842
-450
727
2243
3315
3410
2503
1421
1061
1562
2462
3032
3003
2478
1714
1153
938
938
803
397
-93
-443
-528
-505
-758
-1365
-2000
-2474
-2549
-2316
-1832
-1485
-1734
-2158
-2523
-2591
-2298
-1787
-1252
-964
-883
-932
-916
-760
-581
-382
-179
140
524
718
665
439
314
413
792
1191
1332
1119
760
674
873
1336
1677
1506
879
194
120
793
1843
2331
1531
-298
-2250
-2833
-1663
320
1469
381
-2474
-5541
-7175
-6436
-4025
-1877
-1730
-4181
-8002
-10525
-10141
-7391
-4320
-2983
-4188
-7026
-9210
-9029
-6536
-3321
-1284
-1274
-2689
-3816
-3477
-1560
1082
2908
3327
2733
2304
3105
4815
6344
6740
6240
5682
5831
6938
8318
9024
8332
6658
5251
5035
6298
8001
8559
7398
4861
2431
1659
2740
4628
5563
4725
2500
-127
-1597
-1434
-134
1265
1326
98
-1759
-3312
-3593
-2966
-2097
-1602
-1846
-2388
-2800
-2993
-3061
-3000
-2598
-1986
-1389
-926
-700
-719
-931
-963
-490
361
1247
1966
2146
1657
1263
1414
1932
2504
2640
2326
1987
1637
1395
1311
1253
1096
523
-72
-362
-416
-293
-429
-961
-1655
-2069
-1999
-1600
-1165
-1055
-1265
-1663
-2103
-2231
-1926
-1343
-737
-507
-646
-964
-1248
-1321
-1091
-600
-81
521
715
361
-47
-274
153
908
1401
1402
893
481
527
920
1336
1449
1014
309
-24
270
1218
2201
2227
860
-1519
-3252
-2644
9
2559
2610
-222
-4152
-6792
-6625
-4081
-938
520
-1241
-5658
-10001
-11384
-8925
-4601
-1938
-2789
-6520
-10434
-11630
-9469
-5345
-2041
-1437
-3144
-5727
-6846
-5119
-1370
2427
4115
3119
1011
105
1662
4728
7091
7512
6569
5698
5680
6474
7638
8411
8179
7046
5805
5537
6544
7918
8299
6714
3952
2102
2453
4410
5998
5775
3760
1146
-690
-1013
282
2271
3300
2307
-361
-3059
-3979
-2768
-631
680
147
-1565
-3276
-3865
-3095
-1819
-725
-366
-847
-1787
-2381
-2026
-838
381
680
254
-240
-231
308
902
1284
1356
1497
1555
1409
1428
1456
1406
1311
1196
1220
1331
1305
980
353
-128
-187
104
416
370
17
-686
-1416
-1871
-1975
-1537
-1001
-952
-1567
-2435
-2982
-2806
-2181
-1687
-1368
-1324
-1423
-1621
-1763
-1471
-1003
-521
-376
-698
-832
-494
100
386
154
-380
-674
-307
345
786
686
274
-100
-198
203
1071
2066
2186
905
-1104
-2159
-736
2222
4246
3518
251
-3249
-4899
-3989
-1351
1054
1373
-1496
-6413
-10279
-10599
-7215
-2800
-821
-3003
-7866
-11823
-12109
-8489
-3642
-581
-721
-3616
-6811
-7937
-5916
-1382
2796
3990
2033
-1047
-2272
-254
3334
5962
6474
5499
4364
3919
4534
5864
7450
8164
7200
5666
5017
6133
8111
8943
7841
5561
4026
4406
5791
6917
6997
5641
3437
1189
-17
674
2476
3747
2959
269
-2496
-3724
-2823
-847
400
21
-1476
-3127
-4158
-4013
-2795
-1140
-63
-434
-1971
-3187
-3012
-1634
-20
640
465
163
34
-8
-105
185
861
1574
1701
1376
1317
1516
1680
1345
901
1102
1844
2358
2060
1267
485
-53
-303
-268
124
342
-51
-1092
-2422
-2921
-2407
-1539
-958
-1149
-1819
-2538
-2970
-2705
-2011
-1288
-982
-1345
-1823
-2087
-1930
-1201
-497
-423
-912
-1535
-1501
-903
-579
-703
-1070
-1103
-699
-322
-159
-72
90
368
723
1166
1971
2534
1949
289
-1321
-1136
991
3245
3325
698
-2748
-5229
-5424
-3231
-366
1139
-377
-4661
-9012
-10430
-7954
-3367
-115
-777
-4924
-9537
-11258
-8871
-4139
-295
488
-1870
-5371
-7222
-5955
-2005
2433
4650
3209
-336
-2745
-1901
1875
5643
7031
6123
4262
2963
2997
4397
6701
8548
8574
6945
5159
4868
6273
7938
8251
6920
5019
3867
3943
4784
5591
5682
4752
2891
980
141
904
2486
3421
2643
280
-1966
-2664
-1702
-159
793
666
-473
-2088
-3516
-3862
-2662
-767
292
-487
-2471
-3995
-4111
-3192
-1981
-1119
-916
-1338
-2141
-2508
-2055
-853
544
1318
1217
670
499
845
1230
1360
1504
1850
2037
1920
1505
895
434
284
412
677
995
1025
334
-745
-1648
-1925
-1344
-244
464
144
-891
-1846
-2060
-1531
-670
68
371
3
-961
-1938
-2154
-1416
-549
-313
-805
-1494
-1937
-2239
-1985
-1063
-242
-206
-902
-1639
-1683
-843
500
1767
2173
1166
-910
-2507
-1965
683
3496
3865
1288
-2293
-4823
-4893
-2619
482
2238
857
-3399
-7859
-9279
-6808
-2493
298
-491
-4235
-8283
-9712
-7459
-3137
353
1046
-1220
-4619
-6567
-5667
-2256
1586
3493
2394
-688
-2884
-2324
426
3350
4630
4073
2623
1585
1608
2681
4555
6054
6098
4954
3791
3899
5488
7162
7341
6018
4590
4092
4655
5491
5828
5374
4243
2940
1773
1465
1985
2358
2110
1171
112
-450
-447
-70
121
-179
-843
-1216
-808
-400
-679
-1420
-2047
-1801
-895
-405
-571
-1012
-1449
-1748
-1897
-1565
-419
947
1331
245
-1373
-1868
-885
461
1287
1554
1340
543
-246
-469
128
1216
2027
2148
1305
-77
-1148
-981
222
1130
1080
235
-442
-486
-582
-1111
-1516
-1075
-136
281
-189
-773
-797
-618
-1022
-1791
-1505
176
1331
505
-1249
-2414
-2088
-861
-80
167
96
-224
-949
-1714
-1650
-820
55
284
-271
-803
-626
58
302
-806
-2497
-3281
-2069
428
1724
558
-2226
-4789
-5700
-4608
-2156
354
840
-1835
-6341
-9527
-8573
-4093
417
1589
-1264
-5615
-8353
-7905
-4213
546
3307
2441
-1582
-5691
-6538
-3249
2036
5616
5379
2063
-1686
-2951
-827
3191
6520
6918
4296
1023
-321
912
3839
6638
7414
5679
2533
572
1893
5438
7975
7546
4702
1736
600
1421
3345
4909
4988
3217
117
-2323
-1967
913
3645
3834
1300
-1630
-2706
-1681
401
1830
2002
1117
-456
-1510
-1524
-370
1598
2801
1925
-417
-1976
-1441
297
1370
946
-128
-597
-470
-706
-1150
-757
458
1145
272
-1159
-1351
-253
667
354
-525
-782
-347
-233
-814
-1150
-658
432
1073
490
-378
-528
-62
456
468
296
502
701
375
-403
-913
-479
545
1110
808
103
-498
-642
-355
110
449
517
334
-193
-924
-1613
-1736
-1027
-133
57
-748
-1711
-2060
-2138
-2217
-2159
-1608
-545
-183
-1614
-4040
-5556
-4867
-2408
-4
937
-316
-3303
-6223
-7472
-5962
-2314
877
1148
-2225
-7218
-10072
-8743
-4313
104
1576
-510
-4588
-7783
-7885
-4582
434
3966
3938
463
-3776
-5113
-2509
2198
5841
6394
4465
1687
-174
284
2894
6038
7594
6374
3761
2128
2398
4154
5872
6467
5769
4306
3307
3186
3911
4702
4248
2648
1203
1001
1968
3041
3191
2286
742
-827
-1510
-742
1043
2260
1692
-220
-2102
-2516
-1421
213
1513
1859
1252
-61
-1440
-1531
-17
1910
3031
2475
959
-146
-261
404
1025
1500
2034
2038
1166
-141
-855
-351
464
599
130
-215
-289
-620
-1249
-1612
-1223
-377
45
-389
-1150
-1550
-1257
-770
-662
-717
-651
-433
-566
-1076
-1227
-784
-204
-337
-1086
-1298
-593
576
1004
261
-399
-390
16
544
946
1292
1447
941
-126
-837
-390
771
1479
1210
462
-57
-229
-425
-857
-1083
-871
-517
-438
-845
-1657
-2856
-4411
-5551
-4941
-2523
-398
-771
-3618
-6873
-8418
-7561
-5144
-2563
-892
-1747
-5319
-8990
-9732
-6700
-2342
68
-540
-2896
-5108
-5882
-4590
-1482
1824
3345
2210
-302
-1832
-1223
1156
3753
5167
4945
3552
2598
3185
4390
4904
4762
4430
4256
4395
4617
5179
5648
4994
3131
1339
1677
4020
6043
5709
2962
-88
-1683
-1410
278
2270
3513
2956
215
-3016
-4275
-2672
593
2980
2796
625
-1820
-3012
-2570
-962
1188
2875
3061
1740
95
-542
289
1964
3375
3852
3455
2524
1638
1202
1225
1812
2662
3355
3349
2291
801
-226
8
854
1263
1092
448
-172
-838
-1488
-1832
-1555
-916
-909
-1432
-2010
-2127
-1754
-1707
-2029
-2288
-2286
-1832
-1328
-1182
-1174
-1002
-845
-987
-989
-561
91
740
978
736
502
373
480
1150
1951
2278
1886
1107
465
239
342
546
996
1571
1769
993
-594
-1783
-1712
-915
-346
-94
-293
-1188
-3296
-6096
-7044
-5200
-2037
-395
-2073
-5522
-8339
-9314
-8363
-6087
-3618
-2581
-3917
-7000
-9755
-9807
-6912
-3558
-2240
-3120
-4547
-4796
-3704
-2308
-1006
39
715
1029
1038
1707
3367
4863
4962
3535
2340
3038
5558
8227
8953
7180
4378
2578
2898
5008
7526
9108
8665
5877
1813
-1029
-132
3919
7395
7264
3893
-15
-2210
-2106
-639
1220
2700
2516
108
-3111
-4805
-3969
-1538
500
875
-131
-1375
-1917
-1707
-1061
-148
806
1645
2067
1669
960
925
1751
2593
2560
2196
2628
3649
3845
2597
1340
1524
2813
3584
2898
1797
1282
1146
745
168
347
1159
1271
87
-1422
-1872
-1162
-618
-920
-1530
-1863
-1881
-1831
-1935
-2089
-2014
-1951
-1912
-1892
-1829
-1333
-894
-980
-1323
-1518
-1189
-630
-331
-199
-114
-208
-395
-376
138
987
1639
1633
983
434
282
349
527
643
702
534
10
-653
-1238
-1380
-1005
-737
-965
-1328
-1418
-1763
-2914
-4459
-5209
-4227
-2623
-2418
-3924
-5491
-6034
-6023
-6161
-6236
-5399
-4254
-4257
-5573
-6749
-6390
-5106
-4393
-4664
-4772
-3645
-1823
-512
-559
-1336
-1739
-1355
-337
910
2679
4496
5101
4053
2180
1335
2538
5174
7415
7966
7115
5509
4084
3765
4751
6485
7777
7722
6270
4213
2768
2689
3946
5327
5350
3715
1444
276
488
1072
1434
1307
646
-440
-1763
-2541
-2116
-834
28
-495
-1793
-2480
-2136
-1388
-650
9
544
795
622
156
-19
508
1285
1839
2079
2108
2091
2190
2215
2077
2010
2324
2914
3030
2535
1827
1515
1671
1521
830
362
791
1348
1106
119
-678
-746
-591
-819
-1461
-1569
-1173
-1252
-2023
-2908
-2955
-2336
-1946
-2282
-2736
-2454
-1835
-1592
-1947
-2369
-2147
-1552
-1148
-1004
-824
-457
-401
-665
-764
-623
-360
-299
-411
-218
103
149
-79
-304
-356
-688
-1237
-1241
-606
104
53
-1005
-2156
-2703
-2597
-2065
-1460
-1091
-1374
-2395
-3563
-4228
-3978
-2946
-1959
-1802
-2434
-3330
-4053
-4002
-3235
-2562
-2292
-2377
-2563
-2670
-2790
-2589
-1841
-1110
-1021
-1431
-1615
-1351
-823
-120
472
861
1111
1075
896
960
1546
2343
2724
2662
2675
2980
3398
3680
3742
3682
3470
3534
3991
4447
4722
4634
4411
4102
3590
3180
3212
3647
4018
3722
2664
1895
1981
2204
2238
2173
2047
2036
1740
915
299
450
1072
1216
454
-584
-898
-410
-26
-67
-287
-554
-696
-803
-865
-647
-375
-229
-303
-499
-584
-401
174
573
336
-224
-394
187
815
887
716
691
748
693
377
227
556
855
680
-5
-709
-936
-760
-614
-622
-816
-1173
-1700
-2339
-2438
-1870
-1269
-1121
-1711
-2555
-2857
-2647
-2232
-1904
-1677
-1433
-1557
-2163
-2576
-2290
-1640
-1319
-1355
-1374
-1182
-1037
-1342
-1609
-1462
-1075
-801
-745
-637
-471
-440
-792
-1334
-1629
-1396
-834
-165
168
-146
-569
-978
-1017
-476
295
888
844
353
-5
46
279
524
889
1330
1385
1080
968
1033
1087
999
834
775
782
663
273
-80
-298
-474
-548
-590
-638
-753
-918
-966
-1119
-1432
-1510
-1261
-829
-585
-733
-920
-792
-290
186
296
253
72
-81
46
369
889
1448
1681
1343
873
890
1567
2231
2269
1997
1952
2380
2641
2444
2354
2583
2671
2384
2129
2233
2613
2758
2555
2391
2437
2211
1509
1024
1020
1356
1543
1379
1145
620
-101
-484
-235
315
428
-179
-875
-1170
-1317
-1328
-1241
-1046
-750
-921
-1425
-1811
-1777
-1274
-788
-559
-707
-905
-1008
-1068
-821
-575
-419
-284
-428
-618
-621
-467
-255
-173
-412
-724
-778
-698
-414
-254
-649
-1380
-1862
-1537
-928
-786
-997
-1235
-1388
-1862
-2455
-2265
-1567
-1047
-1149
-1779
-2318
-2473
-2160
-1577
-813
-157
-170
-930
-1723
-1790
-1172
-362
176
279
-41
-639
-942
-553
105
680
1014
1069
1060
1005
984
1181
1590
2038
2308
2247
2282
2356
2222
2248
2451
2914
3263
3115
2850
2523
2211
2053
1996
2074
1977
1589
1054
497
90
-158
-195
-151
-393
-1204
-2094
-2449
-2322
-2004
-1992
-2273
-2650
-3032
-3349
-3593
-3430
-3012
-2713
-2569
-2568
-2603
-2501
-2053
-1424
-1053
-928
-811
-563
-93
289
527
774
1037
1227
1027
777
1123
2001
2673
2638
2193
1930
2127
2382
2386
2221
2197
2410
2371
2006
1800
2084
2256
1903
1539
1351
1371
1375
1076
756
524
215
-208
-648
-960
-1064
-1074
-1071
-980
-1082
-1499
-1779
-1747
-1416
-1173
-1279
-1493
-1719
-1745
-1563
-1127
-563
-331
-318
-360
-321
30
474
873
889
619
628
760
1002
1121
918
777
767
601
221
-42
169
580
745
489
-222
-849
-1197
-1337
-1261
-1014
-700
-684
-1108
-1808
-2110
-1756
-1249
-1100
-1344
-1378
-1155
-1184
-1513
-1641
-1088
-328
-39
-257
-542
-454
-178
-26
78
562
1236
1409
1078
880
1126
1506
1697
1828
2208
2555
2475
2187
2057
2351
2806
2902
2799
2731
2575
2294
2278
2631
2914
2831
2181
1242
485
146
135
245
199
-298
-1071
-1941
-2559
-2756
-2823
-3077
-3573
-4086
-4457
-4560
-4514
-4319
-4126
-4231
-4557
-4819
-4639
-4112
-3351
-2553
-2078
-1881
-1875
-1932
-1629
-939
-70
613
737
804
1220
1860
2424
2656
2598
2438
2379
2417
2632
3073
3499
3600
3236
2640
2161
2139
2317
2329
2227
2015
1888
1689
1272
1052
920
638
275
-224
-655
-645
-217
123
45
-603
-1298
-1582
-1690
-1445
-1156
-1017
-945
-1238
-1610
-1831
-1769
-1297
-834
-552
-404
-463
-391
-148
-2
250
643
1019
1079
824
604
747
1233
1754
2263
2418
1971
1342
879
768
868
928
1005
895
440
-246
-868
-1051
-912
-826
-975
-1260
-1316
-1175
-1403
-1764
-1845
-1612
-1349
-1552
-1697
-1236
-445
65
58
27
371
810
917
653
584
953
1193
1109
1239
1999
2730
2772
2306
1952
2230
2546
2312
1948
1926
2270
2454
2183
1897
2006
2274
2097
1705
1506
1473
1642
1729
1777
1670
1041
42
-1379
-2623
-2899
-2302
-1501
-1565
-2489
-3660
-4847
-5621
-5946
-6240
-6531
-6769
-7023
-6986
-6631
-6168
-5729
-5700
-6089
-6456
-6213
-5151
-3464
-1737
-703
-447
-566
-680
-569
101
1313
2646
3692
4082
3926
3918
4240
4461
4277
3549
2853
2698
3065
3705
4104
3962
3207
2141
1141
536
522
1016
1526
1611
1307
816
629
662
561
173
-156
71
482
926
1371
1794
2102
1740
712
-281
-445
185
1083
1767
1790
1313
691
172
-90
-137
-97
-108
-103
-28
95
370
664
659
179
-458
-654
-359
149
509
668
917
992
749
336
-47
-247
-321
-243
-73
324
493
156
-350
-879
-1194
-1527
-1673
-1324
-968
-855
-931
-1021
-1024
-994
-880
-801
-593
-251
-60
298
769
1225
1553
1498
1350
1306
1305
1306
1492
1797
2019
2150
2016
1936
1888
1653
1520
1404
1334
1311
1240
1135
979
813
463
304
499
569
365
-54
-232
-108
33
127
77
-334
-1349
-2804
-4016
-4257
-3711
-3196
-3213
-3939
-5094
-6173
-7039
-7480
-7580
-7760
-8034
-8232
-8000
-7241
-6246
-5423
-5338
-5717
-6014
-5734
-4305
-2295
-380
1004
1580
1705
1623
1747
2470
3652
4714
5220
5427
5541
5805
6091
6171
5897
4794
3445
2435
2214
2936
3586
3729
3188
2032
821
-186
-486
-67
472
748
642
584
978
1450
1718
1861
1756
1490
1295
1531
2420
3476
4158
4112
3490
2765
2239
2110
2255
2637
2768
2266
1632
1003
542
387
252
-103
-845
-1523
-1720
-1482
-922
-461
-467
-754
-1152
-1630
-1756
-1306
-489
264
402
152
-17
-109
-104
-76
88
232
26
-313
-615
-762
-859
-1150
-1446
-1662
-1856
-1994
-2003
-1714
-1237
-826
-695
-776
-757
-671
-483
-53
456
1072
1597
1861
2019
2166
2391
2369
1957
1589
1432
1359
1357
1354
1293
1164
835
254
-386
-769
-801
-697
-648
-728
-804
-870
-801
-591
-406
-322
-666
-1136
-1275
-898
73
997
1271
706
-539
-2063
-3304
-3812
-3702
-3259
-3281
-4200
-5300
-6040
-6381
-6703
-7361
-8281
-9017
-9187
-8957
-8077
-6582
-5062
-4081
-4193
-4754
-4590
-3242
-1050
1047
2431
3290
3886
4247
4589
5311
6333
6935
6796
6138
5650
5966
6710
7124
6684
5348
3754
2586
1952
1732
1821
1748
1271
634
-10
-223
97
560
938
961
631
351
638
1553
2558
3084
3031
2832
2876
3081
3409
3757
4048
4152
3648
2816
2220
2311
2654
2253
1209
126
-396
-363
-432
-764
-1103
-1368
-1794
-2296
-2414
-1902
-1104
-759
-965
-1363
-1335
-888
-600
-431
-164
399
885
787
528
562
636
383
-220
-817
-966
-945
-1291
-1769
-2128
-2260
-2329
-2626
-2881
-2964
-2904
-2839
-2707
-2309
-1757
-1089
-365
133
322
346
472
870
1232
1414
1692
2144
2722
3047
2819
2399
1881
1212
481
-86
-354
-376
-145
-99
-341
-608
-1205
-1854
-2210
-2332
-2101
-1702
-1178
-599
-85
244
506
854
956
901
1031
1388
1896
2340
2470
2283
1693
544
-982
-2347
-3157
-3591
-4040
-4653
-5430
-6159
-6789
-7533
-8234
-8690
-9045
-9533
-9808
-9445
-8278
-6454
-4616
-3355
-2701
-2059
-1044
304
1754
3212
4390
5272
6062
6520
7198
8196
8838
8706
7801
6842
6249
5994
5780
5378
4593
3239
1833
804
350
536
707
334
-324
-861
-1170
-986
-386
298
941
1210
1043
907
1377
2317
3128
3493
3471
3389
3488
3747
4124
4418
4274
3515
2180
875
111
-264
-305
-161
-308
-810
-1337
-1791
-2164
-2564
-3138
-3734
-4066
-3798
-3033
-2159
-1476
-950
-408
-27
92
148
374
741
953
970
1065
1150
1286
1318
842
138
-588
-1186
-1682
-2301
-2805
-3071
-3257
-3473
-3794
-3981
-3730
-3452
-3307
-3114
-2892
-2278
-1357
-444
426
1206
1748
1925
1962
2154
2640
3220
3505
3408
3209
3098
3002
2771
2293
1610
962
338
-417
-946
-937
-689
-722
-1164
-1812
-2217
-2078
-1539
-861
-379
-230
-232
-107
333
1154
1980
2355
2226
1845
1666
1986
2734
3270
2937
1739
-34
-1827
-2970
-3473
-3629
-4075
-5156
-6470
-7554
-7845
-7537
-7452
-7867
-8673
-9584
-9929
-9432
-8133
-6203
-4302
-2880
-2058
-1185
348
2325
4218
5399
5736
5541
5495
6196
7412
8418
8744
8332
7460
6470
5508
4824
4332
3573
2291
657
-626
-966
-530
-78
-360
-1335
-2200
-2498
-2144
-1448
-725
82
680
920
924
1296
2279
3207
3556
3187
2677
2652
3190
3891
4183
4125
3777
2983
1987
1045
602
548
193
-654
-1582
-2061
-1992
-1570
-1284
-1354
-1658
-2079
-2427
-2701
-2541
-1829
-1166
-690
-375
-26
641
1528
2298
2561
2164
1494
856
312
24
-125
-155
-219
-682
-1341
-1928
-2346
-2765
-3447
-4244
-4946
-5313
-5257
-4793
-4024
-3212
-2522
-1988
-1512
-866
-78
702
1421
2006
2514
2927
3291
3577
3811
3918
3661
3320
2993
2661
2511
2462
2333
2038
1370
474
-230
-650
-963
-1247
-1359
-1252
-944
-635
-465
-203
166
478
577
571
732
997
1280
1469
1632
1956
2333
2603
2541
2149
1932
1836
1625
1043
-120
-1370
-2659
-4031
-5173
-5888
-6302
-6634
-7101
-7649
-7930
-7978
-7920
-8027
-8263
-8326
-8184
-7721
-6628
-4872
-2830
-931
441
1523
2557
3635
4796
5676
6181
6356
6171
5954
5920
6026
6130
5909
5249
4292
3373
2538
1894
1402
577
-594
-1875
-2832
-3134
-2957
-2534
-2159
-1966
-1669
-1325
-921
-231
618
1435
1917
1981
1955
2226
2918
3760
4364
4719
4926
4977
4846
4513
4221
3899
3318
2392
1337
565
162
28
-185
-547
-832
-994
-1042
-1232
-1554
-1590
-1595
-1975
-2350
-2328
-1828
-976
-192
408
997
1625
2043
1885
1378
971
676
347
-184
-713
-945
-974
-1187
-1666
-2217
-2809
-3286
-3788
-4207
-4274
-4055
-3647
-3364
-3037
-2639
-2199
-1607
-969
-168
642
1400
2195
2926
3508
3883
4113
4095
3731
3343
2940
2651
2620
2643
2791
2691
2309
1733
936
222
-471
-1150
-1655
-2007
-2223
-2223
-2066
-1713
-1338
-1106
-942
-860
-838
-811
-592
-198
327
830
1072
1184
1502
1993
2458
2710
2428
1963
1560
1115
602
-45
-637
-1384
-2578
-3990
-5258
-6047
-6347
-6597
-6960
-7364
-7583
-7390
-7151
-6839
-6411
-6098
-5845
-5613
-5072
-3891
-2209
-545
791
1819
2714
3761
4891
5797
6296
6339
5999
5336
4624
4294
4229
4193
3893
3263
2645
2051
1529
996
346
-493
-1546
-2486
-3131
-3103
-2481
-1880
-1365
-1005
-629
10
690
1331
1867
2154
2281
2446
2727
3169
3809
4346
4623
4909
5110
5123
5111
4902
4455
3645
2338
1008
-42
-716
-1010
-1162
-1255
-1313
-1366
-1428
-1501
-1651
-1965
-2357
-2794
-3096
-2983
-2393
-1439
-509
142
628
848
926
1000
914
829
505
-11
-463
-966
-1293
-1505
-1645
-1810
-2126
-2354
-2475
-2543
-2438
-2365
-2364
-2204
-2068
-1851
-1494
-961
-321
205
750
1232
1806
2524
3044
3433
3689
3656
3422
3140
2857
2672
2527
2305
2049
1737
1545
1437
1139
754
257
-404
-1093
-1711
-2137
-2198
-2150
-2240
-2194
-2159
-1962
-1516
-1186
-785
-504
-336
-186
-113
251
867
1492
1881
1914
1853
1911
2000
1906
1595
1019
247
-386
-979
-1449
-1675
-2007
-2606
-3529
-4573
-5530
-6196
-6518
-6702
-6906
-7064
-6828
-6333
-5640
-4844
-4331
-3966
-3772
-3639
-3241
-2612
-1644
-518
454
1453
2441
3520
4782
5773
6207
6126
5559
4813
4253
3832
3605
3438
3097
2712
2298
1991
1936
1870
1523
802
-244
-1263
-1914
-2125
-1917
-1472
-1062
-595
61
732
1502
2400
3067
3363
3303
3020
2938
3159
3561
3943
4118
4166
4015
3761
3581
3382
2883
2097
1189
189
-656
-1239
-1671
-1978
-2130
-2263
-2387
-2288
-1884
-1356
-978
-831
-820
-952
-1016
-1012
-1067
-901
-593
-287
26
358
854
1212
1251
966
230
-638
-1488
-2167
-2627
-2883
-2859
-2685
-2387
-2114
-1749
-1433
-1272
-1254
-1521
-1653
-1638
-1594
-1340
-902
-439
164
950
1720
2535
3130
3334
3301
3083
2847
2506
2117
1823
1553
1356
1135
955
884
722
336
-242
-889
-1398
-1775
-1970
-1963
-2004
-1964
-1814
-1627
-1260
-748
-225
187
435
694
1029
1365
1598
1661
1757
1761
1656
1668
1628
1578
1513
1241
742
-38
-817
-1439
-1892
-2170
-2554
-2751
-2790
-2929
-3115
-3472
-3892
-4274
-4711
-5191
-5471
-5388
-5027
-4552
-4043
-3357
-2621
-2134
-1783
-1551
-1316
-968
-583
-171
390
1216
2044
2850
3618
4302
4849
5060
4951
4552
4057
3592
3027
2391
1886
1456
1061
891
839
934
1040
882
605
216
-132
-491
-975
-1218
-1187
-981
-523
138
973
1828
2521
2936
3030
3047
2978
2695
2239
1791
1418
1120
1134
1137
1170
1461
1515
1313
1020
546
-9
-742
-1532
-2110
-2446
-2436
-2189
-1721
-1172
-700
-147
178
256
236
-10
-296
-684
-964
-909
-657
-305
90
504
755
966
977
659
275
-246
-809
-1396
-1919
-2069
-1927
-1732
-1534
-1244
-1005
-749
-414
-258
-313
-448
-621
-798
-877
-820
-572
-160
426
1057
1656
2170
2469
2654
2458
1943
1481
1009
551
219
143
209
181
220
342
321
209
-53
-415
-749
-1039
-1154
-1245
-1104
-691
-311
112
486
828
1072
1133
1116
918
788
690
520
530
530
568
564
476
365
-73
-673
-1201
-1597
-1966
-2337
-2572
-2666
-2509
-2155
-1696
-1372
-1214
-1148
-1453
-1967
-2507
-2772
-2746
-2765
-2637
-2538
-2416
-1952
-1464
-1049
-805
-817
-978
-1392
-1620
-1558
-1449
-1147
-805
-483
24
858
1849
2610
3049
3147
2903
2384
1694
1209
1007
893
822
867
1126
1571
2103
2501
2579
2271
1667
1006
374
-153
-496
-663
-674
-515
-81
683
1494
2117
2551
2650
2510
2038
1470
1145
872
614
440
483
625
949
1357
1646
1755
1551
1072
388
-237
-816
-1225
-1501
-1794
-1837
-1527
-1008
-471
80
528
752
759
562
269
-103
-479
-748
-831
-771
-527
-31
410
741
914
859
700
224
-464
-1076
-1576
-1912
-2203
-2306
-2035
-1636
-1316
-1032
-879
-739
-609
-801
-1012
-1150
-1271
-1175
-886
-509
-13
605
1098
1547
1915
2058
2147
2000
1673
1406
1144
1008
887
785
745
597
563
470
244
94
-107
-211
-378
-540
-457
-416
-410
-391
-331
-195
-121
-102
-90
-59
97
279
403
435
424
373
142
-47
-242
-458
-589
-836
-998
-1119
-1217
-1114
-1024
-925
-892
-945
-777
-577
-403
-185
-193
-397
-817
-1247
-1562
-1867
-2000
-2133
-2231
-2265
-2192
-1935
-1759
-1672
-1822
-2112
-2390
-2712
-2872
-2809
-2465
-2039
-1561
-776
32
804
1583
2246
2776
3043
3005
2826
2563
2236
2074
2004
1876
1841
1891
2026
2284
2463
2442
2157
1598
1012
385
-207
-615
-931
-1086
-1029
-708
-317
141
817
1382
1707
1830
1675
1444
1203
906
612
320
253
288
504
969
1372
1764
1874
1667
1375
915
330
-222
-814
-1339
-1533
-1421
-1056
-706
-311
114
356
620
682
422
191
-101
-435
-553
-587
-460
-181
149
568
915
1099
983
712
337
-223
-765
-1310
-1816
-2118
-2203
-2058
-1789
-1524
-1218
-964
-800
-648
-594
-637
-703
-651
-604
-547
-222
204
750
1197
1469
1709
1876
1992
1847
1645
1369
993
609
274
207
226
179
175
223
210
162
97
4
-180
-470
-725
-940
-1005
-1003
-833
-449
-235
-125
-23
50
67
-57
-293
-572
-839
-1015
-1082
-1048
-859
-680
-536
-335
-158
-122
-196
-279
-405
-489
-617
-660
-465
-227
150
610
904
1009
892
504
-125
-855
-1357
-1808
-2393
-2818
-3025
-2994
-2780
-2419
-2059
-1904
-1909
-2072
-2304
-2356
-2284
-2204
-2003
-1737
-1239
-389
727
2004
3027
3686
4042
4003
3715
3444
3008
2405
1861
1301
998
1083
1394
1898
2287
2300
2027
1467
757
29
-681
-1305
-1900
-2297
-2300
-1846
-1114
-160
886
1607
2098
2334
2272
2134
1843
1413
910
383
151
330
707
1151
1645
2062
2209
2084
1757
1304
703
-63
-819
-1466
-1857
-1876
-1655
-1274
-771
-143
411
842
1159
1192
1057
667
124
-303
-627
-756
-691
-378
135
579
967
1139
1126
986
467
-247
-1049
-1766
-2292
-2653
-2815
-2789
-2502
-2071
-1552
-1077
-761
-599
-534
-489
-548
-586
-559
-453
-206
183
700
1258
1770
2182
2473
2541
2377
2096
1761
1353
911
489
108
-99
-145
-129
-200
-304
-305
-382
-619
-934
-1182
-1437
-1699
-1720
-1670
-1574
-1260
-907
-630
-332
-124
-7
89
2
-219
-423
-529
-526
-362
-103
149
468
724
863
937
825
603
388
85
-194
-336
-406
-215
138
348
537
600
343
-17
-462
-984
-1599
-2197
-2583
-2894
-3008
-2926
-2637
-2177
-1778
-1505
-1329
-1272
-1316
-1415
-1530
-1570
-1660
-1651
-1282
-527
360
1324
2261
2880
3303
3469
3360
3000
2369
1611
804
243
6
65
446
933
1416
1764
1877
1758
1415
928
239
-614
-1367
-1833
-1859
-1484
-877
-40
915
1775
2399
2824
3024
2807
2260
1470
746
214
-178
-241
-101
323
915
1423
1792
1884
1823
1583
1027
250
-534
-1142
-1576
-1757
-1565
-1257
-750
-73
528
1133
1589
1700
1506
1239
878
307
-225
-586
-823
-865
-700
-421
-231
-74
201
293
88
-253
-797
-1452
-1948
-2451
-2860
-2967
-2893
-2551
-2052
-1504
-920
-442
-127
70
200
128
-38
-47
-15
89
268
532
864
1169
1469
1640
1704
1601
1474
1219
667
230
-117
-489
-718
-841
-871
-838
-816
-803
-791
-673
-657
-747
-706
-630
-583
-533
-324
-24
186
268
273
278
139
47
23
-44
-14
24
85
253
479
662
767
833
805
609
374
207
131
98
131
313
585
791
999
1311
1424
1248
890
351
-328
-1070
-1753
-2315
-2609
-2754
-2858
-2767
-2463
-2035
-1735
-1583
-1555
-1737
-2007
-2223
-2420
-2482
-2313
-2080
-1640
-918
-50
896
1742
2398
2726
2724
2497
2144
1788
1198
554
165
-56
-6
334
800
1246
1557
1750
1737
1474
1055
469
-217
-852
-1344
-1550
-1473
-1055
-326
431
1173
1742
2187
2451
2356
2064
1566
882
267
-66
-177
-95
131
573
1210
1698
2011
2200
2169
1777
1085
400
-227
-885
-1229
-1252
-1143
-732
-232
362
1051
1531
1713
1588
1234
756
187
-436
-920
-1246
-1374
-1273
-1031
-654
-211
183
412
408
93
-450
-1002
-1584
-2196
-2659
-2840
-2751
-2461
-1975
-1305
-555
57
423
666
719
591
483
259
90
-25
-187
-60
189
498
813
1108
1371
1414
1367
1245
912
460
37
-343
-659
-922
-979
-876
-682
-326
-76
118
288
254
295
308
103
-78
-209
-331
-532
-645
-646
-579
-425
-436
-386
-238
-167
-6
122
223
318
332
342
241
176
178
97
161
260
334
546
767
982
1208
1322
1233
966
522
-41
-589
-1148
-1665
-2174
-2553
-2717
-2815
-2651
-2372
-2167
-1982
-1898
-1910
-2014
-2180
-2285
-2345
-2418
-2401
-2193
-1681
-990
-168
698
1484
2201
2696
2930
3045
2919
2506
2008
1475
1080
803
656
748
1005
1376
1688
1870
1937
1834
1483
923
354
-349
-1048
-1472
-1614
-1388
-933
-274
463
1195
1937
2360
2421
2269
1878
1340
691
77
-311
-475
-385
-97
404
905
1342
1746
1888
1765
1423
925
209
-547
-1161
-1529
-1646
-1570
-1112
-505
201
906
1331
1617
1746
1504
955
329
-439
-1109
-1452
-1646
-1607
-1313
-1000
-588
-174
27
95
-121
-526
-1032
-1716
-2318
-2717
-2894
-2815
-2509
-2016
-1417
-750
-58
550
973
1148
1130
905
601
428
197
69
158
227
414
785
1184
1564
1764
1746
1685
1414
1002
556
114
-283
-618
-767
-820
-734
-469
-109
159
373
567
555
481
381
174
-70
-220
-412
-594
-597
-529
-324
-145
14
179
280
448
528
524
430
311
257
106
-107
-295
-362
-362
-325
-159
20
195
379
544
631
621
492
128
-353
-845
-1347
-1690
-1992
-2273
-2427
-2442
-2326
-2145
-1875
-1717
-1623
-1572
-1706
-1863
-2114
-2358
-2385
-2291
-2108
-1748
-1156
-472
317
1199
1820
2274
2575
2595
2443
2025
1679
1395
960
650
598
789
1113
1427
1679
1846
1855
1681
1297
769
159
-441
-969
-1386
-1470
-1227
-766
-220
322
929
1424
1719
1809
1672
1377
942
481
109
-127
-110
86
330
700
1126
1438
1746
1933
1778
1475
993
479
0
-419
-636
-784
-664
-386
-15
537
1068
1487
1589
1426
1169
731
219
-288
-770
-1175
-1399
-1350
-1161
-839
-394
-16
153
136
-58
-362
-710
-1136
-1672
-2081
-2166
-2175
-2016
-1626
-1113
-589
-182
172
425
483
424
260
50
-169
-430
-510
-469
-260
69
347
650
888
1078
1179
1068
912
699
387
166
-14
-167
-292
-278
-235
-196
11
107
189
330
348
313
270
150
-68
-295
-494
-641
-711
-759
-728
-643
-503
-319
-237
-54
173
243
313
335
278
291
303
176
93
106
107
249
492
757
1067
1255
1393
1469
1367
1113
637
60
-545
-1207
-1658
-1960
-2214
-2287
-2271
-2114
-1903
-1734
-1636
-1695
-1809
-1998
-2256
-2521
-2696
-2675
-2552
-2208
-1652
-922
-59
775
1521
2117
2588
2687
2450
2125
1675
1262
889
536
366
438
716
1075
1434
1711
1799
1605
1197
734
139
-487
-1102
-1650
-1725
-1614
-1307
-662
-1
679
1151
1480
1681
1615
1393
1060
660
248
15
-31
119
496
883
1288
1721
1976
2149
2150
1868
1474
963
415
-106
-467
-557
-589
-372
69
400
764
1095
1290
1277
986
630
196
-287
-681
-986
-1125
-1111
-1002
-764
-510
-321
-157
-80
-146
-317
-538
-903
-1242
-1528
-1743
-1799
-1850
-1677
-1417
-1161
-739
-325
-39
206
407
426
330
169
74
16
-135
-148
-10
150
291
500
775
952
1103
1153
1095
913
634
516
304
2
-234
-417
-475
-453
-298
-100
86
287
410
368
283
135
-155
-438
-740
-1025
-1186
-1235
-1183
-993
-687
-403
-150
98
270
384
465
410
243
10
-165
-218
-303
-220
58
397
773
1077
1396
1603
1577
1326
897
362
-353
-1154
-1709
-2136
-2425
-2428
-2433
-2300
-1996
-1700
-1516
-1480
-1527
-1751
-1965
-2205
-2485
-2504
-2440
-2144
-1591
-1027
-257
616
1399
2030
2451
2604
2538
2316
1959
1545
1120
854
715
748
1078
1312
1546
1924
2089
2022
1801
1463
999
444
-37
-460
-772
-823
-673
-343
57
503
932
1250
1529
1543
1331
1051
640
161
-248
-456
-551
-511
-300
1
326
683
993
1098
1063
868
615
285
-69
-338
-480
-506
-472
-204
103
461
909
1162
1303
1355
1222
981
572
59
-318
-697
-1110
-1288
-1236
-1106
-906
-691
-486
-339
-260
-370
-702
-925
-1245
-1686
-1924
-2065
-1990
-1734
-1486
-1044
-525
-105
256
584
822
757
644
488
225
89
-145
-214
-120
39
389
619
1037
1434
1531
1658
1566
1236
886
551
136
-254
-476
-535
-430
-251
29
319
562
663
604
468
227
-281
-773
-1187
-1670
-1853
-1879
-1885
-1647
-1230
-870
-478
-31
222
368
433
329
124
-39
-89
-190
-193
66
330
675
1051
1352
1680
1771
1582
1228
682
55
-645
-1363
-1921
-2350
-2666
-2793
-2684
-2346
-1973
-1683
-1530
-1488
-1448
-1529
-1756
-1938
-2020
-2071
-1977
-1629
-1143
-520
205
891
1510
1941
2227
2353
2229
1973
1606
1186
820
530
374
425
605
895
1174
1403
1609
1647
1531
1400
1133
743
496
289
96
138
293
590
960
1227
1545
1773
1872
1866
1689
1423
1001
546
171
-160
-409
-504
-441
-379
-198
72
198
353
486
468
300
77
-60
-258
-449
-438
-327
-175
58
336
660
963
1138
1226
1133
931
672
240
-151
-573
-909
-1186
-1459
-1494
-1509
-1390
-1274
-1265
-1133
-1096
-1165
-1279
-1478
-1670
-1827
-1843
-1733
-1641
-1422
-1091
-775
-358
1
254
496
639
692
628
581
455
290
341
273
173
298
408
584
856
1043
1168
1163
1092
1016
926
799
541
354
256
207
258
268
291
382
403
373
309
148
-122
-422
-660
-926
-1099
-1270
-1345
-1215
-1184
-968
-622
-372
-166
-36
161
309
394
358
289
349
335
373
472
546
682
826
887
860
701
366
11
-398
-825
-1212
-1662
-1975
-2119
-2172
-2157
-2113
-1922
-1745
-1558
-1426
-1440
-1314
-1143
-1075
-1063
-992
-821
-594
-323
66
500
810
1059
1249
1299
1283
1277
1074
841
684
485
428
416
548
737
824
1053
1228
1305
1401
1422
1397
1269
1139
1102
1010
958
1016
1085
1231
1415
1473
1437
1393
1313
1084
749
466
98
-258
-538
-785
-918
-901
-815
-756
-653
-530
-317
-192
-233
-104
-32
-94
-103
-88
-10
61
205
384
570
772
783
806
940
873
745
543
232
-46
-302
-507
-706
-891
-1037
-1123
-1092
-1072
-1089
-999
-958
-986
-912
-946
-1102
-1079
-1016
-1007
-877
-745
-705
-485
-277
-161
86
173
219
311
325
359
334
312
331
303
326
336
394
543
680
848
998
1107
1157
1206
1222
1166
1020
823
687
457
261
95
-79
-120
-189
-243
-287
-408
-569
-729
-865
-1095
-1297
-1387
-1524
-1554
-1407
-1240
-1056
-741
-482
-230
98
294
519
618
584
548
393
228
93
-44
-243
-382
-473
-480
-533
-703
-777
-958
-1104
-1248
-1400
-1501
-1713
-1701
-1685
-1709
-1578
-1331
-923
-683
-437
-31
303
545
732
802
831
880
745
681
698
633
621
540
504
591
599
627
638
631
707
687
705
710
646
781
865
907
1105
1251
1370
1509
1663
1838
1935
1983
1911
1736
1656
1478
1173
902
625
346
61
-177
-372
-519
-674
-859
-992
-1048
-1109
-1122
-1006
-934
-851
-712
-575
-431
-313
-103
96
256
442
602
725
714
709
689
589
491
271
158
46
-151
-222
-393
-480
-539
-751
-866
-928
-936
-947
-1031
-1008
-952
-939
-818
-635
-428
-287
-217
-3
135
115
156
180
115
104
124
55
30
23
25
109
143
190
223
218
280
311
285
235
247
231
237
395
485
531
700
815
838
870
807
688
598
509
368
182
73
-79
-189
-216
-290
-261
-320
-410
-384
-445
-600
-708
-773
-878
-893
-891
-857
-717
-637
-555
-443
-364
-345
-501
-687
-821
-951
-1083
-1336
-1571
-1692
-1672
-1652
-1623
-1457
-1341
-1162
-1031
-1049
-929
-780
-748
-723
-616
-461
-334
-117
167
435
743
998
1129
1249
1356
1352
1246
1076
871
677
448
285
277
238
317
566
663
734
922
1126
1247
1243
1232
1231
1138
1057
1122
1177
1187
1235
1300
1403
1483
1541
1525
1376
1195
1016
865
576
246
-21
-278
-369
-466
-595
-597
-579
-535
-465
-376
-260
-236
-269
-242
-136
-142
-163
-88
-100
-92
-67
-85
-88
-94
-54
-56
-136
-164
-219
-312
-336
-410
-515
-612
-701
-739
-798
-848
-894
-865
-781
-750
-608
-462
-333
-181
-70
87
159
202
177
197
270
242
243
176
195
227
217
205
231
349
336
374
378
339
290
212
227
183
114
68
56
94
118
115
205
263
248
368
475
535
580
597
627
542
440
349
222
162
56
-9
-107
-182
-154
-224
-296
-376
-439
-467
-651
-912
-1108
-1321
-1584
-1784
-1974
-2103
-2171
-2254
-2144
-1978
-1874
-1725
-1597
-1442
-1250
-1160
-1118
-995
-891
-907
-803
-618
-504
-301
-53
233
517
721
832
889
990
1031
933
745
671
588
504
470
382
490
601
648
757
871
1032
1108
1137
1194
1200
1094
1070
1066
1016
1075
1055
1081
1155
1113
1131
1123
981
882
808
680
498
344
343
276
188
180
134
101
56
82
120
35
28
92
120
90
62
168
260
328
451
463
472
548
572
449
287
161
-47
-152
-239
-363
-452
-486
-434
-476
-504
-497
-530
-535
-587
-703
-749
-770
-829
-879
-848
-749
-608
-405
-301
-111
129
220
330
361
391
430
311
236
209
93
60
77
71
169
241
262
400
551
545
424
291
206
97
-45
-171
-259
-244
-246
-202
-79
-63
6
103
142
165
131
116
79
45
-31
-89
-20
-56
-86
-48
-52
-59
-100
-193
-358
-572
-794
-977
-1235
-1521
-1748
-1965
-2107
-2202
-2239
-2248
-2199
-2077
-2016
-1947
-1840
-1698
-1598
-1552
-1342
-1159
-1046
-889
-675
-323
-100
68
318
546
764
866
958
1021
963
864
760
741
699
714
782
767
908
1164
1347
1502
1607
1638
1777
1850
1826
1834
1715
1706
1748
1738
1774
1771
1727
1713
1606
1419
1343
1196
894
605
402
160
-62
-284
-512
-609
-656
-696
-737
-727
-595
-488
-504
-547
-512
-459
-392
-273
-237
-151
25
176
308
372
442
537
550
567
511
436
373
197
138
109
-51
-159
-167
-202
-213
-203
-284
-338
-415
-495
-490
-566
-646
-681
-653
-566
-478
-371
-218
-82
52
259
333
299
326
229
168
228
117
90
129
130
244
256
235
282
230
144
79
-19
-93
-170
-259
-245
-229
-253
-207
-116
-14
-13
71
189
173
171
137
116
82
-3
-66
-125
-215
-330
-408
-458
-573
-706
-818
-1045
-1270
-1404
-1567
-1743
-1932
-2007
-2093
-2212
-2178
-2178
-2256
-2261
-2107
-1981
-1930
-1738
-1488
-1318
-1157
-951
-790
-588
-410
-289
-82
96
301
432
497
623
666
761
789
837
956
1013
1112
1022
1103
1353
1434
1477
1524
1568
1622
1716
1697
1756
1770
1727
1819
1718
1766
1834
1762
1738
1630
1584
1543
1476
1351
1157
940
777
682
486
281
110
18
53
-34
-183
-207
-262
-259
-251
-355
-367
-368
-397
-356
-313
-240
-111
-60
12
116
122
181
266
239
191
213
307
282
145
167
147
58
41
12
-66
-93
-109
-175
-130
-171
-329
-359
-372
-454
-474
-493
-525
-505
-470
-418
-369
-363
-426
-307
-164
-262
-276
-317
-273
-201
-216
-158
-247
-294
-298
-278
-312
-459
-499
-506
-441
-448
-443
-393
-354
-281
-270
-207
-178
-70
28
56
105
46
29
-57
-147
-106
-203
-313
-327
-394
-440
-553
-742
-843
-1050
-1240
-1315
-1508
-1652
-1682
-1719
-1772
-1726
-1647
-1594
-1542
-1583
-1596
-1562
-1509
-1403
-1399
-1306
-1026
-890
-758
-514
-345
-117
88
159
305
443
511
553
582
681
783
893
1077
1248
1406
1533
1611
1714
1775
1780
1773
1794
1859
1835
1775
1727
1729
1788
1793
1832
1868
1812
1728
1626
1458
1256
1031
803
565
344
279
249
150
66
38
54
92
85
47
15
-6
49
50
-21
-30
30
3
16
89
113
244
252
256
313
273
221
23
-81
-100
-238
-258
-254
-255
-201
-137
-25
33
22
-1
72
132
158
142
33
-12
-74
-87
-78
-160
-226
-291
-316
-338
-359
-409
-546
-639
-691
-708
-685
-681
-694
-732
-746
-746
-771
-751
-719
-714
-683
-580
-473
-365
-331
-330
-291
-260
-176
-144
-179
-242
-217
-183
-267
-321
-332
-354
-332
-329
-385
-382
-505
-623
-694
-822
-901
-1011
-1109
-1183
-1200
-1204
-1237
-1257
-1187
-1118
-1150
-1097
-989
-898
-911
-859
-676
-628
-570
-527
-465
-366
-353
-313
-282
-179
-52
-14
-4
61
144
162
236
356
487
593
735
848
943
1142
1271
1275
1349
1452
1533
1684
1740
1717
1755
1811
1851
1884
1873
1795
1722
1633
1561
1462
1283
1135
1039
886
665
593
507
330
282
228
123
54
32
-23
-47
-79
-140
-91
-63
-23
40
40
43
143
190
153
167
113
158
173
63
71
45
-7
-10
2
-30
-64
-105
-58
-30
-105
-27
-17
21
123
102
100
76
112
90
15
21
-63
-86
-98
-153
-140
-212
-286
-372
-463
-537
-689
-824
-952
-958
-1000
-1108
-1036
-1042
-1049
-925
-867
-840
-784
-718
-640
-620
-671
-638
-582
-538
-491
-518
-450
-297
-270
-292
-181
-199
-257
-273
-374
-391
-540
-683
-741
-863
-841
-835
-900
-825
-712
-708
-703
-678
-682
-660
-708
-725
-679
-686
-691
-666
-571
-495
-443
-322
-227
-157
-48
74
126
94
92
132
187
219
274
336
477
624
792
1001
1092
1176
1263
1349
1421
1488
1462
1506
1555
1479
1517
1530
1536
1584
1590
1513
1467
1457
1408
1345
1196
1108
1042
922
931
930
828
686
620
639
506
461
457
375
313
216
246
204
72
43
71
75
33
-18
-37
-26
-43
-96
-180
-157
-111
-104
-118
-183
-157
-127
-146
-152
-182
-159
-99
-146
-180
-174
-217
-195
-205
-280
-318
-342
-349
-400
-419
-465
-542
-497
-566
-602
-552
-667
-712
-752
-932
-1000
-961
-989
-1103
-1240
-1164
-1071
-1094
-1058
-1097
-1052
-1008
-1013
-904
-878
-925
-910
-886
-852
-860
-875
-843
-881
-816
-749
-752
-664
-679
-696
-634
-618
-590
-556
-522
-449
-342
-244
-188
-153
30
163
162
275
394
453
513
525
509
490
535
514
470
559
548
589
675
683
694
726
739
706
686
675
677
678
674
688
700
734
816
811
870
936
860
916
879
850
845
705
790
808
727
752
772
809
779
793
820
771
745
753
804
816
721
667
735
771
785
784
797
820
751
687
725
618
459
415
315
334
301
169
135
103
71
-33
-100
-116
-173
-250
-324
-415
-430
-439
-521
-478
-452
-494
-461
-397
-384
-342
-350
-398
-377
-440
-441
-407
-458
-494
-559
-517
-468
-555
-481
-497
-655
-628
-581
-590
-653
-637
-613
-692
-667
-635
-691
-703
-693
-719
-684
-692
-775
-770
-789
-811
-823
-866
-812
-814
-849
-890
-997
-1001
-1041
-1114
-1136
-1181
-1166
-1117
-1096
-1061
-1007
-953
-850
-791
-706
-602
-562
-467
-373
-252
-227
-216
-107
-39
63
201
311
375
515
678
731
834
883
854
905
900
965
1042
1006
1070
1086
1082
1146
1150
1120
1139
1162
1094
1050
1055
1000
943
915
934
947
959
970
969
983
922
859
827
782
716
686
665
582
540
504
487
485
477
465
456
467
475
557
540
501
549
540
618
614
573
633
613
547
543
668
604
483
530
507
502
479
364
314
262
182
112
46
-26
-99
-114
-187
-237
-320
-419
-481
-575
-632
-738
-815
-904
-1004
-1069
-1140
-1164
-1211
-1237
-1223
-1261
-1266
-1276
-1309
-1322
-1344
-1301
-1316
-1365
-1352
-1306
-1303
-1284
-1217
-1150
-1062
-1030
-1023
-968
-851
-806
-807
-746
-690
-670
-628
-585
-627
-640
-592
-552
-442
-426
-443
-352
-357
-357
-271
-290
-281
-211
-223
-232
-206
-189
-159
-89
-81
-55
99
254
317
324
347
387
424
455
551
578
538
570
560
617
683
662
699
821
861
914
1090
1114
1110
1133
1170
1274
1267
1294
1368
1327
1302
1376
1422
1382
1343
1348
1341
1231
1134
1099
1058
1027
955
792
749
768
688
633
534
423
402
403
324
267
206
172
201
120
141
119
22
28
-50
-74
-77
-89
-55
-90
-85
-72
-155
-184
-218
-215
-230
-318
-325
-350
-386
-384
-413
-472
-469
-484
-524
-566
-576
-543
-631
-705
-695
-662
-630
-707
-741
-614
-621
-712
-681
-718
-787
-840
-954
-1006
-1029
-1084
-1066
-1092
-1157
-1098
-1047
-1039
-996
-1038
-1096
-1026
-1009
-1076
-1105
-1097
-1030
-961
-954
-945
-852
-757
-671
-567
-543
-481
-413
-348
-208
-197
-220
-168
-148
-97
34
116
162
226
338
435
471
529
556
592
557
574
626
560
555
518
562
643
679
812
899
922
860
859
897
810
829
892
805
792
836
795
771
769
799
795
817
848
845
930
845
753
797
741
847
917
831
866
898
904
890
871
914
911
896
846
855
888
812
802
791
713
676
674
653
541
385
334
226
138
65
-97
-92
-178
-255
-241
-343
-358
-399
-453
-511
-599
-575
-632
-746
-852
-908
-883
-926
-966
-997
-982
-966
-1015
-1016
-1072
-1129
-1042
-1058
-1069
-1072
-1129
-1027
-1020
-1076
-1010
-1015
-1019
-937
-888
-836
-868
-908
-881
-842
-848
-897
-865
-853
-773
-746
-750
-696
-672
-616
-644
-567
-511
-513
-443
-468
-470
-447
-408
-375
-284
-259
-322
-245
-189
-167
-65
-47
-48
90
233
314
351
337
399
526
533
545
631
654
687
764
786
835
910
985
994
1005
1080
1062
1100
1098
1060
1084
1052
1047
988
904
959
968
925
919
934
939
928
871
780
798
762
710
765
743
686
644
643
683
604
566
605
588
553
541
492
447
407
325
331
269
218
221
198
108
-13
29
73
35
-71
-76
51
52
-24
-115
-164
-147
-105
-97
-177
-171
-151
-210
-302
-373
-461
-533
-528
-604
-631
-694
-749
-736
-859
-924
-935
-1057
-1062
-1021
-1132
-1157
-1193
-1211
-1114
-1131
-1124
-1103
-1089
-990
-1018
-1042
-1028
-1040
-1022
-987
-940
-962
-869
-717
-740
-775
-697
-660
-638
-621
-600
-555
-535
-497
-527
-443
-300
-292
-219
-149
-1
161
109
158
241
240
269
296
449
462
411
568
622
629
639
655
713
677
667
650
636
754
728
700
749
726
719
724
730
705
690
730
754
737
828
842
745
781
805
818
859
786
777
812
801
762
695
755
714
658
665
643
646
544
488
491
430
409
378
326
390
416
359
377
309
245
264
232
212
148
107
132
127
77
52
45
-9
-42
-118
-158
-167
-194
-204
-275
-230
-202
-228
-283
-374
-356
-356
-431
-456
-448
-484
-473
-531
-583
-559
-612
-616
-597
-576
-632
-724
-677
-693
-766
-795
-796
-845
-826
-746
-787
-767
-762
-782
-759
-767
-755
-780
-789
-797
-796
-746
-719
-732
-749
-666
-628
-644
-593
-550
-506
-488
-467
-403
-382
-351
-250
-221
-212
-130
-149
-172
-79
-46
-116
-89
3
52
73
97
141
115
182
241
268
323
285
348
376
373
422
363
352
391
378
449
413
435
572
507
562
673
738
781
744
800
810
795
799
800
805
851
878
893
945
938
895
849
839
824
787
807
797
701
679
657
649
682
619
568
594
659
636
540
543
452
273
262
277
222
142
57
67
82
103
81
-101
-106
-40
-69
-103
-189
-166
-184
-205
-188
-256
-278
-307
-344
-369
-405
-443
-477
-449
-379
-428
-460
-436
-436
-382
-499
-582
-548
-570
-573
-617
-656
-663
-613
-645
-675
-592
-613
-652
-657
-698
-746
-726
-749
-819
-779
-739
-681
-730
-805
-782
-807
-781
-812
-849
-742
-668
-672
-659
-643
-624
-633
-591
-594
-578
-486
-452
-395
-360
-342
-272
-219
-223
-143
-72
-17
88
81
124
174
221
331
334
352
392
464
515
503
529
496
522
602
617
706
741
696
797
785
769
813
683
679
735
695
679
723
698
700
812
775
762
792
811
844
746
717
723
672
705
654
614
660
674
708
639
625
663
572
512
497
458
425
394
375
404
413
316
267
335
314
230
191
166
136
77
56
79
42
0
-17
-48
-31
-120
-226
-236
-259
-330
-383
-357
-368
-437
-574
-635
-578
-613
-726
-754
-714
-726
-762
-718
-712
-746
-772
-743
-665
-693
-721
-768
-728
-742
-821
-769
-791
-716
-730
-765
-705
-705
-681
-711
-758
-768
-709
-619
-626
-699
-632
-567
-557
-496
-533
-548
-446
-398
-391
-396
-390
-310
-296
-261
-196
-213
-116
-11
-60
-86
-34
55
98
74
104
135
201
272
261
227
184
228
335
373
373
403
465
541
565
592
547
510
648
691
667
670
679
730
714
720
750
726
757
782
814
762
731
783
702
709
740
779
767
699
745
740
690
685
677
614
580
633
650
579
496
477
503
467
389
380
335
298
326
266
219
141
65
90
73
31
-13
-68
-99
-80
-111
-164
-172
