-65
-65
-103
-55
-60
-66
-29
-32
-47
-18
7
7
10
13
-13
-58
2
26
19
58
-3
26
45
-32
30
39
-20
-27
16
27
-6
8
-25
-22
-12
22
44
-51
-9
-5
-33
41
21
-35
-57
-47
32
96
67
20
-42
-39
-1
5
80
67
38
80
52
-18
-66
-40
2
59
74
3
-30
-11
6
-23
-36
15
33
11
25
60
51
73
95
30
77
87
1
26
-31
-4
59
-27
-6
11
-26
-27
5
36
20
-23
-54
-21
-31
-51
-53
-6
34
-10
39
53
45
42
-21
12
-29
-4
73
-43
-18
11
-1
64
12
-64
-50
15
50
82
62
-18
81
135
40
29
28
-50
-67
-36
-80
-26
25
-1
8
28
33
-60
-89
-10
19
2
-20
-38
-62
-84
-67
-11
-11
-86
-54
47
-5
-43
-36
-83
-74
-55
9
-3
-78
-8
5
-78
-81
-34
-49
-5
5
-11
-10
-78
-48
-17
1
38
-66
-101
-17
-29
-43
-23
-46
-38
-51
-19
5
-50
35
89
83
62
41
54
-8
34
19
-8
57
58
48
72
105
67
49
86
52
4
8
-23
-23
-40
-16
22
-32
15
37
30
87
99
77
-7
-57
-34
1
-13
-69
-26
-8
0
-18
-29
19
-2
-3
-6
-17
-21
-19
38
48
-12
27
73
53
76
-3
-28
0
-23
13
9
43
67
15
13
26
-9
9
-6
-83
-83
-36
-55
-74
14
-1
25
87
45
62
51
67
42
39
61
5
31
51
87
105
33
46
73
51
36
33
40
65
89
53
76
60
-38
13
71
26
-49
-105
-40
-1
-29
-87
-102
28
51
-33
4
8
-42
-12
-31
-41
26
21
-47
-20
16
-95
-63
57
-2
-79
-80
-46
21
43
-29
-28
-9
14
22
-82
-57
-30
-31
-1
-74
-15
28
-21
25
31
40
43
-9
-54
-141
-128
-64
-68
-15
30
15
0
-7
16
-14
-28
48
-36
-59
-33
-61
38
43
87
76
-30
-11
-22
-19
3
-7
-14
25
25
57
127
33
46
40
-61
-16
4
-13
0
57
45
31
82
81
41
-44
-80
-27
-16
17
83
0
-36
24
-12
-15
30
66
41
0
14
19
-50
-70
-5
8
-4
-52
-71
-29
-31
33
52
-19
59
79
61
28
-93
-51
-2
-1
16
-11
23
-24
-63
-16
-38
-24
-19
-20
-2
-4
-52
-43
50
-25
-83
-5
10
1
-56
-103
-76
-84
-60
-26
14
61
8
-24
-73
-90
-35
3
20
5
-28
-47
-16
-24
-2
-16
15
52
-64
-64
7
-43
-110
-7
29
-53
-48
-60
-44
-35
5
36
-52
-44
-7
-8
0
-2
-29
-13
9
16
14
9
79
46
-22
-13
17
32
80
96
26
-9
6
23
36
16
-22
53
84
41
26
22
37
-20
-21
22
19
16
-15
23
1
-28
11
10
43
22
35
77
55
41
2
33
21
-6
66
39
27
142
133
77
85
31
92
110
99
112
91
43
-35
75
116
39
31
-38
-79
-33
-25
-39
-31
-79
-38
12
-64
-4
-11
-108
-70
-13
-26
-97
-102
-60
-98
-90
-14
-34
-76
-26
-2
-34
-38
-99
-112
-52
-50
-66
-61
-17
-15
-50
-35
-9
-31
-42
39
70
23
-28
-44
-19
34
62
1
-27
-74
-71
-27
-26
40
43
-13
-5
39
90
13
-60
-8
13
-31
-75
23
32
-30
-11
-26
10
-27
-50
-27
18
83
-19
-97
-59
13
26
-12
13
-50
-60
0
-55
-21
-34
-4
34
-116
-61
31
-88
-74
3
23
44
-1
-42
-43
-55
-7
76
101
25
-68
-36
24
53
17
-49
-14
-9
37
133
75
72
93
32
24
58
126
96
40
71
98
125
117
92
107
43
6
46
49
28
-12
10
-3
-7
35
69
96
96
136
38
-68
0
-33
-16
83
4
-20
-6
-9
49
-10
-35
-26
-20
98
95
66
67
77
78
30
50
60
110
60
55
84
49
68
-40
-49
-42
-49
-32
-105
-92
-121
-139
-95
-119
-132
-99
-68
-105
-108
-116
-109
-49
-108
-134
-57
-64
-136
-132
-96
-97
-67
-79
-47
63
-17
-69
1
2
44
33
-45
3
78
89
64
17
8
56
63
21
13
-22
-3
-6
-81
-68
-91
-95
-70
-102
-137
-91
-29
-118
-91
-3
-15
-34
-93
-32
-32
-80
9
-11
-38
-5
-14
115
169
95
132
110
93
107
91
132
131
136
154
71
76
101
39
84
116
113
97
70
109
60
-3
-34
-5
0
-64
-3
22
-43
-101
-57
59
-8
-39
23
-52
-69
-28
54
140
44
40
107
71
65
24
26
68
58
122
130
78
95
115
97
38
79
151
75
4
11
57
58
-52
-62
-39
-99
-72
-53
-82
-49
24
-14
-100
-81
-93
-100
-60
-52
-65
-43
-57
-103
-87
-75
-42
22
40
53
43
38
-2
-31
6
28
17
-21
59
51
-11
-25
-90
-22
-26
-30
-3
-56
-37
-42
-27
-39
-100
-108
-147
-199
-198
-175
-166
-146
-157
-189
-131
-136
-191
-106
-34
-85
-126
-85
-30
3
9
5
65
69
89
178
115
113
101
41
71
49
57
108
117
70
53
21
-15
45
50
0
17
6
23
-20
-90
2
12
-47
-109
-92
-2
-32
-77
-127
-52
47
-20
8
-7
-56
39
26
86
129
16
86
175
201
197
150
192
199
145
151
210
215
143
108
85
60
94
61
3
106
79
14
67
0
-82
-91
-116
-155
-123
-127
-151
-119
-131
-190
-206
-146
-117
-47
16
-79
-52
13
6
81
23
-66
-38
5
47
52
57
77
37
42
122
116
99
49
-15
66
45
1
52
-50
-59
62
41
-23
-87
-63
-42
-28
33
-102
-153
-148
-132
-66
-132
-130
-82
-61
-121
-131
-85
-66
-13
-13
-6
-21
-32
5
21
25
23
78
144
113
62
76
95
160
142
12
74
80
35
121
86
15
-2
-13
-18
-80
-128
-107
-107
-94
-124
-129
-135
-147
-142
-196
-169
-114
-87
-53
-53
-70
-111
-124
-98
-33
51
66
17
-9
79
103
110
127
96
133
150
160
112
82
116
122
197
195
108
63
87
127
53
79
149
55
7
10
-12
-31
-95
-113
-47
5
-1
-77
-112
-80
-8
-15
-22
1
-18
22
-51
-38
32
30
45
9
6
37
133
172
147
76
42
135
144
77
66
106
85
50
6
16
78
52
39
4
-21
-19
-90
-71
-32
-74
-67
-90
-113
-63
-106
-152
-101
-157
-200
-144
-183
-97
-35
-110
-70
-83
-69
19
48
46
48
40
-9
12
76
42
8
57
95
53
-39
49
135
54
-10
-31
73
98
-1
27
25
-55
-74
-62
-72
5
-28
-170
-135
-145
-119
-78
-79
-32
-60
-36
-7
-58
-89
-36
-23
-25
-51
-54
24
-10
27
58
14
67
107
119
121
122
96
58
43
67
99
37
-12
20
10
48
49
-5
-19
-55
-36
-21
-75
-141
-139
-49
-62
-170
-123
-49
-95
-70
-57
-77
-21
-1
-44
-83
-63
22
93
119
118
65
102
154
117
101
102
172
204
147
113
104
148
111
89
147
91
65
-15
-45
35
-19
-24
-88
-104
2
-13
-29
-71
-92
-82
-103
-167
-148
-37
-122
-102
-43
-66
0
-55
-48
16
-3
14
-20
-71
60
136
170
200
66
111
79
32
94
-25
38
71
31
89
63
78
117
28
-35
-11
-28
14
-17
-97
-61
-104
-70
-66
-99
-95
-131
-7
-8
-89
-48
-76
-46
2
6
16
-30
-40
-19
4
33
52
43
40
64
20
23
68
75
76
49
-30
-68
32
61
57
17
-70
5
-28
-45
52
-13
-66
-6
-7
-87
-101
-117
-119
-116
-133
-117
-138
-76
8
-7
-79
-129
-29
-6
-29
86
57
17
-29
-41
103
48
8
77
41
44
41
63
72
23
69
95
89
62
0
9
-21
-57
-13
-39
-58
-1
0
-67
-5
44
-72
-26
-13
-40
-34
-80
39
75
63
120
58
39
62
-31
-17
49
55
52
28
135
90
-28
-13
20
62
21
19
50
30
9
-20
6
11
-36
-63
-112
-54
10
-38
-58
-91
-120
-78
-97
-99
-69
-72
-30
-15
-25
-31
-6
13
-43
-23
-9
-39
27
71
66
47
44
59
55
2
83
192
92
106
87
43
137
81
32
37
51
59
19
14
-22
-59
-40
-21
-63
-74
-34
-93
-106
-75
-61
-36
-42
-74
-49
-26
-109
-84
5
-7
11
-12
-8
68
62
58
50
57
59
5
-24
13
85
57
36
94
44
74
123
-10
-31
52
87
65
20
-33
-25
14
12
9
2
-10
-77
-81
-65
-23
27
-43
-74
-56
-13
-25
-69
-90
-93
-38
-9
10
-2
33
6
-67
-4
8
66
98
69
86
16
-30
0
33
63
58
-4
-33
-35
-77
-18
-1
-17
45
26
0
-48
-108
-27
-10
-36
-50
-95
-18
0
-44
-20
-39
-144
-59
24
-33
41
19
23
87
26
10
47
66
87
94
-3
-16
56
21
5
21
33
41
-12
-30
36
61
54
-5
-17
38
14
7
-64
-142
-122
-101
-19
-8
-52
-21
-17
-36
-30
-39
-74
-51
-26
10
24
24
33
5
67
73
42
25
-31
88
125
79
66
17
73
20
-2
70
37
18
49
117
31
-58
-26
3
-18
-85
12
15
-19
0
-80
-43
17
10
15
10
-15
-49
-46
12
83
110
44
-16
-60
-49
32
-21
52
208
99
-4
38
75
34
8
68
108
8
-75
-48
0
27
71
117
78
-44
-127
-91
-13
39
-38
-25
14
-65
-82
-46
-49
-54
-9
34
33
-20
-33
-44
-74
-80
-67
8
46
29
51
33
33
52
60
61
-11
31
125
112
71
26
3
-24
-45
-34
-35
27
43
-71
-61
-57
-133
-51
16
15
-41
-116
-72
-82
-91
-96
-89
-12
-9
-7
-41
-107
2
49
41
94
21
64
68
13
39
-25
18
8
-24
17
15
32
20
40
55
80
119
110
-12
-73
42
72
134
125
29
5
0
67
73
34
9
-8
-36
-71
-39
23
30
-34
-33
-22
-42
-39
-42
56
99
36
-42
-50
104
118
18
9
65
50
18
-19
-26
33
33
57
-3
-26
16
23
36
-19
-21
-65
-85
-11
-50
-41
-29
-95
-16
3
0
19
-16
-1
-37
-41
3
39
-8
-79
-28
13
0
-59
-23
-8
-23
13
-31
39
92
6
-17
84
65
-90
-20
45
70
91
4
-3
-16
-44
38
84
-48
-57
12
45
73
-10
-53
-15
43
8
-13
-58
-67
-13
-77
-6
-3
10
57
-88
-68
-109
-136
10
-5
30
81
45
34
-13
-59
4
36
-66
-65
-11
-1
17
-21
-40
-60
-97
-29
8
-30
-30
26
36
-11
-64
-85
0
51
25
-35
-78
-19
104
126
69
40
-10
41
67
5
64
81
40
77
33
-36
-23
-9
39
47
-11
-10
-15
-1
49
59
56
30
-17
-28
4
-7
-30
-15
-15
-45
-93
-48
-25
-18
40
-12
-24
-53
-60
3
-60
14
26
-33
77
20
-52
10
-42
-8
34
-43
-30
-1
62
72
35
-9
-59
-43
0
58
23
-71
-110
-27
20
-15
-65
-75
-109
-71
46
-53
-132
-83
-28
-41
-80
-29
-22
-46
-26
-43
0
28
-16
35
95
124
36
24
75
52
86
27
-24
-35
38
83
41
58
-38
-48
70
20
-51
-28
-22
55
5
-103
-33
-68
-49
-36
-29
10
-83
-101
-60
73
55
-95
-78
-10
90
16
-88
38
64
35
41
34
93
64
54
41
-12
69
15
-69
-1
-37
-25
10
36
98
50
62
-10
-58
-35
-70
19
11
-52
-57
-61
-28
-35
-83
-90
-72
-39
-40
-73
-43
-25
0
19
15
31
5
4
49
76
81
65
40
46
72
98
39
-15
55
48
4
21
26
0
6
13
-77
-98
-41
-18
-59
-69
-22
-51
-59
-86
-106
-72
-76
-11
-33
-105
-81
-17
27
-45
-48
28
-56
-123
11
86
94
132
88
47
19
26
75
76
104
74
50
99
82
53
1
44
40
-80
-32
7
28
0
-64
-23
-31
-53
-91
-19
52
-80
-79
-12
6
27
-5
21
5
-35
15
24
-1
-51
-55
15
0
58
33
-78
46
72
74
131
81
58
47
53
56
20
18
83
78
66
14
-75
27
35
-8
-18
-105
-30
32
-57
-72
-46
-18
-1
-42
-32
-47
-93
-93
-117
-68
-31
-42
-11
0
74
-3
-41
-7
-109
-39
65
91
29
-9
83
64
-37
32
156
76
14
21
9
23
-27
-72
-41
-79
-81
55
39
-27
-39
-48
-47
-72
24
7
-24
12
-64
-42
-21
-39
55
89
23
-17
18
76
66
72
17
-60
-30
11
13
35
65
65
63
63
19
-12
34
9
-34
16
11
-42
-35
-14
10
9
-10
18
-25
-118
-74
-22
-58
-30
-12
-33
36
48
19
98
40
-25
45
38
100
97
34
121
122
92
83
22
10
7
-5
-15
1
9
-20
42
53
3
0
-48
-23
-8
-63
-64
-27
14
-18
-36
-80
-56
7
-28
-55
-42
-4
-50
-51
-8
-6
1
4
5
-23
-8
47
46
-48
-45
53
-34
-15
99
40
51
-3
-23
41
-12
22
85
31
-83
-85
-8
-22
-56
-74
-86
-39
4
-30
-92
-57
-22
38
94
-55
-69
-3
23
93
52
72
92
-17
-38
33
18
-11
-66
-60
0
-48
-36
-44
-65
15
73
91
83
35
10
48
70
-11
-26
15
-67
-67
5
-6
-33
-49
-82
-71
28
51
13
4
4
-18
-80
-14
27
-23
-34
-13
45
19
21
50
-33
-5
24
39
83
44
72
20
5
39
-50
-32
-15
26
114
62
-10
-5
26
7
-17
28
10
-7
34
-12
-30
-10
28
-1
-38
-42
-57
61
34
-34
-93
-148
-48
-73
-75
-16
-11
-24
-54
-1
7
-5
20
2
28
-16
-74
7
32
-7
-56
-132
-113
-42
-31
-15
-42
-64
-22
11
51
41
-11
-20
-10
16
59
38
-37
-16
22
60
41
0
71
49
33
30
-1
36
15
6
10
-35
62
86
-47
-28
4
-34
-60
8
60
19
-5
-9
54
45
-8
20
3
21
59
25
10
-28
15
96
43
-3
-33
-29
-44
-71
-40
2
72
15
-46
-1
-4
3
17
14
-8
-13
44
40
61
39
-64
-3
-10
-65
-20
-31
-43
-92
-103
-108
-75
-38
-56
3
7
-79
-91
-38
-67
-58
-13
-15
-56
-10
26
-18
69
92
31
59
59
37
69
37
34
50
-4
49
63
38
73
39
30
31
-17
-32
-44
-15
73
23
-20
45
-39
-25
33
-50
-41
57
76
24
-8
-18
22
-53
-46
-11
-83
54
78
47
13
-61
23
0
63
85
32
116
75
66
7
10
95
14
3
12
-11
25
51
48
34
5
-7
-44
-23
-32
-107
-68
-92
-11
47
-18
27
22
9
29
-22
-105
-67
30
17
9
81
97
82
28
-53
-2
7
0
-1
-60
-13
-3
-19
-27
-14
58
21
-14
-46
-63
-6
-67
-33
75
83
41
-88
-73
4
19
-48
-73
-75
-144
-68
-28
-1
39
-16
-11
39
12
17
56
11
-22
-42
16
71
35
18
39
56
19
9
-52
-71
-6
-54
2
-11
-89
-7
13
-31
-28
51
94
77
15
-13
24
15
19
-31
-52
13
-15
19
40
1
-9
-53
-61
-37
-60
-17
63
42
29
-28
-21
104
136
98
140
101
-29
25
53
30
84
0
-9
43
-9
64
71
-23
-9
37
41
38
-33
-82
-56
-75
11
-4
-73
-14
-72
-45
-28
-95
-21
14
8
67
40
-37
-41
-48
-22
46
50
-2
0
14
-77
-84
1
-22
-29
-31
-57
13
62
47
21
81
50
-23
24
-41
14
88
28
-7
-49
-53
-9
51
0
-15
52
34
14
-24
-31
-21
-15
23
17
70
85
76
52
-7
51
28
-6
60
37
39
32
-19
-18
-47
-44
17
-24
-110
-98
-96
-55
-35
-70
-66
-45
-18
-4
47
29
-20
0
16
34
89
91
-30
-61
-4
-81
-116
-34
-13
-23
-39
-52
-29
-43
-15
21
4
9
-32
-25
29
-27
-19
46
35
22
18
14
5
15
-56
-70
57
96
20
-95
-7
59
-47
-75
-43
25
36
10
88
56
-54
-21
12
29
62
49
44
37
-9
2
-10
-89
-35
23
32
14
-22
20
30
9
10
89
94
7
118
145
49
35
-9
52
82
45
34
-41
-57
-50
-25
7
6
34
35
40
48
-37
-82
-26
-29
-64
13
-13
-91
-73
-92
-111
-78
-44
-86
-63
-56
-57
-25
-46
8
24
47
7
-41
12
-14
-51
-9
-37
-105
33
43
-25
27
-4
-48
-15
60
25
1
53
12
-19
30
-7
-44
50
32
15
85
21
0
41
26
-52
-66
-36
3
65
45
79
41
-38
-57
-36
-18
-31
6
-36
-43
35
18
-34
-29
61
25
12
51
-67
-5
83
-4
-29
-23
-40
3
49
20
-2
24
15
-27
38
58
-19
-2
10
4
-24
-70
-3
48
-10
19
6
12
96
61
74
45
52
8
-99
40
118
87
72
55
70
18
-24
-52
0
92
117
91
41
83
42
27
13
-32
26
34
-29
-53
3
15
-11
-13
-39
-89
-13
-2
-68
1
-52
-51
47
-28
-33
-9
-57
-83
-48
29
64
11
-19
16
-16
-30
-7
22
0
-30
-55
-115
-103
-92
-40
4
2
11
-17
-12
-45
-103
-51
-34
-101
-47
-8
-31
42
-9
-69
-31
-37
-19
-65
-88
-75
-42
60
14
27
92
19
11
12
-51
-21
32
37
77
121
92
11
-39
0
76
-7
-75
-34
-21
51
90
41
11
9
37
97
106
84
-9
2
87
38
100
72
14
-35
-62
-16
-92
-9
57
-4
-6
-20
-31
-45
-30
1
10
23
10
-23
-17
-12
-15
-27
-42
32
74
71
45
-42
-12
-4
-2
31
-27
-47
-54
-43
23
66
73
42
-58
-62
33
-48
-9
26
-19
65
46
-6
-43
-35
-56
-41
14
27
89
24
-19
43
-13
-63
-6
-7
-7
14
-42
-53
-79
-88
-11
-19
17
12
2
60
27
92
59
20
81
-6
17
29
-83
-74
-12
68
74
57
37
-67
-72
3
34
-23
-27
54
0
-48
28
70
60
62
16
-13
-14
-10
-28
-102
-85
-56
-104
-103
-38
5
-16
-71
-45
2
-19
-19
0
-13
16
41
-29
-13
-15
-39
52
69
13
-42
-38
-29
-48
28
0
-23
59
47
62
12
-8
52
85
58
-38
-5
-41
-61
22
-14
26
28
31
116
51
60
73
-6
0
38
19
-38
-29
-76
-58
-26
-103
-50
-10
-9
-20
-11
2
-29
-20
-51
-32
-33
-13
45
-11
-40
-34
-22
-33
-17
-27
-15
77
71
110
95
32
42
-28
-43
35
68
31
26
92
62
-46
-87
-50
13
-31
-65
18
29
-2
-38
-28
12
-6
-18
-68
-29
17
-42
-10
16
2
18
31
50
68
44
-6
0
15
-44
-8
40
-29
43
56
27
125
80
16
-10
-47
-42
-18
18
20
46
98
54
0
31
-3
-31
8
18
33
-58
-38
62
-27
-10
6
-19
20
-22
-40
12
12
-3
8
2
-25
-17
19
-49
-92
-26
7
4
-9
-7
16
42
-10
-11
6
26
68
-39
-30
21
-25
-39
-13
3
-25
-7
-23
-49
-13
-48
-75
-49
10
28
-6
5
-4
-37
-88
-50
-23
-73
-38
27
6
17
46
-3
49
63
31
76
18
0
18
-58
12
17
-40
13
2
8
-66
-133
-55
17
72
30
51
37
-13
19
13
42
-17
-7
25
-47
-49
-38
-7
92
69
-37
-18
6
4
26
53
15
-11
19
21
44
72
112
93
37
-40
-57
-15
-37
-7
2
-41
7
46
-1
-8
11
-6
-32
10
0
-95
-90
-50
-49
8
55
-7
-23
-7
0
76
23
-42
22
-19
-61
-21
-60
-97
-48
-16
-29
0
-10
-34
21
33
-5
-22
-12
-32
-8
1
-45
-24
-48
-7
52
64
67
31
87
47
21
113
26
1
52
-27
-26
-33
-36
62
82
-11
-47
-55
-11
45
2
40
17
-13
63
72
19
46
44
-51
-62
-36
24
23
13
28
9
14
5
18
40
11
-39
-69
-44
-24
9
8
-58
18
33
-1
-6
6
27
-67
-21
-36
-26
40
-43
49
20
-30
92
-3
-47
33
-3
-20
15
-31
40
66
-49
35
9
29
1
-72
35
-51
-78
-56
1
42
-29
-26
-17
0
32
9
-8
22
49
59
-23
-52
-27
-41
19
-9
-63
-1
-1
5
-24
-64
31
76
-16
-50
-3
-17
-10
4
15
-39
-85
-25
19
87
73
81
97
3
29
43
24
93
77
68
21
-41
0
-22
1
-39
-119
13
83
3
18
1
-74
-12
-56
-98
-66
-108
-27
0
-43
-12
43
32
-49
-46
-58
-39
4
-48
-12
11
-21
7
9
14
-6
-19
0
-39
-33
-36
-45
22
-10
-29
38
-29
-33
2
7
38
18
-11
-12
75
61
54
46
-21
41
12
-41
-61
-61
-27
-22
-35
7
76
53
28
0
-28
-5
-6
-24
-25
-8
35
9
-38
-32
27
9
-89
22
105
3
24
58
44
54
45
76
11
-52
0
-28
17
24
-33
13
16
20
-38
-19
74
15
58
55
24
81
18
36
52
-12
-29
-22
8
34
58
47
-13
1
20
-29
-36
-76
-97
0
-18
-86
-45
-60
-71
-19
21
24
37
83
86
141
127
30
109
85
-35
-32
-22
12
42
7
-46
30
38
-21
30
-29
-25
21
-75
-25
-1
-71
-10
-22
-48
-25
5
10
-21
19
-12
-60
-27
-85
-67
-3
-16
32
-19
-76
-28
-46
-66
-117
-123
-39
-27
-15
-3
-40
-37
-25
0
-13
28
5
-144
-89
-44
-61
-61
-112
-78
-66
-88
-19
-17
-104
-36
9
-34
-15
-29
-1
-2
-15
-22
-46
11
22
7
25
6
2
3
14
16
11
36
-25
3
20
2
23
-16
12
25
72
109
56
19
37
-21
-26
67
85
120
50
35
62
0
42
42
0
20
52
71
77
46
32
75
44
106
146
8
6
33
-6
-18
19
57
92
152
94
48
71
9
-1
6
47
112
16
21
52
19
37
2
-24
-120
-130
7
-6
-26
-23
-64
-50
-45
-54
-49
-34
-5
-17
-37
-24
-5
-3
-52
-29
-1
-2
17
-14
8
12
-5
-3
-63
-55
-22
-41
-26
-32
-52
-30
0
-26
-91
-136
-191
-121
-85
-129
-93
-82
-81
-109
-115
-94
-133
-159
-115
-167
-209
-125
-80
-66
-111
-81
0
-57
-119
-54
30
6
27
52
-32
5
109
80
15
2
6
-10
-18
-27
-51
-28
-4
-31
-56
-19
-47
-118
-48
-17
-72
-75
-60
-22
-23
-37
-64
-53
12
12
-22
-59
12
79
69
76
97
105
53
73
62
77
129
107
127
45
48
161
164
233
214
120
174
189
181
165
134
238
289
209
209
263
281
287
258
200
205
273
240
117
114
148
181
183
172
143
63
93
152
192
140
83
129
110
93
77
65
110
105
127
163
132
32
-65
-86
-4
79
91
87
9
23
52
48
50
-55
10
78
-19
-57
-137
-157
-59
-32
-94
-158
-160
-204
-215
-175
-174
-174
-155
-166
-233
-288
-296
-287
-330
-326
-256
-309
-360
-272
-324
-400
-297
-337
-381
-347
-368
-275
-244
-318
-276
-307
-349
-234
-210
-186
-179
-208
-128
-154
-240
-174
-136
-119
-153
-184
-97
-123
-99
-108
-167
-159
-139
-161
-288
-260
-218
-228
-219
-240
-249
-257
-237
-286
-397
-384
-343
-381
-409
-510
-396
-266
-373
-267
-210
-244
-238
-310
-240
-191
-156
4
28
22
100
155
270
320
346
403
457
494
475
544
630
674
694
727
700
723
897
939
954
945
969
1010
966
1070
1091
1036
1063
1043
951
851
887
934
899
866
786
775
778
709
665
577
494
507
463
442
419
303
265
285
258
193
181
113
150
140
3
-7
-55
-69
-58
-60
-113
-92
-78
-166
-171
-237
-285
-306
-328
-344
-382
-417
-538
-505
-453
-585
-635
-614
-684
-796
-784
-775
-849
-898
-904
-933
-935
-879
-900
-970
-917
-889
-910
-793
-813
-890
-827
-802
-785
-736
-722
-750
-698
-610
-603
-496
-406
-363
-351
-329
-163
-159
-210
-159
-113
-124
-173
-143
-136
-112
-131
-235
-196
-221
-324
-348
-411
-459
-529
-631
-670
-677
-824
-965
-966
-1043
-1080
-1100
-1100
-1034
-1073
-1058
-962
-908
-825
-718
-609
-482
-342
-199
-5
180
292
441
643
807
944
1072
1180
1393
1581
1635
1803
1944
2001
2065
2092
2235
2313
2324
2377
2349
2358
2342
2310
2216
2100
2121
2047
1917
1871
1774
1629
1538
1455
1324
1162
1042
1000
885
721
548
379
343
240
32
-3
-54
-213
-238
-288
-400
-414
-435
-444
-450
-567
-595
-550
-564
-543
-526
-460
-366
-401
-382
-327
-334
-339
-411
-408
-353
-445
-460
-373
-447
-551
-526
-564
-675
-719
-740
-728
-813
-863
-824
-901
-1002
-1026
-981
-1026
-1057
-993
-966
-1003
-1040
-1014
-1039
-1021
-999
-1001
-911
-848
-875
-877
-850
-841
-740
-745
-689
-595
-658
-591
-561
-542
-480
-439
-299
-285
-352
-279
-203
-109
-60
-115
-65
19
51
53
-8
22
71
93
122
141
108
25
50
66
-49
-229
-279
-261
-307
-360
-463
-547
-584
-693
-820
-897
-927
-1012
-1082
-1009
-1011
-1040
-918
-872
-839
-755
-752
-680
-625
-509
-278
-124
59
196
377
617
730
886
1077
1227
1393
1618
1811
1932
1974
2104
2296
2296
2313
2450
2549
2585
2586
2580
2553
2468
2401
2354
2308
2116
1908
1859
1712
1510
1375
1203
1020
835
704
556
297
137
-14
-161
-296
-397
-475
-569
-623
-709
-815
-974
-1000
-921
-909
-917
-918
-857
-773
-691
-706
-679
-534
-503
-513
-506
-436
-389
-405
-328
-273
-286
-348
-382
-385
-378
-314
-367
-456
-482
-604
-648
-638
-712
-765
-817
-937
-1008
-1004
-1047
-1130
-1120
-1076
-1178
-1230
-1154
-1137
-1201
-1252
-1210
-1116
-1129
-1130
-1040
-977
-889
-797
-692
-616
-586
-469
-462
-420
-234
-195
-148
-33
129
266
281
332
414
511
584
577
619
614
595
672
703
739
748
704
706
766
804
714
681
714
717
712
589
572
527
459
509
454
464
392
268
221
95
-10
-69
-125
-199
-284
-385
-523
-620
-700
-826
-937
-1042
-1190
-1264
-1287
-1327
-1386
-1386
-1318
-1348
-1327
-1217
-1083
-982
-910
-731
-616
-473
-240
-37
205
346
506
774
902
1050
1246
1397
1600
1756
1849
1907
1997
2061
2030
2068
2123
2132
2067
2002
1952
1853
1807
1626
1459
1316
1116
1038
818
685
648
441
343
131
-118
-240
-424
-514
-622
-741
-781
-837
-857
-877
-909
-941
-1040
-991
-841
-804
-760
-692
-632
-530
-420
-325
-240
-190
-103
9
81
137
195
212
301
335
236
288
250
176
274
248
132
48
-2
-73
-177
-261
-459
-570
-634
-755
-841
-863
-814
-961
-1033
-1021
-1076
-1045
-1090
-1060
-1027
-1037
-903
-827
-784
-623
-491
-457
-405
-294
-144
-70
71
190
255
349
443
567
593
680
756
819
895
894
937
934
884
839
851
879
861
818
710
667
700
626
563
541
509
466
321
286
230
86
-25
-126
-126
-216
-261
-279
-387
-521
-612
-571
-627
-772
-837
-861
-874
-928
-975
-992
-1025
-1023
-1057
-1057
-1053
-1067
-1058
-1120
-1104
-1036
-1046
-928
-875
-936
-836
-845
-782
-531
-430
-360
-252
-165
-32
78
168
272
400
562
632
662
781
964
1049
1178
1245
1122
1184
1255
1297
1351
1258
1240
1258
1213
1221
1180
1113
1085
957
781
668
592
560
451
326
328
234
128
117
62
54
1
-47
-48
-100
-69
-37
-63
-88
-117
-43
59
83
57
135
293
296
355
430
389
356
337
417
490
484
491
523
540
520
533
516
409
325
318
209
79
79
-60
-177
-141
-214
-307
-377
-463
-469
-539
-590
-538
-595
-643
-682
-732
-708
-762
-721
-615
-555
-531
-619
-589
-521
-429
-362
-331
-196
-127
5
30
12
118
105
107
168
199
201
268
341
325
348
308
222
185
166
142
104
95
17
-84
-224
-305
-257
-315
-329
-348
-575
-628
-538
-628
-732
-738
-762
-749
-760
-878
-859
-763
-806
-822
-786
-834
-886
-909
-904
-928
-928
-835
-769
-796
-827
-794
-791
-847
-912
-890
-871
-931
-898
-884
-831
-724
-691
-663
-657
-548
-344
-177
-98
-85
46
205
318
449
491
570
732
849
946
1064
1109
1122
1199
1229
1306
1373
1370
1353
1358
1351
1332
1401
1350
1257
1277
1313
1336
1307
1263
1208
1133
1072
1062
1072
999
969
935
861
810
741
592
500
501
376
342
354
291
268
166
143
171
135
112
94
105
147
197
203
205
129
112
246
255
230
190
169
168
90
65
48
-22
-58
-74
-116
-188
-241
-218
-334
-422
-461
-554
-574
-666
-719
-697
-726
-749
-753
-744
-732
-713
-655
-716
-737
-743
-781
-686
-739
-696
-576
-620
-624
-647
-611
-636
-693
-613
-629
-636
-590
-543
-504
-496
-418
-397
-411
-355
-347
-328
-296
-285
-274
-268
-187
-188
-212
-149
-195
-219
-236
-268
-289
-327
-282
-352
-405
-345
-363
-348
-405
-432
-330
-346
-265
-156
-133
-39
-35
-8
34
-17
-26
13
46
33
32
76
40
-3
-32
-161
-215
-286
-388
-458
-598
-675
-617
-532
-516
-521
-545
-550
-543
-456
-281
-163
8
138
179
343
484
602
698
786
943
1085
1142
1164
1256
1283
1286
1304
1284
1299
1330
1308
1344
1453
1428
1314
1217
1218
1221
1155
1125
1090
1082
1064
990
1003
992
924
893
764
665
588
428
295
255
192
89
-5
-74
-140
-307
-362
-423
-526
-499
-510
-472
-436
-469
-404
-309
-326
-319
-161
-128
-79
77
125
123
127
134
103
63
42
66
-41
-220
-243
-250
-314
-362
-445
-634
-775
-810
-904
-996
-1026
-1047
-1049
-1122
-1133
-1057
-1063
-1061
-980
-989
-1010
-832
-706
-722
-717
-673
-568
-548
-516
-368
-372
-413
-348
-241
-133
-105
-91
-78
-107
-43
10
-64
28
165
109
162
267
311
357
304
325
404
327
335
402
347
296
249
246
282
250
163
95
26
-15
-53
-247
-324
-204
-237
-171
-156
-258
-143
-155
-205
-213
-276
-142
-50
-73
-1
1
-100
-196
-181
-230
-321
-294
-376
-392
-335
-347
-261
-300
-372
-364
-418
-378
-332
-243
-31
68
59
137
292
346
452
621
669
756
917
1140
1255
1274
1278
1249
1248
1174
1139
1166
1158
1121
1052
990
907
807
792
641
461
414
341
284
232
228
161
42
65
57
-50
-99
-112
-97
-125
-226
-163
-205
-285
-163
-130
-108
-149
-205
-119
-166
-196
-154
-155
-147
-183
-139
-46
-42
-56
56
94
77
160
153
148
156
141
142
60
59
119
60
-32
-158
-116
-61
-286
-338
-364
-480
-433
-520
-545
-531
-601
-598
-665
-615
-530
-605
-641
-534
-399
-507
-499
-284
-263
-282
-196
-79
-75
-81
-23
44
86
85
182
238
228
318
315
249
184
195
204
155
193
156
184
183
68
76
83
64
32
-106
-110
-44
-72
-47
-85
-144
-130
-178
-259
-354
-411
-440
-489
-480
-444
-372
-371
-407
-394
-422
-468
-586
-662
-639
-593
-524
-526
-570
-633
-662
-761
-863
-836
-908
-931
-864
-877
-823
-772
-809
-777
-806
-828
-799
-719
-510
-362
-226
-81
69
146
311
478
480
662
782
892
1130
1272
1409
1521
1545
1593
1653
1580
1474
1506
1616
1631
1581
1496
1460
1380
1224
1151
1012
865
736
663
628
549
519
414
249
108
10
-28
-97
-135
-144
-144
-110
-110
-156
-224
-221
-278
-422
-316
-190
-162
-86
-26
6
21
30
43
25
-45
33
116
118
264
348
312
348
223
133
181
111
95
-87
-114
46
-59
-142
-266
-253
-318
-447
-380
-542
-552
-436
-525
-590
-557
-457
-523
-661
-538
-499
-538
-448
-446
-346
-252
-264
-204
-230
-278
-263
-259
-108
-61
-133
16
113
167
127
76
132
69
7
27
170
232
132
200
347
275
146
105
84
30
-106
-105
-114
-214
-186
-237
-267
-287
-444
-465
-507
-495
-428
-566
-571
-498
-448
-462
-636
-772
-852
-876
-828
-817
-715
-623
-678
-662
-697
-811
-1043
-1182
-1150
-1165
-1075
-965
-927
-943
-869
-760
-798
-801
-783
-733
-552
-369
-170
119
259
297
429
454
545
777
919
1091
1189
1373
1635
1709
1660
1558
1537
1475
1494
1658
1689
1723
1699
1641
1667
1442
1220
1122
965
955
862
758
896
885
765
670
483
342
192
29
45
66
0
16
-5
-54
-119
-292
-423
-474
-395
-270
-244
-159
-12
34
-23
-62
-41
-50
-83
30
214
328
565
567
484
508
391
393
317
252
258
295
365
345
323
147
-17
-193
-362
-488
-621
-604
-602
-562
-588
-586
-611
-856
-1031
-974
-906
-909
-783
-675
-564
-467
-518
-427
-376
-516
-475
-305
-231
-203
-64
60
79
90
85
56
51
18
-32
48
194
249
183
128
199
210
98
63
-6
-79
-6
93
150
151
216
220
80
-91
-222
-263
-287
-357
-316
-185
-196
-200
-305
-497
-632
-827
-974
-1083
-1184
-1175
-1054
-956
-942
-1042
-1235
-1445
-1657
-1766
-1760
-1586
-1444
-1425
-1280
-1171
-1159
-1157
-1150
-1120
-1035
-861
-555
-131
227
450
522
561
575
643
764
886
1212
1478
1711
1950
2020
2112
2115
1993
1787
1661
1724
1846
2018
2072
2094
2032
1758
1523
1296
1076
971
890
896
981
934
794
651
435
128
-119
-173
-232
-205
-65
3
12
-165
-368
-501
-621
-663
-637
-611
-440
-198
-88
-17
-70
-115
-177
-333
-279
-162
-35
223
412
523
595
571
421
266
298
360
370
399
474
606
658
427
224
164
-115
-301
-257
-175
-45
-127
-268
-330
-485
-703
-875
-980
-1015
-885
-822
-816
-660
-492
-608
-735
-655
-713
-814
-759
-550
-258
-147
-219
-147
0
62
-7
-170
-212
-89
0
-45
38
187
186
165
37
-84
-111
-323
-252
-94
-128
19
92
113
103
124
46
-114
-53
-18
8
159
329
473
470
288
239
163
-149
-331
-484
-803
-963
-838
-737
-749
-865
-1163
-1584
-2080
-2437
-2515
-2461
-2308
-2191
-2171
-2135
-2007
-2074
-2297
-2218
-2117
-2033
-1670
-1106
-558
-88
236
315
304
295
311
512
1049
1688
2160
2405
2567
2670
2591
2429
2300
2208
2167
2412
2760
2953
3208
3166
2742
2340
1935
1661
1601
1643
1802
1831
1624
1429
1100
614
163
-189
-338
-433
-396
-290
-370
-402
-601
-1072
-1454
-1638
-1710
-1560
-1174
-920
-739
-679
-712
-695
-757
-776
-712
-479
-151
97
350
546
645
676
736
714
706
846
911
1153
1326
1196
1045
840
734
599
425
398
310
174
47
-130
-353
-547
-666
-873
-1050
-1055
-1141
-1213
-1118
-1042
-1075
-1253
-1354
-1228
-1116
-1038
-792
-653
-695
-649
-635
-417
-100
-8
186
214
127
376
418
343
417
341
317
347
469
670
767
730
544
389
285
243
318
551
853
942
833
763
713
585
425
458
565
578
693
883
999
763
450
53
-633
-1143
-1283
-1175
-1005
-878
-1075
-1549
-2124
-2767
-3301
-3615
-3620
-3476
-3415
-3358
-3292
-3266
-3188
-3362
-3579
-3606
-3538
-2918
-2074
-1298
-652
-401
-378
-480
-456
-125
504
1379
2164
2759
3106
3263
3336
3289
3186
3072
3018
3137
3513
4031
4399
4283
3798
3114
2431
2017
1913
2121
2382
2416
2168
1621
1026
590
96
-243
-309
-314
-164
-61
-23
-68
-526
-1104
-1630
-2017
-1895
-1467
-930
-480
-458
-620
-780
-964
-1042
-1019
-752
-386
-59
273
466
590
609
555
515
492
608
998
1436
1667
1647
1426
1138
816
617
594
712
714
623
521
214
-31
-270
-546
-746
-914
-1022
-1112
-1158
-1165
-1209
-1393
-1573
-1599
-1559
-1358
-967
-582
-458
-510
-604
-767
-718
-505
-185
266
569
688
745
753
671
588
412
286
408
545
884
1309
1264
990
564
-106
-435
-308
132
850
1302
1247
919
405
-72
-252
-227
-59
249
553
871
1189
1247
941
197
-783
-1622
-2068
-1647
-741
-60
-92
-1072
-2479
-3871
-4724
-4742
-4369
-3980
-3803
-4069
-4355
-4596
-4920
-5249
-5724
-5883
-5606
-4719
-3271
-1951
-1059
-1001
-1611
-2192
-2170
-1225
391
2240
3656
4128
3986
3767
3759
4063
4479
4899
5292
5540
5936
6376
6350
5916
5066
3933
3097
2967
3437
4063
4426
4020
2719
1170
46
-397
-330
1
293
236
-143
-692
-1210
-1636
-2010
-2310
-2470
-2278
-1793
-1219
-648
-678
-1323
-1998
-2415
-2146
-1291
-313
443
785
710
318
-21
-156
53
402
708
1169
1652
2047
2154
1932
1382
758
490
562
827
1272
1674
1596
1081
369
-296
-654
-761
-746
-670
-604
-636
-787
-985
-1284
-1594
-1874
-2072
-2086
-1734
-1191
-811
-511
-569
-894
-1194
-1286
-969
-440
69
429
555
418
328
358
469
617
503
347
379
590
852
1094
1231
859
157
-357
-406
44
669
1186
1255
764
260
29
-57
109
426
492
387
400
682
1060
1173
788
-176
-1405
-2141
-1834
-835
83
207
-852
-2626
-4342
-5324
-5158
-4238
-3499
-3520
-4276
-5195
-5698
-5887
-5836
-5779
-5964
-5963
-5469
-4364
-2884
-1717
-1430
-2103
-2895
-2973
-1851
305
2493
4035
4416
3765
3075
3068
3890
5142
6179
6612
6541
6390
6411
6615
6652
6145
5283
4249
3676
4010
4754
5315
4960
3536
1629
134
-319
122
878
1188
842
-83
-1195
-1898
-2119
-1952
-1689
-1678
-1840
-1754
-1567
-1392
-1321
-1646
-2050
-2318
-2059
-1203
-329
243
382
191
-310
-618
-217
404
1064
1568
1598
1421
1409
1501
1591
1674
1652
1616
1567
1573
1651
1670
1536
1106
584
212
1
-21
-101
-363
-722
-1166
-1526
-1617
-1591
-1572
-1703
-2080
-2452
-2665
-2571
-2216
-1832
-1529
-1451
-1497
-1566
-1570
-1294
-861
-389
61
362
459
387
293
213
162
355
713
1026
1328
1372
1106
682
323
238
288
535
821
998
1021
884
657
366
146
32
113
488
1137
1578
1444
654
-694
-1879
-2353
-1752
-421
556
332
-1218
-3159
-4754
-5458
-4978
-3982
-3341
-3564
-4543
-5794
-6559
-6675
-6388
-5974
-5892
-5772
-5335
-4426
-3205
-2445
-2411
-2984
-3328
-2856
-1353
1097
3320
4465
4291
3270
2597
3077
4783
6781
7992
8053
7264
6422
5961
6220
6942
7263
6950
6047
5103
4601
4585
4747
4375
3348
1959
901
745
1094
1399
1175
182
-1119
-2167
-2427
-1882
-1060
-523
-781
-1720
-2731
-3215
-2936
-2102
-1284
-824
-657
-828
-1054
-1124
-1017
-776
-513
-126
189
615
1101
1227
1114
883
804
987
1329
1762
2024
2095
1961
1619
1385
1178
1064
1090
1013
948
738
390
-15
-409
-685
-863
-917
-1008
-1309
-1789
-2148
-2239
-2127
-2027
-1910
-1822
-1972
-2068
-2001
-1884
-1652
-1369
-1146
-989
-774
-439
-36
164
115
65
-24
147
728
1371
1739
1517
998
487
281
665
1217
1592
1563
1134
775
730
951
1106
869
218
-339
-177
641
1547
1763
735
-1373
-3417
-4030
-2780
-500
982
292
-2364
-5501
-7598
-7558
-5365
-2889
-2055
-3425
-6195
-8448
-8988
-7916
-6073
-4894
-4840
-5462
-5939
-5405
-4145
-3104
-2869
-3359
-3590
-2527
-241
2314
3930
3741
2097
654
940
3325
6676
8971
9051
7244
5028
4106
5064
7155
9008
9220
7680
5597
4278
4476
5586
6463
6240
4666
2684
1595
1753
2492
2830
2249
869
-661
-1436
-1151
-233
319
-24
-1156
-2447
-2922
-2449
-1578
-953
-969
-1558
-2100
-2167
-1675
-865
-356
-242
-386
-573
-451
99
797
1245
1188
965
998
1205
1494
1759
1950
1992
1782
1544
1559
1627
1548
1269
792
420
273
227
224
110
-170
-692
-1269
-1492
-1474
-1414
-1532
-1800
-2026
-2326
-2433
-2226
-1935
-1588
-1592
-1922
-2105
-2023
-1645
-1112
-686
-671
-959
-1191
-1027
-427
314
768
566
2
-440
-373
362
1405
2110
1838
783
-132
-173
715
1917
2499
1966
620
-582
-594
717
2443
3199
2063
-735
-3555
-4414
-2741
229
2192
1423
-1840
-5757
-8165
-7787
-5158
-2446
-1702
-3429
-6657
-9188
-9419
-7758
-5584
-4646
-5369
-6696
-7354
-6267
-4193
-2671
-2530
-3671
-4558
-3933
-1512
1728
3835
3788
1940
15
113
2824
6637
9090
8829
6460
3958
3114
4646
7601
9879
10017
7996
5221
3572
3923
5650
7212
7113
5356
3125
1816
1979
2790
3208
2607
1259
-17
-576
-156
674
960
272
-1171
-2459
-2637
-1743
-582
-40
-601
-1619
-2153
-2009
-1238
-459
-183
-305
-707
-1016
-735
161
1012
1382
1136
531
328
649
1150
1544
1789
1843
1757
1532
1198
1045
894
718
593
679
925
1000
799
160
-707
-1386
-1532
-1094
-511
-320
-658
-1384
-2200
-2630
-2461
-1864
-1097
-626
-913
-1699
-2426
-2566
-2059
-1389
-844
-676
-908
-1296
-1508
-1397
-999
-527
-471
-848
-1115
-922
-245
607
816
223
-628
-1029
-481
610
1529
1678
1035
154
-433
-90
1145
2319
2312
516
-2009
-3270
-2216
367
2327
1922
-913
-4548
-6958
-6916
-4507
-1666
-422
-1826
-5355
-8675
-9701
-8016
-5151
-3285
-3464
-5094
-6496
-6388
-5000
-3411
-2680
-2912
-3220
-2887
-1364
918
2724
3209
1942
184
61
2382
6017
8468
8361
6102
3571
2876
4308
6940
9196
9487
7673
4944
2948
3103
5160
7210
7593
5778
3049
1368
1385
2492
3573
3679
2658
1144
-146
-615
-88
800
1037
171
-1203
-2019
-1813
-907
-195
-355
-1080
-1805
-2017
-1708
-1178
-557
-193
-331
-872
-1426
-1311
-406
598
1109
885
440
169
14
74
449
1228
1876
2006
1569
839
457
276
266
437
571
823
990
829
241
-592
-1146
-1239
-1008
-686
-443
-294
-409
-1050
-1878
-2150
-1638
-848
-496
-822
-1396
-1671
-1537
-1327
-1269
-1197
-1055
-1017
-1212
-1324
-1030
-594
-460
-943
-1626
-1742
-980
226
695
114
-854
-1383
-998
-94
678
913
616
93
-266
-102
811
1900
1863
148
-2265
-3380
-2009
980
2957
2212
-722
-4178
-6243
-6186
-4119
-1298
90
-1201
-4579
-7745
-8623
-6943
-4425
-3041
-3427
-4927
-5886
-5390
-4143
-3057
-2862
-3349
-3535
-2955
-1371
952
2791
2962
1292
-759
-851
1855
5641
7875
7490
5294
3112
2382
3454
5803
7985
8630
7292
4848
2982
3061
4851
6537
6578
4853
2825
1866
2192
3193
3848
3630
2658
1231
-12
-204
729
1919
2246
1283
-296
-1345
-1283
-497
300
616
421
-37
-530
-1071
-1291
-805
-138
208
-164
-714
-593
-194
81
-51
-249
-141
13
43
-168
-104
411
811
695
185
-168
-113
125
132
19
22
193
454
355
-91
-631
-896
-858
-760
-565
-292
21
64
-611
-1608
-2001
-1486
-569
-123
-401
-1039
-1372
-1142
-916
-757
-709
-878
-1132
-1584
-1610
-893
-84
297
-383
-1759
-2479
-2028
-722
389
393
-389
-1067
-1198
-843
-301
71
121
-306
-829
-653
450
1974
2442
884
-1983
-4002
-3316
-434
2507
3167
1127
-2096
-5036
-6243
-5155
-2589
-177
-77
-2533
-5636
-7345
-6710
-4870
-3633
-3777
-4728
-5292
-4787
-3511
-2394
-2282
-3182
-4030
-4035
-2650
19
2664
3881
2783
279
-1357
-287
2980
6067
7286
6424
4764
3506
3291
4269
5814
6997
6928
5607
4157
3981
5171
6423
6448
4852
2627
1491
2031
3500
4859
5095
4020
1932
-196
-1081
-341
1649
3320
3330
1699
-330
-1461
-1469
-630
291
709
687
232
-566
-1227
-1299
-863
-513
-696
-1177
-1225
-606
48
58
-506
-1150
-1387
-1259
-1060
-469
370
791
516
-445
-1189
-1065
-450
159
350
301
124
-213
-406
-420
-443
-485
-586
-617
-543
-427
-282
-290
-642
-1345
-1893
-1654
-635
261
188
-749
-1737
-2069
-1663
-1074
-551
-79
-160
-933
-1827
-2021
-1242
-207
-57
-835
-1538
-1667
-1071
-212
164
13
-543
-1043
-826
-15
858
1158
643
-232
-761
-371
951
2591
3156
1619
-1220
-3060
-2268
252
2268
2517
1000
-1329
-3527
-4789
-4155
-2161
-581
-1021
-3323
-5287
-5486
-4347
-3194
-3187
-4293
-5507
-5883
-4837
-2759
-998
-771
-2107
-3874
-4832
-3911
-1222
1934
3696
2837
488
-1150
-512
1873
4007
4784
4437
3737
3143
3208
4212
5518
5896
4735
2856
1883
2949
5334
7114
6906
4680
1963
454
742
2575
4609
5514
4911
2798
356
-706
130
1834
2771
2295
923
-216
-335
169
651
783
255
-711
-1535
-1589
-743
277
653
-32
-1421
-2505
-2455
-1365
-97
455
116
-661
-1232
-1464
-1379
-744
66
571
434
-162
-509
-282
112
105
-155
-204
67
416
477
336
235
31
-315
-626
-524
-75
211
96
-393
-894
-988
-716
-397
-231
-549
-1108
-1428
-1480
-1300
-986
-555
-486
-1002
-1762
-2289
-2063
-1326
-791
-806
-1238
-1710
-1921
-1803
-1401
-810
-491
-826
-1255
-1330
-995
-236
540
922
570
-366
-983
-465
982
2295
2767
2308
1284
-26
-1234
-1125
465
2141
2493
1238
-421
-1470
-2098
-2316
-2096
-1831
-1974
-2791
-3521
-3368
-2735
-2678
-3532
-4688
-5400
-5418
-4728
-3099
-1168
-510
-1597
-3143
-3536
-2644
-1366
-137
981
1789
1758
1315
1588
2644
3570
3409
2649
2415
3065
4192
5170
5689
5434
4407
3189
2690
3272
4305
4825
4599
4144
3517
2956
2932
3168
3070
2502
1790
1586
2063
2518
2492
1960
1050
82
-479
-258
579
1174
651
-491
-1183
-1318
-1150
-888
-812
-1024
-1738
-2434
-2318
-1526
-612
-414
-1002
-1894
-2623
-2582
-1795
-616
352
520
-2
-469
-542
-535
-295
145
680
965
834
890
1190
1286
725
-87
-411
-132
392
569
409
65
-534
-1096
-1489
-1474
-983
-766
-1110
-1643
-1996
-1932
-1564
-1341
-1508
-1772
-1919
-1936
-1766
-1337
-856
-723
-1005
-1648
-1959
-1668
-1091
-364
-105
-378
-806
-1188
-1313
-1055
-528
-23
307
327
203
160
299
768
1352
1571
1386
1162
1235
1700
2196
2497
2723
2807
2472
1663
756
526
1133
1570
1212
363
-449
-850
-1302
-1921
-2236
-2447
-2819
-3706
-4757
-4968
-4291
-3517
-3394
-3969
-4579
-4880
-4913
-4453
-3526
-2498
-1726
-1483
-1469
-1113
-595
-55
538
1048
1508
1758
2293
3411
4313
4424
3848
3374
3602
4233
4627
4790
5056
5185
4704
3806
3383
3755
4279
4237
3640
3059
2821
2702
2420
1955
1634
1524
1348
1204
1077
891
544
14
-587
-1131
-1172
-910
-756
-827
-1404
-2001
-2213
-2224
-2020
-1817
-1926
-2120
-2142
-1987
-1750
-1615
-1380
-917
-653
-830
-899
-495
120
480
260
44
445
1221
1710
1556
1223
997
698
326
247
749
1190
988
184
-672
-953
-911
-900
-1074
-1422
-1770
-2153
-2222
-1994
-1759
-1748
-2238
-2640
-2811
-2780
-2296
-1643
-1105
-1130
-1702
-2045
-1757
-1023
-361
-112
-141
-272
-384
-312
-28
354
717
903
852
697
865
1426
1763
1686
1306
1025
1308
1730
2062
2377
2568
2764
2647
2136
1816
1923
2167
2104
1961
2130
2483
2665
2179
1361
726
96
-412
-640
-642
-651
-1044
-1692
-2193
-2589
-3208
-3967
-4496
-4849
-5144
-5269
-5070
-4485
-4030
-4246
-4876
-5207
-4935
-4307
-3647
-3019
-2251
-1639
-1442
-1215
-595
317
1153
1593
1756
2018
2401
2931
3542
3994
4290
4310
4216
4282
4445
4531
4460
4190
3768
3410
3264
3334
3545
3579
3124
2393
1615
1037
816
806
867
808
561
233
-103
-423
-688
-885
-1109
-1357
-1643
-1791
-1568
-1179
-1061
-1307
-1581
-1731
-1825
-1728
-1447
-1090
-795
-827
-834
-781
-694
-431
-221
149
512
567
471
465
722
857
747
731
811
867
881
870
851
681
209
-436
-882
-1071
-878
-466
-523
-807
-1243
-1915
-2452
-2727
-2432
-1949
-1817
-1857
-2040
-2141
-2031
-1787
-1368
-1095
-1136
-1198
-1026
-604
1
456
723
981
1004
951
1102
1509
1992
2092
1894
1738
1855
2241
2475
2618
2706
2522
2249
1988
1908
2006
2019
1961
1974
2050
2018
1933
1736
1403
1086
808
820
1095
1194
860
319
-15
-62
-38
-265
-635
-962
-1467
-2243
-2911
-2966
-2466
-2219
-2764
-3731
-4479
-4644
-4494
-4375
-4442
-4621
-4788
-4935
-4791
-4221
-3375
-2635
-2332
-2480
-2752
-2541
-1664
-515
467
1101
1477
1805
2174
2532
2678
2695
2759
2894
3068
3334
3750
4121
4127
3471
2458
1843
1932
2269
2314
1901
1404
1142
875
676
559
562
596
254
-270
-690
-726
-294
70
56
-224
-492
-419
-243
-170
-227
-425
-506
-489
-478
-492
-193
381
538
268
-109
-246
22
244
168
73
234
550
726
741
816
901
887
726
363
126
279
615
802
726
520
290
116
-64
-437
-826
-937
-879
-989
-1301
-1538
-1520
-1449
-1494
-1673
-1917
-1917
-1840
-1926
-1970
-1831
-1372
-844
-598
-465
-262
-9
182
335
442
536
802
1207
1506
1703
1929
2142
2212
2002
1735
1627
1738
1914
1941
1930
1970
2146
2129
1646
1113
821
743
823
798
788
865
618
326
-15
-343
-374
-406
-365
-391
-594
-792
-877
-842
-997
-1307
-1538
-1526
-1317
-1165
-1249
-1454
-1680
-2222
-2922
-3178
-2855
-2238
-1908
-2183
-2653
-2988
-3150
-3166
-3201
-3219
-3114
-2949
-2556
-2026
-1408
-885
-750
-919
-1211
-1165
-658
309
1481
2104
2153
2047
1951
2002
2065
2079
2209
2320
2249
2078
2193
2514
2515
2074
1361
732
510
660
886
977
839
569
379
361
510
635
618
581
363
115
179
509
1007
1292
1157
890
848
859
874
860
640
610
613
626
820
948
1093
885
345
-96
-372
-289
-71
48
88
-41
-225
-345
-407
-488
-633
-693
-732
-709
-601
-505
-394
-396
-534
-695
-745
-657
-564
-778
-1062
-1152
-1134
-914
-748
-714
-729
-842
-910
-923
-732
-452
-248
-122
-209
-60
263
563
843
920
955
1035
1254
1506
1567
1539
1496
1418
1328
1378
1570
1658
1574
1362
1043
803
634
540
379
92
-10
-100
-80
125
34
-362
-718
-1008
-1102
-999
-877
-706
-655
-806
-950
-852
-593
-421
-486
-650
-635
-460
-196
-86
-17
0
-217
-304
-113
182
197
-277
-1169
-2038
-2519
-2541
-1849
-1184
-1308
-2188
-3410
-4067
-4136
-3967
-3791
-3875
-3880
-3671
-3146
-2289
-1440
-991
-1323
-1923
-2197
-1659
-273
1280
2481
2917
2568
2096
2128
2399
2649
2679
2461
2321
2389
2723
3158
3436
3059
1933
633
-76
219
960
1510
1575
1166
737
471
424
642
863
835
532
280
427
903
1497
1926
1853
1388
851
651
870
1083
1100
902
625
524
501
485
505
404
31
-589
-1052
-994
-555
-195
-164
-345
-445
-425
-426
-508
-639
-448
-177
41
314
386
494
567
411
227
145
164
328
463
289
-9
-182
-221
-305
-524
-825
-1039
-988
-845
-768
-784
-818
-847
-937
-951
-895
-629
-155
173
411
488
500
651
720
679
626
727
1072
1269
1229
1185
1042
877
796
577
302
114
-99
-223
-178
-76
-23
-250
-647
-901
-1013
-832
-569
-497
-552
-885
-1059
-744
-52
667
997
961
684
359
272
575
1127
1574
1411
1001
889
972
1107
965
215
-1152
-2681
-3664
-3519
-2571
-1745
-1889
-3232
-4949
-6108
-6461
-6174
-5697
-5487
-5415
-5288
-4777
-3567
-2147
-1237
-1173
-1704
-2020
-1464
27
1906
3712
4557
4193
3554
3084
3390
4135
4426
4221
3466
2619
2350
2704
3366
3477
2564
1069
-280
-802
-593
53
571
471
52
-203
-101
240
596
799
755
373
172
541
1388
2402
3046
3012
2423
1750
1410
1428
1534
1657
1580
1253
899
540
453
475
229
-198
-798
-1251
-1231
-976
-775
-643
-594
-554
-417
-402
-381
-174
133
509
708
778
882
941
1023
1035
1104
1081
747
402
-51
-362
-509
-796
-1060
-1286
-1375
-1412
-1595
-1748
-1920
-2121
-2150
-1962
-1575
-1262
-992
-639
-364
-77
189
504
910
1179
1224
1217
1285
1405
1601
1746
1612
1308
949
632
498
469
512
292
-272
-884
-1267
-1155
-881
-774
-817
-1055
-1229
-1078
-791
-557
-492
-559
-517
-267
279
1038
1630
1876
1627
1074
757
801
1198
1600
1497
1028
573
335
310
289
-122
-1130
-2656
-4348
-5275
-5046
-4084
-3261
-3469
-4540
-5558
-5947
-5682
-5138
-4809
-4841
-4911
-4623
-3689
-2126
-351
1012
1325
962
525
484
1359
2833
4116
4527
4166
3651
3403
3570
3798
3673
2956
1763
806
484
878
1571
1796
1149
-93
-1169
-1462
-1091
-463
130
321
307
462
846
1457
2022
2469
2639
2227
1925
1991
2433
3238
3653
3609
3146
2517
2123
1876
1702
1364
829
182
-493
-882
-902
-770
-746
-955
-1320
-1500
-1320
-1140
-1057
-1029
-962
-590
-11
572
982
1143
1162
1179
1184
1130
1195
1326
1307
1121
661
102
-300
-613
-853
-1256
-1780
-2348
-2814
-2948
-2943
-2801
-2730
-2794
-2936
-2956
-2544
-1876
-1272
-881
-549
-197
249
714
1168
1740
2109
2159
2109
1931
1817
1969
2178
2269
1966
1373
881
512
475
528
393
24
-504
-882
-1069
-897
-488
-252
-330
-561
-646
-508
-159
217
367
325
188
249
673
1178
1678
1991
1764
1129
473
89
140
340
233
-118
-631
-1113
-1197
-1125
-1274
-1867
-2986
-4376
-5533
-5851
-5247
-4478
-4295
-4565
-4823
-4787
-4323
-3708
-3299
-3103
-3229
-3452
-3190
-2208
-621
949
2025
2357
2198
2051
2272
2915
3393
3411
2828
2072
1674
1808
2424
2839
2712
1931
745
-124
-313
41
369
232
-271
-757
-862
-335
655
1510
1945
1971
1690
1612
1908
2553
3491
4062
3996
3438
2859
2866
3282
3640
3539
2888
1994
1186
634
497
534
263
-316
-1075
-1708
-1936
-1784
-1579
-1544
-1667
-1821
-1703
-1448
-1065
-421
180
523
583
521
589
916
1380
1659
1578
1240
927
745
671
573
267
-301
-988
-1532
-1914
-2104
-2199
-2374
-2634
-2970
-3059
-2867
-2672
-2420
-2122
-1788
-1445
-1079
-641
-144
451
907
1120
1236
1365
1584
1922
2254
2235
1926
1635
1507
1451
1413
1340
1079
635
190
-79
-119
-134
-406
-694
-905
-1058
-900
-473
-20
216
154
-46
-268
-386
-115
373
686
803
561
320
393
587
896
1032
859
431
-206
-658
-782
-772
-751
-1114
-1782
-2250
-2266
-1903
-1443
-1112
-1296
-1998
-2938
-3805
-4210
-3951
-3429
-3069
-2981
-2988
-2735
-2186
-1512
-1058
-1018
-1429
-1862
-2023
-1774
-968
-143
401
641
703
975
1619
2330
2758
2623
1975
1235
717
717
941
1230
1421
1234
993
869
981
1283
1548
1462
853
121
-224
16
636
1339
1815
2001
2074
2228
2739
3327
3737
3842
3492
2818
2223
2171
2458
2640
2456
1957
1519
1231
1042
956
718
356
-147
-965
-1745
-2239
-2383
-2137
-1832
-1715
-1646
-1319
-721
-229
112
188
62
-96
-221
-53
227
488
736
832
877
877
745
490
131
-276
-715
-1101
-1407
-1670
-1858
-1964
-2066
-2071
-2055
-2131
-2009
-1814
-1634
-1367
-1190
-998
-670
-296
60
377
644
894
1119
1328
1608
1709
1667
1601
1456
1285
1114
863
574
359
134
132
266
263
194
33
-228
-544
-771
-880
-932
-873
-712
-342
113
487
771
883
916
755
373
105
1
15
118
143
183
240
305
395
327
89
-278
-718
-1209
-1608
-1809
-1814
-1724
-1623
-1528
-1330
-964
-668
-550
-862
-1480
-2119
-2660
-2754
-2514
-2172
-1863
-1695
-1493
-1351
-1214
-971
-754
-669
-1041
-1549
-1814
-1732
-1257
-646
-105
190
397
693
1173
1759
2082
2109
1875
1311
813
628
693
808
898
995
937
926
1034
1237
1651
1903
1697
1218
604
133
26
231
638
1079
1543
2066
2508
2984
3396
3412
3073
2345
1465
889
681
711
929
1220
1425
1502
1305
957
647
256
-270
-895
-1564
-2059
-2173
-1900
-1420
-986
-771
-633
-356
-33
336
620
536
308
192
149
212
242
289
330
206
116
188
368
548
708
615
204
-370
-1114
-1686
-2010
-2232
-2139
-1965
-1772
-1317
-779
-352
-83
-48
-191
-407
-627
-606
-470
-270
60
334
651
958
1148
1206
1091
886
675
510
361
150
-96
-199
-196
-63
95
25
-56
-182
-360
-475
-508
-269
-27
17
166
318
447
623
658
595
368
127
60
57
178
299
298
235
22
-327
-548
-498
-530
-757
-1121
-1588
-1792
-1763
-1597
-1399
-1328
-1161
-1001
-861
-727
-580
-414
-592
-915
-1272
-1533
-1563
-1505
-1394
-1362
-1237
-1171
-1102
-890
-741
-645
-793
-1012
-1252
-1520
-1563
-1413
-1184
-863
-411
144
757
1337
1793
1992
1901
1756
1502
1248
1138
863
672
696
821
1035
1263
1598
1828
1811
1621
1355
1049
852
748
504
332
245
204
308
585
1064
1522
1875
2070
2112
2197
2210
2088
1739
1160
617
173
-109
-230
-164
111
406
615
658
503
276
-83
-504
-918
-1414
-1624
-1652
-1551
-1126
-704
-155
509
866
1047
1108
957
867
617
204
-31
-255
-376
-410
-389
-192
21
220
273
176
9
-292
-656
-1071
-1495
-1721
-1922
-2069
-1905
-1668
-1200
-588
-199
142
437
492
475
391
163
-25
-192
-239
-312
-310
-45
242
569
821
907
837
706
565
391
143
-219
-608
-958
-1046
-967
-785
-363
151
536
828
1011
939
767
593
309
28
-141
-337
-476
-395
-209
-1
128
90
-78
-366
-673
-843
-1036
-1270
-1410
-1565
-1616
-1534
-1306
-968
-795
-629
-573
-574
-406
-172
217
447
470
284
-97
-256
-483
-716
-826
-1095
-1223
-1309
-1334
-1134
-949
-825
-862
-1106
-1448
-1657
-1500
-1210
-990
-772
-550
-198
168
598
1191
1716
2064
2127
2012
1847
1817
1815
1540
1189
927
712
576
698
982
1120
1171
1104
897
685
483
422
315
115
-88
-271
-174
127
606
1200
1571
1890
2101
2108
2158
2085
1885
1535
1127
776
315
65
104
215
350
331
236
216
142
32
-234
-709
-1168
-1611
-1939
-1987
-1801
-1501
-1083
-621
-45
526
809
1011
1052
896
698
466
243
117
68
62
157
133
149
316
416
383
143
-100
-411
-758
-1088
-1448
-1695
-1892
-1947
-1775
-1398
-944
-482
10
404
636
650
691
691
494
354
154
28
37
-11
111
317
528
691
642
525
430
339
73
-159
-319
-616
-710
-669
-556
-272
12
278
534
686
660
759
794
597
389
21
-333
-643
-872
-940
-1020
-1009
-967
-922
-833
-751
-647
-643
-717
-812
-960
-1010
-1089
-1096
-870
-644
-355
-67
196
420
446
459
113
-450
-852
-1284
-1511
-1750
-1944
-1865
-1908
-1816
-1435
-1149
-890
-748
-845
-915
-896
-852
-767
-604
-482
-260
108
412
961
1623
2089
2366
2435
2267
1843
1484
1251
961
700
448
252
285
446
630
874
1062
1095
1022
893
786
691
579
497
502
460
533
887
1140
1430
1823
2057
2245
2341
2187
1957
1738
1424
1138
839
508
287
155
2
-162
-250
-314
-441
-595
-685
-811
-881
-837
-801
-731
-709
-620
-565
-548
-480
-397
-108
159
370
617
768
849
837
707
416
139
-133
-524
-758
-975
-1084
-1065
-1205
-1174
-1139
-1224
-1112
-1065
-1047
-999
-1001
-934
-920
-916
-760
-438
-180
37
260
443
661
787
917
1015
904
677
463
270
71
-153
-370
-492
-596
-640
-602
-461
-215
55
178
110
56
25
70
108
159
138
71
150
156
302
418
438
545
507
438
223
45
-117
-321
-411
-659
-920
-1108
-1156
-1040
-862
-661
-593
-543
-415
-276
-193
-132
-97
-185
-319
-530
-834
-992
-989
-1041
-1072
-1015
-934
-838
-755
-633
-485
-490
-624
-770
-889
-954
-865
-681
-529
-317
-107
146
540
837
1043
1212
1113
917
820
787
778
597
382
262
63
-24
3
45
162
138
43
40
55
162
243
300
403
410
375
362
465
754
1133
1380
1507
1609
1656
1725
1755
1726
1630
1468
1299
1120
980
869
792
695
468
128
-113
-172
-268
-401
-381
-385
-406
-249
-62
46
92
157
232
275
317
337
393
448
440
517
615
668
640
604
572
391
115
-139
-294
-477
-708
-981
-1231
-1359
-1430
-1432
-1395
-1239
-1007
-871
-756
-591
-437
-423
-362
-239
-293
-198
-57
0
212
362
463
566
566
581
548
381
230
58
-84
-263
-517
-676
-812
-880
-901
-794
-579
-432
-238
-91
-46
-89
-105
-80
-90
-87
-161
-201
-219
-180
-40
85
154
101
56
-71
-176
-230
-384
-534
-772
-967
-1026
-1069
-1052
-994
-912
-808
-783
-798
-712
-556
-545
-687
-739
-838
-989
-1108
-1214
-1147
-1072
-958
-729
-624
-436
-225
-139
39
34
-50
-40
-50
59
170
250
467
674
789
997
1171
1183
1238
1262
1127
1039
932
717
576
487
401
396
477
567
639
664
703
822
903
957
1081
1122
1050
947
941
972
963
974
999
1073
1104
1179
1253
1278
1237
1113
971
712
454
243
22
-215
-309
-338
-465
-483
-398
-293
-135
-36
-36
-19
-23
-52
-48
-89
-112
-89
10
167
245
294
241
140
95
58
17
-56
-154
-242
-330
-420
-458
-578
-678
-715
-895
-990
-964
-887
-728
-557
-405
-280
-205
-99
33
67
211
334
321
307
236
230
291
378
373
339
281
189
255
255
226
232
133
31
-57
-161
-219
-254
-298
-345
-431
-508
-526
-418
-267
-218
-176
-172
-175
-87
-57
-13
-7
-130
-181
-309
-478
-541
-683
-770
-794
-880
-845
-821
-798
-585
-568
-759
-890
-1201
-1546
-1686
-1800
-1817
-1816
-1852
-1704
-1557
-1356
-939
-653
-566
-465
-416
-506
-571
-595
-580
-423
-381
-363
-174
83
438
749
948
971
927
868
653
607
546
388
380
250
249
506
679
915
1103
1203
1391
1451
1498
1505
1467
1399
1222
1231
1242
1217
1381
1491
1532
1582
1516
1455
1494
1297
1034
869
574
390
316
215
205
200
233
252
149
184
237
130
53
-6
-46
-117
-207
-101
-101
-24
66
21
208
269
298
387
441
403
240
203
147
-20
-257
-410
-502
-566
-547
-590
-633
-674
-698
-604
-552
-539
-517
-597
-514
-422
-487
-333
-183
-109
66
223
315
398
450
515
536
360
274
206
43
-44
-89
-105
-133
-228
-299
-339
-380
-324
-289
-285
-240
-242
-243
-98
-76
-267
-309
-261
-293
-435
-527
-435
-329
-338
-295
-279
-312
-275
-320
-320
-397
-531
-634
-836
-1028
-1236
-1415
-1553
-1662
-1727
-1777
-1790
-1771
-1653
-1459
-1387
-1453
-1531
-1588
-1518
-1454
-1435
-1300
-1133
-1016
-909
-607
-254
-51
214
470
597
592
610
798
823
800
823
738
675
696
740
781
919
1065
1208
1257
1255
1361
1381
1363
1360
1303
1263
1225
1198
1270
1448
1617
1716
1735
1815
1894
1846
1855
1737
1528
1358
1172
1024
768
503
289
134
-27
-144
-133
-220
-262
-241
-162
-121
-245
-272
-309
-316
-240
-327
-384
-325
-195
-87
-87
62
115
81
118
78
101
74
-39
-124
-200
-342
-380
-263
-231
-171
-97
-124
-137
-35
12
-88
-184
-271
-299
-326
-426
-365
-303
-251
-129
-139
-75
53
122
218
303
350
284
153
144
96
-18
-112
-154
-181
-245
-301
-385
-334
-347
-461
-454
-410
-478
-505
-445
-457
-451
-543
-671
-652
-661
-652
-633
-686
-669
-632
-516
-439
-437
-390
-386
-434
-500
-524
-625
-727
-817
-903
-895
-949
-951
-902
-888
-925
-970
-968
-1017
-1043
-1032
-1094
-1102
-1083
-1140
-1093
-994
-855
-634
-446
-341
-246
-83
156
377
407
462
608
682
705
784
866
911
1031
1059
1153
1294
1412
1517
1481
1489
1493
1408
1287
1256
1329
1379
1338
1319
1400
1481
1572
1574
1487
1489
1476
1369
1214
1088
994
891
773
591
485
312
219
216
116
145
101
50
47
-62
-157
-199
-311
-388
-324
-405
-426
-321
-261
-259
-249
-157
-228
-210
-167
-189
-161
-204
-217
-243
-265
-295
-261
-177
-152
-80
-57
56
203
145
21
-9
-117
-277
-227
-290
-289
-263
-332
-219
-177
-33
-2
-161
-165
-212
-205
-149
-128
-181
-239
-190
-397
-557
-537
-614
-535
-466
-350
-243
-233
-164
-158
-95
-123
-210
-331
-525
-597
-611
-616
-636
-668
-663
-644
-629
-599
-536
-478
-555
-692
-752
-862
-1002
-1098
-1143
-1168
-1180
-1087
-984
-857
-746
-613
-475
-505
-527
-528
-640
-719
-633
-552
-455
-313
-287
-192
-95
-19
81
102
160
217
340
380
340
394
385
465
585
656
803
988
1123
1207
1331
1352
1343
1356
1293
1365
1465
1480
1540
1578
1593
1624
1596
1499
1413
1282
1162
1076
997
995
942
860
799
677
539
427
395
434
388
352
359
301
235
191
127
-39
-200
-204
-291
-303
-205
-262
-300
-333
-385
-364
-396
-383
-306
-308
-216
-102
-41
14
-22
11
63
-1
-106
-205
-248
-323
-388
-401
-369
-374
-385
-260
-254
-219
-127
-124
-69
-126
-183
-172
-223
-300
-376
-431
-498
-484
-475
-512
-432
-441
-530
-560
-644
-736
-786
-780
-750
-766
-793
-844
-891
-815
-693
-652
-638
-619
-587
-564
-558
-519
-512
-486
-428
-460
-428
-410
-337
-255
-331
-381
-464
-507
-510
-614
-653
-525
-526
-638
-582
-470
-437
-409
-294
-227
-250
-189
-120
-93
-41
-37
7
10
-134
-118
-41
15
119
166
306
414
501
644
670
766
833
729
737
803
797
803
788
839
900
923
1080
1196
1220
1248
1239
1231
1235
1207
1122
1023
971
974
972
906
870
998
985
891
998
909
741
708
568
541
491
332
330
256
287
371
276
235
174
194
211
155
192
122
43
30
-53
-175
-254
-245
-250
-277
-239
-204
-147
-59
-69
-64
-38
-58
-117
-204
-219
-226
-284
-342
-289
-326
-367
-312
-312
-295
-353
-443
-448
-483
-570
-601
-638
-713
-772
-773
-762
-798
-843
-813
-706
-615
-634
-652
-604
-629
-628
-683
-819
-934
-1030
-1116
-1261
-1259
-1199
-1210
-1129
-1094
-1066
-999
-909
-820
-756
-687
-635
-550
-514
-511
-463
-486
-491
-499
-473
-379
-363
-294
-261
-209
-83
-38
25
113
122
148
240
256
233
255
274
284
307
319
382
430
419
523
510
424
478
522
578
648
643
672
758
785
833
984
1031
942
1001
1023
907
897
840
780
784
713
736
746
648
682
808
840
867
975
1050
1056
1060
1025
951
908
851
757
722
715
694
678
669
778
832
774
772
746
732
668
624
604
512
451
378
286
242
258
243
124
17
-23
-32
-37
-116
-144
-159
-215
-228
-271
-328
-376
-407
-500
-614
-583
-644
-764
-756
-840
-874
-860
-887
-910
-995
-1056
-1034
-1034
-1122
-1156
-1077
-978
-993
-1001
-1045
-1083
-1003
-1067
-1057
-1006
-1164
-1202
-1226
-1250
-1176
-1313
-1318
-1249
-1336
-1261
-1210
-1201
-1125
-1055
-1066
-1101
-1014
-932
-897
-924
-942
-885
-805
-677
-505
-419
-392
-309
-155
-53
20
82
69
83
64
127
282
296
300
439
457
472
636
746
881
947
947
1053
1075
1083
1205
1263
1268
1253
1213
1194
1232
1308
1354
1362
1312
1272
1251
1210
1226
1144
1023
974
950
982
983
957
947
957
934
910
909
858
798
763
745
746
724
696
714
709
705
726
714
696
732
678
514
539
560
492
495
465
422
395
410
427
321
286
245
85
25
-23
-123
-174
-187
-225
-232
-235
-296
-336
-351
-386
-434
-491
-541
-609
-713
-668
-689
-890
-966
-1036
-1078
-1079
-1181
-1229
-1251
-1220
-1223
-1286
-1250
-1273
-1271
-1242
-1265
-1252
-1188
-1135
-1168
-1161
-1201
-1223
-1179
-1193
-1153
-1118
-1082
-1086
-1008
-931
-936
-856
-836
-817
-836
-784
-652
-653
-627
-600
-612
-604
-670
-687
-590
-493
-468
-440
-314
-232
-194
-132
-80
-49
-30
-31
57
127
116
255
351
403
516
597
721
866
954
999
1093
1274
1357
1305
1325
1332
1347
1436
1434
1384
1447
1459
1447
1497
1460
1473
1488
1429
1360
1347
1348
1346
1324
1307
1315
1284
1340
1309
1208
1141
1112
1065
1008
990
825
746
720
619
593
519
469
446
367
291
262
226
211
200
50
5
-39
-95
-85
-211
-292
-350
-396
-427
-409
-406
-531
-506
-452
-469
-509
-599
-637
-681
-753
-799
-818
-846
-923
-967
-1041
-1109
-1089
-1122
-1162
-1133
-1075
-1093
-1166
-1163
-1172
-1180
-1161
-1238
-1281
-1249
-1243
-1225
-1134
-1038
-1030
-1020
-988
-973
-955
-900
-850
-911
-917
-932
-921
-795
-838
-825
-795
-811
-675
-602
-604
-570
-526
-507
-466
-437
-427
-378
-333
-263
-199
-190
-131
-28
88
116
109
246
346
372
407
509
540
476
469
499
581
635
676
689
778
874
918
1017
1048
1028
1058
1135
1063
1039
1153
1187
1253
1248
1264
1380
1398
1349
1319
1370
1393
1334
1320
1358
1354
1279
1230
1270
1262
1187
1163
1110
1054
1061
1045
1017
952
852
758
749
725
636
622
571
481
437
425
346
240
249
237
128
-9
-80
-95
-255
-373
-375
-483
-577
-670
-752
-653
-636
-739
-731
-761
-839
-866
-918
-962
-1029
-1123
-1090
-1097
-1167
-1119
-1074
-1125
-1188
-1230
-1289
-1254
-1229
-1302
-1338
-1431
-1462
-1352
-1314
-1280
-1300
-1240
-1080
-1063
-1044
-971
-936
-901
-868
-857
-861
-815
-725
-793
-773
-717
-735
-633
-645
-621
-518
-544
-489
-398
-394
-337
-268
-246
-161
-63
7
31
30
113
169
171
186
297
422
392
432
532
517
581
663
745
776
752
820
806
827
861
791
806
845
828
841
903
946
981
1015
1009
991
1020
1075
1072
1040
1035
1012
1027
1104
1090
1080
1092
1062
1079
1137
1086
970
949
858
763
757
672
677
755
751
729
730
715
690
714
658
558
479
420
426
381
320
277
185
154
152
155
122
-17
-52
-11
-129
-237
-302
-348
-348
-418
-481
-562
-596
-605
-688
-745
-795
-847
-846
-793
-847
-911
-895
-964
-1052
-1001
-931
-1047
-1068
-1016
-1063
-1056
-1053
-1062
-1094
-1060
-982
-985
-995
-1090
-1013
-954
-1035
-1013
-1040
-921
-856
-789
-674
-734
-671
-664
-736
-707
-747
-674
-606
-654
-616
-568
-522
-473
-483
-478
-423
-358
-284
-248
-224
-147
-138
-90
-1
19
37
55
107
137
199
295
277
299
390
465
515
521
615
688
660
725
768
756
782
860
960
983
1034
995
992
1112
1094
1085
1078
1048
1088
1067
1086
1142
1105
1086
1130
1155
1100
1117
1067
970
935
832
803
815
780
744
730
739
762
714
652
654
556
511
501
448
482
404
309
271
160
131
176
92
34
68
-38
-75
-121
-204
-215
-348
-378
-448
-535
-497
-490
-547
-636
-676
-727
-728
-771
-781
-775
-768
-648
-741
-841
-758
-791
-818
-837
-871
-856
-923
-870
-921
-1064
-1048
-1047
-1015
-1046
-1072
-1003
-974
-996
-937
-831
-823
-801
-770
-767
-748
-715
-686
-690
-625
-618
-617
-567
-555
-473
-440
-422
-383
-328
-288
-303
-287
-248
-119
-8
55
118
61
53
148
208
226
216
234
221
165
218
319
362
367
385
497
557
567
614
570
555
555
536
594
622
577
546
656
698
692
717
716
785
796
724
743
842
881
929
931
913
902
892
922
959
1017
978
923
920
889
783
792
820
762
736
738
754
613
624
683
588
547
509
530
445
329
280
212
213
141
76
24
-27
-1
-47
-90
-142
-147
-152
-246
-288
-370
-402
-365
-428
-482
-534
-634
-671
-629
-629
-677
-631
-566
-579
-630
-640
-672
-715
-685
-746
-778
-691
-799
-904
-856
-866
-880
-891
-885
-863
-848
-865
-880
-867
-838
-880
-939
-874
-903
-918
-867
-854
-802
-853
-788
-625
-604
-561
-465
-399
-378
-336
-221
-196
-269
-262
-215
-128
-104
-104
-11
-49
-62
50
84
76
86
147
223
250
256
306
319
408
416
335
472
495
549
562
458
541
539
533
620
647
625
642
711
742
775
724
720
758
738
806
796
734
670
682
723
696
727
722
786
793
749
760
762
777
720
677
538
492
578
537
499
488
416
339
330
323
264
211
226
195
157
116
-4
11
44
-2
21
-23
-72
-50
-62
-161
-212
-201
-224
-166
-187
-224
-221
-304
-270
-274
-352
-308
-348
-433
-447
-496
-437
-408
-509
-505
-501
-524
-574
-554
-522
-582
-584
-612
-627
-594
-624
-639
-614
-635
-591
-564
-625
-613
-665
-675
-615
-614
-571
-583
-537
-506
-534
-490
-450
-389
-340
-262
-282
-317
-258
-232
-200
-190
-210
-252
-173
-108
-147
-121
-96
-66
24
32
-31
-1
66
94
57
41
27
37
130
144
143
188
292
325
326
392
354
364
430
418
440
470
516
555
570
624
565
552
567
538
663
639
524
531
547
561
578
565
567
618
558
605
599
519
567
518
471
465
480
472
403
390
405
379
365
345
316
274
240
181
139
184
100
57
46
-13
25
-17
-33
-9
-2
-46
-74
-44
-106
-140
-83
-22
-100
-150
-123
-118
-167
-189
-201
-259
-269
-352
-322
-327
-391
-374
-427
-361
-295
-365
-331
-335
-347
-336
-453
-426
-391
-426
-478
-555
-492
-491
-512
-459
-464
-449
-477
-441
-341
-349
-387
-378
-332
-331
-343
-371
-348
-312
-326
-274
-211
-220
-253
-200
-205
-228
-122
-107
-145
-144
-129
-57
-70
-81
34
3
-10
83
34
58
93
101
129
90
135
151
146
212
267
252
211
203
208
279
282
237
285
248
194
326
364
276
306
304
284
316
316
321
350
348
300
284
356
331
270
360
400
410
433
420
440
472
451
376
339
362
344
260
209
243
243
237
249
205
193
163
180
158
71
97
96
77
49
4
-2
42
22
-62
-49
-86
-103
-58
-93
-100
-126
-180
-205
-228
-228
-237
-231
-262
-311
-303
-350
-325
-292
-388
-348
-340
-412
-341
-302
-317
-286
-337
-362
-269
-266
-331
-328
-251
-225
-284
-232
-199
-222
-212
-274
-308
-290
-271
-228
-245
-277
-230
-277
-328
-266
-244
-198
-210
-318
-226
-162
-180
-143
-194
-103
-73
-79
-15
-55
-43
-9
35
139
142
105
127
101
108
127
155
190
120
48
126
244
252
224
210
230
260
220
139
167
277
279
225
262
294
301
324
326
362
376
349
304
266
277
257
257
217
188
265
221
189
232
260
279
314
371
326
296
346
358
333
314
282
293
322
303
286
255
223
260
289
239
190
112
25
14
32
60
51
-2
-58
-62
-32
-76
-119
-140
-113
-57
-121
-178
-150
-160
-175
-162
-168
-187
-174
-127
-181
-230
-185
-197
-208
-223
-277
-291
-353
-380
-286
-319
-340
-295
-340
-376
-345
-327
-333
-348
-409
-452
-406
-333
-322
-328
-317
-254
-240
-254
-252
-266
-216
-198
-234
-269
-261
-246
-200
-208
-298
-272
-236
-201
-153
-165
-155
-70
-15
-1
1
-6
41
71
75
131
168
135
181
230
190
123
112
153
116
136
120
91
128
84
116
144
150
184
129
114
154
193
191
161
174
195
212
265
286
268
296
297
345
328
307
382
353
331
335
309
268
301
316
259
283
278
258
244
236
189
94
128
207
254
224
201
191
126
158
211
207
123
74
94
92
142
108
70
64
-53
-10
24
-59
-74
-137
-126
-73
-120
-128
-90
-140
-144
-136
-182
-138
-135
-192
-175
-96
-137
-245
-191
-113
-188
-261
-243
-244
-273
-271
-229
-242
-271
-245
-247
-258
-320
-297
-205
-337
-399
-296
-299
-252
-247
-312
-239
-198
-221
-251
-293
-214
-187
-209
-186
-204
-157
-117
-58
-76
-169
-118
-90
-137
-127
-167
-186
-137
-96
-60
-71
-69
-45
73
33
0
98
49
95
157
154
222
182
125
176
147
145
208
210
189
226
225
143
174
113
70
226
229
133
132
176
186
213
259
264
286
246
143
197
269
230
220
201
186
216
263
255
157
170
258
280
208
112
140
139
143
129
69
119
104
92
84
45
100
162
189
150
87
32
74
78
17
73
57
66
98
60
-11
-58
33
41
-82
-77
-32
-137
-183
-132
-129
-184
-188
-100
-139
-243
-250
-192
-138
-111
-91
-135
-181
-136
-115
-164
-173
-131
-121
-142
-178
-262
-240
-200
-255
-242
-244
-229
-203
-222
-248
-267
-210
-165
-231
-245
-202
-143
-106
-167
-173
-139
-78
-79
-95
-36
-85
-111
-37
-66
-53
-14
-77
-48
-23
-24
5
-44
-77
-5
38
125
118
66
176
144
64
76
139
139
56
85
173
218
202
161
173
165
117
240
265
122
87
96
129
154
140
137
121
71
115
150
140
152
127
142
143
147
152
143
154
177
206
154
196
245
145
139
131
113
134
49
96
106
49
75
2
37
92
49
-4
-19
-5
-52
12
78
0
-13
13
48
12
-41
-52
-72
-58
-45
-50
-83
-79
-94
-92
-68
-124
-108
-69
-106
-130
-216
-147
-57
-105
-36
-98
-145
-94
-114
-77
-121
-147
-101
-121
-100
-96
-136
-200
-184
-118
-138
-137
-167
-190
-190
-193
-188
-181
-141
-105
-81
-85
-78
-117
-166
-85
-102
-134
-45
-68
-54
2
-56
-84
1
73
18
5
40
7
-41
-33
-9
0
14
40
0
-18
-5
4
20
6
28
50
71
61
122
83
58
143
121
107
62
98
161
115
51
53
96
76
87
118
131
95
98
101
110
182
106
117
141
68
185
170
73
181
186
142
165
155
133
117
99
80
79
153
182
102
98
105
94
104
85
79
39
16
14
31
39
13
21
10
-29
2
43
-12
6
51
-2
9
90
41
-57
-32
-3
-51
-67
-13
-18
-64
-60
-78
-42
-13
-80
-55
-46
-110
-111
-132
-118
-55
-34
-67
-132
-99
-95
-117
-72
-117
-127
-112
-135
-92
-110
-96
-98
-126
-80
-78
-103
-183
-140
-64
-148
-144
-127
-151
-132
-151
-122
-106
-118
-39
-56
-129
-41
-12
-10
61
18
16
-29
-60
-33
-63
-31
-5
-19
-37
-14
-46
-27
31
11
16
-7
46
36
-34
26
70
80
68
40
48
66
50
24
54
86
60
42
43
107
92
29
22
37
112
117
70
120
100
26
94
92
22
21
33
73
81
103
138
126
122
118
133
154
184
149
76
115
110
91
158
109
62
105
43
34
-13
-92
0
-3
23
51
-24
-2
66
86
2
31
131
75
24
23
11
17
33
77
61
-20
-10
26
-40
-38
2
-77
-55
25
-59
-150
-107
-91
-47
-55
-148
-98
-119
-151
-172
-155
-15
-70
-125
-83
-121
-115
-49
-89
-178
-183
-164
-118
-109
-122
-113
-99
-132
-106
-21
-118
-162
-129
-121
-71
-58
-50
-74
-114
-72
1
-16
-26
-34
-104
1
42
-22
-15
10
55
-66
-86
11
17
5
-60
2
38
-15
-20
-3
40
35
43
-11
-27
86
97
88
81
75
143
114
85
95
95
142
150
151
108
163
197
57
45
66
82
96
16
34
34
8
29
32
120
120
42
37
119
134
90
79
1
57
59
60
158
103
57
88
141
95
37
18
-31
-31
-32
-13
-8
-105
-75
1
32
105
21
-9
3
12
71
-13
0
14
-48
-54
-152
-163
-100
-145
-141
-65
-69
-82
-89
-107
-149
-164
-69
-78
-127
-138
-186
-152
-110
-89
-44
-86
-71
-5
-52
-35
4
5
5
9
-16
-45
-21
-103
-122
-25
5
-54
-63
25
-29
-78
-80
-88
-30
-106
-182
-98
-13
-35
-29
-14
-29
10
-9
51
81
-10
34
74
19
1
23
11
7
26
-8
7
85
62
25
26
59
143
46
26
58
-1
70
94
139
132
66
118
98
16
58
75
9
37
41
53
45
-4
43
47
-13
0
55
65
86
100
102
93
89
108
102
63
-1
18
16
-12
31
21
60
67
56
126
10
9
111
25
-29
1
34
-38
-21
-17
-62
-35
-71
-1
30
-15
-45
-58
-25
-9
-11
-38
-55
-47
-14
-55
-132
-92
-9
-8
-42
-11
-53
-65
-60
-49
11
-33
-31
-94
-74
9
-107
-98
4
5
-14
-24
-86
-74
-86
-80
-21
-136
-115
-48
-113
-135
-138
-109
-93
-9
26
-64
-25
-40
-58
3
11
20
-16
3
-12
20
135
64
62
70
-29
0
19
-17
-8
2
30
71
48
79
134
102
62
43
68
106
89
80
88
66
84
70
19
23
33
-31
-35
23
46
108
58
-32
-22
-3
21
13
19
21
-5
-38
23
123
118
105
56
107
183
155
49
15
57
-30
15
67
-17
-49
-115
-43
79
19
45
10
-16
29
-53
-42
-76
-85
-19
-39
-6
-26
-37
-8
-44
-17
-20
-90
-66
-22
4
13
-19
-28
-13
-11
-94
-157
-94
-83
-90
-18
-76
-79
43
23
-15
-41
-65
-8
-18
-60
-12
-40
-10
71
17
3
29
5
-37
-56
-66
-83
-102
-121
-122
-108
-112
-94
-32
9
0
-28
-19
-6
-21
-13
-37
-12
57
43
81
91
112
79
6
26
84
107
13
29
65
-11
4
28
10
-8
-107
-56
61
8
-15
10
50
80
81
93
66
18
10
5
-13
2
63
75
27
16
0
57
60
6
51
59
89
98
70
30
17
54
-12
27
90
126
161
66
91
131
85
41
19
21
-45
-51
33
59
-7
-42
-26
-13
10
-58
-64
-29
-39
-23
-22
-19
-41
7
10
-35
-15
-85
-84
0
10
-20
-68
-15
70
52
-23
-38
1
3
-1
5
3
-10
7
38
17
-10
-38
-34
15
-23
-30
-19
-116
-126
-89
-55
-49
-119
-66
-55
-93
-94
-161
-152
-151
-120
-9
-30
-92
-72
-36
-24
6
-20
-37
82
84
-35
-45
-15
15
-9
-73
5
40
-19
-8
16
14
5
41
31
8
26
27
-15
-57
-24
-86
-90
-12
-7
0
-23
-39
10
58
76
78
52
56
20
27
44
2
-13
-18
15
43
51
-18
-53
-51
-39
29
66
46
30
95
82
52
44
58
112
97
92
82
31
6
37
-13
3
10
-99
47
85
15
7
-59
15
64
8
-25
-47
-44
-26
17
31
-22
12
36
3
6
0
30
9
38
133
64
11
39
82
56
-26
-12
1
22
12
-34
-4
-19
-53
12
27
-21
-27
-20
-12
-22
-69
-5
66
-15
-37
-55
-35
0
-25
-11
-39
-51
-80
-68
-88
-107
-26
-85
-94
-6
47
49
-33
-93
-40
93
94
-29
2
58
2
8
44
75
31
22
32
-55
-59
3
-51
-102
-40
-34
-85
-49
50
-20
-113
-72
-67
-79
-23
38
-45
-37
44
-3
12
-33
-72
-57
-37
46
51
56
64
27
15
42
74
66
34
77
101
19
-14
21
15
-40
9
77
40
27
25
-16
-33
-50
-36
39
-25
-53
-67
-64
17
-24
-17
32
24
34
53
9
-48
-72
2
57
27
50
-11
-54
-2
27
59
38
43
46
77
80
-41
-30
36
1
-11
12
8
-41
-47
-14
-33
-19
-30
7
57
28
-8
-35
-10
-11
-89
-98
11
23
16
6
4
112
69
9
21
-40
20
43
-29
-24
-39
7
-20
-53
13
-13
12
-16
-15
65
38
67
117
104
33
15
57
63
21
36
88
84
52
-18
11
11
-19
0
-28
-52
-28
15
7
-18
-39
36
41
-7
34
49
22
-21
10
24
60
111
-6
-49
8
5
17
-35
-38
14
-14
-8
-8
31
68
81
78
57
5
-41
12
-22
-81
-115
-77
60
64
-57
-84
-70
-132
-112
-25
-70
-105
-50
-91
-63
-14
-43
-51
-41
7
0
13
60
45
27
2
7
74
-3
-67
30
51
23
-29
-74
-53
-6
3
-50
-3
39
-24
12
-33
-64
-27
-26
26
-14
-6
59
-5
-68
50
99
55
53
47
20
-33
18
45
28
21
20
40
49
13
31
69
-4
29
48
-28
1
22
-16
13
68
104
85
15
22
102
125
60
5
58
45
16
57
15
27
67
16
-24
-13
-45
11
22
-41
63
-49
-143
-52
-56
-7
-35
-43
59
50
19
-1
-38
-32
22
23
-16
-20
-59
-29
-34
-43
56
55
-30
-80
-30
20
0
-20
-6
2
-82
-103
-25
-11
-3
-39
-16
6
-56
-108
-157
-95
-39
-23
-52
-34
12
-47
-23
-17
-18
33
25
54
25
-24
16
-23
0
83
79
51
-27
7
56
-39
-14
23
2
21
41
43
35
-22
-92
-11
-18
-41
14
-13
0
-47
-74
-2
-21
-63
35
111
74
39
-1
32
27
-10
95
125
73
54
29
24
6
-27
-8
-18
-69
-38
46
41
-22
-63
-71
-8
-15
-45
-35
-49
22
55
46
18
8
-4
-84
-18
36
39
58
0
-7
16
21
38
52
56
59
101
106
84
86
55
31
-1
-31
-13
-46
-21
47
12
43
-25
-61
28
1
5
-23
8
48
-26
-23
-30
-38
2
26
-8
-26
-18
12
35
-21
40
63
-32
-18
-39
-30
16
-29
-57
-34
18
-27
-98
-99
-60
-45
0
81
19
19
14
-8
65
52
-12
-89
-129
-59
-5
-12
5
33
-4
-3
14
5
-25
-77
0
-23
-85
-21
-24
-47
4
-22
-63
-19
-1
75
62
-28
-14
69
72
3
-10
-11
-34
9
11
-88
-122
-119
-89
-79
22
70
14
131
68
-34
-17
-63
-39
-23
-6
33
-21
-80
-44
-18
23
10
-44
-19
8
-9
-71
-63
2
-21
-2
98
129
92
46
69
78
11
-7
34
19
59
64
46
91
-13
-55
-29
-35
18
33
-17
50
109
53
25
-58
-62
56
114
85
17
57
92
48
78
62
19
33
-4
34
44
-7
0
14
56
20
-53
-82
-84
-75
-47
-49
-6
0
-30
34
-7
-18
-24
-64
2
-19
-16
18
-73
-146
-106
-36
-33
-94
-138
-80
8
-43
-57
-17
-31
5
44
36
6
58
84
36
36
22
9
39
36
-33
-13
-9
-82
-4
-11
-34
10
-66
-81
10
73
57
28
-6
-8
27
26
17
-31
-34
81
37
4
77
65
106
89
124
129
7
1
-74
-61
-17
-31
15
-53
-35
-11
-21
-55
-61
55
31
25
31
-30
-57
-11
50
9
4
-19
-77
-72
-54
-28
-5
-42
20
95
-25
-79
-51
-26
-37
-41
-49
-78
17
79
88
20
11
91
-1
20
69
49
68
85
139
61
-19
15
10
-22
23
4
-6
89
32
14
40
-3
70
19
-44
76
46
14
27
14
46
-8
-43
-2
8
-34
18
36
-8
-17
-64
-33
-29
-54
-41
-57
-76
-75
-77
-46
0
-9
28
25
-20
-15
-32
0
-62
-158
-85
-64
-67
-49
-109
-107
-86
-71
-50
-89
-97
-78
-75
-122
-118
-73
-70
-38
53
110
16
7
55
-2
32
26
61
76
-15
6
11
18
14
22
49
-11
-7
0
-25
54
77
46
115
120
65
28
15
37
98
137
76
80
63
65
120
55
53
85
55
23
54
81
37
32
4
-3
16
24
35
-12
-5
15
13
-25
-7
22
-18
23
45
73
10
-57
-37
-70
-24
28
10
-9
-72
-164
-97
-11
-93
-100
-83
-102
-14
60
37
69
79
35
30
-46
-98
-11
-18
-46
16
-62
-129
-85
-65
-71
-121
-87
-47
-54
-27
-43
-20
21
15
58
60
-7
-35
-30
21
14
59
112
-13
-2
96
16
-24
47
1
-43
-26
-66
-48
14
4
-27
-30
-42
-58
-15
-13
7
23
-43
10
2
2
0
-26
42
20
63
71
62
87
-3
19
28
-5
11
-45
-24
8
-35
9
19
-3
38
5
-32
-33
3
46
41
57
47
83
100
35
-3
-70
-145
-41
105
46
17
-20
-55
4
-54
-39
-8
-1
63
-49
-48
8
-21
103
97
-17
-12
-19
18
42
-21
-43
38
67
-1
-49
-47
13
-23
-19
21
-21
1
-27
-54
-30
33
44
-10
1
-120
-74
48
-8
9
10
-6
-46
-97
-101
-71
-35
-59
-78
-40
-18
-44
-79
-75
-16
5
20
27
10
11
26
0
-34
-51
-26
-24
-64
-4
6
68
66
-49
-13
-10
-21
-1
0
-42
-74
-17
0
49
68
46
94
82
65
65
48
77
80
115
90
-14
53
57
-53
1
-4
-7
59
5
56
36
-20
50
32
26
50
26
23
85
63
-4
-8
59
71
-67
-50
21
-17
-39
-29
-36
-31
-6
-24
-53
-25
17
-75
-113
-92
-100
-44
5
51
-8
-42
-29
9
38
2
-14
-87
60
119
-7
9
-39
-82
-66
-13
-12
-90
-24
-1
20
66
32
29
26
24
-22
-25
16
76
77
83
151
99
40
13
-20
14
55
23
18
-4
-3
13
-24
-10
-24
-32
-20
13
25
-39
-13
-36
-2
69
-2
-12
-33
-80
-10
37
-26
24
47
33
86
15
28
47
-26
-58
-109
-128
-134
-144
-46
-3
-20
-1
-9
22
2
-28
-51
-22
-4
-49
12
-2
-69
-37
-20
-43
12
46
52
76
5
60
25
-86
-66
-58
30
34
57
85
50
48
8
23
34
45
98
102
42
-5
-45
-109
-104
-58
-54
28
35
5
59
-5
-9
41
41
37
-28
-83
-30
-34
-71
-47
-49
-39
0
55
81
110
56
-4
31
-3
-63
-72
-60
-55
-23
-13
-47
19
28
-37
-34
0
-4
-24
-2
-32
-36
-10
-6
8
-14
21
72
56
19
