-237
-176
-166
-99
-36
-15
-31
-120
-64
-60
-45
89
51
8
45
42
2
52
107
106
78
40
70
30
67
88
72
105
129
179
78
24
87
107
75
40
50
45
59
53
34
27
-15
-44
-5
-17
-59
-51
-20
-24
-24
-21
-71
-19
0
-10
-34
-62
11
4
-28
-7
10
-38
-44
57
7
-37
-12
-55
-30
-1
31
53
18
-16
-52
-36
-76
-145
-175
-133
-60
-118
-74
22
-32
-31
0
-81
-117
-70
-95
-129
-58
-19
-29
-13
-10
13
24
36
46
63
102
63
52
126
66
14
23
20
61
42
41
-7
-11
67
56
37
-4
1
10
-17
14
18
-5
-2
30
47
-6
-23
-35
-37
45
59
117
117
36
46
51
33
31
88
59
-19
0
92
94
45
31
-23
-46
-59
55
90
-54
-40
26
-31
-108
-105
-96
-85
-116
-129
-51
-61
-69
-37
-25
-23
-49
-39
-57
27
88
-52
-19
81
54
56
29
-19
43
30
-6
65
-2
-74
-19
-22
-40
-14
3
79
55
6
38
-14
12
29
92
219
99
17
67
14
76
113
16
49
50
23
30
23
6
-38
-20
-37
-33
36
-4
-80
-113
-106
-57
-39
-30
-81
-115
-55
-39
-59
-115
-139
-123
-104
-105
-117
-126
-102
-34
-59
-103
-113
-134
-95
-12
-2
-31
-46
-28
24
-33
-105
-112
-68
7
3
-11
-11
-2
49
63
40
-29
-51
64
49
76
135
29
46
43
16
56
20
-25
-103
-36
82
28
-13
-26
47
132
66
56
83
96
67
-28
-42
-35
24
79
-36
-120
-41
-55
-85
-75
-153
-111
-84
-52
-9
-71
-78
-106
-79
-63
-96
-68
-66
5
28
-7
-12
-41
-61
-30
31
3
0
25
-68
-134
-36
32
-31
13
41
-14
36
169
227
167
174
130
99
200
184
161
171
161
211
200
149
114
156
186
165
127
55
79
37
-5
14
-53
-70
-17
27
0
-101
-133
-70
-28
-11
37
5
-42
-20
28
16
-24
23
52
101
152
173
116
-8
32
65
23
-8
-54
-18
15
-11
0
-6
-101
-77
-50
-132
-108
-77
-48
-45
-44
10
-1
13
6
25
13
-37
85
123
91
75
37
94
127
69
27
76
70
19
-43
-41
-16
-125
-155
-160
-170
-80
-57
-106
-158
-217
-234
-224
-199
-182
-215
-217
-149
-83
-86
-61
-64
-82
14
28
-6
-55
-80
-11
10
-12
-2
1
-13
-55
-75
-16
-31
-138
-76
37
-62
-76
-44
-50
4
-13
44
39
-42
83
153
56
21
67
77
75
99
45
77
135
48
5
34
47
61
13
-68
-40
-2
-14
-17
-48
-81
-72
-47
14
-2
-23
0
-6
63
139
92
76
46
22
62
18
46
36
-19
62
47
22
76
114
114
78
76
88
100
99
33
41
127
84
112
134
121
139
103
130
141
122
134
140
148
138
71
80
150
129
145
136
47
28
21
49
93
31
-1
-24
-40
-52
-114
-64
-73
-58
33
-63
-105
-86
-87
5
-54
-132
-121
-162
-114
-75
-39
-59
-114
-83
-35
30
-45
-69
0
-31
-86
-117
-105
-65
-73
-150
-155
-140
-85
-44
-103
-76
-48
-120
-165
-147
-72
-40
-127
-99
-78
-146
-137
-67
13
-16
-42
10
-17
-87
-40
4
18
28
1
42
118
95
75
78
54
118
77
6
24
2
0
-77
-53
21
-5
43
12
0
12
-62
-10
52
6
53
124
146
107
18
61
72
86
114
52
53
76
107
138
90
39
44
33
55
68
16
-37
32
84
16
30
0
-49
-41
-29
5
-56
-97
-63
-4
31
-32
-22
54
83
19
-10
-8
-67
-60
-24
-13
-52
-104
-119
-99
-8
27
8
-50
-86
-27
-58
-114
-55
-26
-53
-98
-121
-82
-88
-56
-9
-48
-49
-51
-52
-20
-66
-85
-44
-76
-107
-78
-75
-88
-30
30
0
-23
-43
-92
-88
-82
-87
-52
-63
-10
71
43
103
61
21
104
78
145
170
154
142
95
173
152
125
143
114
127
160
103
106
105
-25
12
4
-31
56
-44
-76
31
-26
-48
-63
-86
-18
5
10
-6
45
145
106
45
25
16
-17
20
71
20
49
13
-8
15
-27
-52
-50
-50
-79
-66
-98
-113
-44
16
1
-46
-43
-64
-112
-107
-40
-38
-70
-87
-49
-16
-84
-25
21
-39
-19
-46
-109
-105
-137
-96
29
-31
-93
-94
-111
-131
-143
-74
-54
-17
-30
-106
-121
-42
58
41
54
63
47
-2
-78
-11
65
14
-27
42
37
25
24
-47
-13
4
-66
-49
45
73
55
12
-28
-52
-28
-21
-36
12
50
42
11
47
45
37
80
63
52
50
66
151
165
133
89
69
119
120
84
44
0
-34
-64
-49
32
32
-45
-71
-77
-50
5
-9
-50
-34
-40
-54
-7
57
118
127
118
121
57
64
81
78
152
155
111
49
59
97
48
34
36
60
26
18
48
5
79
15
-18
96
10
-21
-38
1
95
21
43
96
38
96
90
-56
-25
38
-50
-14
79
25
-11
-1
-30
-72
-111
-99
-76
-94
-16
-11
-77
-58
-22
0
-68
-109
-36
-52
-149
-137
-68
-47
-93
-86
-71
-92
-17
5
32
84
-9
-52
-94
-142
-108
-100
-108
-100
-50
-2
-32
-51
-47
-62
-5
-49
-107
-60
-83
0
50
27
48
-4
4
-23
-50
-32
-56
-24
-58
-99
-108
-152
-58
48
-2
-14
21
-8
-1
76
71
49
67
22
10
63
92
81
125
141
80
102
123
115
116
55
30
44
19
44
59
52
45
-1
27
2
1
67
32
83
69
-6
43
71
61
60
107
117
95
97
83
72
82
63
79
129
70
60
21
46
112
48
11
-52
-58
-10
-30
-47
-18
-39
-68
-61
-43
13
-56
-60
57
78
12
22
70
3
23
-9
-71
-65
-132
-66
1
0
14
-17
-34
-41
-83
-102
-53
-69
-145
-117
-95
-137
-107
-77
-96
-75
-59
-37
-4
-72
-61
5
-58
-56
13
24
-25
-84
-21
-24
-42
10
-54
20
11
-77
-29
-94
-100
-84
-67
-23
-14
31
53
48
-8
2
35
27
79
79
87
123
73
-17
2
37
16
42
85
103
138
73
1
18
-46
-24
19
-9
8
-23
8
60
-49
-78
1
-17
-57
-61
-45
-26
-42
-38
-67
-54
34
29
6
-36
-31
35
-3
-59
-99
-39
-28
-120
7
60
12
18
-82
-5
121
24
29
-8
-37
62
57
121
94
27
121
136
94
51
4
-20
-35
33
34
48
73
-55
-28
-31
-108
-8
39
11
7
74
65
15
27
-30
30
34
0
46
-20
10
23
-66
-40
43
28
-4
-10
-5
6
-80
-85
-7
17
34
15
-30
-22
-22
-22
31
45
15
-26
2
53
-2
0
82
122
120
41
3
32
65
78
27
41
59
-31
-24
-1
-66
-107
-114
-40
19
22
68
79
1
-9
55
114
63
19
87
22
29
61
17
56
21
11
6
15
-10
-64
-57
-54
-62
-141
-99
-66
-119
-150
-164
-79
-102
-192
-124
-43
-49
12
-20
-106
-17
-20
-12
37
32
103
49
16
43
34
69
0
-77
-69
-69
-47
-32
-82
-104
-95
-101
-85
-93
-45
-78
-143
-87
-77
-9
-28
-21
11
-88
-47
28
41
90
103
70
72
61
66
79
37
18
-7
-52
-14
20
27
-5
-13
0
-21
31
4
6
-8
-12
61
78
110
59
111
189
149
142
100
66
124
96
40
86
80
51
4
-11
39
43
4
-19
-26
-49
-8
5
-70
-73
-34
9
49
28
55
28
-47
40
19
9
69
27
62
18
-14
35
39
54
-46
-91
28
51
-36
-31
-13
-52
-42
-103
-98
-47
-83
-123
-138
-53
-44
-54
-52
-10
16
7
64
42
47
48
34
14
10
6
15
41
-2
-28
-46
-60
9
46
-1
-10
-60
-38
-21
-41
19
-75
-72
41
-70
-114
12
50
-14
10
43
31
56
11
5
92
73
-16
1
43
44
4
-26
21
-1
-55
-33
-41
-43
-14
-10
-3
-40
-132
-12
97
42
64
25
48
119
63
61
136
77
60
105
49
59
60
20
8
40
60
-19
-69
-5
-5
-23
-31
-25
49
-37
-67
-10
-39
-28
-39
-30
27
37
-11
-30
1
46
42
-2
-18
-9
0
-47
-76
-56
4
12
-40
-120
-106
-19
5
23
-13
43
40
-44
-45
-47
9
-12
-71
3
21
2
21
4
29
31
-62
-47
1
-87
-95
-33
-42
-40
-59
-31
61
28
-29
24
-19
-45
-35
-91
19
7
-64
-41
14
86
59
42
23
-6
-15
-60
-97
-21
71
36
-26
38
37
15
39
29
45
8
-44
-57
-4
47
50
19
31
66
18
0
44
4
-39
5
67
107
34
-8
7
8
58
20
-10
14
-18
12
54
15
3
14
-47
-26
16
12
76
37
-14
-26
-43
74
84
47
101
41
22
31
0
-25
-70
-71
-43
-54
-59
-5
-13
-57
-26
19
20
-26
-55
-60
-11
39
22
23
-32
-26
49
91
155
125
74
61
70
102
30
-39
-57
-77
-47
-57
-85
-90
-63
-29
-11
74
51
39
82
-26
-10
29
-18
36
82
64
30
-23
38
44
-38
75
95
-18
-86
-120
-57
-104
-158
-34
-33
-67
-77
-51
-51
-139
-70
5
0
-28
-20
47
33
-27
-17
-3
-11
75
83
25
65
32
25
-10
-60
-44
13
76
-40
-43
16
-21
-54
-38
77
95
45
47
43
38
-10
16
93
115
113
32
15
52
30
-9
-6
56
60
6
31
28
4
19
-19
-9
17
9
-62
-67
-9
-59
-34
-46
-39
49
-7
-15
-27
-46
-12
-39
3
35
11
40
24
-19
-8
-34
-5
0
-36
-22
-31
-15
-12
-34
-39
-39
-23
-6
-9
-9
-66
-112
-75
-9
77
78
-13
-48
-6
-55
-46
33
26
-9
8
19
-17
-8
24
29
-9
-12
-35
-31
39
31
22
29
3
-37
-60
-35
40
35
-4
49
40
-5
12
19
18
18
-36
-80
-3
62
26
11
21
-2
-19
-22
-70
-27
-21
-46
-30
-114
-98
-117
-79
50
36
27
-11
52
21
-37
43
23
15
-1
0
34
32
-31
-14
52
-16
-38
-51
-19
80
47
-12
-37
-1
8
42
33
7
57
-21
-10
59
35
57
69
64
84
51
52
48
17
41
27
15
35
50
40
10
18
5
-3
52
56
3
-56
-65
-41
15
29
-37
-40
4
69
47
0
13
18
10
2
-15
-94
-89
-16
8
-46
-99
-46
-75
-52
-14
-42
-3
-67
-99
-51
-40
47
75
17
36
92
115
-7
-64
-25
-62
-64
-70
-13
7
-32
-7
51
-4
-12
24
-103
-98
-20
21
12
-34
32
28
-7
8
37
39
19
79
43
-5
91
47
23
103
-47
-53
74
14
-41
-27
-31
-62
-55
-69
-32
-55
-93
-27
-58
-7
15
25
55
-36
-9
-43
-32
49
61
146
125
85
74
19
38
80
59
-2
20
33
-8
-4
-3
-13
-45
9
27
-60
-33
52
63
-6
-34
-14
-4
-1
24
10
-73
-81
-50
-18
-23
-30
31
21
2
25
16
-4
-12
14
-29
-23
16
43
22
-164
-181
-113
-72
-53
-68
24
11
-7
-26
-42
69
25
-5
50
65
80
29
0
13
49
37
-41
4
51
-25
-71
-56
4
-5
-37
-61
-99
-22
-36
-50
2
-30
6
53
71
51
44
20
-75
-41
44
16
-23
6
59
104
88
53
19
-14
-27
39
41
-9
25
3
7
-7
-56
10
9
-1
88
56
-12
-20
-22
92
86
-34
22
-15
24
11
-158
-30
1
-85
-47
28
84
41
0
-11
-3
-7
-32
2
12
-36
15
57
-16
-51
-22
-23
9
81
90
78
-8
-65
-41
17
27
-58
-17
3
-47
-49
-25
30
40
11
27
9
-47
-42
-18
0
-7
-9
17
12
-58
-26
40
5
54
50
-10
-57
-72
-16
-38
-24
-6
-47
3
18
-37
-21
-39
-65
10
26
-5
-8
-8
-22
-3
28
-37
-67
38
98
76
7
-60
-22
-1
-9
-23
-59
-120
-121
2
26
-52
-30
14
-27
-33
0
30
-15
-27
61
63
123
141
39
25
36
22
52
2
-14
9
-42
-25
-72
-18
71
-3
-48
-37
37
-1
-46
-1
53
86
3
39
73
-8
9
63
83
78
19
17
70
92
70
-106
-87
40
-36
-50
-24
33
49
-46
-95
-17
2
-93
-55
1
-37
-14
-1
-3
32
28
6
15
26
6
4
-12
18
52
32
14
21
25
-53
-41
-37
-79
-38
-37
-13
37
-1
-46
-51
-32
-3
-45
-56
22
8
-39
0
41
17
-37
-10
0
-40
-6
57
12
15
-3
-50
-30
-63
-33
-5
-4
4
37
52
-3
-10
21
-20
-86
-71
-71
-81
-65
0
25
51
73
9
26
53
55
84
2
2
82
14
40
74
46
96
126
53
-21
93
87
-47
-14
-9
16
58
-14
8
-14
-69
18
-36
-71
53
8
-23
7
-37
-4
-11
-51
21
5
-38
-16
-62
-33
36
17
-35
-68
-15
33
14
-24
-81
-50
-57
-106
-3
1
-21
-51
-51
65
22
-5
28
-6
18
40
43
43
36
45
-5
-43
-30
2
-36
-54
49
39
1
12
-53
-59
-54
-45
101
44
-51
-1
15
-37
-136
-64
63
65
16
19
-9
27
-37
-103
22
36
71
3
-40
54
50
41
22
0
-16
21
-12
-65
-32
-55
53
29
-43
-2
-39
46
39
47
75
3
32
60
38
-5
8
-31
-20
86
-11
-46
-5
12
72
1
4
73
-6
-111
-75
-38
-62
-41
0
47
11
41
16
-60
4
-9
15
29
-15
30
62
37
0
16
6
-34
-12
-15
-16
-14
32
56
0
21
22
31
-29
-81
-41
-15
29
6
0
-15
-41
-56
-51
0
11
22
29
35
-24
-4
52
-23
-7
-28
-56
-20
-8
44
11
-17
13
27
-32
-36
39
4
-36
-46
-45
-78
-102
-26
3
-37
-77
-57
-18
53
56
-32
-56
-78
-61
-50
-12
15
22
66
20
32
79
31
28
92
40
-33
-21
-18
45
83
81
65
8
-23
33
31
14
80
52
60
134
91
4
-17
-84
-35
54
-15
-2
21
36
15
-60
-52
0
20
16
6
-7
51
151
97
8
36
-18
-29
-18
-60
-49
-75
-47
-45
-3
54
22
6
-32
-27
12
14
13
74
84
-26
-21
-62
-115
-2
-34
-37
-4
-47
-12
-41
-37
3
-57
-36
83
57
12
18
-59
-46
3
-16
20
55
-24
-110
-56
69
-5
-108
8
44
-33
41
96
19
-30
-3
34
-44
-4
40
-68
21
43
24
51
-54
-9
33
-76
-123
-50
-68
-29
75
10
-53
-49
8
4
-40
-58
-9
-16
-68
-60
-27
5
-1
58
53
89
44
-9
28
-35
70
108
-19
-5
80
10
-19
-2
-48
43
17
-49
-3
-19
-23
-12
28
112
69
12
53
39
8
-38
-59
2
55
64
54
25
38
51
-21
27
32
0
31
-19
-43
-79
-45
-11
-42
-18
0
29
28
-22
12
46
-13
54
49
4
-26
-75
52
22
-43
-29
15
127
55
-30
-11
3
16
42
71
27
-47
-44
0
8
10
41
18
-14
0
-13
0
0
-18
34
59
32
36
-17
-37
0
-44
-7
-44
-40
51
29
49
0
-69
-35
-2
-4
-34
-56
-16
15
48
61
21
66
77
-9
-14
13
-53
-78
-7
-18
-11
-11
-88
-37
28
24
-18
2
58
5
-73
-112
-114
-96
-71
3
49
-24
-21
-42
-60
23
-14
26
61
33
52
24
49
79
48
-2
-36
-22
-19
40
42
-16
-4
-10
-26
-30
-26
-33
-35
-3
28
24
-15
-18
-19
-55
-14
86
102
32
-52
-13
49
-5
-13
-26
-59
-8
37
-14
-51
-8
31
52
26
44
53
0
22
20
16
-2
-61
-45
-3
23
-8
-38
-13
34
34
10
18
-24
-19
-27
-48
46
78
31
12
34
26
14
34
-57
-19
104
62
24
-13
9
55
18
39
46
7
32
-5
-11
-2
-35
29
3
7
-44
-144
-57
-6
-22
-31
-3
-41
-62
-6
-5
29
-4
-58
-12
67
101
2
15
56
-26
-12
59
103
78
73
43
-53
-35
2
6
37
-28
-29
33
42
78
42
29
56
-6
-27
26
1
-47
-45
-7
0
-12
-18
-18
50
18
-48
-83
-79
40
-1
-85
-33
-29
-59
-94
-95
-31
-47
-41
24
7
-57
-80
-48
-37
-5
53
7
-102
-15
44
-31
-7
-8
-11
18
9
-12
-52
-85
-67
30
39
-10
-24
-72
-24
-19
-76
-14
4
38
100
33
53
51
-45
-25
-9
-61
13
121
101
112
45
14
93
49
42
92
54
0
-71
-116
-100
-68
-18
-64
-61
-17
-53
-86
-27
74
54
-18
-19
57
64
-16
-59
-19
30
68
84
43
8
29
57
26
73
26
-78
14
51
10
2
-2
17
-7
-35
-50
-37
28
-12
-48
-19
4
31
6
25
37
61
86
51
72
8
38
58
-14
94
105
53
-1
-21
17
29
0
-46
-27
-10
-26
-2
40
4
-8
-34
39
107
-4
17
89
75
52
-63
-103
-21
10
71
-4
-87
36
8
-25
-17
-108
-51
89
103
31
-17
-14
45
3
-65
2
5
-12
-15
-8
46
42
14
64
83
-2
-21
-23
-5
1
-111
-97
-47
-35
-20
16
55
-32
-74
-25
-47
-153
-92
7
28
46
-44
-25
-21
-104
-92
-82
-93
-74
-40
-67
-79
-47
-85
-46
-34
-98
-12
-19
-88
-39
-69
-70
-46
-87
-47
-14
19
48
24
18
-69
-55
-17
1
57
-9
-11
45
30
21
62
66
35
32
49
8
0
50
14
66
83
-24
5
84
135
108
68
100
68
49
59
54
44
43
88
54
55
147
71
28
41
35
103
12
6
54
28
189
142
-6
22
14
54
72
30
69
38
-65
-59
15
91
80
31
22
60
31
-2
62
53
19
-33
-58
-15
-35
-23
24
23
0
-13
-18
-82
-30
27
-1
15
-47
-41
-38
-82
-19
10
-29
-51
-10
-40
-59
-28
-83
-76
-68
-91
-62
-67
-71
-59
-54
-24
-37
-52
0
-33
-62
-47
-89
-134
-114
-13
-13
-113
-74
14
1
5
-42
-126
-94
-94
-103
-39
-35
-11
8
-74
-62
-34
-20
10
-37
-37
-8
21
31
0
19
50
13
-2
45
43
-35
-18
58
-8
-3
35
62
97
21
61
6
23
79
-3
91
79
49
44
31
74
41
49
7
-22
50
78
78
74
36
8
34
48
49
61
27
51
64
42
86
102
90
10
-43
-26
-23
4
31
19
-6
12
7
45
86
15
-50
-51
31
10
-8
18
-9
84
90
-28
-59
-34
63
61
-37
-38
1
-33
-101
-32
-79
-112
27
-28
-11
62
-48
-47
-17
-52
-86
-43
26
-45
-61
-25
7
5
18
28
19
32
-37
7
32
-40
-54
-47
-89
-95
-37
-39
37
24
-78
-106
-91
-55
-58
-38
-71
-55
-40
-38
-34
-63
-26
15
26
-15
23
18
-17
13
3
6
-34
-42
-39
-46
3
22
14
-28
-40
-32
27
72
4
-72
-64
-6
-7
37
62
54
87
53
-43
-24
63
43
48
36
0
43
-4
-26
55
72
24
-10
-8
-28
-31
-41
-27
-25
-1
95
85
43
61
12
17
114
17
-4
83
-2
-44
-49
-12
27
-2
-20
15
40
0
47
61
7
42
40
0
18
-9
-36
-33
-83
-71
-35
-15
55
37
0
34
28
-2
-26
58
78
36
78
83
77
-24
-40
9
-31
-8
31
65
81
35
-40
-28
-29
34
110
-30
-45
22
-9
24
-22
-21
56
1
21
-5
-40
62
32
-5
13
-65
-100
-87
-29
69
-2
-79
4
-21
-18
28
-52
-81
-80
-71
-40
-21
52
62
19
32
-29
-40
-27
-26
2
-75
-58
15
11
46
55
-15
31
-16
-44
21
-88
-73
-34
-47
-10
-2
8
5
-35
2
26
-20
-1
-57
-58
-10
-14
22
35
-9
-47
3
0
-15
-1
61
41
-30
42
49
0
-23
-15
-17
-1
-12
-60
-3
-18
-60
25
83
80
46
-7
-24
15
41
-74
-90
3
-9
-46
-113
-97
-23
-25
2
91
78
2
-14
-74
-35
-5
-4
89
1
-14
84
22
-1
-18
-25
2
-23
-8
57
36
-73
-42
46
63
75
39
8
15
41
18
10
43
35
81
42
1
38
31
36
59
65
25
-34
-1
67
13
-18
25
18
37
55
8
-9
-59
-17
75
-3
-49
9
48
1
-17
-4
-58
-20
-13
8
31
10
64
-26
-41
10
7
9
-8
72
4
-32
27
-31
37
8
-71
-15
-16
11
17
-11
-12
0
-67
-99
1
7
-31
-23
-30
-14
53
39
43
30
0
39
-18
-7
20
-3
-22
-73
-8
12
-5
-19
-78
-19
12
-24
-31
-28
-49
-25
-15
-63
-87
-24
-30
-94
32
52
-17
-39
-66
-48
-24
-1
26
6
-37
6
11
25
12
-42
-4
-22
3
37
-17
55
48
-23
28
14
5
56
-20
-35
32
62
58
11
-4
-20
73
118
22
-48
-48
6
16
32
37
27
-22
-30
11
-31
-37
-39
-42
-9
44
44
-20
43
73
10
-17
-43
5
82
19
-39
-21
-60
7
44
-55
-4
40
61
43
10
9
-29
26
-12
-49
12
-29
-10
73
17
17
55
2
50
36
-38
14
23
20
57
17
-18
7
8
-25
45
5
-84
33
-7
-54
-26
-35
42
35
35
60
34
-7
-61
-85
-39
10
1
-1
11
7
4
12
-22
18
63
70
88
37
16
-11
-14
63
4
-32
-45
-73
-34
-56
-37
-71
-3
50
-75
-73
-131
-70
-11
-132
-58
-30
-48
-6
-21
0
-27
-58
10
50
4
14
14
-47
-37
-19
-12
43
110
-31
-129
-1
21
39
57
44
61
44
-1
-59
-29
-41
-61
21
-17
-3
50
30
67
-14
2
21
-51
23
43
98
77
27
43
37
86
61
70
67
33
39
10
-5
-9
-48
-26
-7
-35
-37
-5
16
-55
-93
-95
-31
28
-41
-88
-14
61
-39
-104
-52
-6
48
-24
-60
-59
-41
4
-4
98
33
-27
39
2
25
-4
-28
11
29
72
51
39
57
12
-4
-16
-69
-60
-37
-17
45
40
-17
-24
33
42
9
-20
-32
2
-34
-59
-26
4
0
-85
-104
-36
-41
-32
12
48
18
-33
-23
-60
-16
55
17
-42
-20
13
-5
-32
-38
61
50
-41
-26
8
54
6
-27
16
34
76
65
9
-32
-68
-9
82
85
3
-63
8
157
161
89
96
52
-35
-19
22
36
32
36
30
13
64
98
35
30
101
109
61
43
71
61
-11
-64
-58
0
60
-18
-35
51
84
89
39
17
31
30
52
22
-7
10
-26
-10
-1
-33
10
7
38
22
-117
-61
24
-60
-48
-14
-114
-67
-51
-123
-148
-140
-89
-111
-39
-21
-93
-86
-106
-71
-101
-100
35
-60
-174
-67
-38
-68
-53
-20
9
-17
-45
-39
-73
-79
-11
-2
-31
-100
-113
-14
18
3
-6
-12
-4
-1
40
45
48
57
38
31
13
18
-19
-45
-56
-45
4
37
13
-51
-3
25
8
40
52
22
13
-37
-24
52
27
16
-3
34
63
-2
-81
-79
-22
-26
3
-10
25
40
42
113
96
61
3
51
71
-51
40
135
75
131
153
131
135
90
83
87
86
98
88
82
118
119
77
115
158
143
180
148
69
86
116
156
169
169
178
175
143
123
135
81
112
97
95
140
35
73
65
-44
1
29
14
-21
-32
-9
-13
-30
-72
-65
-78
-76
-72
-125
-59
-115
-232
-182
-198
-209
-189
-224
-218
-241
-241
-245
-277
-184
-137
-174
-228
-231
-223
-250
-244
-244
-239
-257
-305
-328
-279
-245
-249
-249
-268
-300
-254
-210
-238
-250
-254
-270
-271
-286
-264
-220
-211
-199
-206
-162
-95
-49
9
-1
-57
-33
1
41
87
189
201
104
126
134
205
209
192
327
311
286
341
358
402
451
478
429
401
410
392
450
531
563
480
437
450
444
492
507
487
437
421
487
539
447
387
412
388
390
357
324
321
342
398
360
291
242
225
283
323
284
211
189
251
259
223
192
94
129
101
32
80
7
-26
-42
-110
-189
-191
-169
-259
-279
-280
-334
-348
-385
-380
-370
-450
-442
-434
-523
-522
-503
-575
-541
-506
-520
-504
-580
-523
-490
-589
-628
-688
-647
-623
-666
-642
-689
-718
-692
-720
-754
-792
-804
-838
-892
-831
-833
-831
-796
-843
-805
-786
-736
-630
-624
-567
-556
-572
-462
-427
-377
-298
-257
-125
-113
-77
48
52
177
289
291
381
481
497
547
674
689
735
820
813
855
855
880
956
969
995
955
947
930
836
849
876
821
755
725
715
733
735
653
601
601
501
432
402
393
411
294
304
343
252
271
202
52
127
120
56
113
46
71
96
38
90
33
-39
-2
35
53
40
36
43
43
24
24
46
61
72
-20
-103
-64
-29
-4
10
-21
-81
-69
-1
-25
-23
45
1
-72
-34
-9
36
40
-19
0
-27
-57
-20
12
34
27
25
-19
-32
59
2
-87
-58
-9
6
31
0
-79
-71
-161
-159
-94
-124
-112
-156
-185
-149
-123
-191
-298
-312
-269
-314
-293
-239
-299
-269
-334
-305
-250
-402
-354
-354
-495
-579
-637
-624
-604
-640
-776
-866
-825
-834
-1004
-1140
-1119
-1136
-1221
-1258
-1256
-1312
-1350
-1368
-1324
-1266
-1241
-1127
-1093
-1058
-950
-892
-771
-630
-571
-477
-383
-340
-117
85
139
255
394
542
691
830
916
991
1084
1143
1225
1242
1333
1545
1573
1571
1653
1739
1716
1627
1663
1737
1768
1731
1640
1660
1668
1616
1596
1451
1306
1198
1139
1115
1017
883
790
700
570
514
428
272
180
127
45
-8
-46
-113
-211
-260
-224
-271
-320
-300
-259
-273
-388
-396
-316
-273
-241
-248
-196
-137
-129
-152
-172
-95
-98
-189
-176
-140
-173
-185
-216
-313
-353
-360
-394
-403
-371
-446
-540
-521
-576
-636
-681
-723
-752
-733
-718
-820
-781
-761
-846
-850
-876
-822
-799
-805
-739
-762
-698
-620
-662
-643
-589
-501
-488
-437
-290
-266
-170
-76
-35
47
113
193
192
222
257
283
394
380
370
452
482
500
584
590
525
568
554
503
356
179
129
55
39
18
-79
-217
-368
-539
-684
-774
-925
-1030
-1099
-1190
-1253
-1352
-1395
-1390
-1392
-1416
-1415
-1401
-1418
-1325
-1208
-1005
-845
-750
-508
-405
-309
-107
23
189
397
603
756
927
1155
1334
1505
1575
1604
1713
1827
1921
2008
2049
2081
2114
2065
2090
2100
2027
1908
1854
1829
1609
1544
1511
1361
1262
1094
1037
932
680
541
421
227
0
-86
-163
-288
-404
-585
-663
-743
-860
-889
-918
-929
-931
-1023
-1050
-1077
-1063
-976
-950
-872
-812
-728
-618
-525
-403
-360
-292
-168
-129
-88
11
146
123
64
123
154
186
211
185
166
186
98
24
46
3
-71
-107
-142
-229
-326
-433
-415
-413
-543
-563
-561
-544
-546
-588
-565
-628
-609
-465
-482
-476
-414
-429
-319
-299
-319
-214
-239
-181
-108
-62
39
7
60
153
120
151
175
245
383
376
413
449
414
490
496
536
636
649
690
558
470
495
455
432
291
188
85
-63
-155
-250
-410
-586
-735
-852
-972
-1169
-1256
-1424
-1624
-1676
-1769
-1810
-1864
-1900
-1874
-1856
-1848
-1765
-1638
-1558
-1421
-1242
-1049
-873
-706
-514
-256
-32
127
324
530
847
1090
1266
1513
1666
1806
1924
2059
2205
2327
2391
2381
2437
2523
2527
2477
2470
2407
2332
2250
2048
1936
1810
1663
1605
1469
1356
1132
855
635
463
240
-14
-104
-305
-492
-630
-749
-858
-1027
-1107
-1168
-1249
-1281
-1323
-1443
-1431
-1341
-1311
-1230
-1162
-1120
-1075
-969
-802
-667
-562
-487
-374
-239
-103
-54
-10
146
194
280
399
333
317
334
267
241
245
223
141
102
158
113
-14
-60
-188
-357
-417
-498
-473
-510
-603
-620
-678
-687
-685
-660
-657
-641
-543
-502
-496
-426
-316
-248
-237
-143
-11
21
105
217
225
338
456
420
484
580
643
712
724
765
726
803
867
814
871
789
766
799
787
727
632
662
634
608
550
447
366
315
226
66
-28
-240
-375
-409
-555
-669
-828
-1006
-1217
-1327
-1375
-1552
-1612
-1693
-1759
-1807
-1919
-1918
-1943
-1917
-1843
-1881
-1860
-1746
-1657
-1504
-1318
-1177
-1030
-925
-694
-460
-332
-159
34
295
469
614
794
932
1101
1242
1356
1470
1519
1610
1748
1726
1755
1851
1887
1904
1814
1785
1750
1663
1669
1564
1442
1368
1190
1079
1125
1075
876
712
652
467
333
327
105
11
0
-129
-201
-300
-361
-382
-434
-489
-558
-510
-470
-549
-485
-501
-486
-392
-371
-264
-309
-176
44
94
136
147
244
232
255
321
292
333
291
264
298
221
186
161
88
-30
-101
-108
-152
-233
-351
-374
-458
-564
-610
-673
-705
-808
-796
-751
-750
-740
-816
-783
-765
-794
-779
-684
-573
-635
-579
-478
-412
-293
-243
-147
-95
-40
80
170
281
353
390
406
460
533
569
614
660
742
774
755
783
765
740
772
729
627
565
477
431
416
370
323
226
143
36
-151
-214
-198
-293
-493
-653
-688
-780
-898
-992
-1068
-1046
-1089
-1204
-1244
-1279
-1333
-1405
-1452
-1429
-1404
-1434
-1401
-1318
-1311
-1216
-1155
-1162
-1022
-871
-789
-685
-577
-491
-296
-97
-25
12
110
248
325
503
685
720
780
846
958
1015
1037
1160
1186
1206
1215
1225
1286
1227
1217
1250
1188
1161
1147
1086
991
998
1020
927
896
866
814
698
557
552
499
483
514
371
298
278
178
142
91
116
148
77
62
46
49
33
-18
9
4
-27
-31
-19
84
113
73
154
176
117
91
132
150
133
134
127
127
59
30
71
2
-111
-159
-160
-239
-271
-195
-301
-357
-325
-384
-356
-434
-524
-496
-496
-497
-476
-508
-566
-533
-539
-454
-383
-482
-447
-433
-442
-362
-336
-303
-236
-233
-201
-174
-182
-80
-73
-84
6
1
21
70
91
162
95
96
251
241
218
235
286
311
297
303
192
97
113
57
-35
-39
-75
-101
-175
-315
-345
-397
-483
-512
-469
-567
-663
-678
-796
-753
-780
-892
-908
-922
-838
-820
-811
-759
-745
-728
-684
-639
-668
-599
-526
-515
-470
-423
-335
-272
-196
-87
20
62
91
221
263
255
285
377
463
470
522
612
685
694
697
765
786
796
821
832
828
810
837
867
878
896
926
853
761
769
773
708
694
702
626
672
642
626
618
513
522
446
438
403
282
274
218
210
197
134
115
94
56
0
-18
-57
-70
-34
-46
-66
-69
-65
-67
-103
-134
-174
-229
-127
-63
-115
-72
-71
-65
-28
-66
-86
-84
-41
-85
-105
-19
-131
-181
-132
-115
-79
-142
-138
-74
-73
-136
-184
-128
-123
-125
-97
-171
-230
-240
-257
-176
-175
-308
-261
-252
-322
-306
-405
-382
-334
-418
-367
-340
-327
-339
-398
-392
-357
-329
-307
-265
-221
-181
-141
-90
-66
-80
-142
-112
6
31
74
139
94
55
122
97
125
198
140
159
152
124
51
-23
91
30
-29
54
-70
-111
-82
-148
-130
-94
-122
-159
-115
-46
-45
-90
-92
-96
-117
-139
-110
-75
-127
-125
-150
-173
-160
-193
-100
-39
-31
-26
-66
-6
-9
-64
15
-24
-95
-105
-51
81
-5
5
113
22
28
26
32
125
106
199
209
151
228
194
274
342
214
246
326
322
320
326
351
304
285
285
301
312
257
246
311
353
358
394
360
287
294
299
224
204
281
291
271
267
198
205
208
169
220
166
137
151
99
98
29
53
86
6
-73
-74
6
-2
-29
-55
-106
-109
-46
-44
-77
-48
-30
-17
-12
-43
5
74
32
-69
-116
-74
-79
-55
-5
-24
-65
-165
-144
-87
-163
-178
-216
-248
-258
-307
-296
-306
-298
-336
-370
-336
-368
-311
-277
-370
-366
-324
-265
-254
-326
-333
-301
-249
-315
-267
-220
-248
-78
-157
-197
-145
-171
-34
-20
-39
-65
-46
-64
-117
-9
-32
0
64
-44
-75
-110
-145
-57
17
12
-42
-40
-77
-110
-51
-71
-88
-79
-101
-61
-38
-22
-35
-43
61
99
43
-5
86
115
17
2
59
103
58
50
71
131
155
71
107
29
-43
37
-23
24
73
-3
-28
-79
-3
22
-30
-3
-8
40
-12
-59
-13
-44
-93
-81
-40
-89
-76
-31
-113
-161
-90
-13
-2
-70
-145
-133
-51
-22
-40
-24
-49
-52
-44
-9
61
89
128
120
184
252
245
301
314
374
361
372
481
460
515
484
450
431
390
474
467
498
534
483
516
530
453
462
430
361
397
336
368
360
264
298
178
190
187
63
133
105
60
32
13
-38
-134
-151
-199
-175
-183
-242
-212
-304
-307
-291
-431
-359
-376
-380
-316
-352
-311
-369
-369
-390
-453
-372
-351
-312
-271
-315
-307
-250
-201
-225
-285
-250
-261
-302
-249
-234
-204
-150
-151
-149
-106
-161
-183
-162
-262
-226
-151
-153
-140
-172
-210
-278
-271
-298
-320
-239
-293
-261
-177
-203
-184
-161
-215
-202
-185
-191
-138
-168
-150
-107
-119
-26
40
8
-13
-12
44
79
55
88
141
192
191
187
185
136
167
175
102
117
138
125
160
157
149
72
85
203
113
137
145
58
54
-5
35
13
12
13
-31
87
76
27
-13
-93
-30
11
-25
20
45
-26
70
116
65
154
169
168
137
209
369
303
199
211
341
387
338
338
396
455
411
389
358
365
454
428
465
385
321
421
322
400
410
387
408
282
431
404
309
329
252
324
288
264
299
184
172
166
105
81
129
148
76
37
-25
-59
-168
-167
-103
-217
-250
-286
-248
-283
-344
-214
-293
-304
-285
-409
-293
-293
-338
-256
-317
-292
-382
-480
-355
-339
-327
-327
-265
-209
-292
-217
-174
-243
-266
-310
-234
-226
-262
-208
-239
-227
-235
-124
-105
-172
-142
-223
-201
-204
-163
-184
-228
-90
-153
-133
-123
-237
-138
-193
-137
-44
-126
-73
-167
-109
-85
-164
-70
-121
-55
-167
-169
-26
-80
120
19
-53
30
-82
21
-43
-67
59
61
75
11
102
176
106
134
119
123
50
22
85
73
140
143
140
112
155
226
204
230
96
130
165
18
103
66
38
122
93
181
121
31
79
141
221
70
83
71
-7
144
39
85
106
72
166
21
127
144
124
232
75
157
65
51
168
18
238
160
76
165
61
202
136
138
224
179
208
148
187
162
157
228
259
269
220
232
233
333
223
159
329
262
292
209
167
241
133
228
132
93
220
13
37
43
-108
-34
-88
-52
-27
-155
-128
-179
-153
-155
-194
-105
-167
-101
-120
-194
-146
-195
-169
-173
-166
-180
-212
-227
-254
-183
-249
-239
-118
-231
-210
-198
-242
-196
-236
-147
-205
-240
-193
-231
-151
-203
-243
-228
-202
-221
-268
-217
-249
-193
-146
-249
-225
-248
-245
-167
-172
-201
-276
-212
-159
-201
-192
-231
-209
-141
-172
-171
-178
-165
-58
-76
-40
-59
-148
-128
-134
-33
-4
-59
-101
-82
4
11
20
-59
0
62
-26
19
-13
-20
-21
-53
17
20
63
62
42
150
69
9
80
44
105
109
85
150
87
88
163
175
167
186
235
195
234
329
247
233
280
285
293
298
352
358
341
290
412
432
321
434
367
355
410
338
374
346
350
396
344
367
341
322
330
350
363
286
301
228
188
167
122
199
64
51
165
108
176
67
-12
-30
-36
50
-44
-4
-87
-126
-37
-173
-108
-170
-190
-93
-244
-181
-189
-212
-231
-313
-128
-274
-294
-243
-320
-116
-243
-191
-183
-275
-145
-310
-192
-246
-273
-141
-331
-159
-187
-219
-125
-262
-165
-180
-203
-229
-294
-197
-268
-232
-187
-169
-76
-163
-101
-197
-224
-112
-226
-177
-307
-234
-126
-292
-189
-218
-143
-187
-270
-60
-195
-153
-185
-261
-133
-334
-191
-192
-319
-121
-237
-134
-154
-197
-24
-204
-174
-231
-184
-85
-112
65
-88
-1
-29
-88
111
-90
-39
47
65
30
-83
105
46
85
171
49
133
29
96
151
147
275
173
295
234
219
365
281
406
256
286
372
200
362
295
403
406
409
607
284
417
437
358
475
243
394
395
315
381
320
414
312
371
401
158
284
284
220
234
260
353
230
228
158
219
225
47
268
183
214
227
92
282
65
170
104
111
385
12
311
247
-3
200
-109
117
137
5
162
-13
81
-127
-107
38
-132
-3
-171
-107
-124
-289
-152
-312
-245
-232
-359
-334
-428
-317
-331
-335
-270
-336
-314
-337
-317
-437
-422
-350
-462
-353
-423
-394
-332
-466
-335
-435
-375
-286
-377
-279
-429
-194
-148
-339
-188
-353
-224
-287
-352
-89
-319
-188
-106
-184
-50
-266
-205
-151
-283
-269
-304
-188
-252
-250
-177
-248
-216
-357
-366
-357
-500
-409
-401
-420
-390
-450
-480
-512
-522
-421
-328
-426
-278
-208
-399
-233
-276
-252
-110
-209
-38
-59
-36
103
28
167
116
240
387
375
632
518
572
694
664
857
849
977
949
906
1036
878
1066
1084
1013
1095
891
1023
943
874
982
798
893
757
603
638
526
520
363
334
273
91
125
20
88
96
-47
-39
-101
-122
-261
-211
-201
-255
-82
-219
-149
-127
-199
-94
-284
-91
-134
-111
176
-66
203
94
-18
138
-92
161
7
125
265
-60
139
-33
22
29
-142
49
-241
-73
-47
-208
27
-266
-203
-134
-287
-179
-301
-272
-290
-309
-295
-370
-221
-384
-330
-105
-148
-49
-168
-160
-87
-123
-56
-107
-68
-121
-37
19
-8
91
-102
43
43
-40
166
-58
43
-95
-276
-153
-414
-119
-173
-356
-290
-657
-579
-808
-939
-791
-1010
-893
-1160
-1217
-1064
-1273
-1129
-1273
-1315
-1321
-1450
-1262
-1179
-963
-925
-954
-778
-766
-629
-530
-401
-165
-29
122
173
342
462
543
711
754
937
1055
1177
1325
1353
1446
1389
1345
1350
1352
1453
1471
1556
1498
1326
1204
979
984
877
919
1074
797
804
673
397
282
48
146
104
22
167
60
-16
-97
-182
-284
-373
-211
-115
-42
46
58
34
-51
-36
18
76
232
358
389
473
551
410
407
476
447
405
422
567
586
644
613
611
527
250
431
401
329
441
176
84
9
-6
101
-17
-148
-344
-410
-435
-417
-206
-265
-205
-201
-394
-266
-226
-115
57
25
-58
-120
79
185
271
387
249
169
83
142
352
455
524
349
178
94
29
165
81
-150
-644
-1132
-1111
-932
-678
-773
-1052
-1581
-2336
-2595
-2702
-2475
-2226
-2341
-2456
-2975
-3336
-3402
-3406
-3128
-3116
-3056
-2876
-2592
-2126
-1895
-1688
-1793
-1964
-1832
-1365
-397
391
885
980
702
504
458
960
1646
2276
2773
2748
2647
2452
2508
2667
2587
2706
2569
2593
2713
2786
3020
2693
2141
1556
1209
1325
1432
1721
1720
1360
909
324
50
-61
121
278
115
1
-262
-350
-263
-256
-210
-306
-351
-356
-172
130
232
409
368
230
225
353
705
917
1028
969
845
903
810
943
1147
1105
1070
783
626
642
631
639
499
425
251
147
29
-203
-98
-199
-322
-276
-352
-291
-469
-561
-496
-521
-449
-575
-555
-390
-253
-4
170
267
136
-64
-120
4
350
748
1053
1058
903
683
525
611
688
758
753
661
660
655
625
460
-17
-813
-1591
-1865
-1580
-933
-569
-994
-2031
-3508
-4524
-4698
-4269
-3380
-2937
-3137
-3964
-4965
-5357
-5313
-4876
-4473
-4242
-3991
-3803
-3287
-2661
-2388
-2392
-2668
-2840
-2332
-1143
289
1371
1646
1083
304
-23
617
2052
3357
4047
3803
3076
2533
2410
2870
3413
3714
3568
3097
2787
2660
2829
3081
2849
2047
1292
1021
1150
1642
1920
1656
988
66
-456
-443
60
583
585
248
-420
-701
-447
-59
393
370
200
92
43
321
713
1189
1257
948
800
731
1055
1512
1690
1750
1542
1368
1343
1422
1546
1555
1483
1169
1028
1060
1070
1169
982
639
222
-21
36
72
231
200
-5
-224
-541
-698
-783
-550
-181
12
151
-209
-483
-528
-464
37
470
850
937
673
401
224
472
834
1204
1514
1579
1579
1419
1331
1090
696
545
368
473
799
1039
897
-85
-1556
-3025
-3679
-3259
-2164
-1208
-1601
-3182
-5365
-7303
-7845
-7006
-5523
-4544
-4733
-5970
-7658
-8508
-8256
-7258
-5986
-5388
-5162
-5043
-4891
-4261
-3553
-3013
-2834
-2631
-1905
-671
877
1961
2346
1972
1256
1259
2174
3832
5405
5926
5236
3855
2924
3087
4160
5399
5962
5446
4091
2814
2287
2670
3506
3982
3648
2629
1639
1048
1022
1426
1579
1384
927
301
62
136
234
226
-104
-444
-606
-389
131
409
370
91
-200
-125
376
964
1463
1707
1448
998
838
1199
1915
2587
2826
2539
2034
1532
1357
1649
2091
2468
2563
2157
1581
1105
710
619
730
902
1020
816
499
163
-186
-375
-447
-413
-291
-203
-86
31
36
37
-88
-254
-257
-90
429
934
1208
1248
918
696
736
953
1291
1469
1273
859
688
873
1251
1445
983
-253
-1836
-2828
-2564
-1354
-372
-703
-2467
-5078
-7307
-8009
-6998
-5108
-3949
-4625
-6926
-9479
-10840
-10376
-8431
-6485
-5680
-6309
-7630
-8374
-7919
-6341
-4628
-3562
-3275
-3399
-3094
-2074
-704
389
767
696
654
1361
2855
4199
4708
4061
2940
2362
2857
4498
6147
6612
5581
3533
1819
1486
2803
4848
6020
5410
3323
1033
-151
292
1837
3449
4068
3162
1276
-389
-1008
-403
924
1958
2152
1624
771
-57
-494
-149
634
1356
1862
1878
1532
1137
841
947
1488
2116
2785
3105
2898
2550
2139
2081
2380
2922
3481
3608
3361
2841
2305
2043
2068
2163
2147
2011
1787
1450
1091
726
334
58
-88
-95
-7
116
193
-41
-457
-851
-918
-476
161
761
971
756
351
201
707
1491
2129
2227
1753
1062
765
1382
2388
3177
2953
1226
-1055
-2676
-2548
-728
1094
1219
-949
-4621
-7977
-9251
-7948
-5204
-3357
-4216
-7409
-11117
-13254
-12579
-9933
-7221
-6138
-7437
-9838
-11308
-10689
-8225
-5395
-3832
-4058
-5096
-5532
-4556
-2451
-371
702
532
-238
-236
1083
2869
4070
4018
2914
1918
2102
3574
5439
6272
5395
3368
1551
1231
2788
5265
6663
5871
3191
367
-693
293
2613
4598
4696
2819
2
-1942
-1940
-129
2253
3336
2557
585
-1314
-1881
-961
728
2257
2771
2117
973
226
498
1525
2696
3496
3547
3168
2736
2552
2776
3299
3978
4338
4265
3958
3590
3424
3355
3378
3599
3797
3800
3385
2619
1897
1463
1452
1626
1765
1746
1376
812
279
-12
-30
113
362
393
307
307
402
506
434
417
660
1164
1653
1959
1932
1540
1215
1209
1745
2598
3131
2696
1124
-682
-1671
-1089
542
1712
1201
-1220
-4447
-7109
-7687
-5973
-3535
-2488
-4343
-8088
-11561
-12933
-11543
-8663
-6370
-6223
-8295
-11140
-12702
-11801
-8846
-5764
-4509
-5240
-6867
-7753
-6899
-4752
-2228
-566
-532
-1476
-2068
-1449
105
1670
2389
2216
1788
1718
2318
3160
3552
3337
2647
2011
2208
3203
4380
4770
3608
1760
554
598
1887
3412
4091
3375
1349
-695
-1488
-727
1185
2780
2855
1424
-573
-1749
-1455
-48
1650
2788
2765
1617
266
-92
851
2463
3810
4310
3965
3213
2688
2773
3472
4434
5247
5461
4994
4338
3912
3940
4288
4574
4632
4492
4074
3582
3207
3021
3004
2844
2363
1645
1199
1167
1321
1494
1306
706
106
-289
-452
-133
729
1495
1467
839
305
488
1208
1852
2182
2100
1925
1979
2423
3186
3696
3379
1928
0
-875
75
1990
3049
1992
-848
-4018
-6051
-6143
-4467
-2391
-2030
-4527
-8549
-11500
-11767
-9625
-7099
-6125
-7352
-10171
-12613
-13062
-11125
-7866
-5473
-5439
-7513
-9656
-9785
-7734
-4795
-2386
-1602
-2368
-3629
-4182
-3184
-956
1058
1754
1230
412
453
1371
2454
3202
3303
2951
2378
2175
2848
3840
4365
3892
2759
1858
1630
2141
2806
3010
2531
1503
388
-375
-316
457
1085
868
-129
-1221
-1653
-1273
-497
351
808
550
-132
-660
-325
972
2397
3080
3032
2654
2415
2714
3467
4469
5299
5509
5116
4589
4422
4758
5373
5780
5664
5282
4985
4659
4413
4304
4088
3912
3852
3644
3214
2719
2204
1799
1544
1486
1661
1725
1462
856
255
162
600
1182
1553
1513
1314
1217
1122
1259
1622
2107
2603
2835
2919
2975
2782
1985
889
414
1107
2489
3080
1886
-551
-3123
-4644
-4557
-3139
-1441
-1422
-4115
-8358
-11292
-11197
-8725
-5921
-5159
-7034
-10355
-13168
-13607
-11123
-7244
-4715
-5304
-8324
-11045
-11074
-8365
-4717
-2165
-1897
-3592
-5684
-6267
-4396
-1082
1484
1823
312
-1362
-1591
-186
1841
3280
3441
2578
1387
942
1942
3676
4642
4114
2741
1682
1568
2233
3079
3416
2833
1501
34
-787
-418
669
1330
865
-477
-1838
-2511
-2263
-1275
-95
604
315
-839
-1785
-1766
-676
961
2278
2944
2727
2050
1706
2125
3361
4772
5640
5826
5590
5199
5010
5169
5685
6287
6489
6333
6085
5650
5040
4488
4180
4270
4512
4436
3824
2911
2125
1670
1510
1644
2022
2040
1346
372
-183
160
1050
1776
1871
1559
1278
974
1042
1635
2513
3303
3339
2905
2577
2564
2443
1752
1108
1372
2499
3164
2365
493
-1614
-3092
-3479
-2791
-1381
-744
-2334
-5783
-9041
-9998
-8464
-6050
-4927
-6113
-8900
-11767
-13026
-11684
-8437
-5623
-5546
-8150
-11086
-11981
-9985
-6544
-3838
-3044
-4254
-6382
-7644
-6598
-3442
-235
860
-272
-2114
-2867
-1677
537
2411
3207
2801
1593
621
960
2634
4523
5059
3991
2620
1895
2016
2719
3495
3815
3352
2144
695
-70
216
970
1253
706
-303
-1309
-1906
-2006
-1646
-916
-300
-383
-1158
-1874
-1901
-1146
-54
910
1596
1755
1610
1491
1580
2363
3602
4752
5406
5377
5120
5019
5273
5800
6368
6824
6971
6776
6268
5625
5290
5470
5790
5666
5041
4260
3633
3200
2946
2969
3085
2910
2081
960
326
526
1290
1795
1709
1263
855
579
463
708
1342
2092
2362
2251
2202
2378
2334
1528
622
622
1737
2935
2862
1461
-392
-1923
-2807
-2630
-1337
-276
-1039
-3919
-7193
-8499
-7396
-5327
-4194
-5142
-7619
-10317
-11774
-10946
-8232
-5398
-4950
-7436
-10614
-11868
-10191
-6943
-4320
-3474
-4515
-6632
-8086
-7369
-4434
-1172
78
-1086
-3195
-4062
-2684
-174
1904
2732
2237
908
-220
12
1977
4356
5194
4098
2310
1307
1535
2474
3470
3934
3491
2124
512
-350
118
1110
1426
931
-271
-1358
-1943
-2151
-1775
-1119
-637
-760
-1435
-2152
-2257
-1677
-925
-187
402
785
912
868
1016
1579
2438
3422
4263
4739
4866
4726
4726
5146
5902
6759
7194
7108
6657
5925
5537
5825
6534
7050
6670
5517
4274
3610
3559
3858
4264
4285
3534
2186
1011
753
1519
2296
2218
1736
1299
1039
947
862
1143
1805
2203
2143
2045
2259
2372
1674
548
308
1369
2808
3041
1527
-457
-2010
-2774
-2432
-1086
318
-153
-3194
-6939
-8627
-7377
-4746
-3174
-3892
-6340
-9297
-11127
-10693
-8088
-4985
-4028
-6204
-9676
-11430
-9997
-6810
-4218
-3409
-4502
-6536
-8039
-7596
-4852
-1558
-158
-1417
-3871
-4971
-3599
-1094
1100
2030
1554
297
-1028
-905
1115
3643
4754
3635
1721
715
1087
2156
3261
3989
3737
2335
401
-729
-315
939
1857
1539
260
-1011
-2102
-2729
-2473
-1437
-201
23
-994
-2205
-2815
-2454
-1501
-356
843
1328
993
219
-238
485
1906
3399
4347
4531
4205
3521
3356
4119
5424
6534
6890
6539
5771
5152
4986
5435
6375
7060
6789
5602
4378
3838
3942
4277
4697
4822
4151
2897
1653
1311
2143
3181
3412
2779
2119
1779
1604
1633
1950
2646
3122
2848
2373
2376
2771
2548
1409
612
1143
2462
3059
2019
173
-1338
-2307
-2597
-1991
-623
-120
-2049
-5545
-8140
-7795
-5453
-3630
-3720
-5581
-8118
-10151
-10523
-8732
-5621
-3646
-4904
-8292
-10772
-10244
-7360
-4485
-3126
-3602
-5395
-7449
-8004
-6008
-2525
-47
-438
-2827
-4752
-4461
-2415
-76
1571
1882
835
-868
-1787
-636
2048
4004
3820
2096
551
181
725
1807
2922
3330
2439
450
-1201
-1288
-112
1070
1187
296
-951
-2199
-2972
-2874
-1867
-458
12
-916
-2210
-2853
-2594
-1761
-654
475
1159
953
154
-275
214
1475
2837
3783
4182
4002
3454
3133
3656
4889
6111
6622
6298
5617
5006
4675
4932
5881
6877
6837
5664
4335
3639
3751
4241
4763
5091
4763
3653
2300
1636
2178
3284
3862
3597
2959
2617
2455
2241
2323
2883
3459
3492
3108
2836
3107
3105
2051
888
850
2043
3023
2406
598
-1151
-2298
-2919
-2695
-1318
-352
-1597
-4802
-7957
-8605
-6651
-4321
-3511
-4648
-7024
-9457
-10638
-9692
-6758
-3863
-3594
-6290
-9490
-10143
-7925
-4963
-2963
-2683
-3953
-5851
-7119
-6230
-3227
-260
369
-1565
-3876
-4272
-2555
-239
1310
1635
911
-455
-1601
-1149
1003
3164
3438
1748
26
-318
471
1517
2178
2353
1691
147
-1240
-1601
-624
680
875
-179
-1505
-2296
-2754
-2725
-2103
-1175
-467
-883
-1976
-2672
-2571
-1786
-819
77
839
1074
637
81
128
1068
2393
3574
4191
4048
3536
3005
3007
3820
4958
5879
6069
5471
4604
3969
3925
4516
5482
6063
5583
4366
3274
2876
3239
3918
4377
4487
3991
2957
2038
2015
2919
3884
4048
3305
2760
2895
3191
3362
3489
3692
3712
3368
3190
3765
4617
4452
2700
723
303
1660
3245
3296
1753
-514
-2863
-4485
-4226
-1987
-58
-828
-4412
-8402
-9856
-8441
-5806
-3998
-4251
-6297
-9115
-11142
-10633
-7408
-4020
-3226
-5423
-8299
-8984
-7322
-4926
-3071
-2413
-3013
-4374
-5339
-4591
-2068
184
209
-1496
-2951
-2549
-680
959
1487
1017
67
-966
-1380
-318
1803
3224
2314
-101
-1752
-1449
128
1370
1770
1331
11
-1788
-2973
-2491
-724
685
571
-894
-2541
-3140
-2881
-2221
-1159
-89
267
-582
-1939
-2392
-1527
-193
816
1386
1675
1543
937
556
1026
2366
3743
4236
3991
3448
3003
2928
3167
3954
5043
5466
4980
4056
3483
3559
3876
4230
4545
4662
4297
3518
2868
2777
3248
3685
3692
3480
3180
2833
2642
2859
3529
4190
4119
3235
2585
2903
3825
4624
4816
4387
3617
2942
2825
3747
5178
5621
3989
1110
-724
-270
1691
3094
2750
679
-2555
-5571
-6568
-4737
-1682
-469
-2838
-7196
-10368
-10696
-8683
-6026
-4325
-4692
-7227
-10234
-11358
-9460
-5744
-3244
-3530
-5405
-6872
-6723
-5563
-3961
-2269
-1365
-1597
-2583
-2888
-1836
-356
102
-652
-1105
-546
700
1300
756
91
-498
-831
-814
-63
1524
2303
1161
-1171
-2719
-2176
-484
796
1227
732
-565
-2236
-3578
-3258
-1252
713
1037
-313
-1908
-2695
-2755
-2308
-1198
205
913
230
-1328
-2277
-1863
-725
256
892
1473
1679
1050
229
111
1051
2501
3328
3355
3049
2766
2733
2695
3031
4056
4911
4913
4118
3477
3552
3957
4214
4110
4070
4089
3770
3197
2920
3335
3708
3442
2835
2396
2543
2970
3198
3454
3676
3520
2883
2155
2321
3496
4951
5732
5204
3882
2609
2079
2833
4760
6716
7008
4831
985
-2086
-2099
845
4310
5368
2999
-1752
-6621
-8884
-7194
-2757
836
262
-4616
-10525
-13468
-12195
-8133
-4049
-2463
-4373
-8725
-12186
-12092
-8475
-3828
-1424
-2313
-4946
-6850
-6663
-4727
-2075
-13
318
-1111
-2691
-2612
-893
859
1153
74
-1128
-1411
-691
369
1175
1204
-18
-1880
-2924
-2042
281
1883
1613
-245
-2074
-2674
-2405
-1227
337
1417
1161
-554
-2183
-2506
-1650
-464
256
385
279
-116
-947
-1651
-1676
-1075
-329
63
213
340
154
-518
-1178
-1126
-57
1186
1815
1911
1688
1468
1101
1092
1888
3063
4088
4332
4009
3705
3584
3434
3589
4319
5335
5869
5247
4170
3196
2675
2788
3457
4629
5446
4970
3075
1084
632
1635
3142
4326
4677
4156
2700
986
659
2097
4030
5096
4716
3841
3308
3079
2973
3052
3630
4101
3873
3104
2599
2687
2311
780
-1022
-1571
-595
218
-441
-2003
-3614
-5099
-6541
-7262
-6345
-4873
-4798
-6600
-8736
-9216
-8364
-7599
-7394
-7363
-7050
-6817
-6774
-6197
-4836
-3838
-4297
-5612
-5946
-4065
-1356
223
186
-1004
-2217
-3011
-2775
-771
2033
3324
1730
-1161
-2866
-2337
-368
1422
2241
1721
19
-1913
-2835
-1654
712
2114
1367
-852
-2262
-2055
-1118
-144
583
912
168
-1395
-2214
-1408
241
960
213
-920
-1424
-1154
-613
-212
59
56
-331
-819
-825
29
957
1092
634
314
690
1477
1956
2287
2612
2690
2891
3328
3875
4311
4303
3936
3714
4178
4999
5620
5606
4708
3426
2534
2524
3370
4408
4791
4107
2498
891
398
1114
2404
3392
3228
2024
652
-45
454
1912
3292
3728
3085
1875
1106
1486
2879
4342
4860
4420
3538
2604
2041
2138
2819
3605
3730
3037
2223
1801
1390
211
-1450
-2380
-2081
-1336
-1195
-1895
-3203
-4860
-6760
-8258
-8014
-6253
-4955
-5619
-7643
-8856
-8646
-8062
-7796
-7592
-7165
-7038
-7373
-7287
-5723
-3441
-2758
-4199
-5911
-5864
-3970
-1920
-494
315
346
-801
-2582
-3023
-1117
1695
2754
1540
-120
-568
146
819
1205
1639
1598
371
-1234
-1436
365
2434
2511
689
-1232
-1970
-1651
-993
-100
1079
1527
340
-1733
-2857
-2013
-568
43
-78
-198
-98
-278
-753
-906
-203
699
903
762
865
1370
1912
1913
1897
2408
3070
3374
3116
3013
3517
4155
4550
4640
4653
4719
4536
4058
3718
3860
4356
4684
4554
4258
3916
3336
2682
2188
2294
2852
3186
3074
2568
2063
1622
1497
1738
2118
2475
2279
1555
963
1192
2127
3001
3079
2355
1523
946
990
1676
2772
3623
3229
1882
653
551
1394
1928
1570
576
-163
-408
-378
146
661
247
-1618
-4329
-5913
-5018
-2769
-1592
-2299
-4155
-6120
-7529
-8208
-7668
-6182
-5280
-6085
-7773
-8417
-7321
-5922
-5879
-6946
-7900
-8024
-7328
-6042
-4155
-2299
-1965
-3525
-5359
-5524
-3698
-1654
-828
-805
-674
-410
-475
-463
79
715
332
-1083
-1632
-71
2351
3474
2674
870
-592
-1341
-1636
-895
943
2628
2727
1075
-666
-931
-216
160
17
38
580
1010
907
858
1306
1852
1457
214
-404
291
1751
2924
3394
3571
3537
3050
2019
1103
1321
2461
3578
4043
4067
4134
3957
3224
2277
1852
2295
3075
3529
3620
3620
3725
3676
3101
2341
1923
1982
2212
2400
2889
3682
4078
3577
2489
1477
1147
1429
1877
2452
2973
3183
2979
2411
1804
1610
1736
1850
1894
1905
1999
2018
1941
2025
2053
1696
1077
422
78
115
477
1057
1471
1410
632
-466
-1174
-1368
-1286
-1301
-1424
-1423
-1362
-1369
-1522
-1830
-2454
-3911
-5872
-6893
-6102
-4218
-3002
-3401
-5052
-7055
-8620
-9457
-9090
-7358
-5610
-5454
-6890
-8046
-7670
-6537
-5902
-6181
-6502
-6366
-6065
-5386
-3879
-1744
-344
-1138
-3333
-4584
-3791
-1847
-342
479
1098
1241
465
-727
-1028
-140
607
60
-946
-817
689
2157
2219
1274
391
-267
-999
-1250
-65
2315
4047
3768
2422
1645
1921
2340
2374
2605
3448
4352
4535
4362
4446
4858
4879
3921
2822
2627
3387
4128
4149
4015
4101
3939
3284
2428
1908
1998
2204
2215
2378
2815
3318
3557
3238
2631
2180
1787
1619
2004
2763
3626
4204
4221
3758
2884
2020
1601
1919
2702
3284
3480
3192
2780
2304
1696
1382
1332
1253
1008
641
632
1184
1667
1516
741
-85
-542
-688
-717
-470
-60
33
-223
-679
-855
-522
-422
-1192
-2269
-2623
-2097
-1485
-1237
-1221
-1404
-2054
-3149
-3697
-3025
-2039
-1944
-2885
-3927
-3767
-2759
-2086
-1970
-2455
-3496
-5242
-7014
-6959
-4784
-2421
-2177
-4378
-6805
-7567
-7192
-6754
-6422
-6079
-5960
-6738
-7748
-7277
-5203
-3442
-3955
-6276
-7848
-7017
-4773
-2620
-1142
-477
-707
-2052
-3423
-3169
-1289
664
1112
391
182
1174
2478
2989
2691
1967
1138
433
716
2676
5141
6392
5514
3490
2261
2371
3118
3996
4926
5551
5498
4762
4237
4844
5684
5475
4113
2801
2801
3857
4797
5122
5091
4486
3272
1996
1378
1937
2930
3139
2368
1471
1396
2091
2709
2728
2329
1850
1295
906
1073
2077
3558
4228
3730
2827
2233
2122
2148
2264
2624
3052
3214
2956
2432
1996
1617
1126
596
96
-106
10
86
0
-221
-550
-941
-1375
-1508
-1469
-1514
-1543
-1507
-1097
-598
-400
-408
-606
-815
-1231
-1658
-1453
-758
-98
-44
-626
-1265
-1428
-1302
-1598
-2102
-2257
-2289
-2546
-2911
-2793
-2086
-1514
-1974
-3193
-3827
-3479
-2692
-2480
-2865
-2953
-2824
-2617
-2406
-2172
-1866
-2423
-4433
-6789
-7494
-5960
-3753
-2877
-3873
-5529
-7030
-8124
-8569
-8269
-7169
-6238
-6379
-6801
-6182
-4280
-2533
-2512
-3838
-4906
-4714
-3185
-770
1899
4062
4601
3072
1141
778
2135
3894
4637
4499
4391
4582
4893
5140
5328
5135
4066
2322
1060
1644
3745
5546
5850
4800
3625
2845
2326
2375
3055
4101
4706
4410
3992
4440
5457
5867
5226
3992
3212
3147
3375
3922
4669
5256
5231
4322
3015
2110
1749
1518
1261
1197
1594
2238
2643
2656
2211
1523
894
372
84
179
609
1255
1903
2255
2139
1550
708
-164
-777
-952
-809
-471
-78
-77
-586
-1241
-1837
-2307
-2907
-3488
-3538
-3042
-2376
-1940
-1759
-1889
-2286
-2697
-3099
-3100
-2406
-1499
-1037
-975
-851
-599
-328
-370
-741
-1066
-1211
-1175
-1048
-837
-595
-659
-1153
-1756
-2117
-2068
-2144
-2679
-3214
-3474
-3288
-2984
-2702
-2233
-2201
-2724
-3337
-3540
-2951
-2268
-2293
-2775
-2911
-2254
-1185
-422
-194
-613
-1925
-3818
-5409
-5323
-3302
-1155
-570
-1682
-3196
-4016
-4208
-4261
-4143
-3846
-3822
-4044
-3894
-2498
-180
1541
1524
0
-1409
-1494
-273
1487
3182
4475
4789
4185
3398
3451
4379
4899
4360
3118
2427
2813
3715
4752
5399
5108
3746
1958
893
1311
2788
3997
4176
3824
3508
3380
3535
3971
4534
4803
4436
3631
3295
4123
5282
5713
5272
4409
3727
3204
2763
2637
2858
2942
2372
1372
665
606
812
644
-14
-683
-1004
-1051
-878
-617
-481
-477
-785
-1229
-1386
-1205
-727
-382
-477
-742
-924
-928
-875
-1018
-1262
-1477
-1709
-1872
-2003
-2053
-2065
-2141
-2303
-2658
-2998
-3106
-3006
-2875
-2693
-2578
-2495
-2343
-2308
-2295
-2375
-2502
-2577
-2502
-2243
-1934
-1497
-1034
-845
-1062
-1529
-1958
-2048
-1833
-1543
-1273
-1213
-1157
-987
-1104
-1385
-1656
-1714
-1611
-1821
-1980
-1832
-1488
-975
-650
-702
-810
-715
-643
-674
-486
117
729
940
702
453
714
1277
1891
2249
2192
1712
618
-636
-1323
-1145
-310
146
-412
-1358
-2016
-2144
-2024
-1984
-2168
-2837
-3596
-3955
-3530
-2015
-326
482
384
-84
-25
787
1827
2742
3234
3185
2887
2717
3163
4293
5244
5384
4631
3544
3073
3193
3429
3530
3193
2553
1929
1499
1633
2370
2975
2740
1889
1021
750
1252
1872
2398
2755
2719
2547
2209
1959
2250
2613
2480
1926
1466
1445
1591
1531
1221
763
220
-262
-564
-767
-803
-835
-1249
-1795
-2218
-2329
-2034
-1869
-1922
-2038
-2039
-1658
-1228
-960
-982
-1221
-1401
-1426
-1219
-861
-348
-5
-47
-273
-579
-776
-879
-1245
-1956
-2756
-3071
-2729
-2270
-1991
-2057
-2363
-2817
-3482
-3956
-3887
-3357
-2839
-2555
-2435
-2050
-1137
-495
-322
-434
-766
-876
-776
-443
265
1084
1627
1683
1234
724
507
495
531
458
366
183
-187
-463
-457
-183
155
195
38
-214
-369
-267
14
585
1039
1203
1165
1251
1772
2265
2566
2479
2061
1861
2023
2541
3113
3270
2645
1190
-424
-1474
-1549
-976
-795
-1346
-2205
-2668
-2590
-2474
-2435
-2646
-3266
-4086
-4636
-4187
-2614
-743
377
380
-25
-12
663
1670
2460
2994
3107
2682
2140
1997
2442
2913
2805
2167
1500
1210
1181
1386
1587
1244
467
-418
-953
-878
-313
396
844
1014
1061
1155
1246
1490
1917
2370
2467
2084
1849
1905
2206
2232
1821
1485
1154
783
337
9
-44
-189
-751
-1737
-2628
-2914
-2768
-2674
-2747
-2879
-2908
-2717
-2557
-2195
-1654
-1355
-1266
-1395
-1301
-768
-57
480
706
780
712
602
506
504
489
204
-222
-618
-812
-733
-739
-962
-1231
-1621
-2095
-2490
-2600
-2334
-2086
-1980
-1920
-1633
-982
-469
-196
-100
68
382
620
881
1341
1967
2332
2351
2003
1660
1708
1824
1922
1812
1642
1622
1529
1329
1088
939
723
308
-242
-645
-484
12
447
631
446
379
642
1016
1404
1625
1690
1436
1100
1159
1638
2319
2720
2628
2178
1830
1926
2094
1966
1447
415
-967
-2086
-2525
-2468
-2445
-2918
-3847
-4675
-4982
-4772
-4437
-4278
-4440
-4871
-5214
-5153
-4251
-2986
-2223
-1987
-1933
-1504
-626
310
1187
1911
2226
2100
1687
1289
1207
1055
601
55
-338
-203
256
564
602
501
252
-274
-938
-1315
-1151
-653
-250
-22
462
1138
1664
2106
2522
2949
3294
3321
2997
2572
2204
1931
1626
1272
1244
1302
1145
959
709
334
-191
-851
-1564
-2107
-2374
-2488
-2458
-2298
-2055
-1821
-1642
-1263
-750
-406
-263
-56
290
721
1160
1360
1391
1309
1282
1375
1477
1774
2115
2236
2091
1674
1277
928
457
78
-287
-645
-824
-1025
-1002
-664
-313
-123
-184
-185
-157
-229
-230
-105
148
325
352
388
773
1500
2129
2249
1908
1468
895
421
285
416
688
764
380
-97
-102
283
594
443
1
-309
-508
-488
-412
-344
-22
59
-169
-154
301
973
1531
1588
1290
1177
1203
1217
1147
968
728
525
536
731
995
1006
399
-748
-2053
-2962
-3356
-3659
-4156
-4823
-5405
-5724
-5684
-5420
-5026
-4799
-5053
-5418
-5523
-5026
-4208
-3588
-3158
-2829
-2415
-1848
-1109
-224
585
1092
1276
1216
1154
1292
1318
960
363
-29
-198
-239
29
415
910
1431
1676
1676
1621
1613
1475
1173
941
1011
1465
2046
2606
3215
3779
4196
4407
4246
3754
3083
2440
1923
1457
1167
952
747
619
502
442
545
696
671
446
27
-391
-641
-828
-938
-934
-761
-361
189
770
1374
1967
2356
2529
2415
2123
1862
1570
1303
995
832
1003
1208
1333
1401
1379
1293
1090
713
220
-243
-696
-1208
-1666
-1920
-1887
-1613
-1251
-900
-580
-358
-336
-379
-401
-534
-667
-764
-864
-686
-334
-69
224
447
675
835
705
597
559
436
201
-235
-620
-719
-593
-401
-373
-387
-363
-395
-469
-434
-307
-259
-417
-767
-1000
-993
-728
-299
41
185
257
363
435
449
394
319
139
-171
-415
-539
-614
-748
-1020
-1480
-2042
-2383
-2572
-2928
-3396
-4057
-4563
-4830
-5006
-4952
-4807
-4441
-4128
-3838
-3485
-3215
-2841
-2660
-2529
-2209
-1865
-1288
-593
0
589
1057
1436
1671
1659
1581
1307
936
810
905
1084
1161
1179
1324
1598
1859
2089
2361
2579
2676
2644
2626
2776
3034
3200
3188
3218
3407
3676
3920
4102
4128
3970
3695
3142
2534
2108
1761
1344
893
530
290
298
248
136
259
353
249
98
-37
-240
-394
-499
-489
-278
-67
283
637
985
1491
1812
1857
1796
1513
1175
965
696
622
601
307
32
-65
-3
172
252
269
214
-52
-408
-674
-823
-1217
-1679
-1949
-2136
-2044
-1659
-1217
-1017
-964
-956
-1053
-1158
-1297
-1379
-1365
-1322
-1281
-1249
-1151
-957
-730
-607
-479
-356
-427
-467
-461
-453
-463
-586
-692
-909
-1048
-979
-866
-625
-469
-405
-284
-291
-283
-159
-104
-56
-61
-227
-371
-306
-236
-69
126
131
199
230
181
-52
-373
-601
-966
-1410
-1794
-2055
-2200
-2378
-2691
-2957
-3123
-3259
-3300
-3392
-3346
-3077
-2824
-2613
-2465
-2303
-2236
-2139
-1799
-1311
-653
-59
262
449
814
1383
1840
2112
2152
1909
1580
1217
1096
1296
1514
1658
1446
1282
1473
1880
2268
2427
2648
2671
2539
2525
2608
2901
3124
3074
2956
3042
3378
3735
3894
3809
3531
3238
2852
2369
2057
1846
1570
1093
705
490
414
407
180
-30
-182
-271
-289
-313
-196
-53
-30
-96
-199
-212
-101
52
186
227
235
323
483
481
402
337
58
-335
-741
-985
-1013
-1132
-1316
-1410
-1402
-1381
-1412
-1361
-1339
-1337
-1337
-1598
-1917
-2016
-1979
-1866
-1776
-1686
-1531
-1455
-1414
-1388
-1377
-1297
-1229
-1187
-1077
-896
-684
-559
-548
-537
-570
-648
-607
-499
-333
-41
178
294
264
153
44
-166
-242
-306
-355
-196
31
298
500
673
787
778
766
783
790
838
821
701
577
422
352
416
422
386
329
204
43
-233
-537
-815
-1120
-1505
-1966
-2310
-2571
-2735
-2698
-2665
-2700
-2626
-2442
-2275
-2028
-1885
-1804
-1616
-1529
-1400
-1152
-733
-263
145
470
722
949
1173
1441
1544
1536
1510
1366
1123
1035
1071
1060
1070
1096
1205
1431
1796
2243
2558
2718
2777
2679
2587
2591
2622
2725
2838
2897
2884
2958
3095
3061
2876
2573
2214
1838
1365
972
683
290
-112
-363
-436
-492
-615
-747
-809
-854
-870
-847
-834
-890
-1033
-1065
-1077
-1128
-1091
-822
-523
-434
-347
-236
-105
-61
-168
-379
-578
-741
-874
-919
-949
-979
-966
-909
-987
-996
-843
-794
-821
-928
-1042
-1045
-920
-724
-593
-543
-516
-609
-702
-640
-602
-541
-454
-367
-271
-107
127
166
153
186
107
157
199
147
163
139
159
158
211
269
292
346
255
312
358
243
234
244
228
289
313
290
387
467
581
764
946
1037
970
933
946
885
735
555
286
-12
-298
-737
-1189
-1369
-1462
-1675
-1907
-2064
-2113
-2140
-2237
-2320
-2280
-2311
-2354
-2341
-2375
-2262
-1953
-1668
-1419
-1061
-807
-612
-334
-23
371
616
651
646
647
696
775
886
987
989
907
733
613
730
1022
1209
1131
1122
1275
1471
1669
1877
2103
2173
2251
2333
2365
2563
2774
2885
2769
2565
2492
2376
2185
1944
1610
1249
823
426
100
-180
-351
-660
-943
-1091
-1188
-1129
-1127
-1235
-1283
-1197
-1091
-992
-888
-788
-739
-789
-686
-519
-426
-223
-179
-139
94
221
315
237
68
-63
-274
-502
-639
-604
-586
-586
-565
-555
-481
-288
-47
-42
-113
-77
-73
-22
4
-39
-72
-62
-117
-168
-69
55
152
185
144
122
61
-48
-102
-188
-238
-238
-264
-191
-66
4
107
236
251
231
272
348
449
507
576
565
397
355
362
302
273
241
176
269
442
453
422
372
292
164
-24
-208
-360
-468
-697
-1038
-1353
-1585
-1700
-1899
-2051
-2038
-2099
-2147
-2033
-1869
-1775
-1738
-1832
-1871
-1746
-1714
-1684
-1629
-1558
-1427
-1152
-814
-502
-221
44
240
208
221
264
308
398
387
329
421
652
875
1165
1418
1544
1686
1839
1868
1864
1885
1885
1889
1823
1693
1666
1704
1720
1814
1872
1946
1971
1879
1927
1802
1473
1225
857
465
281
85
-109
-156
-118
-67
-129
-271
-300
-322
-483
-595
-663
-731
-648
-681
-724
-712
-836
-768
-741
-718
-519
-371
-201
-192
-147
-125
-248
-241
-229
-212
-151
-154
-158
27
233
304
311
226
181
160
54
33
159
228
194
95
102
304
397
459
465
311
234
213
196
134
110
94
43
64
33
31
21
-15
-26
-48
-8
2
-100
-156
-87
-106
-170
-236
-247
-191
-135
-12
3
19
42
-88
-247
-334
-285
-198
-197
-150
-170
-310
-382
-445
-451
-576
-898
-1200
-1373
-1429
-1476
-1418
-1402
-1532
-1542
-1663
-1718
-1609
-1656
-1644
-1734
-1889
-1887
-1768
-1583
-1417
-1255
-1049
-842
-717
-603
-436
-308
-308
-273
-217
-218
-138
-72
-13
116
191
308
505
696
860
1027
1091
1126
1365
1505
1583
1628
1576
1574
1530
1564
1630
1683
1710
1729
1722
1620
1537
1492
1478
1336
1136
947
783
721
625
478
389
461
511
455
425
452
437
309
250
198
111
107
140
193
180
150
174
128
111
76
-66
-138
-195
-170
-58
93
308
312
260
266
234
230
181
180
256
249
206
268
410
487
486
429
412
467
409
385
409
326
276
172
69
10
-119
-159
-197
-259
-234
-189
-149
-181
-311
-306
-245
-333
-395
-462
-514
-596
-646
-487
-405
-463
-466
-595
-773
-911
-996
-975
-1006
-1056
-1173
-1219
-1179
-1179
-1166
-1152
-1209
-1250
-1204
-1153
-1097
-1073
-1084
-1185
-1264
-1281
-1265
-1131
-1131
-1256
-1285
-1269
-1242
-1208
-1187
-1198
-1208
-1262
-1280
-1128
-939
-755
-561
-406
-403
-389
-306
-215
-59
-76
-81
-34
-16
99
330
631
771
844
884
965
1026
1092
1290
1278
1247
1247
1163
1157
1204
1306
1397
1503
1633
1824
1814
1695
1718
1662
1628
1480
1382
1385
1269
1203
1097
1026
1087
1119
1120
1081
954
836
762
682
600
576
506
431
475
487
596
701
639
561
417
323
209
130
136
0
-57
-7
-74
-130
-162
-169
-45
-32
-39
-20
-84
-120
-211
-228
-192
-160
-74
-8
51
77
122
164
147
66
6
-37
-134
-173
-197
-218
-244
-205
-169
-214
-275
-374
-480
-585
-672
-787
-854
-953
-1041
-1040
-1094
-1074
-1047
-1015
-915
-916
-956
-1018
-978
-896
-1090
-1267
-1394
-1564
-1647
-1755
-1750
-1712
-1696
-1588
-1578
-1538
-1542
-1638
-1557
-1536
-1478
-1405
-1422
-1218
-1124
-1076
-858
-790
-714
-529
-326
-246
-151
-14
61
192
222
231
199
170
289
287
329
482
564
758
886
933
1038
1148
1273
1249
1259
1349
1408
1429
1425
1453
1437
1378
1316
1392
1438
1444
1428
1298
1224
1136
1105
1030
945
906
838
815
841
926
1023
999
914
966
989
995
1014
942
900
869
737
588
511
548
629
612
618
534
375
286
205
201
173
148
97
17
41
111
198
210
190
127
126
198
167
187
126
37
73
-18
-72
20
29
9
22
-11
12
12
-135
-292
-343
-409
-486
-535
-541
-469
-505
-554
-615
-624
-556
-597
-682
-727
-722
-819
-901
-942
-978
-957
-1066
-1187
-1227
-1221
-1199
-1201
-1260
-1304
-1380
-1510
-1601
-1828
-1935
-1895
-2028
-2028
-1898
-1862
-1759
-1672
-1650
-1593
-1575
-1585
-1555
-1522
-1488
-1377
-1315
-1226
-1046
-943
-794
-699
-641
-505
-400
-269
-182
-148
-113
25
201
314
497
685
905
1130
1358
1467
1581
1752
1671
1696
1726
1702
1783
1731
1697
1653
1730
1836
1768
1801
1804
1709
1619
1583
1535
1426
1382
1292
1220
1128
975
987
1001
940
915
859
818
828
772
742
677
441
363
423
383
329
335
404
454
479
491
443
495
534
492
496
478
499
522
455
435
441
378
389
427
430
385
356
401
357
314
317
303
299
253
299
292
203
242
181
151
119
24
-33
-127
-189
-306
-406
-476
-563
-660
-784
-843
-909
-985
-1049
-1144
-1177
-1232
-1268
-1239
-1262
-1252
-1213
-1206
-1147
-1179
-1259
-1247
-1353
-1524
-1680
-1759
-1845
-1955
-2037
-2054
-1992
-2058
-2017
-1945
-1990
-2018
-2086
-2034
-1997
-2097
-2052
-1887
-1799
-1766
-1572
-1333
-1237
-1060
-827
-668
-472
-390
-381
-217
-147
-61
33
17
177
336
480
711
890
1104
1288
1375
1527
1675
1737
1805
1849
1826
1744
1787
1839
1879
1992
2044
2105
2104
2213
2238
2110
2085
1986
1822
1602
1447
1353
1240
1223
1142
1056
1045
1000
1006
920
816
789
689
626
547
431
429
397
344
296
325
440
445
454
449
441
478
389
328
331
244
302
366
248
271
340
315
360
285
241
339
298
329
350
322
355
310
267
147
92
108
1
-63
-158
-224
-252
-405
-546
-536
-500
-516
-553
-673
-722
-806
-852
-794
-812
-820
-956
-1029
-1066
-1076
-1023
-1123
-1163
-1152
-1150
-1234
-1254
-1296
-1479
-1529
-1676
-1836
-1929
-2051
-2014
-1999
-2069
-2075
-2073
-2083
-2084
-2116
-2106
-2040
-2005
-1939
-1883
-1787
-1685
-1659
-1616
-1474
-1302
-1203
-1070
-940
-819
-714
-546
-347
-315
-201
-108
-58
41
233
476
533
700
909
1023
1186
1279
1406
1593
1679
1681
1850
1979
1999
2186
2213
2196
2244
2288
2364
2344
2344
2361
2357
2259
2141
2109
2047
1933
1805
1751
1604
1419
1374
1333
1195
1072
980
838
873
845
786
779
631
532
433
395
392
346
297
266
249
241
251
232
236
177
141
157
61
51
83
23
-28
-86
-50
-75
-165
-101
-97
-97
-147
-169
-63
-78
-39
-70
-107
-48
-88
-105
-144
-176
-129
-157
-262
-278
-322
-334
-320
-474
-552
-664
-792
-775
-950
-1136
-1143
-1151
-1185
-1277
-1274
-1213
-1290
-1291
-1199
-1326
-1393
-1351
-1459
-1547
-1536
-1572
-1685
-1723
-1706
-1672
-1640
-1703
-1742
-1707
-1736
-1749
-1723
-1781
-1786
-1733
-1707
-1561
-1453
-1361
-1222
-1109
-901
-752
-648
-529
-469
-322
-254
-207
-87
-81
-30
102
226
305
367
563
719
730
876
969
1037
1206
1218
1204
1242
1328
1346
1366
1517
1609
1694
1740
1770
1836
1833
1786
1765
1690
1627
1631
1558
1557
1515
1410
1436
1405
1361
1322
1217
1212
1267
1256
1185
1115
1041
994
925
907
930
853
850
856
855
890
742
725
771
618
585
564
553
506
424
386
327
326
257
167
93
22
1
-65
-63
-64
-140
-114
-121
-219
-240
-232
-313
-370
-442
-529
-569
-649
-711
-769
-761
-778
-828
-808
-826
-770
-818
-921
-947
-1020
-1038
-1098
-1177
-1192
-1142
-1128
-1195
-1073
-953
-1014
-1066
-1108
-1136
-1109
-1170
-1232
-1221
-1397
-1476
-1427
-1461
-1456
-1490
-1513
-1494
-1475
-1515
-1558
-1504
-1523
-1518
-1530
-1500
-1409
-1466
-1383
-1227
-1125
-1003
-926
-753
-643
-593
-457
-348
-204
-144
-103
18
131
278
385
439
582
723
759
874
926
1002
1198
1205
1279
1362
1369
1378
1412
1493
1447
1521
1615
1552
1566
1588
1633
1708
1675
1641
1705
1664
1597
1643
1599
1529
1499
1373
1328
1335
1294
1230
1099
1107
1072
1035
1089
1000
917
889
850
820
750
681
687
636
583
656
649
608
658
628
596
563
499
499
469
389
265
184
163
119
71
45
3
-65
-67
-133
-260
-343
-456
-480
-583
-773
-738
-738
-861
-908
-975
-1005
-1062
-1109
-1074
-1157
-1164
-1171
-1224
-1278
-1406
-1346
-1327
-1424
-1409
-1358
-1440
-1497
-1414
-1465
-1429
-1384
-1436
-1474
-1517
-1414
-1395
-1493
-1476
-1479
-1477
-1413
-1392
-1336
-1344
-1340
-1259
-1202
-1166
-1177
-1109
-1072
-1022
-904
-877
-809
-780
-708
-554
-579
-544
-461
-451
-363
-238
-187
-133
60
212
274
376
508
630
686
789
867
918
1010
1022
1104
1213
1200
1145
1212
1392
1479
1524
1542
1543
1579
1535
1537
1572
1521
1499
1531
1604
1588
1599
1735
1719
1712
1797
1767
1742
1725
1640
1597
1573
1479
1404
1313
1236
1219
1172
1138
1119
1010
915
903
858
810
736
626
594
572
504
448
393
354
317
281
275
215
101
43
-52
-167
-189
-294
-388
-396
-565
-729
-729
-740
-858
-933
-995
-1040
-1042
-1100
-1189
-1264
-1290
-1312
-1322
-1415
-1455
-1492
-1535
-1507
-1529
-1490
-1505
-1607
-1558
-1478
-1518
-1542
-1580
-1616
-1590
-1591
-1572
-1564
-1591
-1582
-1556
-1514
-1501
-1449
-1402
-1425
-1376
-1228
-1144
-1085
-1046
-1058
-944
-878
-855
-780
-671
-586
-531
-410
-372
-237
-65
-93
-65
30
87
153
216
289
332
444
605
616
688
812
786
856
962
1035
1159
1164
1166
1178
1189
1215
1215
1274
1267
1223
1277
1340
1355
1368
1401
1411
1389
1445
1525
1471
1427
1511
1540
1493
1508
1524
1492
1496
1545
1513
1482
1448
1354
1406
1340
1195
1213
1205
1150
1043
977
930
847
831
842
773
705
661
585
544
463
370
230
89
92
44
-52
-155
-223
-259
-309
-372
-468
-511
-603
-681
-752
-853
-930
-985
-948
-1073
-1170
-1091
-1195
-1216
-1150
-1207
-1236
-1265
-1320
-1347
-1394
-1492
-1548
-1511
-1581
-1623
-1499
-1486
-1509
-1491
-1455
-1463
-1488
-1475
-1470
-1485
-1536
-1490
-1430
-1435
-1396
-1405
-1386
-1325
-1286
-1202
-1181
-1138
-1104
-1069
-1008
-992
-851
-798
-787
-672
-654
-580
-533
-458
-324
-333
-166
8
49
130
208
274
306
421
549
632
717
774
844
918
1018
1030
1020
1046
1099
1202
1203
1233
1323
1345
1376
1420
1368
1336
1415
1440
1463
1447
1400
1483
1521
1507
1493
1477
1536
1526
1516
1540
1475
1444
1450
1401
1371
1319
1164
1125
1153
1051
999
998
941
844
807
749
615
538
452
439
409
360
356
309
215
141
148
156
139
44
-18
-59
-156
-222
-253
-287
-354
-492
-580
-537
-508
-601
-732
-770
-742
-813
-903
-920
-1007
-973
-1005
-1096
-1094
-1184
-1218
-1220
-1218
-1173
-1174
-1222
-1236
-1231
-1292
-1308
-1283
-1376
-1353
-1278
-1321
-1299
-1279
-1287
-1313
-1296
-1265
-1249
-1239
-1299
-1211
-1134
-1128
-1001
-975
-993
-915
-854
-818
-749
-695
-589
-451
-449
-388
-317
-316
-246
-104
-11
-65
-1
75
111
242
337
361
304
403
553
591
639
640
678
778
860
870
905
918
952
1065
1102
1167
1123
1117
1178
1079
1122
1216
1230
1252
1194
1199
1237
1209
1236
1259
1195
1173
1199
1190
1216
1223
1160
1114
1122
1105
1016
1014
965
899
922
854
875
833
706
710
633
566
568
514
437
315
242
191
98
86
3
-88
-92
-101
-132
-224
-238
-237
-338
-352
-444
-543
-476
-561
-634
-662
-737
-676
-720
-816
-833
-841
-824
-892
-855
-855
-983
-1019
-1004
-1005
-1061
-1040
-1047
-1070
-1065
-1100
-1057
-1062
-1053
-1035
-1071
-1092
-1050
-1067
-1131
-1101
-1131
-1056
-1068
-1059
-1034
-1093
-905
-907
-932
-827
-863
-834
-773
-699
-668
-672
-570
-432
-402
-404
-316
-262
-230
-143
-53
-47
-65
40
130
163
203
189
284
347
353
447
472
590
639
659
779
773
740
809
907
990
1018
1016
1107
1172
1170
1175
1134
1108
1133
1129
1148
1113
1065
1132
1212
1243
1273
1241
1182
1201
1129
1107
1101
994
953
886
874
912
831
758
732
692
685
682
632
605
564
519
500
467
426
297
207
172
153
162
60
-6
-10
-53
-89
-129
-176
-269
-352
-326
-411
-564
-609
-645
-711
-756
-769
-872
-911
-887
-902
-894
-958
-978
-905
-918
-986
-1086
-1106
-1066
-1120
-1115
-1083
-1133
-1136
-1094
-1127
-1115
-1085
-1092
-1056
-1071
-1092
-1065
-1022
-1038
-1068
-1031
-999
-969
-931
-881
-859
-775
-669
-670
-603
-553
-506
-378
-354
-318
-280
-276
-165
-156
-140
-19
47
110
185
215
225
247
270
309
313
369
484
486
481
498
577
682
658
719
775
775
875
906
867
894
933
943
963
925
927
985
960
913
882
948
967
866
839
873
904
879
860
914
904
841
871
863
822
813
757
750
760
718
690
724
724
716
727
607
584
570
427
427
454
377
280
247
212
126
84
35
15
29
19
-60
-106
-109
-204
-234
-264
-296
-261
-304
-434
-443
-331
-391
-439
-473
-562
-513
-516
-596
-610
-696
-760
-708
-811
-862
-836
-939
-936
-904
-869
-895
-1002
-954
-940
-956
-943
-935
-864
-920
-953
-898
-904
-826
-785
-800
-727
-665
-619
-593
-603
-610
-571
-501
-512
-487
-501
-540
-442
-406
-430
-406
-337
-322
-331
-278
-220
-162
-131
-88
-18
44
58
104
167
198
285
364
333
271
350
428
399
413
475
523
538
536
561
591
627
684
664
656
697
692
722
785
790
787
791
803
870
815
742
740
733
817
839
806
797
755
754
787
722
638
620
535
568
593
447
451
473
486
442
327
316
319
316
318
324
268
228
210
200
229
168
126
211
157
20
70
81
19
9
-61
-95
-54
-83
-206
-276
-305
-337
-317
-411
-440
-406
-510
-546
-520
-550
-597
-634
-599
-537
-578
-626
-659
-676
-636
-636
-656
-722
-669
-593
-649
-600
-606
-638
-642
-703
-599
-559
-643
-617
-602
-596
-608
-617
-540
-533
-519
-500
-513
-438
-373
-333
-324
-337
-309
-223
-156
-192
-253
-285
-256
-164
-78
-48
-73
-44
51
60
42
61
57
63
129
203
251
254
181
258
350
252
274
349
377
451
485
420
441
505
490
537
475
419
513
512
484
510
506
544
576
573
591
572
536
538
519
482
479
479
511
468
456
502
478
475
440
448
446
457
458
404
404
315
292
326
256
257
253
226
244
233
231
167
99
117
145
162
100
64
63
21
-20
-28
-6
-44
-62
-42
-101
-136
-153
-195
-162
-162
-236
-233
-252
-253
-233
-323
-377
-394
-358
-386
-418
-375
-389
-434
-541
-442
-393
-497
-488
-515
-456
-464
-463
-429
-513
-555
-597
-541
-479
-502
-509
-493
-496
-463
-444
-492
-409
-390
-452
-355
-309
-371
-349
-262
-219
-253
-239
-227
-268
-237
-212
-202
-179
-179
-146
-121
-91
-132
-122
-54
-85
-23
29
64
92
93
154
161
139
205
210
169
163
197
296
334
318
320
333
346
334
382
410
362
423
442
416
445
407
468
537
491
468
436
468
514
457
478
526
442
477
491
477
528
417
394
465
459
462
444
357
378
407
341
349
368
322
293
243
274
295
248
275
141
130
143
28
95
81
59
43
-14
-29
-60
-56
-102
-100
-105
-129
-68
-143
-156
-112
-230
-222
-214
-309
-276
-301
-348
-338
-354
-368
-383
-391
-397
-413
-414
-394
-361
-304
-323
-353
-375
-366
-331
-420
-422
-420
-412
-460
-551
-476
-491
-449
-398
-503
-476
-419
-503
-449
-381
-442
-372
-359
-380
-339
-358
-253
-254
-307
-232
-245
-194
-157
-215
-223
-206
-168
-108
-142
-140
-124
-110
-52
-47
-3
-5
39
126
89
166
258
224
280
289
242
342
293
263
355
335
341
324
336
280
318
448
390
420
414
385
384
380
416
397
378
351
418
462
390
390
396
409
421
415
426
452
451
408
436
486
433
378
385
353
315
269
185
211
260
168
111
116
122
127
154
178
152
93
108
180
138
130
139
111
104
51
46
5
0
14
-61
-21
-93
-198
-158
-173
-205
-314
-329
-244
-281
-328
-332
-309
-308
-327
-277
-236
-247
-273
-265
-290
-301
-238
-302
-354
-309
-313
-372
-373
-350
-276
-296
-415
-402
-399
-333
-328
-392
-323
-341
-371
-305
-265
-242
-263
-273
-260
-275
-228
-168
-241
-268
-230
-199
-143
-209
-210
-188
-169
-146
-177
-54
-36
-31
27
-39
0
118
62
-29
78
43
5
37
68
169
79
141
196
123
168
154
188
226
180
182
217
259
241
212
286
241
171
238
261
246
242
270
226
248
343
271
333
385
331
375
410
441
386
339
312
329
366
250
238
281
205
234
173
87
170
163
100
118
146
130
109
117
180
196
111
80
105
102
76
59
46
-6
-19
-45
-65
-43
-156
-193
-140
-155
-187
-212
-132
-78
-160
-197
-157
-133
-150
-151
-180
-242
-144
-136
-224
-181
-271
-277
-228
-239
-220
-301
-277
-230
-266
-274
-255
-252
-264
-209
-229
-328
-300
-253
-274
-306
-282
-212
-212
-238
-222
-210
-232
-245
-268
-215
-188
-214
-128
-66
-38
-69
-67
-25
-69
-65
-84
-65
-68
-73
-30
-90
-20
7
-1
16
19
89
68
56
60
51
128
149
83
155
173
136
200
200
225
215
230
278
212
172
173
182
181
185
185
173
215
234
222
256
308
315
292
284
285
314
296
265
205
165
251
193
181
216
137
216
228
151
192
179
128
148
159
129
138
159
97
53
64
33
81
109
26
26
-36
-33
18
-92
-106
-83
-91
-146
-188
-91
-118
-157
-114
-124
-77
-92
-150
-135
-145
-188
-240
-238
-231
-257
-274
-269
-255
-275
-209
-188
-242
-235
-278
-262
-219
-210
-189
-240
-305
-224
-148
-196
-183
-195
-122
-60
-122
-130
-103
-76
-170
-138
-68
-176
-105
-50
-93
-24
3
21
-27
-64
0
-41
-90
-56
-23
57
15
-29
74
87
105
103
70
124
154
109
108
126
94
178
180
166
204
165
164
203
247
181
200
231
150
210
221
127
160
163
99
115
115
86
138
130
119
211
150
133
233
217
141
102
191
231
97
29
135
103
-7
52
115
64
17
57
87
71
42
56
68
53
10
-56
-39
-3
-43
-75
-75
-62
-40
-55
-79
-60
-88
-80
-53
-91
-78
-98
-114
-90
-126
-113
-66
-118
-64
-61
-133
-68
-130
-199
-180
-248
-283
-261
-229
-215
-225
-178
-166
-187
-199
-199
-158
-132
-150
-171
-94
-50
-99
-94
-82
-91
-121
-140
-118
-169
-162
-176
-159
-88
-119
-85
-50
-84
-54
-24
-86
-78
-95
-99
-11
-32
-64
0
-18
3
89
30
31
18
10
145
95
0
49
73
87
82
122
161
200
234
161
197
236
192
224
147
110
141
114
126
103
160
121
54
153
178
215
188
97
120
178
160
140
179
134
142
212
196
217
243
193
129
185
234
111
109
170
67
63
96
35
43
30
26
12
-36
-36
16
24
17
40
-11
62
31
-23
79
0
-72
-41
28
-38
-100
-47
-95
-75
-94
-97
-67
-86
-43
-65
-119
-174
-192
-192
-242
-262
-293
-289
-237
-194
-142
-170
-167
-145
-188
-75
-25
-66
-88
-100
-53
-57
-50
-136
-154
-92
-188
-146
-128
-154
-116
-113
-62
-70
-85
-144
-118
-60
-122
-156
-153
-145
-147
-95
-33
-73
-86
-14
7
31
50
59
60
29
89
78
21
36
37
3
-43
1
21
31
121
146
117
176
242
247
291
285
165
133
198
130
48
113
126
149
140
147
223
208
243
214
144
126
114
99
104
99
49
51
104
116
27
13
56
99
57
20
67
89
103
63
62
-2
-52
11
-2
-52
-99
-91
-9
33
-19
1
85
60
29
49
68
-14
-34
36
-105
-195
-143
-106
-97
-174
-120
-87
-90
-37
-43
-63
-111
-171
-158
-155
-251
-164
-163
-210
-92
-81
-17
-32
-82
-30
-38
-51
-110
-58
0
-69
-101
-109
-101
-76
-24
-69
-105
-87
-105
-31
-31
-143
-115
-102
-118
-84
-102
-69
-51
-17
-25
-90
-51
-30
2
6
-25
13
51
75
7
-9
15
0
1
-51
2
76
47
87
83
72
66
70
119
113
51
47
123
107
130
134
147
207
140
142
187
167
197
205
145
119
128
142
139
114
57
73
117
84
100
135
187
127
93
127
6
19
8
0
32
-33
24
26
44
126
-12
-73
22
48
56
51
64
50
18
3
32
-37
-114
-40
-49
-56
-30
-32
-51
-84
-81
-119
-170
-157
-139
-131
-151
-193
-157
-143
-143
-168
-204
-157
-124
-81
-62
-94
-87
-28
-19
-50
-69
-93
-79
-59
-98
-40
-22
-79
19
43
-1
-20
-98
-81
-60
-62
-31
-105
-122
-80
-53
-50
-76
-38
-34
-1
71
90
115
89
27
19
24
-6
8
9
-1
12
14
69
55
3
8
4
-12
-8
-18
-35
40
21
-50
8
44
8
36
89
82
113
176
190
172
167
200
211
118
83
85
71
118
128
122
69
26
32
51
74
3
-24
21
24
27
84
32
-41
27
32
51
109
109
100
81
82
107
98
42
32
0
0
27
26
40
-18
-10
14
-42
-25
-12
-89
-114
-96
-64
-2
-63
-119
-109
-39
-45
-144
-76
-57
-130
-66
64
71
-3
4
-16
-27
2
-78
-72
-45
-111
-102
-49
6
-93
-159
-63
-57
-24
-66
-76
-52
-84
-78
-135
-74
-102
-125
0
-45
-1
71
23
76
43
-51
-69
5
27
-17
14
7
53
15
-86
-47
-60
-133
-76
-47
-77
56
54
-9
49
29
15
12
17
33
28
3
33
91
67
21
91
105
43
77
97
104
77
69
66
65
62
-55
-45
14
-8
3
-5
-6
70
103
55
43
-7
-58
19
51
41
95
111
96
85
97
86
14
13
86
41
-22
86
100
30
43
14
6
29
31
36
12
16
60
36
62
89
84
61
20
15
-40
-50
-15
-53
-73
-65
-78
-90
-46
-68
-93
-10
-41
-48
23
35
9
-28
-62
-73
-29
-30
-1
30
-46
-23
-21
-53
20
-5
12
6
27
107
62
37
-25
-33
-41
-73
-49
-67
-52
-64
-83
-30
-36
-24
-17
-24
22
13
-45
-58
26
-1
-93
-64
-54
-40
-29
-103
-28
-16
-73
-32
-89
-56
-39
-127
-164
-59
-38
-76
-15
-13
-6
2
37
21
-41
1
50
41
41
17
20
5
-47
4
-3
-51
-8
29
0
-8
24
29
-8
0
-7
-6
13
-72
-13
-1
-27
28
-34
25
57
13
20
22
115
69
51
184
112
88
103
66
32
12
142
95
-6
118
152
114
63
-68
-52
20
-37
-4
3
-50
49
44
-44
6
31
-18
44
118
62
105
154
54
63
82
78
85
36
10
0
27
14
10
-25
-29
73
-12
-68
-12
-32
-20
-52
-108
-55
18
-22
-68
-80
-47
53
-42
-89
-40
-11
109
62
-20
-25
-66
-39
-16
-97
-105
-28
-20
-26
-73
-122
-84
-97
-117
-35
-24
-35
-75
-71
42
-57
-109
-24
-89
-51
-41
-135
-45
-56
-148
-60
-9
-28
-51
-107
-85
-65
-39
-27
-114
-147
-78
0
-67
-35
18
-47
2
9
-32
6
50
32
67
95
14
0
28
19
0
19
0
-40
47
-45
-57
74
5
64
96
79
87
39
108
122
73
78
113
100
47
77
41
6
100
147
102
46
65
118
122
91
97
137
80
32
40
-18
-49
-22
53
105
22
20
63
12
9
-30
-70
-4
-1
-85
-76
43
90
43
44
28
29
71
-55
-53
18
-83
-35
-31
-42
-24
-80
-41
1
22
-37
-119
-196
-120
-70
-117
-44
-46
4
27
-21
-47
-81
-57
-27
0
-38
-38
-39
-81
-29
-26
-29
-10
-34
-12
-13
-71
-58
-41
-11
-8
-53
-97
-71
20
29
7
-40
2
39
-76
-60
-8
-26
73
91
87
122
4
7
58
0
-20
45
25
-51
24
-26
