-36
-92
-50
-44
-88
-116
-154
-52
-39
-106
-114
-108
-141
-87
-95
-179
-40
-5
-97
-129
-153
-90
-70
-98
-85
-60
-47
-70
-56
22
8
-42
-82
-113
-70
-17
21
-24
-36
32
36
52
-4
-54
-9
-68
-34
-13
-38
28
27
11
-41
-55
-5
20
-27
4
102
17
1
39
-29
-33
-23
0
34
38
29
34
-2
-40
56
27
-31
42
46
82
75
44
-3
-10
96
69
73
61
18
32
16
93
137
161
187
158
153
69
46
121
132
89
42
101
164
90
21
38
109
134
69
95
100
6
-28
-4
47
47
26
21
10
19
48
89
85
99
10
-54
0
-17
6
-24
-101
-35
10
-43
-36
-74
-121
-110
-184
-162
-41
-79
-117
-72
-107
-164
-158
-149
-106
-82
-127
-51
-43
-176
-170
-112
-148
-200
-153
-109
-120
-95
-55
-106
-119
-58
-49
-36
-20
-18
-99
-82
25
5
67
25
-32
57
15
39
2
-78
21
67
55
101
137
66
68
77
13
45
74
52
48
59
112
137
78
69
72
85
50
-9
49
68
30
-10
33
38
61
128
36
78
112
83
44
-38
45
87
68
64
32
45
58
77
61
33
68
72
54
65
81
68
17
7
15
64
49
-91
13
60
-69
-8
-5
-61
-37
-41
-27
-32
-87
-92
-18
19
-44
-44
-48
-26
30
-65
-84
-68
-95
-68
-77
-128
-150
-74
-35
-55
-102
-108
-51
-156
-125
-5
-63
-7
36
28
89
2
-44
44
-38
-95
0
-37
-112
-66
-31
-10
52
78
-50
-109
12
-1
-73
-43
-38
-25
-57
-85
52
106
12
-13
28
-4
1
58
39
3
-70
-79
15
67
70
49
64
49
-8
26
32
44
36
4
44
-3
15
82
10
-2
11
34
0
-40
44
40
57
30
-38
-9
-30
-34
-26
-51
-39
0
20
34
33
-37
-29
96
34
-103
-39
35
44
7
-23
-34
-106
-89
-26
27
19
-19
-54
-81
4
61
22
-53
4
105
51
-53
13
59
0
36
42
70
73
29
-53
-102
-36
-21
46
9
-56
13
-35
10
25
-80
-6
31
-40
-31
17
-2
-30
30
18
-19
91
117
76
57
3
67
83
38
95
51
53
89
0
-12
25
95
106
59
80
70
5
-4
32
-10
41
126
90
139
120
56
41
23
72
48
12
42
62
28
49
52
-36
77
107
54
99
25
32
100
82
63
73
-10
-46
33
49
7
-20
3
13
24
-19
0
7
-53
-65
-105
-85
-90
-46
24
-18
-20
-41
-99
-131
-90
-63
-85
-94
-99
-57
-56
-72
-71
-78
-88
-91
-98
-151
-153
-164
-115
-88
-109
-82
-123
-129
-177
-159
-83
-94
-122
-107
-24
-27
-75
-4
33
-4
46
37
13
5
-53
-57
-86
-85
-20
8
-5
-34
-69
-31
25
-22
12
43
28
20
-31
-18
18
16
-43
-31
-9
-40
28
25
-4
57
42
21
74
43
6
91
17
-17
41
-79
-70
32
73
48
8
56
84
43
17
52
90
30
38
78
-2
41
59
72
121
54
33
7
0
85
134
30
-20
60
41
77
80
-27
11
60
69
85
58
22
52
58
27
61
79
88
69
52
105
88
57
32
9
87
53
16
84
78
73
54
25
38
3
30
109
38
53
43
10
73
55
33
8
19
-21
-59
-31
-31
-34
47
31
-74
-21
-12
-78
-51
-29
-20
15
-8
-57
-105
-106
-26
4
-32
-130
-164
-80
-96
-49
34
-49
-57
-78
-96
-29
-30
-43
-54
-38
-53
-67
-35
-79
-60
0
-9
-10
-28
-1
7
-23
-29
-50
4
-25
-26
46
-12
-2
-26
-27
60
-4
-25
18
63
107
11
27
32
-54
21
-2
25
7
-74
99
86
-17
-49
-127
-104
-80
-29
5
-25
9
4
2
59
17
-73
-44
29
55
74
-24
-74
2
-24
-59
-32
13
2
-55
-53
-44
39
49
-29
1
-71
-96
9
9
-16
-23
-14
33
6
39
60
-37
12
36
1
31
1
-24
2
19
35
-39
-81
-85
-72
-22
-66
10
-27
-63
30
13
18
-24
-56
1
-24
-52
-12
-71
-33
55
-71
-74
11
-62
-76
-57
-64
-8
-19
-31
16
-31
-36
-4
-46
-17
5
25
6
-21
48
14
-12
13
31
61
-4
-64
-28
14
-16
-13
-13
29
96
29
56
68
5
20
40
107
90
7
49
109
89
85
111
31
52
118
81
135
72
34
64
-6
-23
-6
19
72
77
21
43
83
32
26
25
-16
31
37
15
24
5
12
27
-19
7
90
-16
-71
8
16
-10
-3
-39
-14
27
-42
-14
-16
-56
15
-25
-42
28
18
13
-19
-11
19
-10
-6
32
10
33
95
72
1
-2
33
-21
-56
-32
-3
15
-42
-134
-122
-97
-84
-68
-57
-15
-10
4
-14
-29
-12
-19
-8
-7
-27
-83
-56
-30
-134
-134
-59
-73
-64
-59
-23
1
9
46
-11
-48
-44
-40
13
41
-44
-63
-14
-10
-9
-42
-25
35
68
43
23
37
-18
-18
-24
-15
73
5
-11
27
-2
0
-66
-82
20
59
48
3
16
15
-80
-20
20
-1
73
2
-9
27
-35
69
71
-6
35
8
-27
-13
42
69
35
54
18
-31
4
50
62
68
21
-29
-10
-45
-4
57
56
29
-14
-28
16
87
38
13
-17
0
63
99
146
52
36
89
32
49
88
80
91
62
13
63
75
-26
17
41
17
26
10
52
0
-4
20
3
12
-2
-2
-60
-37
17
-84
-113
-57
-29
-14
-75
-32
44
7
4
-19
-55
-32
-30
2
-34
-62
-22
-87
-113
-42
-22
-61
-120
-160
-76
-13
-8
-7
-16
-29
-94
-55
14
-33
-9
-27
-93
-70
-46
-70
-117
-53
45
51
-16
-53
4
4
7
25
-33
-23
-4
-37
27
63
-7
3
13
10
69
18
-20
44
56
75
-7
-37
33
-5
86
92
58
124
78
13
16
81
96
107
98
55
1
-53
1
34
60
83
74
75
37
30
74
40
1
30
14
32
31
-26
0
66
12
-29
56
41
-16
47
36
-11
-7
0
17
-7
35
101
23
-20
5
34
59
10
-12
-11
-30
-29
-45
-2
14
-4
74
27
-40
23
16
21
13
-94
-82
-42
0
79
62
-19
-52
-29
-44
-104
-53
40
-55
-35
6
-43
12
-17
9
49
-25
-59
-118
-73
26
-6
-7
10
-29
-27
-31
-79
-88
-65
7
39
4
9
-3
-39
-104
-79
19
19
-51
-58
15
-1
12
1
-49
14
-3
-74
-73
-53
-36
-16
16
28
51
7
-36
-9
-19
-18
-8
-1
-19
7
8
-8
15
43
58
-41
-88
-115
-22
141
36
38
67
0
77
62
22
-10
-25
19
10
-17
-11
19
17
-1
6
7
-29
25
73
16
-24
-1
60
35
19
8
-15
-2
-84
1
81
5
60
9
-51
-4
-14
-25
-21
64
93
55
98
51
-8
43
89
93
93
18
-76
-8
0
26
63
-47
-49
-57
-29
48
61
70
30
-98
-98
31
18
31
7
-80
-3
-3
-58
26
36
-16
-34
-39
-32
13
49
0
0
-8
-48
-30
-25
-56
-71
-49
-73
-69
-42
-10
11
-16
-5
-3
-66
-106
-17
9
-23
-59
-23
86
77
58
20
-16
-7
-32
16
61
-30
-55
-17
-6
-33
-6
106
42
-30
19
30
30
-7
34
86
23
14
-20
2
87
50
46
39
29
28
18
4
-39
59
87
35
83
32
-18
1
13
44
-6
-59
-14
-23
-33
12
29
30
38
-2
-55
-55
-60
-54
-40
-16
21
22
114
89
-50
-17
-10
-18
29
4
22
76
46
52
15
-42
-24
-48
-10
58
82
91
75
45
-30
-17
31
34
4
-70
1
38
5
69
0
-58
6
0
-16
-18
-50
-91
-54
-65
-86
4
-42
-91
-105
-105
4
23
-5
-27
-36
16
-12
-65
-21
-26
-89
-92
-93
-73
-85
-109
-36
32
-19
-90
-113
-109
-51
-12
-18
-38
-40
-73
-28
37
-10
-2
9
4
-6
27
39
-69
-59
-16
-12
-6
24
29
-31
17
-12
-36
34
35
33
23
19
27
30
48
67
26
51
142
112
70
117
108
-7
-25
25
-20
-16
15
5
71
53
42
118
103
126
55
-10
25
3
21
27
43
72
69
18
52
88
77
89
19
70
4
-91
-20
-27
0
26
26
35
-45
-68
-49
-92
-102
-69
-28
-9
-40
-100
-90
-42
45
49
2
86
-13
-35
43
-4
34
-39
-12
74
-18
-26
-58
-83
-26
3
41
-16
-63
-25
-55
-41
7
-47
-33
-9
-45
33
66
10
-5
-5
3
32
35
10
13
-16
-112
-65
0
-37
-53
-81
-38
-7
-27
-30
-48
-26
-3
-37
-29
8
-3
-4
4
13
17
-5
-7
-7
-37
36
92
20
-24
-58
-12
-17
-27
36
27
40
-27
-65
27
26
-35
0
39
-29
-86
-17
4
-25
-9
-47
-64
-43
56
99
-2
-67
8
116
8
-35
28
8
75
125
65
49
44
10
-3
-18
2
45
25
62
136
53
24
92
35
44
68
54
43
-46
2
58
13
13
25
29
-10
-16
17
-17
28
14
-74
-22
-10
-57
-62
-32
-18
-37
-51
-41
-61
-77
-53
-36
-87
-119
-48
-58
-71
-82
-4
71
-36
-93
-100
21
23
-37
79
28
-50
28
54
35
27
14
27
61
98
24
-26
40
-7
-10
51
6
32
36
13
-42
-99
22
40
-4
6
4
20
38
45
74
50
-43
-38
-34
14
81
38
-8
-20
-3
-1
-82
-81
59
-13
-96
-19
-35
-17
-12
-87
-44
21
15
26
32
11
-10
8
33
0
28
105
87
66
54
61
20
-14
-36
-22
84
42
58
42
-38
-8
-10
-7
30
40
-15
-60
-27
-21
-65
-65
-52
-30
-2
-42
-50
-21
-44
-62
-22
-21
-26
18
13
-60
-91
-26
46
25
-2
41
11
-16
41
-2
-50
5
60
12
-13
42
-16
-3
7
-56
0
-19
-28
74
42
-4
31
32
13
-5
42
99
120
98
39
34
58
55
2
-40
28
44
52
89
12
79
94
-7
6
4
-51
-77
-23
-9
16
48
42
-22
-67
-20
-8
35
-30
-65
-60
-140
-58
-3
-33
-60
-63
6
4
-32
-14
-7
-29
-24
-55
-121
-29
4
11
40
-25
35
22
-21
17
-12
10
31
-33
0
46
0
-8
-38
28
72
47
67
-13
10
35
-21
7
24
58
39
6
53
75
77
31
-1
8
4
46
39
-40
19
60
-36
-58
-18
-41
-40
-22
-27
-19
-44
-83
-102
-83
-37
-72
-120
-95
-67
-10
-35
-18
15
-57
-11
15
18
5
-125
-84
-1
-46
-8
-10
-14
27
36
-16
-49
-40
-53
21
52
45
37
-11
11
15
-55
-17
9
15
69
20
6
-10
17
51
-26
32
59
0
-8
-23
-53
-52
30
53
54
40
-7
-31
21
104
97
110
40
1
89
68
20
14
1
-21
-26
36
111
137
112
100
39
-17
-21
3
41
5
-19
-84
-77
63
65
-11
-36
-27
-17
-25
18
-7
-61
-4
25
28
32
24
5
-30
-4
-25
-43
18
52
88
-35
-102
-23
-9
-29
-84
-40
10
55
43
-16
0
20
12
-70
-81
0
43
64
34
24
71
1
-78
-72
-30
50
19
-14
4
-21
-25
-49
-59
-25
5
15
-15
-11
16
26
16
52
40
-25
-17
-17
64
41
-81
-58
-36
2
-29
-100
-75
-35
43
15
-7
17
-35
-40
-17
2
-37
0
51
-21
-56
-43
-46
-52
-39
-26
-45
-47
21
32
9
4
4
7
1
-1
-12
26
18
-41
2
11
-5
32
24
-36
-93
-65
-5
29
100
77
-13
-2
7
48
100
71
84
66
26
51
82
98
89
71
89
84
59
61
42
44
62
78
74
-17
-57
5
-3
-72
-105
-56
-28
-65
-31
-14
-129
-127
1
-45
-44
60
26
49
57
-40
16
1
-83
-52
-26
-4
-18
18
-30
-92
30
37
-6
0
-33
-10
55
5
-78
-17
66
48
17
-27
-104
-39
-5
-74
-2
63
42
65
43
-34
-43
-77
-57
-16
-39
50
54
-34
46
61
16
76
82
4
-35
31
35
39
37
-58
-17
67
7
-46
-10
87
112
21
-11
-24
-3
14
-10
33
35
41
7
-56
9
3
-18
39
70
32
-7
-16
-41
3
55
34
-11
-23
-58
-134
-92
-3
14
11
-11
50
22
-67
-52
-39
-10
-42
-71
-23
18
50
72
-12
-7
-18
-94
-14
22
5
-18
-50
-21
-26
-79
-14
4
-51
2
0
-26
-59
-60
-8
-12
21
61
34
-4
-23
-65
-45
9
-10
-58
-35
-4
-19
-9
-22
12
18
-34
-68
19
96
19
50
20
9
16
-61
46
25
-10
44
-3
-16
6
34
128
172
81
53
85
84
26
3
16
28
18
19
33
70
104
21
-54
-88
-47
26
0
-32
-24
-78
-20
26
0
21
-76
-62
17
30
70
10
-4
-16
9
51
-78
-73
-31
-48
27
22
-9
-83
-112
14
36
-14
-70
-89
6
65
31
-11
-16
22
26
26
44
46
52
32
31
63
82
72
-27
-45
4
-47
-32
-2
18
-7
-36
65
52
-4
-17
-27
6
-6
19
47
13
25
10
52
59
13
-1
-43
-43
-28
35
109
68
-13
0
-11
-8
45
22
21
26
-24
-23
-39
-92
-84
-84
-75
-54
-45
-5
14
-1
-45
-60
-95
-76
61
9
-48
24
12
-31
-74
-48
-7
-28
-28
-14
7
17
8
1
44
28
-78
-71
-7
23
-7
-40
-36
-57
33
39
-16
15
-3
12
-20
-58
-5
-3
-43
-36
-27
-45
-78
-40
-45
-94
-66
-99
-28
8
-58
-12
-2
-39
-19
16
28
-50
-27
62
47
3
-49
55
115
33
56
55
0
6
21
1
19
48
4
4
45
-7
-26
-22
92
144
16
17
3
35
115
73
16
11
21
78
70
26
91
101
91
73
66
92
70
61
30
7
-14
-5
88
15
-52
-29
-53
4
-3
-91
-64
-47
-124
-82
-35
-56
-55
-13
69
46
-23
-85
-35
-31
-55
42
-4
1
36
-10
-54
-103
-89
-111
-74
9
14
20
-22
36
21
-77
-43
-60
-1
-33
-84
-12
-21
0
31
47
43
61
42
44
79
20
53
67
36
59
45
21
23
-14
7
35
0
24
-42
-92
-91
-20
62
-53
-40
7
-51
-33
-23
-16
-18
-34
-37
9
15
-43
-31
-38
-72
-39
-57
-91
-56
-17
-54
-94
-15
0
-52
-13
4
-28
-26
-37
10
14
-26
-11
-37
37
83
75
58
-3
55
12
-33
57
29
-4
21
-6
3
56
87
92
35
44
79
91
77
42
86
55
-20
25
14
9
56
-12
-28
-15
-20
-33
-12
49
-26
-86
-28
-10
-21
-102
-79
51
-59
-62
56
-9
-12
-20
-50
-12
-17
16
34
-68
-68
-36
-42
-2
-41
-101
-20
41
41
5
-9
27
15
55
87
70
3
14
88
101
95
83
82
54
82
59
-23
-6
33
13
-78
-45
20
-5
55
58
2
61
9
-51
-16
-66
-56
-13
-54
-19
0
-39
-47
-81
-35
2
34
44
-28
-3
-39
-137
-91
-44
-102
-47
-31
-17
50
-7
-2
-113
-144
-27
-16
-11
-32
46
80
-12
-31
-13
0
-56
-22
41
10
100
73
-20
31
17
-1
5
-20
15
89
15
1
30
0
31
-18
-32
-6
0
32
14
-13
-16
0
-47
-21
26
-40
-9
-4
-38
-18
-57
3
30
22
88
33
22
28
65
101
3
-29
-91
-102
-22
-36
28
88
80
97
74
88
59
32
76
31
-37
-24
17
0
16
2
-23
42
-8
-13
25
-26
-8
-48
-84
16
39
22
10
-21
-46
-42
26
32
-59
-34
39
47
0
-24
12
37
45
-27
-59
-28
56
103
71
46
32
-27
-78
-33
0
52
42
10
-21
-24
35
23
22
16
24
24
-21
-51
-109
-81
-25
-40
-7
15
58
32
-39
-8
-44
-42
38
18
-4
57
40
8
12
7
53
54
-8
-15
11
-51
-20
34
-23
-17
1
36
-27
-66
-8
-61
-48
-18
8
18
-55
-26
28
-27
-11
24
-29
4
11
36
113
67
19
32
100
95
66
14
-68
-2
-11
-66
-60
-89
-66
-35
-48
-54
-55
35
108
53
67
47
-62
-38
-32
-57
18
20
-37
-9
-16
-118
-109
-40
27
47
3
-15
-60
-105
-64
8
-31
-31
32
-8
-116
-84
44
-6
-3
7
-16
31
-41
-13
15
3
49
14
30
76
32
-21
-24
8
83
54
-3
-23
-26
60
84
50
-48
-108
-19
-40
15
38
-71
-16
-35
-47
-25
-48
54
54
-13
41
67
51
13
-19
-43
-31
67
69
19
-11
-102
-118
1
-19
-60
17
5
17
-57
-89
23
-18
-66
15
120
88
48
11
-43
26
2
6
30
-37
2
21
36
83
74
108
71
35
45
-15
29
46
22
21
-12
4
6
-27
37
31
-67
-96
-102
-25
-20
-57
46
111
126
87
-10
-32
-43
-13
57
72
98
18
-85
8
1
-42
27
-23
-12
22
-25
9
2
-19
-17
-28
-17
-2
27
17
40
80
41
-30
0
39
15
21
14
22
-13
0
34
-1
-71
-29
63
24
43
63
19
-23
-16
29
27
-2
-8
-5
-32
-63
-50
-5
12
-4
0
21
-22
-25
-10
-33
-11
-64
-18
-3
-85
6
32
18
-47
-47
44
-20
-82
-31
-14
-37
0
-28
-27
-8
-60
-36
-48
-73
-21
-19
19
55
-7
1
-10
-88
-89
-41
-22
-4
-17
-23
17
0
11
67
16
-53
-60
-59
-19
-1
20
30
-37
-1
-43
-80
58
31
-65
-41
-59
-35
-16
-39
14
-11
-34
-28
-9
30
39
50
70
75
23
70
53
-17
83
101
38
14
32
69
28
48
117
26
-9
39
24
47
28
3
36
33
40
73
42
-22
-87
-93
-42
11
44
-31
-59
-5
-32
-87
-75
-17
16
-5
32
60
-20
8
48
11
20
44
4
-22
14
-38
-22
30
-29
-75
-13
3
-39
31
15
-22
36
31
-11
26
18
-24
20
7
-24
-31
-93
-134
-50
-21
-22
82
95
79
21
-25
40
-23
17
127
102
86
29
-23
-37
14
35
12
76
8
-62
40
86
50
66
94
62
62
32
-29
-14
32
52
2
-29
36
30
-2
53
63
55
70
88
36
-21
27
27
-86
-116
-45
-25
-20
-14
31
39
-40
-34
-5
-61
-27
9
9
44
-35
-1
-9
-103
-42
-87
-75
1
-43
-66
-91
-52
11
-39
-35
-17
-64
12
20
-72
-26
24
-51
-85
15
26
6
-29
-62
-30
-49
-3
21
-25
-54
-22
-19
-22
9
-1
-8
-29
-2
-49
-50
48
11
-41
-76
-52
-6
-25
31
54
-75
-41
32
-14
-34
-45
12
16
-26
-27
-24
-70
-107
-42
-12
18
36
61
34
5
29
56
39
-18
74
29
19
70
-14
58
47
17
87
22
37
52
-54
-18
-5
-20
27
-3
15
31
31
65
15
-64
-14
43
15
54
84
19
-68
-29
86
61
28
32
3
25
69
109
111
80
112
102
7
-38
-64
-26
48
18
0
-23
-17
-15
-104
-121
-40
-41
-79
-50
-82
-49
24
-23
-51
41
32
-24
36
7
14
63
-46
-55
46
37
40
6
5
49
-7
-54
-31
32
38
22
-3
-59
-49
-21
16
32
-17
-2
18
25
27
25
-4
-26
-10
-34
27
26
-17
7
-25
-22
61
75
36
-7
-3
12
32
86
56
42
36
-37
-46
41
57
18
31
31
27
40
12
-35
-20
-14
-6
-36
-49
25
-54
-3
48
-52
-7
-35
19
38
-46
38
-22
-62
0
-16
15
-13
-41
-16
-72
-21
11
-19
19
-11
-24
-53
-92
-77
-66
-49
18
20
-62
-54
-57
-29
-26
-55
28
12
-25
-12
-23
29
0
-35
40
45
80
96
-22
-6
21
-50
-26
3
15
60
63
-2
16
56
-39
-74
29
69
2
2
10
-2
68
115
71
30
7
2
41
20
4
-12
-21
-1
-63
-32
-2
-45
-29
-50
-48
14
-11
-36
5
-35
-52
-28
-48
-39
-41
-59
-57
-45
-61
-49
-61
-112
-53
6
13
12
-2
-2
57
8
-24
29
-52
-62
-54
-37
6
-33
51
67
-2
-10
-63
-1
32
-21
-31
7
133
75
-15
10
-21
-55
-75
57
135
77
99
6
-44
-37
-5
94
16
-15
96
72
-16
12
1
-23
-29
-64
-22
11
35
-13
-52
48
5
-18
45
34
81
1
-107
-33
4
-40
-8
-25
-61
1
-47
-71
9
-32
-45
-31
-80
-70
-16
12
-11
16
31
-40
-30
-2
22
58
23
20
-10
19
106
68
71
79
121
114
44
101
99
51
32
0
74
92
10
66
57
28
93
34
27
43
-15
-3
-2
38
69
70
51
-18
0
-3
-38
-66
-19
64
-20
-35
-13
-24
-55
-84
-10
-14
10
48
-39
-52
-30
-33
-26
-110
-76
-19
-126
-49
-54
-96
-7
-95
-41
-32
-71
1
-61
-54
34
117
89
-36
13
136
45
22
69
73
78
-57
-46
-26
-63
-2
38
21
-78
-23
50
73
45
-65
-56
-65
-63
-74
-63
-4
-34
-22
-42
-75
14
22
0
23
-6
16
-5
38
91
57
54
19
1
-27
-37
-51
-55
-51
15
-19
-27
61
20
64
103
65
35
-8
4
13
-17
86
100
-11
-5
-12
-34
-19
5
0
-60
-110
-72
19
-16
-13
33
13
10
-16
14
-15
-16
35
32
18
38
53
-1
-15
-34
32
73
17
66
36
0
0
-20
-5
-87
-56
7
-1
42
-13
-37
38
56
69
46
29
50
29
-22
54
98
39
93
86
7
-20
12
28
27
16
2
-5
6
53
29
-46
-80
-31
16
21
39
113
125
56
34
40
54
12
-45
-78
-90
-79
-71
-21
16
52
-15
3
71
39
2
-64
-21
-1
21
9
-34
39
22
-20
-58
-74
-9
35
46
73
49
-49
-30
44
93
37
0
4
-82
-58
-37
-64
-25
-29
-28
-12
23
59
19
-20
-73
-10
8
-19
24
-53
-65
12
11
-19
-38
-6
-5
-52
-20
-27
19
29
-83
-47
0
-5
0
-35
-34
50
22
2
42
-37
8
22
-10
1
-46
-8
-35
-87
-31
-4
-2
-12
21
90
44
-27
-42
2
15
-6
-18
-32
30
44
-17
-17
-74
-64
19
-28
-64
-86
-38
110
47
-36
86
60
-3
-41
-134
-29
46
12
-55
-44
92
70
55
24
-2
6
-43
19
49
21
-24
-24
56
17
-54
0
27
3
24
36
1
-22
-17
41
34
-24
46
63
20
-13
-47
-36
-36
-9
18
0
-12
-45
-89
-69
-17
20
42
-23
-56
3
48
24
-27
-13
-29
-7
42
30
42
-21
-63
-8
47
65
11
32
11
-56
-18
-59
-25
2
-18
29
23
12
-40
0
24
-36
8
45
30
35
6
-4
-4
20
87
52
55
59
50
58
-27
-12
36
15
55
10
-23
30
14
-29
-62
10
19
-8
6
-36
-20
-14
-11
23
10
10
2
-15
-38
-67
-15
37
-13
-43
-7
43
62
23
-10
-34
-72
-38
-23
-74
-21
5
4
-44
-95
8
-8
-76
-71
-120
-95
-16
-19
-24
-11
-41
-56
-31
-47
-48
-42
-35
-48
-68
-37
-55
-82
-92
0
44
-28
8
-27
-48
-17
-40
-24
19
21
-6
33
97
132
82
88
51
45
74
-5
15
0
20
71
34
-18
-53
-17
-8
-56
-11
-42
-108
-44
0
51
30
22
33
6
32
0
-12
19
0
-22
-30
-16
-14
-5
18
42
-9
-53
3
-29
4
50
-54
-40
-22
53
55
-27
40
-5
-16
-16
-29
33
-3
5
60
44
-2
-29
-8
-1
39
9
-85
-16
10
-24
2
-65
-106
-5
-29
-55
19
2
44
37
44
148
85
-6
-93
-39
62
72
66
8
67
44
33
79
33
0
-57
7
68
2
-53
-14
67
20
-24
-56
-78
-12
-30
-54
-14
30
19
-2
-14
-10
-1
-82
-26
71
61
-9
-46
32
6
-21
-19
-28
24
26
49
65
17
-6
3
-19
11
-1
-95
-73
-31
-65
-27
39
-1
26
92
89
44
2
64
79
0
40
52
10
3
-50
-44
3
26
-53
-68
-19
-1
30
-36
-27
-17
12
30
-37
-28
-15
20
5
-30
-82
-70
8
48
77
30
29
19
-69
-83
-38
-20
7
28
30
1
-35
-14
-47
-13
54
-5
51
116
50
-25
-14
30
-10
1
3
10
28
17
44
16
35
77
66
68
1
-14
-5
-66
-49
-45
-58
50
106
44
18
-45
-17
47
-19
9
-32
-112
-16
5
-43
-28
-29
-8
39
18
0
-10
9
43
2
-20
23
40
0
-8
-33
-28
26
-50
-51
47
26
11
-37
-82
-21
-25
-86
-29
-13
-13
71
-12
-46
4
0
9
-69
-27
27
-39
-79
-82
-33
3
69
60
34
36
34
64
-19
-15
28
51
84
-7
-8
-18
-41
31
27
31
65
62
-24
-31
84
64
-6
-5
9
11
-9
-54
3
93
68
38
-6
-75
-117
-74
9
-5
11
36
-14
-4
-45
-84
-29
-13
-5
-43
-41
-20
-57
-67
-66
-9
35
96
53
-48
-36
-77
-15
40
-20
18
13
-46
-6
70
74
70
10
-19
26
-11
22
12
-25
18
-13
-84
-49
5
-9
-3
-22
-44
-39
-3
3
-7
34
30
-33
-61
-5
-3
-18
63
43
-17
5
-12
-36
7
6
6
-21
-55
1
11
47
19
26
49
-51
2
31
5
61
27
63
66
12
114
122
64
0
-40
-21
-18
-8
-55
12
124
116
105
45
17
-32
-63
-14
-6
58
-10
-58
26
28
26
4
67
37
-83
-31
-13
2
29
-41
-42
5
22
18
-20
-33
-5
26
4
-17
53
23
-34
33
-9
-67
-17
-15
43
73
-17
-51
-89
-50
-26
-25
33
-39
-25
-1
-37
119
135
63
67
32
22
-28
-11
1
-27
-16
12
67
45
-46
-61
31
-16
-93
-88
-103
-90
-19
19
-66
-56
-44
-47
-53
-51
3
-63
-66
4
31
-21
-4
58
49
102
42
7
20
-17
-3
0
4
-26
-41
-10
4
29
61
13
21
54
22
-7
-70
34
103
36
2
22
50
-34
1
31
17
35
-7
74
56
-24
0
-56
-38
-31
-58
31
18
0
48
32
27
-3
13
15
-73
-33
-18
15
72
7
39
32
-44
-47
-60
-33
7
-78
-70
8
0
19
-18
-85
-38
100
142
33
-38
-3
69
42
-45
-35
-23
4
40
20
8
-42
-46
4
-59
-43
-11
-54
35
49
-31
-52
-10
37
27
67
114
101
59
39
57
19
0
73
118
85
57
-7
-61
15
18
-33
3
7
41
83
45
68
70
-33
-26
1
6
81
98
66
62
90
82
81
55
62
122
44
16
1
-79
-66
-50
-62
-43
-24
31
50
11
-8
-36
-44
-96
-89
-33
-51
-33
-17
-33
-8
4
28
38
-4
56
30
-58
7
-29
-51
59
5
-3
39
-25
-50
-33
-3
-17
-51
-13
-54
-79
-10
-28
-22
-19
15
-11
6
27
-13
52
58
49
-35
-46
-17
-54
-28
-17
20
16
9
55
47
-35
-67
-28
-70
-90
-57
-118
-107
-46
-38
-11
-77
-117
-118
-130
-96
-51
-39
-114
-82
-46
-68
-75
-102
-53
-97
-116
-103
-136
-65
-41
-7
-63
-155
-98
-61
-9
-38
-30
0
-26
5
-3
-30
-85
-66
-37
-2
0
-67
12
0
-11
0
24
55
-27
8
74
92
149
124
53
62
65
69
52
100
156
134
95
126
180
131
119
129
125
95
69
80
122
130
73
153
194
104
77
62
66
104
85
140
154
50
15
32
81
28
0
47
-4
-59
-20
-35
-3
34
-49
-10
-16
-66
-9
-17
-6
99
57
31
125
126
115
111
136
158
118
54
101
109
28
84
-19
-111
-41
-42
-43
-113
-159
-185
-296
-352
-349
-350
-432
-471
-475
-618
-640
-609
-583
-530
-637
-586
-465
-511
-540
-549
-467
-358
-314
-310
-317
-277
-237
-219
-108
-47
-43
-26
-19
124
201
186
211
214
207
232
308
303
327
343
321
401
467
454
395
411
434
427
450
475
471
468
503
469
426
439
402
417
489
434
404
422
329
333
392
330
374
361
190
222
220
129
157
150
181
197
159
161
210
163
104
217
248
295
248
65
120
178
156
120
110
119
101
84
3
-23
-54
-56
-2
-3
-4
-45
-43
17
-72
-70
-25
-105
-43
-36
-55
-26
-58
-99
-101
-55
-136
-278
-347
-342
-349
-396
-495
-649
-739
-866
-1037
-1106
-1193
-1219
-1252
-1409
-1443
-1510
-1550
-1562
-1666
-1605
-1554
-1590
-1549
-1506
-1404
-1305
-1261
-1086
-959
-959
-792
-593
-436
-268
-205
-30
66
132
426
508
588
715
747
839
933
1066
1136
1225
1245
1205
1283
1339
1293
1232
1222
1178
1125
1109
1108
1051
964
936
896
785
623
540
520
389
306
320
232
194
259
207
168
196
202
179
173
211
199
225
269
306
338
289
356
408
350
415
400
348
385
416
458
412
371
288
220
304
245
153
111
65
-9
-70
-70
-137
-186
-247
-263
-233
-239
-223
-186
-232
-269
-236
-243
-262
-230
-148
-84
-62
-83
-10
147
219
224
182
192
296
343
310
345
439
445
431
421
390
359
297
287
202
174
208
131
150
133
107
66
-42
-62
-104
-140
-210
-279
-290
-295
-324
-373
-399
-501
-517
-498
-512
-494
-577
-593
-601
-733
-844
-920
-967
-1033
-1081
-1058
-1206
-1396
-1451
-1579
-1697
-1791
-1871
-1984
-2072
-2030
-2113
-2160
-2127
-2120
-2077
-2157
-2094
-1877
-1781
-1662
-1467
-1291
-1147
-913
-684
-494
-270
-122
94
420
715
1000
1156
1329
1578
1657
1797
1908
1991
2224
2348
2509
2555
2493
2659
2674
2544
2528
2499
2412
2407
2360
2216
2114
2021
1936
1714
1493
1301
985
793
646
431
320
148
-47
-172
-369
-563
-693
-788
-905
-924
-872
-834
-871
-920
-844
-862
-713
-537
-419
-168
-108
5
187
282
480
617
618
674
797
910
965
1042
1016
895
891
865
895
807
596
556
456
439
400
246
122
-12
-83
-194
-231
-298
-397
-441
-526
-510
-576
-698
-658
-720
-803
-791
-824
-817
-838
-726
-697
-811
-686
-754
-822
-671
-652
-631
-507
-395
-352
-245
-213
-212
-79
-55
-63
64
56
27
185
208
91
-32
-242
-347
-360
-543
-601
-674
-953
-1196
-1416
-1554
-1844
-2109
-2280
-2563
-2704
-2802
-2903
-2935
-2969
-3037
-3102
-3176
-3166
-3095
-2954
-2653
-2448
-2316
-2059
-1765
-1575
-1276
-943
-653
-272
63
444
871
1261
1585
1896
2165
2447
2791
3008
3305
3586
3734
3962
4131
4238
4291
4367
4455
4355
4278
4188
4112
4072
3928
3786
3480
3170
2912
2617
2394
1982
1587
1325
1056
759
347
109
-144
-479
-688
-885
-1076
-1261
-1389
-1473
-1574
-1628
-1659
-1692
-1683
-1583
-1439
-1321
-1204
-1019
-924
-865
-670
-546
-409
-312
-262
-79
146
283
430
530
461
506
546
564
666
638
520
421
430
336
267
273
95
84
-63
-266
-222
-407
-561
-520
-525
-605
-717
-854
-989
-965
-996
-1082
-1032
-1108
-1170
-1086
-1110
-1130
-1120
-1076
-1034
-1027
-976
-918
-816
-757
-665
-585
-525
-368
-303
-301
-258
-191
-113
-37
-15
82
217
217
200
174
159
117
85
69
-37
-58
-101
-212
-325
-491
-688
-906
-1084
-1248
-1347
-1541
-1769
-1898
-2140
-2300
-2364
-2493
-2590
-2672
-2751
-2778
-2630
-2494
-2398
-2215
-2115
-1962
-1787
-1631
-1365
-1077
-720
-380
-105
237
476
834
1271
1522
1838
2139
2434
2776
3045
3313
3577
3761
3858
4018
4189
4260
4368
4382
4380
4407
4356
4265
4155
3950
3663
3471
3203
2904
2595
2319
2113
1796
1470
1078
685
367
49
-251
-581
-876
-1079
-1247
-1391
-1562
-1708
-1726
-1733
-1853
-1915
-1905
-1854
-1686
-1557
-1466
-1330
-1227
-1101
-932
-792
-648
-504
-340
-194
-62
95
179
268
292
240
231
245
311
319
290
260
167
68
-76
-169
-275
-423
-455
-580
-657
-725
-924
-957
-1073
-1295
-1347
-1425
-1518
-1527
-1566
-1652
-1621
-1667
-1676
-1617
-1663
-1582
-1551
-1409
-1179
-1102
-1061
-909
-715
-642
-500
-335
-171
30
165
349
522
662
871
1013
1054
1136
1242
1250
1285
1317
1353
1441
1351
1184
1056
919
845
711
465
310
103
-206
-446
-644
-860
-1116
-1356
-1546
-1796
-2081
-2275
-2438
-2570
-2721
-2842
-2943
-2972
-2865
-2768
-2616
-2490
-2341
-2256
-2099
-1691
-1455
-1182
-796
-501
-164
182
590
1064
1376
1647
1937
2198
2537
2801
3108
3465
3619
3830
4002
4007
4102
4128
4139
4126
3987
3954
3886
3717
3544
3347
3109
2757
2432
2149
1819
1538
1203
839
511
158
-154
-459
-756
-1076
-1315
-1481
-1707
-1883
-2090
-2274
-2260
-2270
-2358
-2349
-2368
-2351
-2169
-2020
-1880
-1771
-1647
-1436
-1229
-1033
-879
-615
-368
-311
-130
68
174
373
455
561
687
687
679
708
709
615
594
522
405
418
327
157
91
-64
-277
-398
-477
-614
-732
-808
-903
-943
-1047
-1144
-1142
-1229
-1283
-1291
-1305
-1273
-1151
-1020
-956
-778
-709
-660
-522
-470
-316
-72
47
139
372
633
798
966
1092
1159
1283
1425
1568
1689
1898
2079
2010
1939
1860
1705
1514
1425
1379
1233
1160
920
576
304
-31
-427
-837
-1192
-1534
-1848
-2059
-2309
-2593
-2778
-2973
-3275
-3526
-3672
-3813
-3812
-3725
-3598
-3422
-3266
-3112
-2877
-2654
-2504
-2287
-1964
-1552
-1178
-778
-284
150
544
903
1192
1468
1794
2205
2633
2943
3222
3568
3802
3999
4140
4140
4143
4117
4097
4134
4122
4117
4047
3799
3579
3332
2928
2546
2204
1949
1701
1270
904
583
227
-115
-534
-871
-1140
-1367
-1574
-1762
-1852
-1860
-1930
-2141
-2189
-2252
-2290
-2163
-2087
-1844
-1677
-1553
-1304
-1142
-989
-822
-654
-490
-216
2
127
362
553
681
766
823
821
787
827
813
793
801
807
720
576
447
233
138
-36
-282
-390
-532
-665
-739
-852
-949
-999
-1185
-1348
-1412
-1510
-1487
-1397
-1438
-1408
-1262
-1202
-1135
-1087
-1143
-1077
-896
-667
-419
-218
-46
164
320
414
549
591
693
861
992
1222
1409
1545
1681
1727
1718
1572
1466
1360
1223
1243
1213
1139
1049
848
604
260
-149
-487
-872
-1236
-1397
-1528
-1752
-1955
-2175
-2520
-2877
-3191
-3430
-3529
-3534
-3486
-3424
-3294
-3133
-3028
-2959
-2860
-2746
-2663
-2422
-1983
-1545
-1064
-579
-172
166
366
659
913
1142
1532
1874
2309
2736
2999
3294
3494
3523
3527
3573
3638
3711
3846
3904
3952
3999
3823
3538
3316
3092
2785
2553
2381
2238
2107
1852
1613
1425
1024
605
239
-154
-384
-580
-636
-661
-855
-1033
-1172
-1353
-1628
-1867
-1996
-2009
-1900
-1721
-1524
-1346
-1256
-1234
-1174
-1078
-1022
-874
-640
-524
-240
121
206
337
388
407
457
358
385
384
457
568
621
699
527
367
213
-21
-114
-173
-164
-182
-275
-334
-500
-611
-762
-1021
-1092
-1197
-1226
-1172
-1194
-1061
-1076
-1152
-1143
-1302
-1383
-1369
-1295
-1231
-1083
-759
-647
-549
-521
-486
-262
-264
-146
62
210
538
713
803
962
1017
1049
1073
1017
1005
1093
1223
1305
1253
1157
957
649
433
163
-69
-249
-516
-682
-857
-1095
-1295
-1583
-1972
-2288
-2544
-2740
-2836
-2848
-2845
-2886
-2895
-2930
-2907
-2781
-2752
-2654
-2411
-2203
-1966
-1617
-1212
-821
-507
-296
-92
138
339
736
1129
1457
1924
2181
2409
2645
2772
2920
3045
3205
3299
3405
3554
3658
3695
3641
3568
3454
3250
3048
2906
2764
2635
2507
2361
2176
1883
1598
1343
952
608
319
76
-15
-247
-477
-646
-816
-888
-1102
-1373
-1492
-1442
-1473
-1514
-1354
-1294
-1238
-1162
-1205
-1192
-1082
-906
-755
-630
-446
-182
-30
81
217
187
248
299
231
406
544
489
632
721
674
573
407
224
38
-5
11
17
-66
-49
-58
-349
-528
-687
-871
-960
-1041
-983
-965
-981
-929
-1002
-1156
-1243
-1307
-1374
-1401
-1346
-1231
-1102
-993
-935
-837
-804
-829
-826
-730
-547
-367
-116
103
277
431
573
569
501
514
466
657
900
982
1088
1062
928
681
418
229
-20
-179
-261
-434
-527
-528
-683
-1000
-1345
-1684
-1996
-2150
-2175
-2190
-2056
-1974
-1984
-2020
-2111
-2069
-2072
-2027
-1867
-1750
-1548
-1235
-888
-630
-526
-466
-352
-226
-32
278
583
907
1311
1663
1881
1952
2003
2120
2207
2326
2441
2639
2942
3073
3186
3271
3157
3008
2881
2775
2630
2603
2677
2561
2361
2198
2003
1729
1491
1325
1036
716
591
419
221
101
-43
-149
-395
-594
-652
-763
-797
-734
-717
-756
-724
-666
-725
-775
-743
-725
-692
-609
-437
-286
-239
-113
-26
-92
-95
-95
-89
41
152
148
156
176
30
-25
-17
-228
-294
-189
-202
-311
-405
-490
-601
-748
-800
-782
-929
-976
-912
-932
-931
-979
-1044
-1060
-1135
-1225
-1210
-1173
-1111
-979
-899
-889
-850
-858
-962
-862
-787
-765
-522
-470
-357
-118
-72
42
95
49
-7
43
177
277
481
658
762
745
570
389
287
186
88
-18
-60
-24
-185
-302
-396
-637
-891
-1176
-1299
-1317
-1406
-1393
-1329
-1449
-1491
-1487
-1528
-1473
-1499
-1531
-1387
-1148
-962
-751
-571
-480
-372
-291
-258
-171
102
368
625
864
1024
1230
1299
1355
1512
1587
1720
1927
2049
2239
2443
2478
2507
2500
2366
2314
2320
2268
2204
2185
2123
2025
1930
1728
1506
1315
1213
1072
899
875
846
804
654
456
389
259
100
52
-3
-51
-6
-8
-165
-308
-262
-310
-468
-442
-388
-384
-319
-257
-187
-132
-220
-306
-251
-170
-194
-165
-12
48
16
-62
-82
-138
-233
-275
-324
-283
-291
-413
-463
-460
-600
-682
-648
-680
-727
-637
-527
-615
-421
-322
-472
-468
-599
-629
-682
-566
-400
-472
-329
-433
-589
-632
-696
-605
-606
-549
-574
-647
-495
-434
-451
-443
-627
-844
-982
-973
-747
-591
-551
-678
-906
-1124
-1393
-1498
-1438
-1321
-1295
-1388
-1472
-1507
-1477
-1475
-1573
-1775
-1857
-1809
-1607
-1207
-853
-702
-759
-896
-1092
-1113
-836
-463
-55
195
222
282
304
337
469
510
563
694
841
1103
1470
1753
1847
1680
1480
1345
1316
1561
1899
2185
2171
1992
1858
1689
1496
1364
1382
1327
1241
1232
1204
1226
1220
1047
847
666
477
477
606
767
936
874
708
700
696
644
710
814
902
897
854
854
853
874
750
687
695
676
756
717
662
643
536
499
470
446
492
364
249
255
114
9
31
-12
-158
-278
-333
-381
-387
-392
-449
-593
-717
-760
-775
-679
-587
-648
-672
-583
-535
-458
-335
-349
-444
-592
-652
-485
-316
-2
220
47
-131
-374
-596
-570
-392
-249
-255
-166
-242
-409
-330
-281
-494
-909
-1317
-1684
-1683
-1221
-843
-769
-1105
-1770
-2434
-2948
-3102
-2928
-2598
-2496
-2673
-2844
-3096
-3179
-3154
-3375
-3563
-3625
-3483
-2890
-2174
-1559
-1207
-1375
-1863
-2191
-2000
-1271
-196
772
1293
1453
1225
962
1015
1256
1714
2085
2322
2549
2817
3133
3176
2966
2556
2082
1878
2104
2612
3101
3383
3104
2363
1637
1059
881
1104
1457
1706
1599
1220
735
316
98
-23
-174
-277
-232
-78
156
345
277
-14
-341
-446
-209
164
678
1163
1323
1261
1100
982
970
1221
1591
1829
2051
2080
1932
1745
1531
1388
1314
1300
1296
1363
1385
1270
1010
670
438
206
44
-25
-204
-306
-275
-314
-478
-786
-1055
-1275
-1357
-1272
-1157
-909
-875
-990
-1079
-1194
-1059
-756
-534
-517
-531
-497
-488
-315
123
513
620
492
252
59
38
261
504
645
641
555
484
310
48
-339
-947
-1655
-2058
-1876
-1378
-1013
-1077
-1823
-3096
-4254
-4984
-5048
-4453
-3887
-3635
-3884
-4571
-5115
-5390
-5545
-5605
-5513
-5255
-4543
-3534
-2659
-2069
-2021
-2498
-3018
-2867
-1932
-378
1264
2278
2603
2246
1646
1612
2144
2931
3780
4321
4508
4666
4783
4772
4656
4286
3788
3479
3554
3949
4365
4521
4151
3136
1958
1226
1124
1433
1821
1915
1489
793
97
-449
-648
-576
-606
-661
-655
-651
-533
-450
-494
-700
-951
-935
-661
-133
538
1012
1103
982
719
672
1024
1408
1901
2317
2472
2475
2401
2235
1980
1916
1937
1869
1948
2043
1990
1864
1466
1009
662
432
409
361
272
176
-42
-256
-391
-661
-907
-980
-1053
-1046
-972
-930
-987
-1061
-995
-867
-715
-670
-725
-851
-952
-754
-376
111
542
677
524
163
-30
83
316
586
774
813
783
814
805
606
28
-1019
-2113
-2668
-2293
-1347
-691
-996
-2456
-4423
-6097
-6902
-6536
-5535
-4690
-4589
-5476
-6646
-7447
-7707
-7540
-7275
-6884
-6458
-5820
-4732
-3671
-2998
-3082
-3794
-4272
-3901
-2251
191
2267
3277
2962
1859
979
1089
2487
4447
5965
6438
5784
4941
4566
4658
5124
5531
5508
5095
4744
4708
4913
5103
4853
3961
2710
1900
1858
2396
3017
3109
2384
1084
-61
-691
-530
149
538
460
-161
-972
-1339
-1122
-578
-307
-311
-457
-713
-651
-97
547
1047
1319
1047
785
876
1294
2081
2471
2539
2590
2425
2395
2472
2532
2495
2204
1979
1887
1799
1813
1808
1575
1070
533
185
-12
4
185
159
-20
-155
-397
-527
-605
-816
-929
-978
-792
-251
320
638
594
21
-665
-841
-610
102
1004
1436
1266
618
34
-79
224
644
739
434
-148
-503
-207
555
1014
428
-1147
-3240
-4561
-4229
-2673
-1002
-766
-2583
-5494
-8049
-9006
-8014
-6168
-4877
-5197
-7179
-9444
-10450
-9805
-8262
-6943
-6730
-7377
-7911
-7552
-6039
-4099
-3049
-3341
-4209
-4519
-3183
-498
2156
3573
3009
1314
47
539
3094
6054
7699
7259
5320
3445
3021
4388
6332
7609
7468
5862
4109
3451
4070
5283
5997
5461
3922
2460
1946
2457
3358
3739
3037
1629
333
-119
513
1540
2036
1535
315
-743
-986
-324
762
1483
1366
657
12
-60
615
1597
2378
2593
2144
1590
1411
1891
2625
3072
3213
2966
2585
2312
2259
2421
2559
2390
1977
1690
1575
1522
1385
1005
386
-174
-384
-307
-113
-109
-403
-884
-1288
-1356
-1131
-756
-569
-591
-666
-668
-372
95
373
311
109
-37
81
658
1412
1703
1465
903
269
207
688
1161
1220
726
-39
-445
-233
295
523
-290
-2215
-4250
-4882
-3741
-1913
-976
-2070
-5015
-8313
-10315
-10009
-7652
-5171
-4594
-6566
-9918
-12510
-12821
-10892
-8173
-6419
-6507
-7859
-9122
-9027
-7232
-4929
-3397
-3084
-3489
-3317
-1926
240
2039
2711
2180
1157
1324
3134
5760
7715
7513
5631
3556
2878
4300
6871
9016
9140
6956
3847
1861
2159
4314
6807
7574
6104
3337
879
189
1138
2785
3859
3590
2153
443
-440
-197
729
1353
1184
570
62
147
689
1205
1307
949
677
860
1374
2148
2879
3020
2529
1977
1968
2646
3673
4323
4147
3510
2889
2557
2674
3268
3855
3745
2951
1982
1261
1055
1335
1605
1488
909
167
-439
-878
-1061
-1005
-807
-697
-729
-794
-1026
-1410
-1698
-1669
-1248
-651
76
611
523
-14
-663
-823
-215
713
1553
2097
2028
1488
849
437
316
471
896
1325
1761
1706
932
-386
-2169
-3582
-3653
-2252
-686
-400
-1942
-4954
-8037
-9778
-9286
-6956
-4748
-4439
-6644
-10216
-12824
-13121
-11266
-8599
-6837
-6937
-8493
-10121
-10460
-8974
-6693
-4895
-4260
-4548
-4596
-3727
-2047
-350
587
651
392
655
2032
4154
5695
5735
4606
3352
3166
4473
6570
8132
7947
6163
3974
2745
3267
5070
6917
7320
5763
3140
1060
795
2014
3716
4759
4232
2443
418
-777
-623
656
2094
2597
1994
761
-189
-344
107
1011
1948
2418
2366
2033
1649
1579
1890
2392
2962
3458
4022
4315
4019
3530
3115
3062
3491
4137
4721
4738
4049
2890
1846
1690
2317
3021
3159
2620
1685
744
65
-102
243
527
495
74
-460
-765
-957
-1124
-1350
-1441
-1202
-680
-192
-27
-241
-815
-1380
-1504
-878
238
1076
1234
750
158
-82
-27
175
352
547
866
1022
1003
709
-249
-1864
-3630
-4226
-3049
-1027
79
-1216
-4528
-8110
-10174
-9767
-7260
-4443
-3638
-5931
-10197
-13666
-14112
-11604
-8074
-5923
-6303
-8498
-10786
-11497
-9942
-6939
-4461
-3801
-4798
-5794
-5204
-3189
-843
562
576
-174
-492
603
2923
5297
6210
5102
3119
2102
3163
5734
8215
8866
7297
4848
2967
3006
5050
7520
8647
7256
4079
1483
972
2423
4603
5820
5137
2980
438
-1094
-471
1505
3263
3566
2005
-130
-1509
-1376
-62
1399
2440
2568
1746
703
237
648
1718
2644
3096
3365
3538
3541
3158
2733
2676
3126
3902
4471
4839
4663
3869
2809
1959
2121
3113
3942
3853
2881
1502
410
-28
298
1147
1774
1609
471
-768
-1250
-964
-429
-159
-118
-246
-282
-285
-315
-180
-147
-197
-398
-446
189
1012
1350
911
252
-27
64
382
432
402
319
-20
-153
35
351
191
-1222
-3362
-4660
-4103
-2344
-1099
-1596
-3870
-6821
-9316
-10071
-8509
-5972
-4530
-5968
-9504
-12465
-13292
-11715
-9105
-7258
-7084
-8595
-10664
-11555
-10101
-6962
-4363
-3790
-4847
-5985
-5773
-4150
-1836
103
1001
726
-272
-411
1119
3461
4934
4755
3475
2486
2928
4433
6154
7043
6529
4973
3247
2839
4289
6451
7613
6673
4405
2419
1731
2548
4206
5652
5612
3795
1316
-198
359
2261
3997
4337
3048
1160
-293
-492
675
2539
3804
3618
2392
1006
513
1099
2256
3473
4131
4063
3484
2860
2731
3025
3490
3936
4314
4524
4444
4025
3324
2816
2641
2843
3419
3796
3567
2684
1420
448
208
805
1654
1919
1433
372
-741
-1218
-761
144
883
814
-45
-874
-1164
-671
167
711
677
-34
-831
-1111
-730
181
750
399
-471
-1145
-1118
-610
-227
-289
-804
-1418
-1621
-1279
-540
-238
-1294
-3379
-5185
-5286
-3532
-1669
-1400
-3200
-6313
-9128
-10448
-9387
-6534
-4275
-4713
-8091
-11921
-13688
-12710
-9888
-7122
-5832
-6777
-9372
-11574
-11360
-8633
-5330
-3324
-3301
-4418
-5268
-5103
-3673
-1472
511
1452
959
186
518
1980
3487
4054
3874
3616
3900
4635
5535
6415
6616
5807
4527
3878
4726
6543
7921
7679
5903
3969
2837
3029
4460
6254
7189
6107
3371
872
324
1784
3873
5085
4628
2781
609
-803
-531
1203
3098
3854
2991
1270
-81
-80
1011
2466
3643
3837
3161
2089
1471
1791
2709
3783
4315
4223
3783
3050
2419
2341
2727
3215
3549
3474
2915
2047
1373
1141
1121
1239
1315
1178
826
354
5
-148
-113
-155
-368
-637
-743
-492
-264
-129
-216
-655
-1223
-1834
-1886
-1229
-310
206
-333
-1348
-2263
-2830
-2519
-1424
22
791
24
-1793
-3612
-3956
-2590
-693
821
987
-787
-3786
-6335
-6550
-3979
-794
325
-1518
-5233
-8693
-10193
-9075
-6132
-3396
-3155
-6232
-10555
-13038
-12151
-8836
-5846
-4840
-5933
-8496
-10685
-10800
-8282
-4582
-2345
-2760
-4843
-6097
-5253
-3123
-838
651
1103
492
-421
-144
1675
4078
5130
4294
3029
2832
4160
6013
7151
7229
6394
4958
3996
4510
6479
8650
8935
6923
4446
3186
3617
5279
6988
7692
6711
4204
1687
725
2048
4288
5323
4659
2756
828
-116
147
1431
2764
3162
2200
682
3
529
1600
2331
2388
1868
1317
1281
1890
2681
3159
3169
2650
2191
2340
2904
3419
3523
3000
2225
1827
2117
2837
3262
2932
1908
835
213
383
1132
1812
1873
921
-512
-1574
-1640
-788
72
391
-3
-1068
-2110
-2637
-2366
-1300
-356
-337
-1119
-1993
-2378
-2286
-1805
-1193
-769
-844
-1535
-2064
-1912
-1346
-1033
-1482
-2282
-2556
-2192
-1601
-1109
-1089
-1719
-3179
-4922
-5449
-4105
-1960
-1038
-2392
-5090
-7582
-8754
-8169
-6261
-4138
-3521
-5487
-8961
-11389
-11144
-8864
-6447
-5295
-5664
-7281
-9127
-9813
-8579
-5899
-3615
-3163
-4153
-4935
-4454
-3109
-1598
-235
701
938
730
927
2123
3864
4916
4670
3829
3626
4629
6024
7039
7397
6957
6083
5180
5104
6341
8047
8742
7655
5717
4322
4222
5111
6216
6919
6640
5101
2868
1409
1719
3294
4709
4820
3452
1540
158
-222
504
1793
2891
3098
2061
596
-216
56
1224
2553
3372
3538
3050
2099
1363
1522
2698
4118
4819
4530
3559
2442
1816
2043
2930
3888
4194
3394
1839
561
325
1110
1916
1976
1230
-79
-1270
-1776
-1409
-588
-153
-628
-1812
-2980
-3338
-2810
-2016
-1470
-1559
-2284
-3018
-3132
-2784
-2197
-1628
-1625
-2004
-2532
-2587
-2080
-1646
-1394
-1557
-1720
-1591
-1505
-1593
-1899
-2057
-1955
-1842
-1661
-1384
-1176
-1819
-3479
-4859
-4812
-3371
-2068
-2152
-3451
-5239
-6936
-8120
-7826
-5902
-4087
-4359
-6781
-9280
-10230
-9578
-8125
-6629
-5560
-5677
-7099
-8607
-8547
-6570
-4199
-2961
-3031
-3414
-3218
-2548
-1394
209
1751
2410
1960
1717
2683
4554
6090
6421
5950
5488
5628
6318
7206
8109
8542
7966
6692
5880
6313
7601
8607
8324
7028
5614
4699
4585
5009
5692
5956
5164
3671
2241
1795
2256
2681
2695
2186
1520
998
518
336
580
894
935
789
684
865
1221
1279
1155
1286
1677
2164
2430
2436
2504
2456
2392
2400
2545
2885
2876
2688
2450
2224
2210
2063
1852
1534
1076
727
511
393
201
-235
-765
-1143
-1388
-1547
-1683
-1855
-2169
-2531
-2856
-2995
-2772
-2388
-2247
-2535
-2973
-3318
-3247
-2847
-2351
-1897
-1792
-1940
-2241
-2419
-2211
-1774
-1332
-1207
-1333
-1410
-1353
-1303
-1511
-1795
-1837
-1627
-1455
-1413
-1245
-1339
-2212
-3714
-4843
-4429
-2848
-1775
-2169
-3657
-5625
-7421
-8439
-7809
-5620
-3758
-4033
-6547
-9153
-10124
-9450
-7882
-6298
-5125
-4936
-6124
-7514
-7267
-5208
-3003
-2150
-2231
-2021
-1099
12
993
2091
3219
3584
3126
3293
4837
6962
8023
7412
6300
5762
6166
7088
8111
8985
9021
7901
6126
5163
5776
7113
7914
7359
6041
4851
4062
3916
4374
4967
5051
4167
2645
1546
1463
2104
2644
2430
1703
1002
518
334
435
776
1164
1198
789
487
788
1370
1716
1585
1358
1519
2027
2415
2591
2836
2918
2603
2032
1954
2510
2957
2820
2112
1399
983
705
473
366
355
25
-768
-1585
-2040
-2090
-2152
-2451
-2645
-2721
-2826
-3086
-3445
-3549
-3450
-3385
-3386
-3216
-2781
-2618
-2877
-3209
-3342
-2964
-2310
-1951
-1888
-1963
-2115
-2128
-2031
-1746
-1184
-797
-952
-1397
-1508
-1065
-527
-683
-1430
-1795
-1594
-1168
-820
-625
-674
-1554
-3360
-4932
-4772
-2971
-1435
-1789
-3574
-5318
-6542
-7249
-7107
-5839
-4246
-4196
-6114
-7995
-7976
-6595
-5511
-5431
-5529
-5199
-5008
-4788
-3833
-1984
-470
-771
-2011
-2196
-415
2199
3960
4640
4509
3914
3099
3025
4755
7397
9052
8535
6689
5329
5320
6262
7400
8190
8243
7296
5621
4573
4845
5893
6710
6338
5008
3628
2955
3156
3648
4020
4027
3280
2097
1039
707
1343
1940
1950
1525
818
381
227
151
366
737
1064
1148
1018
1060
1169
1063
905
1080
1624
2293
2578
2390
1999
1459
1131
1169
1666
2310
2281
1616
668
-188
-512
-512
-382
-92
-240
-1028
-1917
-2574
-2775
-2711
-2655
-2626
-2712
-2858
-3041
-3375
-3517
-3301
-3061
-3101
-3260
-3052
-2636
-2446
-2435
-2459
-2333
-2237
-2293
-2255
-1965
-1373
-1032
-1246
-1623
-1848
-1681
-1302
-1120
-1011
-828
-1064
-1657
-1836
-1405
-716
-636
-1568
-2576
-2815
-2363
-1743
-1342
-1132
-1524
-3029
-4988
-5722
-4200
-1957
-1160
-2142
-3859
-5195
-6065
-6284
-5124
-3018
-1699
-2599
-4692
-5571
-4675
-3238
-2511
-2292
-1851
-1505
-1657
-1509
-104
1748
2444
1475
310
712
2423
4185
5305
5900
5971
5050
3710
3513
5043
7065
7924
7327
6242
5621
5403
5252
5404
5803
6060
5765
4892
4305
4492
4769
4372
3478
2738
2541
2704
2664
2413
2302
2101
1551
838
325
435
817
829
421
80
262
470
159
-365
-548
-284
24
88
142
465
771
519
-90
-358
-83
445
760
677
639
693
396
-70
-394
-384
-226
-342
-444
-461
-540
-757
-1357
-1863
-1834
-1709
-1613
-1620
-1788
-2030
-2453
-2821
-2742
-2219
-1887
-1966
-2220
-2581
-2778
-2712
-2374
-1775
-1260
-1314
-2004
-2645
-2684
-2119
-1390
-1014
-1005
-1301
-1864
-2354
-2348
-1718
-792
-379
-766
-1383
-1871
-1998
-1786
-1397
-909
-697
-857
-1202
-1371
-1231
-1256
-1583
-1809
-1505
-903
-462
-271
-418
-1067
-2147
-2939
-2580
-1108
240
210
-904
-1964
-2469
-2561
-2313
-1500
-544
-454
-1257
-1942
-1544
-446
0
-524
-1290
-1372
-677
319
1416
2435
2622
1479
-53
-421
977
2984
4331
4650
4170
3349
2536
2276
3193
4714
5465
5172
4449
4312
4882
5171
4946
4665
4457
4146
3896
4029
4589
5058
4625
3355
2184
1836
2089
2320
2286
2007
1583
1110
558
83
-36
54
-35
-597
-1140
-1021
-422
86
-69
-734
-1320
-1572
-1596
-1488
-1030
-351
23
-315
-1100
-1672
-1755
-1644
-1505
-1210
-921
-815
-1027
-1429
-1715
-1858
-1839
-1655
-1460
-1343
-1353
-1452
-1428
-1451
-1541
-1540
-1506
-1333
-1307
-1436
-1524
-1529
-1242
-1141
-1311
-1538
-1624
-1634
-1882
-1880
-1612
-1323
-1106
-1164
-1456
-1703
-1835
-1937
-1800
-1455
-1061
-812
-807
-866
-1110
-1522
-1693
-1372
-740
-204
-102
-371
-571
-563
-597
-633
-390
78
355
218
23
222
793
1119
728
52
-79
410
1078
1743
2287
2354
1529
160
-811
-480
1062
2489
2767
1788
374
-647
-1016
-662
93
676
484
-466
-1351
-1424
-861
-364
-381
-1033
-1758
-2023
-1642
-470
780
1291
719
-502
-1133
-668
476
1639
2411
2760
2674
2353
2154
2507
3185
3348
2993
2650
3073
4065
4659
4557
3747
2804
2214
2080
2328
2778
3204
2938
2069
1093
406
329
496
356
-206
-774
-1057
-963
-697
-743
-1074
-1654
-2441
-2957
-2883
-2218
-1401
-911
-1053
-1667
-2173
-2344
-2143
-1763
-1368
-1063
-898
-733
-677
-661
-612
-738
-983
-1156
-1021
-534
132
635
497
-26
-597
-938
-878
-705
-324
109
249
49
-331
-541
-685
-750
-821
-1051
-1078
-936
-755
-601
-607
-793
-1132
-1607
-1907
-1701
-1214
-765
-494
-449
-606
-937
-1322
-1356
-951
-437
-55
116
339
598
454
-14
-378
-243
197
690
1259
1661
1665
1180
435
73
496
1207
1658
1763
1594
1517
1516
1571
1887
2072
1704
863
468
1116
2322
3166
2995
1994
509
-911
-1510
-777
1046
2325
1707
-294
-2218
-2860
-2387
-1950
-1834
-1946
-2346
-2839
-3126
-2712
-1976
-1831
-2776
-4165
-4371
-3114
-1263
121
546
208
-647
-1387
-1266
-44
1532
2480
2424
2085
2288
2790
3157
3045
2580
2074
1796
1923
2611
3712
4124
3194
1274
-267
-383
326
1085
1396
1257
821
-77
-1016
-1457
-1245
-775
-809
-1275
-1473
-1058
-530
-660
-1085
-1349
-1540
-1581
-1579
-1245
-482
-8
-209
-809
-1111
-872
-598
-571
-587
-425
-145
95
185
283
303
-13
-480
-691
-282
356
758
768
514
202
-232
-470
-392
2
380
170
-146
-221
-145
-76
-281
-296
-150
-178
-281
-522
-446
-95
100
89
-125
-176
-13
78
14
19
141
303
359
199
250
498
676
663
465
428
521
593
716
931
1183
1191
878
523
354
453
639
864
1237
1433
1142
562
177
354
639
722
845
969
1224
1295
1069
1075
1205
1155
714
176
335
1229
2094
2389
2026
1069
-249
-1677
-2474
-1787
-247
744
231
-1591
-3348
-4265
-4585
-4642
-4468
-4217
-4236
-4491
-4535
-4131
-3654
-3771
-4676
-5502
-5289
-4058
-2262
-551
558
756
-297
-1618
-1790
-597
1452
2859
3173
3221
3107
2923
2666
2619
2816
2666
2113
1665
1992
3078
3723
3210
1824
271
-667
-955
-602
349
1252
1522
847
-334
-1039
-1169
-1101
-1005
-841
-374
247
737
945
875
506
-141
-729
-795
-83
1033
1840
2040
1675
969
301
-179
-266
-2
456
987
1245
1233
955
568
149
-196
-233
-90
294
761
1076
1247
1155
872
553
245
-16
-122
16
494
1090
1325
1092
461
-262
-803
-1038
-695
-68
379
411
-7
-478
-652
-532
-428
-526
-747
-798
-543
-98
337
640
640
163
-492
-875
-652
60
834
1218
1179
869
359
6
-131
39
449
666
708
584
360
232
22
-233
-190
-27
-72
-302
-483
-366
-128
34
134
52
-206
-499
-571
-207
425
836
668
-20
-696
-842
-347
305
475
92
-1049
-2629
-3628
-3450
-2375
-1525
-1835
-3331
-4895
-5615
-5439
-4812
-4435
-4601
-5187
-5543
-5241
-4225
-2867
-2159
-2369
-3157
-3659
-2908
-1065
958
2416
2812
2179
1449
1431
2305
3587
4405
4436
3908
3551
3753
4179
4552
4416
3455
2020
895
717
1604
2698
2843
1906
443
-643
-983
-911
-492
59
191
-155
-578
-561
-17
595
739
378
10
-27
402
1144
1923
2405
2450
2126
1506
1144
1386
1902
2226
2307
2128
1887
1778
1520
1315
1173
985
810
602
598
722
859
876
750
616
397
162
14
54
235
371
318
223
161
30
-156
-506
-807
-991
-1273
-1429
-1403
-1246
-1106
-1445
-2032
-2440
-2700
-2662
-2354
-2010
-1663
-1545
-1803
-2144
-2166
-1818
-1374
-975
-664
-405
-164
-28
88
374
560
598
659
725
1007
1343
1487
1357
1063
852
679
599
644
812
875
612
250
-24
-141
-264
-514
-661
-599
-372
-150
-236
-468
-711
-1009
-1248
-1193
-720
-227
-63
-249
-520
-622
-641
-865
-1295
-1568
-1509
-1138
-772
-567
-657
-1288
-2454
-3716
-4177
-3528
-2277
-1421
-1542
-2317
-3162
-3554
-3439
-2960
-2262
-1822
-1751
-1639
-1113
-5
1056
1332
1012
658
737
1359
2347
3459
4371
4587
3902
3083
2718
2929
3358
3459
3236
2815
2458
2106
1784
1664
1575
1205
530
-150
-369
58
433
435
229
-58
-238
-408
-361
116
689
1024
1013
857
880
1104
1386
1647
1911
2024
1779
1404
1247
1619
2225
2347
1922
1268
792
621
571
621
795
893
598
35
-342
-452
-412
-487
-731
-899
-1004
-1032
-1007
-992
-1057
-1345
-1718
-2050
-2169
-1860
-1524
-1479
-1691
-1998
-2132
-2246
-2305
-2195
-2091
-2058
-2128
-2110
-1863
-1523
-1345
-1318
-1334
-1289
-1111
-912
-494
6
346
576
585
565
720
970
1157
1328
1700
2099
2183
1902
1480
1393
1532
1641
1719
1568
1319
1052
757
514
363
224
-45
-369
-458
-374
-298
-278
-396
-656
-1015
-1286
-1344
-1184
-937
-670
-559
-590
-595
-761
-974
-1114
-1170
-991
-736
-475
-153
35
46
-127
-343
-340
-164
-56
-158
-220
-32
394
788
911
648
-109
-923
-1316
-1146
-550
-2
90
-420
-1068
-1280
-1177
-973
-809
-971
-1305
-1450
-1205
-505
364
857
690
273
-39
-67
443
1216
1859
2189
1967
1440
1165
1273
1637
1864
1720
1391
1160
1150
1167
1219
1199
946
536
16
-122
303
677
742
471
110
84
233
428
670
894
935
738
358
119
363
691
791
654
401
113
-11
-14
-107
-30
-12
-282
-663
-958
-1019
-922
-962
-1185
-1162
-1105
-1037
-841
-854
-901
-943
-1051
-1027
-770
-533
-393
-354
-441
-336
-143
-64
-72
-117
-29
46
-42
-145
-16
237
318
88
-235
-246
-150
-184
-106
-18
25
146
75
-65
-20
112
83
-109
-228
-61
269
506
635
669
598
358
169
205
383
669
772
592
404
267
288
468
680
792
570
191
-45
-65
113
422
606
426
135
-104
-168
97
437
614
439
26
-132
43
243
371
353
135
-168
-474
-578
-332
-10
114
71
-145
-471
-610
-549
-439
-303
-197
-186
-207
-223
-206
-33
137
171
190
122
-194
-512
-619
-670
-590
-507
-692
-958
-1253
-1454
-1416
-1331
-1232
-1261
-1631
-2079
-2107
-1727
-1299
-998
-1004
-1184
-1121
-786
-265
246
596
656
307
105
313
758
1266
1365
1154
1020
900
819
774
773
859
725
339
94
96
343
527
410
74
-235
-246
-209
-58
178
372
466
249
149
202
245
279
147
132
299
464
481
351
317
352
323
186
172
379
537
493
375
384
469
581
664
718
848
920
885
830
859
1103
1388
1507
1479
1380
1232
1075
925
887
922
819
640
461
340
332
274
83
-210
-520
-692
-841
-949
-933
-989
-1127
-1208
-1145
-967
-915
-1037
-1088
-1122
-1015
-796
-639
-373
-127
-156
-345
-394
-257
-29
201
280
221
199
254
371
446
479
431
223
-5
-107
40
223
161
82
33
-61
-28
-187
-449
-522
-672
-711
-732
-765
-583
-568
-692
-849
-1095
-1227
-1195
-1122
-1010
-857
-790
-768
-759
-747
-610
-464
-397
-273
-142
-2
191
359
498
532
478
374
353
488
622
749
733
409
-3
-489
-820
-676
-533
-490
-506
-832
-1201
-1333
-1307
-1224
-1147
-1237
-1413
-1379
-1020
-480
5
254
181
-55
-138
99
555
1073
1421
1369
1066
803
780
982
1095
1109
1050
880
830
855
1011
1127
906
593
168
15
308
622
845
957
961
802
665
590
638
862
961
910
771
673
663
550
513
621
639
530
404
408
449
511
540
305
107
-63
-287
-173
109
340
460
309
45
-48
-37
45
159
141
94
42
-27
6
69
115
68
-225
-546
-680
-603
-401
-263
-346
-563
-649
-772
-931
-972
-929
-745
-670
-710
-640
-586
-545
-594
-657
-557
-492
-502
-438
-253
-43
62
142
203
145
151
111
62
128
215
349
290
220
167
78
61
-43
-136
-168
-168
-248
-409
-443
-332
-284
-354
-357
-378
-528
-629
-741
-786
-635
-539
-519
-500
-531
-638
-710
-764
-755
-683
-668
-648
-626
-538
-287
-103
-68
-18
-38
12
162
355
681
802
658
478
391
467
603
701
715
550
284
2
-201
-152
-105
-259
-539
-884
-1109
-1050
-841
-680
-571
-555
-672
-743
-730
-573
-270
-107
-8
204
355
376
493
679
708
741
795
823
855
853
823
658
520
494
529
659
689
659
755
833
829
841
884
815
749
810
827
882
1032
1125
1198
1175
1012
920
796
700
580
399
239
-5
-205
-329
-412
-440
-466
-540
-613
-659
-718
-842
-921
-890
-836
-709
-489
-267
-108
-8
37
153
245
298
425
536
612
660
741
787
745
563
362
293
207
180
225
196
43
-174
-334
-511
-650
-657
-733
-871
-941
-906
-807
-731
-737
-748
-740
-755
-678
-574
-432
-273
-224
-286
-330
-221
-114
11
150
77
10
-31
-116
23
179
194
199
103
-46
-75
-15
105
114
51
111
126
181
187
132
164
53
-37
-22
-27
9
44
6
-97
-188
-234
-322
-380
-498
-594
-506
-525
-578
-602
-670
-570
-436
-271
-37
26
57
23
-23
1
76
189
332
520
569
625
763
848
792
581
208
-121
-224
-280
-240
-179
-253
-327
-350
-414
-477
-452
-487
-659
-782
-792
-701
-610
-522
-426
-343
-223
-155
-79
95
265
293
262
240
254
256
158
106
117
220
372
499
617
638
668
597
447
379
333
348
329
318
448
606
667
642
656
748
738
661
539
323
168
101
42
40
48
67
36
-89
-85
-82
-155
-236
-357
-350
-309
-313
-299
-322
-243
-101
-27
72
160
281
355
296
284
352
419
414
380
321
214
202
283
382
478
530
436
242
88
33
-13
-84
-150
-262
-307
-267
-128
-19
-40
-119
-277
-390
-360
-189
-67
-89
-230
-402
-486
-534
-386
-189
-73
30
-75
-159
-133
-172
-88
-18
-73
-220
-252
-162
59
434
538
561
471
310
317
363
474
521
498
373
175
62
68
167
132
49
-42
-177
-272
-433
-553
-581
-708
-816
-848
-873
-677
-516
-425
-256
-290
-333
-333
-358
-296
-317
-258
-126
-163
-142
-50
-35
-41
-26
-15
-100
-185
-231
-246
-255
-369
-455
-554
-547
-382
-301
-246
-186
-160
-114
-165
-265
-213
-240
-310
-217
-188
-110
66
146
119
89
133
72
43
79
74
82
75
135
207
342
602
769
780
790
860
854
838
845
859
905
710
559
611
620
737
782
734
624
441
341
229
184
144
2
-189
-476
-556
-399
-262
-99
-75
-115
-142
-209
-188
-153
-51
-79
-265
-318
-279
-98
164
339
388
390
437
379
249
255
229
184
83
-5
132
178
132
158
222
223
11
-72
29
-35
-83
-96
-227
-227
-178
-199
-157
-96
-18
60
71
-70
-156
-160
-173
-161
-205
-201
-265
-371
-375
-343
-281
-140
-37
-115
-172
-207
-236
-203
-160
-187
-219
-185
-115
45
223
447
517
423
325
213
243
267
272
251
27
-101
-106
-138
-92
-56
-193
-279
-229
-333
-419
-585
-700
-699
-782
-703
-654
-554
-426
-338
-244
-256
-187
-170
-189
-201
-215
-207
-240
-177
-70
-51
-140
-157
-120
-106
-66
-53
-112
-196
-201
-251
-336
-282
-266
-204
-25
156
344
329
313
337
270
231
132
167
196
137
224
208
273
373
392
500
372
183
215
210
176
224
224
314
428
451
588
566
498
543
521
576
680
697
670
632
544
512
506
506
497
400
453
489
401
351
290
202
-14
-164
-258
-210
-49
-148
-207
-237
-201
-103
-159
-209
-297
-325
-386
-404
-251
-212
-185
-193
-274
-254
-239
-160
-10
-36
-60
-65
-103
-40
0
-28
-9
-38
-64
-18
-50
13
96
79
24
-57
-37
-7
-66
-94
-183
-296
-289
-254
-102
-29
-131
-175
-190
-245
-199
-177
-271
-268
-307
-389
-347
-241
-152
-186
-263
-247
-227
-276
-248
-180
-177
-161
-239
-271
-146
-43
60
110
134
102
36
95
66
114
203
156
146
116
60
98
190
154
57
-50
-135
-186
-211
-155
-187
-295
-323
-447
-547
-482
-368
-330
-427
-483
-497
-502
-430
-329
-277
-231
-223
-256
-170
-57
9
83
46
32
85
61
78
154
195
176
141
165
151
206
273
298
222
160
292
228
169
244
287
400
438
419
461
409
415
499
474
602
599
513
586
576
610
656
715
665
542
470
362
337
291
234
223
100
34
9
-80
-48
-134
-214
-173
-205
-186
-217
-187
-153
-195
-104
-27
-36
-64
0
106
108
99
33
-84
-30
-23
-10
0
-97
-24
-36
-25
-10
-101
-40
-65
-61
15
-43
-122
-98
-78
-139
-10
62
10
-18
-2
108
19
-85
-114
-188
-205
-238
-208
-131
-116
-77
7
-2
-23
10
-84
-94
-57
-122
-111
-32
56
57
51
26
-108
-85
11
24
34
-24
-32
-120
-227
-158
-102
-82
-132
-115
0
14
-31
-36
-129
-218
-163
-133
-172
-196
-140
-146
-175
-123
-237
-387
-447
-448
-416
-504
-554
-546
-561
-586
-629
-644
-598
-534
-539
-490
-443
-418
-351
-340
-359
-407
-413
-384
-344
-236
-153
-67
-23
49
117
118
245
332
371
479
485
498
625
656
660
771
762
741
790
761
764
754
801
760
611
534
471
441
330
254
260
193
203
199
125
102
87
116
147
165
101
74
148
112
89
71
43
135
86
31
76
33
45
52
46
-8
-19
29
-30
-36
-54
-80
-19
-28
-16
71
58
29
86
170
269
250
219
306
283
240
296
365
367
287
279
320
221
111
150
126
74
3
-109
-54
-77
-152
-156
-173
-210
-263
-270
-316
-302
-305
-281
-316
-434
-330
-340
-341
-198
-165
-154
-150
-140
-85
-28
7
-31
-76
26
-6
-143
-129
-87
-39
-45
-57
-118
-189
-200
-277
-318
-456
-525
-547
-646
-620
-631
-617
-628
-638
-653
-791
-829
-795
-826
-807
-815
-858
-851
-825
-660
-542
-587
-570
-600
-590
-418
-362
-371
-346
-372
-318
-202
-164
-95
13
86
206
310
313
334
408
442
472
488
535
720
795
824
877
863
924
946
926
879
860
934
856
788
774
751
776
756
767
782
802
751
654
563
427
442
434
390
410
310
266
266
294
305
193
102
-6
-34
16
-11
-28
-36
-90
-107
-92
-50
-32
-17
3
-53
-120
-126
-56
16
5
46
87
56
85
97
165
190
165
162
48
48
83
124
126
30
31
24
29
16
-21
-14
-70
-136
-214
-247
-273
-288
-323
-453
-427
-362
-353
-388
-435
-411
-367
-374
-412
-422
-373
-361
-409
-372
-440
-439
-383
-402
-377
-501
-510
-460
-420
-406
-488
-491
-551
-573
-492
-456
-438
-423
-432
-388
-377
-377
-320
-350
-347
-318
-336
-251
-312
-394
-298
-367
-335
-275
-389
-327
-260
-288
-275
-280
-322
-311
-300
-314
-211
-145
-118
-54
51
151
236
384
379
399
465
547
662
620
727
851
798
796
933
1041
1016
948
890
969
982
952
1034
1044
992
882
821
872
845
761
688
735
781
619
548
577
510
443
379
312
227
143
108
120
142
164
196
98
56
34
-18
-14
-87
-70
-103
-195
-173
-153
-115
-86
-148
-209
-146
-100
-171
-173
-200
-252
-253
-285
-228
-170
-155
-125
-64
-53
-28
-11
-128
-157
-98
-50
21
66
-4
-49
-66
-164
-119
-117
-206
-187
-245
-234
-240
-340
-388
-481
-545
-540
-450
-407
-444
-461
-469
-504
-446
-453
-582
-570
-542
-524
-481
-486
-520
-536
-560
-513
-428
-415
-365
-378
-379
-329
-378
-359
-339
-341
-279
-298
-252
-166
-184
-142
-202
-345
-359
-339
-256
-167
-231
-293
-248
-296
-282
-212
-176
-124
-224
-295
-291
-257
-231
-208
-68
-72
-101
1
38
113
239
302
316
349
384
453
500
502
594
625
583
638
702
730
773
786
818
833
841
858
860
850
810
841
874
883
892
922
961
939
899
843
768
654
550
590
590
544
542
497
440
392
343
290
309
206
54
66
42
10
-73
-175
-124
-117
-154
-119
-91
-105
-195
-231
-244
-300
-257
-309
-323
-204
-196
-144
-37
-101
-114
-26
-59
-47
26
-31
-151
-103
-107
-210
-206
-223
-240
-217
-238
-293
-313
-398
-446
-486
-565
-506
-495
-499
-522
-630
-635
-587
-613
-610
-568
-546
-511
-547
-526
-491
-579
-534
-495
-476
-401
-466
-497
-483
-527
-491
-484
-495
-427
-434
-518
-540
-468
-404
-402
-384
-303
-308
-346
-301
-300
-288
-235
-257
-292
-266
-208
-179
-151
-180
-199
-87
-87
-141
-90
-85
-58
-4
9
108
117
87
182
242
257
263
287
297
316
406
454
464
532
555
542
592
622
629
651
718
747
761
755
733
804
787
768
818
837
843
855
801
816
839
770
792
796
740
752
809
731
627
577
493
515
575
574
497
393
414
429
395
299
224
222
215
261
199
133
119
49
22
-50
-80
-63
-89
-14
-49
-192
-229
-199
-195
-277
-270
-269
-303
-276
-350
-386
-372
-421
-418
-380
-444
-448
-428
-443
-405
-448
-483
-526
-547
-538
-574
-537
-519
-576
-623
-631
-644
-668
-643
-623
-615
-656
-645
-609
-671
-647
-687
-734
-681
-675
-634
-677
-695
-570
-631
-706
-659
-706
-704
-619
-591
-575
-574
-579
-529
-517
-476
-401
-353
-309
-285
-205
-192
-160
-42
-58
-74
-22
33
133
217
201
249
298
281
321
327
387
441
451
454
426
520
539
502
569
593
683
734
713
714
702
720
724
696
704
722
676
673
633
619
662
595
640
688
672
706
668
660
665
643
609
615
664
585
498
589
669
591
593
613
587
594
553
559
594
567
593
592
552
591
609
618
545
457
501
453
334
320
263
215
229
113
41
0
-78
-107
-169
-216
-321
-371
-491
-556
-459
-539
-570
-578
-638
-612
-660
-700
-665
-635
-636
-710
-747
-718
-678
-758
-850
-829
-836
-823
-767
-766
-766
-756
-775
-792
-807
-819
-820
-782
-774
-785
-794
-748
-765
-815
-714
-746
-784
-724
-682
-671
-792
-819
-757
-739
-711
-683
-663
-628
-554
-585
-581
-546
-575
-457
-415
-473
-342
-230
-270
-182
-92
-27
79
88
152
221
237
270
359
347
416
549
556
675
753
771
801
809
868
981
1019
954
938
1008
1056
1048
1073
1081
988
948
998
967
933
883
840
901
811
730
768
718
683
707
661
536
523
558
561
544
469
506
524
475
479
508
507
485
477
446
472
431
350
369
392
354
306
350
334
249
234
171
68
88
99
15
-38
-27
-85
-201
-237
-252
-264
-310
-373
-399
-381
-406
-491
-529
-625
-687
-624
-590
-679
-781
-748
-792
-852
-748
-696
-746
-813
-740
-749
-788
-681
-701
-739
-788
-757
-672
-673
-722
-775
-728
-769
-757
-640
-704
-724
-650
-656
-658
-665
-659
-560
-521
-535
-513
-441
-399
-439
-484
-504
-441
-431
-473
-406
-329
-346
-337
-332
-372
-293
-261
-232
-152
-171
-100
37
98
59
97
191
240
296
307
339
383
411
445
495
583
570
581
697
755
721
635
682
753
795
812
760
808
855
840
864
951
981
935
929
934
951
1015
989
904
873
835
802
793
751
675
658
661
573
556
586
567
524
481
440
388
458
517
425
350
383
382
348
342
245
197
174
80
103
56
-32
5
-123
-177
-122
-234
-168
-171
-312
-301
-399
-378
-317
-425
-434
-446
-469
-488
-513
-451
-494
-590
-639
-683
-659
-663
-721
-751
-817
-864
-826
-841
-813
-842
-905
-819
-803
-830
-861
-856
-814
-875
-825
-719
-760
-704
-656
-733
-751
-716
-699
-677
-667
-671
-640
-646
-612
-541
-471
-380
-404
-416
-328
-336
-277
-165
-209
-191
-140
-103
7
86
108
119
141
133
156
186
247
280
254
351
303
303
469
488
488
459
433
586
658
613
665
645
653
711
711
767
735
648
739
828
820
831
829
875
904
889
836
789
811
798
799
737
732
838
805
731
738
747
756
719
610
611
655
586
513
472
458
470
451
383
358
364
331
298
245
216
203
206
178
110
103
77
34
-17
-67
-178
-245
-222
-323
-304
-315
-454
-426
-428
-456
-441
-440
-462
-500
-506
-500
-545
-646
-608
-595
-594
-611
-705
-669
-686
-729
-781
-812
-816
-861
-846
-853
-829
-846
-885
-797
-772
-777
-758
-745
-723
-689
-623
-571
-506
-506
-574
-517
-496
-434
-419
-568
-491
-389
-373
-330
-301
-242
-227
-242
-237
-186
-145
-107
-81
-92
-58
-38
68
70
-23
70
115
127
154
158
236
277
257
262
288
386
412
369
413
394
364
445
517
548
570
534
500
629
708
623
600
595
644
717
707
765
787
778
844
788
751
796
801
808
781
738
714
747
763
757
717
682
665
648
696
606
495
482
399
416
448
352
325
338
310
258
195
129
127
142
48
-48
-35
-44
-91
-147
-160
-215
-239
-242
-310
-228
-263
-372
-372
-334
-312
-351
-303
-378
-459
-397
-430
-398
-450
-554
-538
-634
-631
-600
-645
-658
-740
-746
-725
-695
-674
-691
-682
-745
-726
-667
-666
-720
-781
-703
-683
-633
-682
-668
-545
-661
-617
-588
-663
-632
-577
-498
-461
-415
-344
-328
-314
-206
-146
-176
-182
-124
-55
-15
25
33
70
78
41
66
117
98
79
154
179
227
266
270
286
283
291
298
361
340
307
405
363
320
506
505
421
505
454
457
494
490
545
487
485
571
581
573
541
484
500
519
516
530
585
612
582
634
665
607
656
660
582
625
636
621
565
489
547
522
377
336
338
346
341
264
227
273
228
123
108
73
72
130
43
-8
19
-2
-31
-83
-148
-245
-226
-211
-307
-335
-404
-378
-299
-358
-376
-345
-377
-403
-388
-410
-406
-404
-406
-408
-414
-379
-399
-391
-442
-540
-543
-540
-513
-534
-554
-499
-503
-531
-484
-477
-530
-530
-507
-450
-480
-473
-413
-460
-393
-430
-447
-327
-421
-426
-342
-331
-296
-344
-308
-257
-306
-264
-300
-279
-206
-294
-253
-141
-128
-117
-88
-61
-5
37
79
71
13
84
118
104
120
73
149
213
163
195
248
245
265
326
318
358
419
393
393
377
407
431
402
456
451
399
458
492
462
485
451
406
466
492
470
475
492
517
499
492
468
396
405
447
462
431
414
389
362
337
325
367
340
301
292
288
272
267
235
179
169
206
235
192
181
170
132
72
65
118
71
-24
-30
-43
-114
-107
-97
-138
-242
-310
-260
-251
-280
-248
-289
-391
-424
-332
-278
-373
-377
-369
-361
-369
-434
-389
-439
-490
-400
-437
-440
-379
-448
-475
-465
-508
-481
-453
-476
-459
-391
-354
-385
-407
-412
-331
-302
-403
-332
-260
-250
-159
-218
-228
-182
-215
-164
-162
-153
-78
-70
-30
-26
-69
-52
-55
-14
-5
9
120
144
102
90
96
120
135
139
113
172
219
218
234
240
259
191
233
313
319
296
283
339
337
313
313
318
329
372
383
471
461
345
390
345
321
310
324
393
331
347
354
300
344
291
174
208
244
256
230
198
248
221
239
216
136
206
167
72
60
54
9
-58
-45
-42
-67
-67
-70
-97
-78
-115
-231
-183
-188
-205
-133
-186
-192
-199
-235
-248
-306
-366
-385
-343
-279
-275
-310
-283
-288
-364
-339
-318
-319
-313
-316
-222
-170
-205
-237
-312
-339
-270
-308
-342
-297
-234
-189
-224
-258
-258
-276
-280
-243
-270
-224
-163
-191
-182
-162
-179
-232
-218
-137
-79
-85
-71
-59
-125
-73
-27
-74
-91
-46
30
22
3
13
21
49
70
55
99
171
223
241
258
217
184
290
253
203
291
361
354
340
360
335
350
346
274
300
332
328
346
303
263
247
213
279
315
259
304
347
340
344
299
272
312
325
256
284
296
298
321
235
261
264
233
196
185
255
199
132
92
41
4
45
109
43
8
61
99
70
50
-16
-141
-89
-45
-99
-81
-75
-86
-140
-208
-191
-229
-253
-255
-251
-211
-190
-182
-283
-317
-279
-311
-352
-381
-339
-320
-355
-358
-410
-436
-393
-443
-441
-367
-346
-294
-277
-312
-324
-301
-277
-313
-261
-202
-200
-150
-162
-158
-161
-253
-235
-232
-181
-103
-196
-202
-176
-134
-99
-131
-108
-110
-82
-43
-22
6
-48
-53
-50
-48
37
16
27
81
70
104
150
171
71
115
225
133
122
145
143
123
68
155
245
209
219
295
298
290
273
132
163
240
167
217
257
230
254
284
286
237
237
266
260
275
335
317
281
345
271
194
200
182
159
126
171
193
114
67
121
105
31
9
-22
30
73
12
2
5
-34
17
33
-24
-13
-25
10
0
-63
-59
-78
-104
-105
-91
-67
-56
-116
-121
-80
-121
-136
-141
-177
-148
-89
-114
-122
-122
-185
-177
-166
-105
-151
-233
-94
-72
-150
-131
-137
-144
-140
-167
-119
-92
-148
-169
-171
-152
-182
-206
-177
-186
-166
-143
-74
-104
-137
-79
-90
-80
-76
-93
-113
-63
-39
-61
-10
-25
-98
-27
87
57
7
-5
14
57
13
-5
10
-12
37
74
12
62
83
17
56
60
53
62
35
56
57
41
47
32
19
56
118
78
118
134
121
212
174
99
113
106
57
67
102
134
137
97
118
138
136
133
82
77
98
109
93
94
70
86
188
158
98
143
205
185
159
139
115
114
104
133
153
109
73
54
112
172
39
-44
2
60
20
-91
-22
37
-53
-46
-25
-7
56
21
-15
-18
0
-8
-47
-88
-57
-37
-92
-39
0
-20
-68
-69
-44
-87
-134
-117
-56
-100
-106
-131
-187
-170
-200
-224
-177
-139
-192
-136
-51
-59
-17
-88
-146
-145
-139
-108
-145
-133
-96
-43
-68
-90
-32
-79
-169
-203
-138
-102
-123
-161
-137
-110
-156
-128
-141
-147
-106
-113
-71
-92
-115
-39
-40
-77
-88
-59
-21
-11
-9
-36
-8
27
21
21
25
64
46
20
16
54
77
-10
-1
94
108
109
151
161
162
179
187
148
77
114
133
166
202
82
132
172
120
161
161
169
156
185
224
171
107
145
184
137
146
178
199
186
155
128
125
65
54
120
109
132
83
140
268
154
103
116
56
24
32
86
103
53
98
163
77
59
40
-54
-77
-74
-32
-57
-92
-95
-43
-3
-48
-64
-104
-105
-85
-63
-105
-132
-81
-75
-66
-112
-130
-110
-130
-127
-113
-81
-69
-73
-58
-117
-184
-162
-147
-141
-172
-173
-93
-110
-38
-26
-183
-166
-91
-132
-215
-159
-116
-84
-36
-70
18
-37
-147
-104
-152
-88
-23
-113
-89
11
-21
-81
-64
-109
-89
-20
14
34
-12
68
111
0
44
4
-32
29
-32
15
74
34
24
63
85
65
110
132
115
178
150
106
133
129
43
0
77
61
5
61
87
46
78
147
227
155
37
142
151
109
127
45
42
175
180
106
127
141
178
135
91
94
25
56
87
11
36
22
-21
9
-28
1
-3
-27
39
-8
-40
-19
-31
-47
-83
-91
-33
42
-33
-111
-28
0
-21
-41
-42
-43
-145
-193
-104
-79
-86
-76
-96
-67
-114
-125
-106
-167
-187
-171
-133
-126
-175
-207
-128
-119
-171
-142
-98
-25
-92
-138
-47
-22
-39
34
31
-124
-65
2
-24
-8
17
29
-21
21
30
-20
24
-12
-24
22
-28
-24
-31
-33
-42
-20
-4
-49
4
-13
12
75
133
167
110
116
103
67
25
76
129
88
122
168
202
103
90
182
140
164
163
141
115
50
58
91
80
27
43
36
30
70
45
115
93
-6
48
44
28
80
50
-21
46
140
55
7
13
27
62
-8
4
56
12
-4
-25
28
72
19
12
-28
-69
-55
-66
-36
-19
-36
3
-26
-91
-55
-65
-58
-12
-66
-103
-79
-58
-56
-66
-99
-81
-15
-36
-73
-49
-45
-79
-137
-117
-10
-47
-157
-165
-76
5
-68
-88
-83
-131
-88
-69
-43
-47
-54
-12
-37
-67
-79
-60
-36
-48
-16
-29
-81
-34
-11
-31
-59
-11
28
-63
-39
6
0
69
102
55
80
108
64
21
-32
20
41
-11
-3
49
40
-22
39
91
121
127
82
10
-27
29
18
17
14
18
72
68
40
57
107
41
36
58
27
95
28
19
104
68
85
-26
-69
28
33
33
-5
5
62
42
-47
-98
-68
2
-4
1
41
34
39
-8
-59
15
40
-54
35
-21
-157
-25
-28
4
6
-106
9
43
-67
-45
-4
-14
-56
-128
-88
-75
-162
-125
-159
-172
-112
-129
-92
-93
-100
-99
-31
14
-38
-19
-70
-84
-26
-55
-19
9
16
5
-43
1
52
86
13
-1
58
0
23
-2
-40
-48
-60
23
-18
-48
-29
-27
6
-13
38
36
-45
-4
36
60
63
48
146
174
29
1
140
129
26
23
38
105
107
67
102
49
61
152
117
93
29
14
120
126
28
36
88
29
13
-4
37
38
-36
0
-23
36
29
-16
83
39
107
118
-6
51
50
28
49
46
22
3
9
-32
-89
-72
9
-27
-71
12
-17
-36
-26
4
6
-116
5
44
-69
-46
-55
-37
-98
-145
-62
-87
-154
-137
-37
43
69
26
-33
3
12
-40
-77
-77
-78
-44
-59
-92
-62
-50
-41
-41
-64
-91
-43
20
-80
-101
10
-11
32
-20
-120
-43
-50
-87
-42
0
-63
-64
-1
-15
-65
-38
44
18
-43
-30
10
-13
-72
-77
5
29
-8
35
-1
-18
89
47
0
64
5
3
18
-14
62
27
-28
85
92
-15
42
69
22
88
53
13
95
66
56
5
22
101
4
25
25
19
83
24
-3
67
61
16
17
-39
-7
63
106
110
23
26
80
82
61
-2
13
50
59
59
38
14
12
42
53
37
-32
-38
11
25
-24
-14
13
8
57
44
27
0
-21
-17
-51
-12
-5
-52
-84
-32
33
-24
-8
37
-16
-36
9
38
43
-22
-72
-54
-31
-27
-43
-30
-57
-69
-28
-43
-80
-42
-36
-51
-14
4
-61
-69
16
-26
-35
-41
-76
-19
-18
-46
-104
-114
-54
-66
-8
-22
-26
17
-39
29
35
38
78
-48
-58
8
-6
-14
-76
-98
-67
-65
-86
-30
-11
-95
-19
16
19
13
-29
22
39
19
-29
-23
-33
-7
34
10
28
33
80
64
20
9
7
49
25
33
67
80
55
-6
54
85
58
128
136
58
42
78
80
52
-21
13
49
-14
45
19
36
90
34
54
72
58
10
28
4
-13
36
-4
33
84
91
59
54
108
101
62
36
19
34
45
31
34
24
-5
-74
-59
-24
-74
-7
-8
-62
6
4
-7
-6
-26
-31
-35
-36
-21
-9
-49
-25
-12
1
4
-36
-54
-77
-92
-89
-59
-64
-21
29
-8
-61
-10
77
-43
-82
-14
-44
-2
-36
-58
-41
-87
-104
-145
-107
-32
-20
-20
13
39
34
0
-25
8
-78
-90
0
-10
43
45
9
-15
22
83
2
-37
-46
-39
-28
-37
25
21
-42
-15
5
5
7
-15
48
62
23
32
74
127
61
12
33
64
46
-1
8
47
40
-5
22
40
26
-25
-15
17
-3
28
1
9
61
19
-15
48
117
78
0
32
63
34
55
39
48
58
44
60
6
-35
-1
34
62
55
6
28
10
-31
-24
-94
-27
17
-58
-2
28
37
47
-18
-17
35
35
51
68
22
18
1
12
-17
-110
-82
-59
-11
18
-3
-14
-29
-19
-36
-83
-105
-74
-84
-52
-56
-101
-79
-45
8
5
19
25
-9
-8
3
36
47
8
-3
-11
43
50
-22
-34
-85
-96
-57
-4
-26
-70
-77
-59
-18
-40
-50
-105
-172
-117
-42
-14
-28
-30
21
49
84
103
91
15
58
93
5
0
9
47
32
2
6
15
68
66
-33
0
79
-27
-41
-6
-35
-13
-15
18
89
84
71
33
10
-9
-20
78
32
-55
44
54
58
40
-27
15
37
75
63
18
26
59
43
0
8
0
23
18
-16
1
4
10
9
-40
-20
30
25
-4
41
111
48
-1
33
18
38
26
15
10
0
13
-110
-129
-55
-52
-68
-66
-31
9
29
-60
-42
0
-42
26
-8
-25
70
48
71
62
42
53
27
23
-13
-19
-25
-10
18
-29
-46
-45
-100
-64
8
-62
-108
-68
-32
-21
-84
-63
8
-20
6
33
-8
56
35
11
63
-11
-26
-11
15
35
-41
-2
15
-29
27
30
6
-6
-26
11
31
-38
-71
-70
-24
-13
-56
38
14
-19
-24
-27
79
67
-10
-71
-15
21
-10
-12
-43
-32
-32
-28
18
54
25
-35
-30
22
69
-43
-104
-75
-83
7
-6
-33
40
42
24
64
90
79
30
28
69
27
17
53
71
89
13
-49
3
16
-30
-82
-85
-58
-42
-28
-42
-12
12
-20
19
29
15
1
-14
45
25
6
16
21
82
20
23
83
36
55
68
68
35
48
79
4
22
-42
-47
50
-15
-31
-58
-39
62
-10
-98
-77
-29
28
12
-26
-6
6
0
-19
8
56
14
-14
9
11
-3
22
76
60
-29
-40
20
0
7
-14
-83
-9
14
0
3
-76
-73
-22
-12
-36
-40
-42
-38
3
14
12
-43
-28
16
-74
-105
-56
-59
-18
1
-93
3
61
-53
-7
-4
-36
51
23
-30
-11
15
41
4
2
0
-54
-58
-12
-28
-29
20
-1
-16
27
30
3
-8
-94
-113
-14
2
0
12
47
26
-6
27
22
-1
-34
-33
-13
18
32
50
48
18
25
46
43
34
54
11
-4
77
87
11
0
52
59
43
58
61
74
67
-15
-29
8
72
52
-12
-5
6
34
-30
-69
-42
-9
53
-12
-27
55
19
14
67
89
81
-2
18
51
48
88
13
-4
-16
8
18
-26
23
5
-5
22
21
-54
-63
-3
-109
-93
17
-56
-85
-53
-38
-18
0
33
30
25
0
16
-27
-57
28
8
-7
-27
-51
2
12
-6
-17
-49
-77
2
-1
-89
-19
-23
-43
5
-12
-38
-41
-12
-10
-12
2
-13
-46
-95
-30
24
-15
-29
-38
7
23
25
-12
-18
66
23
3
22
19
5
-46
-29
9
12
-51
-24
-4
-62
-2
31
37
57
67
91
76
65
28
6
49
-24
-58
-12
-10
21
-27
-51
5
47
18
-35
-15
-4
42
26
-49
-38
3
0
-20
12
7
15
31
54
51
-8
27
4
-16
36
7
26
52
0
62
99
-19
55
68
24
44
-46
-38
3
8
-35
-78
-50
-34
-56
-46
41
15
-105
-38
31
-11
17
-13
-40
58
-14
-16
72
-62
-41
39
40
25
3
60
22
-37
29
1
-35
32
-33
-82
-31
-1
-7
-79
-69
-8
3
-35
-29
56
45
38
42
1
6
-58
-53
-3
-38
-21
-31
-75
-60
-10
-31
-1
67
34
43
91
57
-1
-41
-59
-45
-31
-21
-24
-13
3
72
49
-28
25
13
9
-24
-2
77
-64
-38
27
-60
-37
-11
-7
26
60
30
5
49
74
17
30
22
-25
54
99
77
26
-18
-16
-42
-66
-21
51
16
-25
25
20
69
65
-34
-58
-36
62
76
0
-16
7
19
32
56
-21
-29
-33
-20
59
2
-25
-24
-27
3
0
-40
17
59
68
45
-40
8
15
12
-1
30
