157
-23
-182
-238
-179
-58
62
107
137
101
-49
-122
-58
19
-43
-62
-72
-80
-67
-45
-23
20
50
-27
-52
-98
-31
33
4
98
14
-61
0
-8
27
13
62
42
-6
83
-38
-76
-25
-52
-9
-27
-12
10
56
89
-5
-91
-133
-83
-18
11
70
122
183
120
-18
-76
-90
-48
-13
5
47
-2
-100
-75
-19
6
-1
-54
-43
-78
-63
-3
-22
26
92
95
60
73
56
-51
-16
-40
-109
-19
12
24
58
51
13
72
98
22
47
8
-85
-44
119
50
-28
14
-115
-26
2
-81
-5
1
29
96
108
-4
-42
38
3
-5
-36
-44
-5
-41
-20
-32
-26
25
26
44
28
0
18
48
50
39
95
116
68
28
11
56
81
23
-33
-24
-68
-91
-18
-17
-50
-9
-32
-49
-48
-54
10
-16
-37
-30
-18
19
12
-4
22
62
6
4
15
27
77
16
56
85
33
18
-18
-32
-61
-51
36
132
94
5
27
50
32
-18
-48
6
35
5
-23
-38
21
17
12
57
23
23
-21
-96
-64
-67
-97
-22
-7
-49
-50
-45
-25
-50
-36
-59
-110
-86
-63
-85
-100
0
12
-14
-45
-86
-24
-12
10
31
3
-46
-85
-74
-68
4
-55
-108
-24
-65
26
131
14
-56
34
36
-52
-74
-43
39
-4
-122
-110
-32
26
45
23
49
119
28
-45
-34
-71
-8
26
26
31
-8
4
-29
-122
-108
-33
97
91
-44
73
106
19
94
61
-18
-39
-83
-46
-25
-38
7
-9
6
20
41
44
12
45
43
45
50
-4
-13
54
51
66
56
-15
-69
-114
-32
0
-11
74
100
29
-27
18
-1
-26
74
85
43
33
42
20
-39
-16
-51
-94
43
58
77
127
55
71
1
-23
-4
28
71
22
59
72
58
52
41
-21
-44
18
-19
-1
40
-40
-68
-10
54
73
10
-24
4
0
14
26
3
34
51
5
11
71
47
1
25
49
47
66
54
6
29
0
-4
56
17
-5
-48
-40
29
37
71
5
-77
-62
-1
6
-29
-7
-49
-51
-38
-27
-77
-54
14
-57
26
-13
-91
-25
-33
43
8
-86
-41
-23
-32
-54
-30
23
-1
-31
-63
-103
-87
-75
-76
-45
-48
-3
38
4
9
-36
-105
-55
28
-54
-97
-8
43
35
-6
-42
-126
-97
-58
-32
14
-61
-12
64
44
30
-2
67
80
29
24
-6
11
67
84
39
21
53
94
75
17
101
159
83
69
29
39
95
5
6
56
-10
-33
13
56
43
7
-20
12
34
-23
-27
-6
-40
-14
20
-3
-33
-23
44
-1
-42
28
10
15
98
80
42
61
42
-13
-64
-50
13
-31
-54
63
20
-45
-33
-99
-124
-101
-96
-122
-83
-78
-41
-17
-79
3
63
51
-48
-124
-48
-15
-36
-37
-54
-48
9
-28
-61
-82
-94
7
30
4
22
-28
-22
33
-4
-2
25
-10
-30
-30
-21
-44
-22
29
-3
-8
22
41
43
54
12
-42
28
36
-2
-45
-24
47
23
24
33
47
100
110
79
28
0
-18
-48
-29
14
86
128
56
30
62
-18
-28
5
-6
61
56
57
102
68
-51
-65
33
-30
-29
29
44
50
2
41
111
109
63
14
24
4
-5
36
78
113
-1
-46
16
-58
-79
-2
21
27
25
3
23
19
-76
-98
-43
-44
-40
-8
11
6
-29
-33
-56
-127
-124
-84
-51
-41
-28
11
12
-49
-67
-83
-110
-76
-43
-8
-30
-8
-4
-78
-85
-42
6
-37
-133
-138
-17
36
-6
73
67
-55
-30
-25
-47
-17
-20
36
37
-37
37
55
-41
6
21
16
-7
-54
-29
-52
-41
1
31
13
-44
-24
37
52
48
-4
-44
0
54
-9
-63
31
40
-1
-18
-18
24
40
28
7
35
32
-27
-10
-9
-42
-33
-36
-48
-7
31
2
59
134
61
-11
26
30
-13
44
76
68
13
-42
42
69
21
25
59
50
-6
-9
51
44
24
68
5
-32
40
51
8
-14
-40
-79
-13
51
32
37
108
111
-28
-48
-43
7
101
68
33
-1
14
-6
21
65
30
125
116
62
117
22
-25
-41
-77
-2
-47
-31
50
-30
-42
-51
-65
-28
10
27
-53
-88
-51
-38
-3
9
-26
-31
1
1
-43
-43
-84
-71
-14
-51
-11
-14
-58
33
89
31
19
-3
5
24
7
82
10
-63
15
-60
-69
-11
-97
-35
-67
-108
-38
-88
-76
-82
-48
-19
-32
3
19
33
19
-22
-94
-84
-29
-76
-87
-4
66
95
54
34
33
-39
50
89
-17
-17
56
50
-41
37
62
35
74
-4
-61
-32
62
90
3
-32
43
16
-18
24
4
27
36
58
44
9
-9
-83
-18
24
-5
3
31
95
19
-29
10
-9
36
27
-37
-32
17
38
4
-22
-108
-76
27
39
64
7
-38
-20
-8
-35
-11
55
25
0
-32
13
24
-18
16
-36
-33
16
13
-20
8
52
-1
-43
-19
56
-12
-28
16
-43
-55
18
31
27
69
-86
-80
29
-8
36
25
17
51
-4
-38
23
69
42
-26
-11
42
-55
-31
50
-17
12
69
99
67
-34
1
46
-3
-6
7
-21
-37
-24
-20
43
75
-20
-49
-10
-19
-72
-50
8
-27
-12
11
-38
4
8
-6
24
-17
34
54
-14
29
25
27
30
-92
-63
42
-1
-29
30
11
27
27
-53
-45
-80
-75
-9
-22
-102
-65
4
-17
27
-5
-13
41
-4
-24
0
-10
-57
-89
-64
-68
-20
33
10
-51
-66
-33
-40
44
74
127
100
-11
91
71
-3
5
42
43
20
103
63
26
21
-17
-26
-96
-63
3
43
9
-38
36
20
86
45
-66
-19
-86
9
66
-13
14
-10
9
-49
-66
56
33
-2
-12
40
92
37
48
55
68
49
2
20
-46
-72
-29
-16
-29
-80
12
40
-65
-17
-4
13
50
-28
-85
-92
-57
-64
-48
27
50
22
0
-18
-51
10
-3
-55
13
35
20
-3
-2
-2
4
53
31
3
8
9
21
3
52
34
-38
-34
-30
33
42
21
15
-52
-49
-9
-2
24
36
-3
10
23
-5
7
8
7
-3
21
21
-4
11
-29
-30
-36
-46
-2
-6
7
55
96
57
-18
38
32
11
73
19
27
41
-19
-7
44
41
15
10
0
30
0
-16
52
48
4
6
35
35
44
110
89
-15
-45
2
-1
-14
18
37
28
-4
-22
-59
-13
28
-73
-41
55
-1
-66
-13
20
-24
-35
-56
10
54
-39
-54
-38
-13
-7
-50
40
62
6
-15
-88
-48
-34
-60
-31
-63
-30
20
4
3
-11
11
25
-11
12
37
-6
-49
-38
-4
92
102
-15
-66
-24
24
22
-22
-30
10
-21
-27
-64
-75
49
24
10
20
-22
49
12
-32
31
31
-77
-44
64
-21
19
82
9
28
-10
-77
-25
55
62
22
74
23
-93
-18
42
54
70
36
55
109
61
3
20
-19
-54
-50
-3
31
53
89
-33
-108
-70
-61
-30
-10
26
39
2
4
50
26
-44
-27
22
3
-23
-31
-48
-52
-46
3
28
3
63
66
-27
-7
-9
7
123
97
35
40
48
73
19
-47
-76
-40
35
45
57
43
-3
-47
-21
-25
-63
-32
27
1
-61
6
-37
-39
36
2
-66
-73
-24
-42
-11
-19
26
18
-50
-29
-95
-67
-34
-119
-58
2
-27
46
16
-35
-13
-105
-116
-39
-37
-54
-18
-12
-14
5
-24
-24
-28
22
31
8
32
-28
-13
15
1
49
65
56
118
81
36
20
14
69
-27
-56
-25
-14
11
-31
24
-25
-82
-24
14
58
18
6
34
66
0
-97
-52
-86
-76
-33
-13
51
61
95
78
98
65
-52
3
5
-43
-30
-35
-10
3
-13
7
41
2
3
14
10
68
41
73
103
15
-42
-32
17
14
27
-2
35
34
-65
22
0
-39
14
14
15
-30
-42
-75
-74
-18
46
58
76
85
36
31
7
59
-24
-110
-41
-7
21
-65
-54
-18
-41
6
-66
-64
23
41
60
55
8
-1
-1
-45
-57
-73
-88
-32
25
13
-45
-1
103
85
40
-15
-12
-11
-30
-28
-58
7
16
-45
-75
-83
-22
-10
-21
6
-4
4
-37
-49
-2
-34
-10
43
-1
-8
68
71
57
75
-7
-20
51
0
-73
-131
-119
-64
-80
-38
5
40
92
103
97
146
110
-48
-59
-75
-79
34
51
3
0
12
9
13
31
47
70
119
27
-77
-13
-34
-6
9
-30
-8
-11
33
-12
-5
83
111
79
-62
-102
-34
-35
-84
-84
-88
-75
-73
-97
-25
43
54
56
94
61
13
35
-35
14
17
-108
-43
-50
-19
61
31
65
98
41
-46
7
45
-14
-41
-51
-12
17
-15
-68
-31
-57
-28
61
36
45
2
-12
56
34
-99
-103
-68
-73
-24
-43
-26
49
42
13
19
13
-18
-25
-82
-99
-20
-56
-86
-69
-54
18
75
25
-6
28
65
83
4
-63
-75
-93
-88
-48
37
77
44
0
89
143
59
46
42
28
-7
-69
-101
-8
98
104
63
-8
1
110
85
3
0
-46
-11
-3
-82
-27
0
-87
-22
59
0
-33
41
108
107
90
-13
-2
27
2
57
-34
-37
13
-78
-31
8
-1
-22
-55
20
63
7
-93
-88
-10
-37
-79
-51
-7
39
27
-18
74
111
64
74
84
59
-3
30
21
-32
-50
-30
-19
-65
0
65
98
83
48
64
31
34
5
-64
-61
-97
-150
-82
-50
-8
64
57
72
0
4
5
-35
48
-13
-76
-98
-130
-57
-98
-83
28
25
32
77
32
6
19
-38
-41
-73
-94
-52
-29
-19
-86
-75
-1
32
89
60
-18
-11
0
9
-3
-69
-109
-91
-3
12
-44
2
69
121
121
0
-39
-13
-4
44
-8
-22
-60
-61
4
-43
39
60
64
76
55
73
50
39
-53
-93
-53
-3
11
-21
-16
-37
-62
-28
48
30
14
87
77
9
7
13
-11
15
27
72
71
36
102
70
21
-5
-15
42
-4
-33
21
4
-46
-40
8
22
28
-4
22
53
45
111
51
-26
3
-17
-42
-12
-39
-138
-101
8
1
-20
36
66
51
58
100
89
-15
-58
-63
-36
32
56
30
13
31
0
-8
12
-18
-5
37
30
-3
-23
-36
-49
-54
-52
-75
-68
1
22
10
32
29
27
28
-28
-52
-70
-91
-84
-9
79
-3
-7
38
-58
-79
-46
-28
0
-7
-8
2
-10
-51
-104
2
49
-12
-17
-3
62
7
-19
-15
-29
13
18
32
47
15
-67
1
10
-39
94
22
-30
19
16
99
54
-1
13
13
39
4
16
24
-56
-51
-33
-16
-8
-70
-94
-109
-114
-38
38
39
71
53
21
66
68
66
38
39
2
-61
20
-9
-39
17
34
118
85
23
33
7
-17
15
35
-56
-49
3
1
57
32
-7
28
17
69
89
4
-11
-21
9
12
-36
18
56
19
0
-13
26
71
32
21
-7
-52
-21
-21
40
100
19
0
16
-43
-62
-12
-16
-22
-17
-29
-5
-25
-39
-46
-69
-47
-48
-66
-85
-79
-20
0
13
16
9
-19
-43
1
9
-40
-29
30
-21
-83
-62
75
145
66
78
79
36
55
70
-9
-6
12
-68
-27
-4
47
42
1
88
20
-11
25
11
-21
-75
-35
-21
-31
23
66
35
13
14
-10
49
28
-15
22
-23
-56
-62
-61
-47
-17
-23
-101
-71
-84
-84
-2
24
-28
-64
-22
-30
-5
-8
-65
-98
-49
0
-4
17
61
125
28
-49
32
31
16
10
11
-10
-64
-26
18
19
110
153
76
83
124
101
-11
-85
-45
2
0
3
20
16
-3
-37
33
140
93
20
63
42
2
0
-111
-83
-24
-94
-23
34
61
56
-8
74
86
32
29
-68
-153
-172
-140
-113
-67
4
0
-23
54
101
0
-68
19
20
-84
14
56
33
63
-8
4
58
46
50
101
63
65
123
-13
-27
15
-60
-5
17
9
-23
-40
30
59
106
102
42
61
95
48
-23
7
4
-106
-98
-105
-126
-52
-44
11
-22
-84
-30
-23
-75
-134
-152
-171
-140
-100
-69
-42
16
59
11
-8
-14
-19
25
36
-19
-22
6
1
30
81
23
-47
38
123
149
114
117
200
157
77
50
0
-50
7
32
3
6
23
68
91
195
162
96
148
80
7
-4
-27
-87
-57
-38
-89
-95
-96
-43
22
18
8
-21
-112
-107
-118
-111
-13
-93
-93
-75
-135
-62
-7
-47
-78
-64
9
49
-36
-37
12
-6
7
0
35
74
-43
-46
30
53
53
56
151
105
57
3
-101
17
26
-21
0
-13
-36
-6
129
60
37
137
94
92
115
57
-125
-99
-6
-99
-2
35
-22
-6
-5
-11
-30
-19
-64
-53
15
-88
-167
-116
-56
-5
-65
-17
86
-42
-115
-80
-17
31
15
9
-21
-54
-52
-10
-36
-1
45
-37
14
65
81
150
67
34
58
19
35
68
101
108
121
138
124
93
28
33
27
46
65
-50
-22
25
-70
-32
1
-50
-19
-31
-14
8
-44
-51
-117
-175
-152
-127
-87
-51
-81
-116
-43
-86
-115
-4
21
57
74
51
-17
-84
-75
-16
26
48
102
66
49
3
-27
31
49
105
77
56
110
36
12
82
115
146
135
126
144
82
41
74
29
48
43
-23
-18
-24
24
31
45
73
2
-50
-61
-46
-67
-92
-67
-79
-20
19
-14
-18
-41
-40
-42
23
-16
-71
-38
-53
-7
-80
-126
-119
-131
-50
-38
-59
-33
14
23
28
25
47
58
-3
34
52
47
30
57
151
63
-31
-37
-6
19
-15
33
17
21
41
-8
51
5
-70
-28
-11
-29
-104
-58
10
-60
-61
-21
-84
-93
-67
-163
-122
-78
-117
-43
1
-16
-58
-31
-67
-92
37
27
22
65
15
-12
35
111
43
-57
-30
10
-10
-2
40
32
47
114
63
7
-13
14
54
20
77
51
3
32
49
33
17
30
-33
-23
32
65
124
41
42
105
20
-23
-105
-121
-95
-106
-70
-71
-64
-70
-102
-121
-142
-164
-135
-89
-61
-23
-71
-96
-69
-89
-52
-110
-58
65
11
72
132
88
32
11
35
66
87
57
116
204
198
176
114
110
177
191
139
141
163
92
74
80
94
132
97
47
75
119
104
104
43
43
95
-13
-48
-45
-125
-112
-120
-106
-123
-228
-219
-208
-182
-116
-169
-231
-197
-190
-128
-89
-161
-154
-121
-121
-107
-94
-58
-22
-58
-36
-10
-3
103
33
-21
52
86
79
57
109
44
52
142
170
220
217
222
234
243
207
193
145
119
193
180
169
187
236
212
111
125
57
-24
65
144
92
-1
1
29
-23
-50
0
-2
-72
-113
-129
-123
-101
-142
-186
-193
-166
-131
-176
-183
-140
-137
-115
-63
-32
-40
-100
-128
-101
-118
-155
-94
-51
-56
16
-19
-30
9
16
76
91
101
35
22
60
43
62
-2
32
117
137
128
0
-14
64
5
-4
0
-86
-88
-83
-79
-63
-116
-104
-87
-130
-139
-173
-119
-78
-185
-191
-118
-73
-92
-161
-77
-54
-160
-144
-99
-94
-147
-139
-114
-73
19
-14
-38
-84
-5
107
-25
33
95
35
66
42
120
161
143
195
247
273
276
308
235
192
216
162
190
216
162
163
180
192
201
213
196
145
115
105
126
85
32
14
18
67
10
4
43
-25
-7
-21
-11
-3
-110
-110
-114
-163
-105
-112
-231
-195
-148
-147
-75
-40
-114
-161
-147
-178
-89
-46
-52
-14
-94
-107
-54
-97
-75
13
64
156
132
47
34
8
-9
-2
36
-26
-52
-6
-5
43
-34
-123
-40
-37
-86
-74
-115
-91
-79
-165
-216
-165
-122
-155
-125
-148
-122
-99
-138
-163
-232
-168
-179
-211
-208
-225
-214
-238
-215
-230
-194
-200
-246
-148
-128
-93
-24
-48
39
52
-41
22
91
129
180
183
176
198
276
326
311
365
350
301
407
430
393
451
428
440
488
483
485
439
439
432
441
403
394
504
467
422
348
313
392
373
377
354
269
232
183
154
183
199
93
11
67
13
-12
-20
-150
-142
-148
-161
-84
-139
-210
-213
-234
-207
-191
-217
-222
-187
-204
-249
-262
-238
-137
-137
-207
-177
-149
-203
-152
-73
-51
-94
-105
-64
-133
-147
-174
-136
-84
-180
-247
-305
-318
-339
-414
-444
-518
-540
-577
-712
-714
-773
-906
-895
-945
-973
-945
-1026
-1017
-1008
-1044
-1037
-1126
-1187
-1051
-950
-990
-908
-770
-700
-663
-648
-515
-383
-293
-178
-48
52
150
298
365
438
586
697
715
762
936
1050
1133
1247
1288
1379
1389
1315
1347
1349
1298
1258
1211
1160
1168
1175
1221
1153
922
904
813
633
572
455
408
364
284
217
67
7
66
0
-144
-196
-174
-176
-180
-202
-271
-319
-336
-257
-261
-316
-227
-211
-223
-200
-170
-137
-140
-39
74
41
34
41
70
195
169
87
73
117
187
145
209
216
137
210
170
151
152
103
133
160
140
90
71
45
17
20
43
-21
-162
-189
-124
-109
-168
-195
-188
-264
-306
-265
-257
-280
-313
-341
-371
-447
-486
-472
-438
-338
-327
-377
-406
-434
-384
-349
-365
-359
-296
-254
-255
-180
-120
-63
0
26
61
109
178
154
200
228
142
224
238
176
193
174
170
135
97
42
-77
-164
-205
-289
-379
-359
-446
-586
-606
-690
-798
-974
-1110
-1104
-1203
-1311
-1333
-1376
-1393
-1413
-1441
-1427
-1428
-1373
-1298
-1300
-1239
-1117
-957
-781
-684
-576
-437
-263
-66
88
244
401
593
778
864
968
1113
1213
1317
1430
1598
1752
1791
1856
1892
1943
1994
1949
1969
1915
1919
1992
1868
1764
1577
1521
1542
1362
1216
1081
1001
910
775
718
658
496
341
227
127
44
-46
-108
-200
-203
-237
-321
-309
-317
-231
-311
-397
-354
-381
-303
-281
-315
-308
-286
-199
-123
-135
-94
-59
-108
-16
41
6
40
-6
-38
-42
-50
-28
-104
-130
-157
-191
-142
-124
-202
-295
-264
-324
-402
-418
-470
-488
-588
-617
-649
-727
-673
-738
-779
-755
-768
-651
-669
-749
-738
-725
-611
-532
-451
-384
-361
-352
-372
-289
-164
-37
20
69
147
147
145
209
375
424
357
410
441
426
451
409
336
289
220
49
-74
-93
-202
-348
-481
-569
-723
-950
-1114
-1289
-1449
-1595
-1692
-1776
-1884
-1945
-2023
-2117
-2164
-2145
-2182
-2198
-2108
-1954
-1775
-1619
-1466
-1362
-1198
-967
-792
-551
-285
-41
253
491
714
980
1234
1545
1755
1889
2119
2317
2501
2696
2821
2948
3024
3021
3096
3144
3127
3094
3047
2969
2876
2777
2694
2604
2363
2161
1994
1755
1501
1367
1225
917
685
465
250
77
-147
-295
-415
-566
-672
-798
-917
-1011
-1148
-1264
-1312
-1261
-1256
-1241
-1142
-1176
-1123
-1049
-995
-892
-937
-867
-705
-636
-553
-450
-363
-292
-270
-264
-244
-211
-94
-49
-134
-165
-154
-128
-98
-114
-147
-180
-220
-263
-284
-307
-348
-359
-438
-533
-524
-564
-636
-664
-639
-659
-679
-658
-633
-433
-446
-611
-512
-450
-444
-388
-338
-298
-298
-245
-155
-137
-40
-12
-83
-62
-31
31
142
222
196
170
213
242
276
340
302
252
339
389
436
525
485
410
398
331
362
354
232
176
179
217
143
107
37
-7
-9
-193
-334
-511
-515
-518
-615
-574
-693
-817
-979
-1076
-1103
-1163
-1223
-1333
-1269
-1254
-1315
-1307
-1379
-1381
-1276
-1214
-1196
-1096
-955
-803
-635
-487
-293
-236
-198
-27
131
370
655
799
940
1106
1284
1423
1469
1575
1696
1786
1839
1935
2070
2121
2133
2117
2021
1923
1836
1785
1800
1698
1499
1419
1362
1236
1073
918
765
569
454
310
139
82
22
-122
-286
-361
-448
-541
-583
-629
-712
-686
-562
-579
-587
-593
-558
-472
-512
-438
-337
-285
-198
-116
0
42
-9
3
73
177
264
302
318
266
299
281
186
237
150
-13
-49
-68
-62
-102
-254
-306
-399
-584
-645
-750
-823
-823
-845
-877
-916
-915
-964
-1102
-1061
-970
-1036
-929
-854
-803
-646
-629
-523
-431
-433
-330
-243
-176
-46
24
81
249
340
383
438
401
415
497
580
561
551
650
660
675
691
570
498
484
496
525
450
362
243
216
230
-10
-83
-41
-206
-304
-476
-661
-701
-762
-881
-972
-1093
-1252
-1413
-1634
-1746
-1791
-1829
-1890
-2003
-1984
-1961
-1995
-1940
-1894
-1874
-1782
-1661
-1523
-1340
-1122
-897
-729
-487
-322
-182
126
307
522
808
1006
1246
1521
1680
1767
1922
2042
2113
2191
2274
2367
2454
2487
2486
2483
2422
2331
2274
2210
2089
1905
1837
1816
1671
1554
1389
1159
951
816
646
407
318
183
73
-5
-130
-259
-456
-558
-660
-780
-830
-809
-751
-730
-704
-728
-746
-708
-729
-630
-470
-366
-272
-200
-65
82
192
258
254
325
436
493
593
594
610
682
567
548
504
265
246
195
39
93
29
-121
-178
-329
-403
-464
-670
-740
-770
-835
-879
-817
-812
-959
-958
-1013
-955
-845
-948
-910
-842
-800
-732
-641
-639
-660
-498
-479
-406
-248
-296
-202
-70
-24
36
46
128
155
125
159
119
94
167
184
220
330
239
128
186
118
65
144
75
-14
83
62
-114
-196
-228
-248
-386
-485
-488
-577
-656
-766
-731
-735
-926
-996
-1076
-1093
-1109
-1207
-1167
-1225
-1352
-1344
-1349
-1321
-1296
-1350
-1359
-1320
-1216
-1105
-1018
-934
-846
-666
-435
-305
-213
-4
130
302
526
778
1016
1046
1216
1391
1522
1653
1650
1793
1957
2066
2154
2159
2208
2215
2193
2133
1984
1952
1938
1859
1857
1834
1668
1506
1405
1300
1126
987
909
779
680
526
388
397
300
107
-17
-139
-134
-177
-280
-320
-359
-344
-347
-336
-341
-294
-338
-367
-201
-188
-151
-63
-58
42
81
49
127
176
177
204
223
243
259
262
243
185
96
53
-6
-119
-120
-154
-306
-372
-409
-550
-727
-741
-831
-987
-917
-916
-947
-977
-1108
-1109
-1105
-1194
-1216
-1025
-958
-1038
-903
-878
-790
-647
-654
-628
-587
-382
-335
-357
-194
-209
-162
-55
-55
-13
8
52
137
252
229
214
330
304
330
400
401
406
438
471
491
541
479
495
527
382
397
407
288
280
249
174
76
-62
-155
-306
-488
-465
-524
-653
-678
-817
-961
-1156
-1321
-1422
-1528
-1520
-1552
-1642
-1673
-1707
-1707
-1652
-1629
-1583
-1520
-1461
-1342
-1215
-1025
-788
-643
-543
-404
-176
40
216
424
632
773
918
1231
1415
1462
1632
1703
1702
1808
1982
2058
2138
2232
2201
2235
2171
2031
2033
2020
1903
1845
1800
1716
1639
1523
1395
1270
1116
1000
930
783
669
552
422
404
361
218
89
-33
-98
-69
-75
-51
-109
-190
-187
-239
-249
-212
-165
-201
-285
-230
-179
-172
-90
-91
-124
-60
-81
-173
-193
-144
-146
-136
-120
-189
-286
-335
-404
-468
-429
-499
-616
-619
-663
-719
-726
-891
-960
-969
-1078
-1098
-1110
-1125
-1019
-905
-968
-958
-937
-972
-932
-935
-862
-818
-727
-628
-569
-464
-534
-398
-246
-317
-228
-166
-132
-57
-11
35
56
143
224
147
83
163
260
258
271
359
355
352
407
355
355
471
495
482
578
599
549
590
581
564
532
404
389
357
171
69
31
-34
-111
-226
-388
-545
-710
-884
-1061
-1178
-1209
-1306
-1431
-1544
-1601
-1623
-1680
-1666
-1706
-1741
-1658
-1618
-1474
-1165
-1015
-955
-820
-686
-492
-340
-133
179
455
671
776
950
1210
1295
1359
1468
1528
1679
1774
1901
2056
2112
2117
2003
1956
1918
1814
1755
1791
1815
1691
1610
1518
1353
1182
1022
935
790
665
634
474
374
290
67
-68
-227
-415
-463
-473
-520
-551
-584
-630
-698
-753
-773
-743
-710
-646
-459
-311
-240
-223
-185
-163
-50
77
58
178
258
319
379
376
496
482
361
324
331
371
295
194
147
80
2
-141
-209
-235
-372
-472
-462
-425
-458
-546
-625
-690
-686
-644
-806
-811
-586
-650
-722
-721
-741
-665
-643
-695
-637
-481
-497
-516
-375
-350
-292
-229
-234
-73
18
-45
54
159
146
300
336
288
384
392
421
516
664
753
719
662
629
722
670
534
646
676
526
481
421
250
67
-68
-278
-502
-601
-718
-744
-773
-995
-1242
-1494
-1694
-1863
-1976
-1958
-2014
-2112
-2158
-2138
-2103
-2143
-2207
-2216
-2177
-2076
-1794
-1395
-1179
-1114
-995
-846
-662
-419
-135
169
577
923
1120
1383
1582
1665
1796
1954
2137
2353
2523
2691
2860
2862
2741
2615
2519
2446
2396
2494
2538
2370
2118
1872
1681
1492
1305
1030
900
857
628
471
205
0
-142
-465
-616
-689
-753
-793
-819
-793
-869
-970
-1043
-1133
-1092
-984
-862
-666
-541
-408
-396
-443
-261
-118
-82
54
281
504
722
662
595
689
623
710
692
601
727
702
672
623
463
210
-66
-140
-198
-216
-201
-408
-564
-606
-771
-817
-820
-948
-988
-975
-947
-905
-829
-751
-729
-651
-592
-697
-732
-634
-551
-429
-282
-104
-1
112
207
76
-15
-14
1
270
597
800
869
754
657
559
485
630
938
1211
1361
1397
1346
1202
1068
943
839
851
899
1017
1084
1066
895
364
-421
-1053
-1234
-1034
-703
-592
-1005
-1735
-2451
-3117
-3576
-3613
-3352
-3336
-3551
-3737
-3984
-4068
-4126
-4308
-4431
-4333
-3942
-3359
-2669
-2164
-1932
-1985
-2140
-1973
-1409
-498
582
1331
1643
1682
1606
1747
2294
2963
3412
3716
3910
4016
4123
4228
4210
4030
3816
3656
3608
3699
3844
3716
3276
2626
2018
1760
1507
1334
1203
866
495
86
-247
-525
-809
-1063
-1229
-1361
-1485
-1447
-1374
-1364
-1401
-1548
-1661
-1491
-1156
-780
-417
-343
-347
-198
-53
249
592
795
988
1066
1195
1358
1467
1731
1811
1660
1509
1447
1543
1631
1440
1143
976
711
471
276
99
25
-196
-579
-971
-1177
-1161
-1168
-1246
-1422
-1595
-1700
-1714
-1637
-1541
-1361
-1328
-1331
-1218
-1047
-863
-802
-717
-516
-313
-169
4
138
152
102
192
427
703
993
1149
977
682
527
558
850
1140
1418
1493
1131
808
764
892
1028
895
551
411
505
757
934
806
346
-747
-1954
-2398
-1745
-461
26
-869
-2486
-3974
-4765
-4769
-4186
-3351
-2977
-3594
-4846
-5871
-5911
-5317
-4869
-4802
-5095
-5121
-4483
-3506
-2601
-2267
-2621
-3237
-3318
-2211
-224
1675
2659
2393
1396
614
789
2388
4509
5722
5617
4704
4055
4165
4696
5130
5347
5396
5121
4691
4548
4721
4891
4471
3286
2116
1733
2283
2969
2885
1913
627
-382
-925
-812
-348
-8
-264
-1246
-2131
-2517
-2254
-1477
-992
-1089
-1676
-2162
-1946
-1318
-677
-354
-218
-69
82
321
732
1188
1367
1474
1460
1586
2181
2754
2888
2352
1634
1379
1635
2143
2469
2491
2173
1412
592
-63
-226
290
675
542
-79
-857
-1205
-1293
-1442
-1644
-1741
-1553
-1242
-1309
-1638
-1706
-1561
-1464
-1564
-1558
-1089
-489
-245
-595
-1137
-1131
-480
314
620
467
149
-195
-386
-440
-23
807
1418
1184
170
-714
-860
-161
578
763
555
288
297
361
214
-246
-667
-631
-410
11
600
1146
1128
-244
-2586
-4442
-3955
-1228
1062
913
-1599
-4589
-6297
-6672
-5949
-4215
-2533
-2335
-4170
-6891
-8149
-7124
-5206
-4141
-4505
-5171
-4955
-3964
-2713
-1951
-2008
-2375
-2641
-1953
-98
2129
3893
4102
2838
1253
813
2614
5831
8317
8188
5849
3722
3489
4800
6349
7357
7551
6886
5408
3584
2775
3820
5498
5797
4246
2358
1644
1835
1885
1382
704
395
292
-53
-501
-722
-797
-1176
-1939
-2416
-2188
-1427
-711
-589
-1189
-1933
-2011
-1339
-470
80
316
427
730
1074
991
839
1147
1910
2522
2432
2236
2483
2753
2565
1840
1414
1998
2758
2626
1583
681
509
533
454
136
-96
-106
-570
-1379
-1975
-2125
-1846
-1474
-1512
-2007
-2501
-2681
-2476
-2306
-2363
-2277
-1860
-1305
-1158
-1699
-2151
-1834
-932
-233
-374
-689
-507
-87
-119
-492
-378
442
1131
803
39
-198
325
1006
1111
595
147
280
753
1192
1307
963
198
-447
-428
161
943
1657
1846
561
-2217
-4883
-4988
-1889
1660
2248
-828
-5009
-7486
-7927
-7026
-4838
-2138
-1143
-3640
-8397
-11447
-10136
-6280
-3555
-3463
-4912
-6000
-6147
-5391
-3969
-2485
-1587
-1635
-1803
-1100
779
2992
4280
4007
2438
1156
2052
5468
9064
10040
7746
4485
3244
4366
6473
8281
9372
9302
7252
3769
1230
2142
5588
7918
7029
3925
1354
474
558
894
1401
2008
1959
683
-1275
-2448
-2017
-1018
-717
-1211
-1842
-1866
-1376
-1093
-1412
-2037
-2188
-1518
-426
401
489
180
6
-55
-39
392
1528
2854
3288
2412
1062
635
1466
2541
2933
2740
2529
2394
1971
1115
405
507
1040
1093
646
431
387
18
-989
-2225
-2577
-1968
-1093
-576
-800
-1545
-2454
-3337
-3602
-3035
-1915
-941
-786
-1374
-2197
-2799
-2965
-2236
-983
-92
-42
-558
-988
-1208
-1182
-926
-297
450
739
228
-606
-751
-145
367
317
165
123
117
126
323
806
1203
833
-345
-994
-429
942
2145
2399
1702
-344
-3032
-4357
-2806
1025
3612
2388
-1765
-6062
-8043
-7477
-5056
-1686
389
-1171
-6317
-11259
-11965
-8487
-4221
-2377
-3472
-5833
-7744
-8149
-6671
-3885
-1485
-1097
-2222
-2942
-1853
609
2810
3622
2948
1694
1434
3562
7332
9805
9012
5882
3462
3924
6466
9235
10800
10423
8233
4862
2200
2558
5937
9388
9574
6203
2031
-38
283
1607
2869
3359
2968
1500
-784
-2549
-2564
-1170
-90
-295
-1359
-2105
-1813
-1230
-1417
-2298
-2798
-2237
-895
245
413
-145
-955
-1422
-1163
-317
1004
2403
2848
1771
26
-783
303
2171
3152
2875
2033
1489
1120
687
523
734
1050
1202
1004
638
283
-210
-904
-1734
-2230
-1844
-767
112
-169
-1652
-3173
-3687
-3167
-2317
-1627
-1135
-959
-1456
-2610
-3351
-2942
-1750
-803
-688
-990
-1192
-1358
-1617
-1724
-1397
-437
400
376
-385
-1304
-1450
-690
319
923
731
79
-392
-242
585
1264
1114
430
-37
134
645
1360
2480
2944
1108
-2665
-5195
-3140
2021
4944
2851
-2021
-5773
-7167
-7065
-5256
-1386
1891
486
-5679
-11622
-12325
-7899
-2895
-990
-2352
-5109
-7414
-8227
-6759
-3503
-708
14
-1106
-2512
-2650
-1125
1408
3585
3925
2373
1161
2713
6374
8737
7756
4970
3497
4464
6515
8299
9452
9908
8507
4878
1581
1723
5727
9948
10341
6546
1798
-600
-252
1438
3069
4130
4086
2129
-1126
-3673
-3626
-1347
676
758
-921
-2622
-3120
-2806
-2422
-2303
-2118
-1724
-1161
-813
-1060
-1518
-1567
-971
-495
-350
306
1562
2450
1694
-169
-1013
207
2350
3486
3231
2427
1774
978
85
-1
1020
2440
2781
1685
192
-596
-443
-218
-499
-989
-1040
-633
-374
-823
-1793
-2322
-2269
-2142
-2254
-2373
-1818
-993
-1075
-2111
-2914
-2566
-1581
-1055
-1094
-1111
-931
-960
-1263
-1387
-1133
-596
-143
14
-340
-1080
-1407
-1003
2
736
447
-422
-1150
-1099
-243
958
1860
1582
156
-1216
-1266
218
2550
4396
3912
601
-3650
-5415
-2456
3145
6298
4244
-1031
-5861
-8179
-7472
-3725
1311
3780
536
-6921
-12597
-12267
-7127
-1675
351
-1608
-5657
-9175
-9726
-6747
-2461
256
87
-1885
-3612
-3888
-2052
1389
4214
4146
1514
-219
1650
5668
7888
6662
4076
2782
3496
5277
7329
9053
9278
7004
3059
393
1720
6434
10405
10202
5921
876
-1413
-229
2762
5178
5886
4636
1721
-1566
-3450
-2460
540
2727
2204
-457
-2853
-3282
-2246
-1311
-1255
-1624
-1580
-1054
-974
-1527
-1950
-1643
-973
-644
-569
-91
1082
1799
906
-785
-1256
366
2573
3467
2836
1766
1228
912
626
814
1628
2708
2770
1569
287
-225
82
379
69
-384
-476
-301
-278
-831
-1607
-2058
-2004
-1809
-1812
-1714
-1498
-1333
-1685
-2442
-2663
-2315
-1663
-1139
-1230
-1508
-1684
-1723
-1620
-1502
-1340
-969
-556
-469
-795
-1405
-1613
-876
182
603
164
-538
-886
-723
49
1174
1947
1565
63
-1240
-1035
743
2855
4072
3287
44
-3738
-4859
-1728
3299
5721
3473
-1580
-6082
-8015
-6771
-2721
1908
3429
-556
-7756
-12435
-11286
-5949
-887
642
-1665
-5912
-9198
-9352
-6039
-1688
686
281
-1764
-3480
-3418
-1336
1758
3826
3458
1448
646
2821
6108
7462
5856
3462
2776
3943
6144
8221
9185
8339
5565
2445
1321
3357
7246
9882
8827
4616
370
-1015
825
3628
5101
4740
3060
733
-1655
-2955
-1957
478
1980
1018
-1469
-3231
-3261
-2281
-1698
-1848
-2013
-1744
-1197
-1133
-1639
-2052
-2116
-1443
-523
79
692
1229
1445
613
-741
-801
761
2891
3754
2855
1566
867
777
859
1125
1814
2409
2160
1036
-111
-456
-141
77
-155
-429
-543
-606
-868
-1504
-2061
-2177
-1826
-1562
-1670
-1770
-1927
-2226
-2694
-2963
-2439
-1407
-806
-1336
-2334
-2739
-2509
-1967
-1367
-744
-269
-414
-1258
-2148
-2047
-1161
-250
539
816
558
-166
-905
-705
123
864
1392
2162
2783
2009
168
-1060
-79
2291
3805
3766
2945
1837
-379
-2868
-2854
570
4566
4980
1178
-3750
-6574
-6503
-4518
-1550
755
193
-3737
-8599
-10796
-9123
-5463
-2571
-2120
-4069
-6918
-8548
-7634
-4870
-2415
-1566
-2013
-2522
-2161
-1124
188
1428
2003
1687
1508
2602
4846
6877
7076
5427
3482
2933
4463
7139
9343
9548
7528
4797
2738
2366
4088
6800
8678
7954
4792
1435
-230
244
1825
3432
4264
3529
1270
-1422
-2859
-2492
-1120
28
325
-93
-1247
-2768
-3944
-4012
-2922
-1542
-544
-236
-747
-1837
-2794
-2783
-1557
61
1176
1550
1282
525
-302
-455
405
1817
2904
3223
2756
1957
1270
829
866
1375
2071
2487
2410
1724
533
-453
-761
-488
101
443
176
-626
-1716
-2538
-2753
-2381
-1783
-1549
-1844
-2392
-3048
-3488
-3319
-2830
-2540
-2468
-2305
-1851
-1570
-2154
-3017
-2858
-1636
-473
-94
-287
-416
-663
-1284
-1419
-489
1092
2083
1545
298
-389
-192
548
1178
1596
2112
2483
2287
1548
623
158
703
1851
2997
3790
3724
2284
-466
-3058
-3194
-247
3402
4336
1331
-3355
-6851
-7919
-6478
-3322
-328
-54
-3605
-8842
-12042
-11225
-7368
-3439
-1975
-3312
-6211
-8537
-8381
-5873
-2899
-1040
-420
-478
-746
-803
-48
1729
3378
3680
3142
3529
5632
7818
7852
5826
4038
4103
5744
7791
9211
9579
8338
5707
2991
1965
3783
7043
9116
8207
4639
770
-1080
-439
1691
3614
3986
2776
269
-2565
-4294
-4171
-2249
-154
290
-980
-2922
-4198
-4466
-4106
-3307
-2165
-731
-28
-574
-1636
-2374
-2014
-803
472
1467
2144
2398
2019
1026
218
746
2323
3538
3741
3093
2296
1805
1399
1117
1287
1969
2618
2347
1046
-196
-797
-960
-853
-622
-295
-173
-754
-2112
-3587
-4239
-3787
-2614
-1644
-1628
-2496
-3692
-4342
-4322
-4032
-3252
-2014
-933
-869
-1982
-3001
-2873
-1803
-732
-273
-37
491
806
180
-849
-942
170
1506
1970
1535
1015
771
772
874
1164
1466
1627
1890
2207
2401
2209
1572
913
728
1143
2063
3066
3597
2955
301
-3119
-4501
-2340
1678
3602
1588
-2846
-6775
-8402
-7875
-5520
-2308
-661
-2603
-7433
-11428
-11323
-7812
-4131
-2691
-3613
-5356
-6592
-6464
-4633
-2216
-741
-578
-785
-386
867
2547
3957
4607
4171
3232
3398
5653
8817
10322
9133
6476
4641
5041
6867
8883
10156
9784
7742
4796
2384
2128
4045
6378
6879
4752
1444
-917
-1417
-895
-308
73
28
-703
-2147
-3791
-4490
-3933
-3183
-3078
-3286
-3169
-2876
-2685
-2807
-3203
-3349
-2898
-1733
-233
444
176
-214
-316
-27
298
947
2216
3449
3585
2422
1401
1482
2272
2895
3023
3219
3451
3062
1906
649
295
928
1648
1588
836
123
-531
-1357
-2191
-2721
-2465
-1807
-1584
-2086
-3107
-3838
-4235
-4663
-4830
-4237
-2891
-1921
-2122
-3268
-4328
-4366
-3596
-2341
-993
-66
147
-411
-1213
-1568
-977
479
2036
2690
2063
1097
831
1326
2045
2495
2740
2979
2926
2307
1572
1503
2292
3091
2985
2124
1590
2040
2707
2583
1489
392
360
1201
1866
1807
1519
1028
-693
-3608
-5341
-3759
23
2100
-68
-4580
-7899
-8673
-7685
-5978
-3962
-2719
-3984
-7402
-10338
-10338
-7481
-4519
-3550
-4512
-6000
-6226
-4650
-2130
-338
-231
-1082
-1413
-242
2015
4374
6275
6902
5649
3587
2964
5266
9128
11471
10536
7446
5133
5038
6385
7829
8487
8163
6688
4262
2065
1582
3086
4823
4536
1764
-1378
-2640
-2011
-919
-597
-1210
-2352
-3816
-4951
-4879
-3619
-2177
-1876
-2978
-4311
-4796
-4002
-2200
-501
52
-577
-1423
-1526
-673
484
1435
2231
2822
2936
2462
1871
1846
2529
3230
3456
3600
3785
3594
2804
1553
759
1144
2055
2508
2030
892
-205
-1108
-1846
-1943
-1319
-809
-1192
-2347
-3444
-3969
-4132
-4119
-3838
-3365
-3109
-3442
-3989
-4068
-3829
-3743
-3617
-2938
-1894
-1252
-1211
-1283
-956
-404
-352
-577
22
1512
2809
2925
2139
1465
1282
1553
2045
2760
3684
4147
3380
1621
337
599
2076
3474
3573
2412
1106
255
-3
370
1086
1768
1865
1218
204
-866
-1519
-1317
-613
-172
-520
-1228
-1356
-1419
-2794
-5122
-6094
-4444
-1949
-1509
-3433
-5418
-6043
-6281
-7052
-7179
-5529
-3183
-2767
-4694
-6277
-5846
-4174
-3190
-3294
-3229
-2246
-626
773
1538
1576
1253
1268
1872
2932
4286
5838
7337
7877
6650
4812
4326
5766
7713
8186
7159
6148
5916
5845
5157
4178
3833
4015
3697
2301
764
372
1089
1559
582
-1187
-2414
-2625
-2333
-2505
-2789
-2506
-2012
-1917
-2593
-3384
-3501
-2954
-2255
-1877
-1494
-856
-286
17
-147
-603
-632
181
1555
2487
2440
2015
1932
2208
2232
2079
2261
2766
3047
2584
1911
1749
1874
1828
1452
833
539
420
-51
-521
-864
-1136
-1309
-1674
-2210
-2667
-3161
-3546
-3504
-3198
-2994
-3167
-3661
-4064
-4084
-3873
-3430
-2784
-2228
-1984
-2067
-2028
-1716
-1108
-561
-313
154
871
1463
1628
1490
1452
1649
1975
2415
2984
3320
3078
2387
1671
1605
2256
2824
2881
2269
1387
736
454
706
1117
1139
567
-225
-780
-1001
-954
-811
-666
-855
-1550
-2305
-2500
-1959
-1411
-1707
-2557
-3039
-2698
-1991
-1749
-1929
-2175
-2377
-2561
-2705
-2223
-1182
-342
-372
-1503
-2759
-2920
-1746
-47
990
895
74
-712
-1045
-999
-493
390
1227
1403
879
125
-52
909
1897
1977
1233
388
646
1612
2249
2459
2269
2057
1853
1329
898
1077
1727
2179
1927
1222
859
1020
1157
820
34
-688
-666
60
707
804
302
-270
-579
-916
-1084
-750
117
1103
1380
732
-125
-199
528
1073
1048
873
1079
1660
1843
1373
957
1164
1626
1572
1020
655
890
1314
1267
909
797
961
956
391
-347
-595
-250
181
93
-232
-423
-628
-927
-1333
-1669
-1778
-1766
-1666
-1419
-1278
-1343
-1669
-2247
-2725
-2845
-2277
-1315
-677
-762
-1414
-1922
-1949
-1540
-997
-571
-149
-40
-342
-468
-179
483
1091
830
219
220
707
1392
1714
1684
1612
1450
1237
954
1156
1630
1776
1579
1064
798
836
981
1044
620
-28
-540
-581
-228
-29
-186
-734
-1274
-1563
-1739
-1727
-1579
-1304
-1101
-1258
-1602
-1850
-1647
-1184
-996
-1113
-1302
-1201
-911
-691
-502
-312
-230
-353
-586
-652
-340
155
585
611
406
233
131
416
920
1310
1122
700
667
884
1318
1578
1645
1681
1387
972
645
708
1246
1564
1290
624
122
235
545
354
-252
-833
-1111
-975
-740
-550
-418
-518
-861
-1485
-2218
-2415
-1695
-603
-66
-390
-998
-1179
-1065
-975
-889
-657
-130
312
350
20
59
701
1142
1055
354
-106
511
1498
2070
2016
1564
1358
1251
861
731
1097
1625
1809
1150
223
3
496
1044
877
-82
-1014
-1229
-872
-361
-65
-199
-484
-925
-1637
-2195
-1918
-882
-17
-12
-726
-1099
-916
-587
-392
-479
-279
104
203
111
143
439
693
743
501
239
301
640
1002
1005
890
981
1134
989
409
14
236
758
1058
806
427
369
313
-50
-487
-548
-269
-58
-155
-434
-675
-849
-945
-1002
-958
-933
-938
-858
-814
-839
-931
-742
-339
-195
-370
-652
-469
42
390
474
428
625
680
429
313
567
1073
1248
994
685
566
699
806
764
671
419
148
155
274
384
376
-54
-483
-579
-562
-439
-383
-371
-408
-718
-998
-979
-809
-633
-542
-514
-417
-449
-591
-529
-320
-10
174
-67
-202
-69
71
320
315
414
627
298
-187
-367
-54
562
887
766
326
-161
-459
-752
-744
-263
112
117
-218
-610
-755
-808
-921
-1111
-1135
-932
-672
-419
-343
-337
-508
-965
-1201
-968
-463
109
359
245
91
-301
-531
-332
3
479
646
439
206
49
51
194
497
724
585
201
-36
118
453
816
975
904
832
620
517
651
919
1166
1025
818
690
768
1177
1340
1240
921
543
437
379
532
858
979
925
462
-65
-56
105
270
284
42
-182
-304
-370
-421
-303
-163
-235
-545
-848
-750
-430
-318
-345
-443
-645
-862
-929
-752
-417
-133
-131
-384
-666
-796
-732
-491
-169
-9
-109
-207
-55
24
-160
-281
-220
41
290
301
293
523
793
786
448
131
183
412
452
275
330
614
723
548
99
-274
-390
-434
-468
-441
-299
-85
-121
-494
-918
-1238
-1228
-1094
-1034
-915
-814
-666
-508
-464
-604
-852
-855
-573
-269
-55
-22
33
302
448
367
228
322
752
1023
876
647
550
641
806
707
605
795
892
750
532
409
432
628
756
502
138
-97
-29
255
619
937
908
525
-344
-1296
-1678
-1328
-424
325
296
-573
-1643
-2174
-2046
-1763
-1743
-1942
-2205
-2324
-2099
-1414
-688
-339
-558
-1295
-1957
-1896
-902
407
1486
1973
1715
1089
697
857
1249
1721
2019
1913
1578
1230
1423
2080
2477
2117
993
-70
-415
-65
646
1173
1162
731
113
-545
-777
-504
-105
211
178
-173
-610
-718
-191
456
650
406
-46
-433
-446
34
575
869
934
502
1
-140
67
495
698
525
108
-186
-198
-29
118
170
123
-59
-337
-614
-566
-220
150
229
-30
-225
-260
-132
7
102
311
423
330
176
102
140
220
205
187
161
-58
-356
-512
-642
-696
-624
-685
-773
-990
-1298
-1428
-1416
-1162
-1004
-1069
-977
-817
-667
-601
-582
-346
59
400
420
385
629
1009
1350
1410
1205
986
816
672
674
824
1010
1138
1013
628
135
-206
-304
-360
-446
-464
-488
-513
-337
-103
-27
-251
-618
-970
-1069
-761
-391
123
637
775
714
497
221
252
484
542
343
146
267
624
1042
1268
1150
591
-607
-2110
-3070
-2822
-1624
-407
-132
-1031
-2361
-3277
-3455
-3068
-2644
-2543
-2734
-2882
-2595
-1926
-981
-69
444
298
-447
-914
-450
837
2266
3102
3107
2713
2337
2087
2290
2777
2995
2602
1581
701
795
1653
2394
2219
1205
-33
-1005
-1307
-1065
-581
-206
-179
-438
-824
-993
-757
-198
417
494
-77
-653
-750
-145
857
1725
2038
1718
1014
411
427
852
1539
1904
1539
902
335
315
691
1151
1319
1026
580
-1
-374
-313
99
537
586
286
-55
-170
-97
37
149
43
-354
-807
-958
-721
-283
34
-38
-449
-1003
-1485
-1713
-1822
-1906
-1927
-1937
-1856
-1694
-1592
-1566
-1634
-1749
-1706
-1598
-1497
-1211
-928
-747
-517
-125
533
1097
1282
1139
947
1069
1288
1470
1666
1703
1770
1757
1515
1349
1283
1301
1221
806
276
-148
-298
-56
246
273
16
-482
-1050
-1282
-1076
-676
-321
-263
-418
-460
-227
94
202
81
-149
-320
-215
126
545
944
1146
1005
534
44
-159
229
958
1220
988
455
-37
-1
282
424
227
-193
-623
-862
-529
152
588
299
-878
-2382
-3306
-3256
-2445
-1491
-1175
-1488
-2045
-2513
-2495
-2163
-1891
-1897
-2305
-2911
-3092
-2481
-1091
497
1223
820
-168
-838
-711
130
1160
1723
1698
1158
620
679
1429
2371
2690
2005
789
-118
-228
413
1397
2047
1861
1083
227
-90
319
1038
1570
1569
1091
377
24
471
1476
2339
2425
1839
968
412
594
1123
1608
1774
1358
622
108
91
582
1146
1324
980
168
-606
-906
-598
-11
334
370
84
-237
-198
-5
180
338
407
206
-255
-610
-596
-180
271
444
291
-46
-431
-870
-1201
-1346
-1326
-1361
-1493
-1524
-1514
-1451
-1426
-1575
-1800
-1907
-1849
-1914
-2162
-2257
-1880
-1089
-386
56
215
41
-170
-297
-280
-16
318
556
771
997
1201
1401
1617
1679
1361
842
262
-190
-139
291
791
1056
887
459
39
-67
239
585
640
329
-172
-334
25
529
845
912
705
294
24
-3
276
750
1045
918
234
-321
-456
-231
220
395
200
-263
-580
-601
-345
106
501
533
136
-228
-260
54
502
741
716
416
220
361
614
1126
1423
1331
999
262
-544
-1237
-1432
-1310
-1388
-1685
-2176
-2436
-2447
-2347
-2138
-2193
-2603
-3061
-3348
-3372
-3129
-2862
-2566
-2112
-1690
-1168
-361
389
1068
1567
1616
1368
1051
928
972
1152
1434
1644
1770
1749
1569
1366
1274
1275
1060
461
-323
-1039
-1358
-1178
-682
-117
236
417
361
145
132
349
796
1255
1407
1303
1165
1229
1557
1969
2190
2195
2025
1667
1462
1464
1586
1807
1790
1368
565
-131
-439
-377
-10
207
273
195
35
41
235
490
467
145
-274
-750
-974
-627
26
618
915
854
418
-112
-422
-516
-361
-407
-809
-1311
-1805
-1825
-1390
-1054
-962
-1085
-1472
-1946
-2196
-2121
-1757
-1393
-1199
-1191
-1258
-1133
-721
-199
220
484
539
424
274
363
754
1162
1428
1523
1327
1002
850
889
992
873
421
-101
-369
-396
-261
-142
-264
-441
-624
-887
-1148
-1335
-1245
-921
-760
-669
-433
-108
333
731
944
955
821
640
620
849
1179
1527
1589
1424
1202
1009
951
756
436
0
-368
-497
-427
-155
-46
-129
-368
-685
-934
-1088
-978
-694
-342
-163
-43
209
664
1249
1541
1554
1026
200
-566
-1103
-1023
-760
-627
-810
-1285
-1649
-1758
-1642
-1600
-1848
-2314
-2959
-3555
-3769
-3463
-2795
-2190
-1740
-1409
-1063
-414
406
1225
1849
2025
1800
1257
761
583
706
1154
1492
1697
1816
1730
1745
1666
1419
1054
522
-58
-580
-890
-996
-917
-654
-302
12
253
591
1000
1397
1760
1795
1616
1288
1005
883
724
909
1371
1750
2037
2212
2267
2367
2298
1873
1227
388
-231
-537
-696
-673
-532
-365
-198
-46
85
189
178
92
-115
-435
-629
-650
-533
-226
100
282
434
619
771
909
909
707
512
260
-142
-545
-874
-1098
-1361
-1685
-1891
-1834
-1673
-1570
-1543
-1722
-1928
-2099
-2163
-2013
-1879
-1699
-1438
-1242
-949
-584
-145
456
872
1154
1295
1229
1159
1064
990
899
685
344
54
-34
83
287
494
484
239
-20
-430
-744
-967
-1197
-1211
-1164
-1029
-760
-382
124
670
1098
1218
1152
1133
1058
983
1041
1192
1307
1213
1040
865
765
719
473
198
-93
-441
-639
-829
-984
-1037
-1137
-1175
-1304
-1429
-1340
-1127
-784
-403
-47
189
479
853
1154
1363
1410
1375
1252
886
356
58
-21
-167
-344
-622
-1006
-1282
-1453
-1615
-1718
-1872
-2075
-2217
-2446
-2533
-2403
-2125
-1738
-1469
-1059
-619
-129
589
1179
1650
1862
1741
1510
1199
1039
1058
1002
802
499
268
179
385
699
827
813
513
83
-285
-578
-635
-481
-306
-188
-188
-77
345
853
1391
1834
1990
1798
1488
1301
1249
1352
1438
1505
1324
1000
938
1032
1266
1451
1455
1276
954
683
500
321
120
-40
-218
-511
-711
-764
-617
-190
143
258
126
-162
-280
-293
-205
-68
-82
-215
-346
-452
-415
-148
92
128
-36
-371
-658
-831
-913
-1009
-1264
-1508
-1898
-2312
-2479
-2452
-2114
-1653
-1272
-1075
-907
-763
-773
-573
-218
58
179
110
195
482
833
1268
1591
1742
1706
1567
1424
1194
1020
875
590
255
-217
-734
-844
-710
-585
-453
-431
-466
-524
-623
-595
-493
-468
-491
-515
-323
-19
376
798
1098
1308
1339
1371
1389
1345
1233
1081
843
553
312
51
-172
-350
-487
-609
-742
-857
-869
-885
-895
-929
-1069
-1131
-1162
-1046
-755
-401
-15
300
729
1203
1468
1742
1972
1973
1746
1170
429
-154
-475
-727
-942
-1169
-1414
-1548
-1619
-1727
-1926
-2109
-2369
-2775
-3163
-3359
-3352
-3022
-2483
-1914
-1423
-910
-241
345
1109
1704
1869
1753
1346
1001
702
673
843
955
952
728
611
689
837
1011
1000
829
486
-72
-318
-325
-243
-27
140
293
317
511
1031
1524
1885
2250
2297
2113
2026
1857
1857
1849
1694
1518
1336
1246
1268
1351
1425
1439
1181
856
507
93
-179
-492
-795
-1069
-1311
-1399
-1449
-1395
-1187
-976
-763
-565
-392
-262
-129
60
147
198
249
284
229
198
296
337
468
487
375
209
-93
-400
-769
-1036
-1319
-1651
-1893
-2193
-2386
-2414
-2314
-2003
-1647
-1300
-975
-780
-559
-320
-185
-69
86
245
318
422
565
877
1291
1487
1560
1441
1241
961
601
425
224
32
-121
-420
-629
-706
-634
-472
-413
-380
-375
-312
-107
48
167
298
367
447
459
485
710
1003
1219
1344
1412
1321
1243
1139
864
653
361
-25
-299
-535
-714
-797
-892
-919
-952
-1138
-1154
-1011
-976
-969
-938
-905
-744
-448
-105
252
612
998
1187
1233
1277
1313
1301
1022
623
204
-145
-471
-816
-1109
-1478
-1708
-1916
-2102
-2136
-2261
-2247
-2220
-2370
-2520
-2649
-2543
-2268
-1957
-1484
-954
-388
196
717
1205
1611
1815
1753
1634
1443
1170
1030
911
744
528
410
436
416
441
525
601
574
498
430
261
165
120
40
55
120
323
729
1183
1665
2021
2253
2430
2452
2390
2253
2061
1876
1624
1314
1048
879
769
680
597
512
391
197
74
-147
-405
-564
-871
-1044
-1088
-1101
-993
-1023
-996
-812
-657
-422
-114
173
395
496
504
463
392
309
155
-108
-454
-729
-920
-1000
-970
-984
-1044
-1213
-1411
-1497
-1637
-1793
-1891
-1934
-1926
-1852
-1678
-1447
-1159
-835
-492
-225
38
370
596
714
851
911
907
911
964
1026
964
947
890
806
741
644
572
564
567
465
367
252
203
130
45
-25
-214
-268
-200
-44
177
387
627
760
797
790
774
789
790
780
713
646
622
623
626
636
639
538
473
277
-29
-214
-424
-595
-763
-1044
-1277
-1342
-1216
-975
-729
-465
-240
-45
55
96
219
354
543
627
546
605
793
978
1211
1363
1179
835
352
-229
-702
-1118
-1496
-1900
-2286
-2589
-2742
-2689
-2574
-2435
-2288
-2262
-2278
-2256
-2160
-1994
-1850
-1632
-1450
-1259
-1007
-658
-75
465
945
1322
1487
1370
1133
1007
756
529
244
61
99
61
267
570
824
1045
1094
998
818
674
614
642
651
631
650
724
970
1363
1681
1985
2240
2292
2330
2272
2157
2173
2059
1784
1397
938
539
238
200
192
126
120
-26
-147
-243
-395
-465
-639
-872
-1054
-1280
-1345
-1098
-755
-368
-36
247
500
535
664
796
713
612
341
46
-132
-342
-479
-476
-501
-558
-651
-849
-943
-1051
-1228
-1340
-1530
-1759
-1982
-2002
-1898
-1790
-1480
-1175
-926
-682
-442
-195
79
358
457
533
637
564
509
610
617
610
624
509
525
587
537
574
529
360
199
41
-46
-105
-85
-84
-137
-176
-140
35
99
234
508
708
869
956
1086
1159
1073
947
820
673
513
503
481
376
371
386
312
157
-39
-245
-504
-820
-990
-1110
-1187
-1093
-1126
-1097
-942
-906
-756
-541
-278
-56
-25
99
292
446
534
575
635
696
797
799
768
781
646
489
237
-221
-685
-1075
-1297
-1420
-1690
-1921
-1971
-1986
-1946
-1862
-1845
-1797
-1689
-1712
-1669
-1510
-1254
-940
-714
-336
21
302
666
832
906
1013
975
889
756
572
436
272
219
111
-23
-62
-18
222
334
400
489
559
617
586
678
752
754
812
862
975
1144
1392
1629
1790
1947
2008
2050
2020
1837
1693
1477
1147
848
601
459
363
296
248
208
244
152
49
53
-84
-251
-379
-556
-654
-675
-620
-421
-203
-59
18
217
459
536
576
573
534
320
-42
-268
-444
-534
-599
-743
-883
-1044
-1131
-1165
-1100
-1112
-1292
-1317
-1420
-1646
-1734
-1694
-1619
-1542
-1381
-1251
-1009
-664
-419
-96
154
309
390
321
284
287
334
349
305
239
189
248
294
396
490
487
461
324
217
41
-189
-235
-290
-365
-339
-243
-173
-57
220
382
471
504
551
629
575
640
644
632
746
742
721
740
707
719
753
650
578
521
407
187
-44
-222
-445
-569
-661
-624
-604
-632
-475
-288
-64
21
114
242
183
257
301
232
264
334
433
467
543
625
644
759
731
560
271
-111
-451
-869
-1260
-1602
-1823
-1957
-2122
-2144
-2063
-1915
-1697
-1580
-1479
-1385
-1445
-1384
-1266
-1160
-972
-792
-483
-116
252
560
896
1271
1446
1470
1319
1109
890
607
374
217
148
143
199
287
436
608
782
875
861
883
790
664
708
787
844
899
957
1033
1113
1315
1502
1628
1730
1619
1444
1267
1015
765
539
254
48
-120
-363
-346
-236
-222
-88
-48
-122
-102
-211
-333
-422
-612
-821
-1001
-1013
-922
-650
-349
-192
64
255
299
317
266
181
59
-152
-350
-510
-546
-558
-696
-710
-684
-717
-693
-691
-680
-622
-646
-778
-1001
-1166
-1220
-1276
-1221
-1003
-760
-535
-243
23
326
593
638
703
708
618
561
560
580
573
586
521
490
438
413
489
488
486
412
263
156
7
-148
-237
-326
-410
-442
-388
-285
-128
47
121
218
266
181
151
202
230
225
187
116
129
164
174
202
247
303
218
49
-40
-121
-281
-432
-455
-529
-614
-562
-534
-444
-271
-140
54
213
290
422
465
488
527
516
525
464
425
566
608
561
586
556
522
387
168
-102
-436
-636
-871
-1104
-1231
-1316
-1279
-1260
-1183
-1040
-969
-861
-798
-638
-535
-564
-531
-490
-446
-435
-373
-299
-158
10
125
227
314
409
353
272
235
77
12
-111
-257
-221
-243
-115
19
89
296
442
580
733
827
847
853
820
684
646
645
650
695
742
832
891
984
1021
953
921
885
779
667
428
235
263
183
123
117
66
69
116
246
290
316
317
198
174
72
-113
-184
-266
-326
-356
-343
-190
-47
-2
15
30
59
-32
-169
-221
-340
-522
-682
-747
-765
-815
-853
-852
-780
-762
-813
-767
-825
-887
-843
-929
-866
-797
-829
-654
-449
-320
-196
-20
194
338
406
454
457
413
457
428
317
289
224
238
261
218
284
292
200
165
59
14
38
-44
-81
-120
-153
-143
-95
-17
94
218
261
302
399
496
552
573
538
453
355
352
358
376
411
335
358
352
245
169
90
47
37
-121
-314
-376
-388
-334
-305
-263
-180
-135
-102
-12
120
253
315
275
282
254
194
187
119
99
101
1
-128
-310
-412
-455
-600
-739
-925
-1112
-1183
-1315
-1335
-1189
-1065
-1015
-1025
-925
-837
-760
-619
-503
-391
-408
-428
-274
-143
-29
124
138
221
301
174
212
234
194
187
110
141
161
192
360
527
673
743
811
918
935
946
951
966
987
920
904
882
781
787
724
661
699
597
588
568
467
493
457
457
468
324
251
215
120
132
109
100
117
83
158
192
196
226
213
191
91
-73
-256
-404
-443
-541
-654
-596
-571
-549
-410
-345
-333
-307
-300
-292
-407
-551
-478
-532
-646
-591
-638
-630
-605
-597
-515
-564
-509
-399
-418
-441
-459
-452
-516
-530
-432
-416
-362
-274
-282
-113
78
119
187
219
297
339
318
362
262
187
207
172
169
191
243
285
358
415
431
462
360
350
367
225
153
94
64
83
105
120
182
266
349
455
507
515
503
483
389
267
202
81
-13
-33
-35
50
-5
-56
28
18
12
-61
-117
-78
-85
-67
-92
-99
-31
-23
32
90
145
209
194
212
163
88
-43
-276
-419
-601
-758
-860
-973
-1002
-1037
-1023
-924
-796
-822
-884
-825
-800
-780
-788
-658
-530
-486
-395
-289
-105
32
143
225
281
345
330
270
219
136
-8
-55
-94
-168
-141
-30
194
348
429
595
740
803
834
862
880
886
826
783
825
901
973
1003
972
1008
1026
888
750
624
549
437
212
57
-23
-56
-61
-55
-64
-57
-20
21
61
90
100
69
30
49
35
-22
63
49
-5
23
24
28
-91
-122
-124
-254
-338
-411
-518
-585
-640
-718
-669
-659
-697
-687
-721
-660
-578
-631
-655
-650
-714
-712
-656
-655
-574
-535
-533
-410
-307
-226
-222
-219
-200
-213
-162
-148
-160
-102
-93
-87
38
81
42
133
298
326
313
373
421
320
241
300
239
186
191
196
238
288
317
341
380
423
412
381
395
385
393
400
355
272
220
211
217
211
270
320
275
345
395
428
392
267
238
177
98
28
11
80
56
52
99
88
146
224
243
213
203
198
162
100
10
-70
-157
-329
-499
-499
-551
-598
-588
-598
-531
-542
-601
-625
-658
-654
-710
-850
-845
-804
-777
-675
-658
-551
-409
-365
-289
-276
-241
-124
-118
-138
-135
-130
-167
-186
-160
-180
-126
-116
-74
-14
102
299
340
394
478
518
569
622
646
671
691
724
749
651
681
642
521
572
518
513
470
333
332
328
277
180
29
-12
55
44
103
174
165
244
306
361
391
359
375
346
325
317
253
253
273
252
138
112
139
-13
-16
27
-80
-196
-255
-238
-265
-318
-341
-358
-402
-350
-310
-367
-422
-487
-467
-479
-534
-557
-601
-544
-467
-411
-344
-310
-289
-246
-221
-178
-156
-219
-295
-326
-283
-297
-278
-239
-212
-142
-114
-9
127
152
180
292
289
291
361
310
284
258
296
363
319
339
352
363
437
447
469
459
293
246
223
123
150
115
98
39
22
114
64
95
167
148
118
58
-35
-68
0
9
-96
-152
-130
-91
-108
-88
-43
-28
5
-21
-101
-154
-100
-114
-181
-138
-156
-242
-265
-261
-249
-295
-413
-392
-408
-555
-569
-632
-646
-583
-606
-519
-477
-489
-401
-236
-151
-174
-130
-96
-72
-4
18
38
131
146
129
207
288
316
273
307
366
355
387
382
338
323
291
310
339
360
435
454
529
676
747
734
764
781
745
709
576
509
432
357
381
292
240
202
104
151
216
93
58
88
-8
-45
-123
-272
-326
-325
-326
-315
-294
-270
-179
-122
-106
-62
-105
-73
-125
-237
-203
-205
-202
-298
-271
-160
-221
-215
-162
-108
-76
-63
-58
-61
-84
-180
-212
-197
-254
-322
-318
-260
-245
-291
-245
-133
-160
-237
-190
-170
-225
-217
-240
-174
-47
-114
-96
23
44
130
125
123
162
92
121
126
87
71
30
82
80
45
98
101
151
171
118
135
158
148
109
67
10
7
46
0
18
85
80
125
139
117
94
56
26
-46
-87
-153
-212
-268
-320
-354
-379
-323
-387
-399
-336
-408
-411
-375
-329
-287
-319
-252
-193
-220
-64
31
-29
-40
-59
17
1
-91
0
12
-1
54
56
60
0
48
133
56
-22
-15
12
-12
2
10
-19
17
117
145
209
345
440
487
512
572
611
621
577
548
509
486
488
435
393
330
288
244
208
175
178
168
133
146
98
84
113
80
-1
-54
-4
64
16
-26
56
80
61
72
13
-17
-27
-139
-156
-123
-158
-171
-217
-148
-83
-120
-106
-160
-217
-200
-198
-227
-267
-231
-197
-210
-129
-66
-80
-103
-26
38
3
7
-63
-84
-19
-60
-159
-180
-175
-169
-127
-98
-15
-50
-60
-19
-95
-116
-143
-139
-188
-266
-191
-189
-185
-172
-190
-152
-172
-128
-92
-149
-94
0
47
66
18
-9
23
27
30
7
-45
-51
-63
-78
-121
-172
-185
-199
-231
-242
-229
-249
-256
-241
-229
-252
-271
-275
-304
-257
-212
-253
-245
-289
-323
-201
-189
-221
-193
-204
-133
-74
-75
-103
-145
-123
-132
-171
-158
-149
-113
-81
-113
-27
57
63
68
105
200
238
310
292
237
277
300
358
350
300
334
381
387
377
436
410
334
413
358
262
329
294
259
319
357
329
331
369
325
387
474
405
337
243
208
272
224
180
210
212
304
350
385
413
331
351
329
294
252
117
48
28
19
-8
-29
-62
-50
-15
6
89
94
65
4
-63
-26
-105
-162
-138
-254
-241
-172
-166
-136
-174
-168
-124
-97
-78
-101
-144
-126
-160
-185
-150
-203
-181
-230
-292
-160
-118
-121
-136
-138
-94
-90
-93
-148
-135
-104
-153
-153
-167
-231
-195
-227
-312
-217
-229
-188
-99
-152
-136
-163
-118
-118
-223
-246
-328
-314
-348
-370
-298
-376
-411
-409
-404
-370
-376
-381
-349
-328
-286
-251
-284
-284
-208
-93
-107
-154
-102
-105
-138
-140
-107
-62
-109
-132
-86
-73
-64
-84
-67
-11
-14
30
32
15
67
95
186
272
282
265
284
295
336
347
342
449
344
245
306
364
386
274
281
305
300
316
238
207
203
189
179
204
207
127
114
171
202
239
295
288
280
315
372
384
343
382
412
308
234
266
243
248
250
220
240
278
202
73
132
169
97
79
122
123
64
6
-47
-40
28
44
25
26
-9
-44
36
27
5
-1
-142
-129
-155
-196
-121
-81
-84
-106
-65
-35
-52
-90
-70
-95
-50
-29
-130
-168
-187
-136
-151
-164
-126
-112
-54
-47
-23
0
-5
75
79
-57
-112
-90
-129
-113
-155
-199
-124
-186
-210
-132
-151
-103
-133
-151
-139
-222
-229
-291
-319
-324
-306
-255
-292
-322
-277
-252
-305
-273
-307
-285
-211
-339
-331
-293
-330
-280
-238
-225
-253
-223
-171
-162
-173
-132
-110
-175
-136
-32
-68
-87
-27
-82
-25
67
16
-44
-33
12
-21
-22
1
15
5
39
150
138
180
262
250
357
376
335
335
225
245
250
156
162
146
180
260
251
290
352
372
383
397
425
400
381
355
372
440
386
309
336
338
346
381
379
364
388
369
272
275
254
213
200
131
110
93
104
93
35
33
74
81
33
23
35
-38
-54
-68
-123
-54
-61
-127
-91
-78
1
87
37
48
68
1
-33
-17
-63
-138
-176
-136
-57
-69
-111
-62
-7
-130
-109
-5
-91
-123
-182
-210
-180
-135
-113
-193
-237
-169
-48
-112
-126
-92
-135
-91
-170
-173
-133
-232
-320
-297
-260
-356
-313
-330
-355
-208
-198
-180
-166
-180
-165
-155
-114
-144
-170
-174
-167
-80
-91
-164
-160
-102
-47
-82
-98
-83
-74
-60
-54
-19
-62
-102
-52
-58
-89
-12
16
-44
-48
-42
-5
-10
-44
-25
-74
-39
-2
-33
27
48
89
74
64
139
110
84
95
64
61
139
136
108
92
121
231
258
307
267
202
263
233
238
230
193
330
352
256
327
367
347
346
322
369
324
239
249
232
217
260
233
151
181
181
186
205
157
150
172
176
69
3
54
-21
-44
-12
-35
-24
-54
-82
-77
6
14
-9
7
-36
-27
-30
-14
-33
-55
-20
-72
-68
-70
-106
-106
-118
-90
-142
-191
-208
-256
-272
-290
-326
-313
-287
-301
-290
-299
-258
-222
-169
-108
-145
-165
-130
-151
-181
-195
-197
-169
-145
-104
-129
-123
-94
-116
-92
-32
-66
-104
-75
-126
-90
5
-53
-90
-140
-129
-81
-188
-191
-109
-89
-75
-61
-58
5
8
-54
-16
47
20
-66
-55
-36
-119
-127
-60
-74
-104
-131
-168
-151
-112
-61
-51
-47
-8
-54
-59
21
-36
-107
-88
-95
-53
-52
-6
63
44
139
226
252
254
221
174
142
215
194
157
156
114
115
143
154
90
77
106
105
106
149
140
132
121
120
192
101
89
118
84
104
94
143
110
117
169
93
87
84
74
107
118
121
117
95
146
172
92
80
70
23
-19
-35
-11
-43
-66
-28
-11
-6
-4
46
36
-38
-3
46
53
-17
-85
-65
-142
-142
-90
-163
-157
-95
-55
1
-25
-31
30
-33
-35
-2
-19
-42
-141
-171
-67
-55
-112
-115
-91
-40
-3
-16
-8
64
26
56
90
0
41
-48
-108
9
-32
-49
-21
-119
-98
-58
-77
-43
-88
-136
-116
-104
-114
-168
-165
-129
-208
-215
-195
-237
-239
-247
-249
-202
-170
-201
-200
-164
-186
-167
-41
7
-50
-20
37
-22
-9
16
-25
19
1
-27
21
23
15
22
55
86
79
69
71
79
96
114
118
87
98
161
60
-7
75
99
151
194
149
108
148
196
157
130
159
145
155
163
121
103
40
17
72
59
9
0
9
44
52
111
120
98
117
56
26
52
105
66
77
89
0
91
54
23
90
24
97
62
0
59
3
-10
-25
34
74
-35
-34
-37
-107
-80
-84
-77
-54
-88
-28
-13
-26
-1
13
0
-40
-21
-8
-80
-116
-28
-7
20
27
-10
26
40
131
165
179
220
158
166
172
153
120
71
39
110
135
6
27
-1
-81
-4
29
20
42
36
25
-18
37
61
-42
-31
11
6
-86
-83
-23
-40
-28
-64
-103
-119
-62
-52
-42
8
-17
-8
-8
-11
-34
-57
-92
-117
-39
-10
-37
-73
-95
-97
-27
43
-6
-26
-54
-14
45
29
41
54
84
69
25
-1
-26
-54
-62
-52
-30
-29
-79
-54
-23
-50
9
33
-4
0
-47
-48
-4
-57
-94
-126
-165
-103
-108
-157
-107
-58
3
24
93
87
-65
-10
66
7
-36
-21
16
7
-38
-28
7
15
22
12
72
50
-24
38
66
84
65
-21
-7
-12
-67
-103
-95
-50
-51
-22
4
-1
21
16
-3
8
38
-1
26
38
-38
0
-20
-10
40
-6
14
-37
-62
36
40
51
11
-33
4
-8
-17
3
21
59
-2
-43
16
16
-3
-19
53
64
29
70
-17
-47
46
13
22
145
143
66
43
48
41
-62
-113
-74
-63
-43
20
22
13
112
131
148
100
-26
56
134
119
157
158
154
84
40
114
102
74
43
114
168
134
142
67
135
129
31
96
77
25
-10
-16
-14
-11
-17
-45
-19
-8
-33
-19
20
0
42
29
-49
-7
-29
-67
-33
-60
-129
-170
-132
-142
-202
-148
-84
-74
-43
-57
-120
-125
-102
-53
-40
-99
-126
-104
-141
-160
-144
-240
-208
-135
-131
-64
-63
-12
44
-13
36
88
-19
-70
8
26
-34
-21
-33
-34
-1
-64
-98
-66
36
75
40
54
32
25
31
37
40
34
32
43
43
64
94
129
142
32
15
73
68
62
13
9
55
18
33
122
78
26
60
61
67
70
-47
-121
-16
-1
-36
10
30
34
6
-10
25
-9
-51
46
83
0
24
44
56
89
18
15
-3
-61
6
56
69
41
26
65
73
55
19
12
40
23
-21
16
31
-14
-47
-31
-16
3
93
18
-25
67
57
62
66
40
21
4
-15
-21
-43
-83
-18
-27
-87
-107
-111
-54
-31
-44
-55
-29
38
62
-15
-20
103
76
-32
3
-27
-83
-106
-94
-22
-82
-69
23
2
-51
-64
-30
-4
-33
-78
-46
21
-3
-92
-71
43
-15
-146
-118
-70
-76
-57
-83
-76
-22
-25
-58
-115
-47
-42
-29
12
-28
-3
-32
-48
-52
-27
-3
-14
27
-23
-12
70
42
33
34
18
30
55
54
15
76
74
-14
58
127
41
-65
9
100
85
75
72
90
55
1
35
38
-39
-55
-34
-93
-69
-47
-86
-46
-24
45
48
-13
-10
12
102
64
-46
-13
35
35
-2
-25
-13
24
-15
-83
6
51
-7
21
56
95
157
100
93
61
32
90
58
78
34
9
15
-26
18
44
37
35
32
33
60
26
7
0
-4
4
-76
-21
-10
-80
-71
-79
-50
-111
-116
-21
-32
-39
-26
21
112
29
-83
5
34
-34
-19
46
46
60
82
-18
41
96
71
50
26
47
-23
35
25
-83
-100
-96
-16
-115
-131
-48
-80
-6
-49
-109
-42
-24
-126
-157
-8
11
-5
12
3
29
4
42
37
2
13
-59
-51
-39
-68
-24
-77
-135
-57
-28
6
41
-62
-56
71
96
108
33
-105
-37
127
88
12
97
84
27
54
121
41
-10
51
35
52
26
68
86
-23
-8
11
-26
-58
-53
-13
-17
-10
10
29
71
-3
-86
16
21
-52
32
70
45
10
18
85
103
85
53
66
84
37
-10
-15
-26
-14
18
14
49
24
-6
23
0
-45
-78
-72
-78
-38
6
22
25
55
98
22
87
124
0
64
72
22
76
3
-40
-67
-123
-91
-99
-118
-86
-120
-204
-145
-132
-157
-116
-185
-114
-74
-114
-11
-19
-36
-41
-37
4
53
117
30
39
106
56
74
65
26
58
56
38
28
28
17
12
5
-15
-63
-61
36
20
-10
-20
-92
13
73
4
59
39
58
135
100
104
70
46
11
-69
-5
20
19
15
-42
-8
15
-3
-5
-53
-74
-82
-103
-109
-164
-103
-15
-55
-64
-12
76
84
82
82
50
110
90
76
132
147
143
86
55
121
130
81
11
-39
-74
-73
13
43
-13
-89
-124
-113
-81
-83
-139
-168
-75
39
44
98
147
47
32
45
27
64
-10
-29
65
38
57
92
28
33
-38
-33
38
-41
-10
28
-25
-23
-35
-64
-41
-70
-53
107
123
7
-11
0
9
15
-68
-61
16
-7
-16
-12
-9
-37
-32
-35
-76
-102
-58
-9
-111
-136
-89
-86
-111
-159
-162
-124
-93
-118
-84
21
33
5
-3
25
18
10
65
46
30
-4
-16
-16
36
133
41
17
76
52
9
-18
6
35
24
-44
-43
12
-1
13
14
-2
43
52
69
44
-18
6
2
16
85
88
65
0
-3
63
6
-24
27
19
-25
-74
-85
-4
26
-49
-1
10
-65
-32
-16
30
49
11
-22
17
85
30
50
73
14
78
104
74
48
13
27
-17
15
54
-5
-39
-80
-57
-53
-79
-29
-21
-34
-51
-72
-92
-43
19
25
63
5
-28
62
41
13
30
-52
20
95
-2
3
46
-10
-8
62
55
29
-26
-26
6
2
33
0
-45
-18
9
-75
-97
-33
-100
-81
-75
-95
-10
-81
-42
10
32
103
-7
2
5
-20
13
-49
-50
-19
-12
3
3
-3
-27
40
116
94
27
-58
-33
23
-5
6
13
-37
13
33
4
-8
-74
-64
-31
-17
18
20
-36
-34
-103
-146
-40
-102
-116
-83
-109
-28
28
-1
15
18
-41
-47
-38
-22
-5
-18
28
-29
-86
35
52
2
90
88
41
117
80
66
46
-117
-91
-33
-59
45
27
-93
-57
19
29
46
17
-37
79
73
-33
109
79
-34
84
47
-11
12
-53
0
39
-19
2
24
35
39
33
11
-22
5
25
0
14
27
-18
-59
11
33
-59
-54
-9
-27
-42
10
62
68
106
83
28
77
83
18
19
90
59
9
24
10
-56
-70
-31
-60
-24
-38
-75
27
4
-10
36
-60
-37
37
-4
-28
20
72
70
71
90
91
38
40
25
-15
41
66
49
54
28
-29
-43
31
53
-13
-31
-56
-37
-35
-86
-75
-41
-34
-45
2
-8
15
54
-17
-4
-44
-10
77
-15
-5
11
-21
-21
-76
-29
-34
-168
-142
-62
-21
1
-21
-20
-76
-83
-24
-5
13
-12
4
42
9
24
69
48
17
40
77
65
39
50
54
26
33
61
88
77
-4
-52
0
-51
-89
-19
-118
-108
-70
-100
0
-42
-102
-20
-11
-23
29
3
50
103
79
130
94
42
-14
-10
49
8
-48
-74
11
27
-51
-50
0
5
-66
-75
-61
-99
-160
-122
-8
-5
-46
-4
46
37
65
103
19
7
65
49
98
40
-33
29
28
42
73
-72
-101
-24
-114
-107
-61
-68
-39
-78
-58
28
52
30
-23
0
30
17
23
24
44
46
130
146
79
92
69
106
122
115
91
53
90
126
140
46
9
28
-8
-42
-90
-117
-173
-158
-18
-35
-15
40
32
119
51
4
158
152
22
26
29
17
-9
-23
-36
-116
-80
-72
-93
-62
-104
-48
-23
-47
9
-17
71
63
-12
109
31
-17
49
1
-16
-53
0
39
17
117
79
-18
2
68
92
110
76
11
50
33
42
32
-68
-106
-99
-97
-92
-78
-101
-92
-73
26
91
61
48
-15
25
88
47
0
-13
-19
-88
-106
-20
-34
-139
-90
-24
-38
-24
12
24
-1
67
113
-2
-31
0
-54
-73
-51
-27
-74
-84
50
74
-33
-28
41
93
75
80
53
-14
49
23
35
64
-41
-105
-130
-114
-51
-52
-63
-51
-89
-42
53
72
87
35
7
87
94
122
-12
-166
-85
-80
-24
-42
-73
-9
-68
-17
79
37
67
143
102
97
109
100
46
-10
15
-62
-116
-98
-150
-63
-22
-43
13
-71
0
133
95
154
119
0
77
130
58
-34
-131
-145
-49
-13
-14
-48
-159
-82
47
42
28
54
104
107
115
61
-63
-20
82
-4
-82
-79
14
12
-54
29
-24
26
95
23
120
143
52
61
132
107
60
22
-26
-20
-50
-73
-110
-120
-72
-73
-69
-47
-9
37
31
-23
-51
-93
-84
-26
-58
-87
-80
-57
3
-64
-145
-73
-33
-17
36
61
70
10
11
98
59
27
41
56
42
31
60
21
1
-15
-2
43
0
-17
51
75
89
147
119
43
49
81
12
-81
-88
-91
-71
-63
-91
-106
-56
13
-24
17
59
18
37
51
56
104
75
14
9
-52
-48
-37
-88
-96
-46
-2
-1
33
1
-9
25
38
84
13
-31
-1
7
-32
-47
-9
-48
-31
-82
-42
26
-40
66
38
0
101
69
80
73
-25
-13
46
20
41
-20
-125
-75
-68
-12
12
-70
-55
9
90
83
102
122
67
118
105
46
54
29
10
-25
-42
11
1
-39
-56
-82
2
65
13
15
10
44
70
16
-3
-33
14
-59
-153
-61
-81
-66
-34
-74
-59
5
76
34
-9
39
81
87
78
23
-32
-52
-49
-57
-69
-51
-81
-68
-56
-113
-39
-28
-50
2
0
89
56
88
174
81
88
54
36
73
2
-37
18
-41
-83
62
45
0
37
31
64
33
41
-7
-87
-24
-80
-86
-54
-52
2
-68
-98
-39
-58
-107
-44
74
55
28
111
118
71
63
27
25
-3
-2
18
1
15
-2
-62
-67
-16
-58
-40
5
-27
1
-40
-62
47
-14
-61
-51
-88
19
-34
-79
-33
-94
-69
-110
-80
15
16
62
51
86
80
27
62
16
28
3
-48
14
-7
0
-32
-66
-1
-70
-36
11
-22
35
-19
-3
79
79
106
41
15
25
-15
-9
36
36
39
55
8
30
51
19
40
-7
-17
22
-22
-1
33
39
-6
-50
-24
-26
-22
6
17
5
-28
27
70
76
125
18
-38
56
97
83
29
-91
-111
-10
39
39
33
51
-25
-79
26
29
-19
-72
-109
-48
-55
-72
-91
-94
-53
-73
-76
-31
10
44
-2
-20
87
90
100
73
-60
-34
-12
-17
-66
-115
-15
-28
-74
-51
-38
-18
-13
8
-63
-76
-9
-45
-25
12
-45
-68
-22
9
32
37
75
122
131
156
147
30
-11
59
53
93
35
-46
-9
-53
-40
-69
-161
-100
-42
-61
-24
23
-7
-2
-31
-16
51
-9
-73
-112
-54
94
137
43
10
40
39
83
24
-24
11
23
5
3
25
-6
-35
-71
-26
-20
-99
-77
-85
-71
-42
-7
51
33
26
15
-5
25
46
38
103
68
-1
99
107
11
33
75
18
-29
-38
-64
-88
-56
-64
-57
-21
-78
-109
-24
76
-7
-42
28
45
77
11
-57
-74
-14
19
20
113
36
-17
44
91
116
42
14
55
54
-10
-46
-46
-57
-74
-89
-112
-150
-135
-93
-48
-11
1
18
99
162
109
60
121
153
54
3
53
59
28
-5
-17
15
23
4
-62
-112
-141
-83
-28
-62
42
-12
-50
31
-37
-10
11
-12
19
28
61
59
29
94
78
46
79
60
35
65
58
34
18
-14
50
9
-27
-59
-148
-39
-63
-116
-67
-127
-86
-13
1
-34
-17
82
49
28
12
-12
3
-55
-12
20
-30
-82
-146
-75
-20
-67
-74
2
37
1
14
59
62
-10
-36
-29
-25
42
21
-49
-58
-53
42
40
-6
42
15
26
74
75
67
29
-15
13
9
-54
-7
40
10
18
10
-3
37
1
-4
36
14
-33
-25
58
7
9
28
-54
49
77
68
62
-84
-57
34
27
-16
36
68
-20
29
30
12
11
-45
62
21
-55
67
14
14
3
-84
1
-62
-77
-54
-124
-61
-45
29
53
-9
131
106
60
126
38
45
66
-6
-71
-101
-98
-113
-60
-37
-87
-67
-73
-63
-10
-20
-24
22
17
-2
40
43
49
47
40
74
44
49
79
3
-25
28
66
76
51
-17
-5
12
22
40
-40
-17
13
-65
-105
-43
-52
-59
12
59
41
-27
3
8
47
60
-58
15
42
-32
-5
-22
-39
-57
7
-18
-116
-28
-58
-130
-27
7
18
67
2
-3
24
-15
1
25
5
-48
-23
9
19
36
15
3
-7
-18
-4
3
-26
-31
2
30
15
2
-39
-57
15
50
90
108
33
23
37
-36
8
70
14
12
65
89
30
18
-67
-65
31
-22
-16
-66
-77
-42
-39
-17
-95
-93
-26
-37
15
19
0
20
11
33
-57
-96
-34
-59
-8
44
51
71
39
-39
-42
34
-9
-62
-43
-23
72
106
32
12
46
122
121
29
68
64
-9
53
-7
-24
-7
-65
-74
-87
14
1
-50
-49
-64
-11
-35
-77
-71
-93
-110
-31
36
-21
-12
87
121
141
83
10
50
12
-81
-92
-90
-89
-19
45
26
-36
-64
10
67
30
-23
-30
33
116
72
7
-18
-59
34
96
111
94
77
127
91
23
-37
-46
-61
-97
-79
-98
-68
39
-5
-88
-86
-68
-32
-59
-65
-36
0
-3
5
122
77
8
80
127
134
158
128
49
39
-10
14
-21
-109
-9
-15
-20
-38
-55
-27
-68
6
9
-42
4
38
-21
-37
30
54
55
41
67
146
192
163
42
-16
49
68
-36
-104
-52
-26
-43
-90
-125
-116
-122
-166
-88
-15
-28
-6
2
21
-65
-95
-48
-23
3
-19
-6
-7
-24
-49
-100
-97
-42
-61
-96
-62
-46
-18
21
29
73
38
84
161
78
37
-43
-21
62
67
41
-13
45
84
75
101
59
69
46
43
116
1
-70
-43
-104
-60
-38
-88
-6
4
36
96
-10
-56
-42
-76
-56
16
2
-44
6
21
-34
-70
-100
-96
-79
-31
65
27
-64
-18
29
29
69
73
29
103
143
110
140
66
40
90
27
-13
-26
-72
-82
-33
-60
-66
-2
-59
-22
9
-33
25
30
22
50
-21
-7
67
-12
10
25
38
106
23
5
-5
-10
85
13
-76
-25
-71
-87
-21
-64
-99
-54
-50
-54
14
57
4
-11
35
60
12
-28
11
-19
-5
85
52
16
35
30
5
5
-20
11
46
0
20
-7
19
-2
-64
71
45
-10
36
-6
-39
10
65
-35
-80
-32
-29
-8
-27
-25
1
-45
-48
-38
-47
-38
-77
-70
7
43
96
86
-28
42
59
13
20
-87
-83
-23
-55
-45
-47
-46
-46
-61
-12
31
18
-46
10
100
121
99
66
132
101
42
28
52
102
-57
-52
12
-18
87
13
-43
0
-54
-68
-65
-104
-142
-91
-99
-100
-6
-68
-68
26
-35
-52
6
40
47
69
122
122
79
20
123
135
-33
24
-9
-95
-2
-15
-41
-32
-134
-105
0
0
-50
-75
13
66
53
65
67
104
101
33
33
60
42
14
48
13
-73
1
31
-22
16
-8
-87
-157
-180
-64
-75
-116
-63
-98
-49
37
14
2
-24
-49
26
17
15
66
-6
-14
7
-15
53
41
-111
-108
27
15
19
-3
-20
42
63
38
-17
10
-23
90
151
6
17
-3
47
113
61
9
-102
-60
15
0
56
31
-67
-15
43
27
26
-16
-31
-24
60
69
-10
-32
-61
-12
-1
-9
58
61
39
39
23
37
51
2
-23
-38
-93
-77
-32
-31
-62
-52
10
-26
-40
20
6
-9
13
90
117
52
61
116
63
13
5
-14
17
-5
-4
26
-48
0
14
-65
-38
-58
-75
-17
32
-33
-98
-51
-43
-60
-67
-59
-57
-57
-61
54
88
-75
19
94
71
134
71
43
19
12
24
-21
-40
-90
-53
-31
-57
-2
52
10
-13
53
104
139
76
-13
-31
8
-1
-48
-20
-15
5
32
33
-8
-99
-64
-9
-27
15
1
-71
0
55
-58
-64
28
-4
-55
-40
-2
-23
-48
-32
-37
28
17
11
12
-8
80
-14
-11
59
23
49
-61
-50
79
10
-38
13
43
72
79
66
113
99
3
-77
-98
-69
-66
-53
-64
-70
-27
-22
-48
-6
1
-48
65
104
31
93
14
-74
31
19
-35
14
10
-4
5
-5
0
8
-31
36
84
-24
1
-14
-57
-24
-122
-60
-33
-71
11
-50
20
53
-14
52
32
88
106
49
88
49
-15
-36
3
-42
-82
-18
-47
-17
35
-2
-16
-10
-12
26
76
32
-16
23
4
16
8
-93
-7
36
-3
36
1
-30
-7
-7
14
41
59
10
-21
12
-27
-84
-101
-72
-79
-57
0
-40
-31
0
12
60
61
15
40
59
0
13
-17
-42
6
-85
-51
40
-19
15
43
65
59
-9
-12
-25
18
57
44
88
50
40
74
-48
-39
-2
-33
33
16
27
21
-8
49
21
-26
-7
-5
20
63
0
7
-1
-48
-41
-70
-74
-74
-22
-16
27
94
16
6
-10
-52
5
28
28
-32
-43
-32
-89
-52
-16
2
-1
-30
19
33
18
70
3
18
53
-5
59
34
-62
-132
-89
-32
-66
-20
3
21
2
1
62
41
31
25
-21
11
92
57
-12
29
3
-116
-119
-98
-77
-75
-73
-27
-21
2
31
87
59
13
50
15
23
48
11
-31
10
73
9
-19
23
53
7
-52
-28
-14
68
22
-54
42
-9
-4
16
-11
12
-49
-15
37
18
35
87
78
86
115
67
38
-12
38
80
-52
-43
-36
-79
4
-42
-96
-95
-71
17
35
48
-13
-50
-9
-4
41
-15
-47
18
-1
19
19
-50
-78
-17
-12
-22
40
23
9
1
24
75
-31
-50
24
-64
-51
6
1
20
-38
-27
23
32
64
27
3
17
-4
22
28
-19
-64
-71
-12
-17
-17
-28
-37
6
-6
11
11
51
17
-88
-15
9
4
3
-35
19
-8
-81
-62
-33
9
9
-13
0
50
119
64
5
38
-2
67
92
-41
-2
88
24
0
46
31
36
35
55
32
-15
28
21
-34
-56
-22
11
-53
-105
-66
-29
-23
-53
-73
-19
57
0
-40
62
36
54
85
58
80
30
0
-53
-76
-95
-93
-28
-67
-64
-6
0
8
33
17
27
11
33
52
-78
-19
15
-83
-30
-24
-18
8
28
56
21
-8
-68
-43
-25
-81
29
98
39
7
-9
5
-57
-69
-19
-26
33
42
30
27
23
15
-25
9
58
32
21
48
-16
-43
-8
-10
-6
-48
-91
-56
24
43
68
86
6
17
20
-15
-11
7
-36
-70
23
22
14
15
3
26
0
8
85
41
-19
7
-33
-9
22
-25
-55
-74
-31
37
57
67
15
-94
-1
94
-12
-36
42
92
46
5
53
0
-84
-83
-12
27
-32
-111
-116
-49
-54
-23
19
-18
41
87
19
15
14
-26
-34
-42
-29
54
57
-10
-54
-86
15
10
-92
0
19
19
61
32
37
43
-40
-109
-20
-7
-8
32
2
13
20
89
46
-21
66
-6
-59
31
34
-9
-23
4
25
24
20
40
63
50
12
0
10
8
0
-58
-28
82
15
-33
4
-37
-34
-65
-92
-76
-63
4
-5
19
67
56
47
-5
48
14
-51
23
15
39
82
30
15
29
22
34
-8
24
101
18
-57
0
49
-29
-34
-3
-42
-20
-7
-68
-67
-35
-23
39
-4
11
94
55
11
0
21
42
27
-64
-106
-84
-38
-21
-68
-57
-16
-1
-31
-15
46
42
3
-20
36
40
-43
2
3
-26
-23
-28
10
-42
-45
-57
-21
72
35
87
88
42
18
-8
79
20
-49
17
-38
-82
-30
8
-9
-3
59
44
63
116
54
-39
-27
-10
15
30
-43
-20
-4
-28
-7
-80
-78
-11
-59
-37
-31
27
107
78
41
-51
-6
46
1
-75
-57
43
3
24
-4
-62
52
92
51
79
24
12
86
-13
-85
-89
-48
49
26
-6
-14
-12
-24
-47
9
15
-52
-16
7
-2
41
25
29
-20
-37
15
-33
-71
-64
-12
25
-32
-25
49
48
50
28
0
55
40
32
-10
-105
-34
26
-14
13
48
20
1
-63
-45
10
-8
23
-62
-113
25
57
-14
-55
-46
-15
-43
30
21
-42
63
-5
70
129
53
155
81
19
57
20
8
10
-35
-100
-86
11
-2
-54
11
24
-3
-19
-14
43
67
34
17
7
5
57
28
-64
-23
-6
-46
2
-31
-97
-23
-24
-102
-27
38
57
24
-18
17
-11
-57
-26
24
22
18
-14
-6
35
0
-28
-30
8
21
-55
-37
-12
-53
20
-13
-28
28
-40
-27
-9
18
45
24
60
4
31
74
10
69
69
58
82
4
-62
-68
-28
-32
-42
-9
-66
-29
8
-23
29
32
-7
-35
16
59
-20
-46
-3
3
56
66
5
-75
-102
20
89
70
46
9
-3
6
-21
-29
-6
-46
-63
-55
-42
-41
-96
-101
-57
-23
-30
-70
-36
33
42
55
27
48
97
62
75
55
39
93
63
21
-27
-54
-25
-44
11
28
-22
17
-12
-30
-38
-56
18
-46
-41
-3
-24
22
-46
-40
-6
24
115
93
55
67
73
144
111
-6
21
-3
-85
-90
-88
-101
-48
-33
-71
-38
-70
-60
-86
-91
-57
-145
-69
25
16
9
14
87
68
19
65
51
111
115
33
67
38
75
120
36
-26
-25
-32
-13
6
-44
-8
-79
-133
5
63
70
-17
-72
18
9
12
59
47
-19
-16
30
67
120
50
34
42
46
98
20
-5
-67
-119
-27
0
-3
-8
25
48
10
-39
-12
-26
-58
-26
-90
-85
-41
12
2
-35
19
16
4
-11
7
82
67
0
3
42
76
-12
-79
-27
-35
-43
-59
2
52
25
11
23
64
-15
-70
-76
-75
-25
43
36
0
0
0
49
27
-28
-40
-72
-7
36
-27
38
6
-8
48
24
98
16
-50
38
30
2
35
19
-8
53
45
1
31
66
71
35
11
70
45
-55
-14
-2
-46
-122
-132
-78
-96
-23
-39
-82
-30
-90
-29
109
66
-36
-16
28
35
0
-51
-7
-8
-42
19
116
50
10
67
-7
29
32
-32
26
-22
-18
22
-48
-70
-20
-49
-90
-76
-63
-6
23
69
79
54
18
-7
54
10
-14
-6
15
83
66
100
58
14
27
-47
-35
-2
-31
-55
-41
-21
12
8
-16
-37
-51
5
0
-5
-1
13
67
26
48
102
125
160
84
89
77
13
0
-87
-71
-106
-178
-82
-62
-82
-37
-68
-91
-67
-104
-111
-74
-37
29
61
50
55
69
30
17
48
44
79
116
145
86
84
120
9
42
28
-72
-18
-51
-88
-56
-54
-81
-129
-24
12
-110
-86
-45
5
46
20
58
32
21
96
101
59
13
-13
38
120
79
34
47
38
16
-44
20
-16
-54
10
-58
-6
-6
-114
-89
-55
-58
-27
-19
-8
8
25
18
-13
5
-5
64
62
-19
36
30
-31
-21
11
-57
-124
-77
-63
-84
-68
-100
-70
13
18
17
26
44
-14
0
120
88
85
107
76
133
142
94
77
51
53
50
-31
-67
-134
-166
-36
-111
-200
-104
-91
-103
-91
-77
-39
-37
-67
0
32
53
65
14
58
123
112
104
129
117
68
38
87
25
-60
1
-51
-79
-13
-35
-20
-55
-164
-143
-91
-67
-52
-47
20
99
75
8
47
72
70
67
-33
-44
29
14
-31
-48
-16
-61
-88
-27
-5
-12
-63
-49
-36
-79
-73
-46
3
-2
-6
31
113
157
61
82
172
199
117
37
104
0
-80
-7
-18
-8
-43
-70
-49
-77
-103
-109
-109
-119
-80
-66
-80
-44
-59
-11
57
23
0
20
99
126
47
81
132
25
44
88
74
11
10
130
14
-43
-93
-115
-44
-61
-22
0
-3
-102
-161
-104
-74
-78
-51
30
17
-42
26
82
5
11
57
82
85
72
76
-4
54
117
10
47
46
-76
-16
0
-42
17
-2
-93
-117
-27
27
-35
-22
9
-16
42
-10
-20
72
20
71
128
-22
-40
40
-12
-19
-15
23
106
16
-72
-65
-102
-74
-68
-83
-32
-81
-51
92
105
35
35
56
75
60
-28
-31
33
59
45
29
42
15
-20
8
-40
-60
-73
-109
-48
-61
-43
-14
-85
-27
11
-58
-15
18
11
39
20
