-74
-76
-64
-45
-66
-137
-79
-28
-74
-87
-65
-35
-74
-114
-81
-49
-39
-72
-70
-59
-112
-53
-13
-78
-72
-23
40
15
-54
-64
-81
-63
-14
8
-14
-60
-68
-24
-7
-2
42
24
42
93
26
9
10
-4
-44
-53
5
-26
-27
28
85
85
66
64
52
64
-9
18
82
95
130
74
34
1
0
33
13
-40
17
46
-2
33
9
62
91
81
79
41
90
102
120
70
31
21
-22
-2
-21
-36
-82
-10
92
54
67
40
44
45
37
-13
-29
47
-51
-39
47
36
51
27
-21
-39
-2
8
19
7
39
80
3
-16
-61
-82
-24
-44
-4
27
74
113
-43
-130
-38
60
30
35
33
-54
66
93
18
77
25
-12
-16
-46
5
-10
3
42
12
50
64
24
26
-13
-76
-29
-27
-57
-31
-42
-68
-100
-29
-38
-156
-122
-93
-6
2
-139
-87
-43
-78
-54
-53
-30
-41
-51
-72
-111
17
86
44
49
-55
-59
-2
-53
-36
-34
-48
2
13
35
49
-62
-95
-32
-3
-16
6
9
75
146
29
-23
-76
-22
85
18
77
96
74
68
-16
-1
-7
-24
21
22
-25
-23
-59
-65
30
86
126
50
-21
-55
-109
-101
-35
165
168
102
142
-9
11
35
-115
-45
29
65
121
55
-4
-42
-45
-14
-24
-54
-44
11
-2
6
41
9
21
-39
-82
-24
-61
-59
-44
-20
55
-10
-63
5
10
-33
-35
27
104
73
-4
-63
-29
15
-42
-50
-62
-13
58
47
50
-5
-42
32
-22
-82
16
44
-17
-47
-3
0
-17
19
50
67
52
-2
-22
0
59
89
51
40
16
41
118
75
45
56
42
96
48
-8
72
90
8
9
104
30
4
67
37
42
6
39
58
52
84
-2
95
112
21
55
2
30
-1
-57
-12
8
23
-11
-3
-11
-50
-45
-32
-58
-100
-65
9
-14
-48
-17
-47
-79
-58
-82
-107
-107
-141
-107
-66
-36
-18
-95
-60
-4
-26
-24
-22
-5
-93
-153
-107
-52
-7
-13
11
-3
-47
-33
-14
14
39
0
-94
-161
-73
10
8
75
35
-19
0
20
27
-42
-81
-78
-37
-37
-52
-31
-91
-35
-13
-26
23
-29
-6
27
-2
0
-22
-101
-94
-4
45
45
10
-21
-58
-39
-21
-28
43
84
77
76
60
41
58
56
23
31
91
55
31
92
0
39
99
-1
48
84
71
85
40
76
129
47
29
82
37
54
32
-20
53
57
33
69
110
58
42
108
84
57
7
-21
20
-1
0
29
64
56
4
8
3
7
-73
-72
17
-29
-40
-2
-2
25
-3
-6
30
-35
-96
-61
27
-14
-57
24
44
-24
-2
28
-17
-15
15
33
-4
-75
-61
-25
-51
-56
-49
-37
-29
54
42
-46
-18
-64
-3
97
30
-41
-64
15
68
-25
-9
3
-47
-13
-12
-6
-15
-25
-19
-2
25
-76
-38
25
-31
-30
-85
-46
-10
-38
11
-35
-127
-78
-53
-40
-61
-90
-20
-19
-87
-93
-63
-59
3
-29
-105
-58
-26
16
32
12
56
44
-66
-77
-74
-61
-15
-29
50
68
-11
-3
38
10
-10
1
-32
39
114
140
63
10
78
-14
113
112
-47
76
12
-2
32
55
101
50
30
29
98
78
46
99
41
-22
-29
-20
1
-26
40
194
154
85
94
-34
-19
38
82
144
24
32
49
28
17
29
33
-29
10
3
24
40
-50
-9
19
-1
39
-17
23
39
-32
30
-26
-124
-68
-16
-44
-54
-58
-122
-45
76
75
52
0
1
-17
-83
-15
15
-15
-10
2
-31
-46
36
-67
-55
32
-37
14
-72
-108
-98
-111
-18
-67
8
16
-51
-28
-100
-54
-53
-44
-3
-21
-45
-84
-17
-6
-31
-82
-119
-91
-70
-69
-105
-44
-25
-38
-7
8
54
19
-6
-5
-92
-73
65
13
-78
-33
-81
-64
-23
-8
64
0
-7
65
52
-30
-32
0
14
46
-6
62
93
9
54
5
-24
114
48
-46
-4
16
97
97
16
30
66
78
99
73
24
29
90
109
31
49
79
77
80
36
2
12
71
92
83
34
21
30
35
36
-48
6
58
67
111
103
132
71
-19
-21
-1
-51
-36
9
-64
3
64
40
27
-26
36
8
18
90
-1
-72
-71
24
20
-37
1
0
0
13
19
-30
-126
-109
-54
-39
-42
0
16
-59
-20
23
-23
-61
-111
-120
-104
-97
-88
-85
-57
-77
-70
-18
-38
-2
11
-39
-40
-87
-70
-17
-69
-33
-30
-77
-25
-78
-132
-55
-1
-18
19
33
8
34
-65
-28
89
0
-54
-86
-12
84
38
-5
-3
-4
-17
-26
-38
-1
31
6
-49
-60
15
29
-32
-28
31
34
45
75
76
48
32
46
-3
-43
-5
58
87
97
79
34
56
34
38
95
73
85
46
47
46
-44
33
93
20
39
18
2
48
54
94
79
45
-36
-57
-16
-39
90
100
27
38
-27
15
28
-5
37
13
13
-32
-120
-73
-1
10
-57
-74
-11
60
56
8
-2
-53
-18
-17
-12
0
-34
27
20
-20
-26
-50
-122
-60
4
-20
68
20
-23
24
-51
-58
-61
-97
-2
103
111
6
-76
-49
-40
-56
11
23
-14
17
-54
-111
-76
-76
-26
-10
-51
-5
46
77
-2
-30
49
12
-7
2
6
15
6
41
71
-97
-146
-19
-45
-32
-13
-21
41
26
1
23
43
45
-7
-9
40
28
25
-2
-49
-42
-74
-40
-30
-37
-1
34
-7
-69
8
-18
-2
0
-16
44
2
28
20
-1
-2
20
56
50
95
25
58
76
-18
31
29
23
24
41
6
-30
25
-27
23
109
15
9
76
40
-5
0
42
34
-24
-11
33
12
-4
-37
-99
-37
19
-29
-72
-47
-14
-14
36
49
63
32
-28
42
20
-52
-1
4
-8
-34
-49
21
-50
-81
28
34
-39
-66
14
87
83
18
-13
21
43
5
-65
17
34
-50
-21
-18
-8
-51
-75
-29
-32
-75
-84
25
29
4
-4
-69
55
3
-153
-85
-72
-39
-22
-33
10
58
68
52
-29
-135
-75
-66
-23
32
-42
60
44
-67
3
-6
51
46
-31
11
39
67
-4
13
51
-2
31
29
-4
-74
18
155
60
16
18
9
90
141
115
95
5
-62
27
63
41
37
-17
0
-5
-59
-18
-13
30
61
44
38
8
25
17
35
23
5
14
26
75
92
69
34
45
17
-9
-17
13
46
46
10
-55
8
41
14
0
-25
13
-2
-19
-6
-32
-1
63
3
-116
-84
-41
-61
-36
-33
-9
33
0
-4
-25
-50
-11
-5
-8
-38
-51
-33
-31
-38
-59
-37
-50
-73
-32
-60
-88
-121
-94
52
49
-71
-94
-59
-37
-82
-126
-26
4
-74
-44
15
10
-4
-47
-61
-17
0
6
-66
-96
-11
-5
-41
-61
-18
-50
-134
-68
24
55
-2
50
73
-13
-15
23
80
10
-26
-32
-31
41
-5
23
64
28
66
22
-1
0
-59
-46
41
109
111
97
122
88
72
64
47
133
70
74
112
49
117
84
54
99
85
82
62
37
-11
-17
43
59
101
110
49
10
11
1
-42
-60
-40
-19
-6
-22
-23
48
6
5
42
-58
-64
-46
-74
-42
0
-9
-52
-57
10
44
-24
-23
-71
-92
16
-4
27
3
-34
3
-11
59
9
-13
21
-8
-31
-90
-31
26
19
-37
-53
-7
-18
32
32
10
-65
-146
28
65
-102
-75
-23
-17
-22
-57
-19
-12
8
20
-32
-73
-59
41
4
-92
-18
-5
-83
-41
-41
-35
-17
-91
-20
15
36
31
-89
-43
1
1
42
32
1
-4
-9
-28
-23
-45
-13
31
-3
1
42
44
26
24
25
16
-10
-44
-33
13
-17
20
53
45
91
35
28
47
17
16
70
22
-32
18
-7
65
67
-25
0
2
49
6
0
119
78
43
80
38
-52
12
46
42
22
-66
-10
-83
-55
53
-1
10
-12
-53
-45
-11
-52
-81
-29
-39
-19
16
-37
-68
-15
76
59
34
107
92
75
4
-89
-91
-59
-18
-23
44
83
22
6
-6
1
70
83
93
79
28
-29
-94
23
57
-17
18
42
44
2
-11
19
60
89
0
-41
-23
-9
34
9
47
73
-10
-44
-52
-50
2
-49
-110
-15
15
-41
-75
-46
2
-14
1
8
0
-8
-49
-38
-24
-29
-21
-36
-128
-148
-22
20
-42
-37
-63
-13
30
-33
-13
-21
-23
-52
-59
-3
-51
-61
-44
-43
27
72
51
7
4
-23
-16
80
56
-37
-74
-69
19
110
70
35
13
-40
-7
46
101
51
-4
-6
-78
-56
37
30
-57
-32
-44
-62
7
-49
-51
-19
-3
-48
-43
75
67
20
-12
29
31
27
87
-23
-96
34
109
56
65
25
-65
18
99
108
12
-58
11
37
26
-36
13
77
82
83
16
-10
-42
23
63
50
89
17
-50
-47
-32
31
90
26
-28
40
82
-1
-67
-14
46
28
-12
66
47
-11
75
74
91
84
32
61
20
-30
-24
22
4
-39
20
10
-51
-27
7
-20
-11
57
57
20
-6
-5
24
-13
-70
-15
-4
-54
23
35
-39
-59
-66
-27
-8
-37
-39
-47
-10
33
-32
-85
-113
-111
-37
-10
-9
-4
4
-39
-53
25
29
-19
-63
-34
7
-14
-48
-38
23
-8
-9
7
18
20
-24
30
-44
-79
8
4
0
5
-5
-33
-45
-38
-32
-25
-13
-57
0
28
-39
-3
-7
-35
-88
-87
-56
-103
-87
-40
-29
-33
16
-16
-1
12
-93
-15
-28
-73
3
2
43
8
5
93
32
8
-19
-28
85
68
-9
-62
-12
147
107
38
54
72
74
45
119
44
-25
81
88
48
-18
-33
19
37
46
37
1
-25
52
2
-93
21
22
0
60
48
16
21
19
48
94
49
38
44
14
36
44
19
40
61
10
-12
-44
-23
35
-9
27
55
53
64
33
25
-29
-19
14
-49
0
-12
-12
80
31
0
15
9
-33
-34
-48
-98
-70
-42
-65
-73
-15
-1
0
-52
-58
3
-58
6
74
74
15
-84
-37
-16
53
40
-39
27
39
-1
-9
-13
17
50
-15
-17
3
-24
65
12
-44
11
-94
-38
-18
-113
-48
-124
-97
-41
-76
-21
-22
44
39
-37
-54
-69
-26
-48
-94
-35
1
42
-7
-105
-37
8
45
31
-28
19
-1
-37
-5
-13
-53
-23
-36
-80
-40
44
66
-7
-14
-41
-33
-28
-56
-20
-73
-46
18
2
24
11
25
68
28
-15
10
21
31
56
26
57
47
11
93
73
34
77
44
116
100
-2
21
-48
6
15
14
123
55
39
30
30
103
20
-93
-35
-20
-72
60
119
-29
-24
-19
-55
37
28
-11
9
38
20
20
39
-29
3
44
-12
-39
22
47
14
-27
-62
12
55
14
-7
3
-2
43
1
-7
34
-82
-75
-21
0
6
-29
-16
-86
-48
29
-43
-26
-2
6
47
44
-19
-4
43
-25
11
33
-60
0
42
-9
24
-45
-103
-31
-21
-17
-20
-2
-7
-30
-19
-30
4
-21
-14
-20
3
15
-62
-14
9
-11
-81
-76
-35
-22
38
-13
-61
-52
-49
12
55
73
90
33
31
58
-24
-53
2
19
3
-78
-96
-12
-1
61
88
-7
12
70
16
-25
-36
-7
53
8
-23
24
86
63
-5
-12
-20
9
30
5
18
25
-17
44
54
-25
12
-18
33
53
-66
23
54
44
51
-24
27
-37
-70
19
-4
5
-17
-46
-110
-79
8
22
13
3
50
31
23
20
34
4
-47
-28
-2
-9
-25
26
-18
-61
-19
2
-37
-42
52
33
-71
-35
34
-21
-51
-44
-5
5
-24
2
-65
-70
24
-27
-40
-14
-50
46
40
-42
-11
-38
-16
-26
-54
-33
-85
-29
9
-19
24
3
-24
5
71
46
68
149
56
30
1
-60
-24
11
-2
-32
6
30
40
13
-28
14
-25
-14
45
3
21
-48
-42
23
-28
30
52
66
33
-79
-46
-21
-67
-87
35
80
24
87
53
20
38
18
4
-7
0
-1
34
58
6
-33
15
43
24
9
28
79
66
-5
-4
42
0
3
-13
-20
-12
-24
36
-58
-115
-58
-88
0
32
1
115
67
-9
38
37
-31
24
38
-87
-2
28
3
21
-53
-52
-60
-53
69
41
4
61
12
35
70
36
50
10
21
92
21
-57
-37
-6
-31
-7
5
-53
-4
-3
35
103
112
107
-23
-23
0
-29
-29
-108
-77
-31
6
-1
-66
-1
29
25
-28
-65
-42
-15
-12
-100
-87
-12
-13
-23
-36
-14
17
-36
-95
-66
-10
-37
-19
67
-4
-68
-43
-6
-1
13
97
17
-45
-20
-5
54
4
-59
-40
-48
-94
-74
-29
9
79
49
0
42
3
-35
-18
9
45
41
68
60
48
52
13
3
-15
-34
8
50
40
-4
-28
9
26
41
46
-11
-9
48
51
6
45
52
-23
26
52
39
32
-21
-9
1
3
6
-17
28
-5
-58
-7
-13
38
69
23
-23
-61
-45
-43
47
9
-20
61
0
-17
-43
-91
-48
4
-33
-16
23
-16
71
29
-12
74
4
-16
-11
23
56
-28
-2
41
20
7
-4
-38
-33
7
39
54
-39
-49
-51
-61
-10
27
47
9
42
-11
0
28
-134
-96
-1
6
90
143
13
-61
-28
17
77
0
17
11
-30
55
-4
8
89
41
55
43
0
-55
-26
28
-70
-62
-6
-15
13
-31
-20
0
-36
-5
30
13
-32
-42
-48
-1
36
-9
-5
43
9
-20
20
-5
-20
-1
-36
-18
-7
-67
-74
-5
9
26
35
-23
43
31
-9
65
35
-39
-39
39
59
65
-28
-88
-26
-42
-25
47
21
-36
-3
-21
28
48
-18
71
56
30
54
23
60
37
16
11
7
56
7
-71
-61
-26
-69
-51
-27
-61
-30
22
92
73
63
42
25
13
-39
44
5
-82
-76
-78
-52
-89
-37
19
-31
13
59
-19
-37
30
8
-1
32
55
52
8
16
41
86
91
24
10
16
13
34
66
109
101
56
36
1
-47
-101
-64
-13
16
88
19
-32
74
69
-5
-35
-44
-19
-65
-104
-6
13
-49
-14
-67
-128
-34
43
21
17
-3
-13
49
26
-9
-10
40
4
-55
23
26
-72
-65
-8
-41
-57
1
61
-63
-96
-16
-34
-68
-71
-33
-21
38
-11
58
111
-14
90
38
0
103
-30
-84
0
2
-82
-67
57
82
71
32
16
94
68
-25
-29
-1
-1
51
56
24
5
-66
-35
45
37
-13
-66
-84
-45
61
45
-40
-16
-21
-20
-5
10
-13
-51
-22
-26
-6
-41
-17
31
-62
-19
-36
-93
-33
-37
-30
-46
-21
28
-4
-28
35
108
15
-27
-11
-38
-32
-60
-7
49
30
44
54
19
24
61
-33
-78
0
26
54
10
-9
83
96
65
15
-51
-66
-41
22
25
33
61
9
16
24
-25
-24
-24
-6
9
-3
25
6
-19
-30
-35
17
42
53
42
2
12
15
-13
7
32
20
25
26
24
21
2
0
58
29
-47
-118
-162
-85
-36
-43
-31
-22
20
37
-18
-80
-101
-56
3
47
-11
-24
-28
-128
-63
45
96
79
-10
-42
-21
-2
13
13
-11
49
78
-10
-7
-40
-37
34
-28
23
26
-50
14
-19
6
71
2
17
-16
-43
39
-38
-83
-19
-60
-51
-17
-37
30
15
-56
-47
-40
-11
17
22
51
68
41
-5
-44
-35
7
58
24
-2
34
19
-58
-52
34
6
-28
-22
-42
-82
-78
-7
14
0
14
14
10
35
-8
-22
5
-11
55
44
36
41
-7
66
45
23
81
2
-33
-16
-41
-8
26
25
-4
-67
-46
35
48
7
29
0
-87
-44
-40
10
58
22
75
103
91
-18
-114
-77
-33
0
-4
-20
-6
-24
-23
-8
-41
-30
-44
-24
-30
-70
-1
26
45
62
57
43
33
-17
-43
-19
-24
-14
15
64
3
5
89
10
12
22
-51
-21
-28
63
61
-41
-2
-29
-17
-54
-54
38
15
-38
-9
66
36
-42
-66
-46
-36
7
26
-3
-12
-14
9
22
17
38
63
-5
-16
11
-40
-11
-42
16
54
-31
41
-3
-36
28
40
-18
-8
49
-15
-14
-10
-31
-13
-34
-48
22
17
22
60
46
9
-41
78
118
62
63
12
50
64
-52
-83
-21
-27
-88
-15
55
5
39
44
-11
23
29
-6
9
29
5
-84
-67
8
13
38
42
27
47
12
-55
-15
-17
-18
59
2
2
49
-10
-37
-101
-71
86
50
-8
15
24
21
-24
-32
-50
-90
-93
6
14
-29
47
34
10
-22
-74
-53
-34
-31
-22
50
34
-58
-28
-25
-23
19
13
37
66
51
7
-33
-13
17
68
77
-18
-56
38
41
14
80
52
26
65
35
6
-11
-37
-19
-3
-5
-24
44
75
76
22
-16
25
-9
8
-34
-47
-18
-27
-21
-86
-27
8
-6
64
43
53
12
-50
7
6
72
91
-9
49
24
-28
-4
-36
-30
-14
2
15
37
38
20
50
36
10
2
-23
6
27
38
44
-5
16
-7
-26
17
-28
9
3
-51
-12
38
-2
-91
-40
10
26
80
33
-42
-41
-21
-28
-35
-62
-57
-3
27
63
70
1
-83
-38
-56
-99
-5
43
53
-13
-53
15
27
13
96
59
-48
1
37
24
-13
-42
7
-25
-35
-39
-98
-29
-12
-13
11
-41
-33
-10
14
38
12
-15
-15
7
44
-17
-94
-35
-100
-59
12
-121
2
26
-27
94
-13
-43
32
13
47
99
115
51
43
46
-24
-21
9
-18
-43
14
80
11
19
66
13
92
94
29
98
130
59
17
38
24
24
72
29
-68
-58
4
93
70
39
80
-13
-38
4
5
-23
-26
15
-26
-81
-59
-50
-75
-76
-31
0
-24
1
-17
-64
-40
-42
-29
-25
-55
-29
-7
-12
-32
-28
26
2
-48
-8
33
-12
-28
-58
-69
28
42
35
6
33
97
45
65
80
137
114
57
37
-67
42
-14
-102
27
-1
-8
36
35
67
76
-23
-35
-23
-26
38
24
87
57
-78
-46
-110
-158
-78
-36
26
13
-55
-92
-58
9
-13
15
-2
-17
19
-81
-41
-16
-48
2
1
-7
-54
-39
-11
-28
-34
-17
0
-40
-40
37
30
9
72
-2
-34
6
-43
-58
-62
20
103
19
57
141
125
88
60
47
-48
-21
15
-40
26
32
2
56
32
13
46
54
80
41
-24
-21
-7
0
-5
15
44
12
-37
-2
-28
-31
70
25
13
14
-52
-79
-89
-73
-52
-14
22
11
-53
-69
-26
-1
-18
-54
-18
7
-71
-74
-38
-52
-29
-1
105
76
-28
18
6
48
37
-43
-33
-2
6
0
5
2
-41
-74
-62
22
26
-26
20
33
13
-63
-16
85
-37
-72
4
34
35
71
59
-16
33
46
7
-13
-4
-1
-61
-60
26
23
-37
-22
21
34
33
45
2
-21
4
-10
-70
-34
31
-1
-52
-31
24
17
-77
-131
-45
0
-4
34
48
12
22
51
11
57
50
-25
-23
-76
-76
-109
-57
65
-23
-45
1
-13
-11
-18
-33
-40
8
17
55
55
-26
23
32
25
33
-21
5
50
-7
-68
-41
-6
-11
18
37
12
0
-7
17
15
-44
-6
52
58
80
-15
-70
46
78
55
65
78
29
-22
40
23
-29
-44
-41
-37
-29
33
-21
-38
27
-13
-69
-68
-43
7
38
-5
25
66
-11
-23
-10
-17
-3
-28
-54
-62
-15
19
28
40
33
41
49
48
5
-14
3
-33
-9
34
-20
-44
-48
15
35
-23
51
47
101
69
-45
-20
-46
17
1
-9
4
1
-47
-140
-46
15
15
-22
-39
-24
-116
-112
-27
31
91
62
61
95
35
-60
-40
3
-80
-113
-74
-46
-31
-33
-56
29
76
-48
-31
13
20
24
7
18
-3
39
42
66
43
-42
-52
-74
-9
-107
-173
-81
-13
37
-12
45
77
96
78
-10
32
-1
26
82
9
-1
44
53
-10
-39
8
59
125
89
-5
-33
-67
-26
13
1
32
4
-66
-61
17
37
-11
-24
-15
-7
20
36
26
8
31
32
4
39
-28
-54
0
-7
-2
-62
-27
47
39
69
38
-23
-12
-1
-43
-39
-15
-54
-39
30
27
2
-11
-65
-50
-53
-83
11
71
37
-14
-4
-7
-40
20
17
-7
48
58
-3
-104
-83
-3
-20
39
13
-65
63
123
46
48
48
-22
19
36
-18
5
-73
-94
33
2
-16
10
34
20
-52
21
23
-5
33
41
68
-2
-65
-84
-79
-42
-21
62
49
22
-6
-14
52
2
-67
-19
12
4
7
50
104
2
-39
-6
-19
-33
-10
3
-29
-22
-16
24
0
-23
52
34
21
68
-30
-46
34
-1
-13
-44
-18
12
4
6
-61
-32
26
68
69
-73
-59
36
61
94
-16
3
85
4
-26
-50
-47
-10
24
9
-26
-18
-51
-38
-35
-59
27
30
-28
-38
-67
56
120
20
-25
-55
-50
-7
11
32
-4
-33
-30
-76
-50
-92
-67
-4
24
87
-10
-9
7
51
131
84
90
79
41
17
-41
-40
-30
-39
-14
-45
-40
33
33
-49
-8
23
10
56
32
54
22
-26
-32
-1
33
-22
-6
-28
-69
-57
-98
-48
6
-10
43
40
9
94
61
0
4
5
49
-11
-13
53
-51
-37
-8
-97
-77
-40
11
6
11
55
-41
-63
-27
-12
74
69
52
28
-35
20
5
-7
32
-62
-88
-11
-4
-16
-22
19
39
-6
18
47
59
76
27
44
27
5
25
-50
-53
-47
23
84
3
-13
34
75
0
10
94
35
21
15
-24
10
25
8
25
-23
-5
22
-46
-15
-5
-2
-22
-58
-13
-40
33
126
0
-32
-19
-6
55
42
35
-6
-24
-37
-112
-98
-94
-80
-57
-35
45
11
24
-14
-88
-85
-96
-31
-18
-2
-12
-26
-27
0
15
-37
3
19
-28
-54
1
48
24
5
-23
52
86
20
21
-13
-27
8
2
-13
-16
17
38
-8
0
15
35
73
11
56
82
35
72
-41
-56
44
45
76
-28
-30
69
8
43
9
-55
30
-41
-42
60
18
28
93
9
-71
-66
2
64
-30
-19
14
-77
-37
-24
-46
21
27
1
-2
33
-24
-45
54
58
18
4
37
10
-11
-51
-72
-13
-20
-36
10
117
98
-19
-18
-75
-29
79
-21
-7
27
6
26
-33
-21
-35
-38
46
29
19
13
-6
26
7
13
60
17
12
-11
0
86
8
-5
38
43
86
0
-25
58
-15
-31
41
-30
-27
-14
-102
-23
28
-4
-59
-75
39
44
19
32
25
-9
-39
-5
-8
16
-27
-92
-7
-4
-64
19
25
-55
-19
-15
-18
-25
-75
-15
-5
-49
-46
-91
-36
44
19
69
8
-70
-5
-4
-6
-11
20
63
-18
-16
-4
10
35
-40
-13
46
-3
-42
13
94
48
-35
102
140
32
12
2
-27
-15
-19
-9
44
-19
-92
-80
-22
-27
-15
-5
-4
64
83
58
-42
-122
-88
-52
13
37
9
-33
-27
-25
-69
23
8
-76
-7
5
-5
-23
-32
38
64
40
28
-34
-71
-57
-63
-37
28
59
38
29
-13
-24
48
19
-83
-74
9
-27
-94
-43
5
-7
-14
-13
4
26
15
33
44
-43
-30
4
-92
-57
-1
54
87
29
54
79
49
2
2
18
53
19
-56
6
10
-9
20
28
40
54
27
-25
-3
37
49
54
84
76
19
-47
-7
105
44
-20
-66
-76
7
15
23
-26
-44
-13
4
14
2
40
-15
-28
-4
-12
-12
7
47
10
7
19
48
45
-22
11
41
-56
-1
4
-59
-29
0
79
0
35
118
45
-25
-82
-39
-48
-124
-104
-36
-53
-27
-13
-39
-26
-61
-30
31
-61
-109
-30
14
28
9
9
36
1
15
28
-59
-35
41
37
55
4
19
66
56
103
76
49
51
27
56
56
9
5
-10
8
28
-5
8
-42
-1
7
-88
-20
25
7
-3
20
14
30
22
-15
-17
18
53
3
1
-59
-96
-74
-82
11
-16
-93
-57
-7
-13
-83
-64
-24
-16
51
14
-41
-25
-51
-12
17
41
11
-82
-38
-10
-62
-61
-15
17
36
6
33
68
-31
-40
23
31
43
0
-89
-124
-70
-1
33
6
-6
79
73
10
27
-15
-39
-38
-25
61
48
60
102
79
103
30
-17
70
43
11
60
28
-40
-42
-30
0
48
-4
-39
-13
-9
-26
-42
30
40
20
27
-19
59
66
51
127
27
-8
48
35
28
-4
-40
23
41
-34
41
69
-22
-10
0
2
0
-61
-25
10
11
83
85
89
20
-46
-107
-126
-23
-45
-51
-41
1
64
-8
-69
-63
-8
25
26
18
40
43
28
11
-57
-52
-8
0
-33
-18
9
21
52
30
15
14
94
117
29
2
-28
-1
49
-5
-49
-5
-31
-26
30
-24
-32
15
13
-23
-36
0
-5
-23
-22
-9
-3
-1
24
22
33
10
14
-14
-48
-31
-27
33
21
30
66
43
8
0
70
2
-51
17
2
15
25
71
72
-27
23
-1
-3
36
-82
-96
-78
-55
27
37
-7
-23
9
-18
-6
27
-29
-22
47
75
-26
-63
-48
-117
-21
-32
-118
-40
-45
-26
0
-30
18
21
-45
-16
32
-7
-53
20
19
-62
-50
-82
-32
82
66
57
43
-38
-76
-30
46
-17
-66
-1
10
20
25
58
12
-20
-8
-20
9
-30
-42
-63
-52
40
94
53
-14
29
68
12
-11
4
6
65
-9
-100
-33
9
-14
-49
-5
-47
-22
66
-4
-12
-42
-85
-29
48
89
0
-65
-27
-30
-8
51
40
-2
-21
-6
62
88
44
66
53
25
56
32
20
13
-32
12
18
-45
-33
-73
-31
30
-7
44
-13
-3
60
-1
-17
39
126
19
-42
15
13
-12
-57
-29
36
55
35
48
-17
6
15
-28
-11
-61
72
43
-50
24
-25
8
55
-9
-10
-15
-17
-11
-94
-39
59
46
-17
-59
13
20
28
104
62
-22
-119
-80
57
44
15
13
-15
-1
-5
1
22
-14
-22
-4
-35
-34
-27
-40
-18
-31
-24
-14
-27
-18
-36
-11
0
-4
23
52
74
16
7
34
14
-14
5
4
-14
61
103
51
-7
-10
0
34
31
-12
-1
32
10
-35
-22
-50
-20
6
-48
-53
7
14
-42
5
-13
3
73
7
25
99
52
29
26
-83
-43
18
36
57
-75
-44
11
-31
57
92
33
-20
-22
22
-9
-24
11
-29
-124
-60
94
33
-35
17
-44
-68
-56
-78
-5
-18
-56
-44
-82
-45
-52
-31
42
-54
-37
-22
-64
-14
-113
-34
12
-84
-42
-76
-73
-52
-86
-70
2
65
69
-12
-13
28
-28
22
13
4
42
-48
31
65
20
51
13
21
83
106
79
89
32
58
108
19
53
55
58
86
88
85
32
48
40
-1
-21
0
-17
14
81
81
85
-1
-41
-48
-57
-53
-88
-31
19
-25
-30
-2
-51
-3
71
4
-10
-22
-23
-4
-54
-48
18
38
37
12
-15
-17
13
42
-24
1
59
-15
-26
-29
14
88
51
47
9
-39
4
67
16
-83
-35
6
-12
-7
-38
-18
-8
10
36
8
2
-65
-83
-23
58
6
-125
-125
-78
24
23
-13
58
29
-13
-1
-12
-19
-54
-72
-56
-48
-11
27
-29
-52
24
-4
-37
13
5
-36
-58
-78
-99
-70
-49
-22
-51
-69
14
26
25
43
-47
-39
39
-45
1
71
-29
-36
-53
-88
10
76
-8
-30
-4
-47
-12
0
-51
-48
-63
-7
56
-2
-36
-54
-19
50
37
20
-17
-21
37
51
82
69
-42
-50
28
40
56
41
71
88
48
49
10
74
96
75
120
55
16
33
106
125
-11
-57
-34
20
67
51
26
69
93
63
151
90
-13
68
78
-3
39
26
-54
82
79
28
75
44
64
37
4
27
45
-23
-51
-42
-22
13
-36
-2
-6
-25
-89
-133
-39
-82
-88
-58
-152
-135
-103
-152
-136
-110
-89
-66
-103
-118
-144
-149
-134
-188
-133
-68
-118
-140
-148
-107
-36
-113
-187
-139
-110
-47
15
-70
-50
37
26
-65
-128
3
0
-48
13
28
44
-19
-21
14
-5
74
78
94
154
69
45
144
176
151
126
130
99
37
49
79
165
135
105
163
84
104
96
91
115
22
37
-8
7
110
84
83
53
62
57
-40
21
103
47
-13
-23
-26
-67
-72
-86
-132
-71
0
4
-13
-85
-92
-32
-42
-61
-34
-7
-60
-107
-67
-99
-111
-52
-32
-33
-46
-9
-4
-15
1
103
107
0
2
1
-7
4
8
-10
28
53
64
79
36
-36
-60
-4
-49
-118
-145
-156
-59
-89
-119
-67
-137
-85
-73
-112
-99
-119
-129
-164
-127
-156
-128
-99
-164
-61
-76
-111
-104
-204
-134
-89
-54
-45
-112
-15
24
-42
-40
-19
6
6
-36
48
71
36
113
155
202
224
155
219
333
264
272
312
294
368
301
304
421
380
413
472
509
521
507
564
542
505
496
420
385
383
414
422
365
361
352
285
314
365
295
211
229
216
101
86
148
93
-36
61
54
-11
47
-10
66
56
-23
-78
-128
-52
-49
-83
-113
-174
-227
-293
-322
-290
-255
-204
-198
-368
-538
-537
-486
-542
-674
-731
-735
-758
-776
-825
-957
-1038
-1036
-1061
-1122
-1114
-1104
-1099
-1101
-1152
-1174
-1217
-1184
-1139
-1199
-1194
-1161
-1073
-979
-918
-790
-757
-704
-612
-558
-441
-349
-196
-39
92
192
255
376
488
635
712
743
800
859
940
981
1042
1096
1131
1208
1247
1247
1257
1247
1237
1192
1173
1220
1182
1143
1145
1134
1113
1031
979
929
952
968
844
821
792
752
827
817
788
732
702
728
672
696
697
654
649
671
700
620
599
572
492
575
633
528
433
438
415
330
315
341
307
257
190
129
112
10
-37
-86
-129
-163
-266
-285
-364
-370
-371
-504
-619
-650
-635
-712
-800
-845
-871
-966
-1062
-1161
-1245
-1279
-1392
-1391
-1362
-1426
-1513
-1634
-1666
-1672
-1749
-1837
-1913
-1925
-1905
-1929
-1905
-1896
-1902
-1846
-1794
-1777
-1823
-1762
-1618
-1515
-1415
-1323
-1218
-1137
-1007
-840
-726
-628
-491
-320
-162
-6
127
225
342
486
644
815
905
1015
1140
1223
1319
1409
1491
1565
1666
1677
1610
1601
1671
1640
1567
1605
1569
1525
1459
1390
1383
1260
1161
1108
1038
1012
883
807
782
727
762
711
660
713
678
629
698
702
667
699
688
734
768
811
898
894
884
898
984
1051
1055
1099
1086
1121
1118
1106
1169
1062
989
937
829
767
710
670
612
504
435
377
247
91
-43
-117
-234
-285
-344
-438
-473
-570
-568
-578
-647
-667
-743
-844
-862
-844
-881
-812
-727
-728
-668
-580
-545
-559
-596
-584
-485
-476
-480
-483
-621
-727
-783
-838
-840
-964
-1074
-1054
-1313
-1504
-1562
-1729
-1808
-1914
-2071
-2231
-2411
-2542
-2619
-2756
-2849
-2929
-2988
-2996
-2983
-2987
-2980
-2825
-2786
-2741
-2607
-2469
-2228
-2017
-1833
-1623
-1391
-1137
-862
-516
-213
36
287
518
759
1073
1401
1595
1800
2080
2383
2638
2774
2913
3051
3211
3235
3203
3287
3315
3363
3305
3173
3049
2861
2737
2668
2532
2308
2072
1895
1678
1433
1262
1113
951
751
510
386
350
242
166
66
-70
-122
-137
-107
-34
8
49
134
206
280
403
595
696
656
719
837
932
1093
1208
1320
1405
1420
1466
1489
1472
1417
1449
1412
1286
1227
1063
960
862
735
588
448
405
301
167
17
-158
-299
-423
-619
-747
-808
-921
-1032
-1115
-1160
-1219
-1255
-1308
-1378
-1371
-1354
-1353
-1377
-1408
-1438
-1417
-1428
-1486
-1419
-1410
-1411
-1389
-1432
-1457
-1588
-1675
-1673
-1721
-1766
-1818
-1905
-2066
-2169
-2226
-2390
-2489
-2520
-2637
-2752
-2826
-2947
-3078
-3077
-3082
-3182
-3179
-3186
-3190
-3057
-2951
-2813
-2651
-2598
-2456
-2239
-2084
-1860
-1620
-1395
-1127
-803
-443
-119
261
622
886
1163
1500
1842
2117
2442
2736
2937
3209
3477
3706
3884
4028
4252
4379
4362
4403
4466
4492
4434
4298
4169
3997
3815
3644
3509
3299
3038
2883
2664
2456
2204
1805
1612
1450
1161
991
783
581
529
405
267
109
-47
-43
-44
-72
-109
-140
-112
-107
-58
-34
26
99
126
208
205
229
324
368
330
299
288
279
230
237
354
283
179
188
97
69
-3
-144
-125
-245
-344
-376
-508
-592
-710
-787
-879
-989
-1086
-1255
-1308
-1285
-1397
-1511
-1458
-1572
-1756
-1729
-1775
-1745
-1692
-1782
-1763
-1712
-1736
-1694
-1675
-1641
-1523
-1508
-1546
-1453
-1357
-1380
-1371
-1444
-1505
-1418
-1423
-1503
-1592
-1655
-1705
-1817
-1948
-2031
-2042
-2106
-2209
-2335
-2445
-2436
-2548
-2664
-2667
-2702
-2666
-2648
-2624
-2477
-2390
-2316
-2187
-2092
-1964
-1846
-1643
-1331
-1078
-889
-611
-351
-128
247
512
753
1044
1270
1559
1886
2241
2574
2826
3057
3324
3577
3786
3962
4173
4348
4487
4580
4658
4788
4832
4751
4631
4645
4553
4325
4158
4014
3884
3599
3292
3064
2808
2534
2212
1904
1666
1467
1196
950
697
417
256
95
-86
-240
-400
-463
-475
-520
-544
-573
-533
-523
-593
-582
-532
-489
-466
-430
-335
-304
-304
-221
-174
-181
-245
-234
-79
-118
-161
-72
-75
-200
-356
-331
-270
-349
-543
-653
-622
-692
-822
-860
-911
-1070
-1246
-1388
-1440
-1429
-1495
-1548
-1588
-1676
-1748
-1840
-1839
-1755
-1793
-1843
-1808
-1706
-1687
-1689
-1562
-1489
-1499
-1508
-1385
-1277
-1260
-1218
-1206
-1065
-989
-1086
-1105
-1141
-1194
-1233
-1220
-1123
-1139
-1321
-1416
-1434
-1576
-1696
-1714
-1713
-1775
-1880
-1949
-1980
-2029
-2080
-2060
-2065
-1990
-1988
-2023
-1809
-1679
-1569
-1452
-1373
-1263
-1151
-992
-870
-647
-412
-190
128
329
543
823
1064
1302
1517
1782
2076
2421
2719
2967
3183
3305
3426
3577
3811
3949
4083
4219
4214
4263
4318
4344
4334
4162
3999
3929
3834
3776
3580
3410
3265
2979
2760
2477
2179
1976
1779
1593
1430
1202
1027
922
757
567
367
151
32
-6
-112
-162
-262
-458
-530
-568
-683
-832
-888
-894
-913
-955
-1028
-972
-972
-1092
-1083
-1107
-1126
-1133
-1133
-996
-1009
-1022
-969
-955
-973
-1050
-970
-907
-921
-936
-1006
-1016
-1038
-1078
-1095
-1241
-1343
-1339
-1380
-1337
-1343
-1363
-1334
-1383
-1360
-1392
-1495
-1410
-1342
-1382
-1358
-1259
-1150
-1090
-1104
-1136
-1058
-982
-949
-873
-717
-578
-684
-706
-593
-578
-598
-618
-517
-500
-550
-486
-436
-445
-514
-583
-653
-732
-699
-587
-562
-547
-550
-633
-716
-761
-815
-855
-857
-923
-953
-919
-945
-1042
-1053
-1042
-1102
-1214
-1261
-1071
-858
-689
-635
-686
-618
-507
-330
-142
112
388
537
764
1040
1333
1548
1644
1764
1880
2001
2220
2580
2876
2970
3002
2975
3027
3046
2995
3194
3343
3352
3285
3265
3367
3289
3080
2906
2805
2702
2548
2484
2557
2602
2448
2180
1934
1693
1458
1306
1222
1118
929
665
470
310
74
-222
-483
-678
-981
-1198
-1228
-1284
-1339
-1450
-1659
-1747
-1856
-2022
-2003
-1974
-1880
-1827
-1847
-1792
-1795
-1735
-1756
-1813
-1710
-1593
-1547
-1414
-1176
-1141
-1259
-1348
-1312
-1159
-1220
-1344
-1169
-912
-995
-1085
-887
-876
-964
-1037
-935
-722
-815
-833
-568
-389
-437
-516
-430
-334
-369
-492
-440
-74
-90
-375
-174
125
3
-401
-354
18
-93
-377
-318
35
100
-193
-82
304
295
-83
-139
336
584
261
312
873
958
588
501
973
1221
802
592
949
1208
981
780
1023
1072
493
7
126
272
4
-230
-73
-57
-574
-1003
-963
-873
-1154
-1487
-1338
-1159
-1315
-1360
-1058
-856
-1148
-1407
-1197
-883
-825
-676
-174
154
24
-128
6
401
567
456
705
981
1032
1029
1234
1581
1554
1399
1329
1432
1623
1646
1834
2200
2227
1887
1671
1877
2090
1992
1777
1940
2154
1704
1265
1457
1765
1421
784
758
1081
879
290
295
582
118
-698
-812
-394
-588
-1136
-1036
-651
-1073
-1979
-1763
-1117
-1465
-1994
-1839
-1310
-1512
-2145
-1656
-862
-1237
-2058
-1845
-923
-889
-1511
-1120
-120
-507
-1491
-1115
-223
-303
-895
-545
324
-61
-855
-351
447
67
-751
-384
422
24
-555
108
869
168
-869
-360
638
225
-449
240
1092
316
-763
-141
840
387
-457
84
946
332
-407
325
1130
432
-484
88
921
401
-132
757
1538
667
-373
145
1055
785
267
881
1624
1059
218
712
1633
1321
545
568
965
880
577
1008
1470
785
-155
-291
-88
-327
-642
-205
-9
-1025
-2015
-1931
-1547
-1816
-2311
-2205
-1934
-2437
-2979
-2595
-1977
-2047
-2627
-2862
-2528
-2195
-1937
-1380
-834
-831
-1151
-1192
-870
-365
222
738
975
810
603
785
1277
1652
1743
1785
1866
1947
1988
2095
2513
2786
2387
1709
1418
1831
2354
2334
2230
2214
1850
1154
612
765
1262
1313
930
627
392
-33
-291
-339
-438
-749
-1070
-1003
-993
-1161
-1162
-1011
-1232
-1993
-2280
-1719
-1191
-1142
-1165
-936
-868
-1381
-1704
-1182
-354
-129
-463
-402
-35
24
-10
276
596
546
438
581
805
850
990
1139
949
695
651
947
1139
930
777
865
816
561
395
589
910
836
497
290
349
334
267
394
546
555
328
117
36
101
333
452
303
141
110
87
12
-83
124
433
425
197
-4
100
332
373
209
220
411
453
493
501
689
999
586
-282
-713
-415
269
670
549
-7
-689
-1464
-2045
-2189
-1866
-1229
-1287
-2170
-3218
-3759
-3634
-3531
-3846
-4074
-4045
-4085
-4183
-4139
-3446
-2857
-3314
-4220
-4478
-3644
-2406
-1412
-834
-590
-794
-1186
-1124
-438
919
2144
2454
2061
1611
1969
2885
3479
3570
3492
3606
3511
3195
3341
4054
4657
4309
3225
2473
2680
3291
3578
3307
2631
2027
1555
1202
1194
1533
1736
1211
-63
-1060
-968
-295
24
-474
-1201
-1579
-1771
-1930
-1890
-1372
-807
-1112
-1985
-2317
-1703
-738
-360
-591
-847
-792
-485
-133
252
794
1256
1200
742
536
1148
2146
2506
1875
1190
1249
1524
1620
1718
2016
2203
1710
787
342
665
1252
1402
963
462
141
239
525
413
60
-103
-89
-305
-590
-165
724
846
-158
-1197
-1091
-319
161
246
239
75
-647
-1217
-894
-22
666
748
216
-686
-1148
-557
658
1103
443
-202
-297
-259
-423
61
1190
1253
-525
-2690
-2891
-1086
588
792
-314
-1973
-3709
-4983
-4828
-3137
-1083
-484
-2582
-6030
-7899
-6989
-4830
-3662
-3811
-4224
-4830
-6150
-7217
-5938
-2958
-1677
-3308
-5372
-4963
-2807
-1191
-324
190
39
-1126
-1957
-599
2425
4922
5353
3721
1396
525
2129
5081
7125
7110
5979
4515
2992
2361
3798
6661
7968
6128
3169
2111
3063
4039
4210
3911
3281
2233
1070
771
1724
2843
2699
741
-1490
-1898
-490
1086
1259
183
-916
-1668
-2246
-2212
-936
821
1036
-766
-2586
-2506
-843
556
831
519
299
-15
-623
-619
752
2438
2594
1242
303
857
1881
2275
2009
1907
1870
1318
1045
1471
2131
2118
1193
216
-151
235
1027
1613
1230
-15
-1070
-1303
-851
-271
274
579
-74
-1488
-2341
-1771
-567
-42
-393
-1035
-1441
-1423
-1136
-596
-102
-363
-1123
-1678
-1679
-802
384
876
220
-1065
-1771
-1274
-179
470
428
3
-488
-923
-925
28
1208
794
-1548
-3903
-4045
-1735
613
1022
-606
-3118
-5620
-7382
-6845
-3794
-369
-74
-3825
-8196
-9747
-8221
-5759
-3944
-2950
-3274
-5337
-7937
-8306
-5291
-1727
-853
-2688
-4380
-3927
-2207
-550
835
1841
1742
508
-238
1317
4520
6714
6244
3962
2221
2601
4936
7496
8649
8028
6076
3858
2622
3511
6286
8800
8620
5505
2111
1002
2329
4146
4895
4654
3708
2168
413
-421
595
2307
2635
995
-838
-802
484
948
114
-609
-476
-469
-874
-604
747
1773
823
-1355
-2228
-977
993
2052
1856
1165
253
-659
-918
32
1759
2801
2334
750
-654
-681
390
1428
1806
1479
671
-123
-564
-490
-52
240
200
-339
-1095
-1368
-956
-338
-520
-1471
-1972
-1562
-1111
-1069
-850
-537
-845
-1646
-1977
-1277
-311
-132
-470
-688
-810
-835
-401
317
402
-150
-684
-845
-662
-329
322
799
396
-398
-833
-923
-1155
-1460
-1061
-123
318
-24
-452
-972
-2604
-4787
-5124
-2625
414
1042
-1036
-3846
-6149
-7737
-7637
-4958
-960
845
-1861
-7022
-10271
-9423
-6134
-3306
-1998
-1847
-3079
-6100
-8594
-7208
-2676
766
253
-2258
-2889
-1567
-501
-95
960
2613
2918
1845
1699
3750
6319
6575
4442
2686
3208
5656
8054
8629
7655
5974
4051
2850
3421
6020
8904
9261
6234
2108
233
1299
3486
5047
5336
4535
2736
452
-1022
-674
1032
2373
2090
638
-271
-45
369
-36
-829
-734
105
774
735
378
510
685
-44
-879
-492
1037
2242
1706
312
-333
22
508
438
561
1175
1123
16
-1127
-1252
-396
227
158
-312
-894
-1301
-1650
-1720
-1572
-1335
-957
-926
-1426
-2073
-2243
-1693
-1195
-1229
-1199
-861
-664
-1040
-1520
-1193
-280
292
235
122
221
16
-549
-679
108
1098
1452
1145
430
-267
-761
-765
-218
418
790
546
-176
-914
-1062
-588
-417
-1019
-1806
-1714
-809
-279
-338
-256
-828
-3265
-5966
-5798
-2098
1602
1756
-1393
-5036
-7437
-8393
-7077
-3123
1470
2317
-2635
-9381
-11861
-8881
-3992
-576
412
-459
-3652
-8148
-9851
-6096
338
3623
1768
-1786
-3304
-2648
-1269
617
3062
4511
3582
1635
1292
3367
5773
6134
4538
2948
3332
5591
7719
8101
6710
4632
2967
2327
3392
6244
8870
8506
4625
68
-1451
765
4002
5560
5180
3556
1242
-1099
-2312
-897
2203
4067
2880
73
-1288
-768
72
248
372
1351
2275
1656
330
29
648
1113
814
703
1548
2534
2440
984
-525
-688
510
1613
1688
1262
723
-39
-1165
-2103
-1596
123
1124
183
-1650
-2468
-2326
-2191
-2146
-1909
-1262
-959
-1829
-2985
-3201
-2240
-1308
-1351
-1581
-1405
-1091
-1098
-1325
-1090
-279
434
655
420
156
215
381
433
454
818
1548
2050
1593
366
-445
-385
21
108
243
910
982
-387
-2086
-2476
-1467
-462
-432
-1075
-1714
-2202
-2559
-2418
-1380
-154
-436
-2841
-5472
-5538
-2789
278
939
-1027
-3696
-6106
-7790
-7229
-3526
1155
2225
-2132
-8034
-10435
-8506
-4659
-1259
667
488
-2848
-7663
-9388
-5625
504
3782
2617
-506
-2415
-2528
-1525
977
4281
6058
4864
1981
784
2816
5880
7103
5986
4138
3535
4653
6115
6949
7042
5984
3838
1873
1871
4562
7857
8386
5190
629
-1640
-456
2344
4665
5518
4730
2059
-1734
-3973
-2411
1809
4641
3733
873
-1225
-1818
-1566
-939
502
2277
2650
1244
-464
-735
207
935
793
285
529
1418
1856
1228
-86
-860
-528
-99
-32
293
891
989
-388
-2603
-3259
-1671
103
250
-967
-1957
-2184
-2701
-3428
-3121
-1607
-425
-995
-2659
-3570
-2895
-1745
-1343
-1510
-1416
-964
-874
-1240
-1264
-460
512
511
-322
-503
441
1499
1591
1004
687
805
943
873
1117
1611
1528
619
-310
-288
429
887
750
137
-895
-1759
-1580
-178
1175
769
-1161
-2796
-2904
-1717
-219
1275
2142
563
-3577
-6997
-5675
-272
3962
3437
-390
-4050
-6717
-8074
-6251
-728
4555
3646
-3430
-10012
-10621
-6409
-2005
489
1370
-30
-4464
-8964
-8509
-2548
3401
4242
579
-3014
-3659
-2199
232
3075
5084
4656
1637
-1011
-4
4187
7607
7223
4072
1330
1131
3187
5857
7598
7351
4903
1273
-905
449
4435
7824
7423
3332
-1111
-2791
-1098
1916
4094
4546
2801
-612
-3550
-3800
-1019
2528
3542
1425
-1467
-2690
-1768
-89
1055
1657
1812
931
-483
-791
854
2937
3038
1075
-619
-72
1562
2205
1846
1447
1153
103
-1177
-1043
447
1485
574
-1323
-2317
-2131
-1521
-1376
-1685
-2106
-2579
-2820
-2842
-2431
-1814
-1706
-2306
-3149
-3132
-2033
-807
-305
-797
-1579
-1884
-1648
-733
592
1543
1525
520
-541
-650
292
1657
2573
2461
1550
668
239
265
873
1647
1877
1233
134
-406
-199
262
477
312
-92
-662
-1045
-867
16
903
733
-610
-2108
-2383
-1168
704
2055
2262
1192
-1133
-3726
-4482
-2070
1914
4022
2384
-1139
-4022
-5618
-5806
-3991
-275
2505
861
-4290
-8002
-7615
-4974
-3120
-2555
-1995
-2286
-4343
-6226
-5175
-1444
949
-568
-3368
-3626
-1386
1010
2417
3227
3352
1791
-754
-1178
2161
6572
8402
6681
3300
998
881
2657
5210
7150
7202
4934
1895
103
597
2874
4860
4713
2479
49
-641
368
1414
1440
925
282
-537
-1312
-1313
84
1623
1151
-1176
-2790
-1939
349
1588
1165
525
434
185
-577
-674
778
2762
3053
1393
-31
492
1823
1751
567
248
1315
1988
1085
-230
-40
930
432
-1213
-1822
-471
717
-193
-1957
-2321
-1172
-774
-1926
-2726
-2095
-1258
-1410
-1996
-1624
-489
-464
-1805
-2771
-2076
-351
596
455
148
-45
-306
-766
-786
208
1432
1664
917
48
-89
593
1083
1033
610
294
333
132
-123
28
542
743
-144
-1410
-1711
-802
300
446
139
346
527
-246
-1683
-1924
-244
1742
2351
1698
1109
573
-789
-2605
-2696
48
3334
3945
1171
-2148
-3483
-3687
-3713
-2993
-895
902
-650
-4823
-7487
-6333
-3658
-2984
-4254
-5095
-4670
-4355
-4708
-3901
-1504
-307
-2180
-5156
-5407
-1910
2103
3722
3169
1928
684
-570
-634
1900
5878
8052
6472
3106
1338
2342
4504
5641
5564
4990
4108
2909
2150
2916
4650
5465
3746
449
-1321
-141
2411
3635
2771
1385
182
-1432
-2864
-2318
362
2658
2033
-971
-3155
-2733
-1182
-483
-371
318
960
24
-1881
-2244
-136
2291
2321
514
-510
11
755
686
709
1803
2686
1725
-201
-860
415
1739
1439
354
-36
336
287
-430
-620
13
230
-548
-1542
-1648
-730
-213
-688
-1247
-1311
-1178
-1314
-1547
-1243
-758
-782
-1072
-1136
-707
-463
-721
-1003
-1112
-1086
-951
-511
18
185
-140
-474
-576
-477
-164
24
58
0
-64
124
370
201
-114
-308
-404
-461
-340
223
753
741
213
-127
388
1039
1000
505
134
488
1346
1986
2301
2240
1527
110
-1527
-1803
242
2883
3527
1329
-1776
-3421
-3609
-3073
-2096
-915
-398
-2181
-5538
-7425
-6204
-3562
-2450
-3511
-5253
-6262
-6370
-5539
-3524
-1122
-168
-1857
-4695
-5674
-3611
-342
1839
2445
2102
1291
230
-34
1592
4194
5665
4836
2995
2682
4050
5607
6231
5678
4714
3662
2687
2519
3823
5809
6490
5067
2545
780
686
1600
2253
2164
1771
1298
694
-92
-609
-454
-246
-746
-1733
-2309
-1673
-439
13
-646
-1659
-2028
-1854
-1596
-1275
-640
240
453
-282
-991
-632
480
1106
812
316
514
1267
1549
1381
1581
2097
2243
1619
894
933
1479
1538
914
423
471
679
334
-348
-694
-867
-1275
-1848
-2036
-1618
-1123
-1148
-1828
-2751
-3487
-3726
-3350
-2778
-2165
-1592
-1498
-2008
-2826
-3222
-2663
-1549
-731
-553
-585
-533
-628
-937
-1045
-523
157
354
350
468
815
1026
835
655
612
799
1102
1379
1766
1937
1704
1333
1245
1630
2194
2574
2619
2220
1377
900
1430
2463
3139
2894
1943
568
-990
-1941
-1714
-355
807
423
-1124
-2816
-3909
-4339
-4461
-4261
-3911
-4054
-4758
-5286
-5051
-4526
-4455
-5033
-5894
-6295
-5853
-4405
-2525
-1052
-555
-1191
-2075
-2432
-1815
-273
1510
2702
3003
2840
2831
3501
4393
4919
4948
4559
4089
3902
4489
5692
6592
6468
5324
3788
2610
2239
2670
3300
3495
3183
2402
1416
683
378
314
53
-537
-1249
-1440
-923
-357
-236
-725
-1342
-1821
-2202
-2158
-1535
-663
-199
-473
-938
-835
-273
162
172
163
440
585
547
707
1361
2066
2123
1632
1244
1520
1877
1773
1483
1273
1427
1622
1564
1458
1366
979
-103
-1318
-1735
-1252
-583
-525
-1220
-2252
-3117
-3752
-4166
-4019
-3445
-3089
-3265
-3784
-4136
-3985
-3494
-3314
-3403
-3245
-2761
-1989
-1402
-1045
-634
-395
-255
-124
229
1249
2426
2812
2174
1407
1480
2083
2548
2913
3394
3768
3414
2320
1565
1944
2919
3233
2689
2214
2385
2551
2102
1689
1640
1580
999
162
118
1049
2059
1922
747
-617
-2009
-3082
-3326
-2456
-1130
-578
-1431
-3292
-4925
-5720
-5752
-5140
-4536
-4373
-4711
-5562
-6061
-5616
-4786
-4144
-4131
-4739
-5207
-4866
-3545
-1615
293
1403
1320
357
-487
-189
1184
2938
4363
5254
5588
5370
4998
4890
5074
5234
4966
4397
4331
4919
5578
5621
4601
3091
1839
855
242
374
1143
1721
1299
-16
-1293
-1703
-1678
-2029
-2494
-2541
-2225
-1942
-1795
-1528
-1076
-897
-1389
-2101
-2213
-1574
-607
192
535
820
1261
1477
1201
744
685
969
1272
1612
2287
3194
3450
2508
1093
204
164
604
965
1387
1867
1826
960
-297
-1104
-1285
-1364
-1720
-1889
-1429
-907
-1011
-1792
-2635
-3076
-3368
-3433
-3062
-2309
-1449
-1191
-1810
-2449
-2468
-2168
-1759
-1399
-949
-293
144
306
538
1068
1784
2038
1764
1507
1688
2441
3020
3195
3218
3158
2999
2470
2117
2424
2960
3151
2603
1823
1563
1761
1843
1681
1635
1447
975
364
-42
327
919
811
-102
-1143
-1455
-883
-118
247
71
-1007
-2948
-4889
-5582
-4414
-2396
-1229
-1874
-3728
-5527
-6750
-7185
-6764
-5739
-4887
-4972
-5464
-5554
-4747
-3681
-3617
-4316
-4999
-4957
-3908
-2007
532
2830
3623
2611
974
173
848
2424
4005
5333
6307
6610
6171
5663
5503
5373
4901
3878
3077
3147
3730
4385
4386
3621
2389
854
-631
-1714
-1916
-1405
-701
-187
-118
-310
-860
-1788
-2819
-3539
-3234
-1942
-520
473
970
1025
801
310
-43
112
572
1102
1325
1660
2583
3493
3688
2737
1219
10
-537
-76
1163
2536
3186
2354
428
-1359
-2100
-1786
-1019
-545
-497
-558
-850
-1158
-1259
-1244
-1302
-1913
-2755
-3091
-2609
-1456
-456
-48
-194
-1068
-2242
-3006
-2832
-1887
-869
-70
305
382
211
-281
-631
-567
-225
148
348
793
1583
2119
2184
1988
1814
1759
1712
1665
1815
2102
2420
2403
2008
1850
1952
2217
2298
1918
1467
974
526
389
550
1058
1547
1401
746
53
-266
-134
-84
-408
-864
-1148
-1099
-684
-17
680
617
-891
-3401
-5702
-6306
-4904
-2809
-1462
-1507
-2753
-4654
-6374
-7017
-6374
-5269
-4724
-5082
-5779
-5657
-4424
-2804
-1696
-1579
-2351
-3519
-4009
-3048
-572
2697
4982
5317
4265
2946
2345
2479
2985
3780
4732
5428
5513
5320
5367
5406
4712
3079
1198
208
325
786
1143
1429
1522
1051
-140
-1664
-2611
-2855
-2790
-2387
-1792
-831
122
306
-39
-328
-163
334
805
1114
1548
2065
2507
2759
2969
3502
3775
3359
2225
1121
866
1436
2394
2983
3005
2543
1464
-59
-1124
-1203
-642
-257
-571
-1142
-1351
-1130
-860
-811
-990
-1404
-2154
-2735
-2493
-1421
-154
442
218
-429
-1140
-1689
-1687
-1281
-886
-627
-723
-1049
-1261
-1189
-1139
-1217
-1304
-1500
-1501
-1209
-807
-314
177
448
450
217
3
89
343
683
1115
1616
1992
2230
2541
2756
2747
2437
1749
1007
570
602
1069
1640
2025
1944
1239
270
-720
-1417
-1502
-1241
-691
110
576
434
-53
-628
-1011
-1291
-1547
-1444
-1095
-506
462
1453
2058
1795
195
-2303
-4525
-5498
-4664
-2697
-1032
-559
-1417
-3085
-4823
-6037
-6271
-5659
-4970
-4796
-5038
-5026
-4210
-2953
-1938
-1409
-1367
-1424
-1368
-1027
128
2071
3978
4926
4771
4165
3648
3478
3649
4035
4518
4691
4251
3442
2912
3088
3599
3549
2520
896
-606
-1554
-2008
-1912
-1081
-44
222
-507
-1518
-1966
-1603
-1023
-769
-538
-144
239
547
983
1974
3139
3610
3057
2048
1681
2062
2589
2970
3014
2647
1930
962
405
799
1556
1867
1344
398
-238
-430
-431
-491
-543
-656
-1030
-1458
-1443
-801
39
424
120
-429
-877
-985
-713
-345
69
315
335
72
-532
-1057
-1473
-1809
-2003
-2182
-2195
-1936
-1687
-1596
-1661
-1892
-2098
-2367
-2715
-2625
-1954
-961
15
635
1065
1378
1451
1258
1003
1096
1344
1529
1767
2227
2855
3303
3276
2771
2052
1436
879
324
104
243
481
628
519
157
-232
-705
-1234
-1579
-1709
-1615
-1395
-976
-384
91
401
428
202
-23
-133
-132
-87
27
313
762
1162
1360
1178
356
-1215
-3003
-4226
-4514
-3880
-3084
-2684
-2777
-3369
-4114
-4804
-5154
-4958
-4564
-4368
-4481
-4404
-3636
-2481
-1373
-421
306
646
781
1015
1529
2494
3569
4112
3904
3368
3025
2975
2993
3001
2974
2747
2268
1404
613
447
613
600
-5
-711
-1019
-1161
-1207
-1136
-718
-78
317
364
418
1020
1922
2386
2393
2296
2348
2564
2599
2709
3066
3503
3728
3455
3050
2745
2400
1688
681
-174
-604
-650
-668
-544
-214
-62
-152
-561
-1045
-1102
-1022
-1046
-1160
-1223
-966
-415
179
636
942
954
719
215
-309
-428
-229
52
105
-86
-541
-1150
-1826
-2493
-2876
-3044
-3020
-2976
-3034
-3020
-2811
-2524
-2392
-2437
-2454
-2279
-1979
-1597
-984
-30
944
1570
1897
2059
2074
1962
1853
1845
1973
2212
2332
2312
2364
2375
2151
1803
1387
959
609
308
121
11
-110
-343
-463
-252
-10
89
-61
-351
-515
-498
-136
370
893
1251
1109
861
838
1190
1725
1888
1459
655
-15
-330
-179
347
721
499
-623
-2452
-4074
-4768
-4641
-4356
-4403
-4608
-4863
-5028
-4719
-4067
-3177
-2478
-2649
-3618
-4365
-4045
-2915
-1494
-260
684
1348
1541
1652
2034
2793
3699
3773
3001
2191
1793
1907
2031
1915
1715
1338
715
-54
-470
-114
488
659
199
-557
-1053
-1223
-1148
-749
-26
840
1633
2062
2179
2517
3031
3219
2943
2460
2105
2018
2066
2253
2698
3191
3381
2938
2127
1537
1092
525
-231
-1198
-1830
-2010
-2034
-1707
-1286
-767
-344
-407
-598
-564
-191
215
415
506
496
338
105
-58
-40
273
568
596
506
340
152
-136
-687
-1365
-1960
-2482
-2890
-3073
-2991
-2705
-2384
-2164
-2019
-1785
-1556
-1368
-1282
-1280
-1010
-562
15
688
1418
2066
2232
2128
1991
1980
2073
2020
1826
1464
1078
803
628
499
486
532
351
116
-8
-60
-124
-161
-175
-289
-425
-549
-521
-92
460
896
1307
1381
1244
1063
868
1003
1208
1379
1593
1729
1822
1810
1728
1525
1200
744
194
-332
-805
-963
-877
-735
-856
-1493
-2375
-3384
-4238
-4510
-4518
-4515
-4469
-4515
-4515
-4397
-4023
-3339
-2674
-2244
-2161
-2154
-2047
-1827
-1482
-1131
-776
-418
23
522
1092
1847
2510
2705
2395
1931
1498
904
114
-657
-1176
-1305
-1133
-850
-211
690
1293
1507
1292
1014
916
915
895
847
1022
1258
1569
2164
2968
3724
4231
4259
3795
3185
2670
2136
1527
1079
769
607
588
682
960
1275
1267
879
302
-465
-1138
-1577
-1776
-1660
-1370
-885
-416
66
693
1223
1633
1809
1594
1121
575
-44
-614
-915
-1061
-961
-730
-615
-389
-212
-154
-98
-292
-639
-937
-1365
-2049
-2696
-2979
-3014
-2761
-2134
-1310
-489
180
595
774
864
841
730
499
192
-20
-57
90
483
1200
1794
2004
1862
1323
734
242
-208
-467
-520
-483
-454
-348
-40
382
827
1227
1322
1224
1069
812
622
527
591
734
780
775
716
647
818
1172
1389
1447
1238
750
120
-496
-685
-655
-685
-818
-1150
-1410
-1472
-1208
-734
-257
5
-173
-758
-1835
-2849
-3421
-3741
-3900
-4027
-4003
-3924
-3849
-3478
-2915
-2381
-1929
-1870
-2173
-2411
-2317
-2046
-1778
-1553
-1157
-688
-437
-156
252
954
1769
2211
2296
2127
1747
1203
606
259
122
145
181
105
286
607
1045
1577
1962
2255
2282
2060
1760
1494
1410
1389
1406
1566
1868
2403
2871
3086
3207
3034
2718
2202
1543
1208
978
695
462
194
80
344
626
765
758
548
308
-146
-635
-815
-845
-833
-864
-744
-371
90
611
1000
1094
936
635
191
-236
-482
-699
-856
-1079
-1350
-1437
-1336
-1062
-857
-713
-581
-712
-972
-1188
-1518
-1969
-2261
-2357
-2410
-2078
-1470
-906
-371
12
304
435
372
190
-83
-214
-146
-22
102
194
391
588
531
367
248
182
90
28
-17
-84
-55
15
81
235
478
710
861
881
947
1094
1271
1386
1309
1290
1286
1166
1051
1122
1291
1381
1438
1258
987
747
517
423
200
6
-110
-344
-408
-497
-656
-722
-954
-1100
-1095
-1131
-1067
-1085
-1255
-1549
-2092
-2700
-3186
-3447
-3573
-3735
-3717
-3511
-3230
-2719
-2091
-1473
-997
-902
-990
-1119
-1179
-1176
-1162
-885
-566
-312
-25
325
858
1506
1958
1988
1853
1601
1250
875
452
114
-182
-468
-638
-576
-135
592
1418
2083
2452
2573
2368
2157
1937
1646
1488
1353
1321
1285
1378
1752
2180
2554
2773
2648
2241
1811
1297
893
652
364
101
-199
-465
-585
-509
-324
-144
34
232
344
195
27
-130
-320
-391
-547
-678
-551
-251
105
353
497
668
729
399
-132
-569
-914
-1151
-1395
-1503
-1365
-1160
-874
-694
-639
-546
-569
-840
-1211
-1566
-1879
-1976
-1889
-1707
-1429
-1053
-641
-247
49
316
658
829
814
591
227
-42
-286
-458
-588
-643
-486
-259
-48
160
427
842
1223
1333
1185
1035
963
740
629
685
759
839
885
1163
1394
1508
1730
1710
1517
1295
903
582
386
168
29
-37
-69
-121
-212
-317
-449
-546
-548
-566
-738
-851
-836
-865
-909
-929
-960
-1157
-1483
-1865
-2203
-2374
-2550
-2664
-2638
-2585
-2469
-2314
-2097
-1818
-1476
-1111
-869
-864
-1003
-1077
-1061
-950
-894
-769
-503
-253
122
568
986
1335
1509
1441
1128
752
429
206
60
-135
-138
20
233
595
975
1365
1720
1855
1789
1799
1763
1528
1317
1120
1079
1115
1135
1353
1585
1765
1847
1706
1542
1408
1207
926
574
310
116
-37
-52
47
131
217
172
5
72
154
113
-12
-115
-73
-72
21
196
354
590
673
581
370
45
-203
-366
-402
-338
-235
-131
-137
-300
-548
-579
-442
-316
-205
-210
-314
-494
-772
-1096
-1298
-1311
-1191
-1147
-1158
-913
-546
-136
187
301
407
431
266
-18
-152
-131
-90
-40
-125
-158
-62
-35
14
126
368
625
686
773
893
965
965
868
671
490
447
373
331
449
647
854
911
887
851
619
438
245
5
-61
-140
-160
-227
-247
-168
-246
-316
-352
-355
-344
-393
-479
-561
-707
-968
-1266
-1577
-1760
-1941
-2186
-2300
-2421
-2504
-2399
-2355
-2288
-2067
-1927
-1848
-1681
-1390
-1138
-924
-788
-890
-959
-946
-873
-793
-709
-461
-80
264
374
538
760
774
762
653
553
529
372
261
331
462
616
914
1292
1675
2006
2128
2173
2229
2180
2040
1783
1503
1347
1204
1115
1272
1430
1507
1514
1446
1474
1479
1343
1017
612
275
74
-40
-120
-11
163
239
278
223
195
146
-48
-312
-481
-405
-417
-409
-241
-90
7
-4
-37
-50
-49
-103
-179
-176
-266
-325
-333
-438
-450
-418
-428
-459
-372
-280
-291
-295
-411
-601
-845
-986
-1015
-1027
-1007
-975
-822
-549
-297
-88
190
442
554
436
208
115
188
215
156
270
370
331
281
360
579
707
644
477
249
167
329
340
446
653
643
637
468
383
546
638
662
604
455
271
112
-38
-27
43
59
21
-218
-331
-384
-448
-481
-571
-566
-670
-771
-728
-778
-799
-919
-1136
-1313
-1611
-1853
-1982
-1991
-1933
-1910
-1793
-1746
-1777
-1692
-1587
-1483
-1392
-1397
-1362
-1256
-1093
-987
-923
-714
-485
-387
-414
-268
-27
153
400
647
785
867
931
897
818
852
976
1041
1114
1314
1488
1593
1678
1704
1724
1621
1553
1551
1509
1487
1351
1286
1331
1379
1387
1304
1287
1301
1255
1229
1135
974
953
763
559
466
265
197
59
-104
-146
-157
-179
-240
-272
-410
-555
-673
-800
-717
-675
-669
-457
-278
-121
57
187
281
279
129
-52
-103
-196
-341
-362
-327
-326
-277
-128
7
163
265
141
-78
-310
-561
-724
-911
-1030
-952
-808
-680
-631
-381
-77
17
134
211
253
330
327
307
231
156
148
110
165
159
6
-82
-86
-22
-90
-177
-126
-127
-84
-87
-264
-281
-112
-16
-11
77
213
171
183
191
129
138
28
-48
-118
-237
-294
-405
-390
-281
-331
-455
-672
-923
-1070
-1169
-1226
-1188
-1131
-1100
-1102
-1114
-990
-941
-931
-871
-931
-990
-1110
-1169
-1076
-1066
-1053
-975
-933
-841
-815
-803
-573
-364
-214
-39
5
31
57
138
220
211
410
594
655
786
918
1118
1393
1601
1758
1827
1739
1636
1637
1587
1549
1555
1389
1241
1089
964
1043
1173
1232
1257
1349
1347
1207
1129
1074
982
944
851
585
463
412
255
284
306
274
349
257
167
142
49
43
-101
-286
-349
-350
-392
-521
-434
-376
-370
-358
-468
-466
-375
-249
-101
-10
108
190
71
21
33
-21
-53
-197
-310
-273
-197
-123
-76
-85
-172
-300
-399
-454
-524
-473
-455
-616
-609
-562
-558
-455
-331
-286
-323
-304
-274
-163
-146
-222
-156
-160
-218
-204
-159
-133
-212
-287
-308
-443
-622
-702
-661
-574
-529
-496
-414
-382
-342
-207
-197
-182
-109
-155
-228
-305
-291
-221
-281
-342
-301
-305
-402
-421
-356
-452
-581
-673
-714
-679
-738
-763
-748
-745
-779
-733
-643
-680
-610
-480
-368
-266
-274
-249
-172
-148
-143
-120
-43
53
183
390
445
448
486
408
339
359
439
489
488
476
479
552
615
695
823
970
1081
1040
1038
1147
1089
1048
1138
1088
1075
1129
1061
928
931
1036
1074
1073
942
794
645
558
545
446
475
512
450
396
386
509
531
440
467
409
276
246
239
232
261
216
181
223
119
42
49
1
-85
-126
-171
-290
-431
-571
-580
-560
-536
-470
-429
-346
-187
-116
-164
-119
-131
-193
-226
-315
-338
-299
-256
-200
-155
-69
-49
-138
-208
-315
-443
-561
-632
-721
-769
-736
-736
-603
-438
-404
-340
-242
-201
-259
-290
-274
-295
-305
-290
-325
-391
-436
-454
-406
-340
-271
-174
-166
-234
-296
-334
-397
-501
-513
-534
-607
-593
-474
-351
-302
-322
-471
-578
-505
-459
-425
-417
-387
-336
-356
-296
-211
-151
-149
-261
-318
-273
-178
-113
-147
-64
-8
-39
-22
-34
10
35
15
50
150
216
270
324
408
533
570
617
642
621
668
740
743
676
667
690
647
591
616
664
562
526
588
592
636
679
800
931
995
1087
1153
1180
1163
1127
1079
1008
882
776
702
654
643
544
605
681
595
505
388
373
315
254
280
198
145
145
71
3
68
91
59
143
228
266
289
358
394
310
184
10
-176
-334
-470
-571
-677
-788
-865
-920
-896
-808
-701
-625
-643
-656
-728
-803
-815
-863
-876
-827
-781
-817
-819
-761
-767
-792
-733
-732
-752
-670
-687
-694
-670
-741
-829
-920
-999
-997
-969
-973
-942
-912
-870
-751
-669
-607
-516
-502
-447
-304
-235
-257
-278
-226
-185
-200
-172
-118
-48
-42
-55
33
115
200
257
245
291
339
344
273
181
230
192
166
274
351
471
484
430
447
501
627
597
469
495
534
452
381
398
360
326
280
259
359
474
496
533
612
564
537
513
481
496
531
662
686
657
757
837
843
884
981
973
824
766
644
554
596
488
481
524
565
634
533
440
464
436
361
364
372
358
326
251
282
324
298
350
359
353
311
258
263
174
93
-9
-178
-279
-384
-421
-464
-546
-496
-519
-539
-533
-648
-705
-702
-690
-653
-701
-724
-707
-713
-572
-434
-408
-443
-579
-623
-575
-650
-745
-805
-849
-906
-949
-936
-986
-987
-904
-834
-767
-756
-798
-833
-790
-756
-799
-772
-743
-653
-533
-511
-479
-438
-385
-385
-378
-309
-295
-220
-129
-211
-204
-110
-116
-130
-112
-124
-145
-49
7
-80
-25
125
55
8
104
181
225
216
284
383
433
541
555
545
622
652
659
603
622
638
515
445
456
446
384
402
416
376
409
431
460
593
666
697
693
619
658
680
569
558
624
620
625
588
627
723
718
701
638
567
571
543
512
525
547
556
485
447
472
479
485
512
469
375
383
333
303
292
256
319
309
282
244
100
35
64
31
-6
-42
-66
-62
-120
-135
-123
-190
-248
-237
-348
-525
-574
-494
-456
-544
-539
-589
-619
-539
-618
-649
-621
-657
-651
-729
-736
-672
-671
-678
-637
-705
-893
-929
-946
-946
-978
-897
-798
-870
-827
-817
-760
-676
-603
-503
-542
-517
-485
-515
-469
-432
-410
-372
-413
-367
-350
-371
-241
-278
-343
-309
-355
-325
-317
-324
-239
-213
-237
-197
-99
-25
122
239
268
379
448
523
524
437
527
600
569
509
493
546
562
576
622
673
629
578
609
605
593
581
573
544
574
628
556
544
606
606
613
633
647
646
671
670
615
604
563
516
485
501
531
528
528
463
489
479
351
293
216
251
255
195
296
255
227
268
173
167
167
54
62
179
198
134
170
231
257
341
353
320
294
231
166
137
11
-165
-179
-233
-304
-292
-302
-244
-247
-323
-289
-266
-277
-248
-270
-393
-475
-501
-519
-499
-503
-535
-588
-540
-438
-529
-649
-647
-735
-807
-819
-945
-920
-826
-804
-750
-777
-760
-700
-701
-635
-478
-472
-478
-418
-473
-412
-427
-482
-420
-473
-430
-467
-559
-488
-536
-541
-443
-444
-406
-291
-287
-239
-118
-88
34
109
109
148
133
195
195
174
286
247
224
264
245
318
338
347
376
405
430
426
489
536
607
677
671
646
618
614
593
657
685
629
654
645
680
725
695
681
627
591
594
591
558
523
554
532
536
553
504
385
344
478
453
386
355
289
316
281
291
282
155
144
111
32
43
41
19
17
1
-1
-9
37
66
-23
-105
-183
-271
-305
-318
-397
-467
-433
-418
-399
-373
-301
-195
-193
-201
-154
-185
-257
-248
-345
-400
-402
-385
-332
-447
-440
-398
-462
-439
-474
-556
-624
-650
-689
-688
-638
-639
-555
-537
-571
-520
-515
-501
-463
-443
-445
-433
-430
-380
-311
-297
-268
-288
-252
-267
-381
-370
-327
-292
-224
-195
-182
-169
-158
-104
-104
-92
-36
-70
-39
64
32
5
85
91
108
134
169
251
260
337
429
411
426
467
485
499
548
573
527
560
579
517
505
512
532
585
612
671
738
720
740
703
699
717
615
640
655
598
581
606
612
583
588
609
608
569
531
431
419
459
333
318
363
338
305
193
198
201
86
73
95
106
83
48
60
-7
-89
-147
-222
-263
-339
-406
-344
-345
-412
-380
-415
-476
-488
-459
-462
-516
-514
-550
-483
-506
-625
-556
-596
-639
-585
-583
-616
-625
-610
-599
-583
-580
-532
-470
-462
-449
-393
-407
-439
-384
-387
-378
-341
-350
-389
-410
-350
-351
-346
-295
-283
-271
-245
-197
-234
-256
-222
-269
-268
-192
-148
-139
-110
-29
-16
-72
-109
-76
53
46
-31
103
115
35
119
126
184
241
213
254
256
221
218
227
250
251
276
316
393
493
445
402
414
431
431
421
459
463
527
561
533
536
439
413
428
400
399
361
425
414
346
463
494
432
481
435
359
469
460
397
456
458
386
327
322
294
263
201
162
164
148
151
127
107
88
70
87
61
0
-20
-47
-53
39
39
-127
-155
-159
-171
-121
-186
-228
-237
-255
-307
-264
-199
-312
-316
-272
-321
-381
-362
-345
-426
-467
-551
-557
-456
-530
-586
-544
-515
-505
-496
-508
-512
-510
-558
-492
-481
-455
-373
-417
-377
-320
-296
-229
-184
-185
-191
-123
-126
-165
-190
-253
-286
-274
-291
-331
-285
-272
-195
-93
-118
-42
31
42
121
107
32
64
48
56
109
92
84
108
162
145
121
163
211
222
214
255
288
249
306
393
368
377
392
409
388
360
324
274
279
285
309
272
320
380
348
358
356
380
353
288
295
290
357
388
355
350
268
290
378
338
358
361
262
294
312
304
309
227
213
199
145
144
117
86
9
-26
26
-40
-2
5
-124
-56
-25
-34
16
-40
-83
-139
-162
-124
-175
-160
-154
-157
-147
-205
-178
-181
-246
-325
-455
-431
-330
-342
-299
-246
-254
-260
-263
-285
-377
-434
-478
-485
-472
-444
-382
-391
-373
-335
-323
-358
-369
-343
-399
-449
-367
-283
-294
-308
-291
-366
-410
-358
-328
-288
-361
-334
-170
-130
-200
-175
-97
-135
-81
-35
-39
-32
-77
-34
6
-21
-33
-53
-31
40
74
224
341
303
357
335
273
244
271
296
191
215
314
404
413
360
391
372
362
365
335
367
434
496
506
540
542
448
437
322
223
196
164
247
295
308
314
378
428
407
359
264
256
294
291
285
309
320
283
214
127
98
85
60
32
58
174
133
79
94
-23
-107
-116
-112
-203
-185
-130
-196
-148
-195
-252
-273
-340
-244
-203
-186
-133
-103
-30
-126
-238
-248
-314
-422
-467
-457
-446
-412
-379
-298
-245
-259
-226
-249
-275
-295
-365
-309
-279
-292
-242
-281
-346
-351
-395
-399
-327
-389
-359
-240
-139
-62
-145
-70
-38
-52
2
-98
-65
-15
-20
-31
-93
-119
-231
-186
-119
-160
-129
-103
14
89
29
-3
30
76
67
36
-11
0
49
-12
-4
32
7
10
29
64
84
116
201
298
322
284
307
329
263
184
158
124
120
98
92
182
235
315
327
299
316
387
425
346
313
319
311
309
263
187
185
165
181
198
173
234
279
308
301
346
337
287
362
334
294
245
214
230
133
113
91
33
35
2
-27
31
96
75
57
143
187
109
77
-54
-105
-104
-210
-232
-180
-162
-146
-40
-92
-136
-71
-117
-143
-181
-293
-240
-138
-136
-150
-243
-269
-223
-228
-237
-288
-293
-289
-228
-172
-189
-145
-188
-211
-195
-240
-203
-222
-272
-239
-260
-235
-154
-166
-202
-205
-243
-184
-99
-62
-54
-129
-83
-101
-209
-182
-164
-172
-197
-132
24
138
161
-5
-28
57
-39
-62
-92
-105
-36
-29
29
-22
-72
-24
-62
-28
-17
-42
39
114
118
136
140
86
97
129
54
15
13
17
52
78
111
84
181
193
128
217
233
247
259
260
279
297
261
206
164
44
67
122
96
117
118
167
183
169
186
148
172
269
244
247
220
174
242
139
30
-40
-88
-31
-5
92
137
151
210
231
371
329
131
188
224
211
99
-22
56
0
-84
-105
-120
-128
-191
-171
-83
-63
-48
25
22
62
33
-54
-31
-113
-130
-154
-201
-196
-232
-234
-223
-204
-199
-165
-214
-213
-83
-66
-40
-48
-156
-163
-202
-249
-269
-358
-367
-292
-280
-281
-245
-219
-170
-184
-144
-69
-171
-140
-110
-213
-150
-217
-254
-195
-312
-250
-171
-176
-122
-101
7
41
33
115
111
78
82
61
33
-17
-73
-46
-54
-105
-46
37
4
31
59
86
201
177
159
183
149
110
130
100
42
63
9
32
99
117
161
226
275
280
316
385
409
316
261
270
260
255
178
84
79
95
65
116
101
47
121
131
118
150
215
146
45
106
68
34
23
-28
-51
-92
-35
69
46
-14
75
154
163
130
101
97
43
26
-40
-64
-96
-233
-269
-260
-244
-271
-275
-198
-168
-146
-124
-117
-108
-58
-29
-58
-112
-130
-135
-146
-146
-206
-264
-324
-247
-171
-195
-187
-150
-52
-6
9
17
31
29
-57
-74
-48
-98
-139
-188
-216
-163
-113
-115
-146
-207
-182
-132
-129
-116
-115
-66
-33
-40
-3
35
0
-29
-20
-26
-4
19
22
70
93
70
125
139
137
126
95
155
69
18
61
35
35
-16
-5
36
5
30
71
94
77
76
127
141
162
143
67
86
174
165
175
209
143
114
174
191
121
73
113
201
256
247
262
320
305
248
182
92
43
75
41
-13
33
4
-9
-17
6
10
-103
-103
-57
-34
-5
15
-7
2
42
75
155
65
0
68
79
121
105
35
34
53
-23
-69
-49
-122
-160
-117
-105
-142
-143
-171
-182
-158
-233
-250
-196
-221
-215
-148
-155
-200
-229
-264
-233
-184
-228
-240
-184
-82
-2
-24
-24
-27
17
61
-19
-45
20
5
-35
-60
-71
-17
-91
-126
-72
-122
-114
-97
-55
-51
-99
-45
-53
-122
-102
-73
-94
-101
-117
-97
-7
13
-34
-27
21
93
146
151
212
199
220
251
157
163
72
15
8
-54
-22
17
54
43
24
-5
49
75
-27
-12
-15
7
128
138
101
88
85
59
32
15
-25
-24
-7
80
156
172
192
220
263
258
274
255
246
264
180
159
161
74
27
27
5
-40
-40
1
49
67
13
15
40
36
55
6
-13
18
-20
-25
34
0
-78
-90
-91
-50
-58
-67
-15
-5
40
101
99
54
39
-52
-79
-81
-150
-98
-166
-161
-119
-160
-133
-136
-156
-190
-138
-71
-92
-100
-67
-70
-83
-115
-161
-223
-265
-192
-150
-190
-204
-130
-96
-42
-28
-55
-21
-21
78
84
74
52
-1
47
-1
-7
-48
-137
-159
-143
-61
-36
-62
-55
-32
1
35
13
-22
-25
-36
-12
27
13
70
51
-19
62
75
50
70
3
25
169
161
164
178
115
154
160
82
93
85
2
-38
24
58
8
-7
74
130
84
79
89
116
91
-28
22
91
-4
9
48
19
36
39
36
48
61
72
76
65
115
148
94
55
70
58
13
19
-51
-57
-55
-92
-42
-78
-46
39
43
20
8
40
52
0
-49
-40
-18
-44
-46
-40
-40
-6
-61
-65
-35
-59
2
-33
-97
-73
-24
18
-8
-30
-86
-79
-22
-79
-100
-140
-186
-130
-64
-47
-93
-49
0
-30
-46
-56
0
-52
-121
-19
-29
-49
3
-15
-49
-67
-29
-46
-84
-104
-80
-76
-96
-52
-56
10
22
-45
-53
-26
14
-22
-73
-83
-7
17
21
33
-21
18
14
30
61
-7
58
105
126
162
103
108
164
102
33
50
63
17
-34
0
10
11
-1
-3
38
62
98
91
91
69
99
144
75
67
30
-21
48
12
-57
-38
-21
5
12
9
49
80
93
98
109
139
133
138
139
97
20
-20
9
-14
-84
-47
-62
-24
24
-46
48
19
-81
0
11
-17
11
-31
-27
-31
-55
-19
-55
-56
-41
-103
-101
20
49
-7
14
9
30
91
16
-4
-43
-106
-62
-38
-40
-97
-85
-39
-33
-11
-23
-38
-38
-29
3
-42
-74
-71
-81
-143
-202
-160
-126
-157
-167
-89
-41
-4
-22
-47
53
77
56
24
40
91
51
19
41
-27
-54
-67
-76
-38
-76
-55
-9
12
31
54
80
34
1
46
-16
-92
-64
-40
-29
-75
-73
-28
29
44
-4
11
22
34
123
112
85
97
67
105
80
62
47
-3
69
106
77
105
127
113
147
121
22
86
114
63
-13
-82
26
-47
-113
-14
-34
-44
0
79
131
76
134
160
79
86
136
144
69
86
107
69
53
56
71
-14
-39
-5
26
13
-16
32
18
25
12
-47
-8
-42
-102
-131
-145
-95
-66
-84
-132
-89
-28
-88
-82
-60
-86
-89
-107
-80
-65
-87
-137
-167
-90
-56
-111
-112
-35
33
48
-16
-8
54
0
-52
-61
-49
-31
-80
-61
-77
-117
-65
-96
-53
-55
-75
75
72
53
42
32
88
-15
-30
23
-8
8
-2
76
58
-28
37
-3
-1
53
-16
16
84
46
12
31
33
-6
-17
-20
12
26
33
76
30
7
120
124
1
26
21
22
10
-47
11
-13
1
26
19
103
127
57
23
67
81
89
34
4
59
18
33
70
-6
6
-10
15
28
-10
48
24
39
82
77
81
100
51
59
81
-30
-32
8
17
-12
6
48
25
17
10
25
-11
-72
-19
-18
-42
-16
-47
-46
-48
-104
-98
-73
-41
-7
-52
-42
-15
-11
26
-24
-74
-23
-1
-1
67
33
-23
-15
-78
-58
-47
-69
-58
-104
-12
22
-15
-7
-106
-96
-51
-115
-76
-69
-82
-23
-63
-75
-48
-103
-122
-90
-39
-50
-49
62
89
33
44
91
60
-10
26
44
31
0
-26
4
-24
-10
24
-20
27
38
38
144
72
11
10
6
5
-72
-58
-69
-34
6
-11
8
0
76
58
37
89
76
188
150
81
110
90
49
-40
-10
-94
-117
24
-26
11
89
67
70
44
58
50
-3
-38
-19
14
14
-1
-82
-122
-101
-111
-105
-129
-87
0
31
83
53
38
42
19
-14
-16
49
25
43
60
-2
3
-39
-73
-43
-82
-44
1
60
120
40
19
47
21
-10
-37
-97
-48
9
-65
-85
-82
-74
-114
-138
-80
-47
-12
10
73
113
113
123
119
60
49
47
-38
13
35
-20
-29
-22
-21
18
21
-79
-54
52
48
59
106
36
-16
-30
-16
-40
-135
-142
-88
-53
-20
47
13
-52
37
12
-22
41
46
72
38
106
122
28
40
3
-61
-33
27
30
52
55
70
126
58
-19
24
-44
-76
-12
-31
-30
-29
-42
26
79
-46
-70
13
9
80
112
56
50
126
143
86
99
19
-25
40
26
56
90
-25
-27
59
24
-9
-26
8
0
-10
66
59
28
-16
-83
-103
-96
-66
-120
-135
-15
-39
-59
26
-3
-45
-64
-52
-7
4
14
9
46
22
-21
16
-27
-122
-93
-51
-48
-54
-49
7
-15
-2
13
-48
-33
-31
4
23
-41
-58
-69
-22
-70
-176
-127
-99
-88
-27
29
43
42
130
94
4
69
58
17
-15
-20
47
45
-29
-5
-5
-56
-37
-66
32
63
-24
9
70
50
1
26
-90
-95
-10
-49
-20
-22
-12
2
-12
12
46
48
62
58
55
120
132
92
50
16
-1
-23
3
20
-15
33
61
45
92
140
96
22
65
78
40
44
40
26
-9
-76
-114
-32
-53
-130
-58
-4
50
111
133
131
99
103
102
72
71
74
68
22
15
14
-67
-29
-47
-79
-51
-83
45
98
31
50
45
46
-16
0
23
-148
-150
-65
-83
-94
-110
-106
-60
-70
-58
6
-7
30
52
56
105
79
39
-7
-50
-68
-59
-84
-107
-9
-16
-60
-16
-19
-42
-55
-66
-50
-28
-60
-35
8
-69
-137
-112
-106
-115
-90
-93
-57
21
42
122
118
41
67
49
79
96
71
38
-15
89
115
20
-15
-84
-43
8
-18
31
37
47
80
80
73
-15
-63
-63
-102
-71
-93
-73
17
-15
-44
3
90
11
-25
87
83
95
72
120
144
39
43
49
32
-52
-28
39
-22
14
8
16
34
31
33
-36
15
50
7
-39
-77
-36
-81
-111
-80
-106
-74
10
-18
34
73
24
83
77
64
57
89
139
86
46
57
45
18
-42
-71
-72
-65
4
19
26
81
47
10
23
-30
-80
-125
-132
-93
-81
-53
-50
-69
-26
-74
-118
-58
-28
-12
-7
24
80
61
66
78
-10
10
19
-11
48
-9
-4
15
-58
-3
35
-3
-7
37
22
-17
54
35
-82
-111
-93
-94
-69
-72
-133
-110
-37
-6
-3
-6
-46
-31
18
24
110
99
49
125
167
108
59
54
-29
-18
-2
-38
66
95
88
29
-7
94
30
-29
-9
-81
-35
16
-23
-58
-68
-128
-127
-49
-118
-58
-2
17
93
40
116
157
59
82
75
72
117
38
7
57
40
-8
-20
-32
-25
29
-20
12
89
14
-10
-10
25
15
-75
-118
-97
-51
-46
-50
-103
-139
-90
-31
-13
-20
-63
-13
104
94
104
97
23
54
35
-17
1
-45
-35
20
27
34
44
19
4
-3
-15
-11
-33
33
44
-36
-39
-35
-74
-131
-169
-135
-121
-91
-26
-19
-27
-34
-32
-10
49
47
16
16
92
173
108
35
-4
-22
63
64
-15
-5
-13
32
44
-17
-30
-30
-30
-70
-89
-61
-9
-83
-145
-60
-50
-90
-104
-69
-30
-19
20
16
82
120
95
121
57
28
55
35
0
14
17
8
33
12
36
43
-4
-28
29
82
9
64
109
46
-1
-21
42
-27
-86
-99
-88
-2
-33
-20
6
5
13
-23
25
56
11
43
73
50
76
80
46
32
39
24
10
96
77
-22
68
24
-21
49
-18
-21
-45
-73
-36
-45
-77
-97
-140
-158
-21
-27
-105
-25
-39
-5
19
-24
-29
-53
2
5
5
75
52
11
51
82
56
78
55
41
52
16
4
30
62
-42
-99
-46
-52
-68
-95
-101
-121
-118
-50
-45
-60
12
16
-45
32
44
17
-13
-79
7
38
28
33
24
68
45
30
56
51
47
13
12
45
31
-19
-39
14
0
-113
-124
-29
-2
-49
-89
-42
-37
-69
-23
0
-38
-53
18
20
30
37
-11
20
72
72
-19
24
75
-66
-19
65
33
51
3
28
122
44
-26
11
5
1
12
-26
-50
7
38
-70
-79
-51
-99
-80
-51
-45
4
39
13
4
-11
22
74
38
20
69
73
57
84
48
27
-13
-31
28
-45
-83
-37
-43
-31
5
-13
-4
62
-3
14
57
23
48
4
13
-27
-23
5
-67
-29
-52
-71
-69
-72
15
35
-5
26
19
-3
70
62
3
-14
27
25
-32
-24
-68
-51
11
-16
-11
19
28
4
38
92
29
-2
39
25
24
-8
-39
-17
-58
-52
-69
-106
-96
-87
-64
-75
-10
8
-37
15
21
41
60
85
111
3
-25
95
93
16
-3
-55
-2
26
6
46
-30
35
105
-28
-3
-3
-81
-45
-61
-75
-22
-74
-101
-51
-46
-74
-57
6
-6
12
59
68
110
109
88
67
77
30
-13
21
20
45
45
5
-2
28
27
-18
-54
0
-19
-94
-5
-10
-41
-35
-36
51
-32
-128
-18
26
20
65
25
-4
23
71
61
-36
6
80
27
36
70
75
59
-22
-22
6
44
4
-86
-21
4
27
38
5
-13
-65
-72
-25
-24
-22
-23
-79
-71
-45
4
73
-14
-59
4
7
41
29
6
38
60
76
57
31
-21
-28
-17
-79
-91
-57
-73
-62
-46
-23
-73
-109
10
18
-46
-81
-84
14
38
-24
-19
4
-40
-25
93
102
46
12
11
55
56
68
10
0
26
-18
-9
-56
-65
-87
-96
17
0
-14
-9
-31
76
4
-78
11
-45
-18
44
66
132
86
79
84
40
-2
-65
20
54
-3
36
88
120
46
-28
6
-16
-74
-23
-14
-15
-19
-48
48
54
-29
-9
-37
-85
28
75
-9
0
48
32
20
1
31
25
-15
17
-33
16
84
6
7
47
-6
-23
5
35
48
-22
73
112
27
-38
-88
-42
-46
-60
-73
-5
12
-7
24
-36
-58
-60
-12
3
-55
-7
40
-17
-30
12
3
-8
25
37
56
88
43
28
29
-7
-53
-71
-20
28
9
-85
-35
51
-25
-21
5
-33
6
-19
-51
-76
-107
2
-18
-46
-11
-62
-17
14
-8
22
-24
-38
62
70
25
43
42
8
-5
17
39
19
-28
-63
0
1
17
11
-28
14
-8
37
45
-51
-38
-63
-88
-102
-103
-10
-20
-35
-11
19
101
80
73
29
-5
24
-30
-4
37
23
40
35
9
29
1
-22
-9
5
60
35
53
78
82
119
5
-34
32
2
-47
-63
-78
-90
-121
-108
-81
-101
-100
-96
-58
30
50
56
54
24
61
55
147
164
-21
1
45
28
67
25
49
31
-45
-40
-16
-7
-66
-78
-33
-14
48
25
-84
-28
-25
-58
-5
-31
19
8
-68
35
72
27
30
34
57
52
82
130
98
80
32
-54
-51
-52
-71
-44
-36
16
25
7
61
42
-26
-56
-12
11
-25
-21
12
14
20
-2
-47
-58
-64
-57
-67
-33
-18
-13
-3
-51
-39
-69
-67
44
32
-8
46
42
27
10
27
37
50
94
82
146
139
88
38
-40
-51
-49
-63
-104
-78
-40
-75
-55
-22
-18
-15
-49
-17
4
-25
-10
-12
-23
-54
13
74
52
119
63
45
77
116
124
1
26
47
26
-21
-11
9
-81
-65
-78
-92
-23
-38
27
31
-58
8
-6
-49
25
56
-21
-41
-18
-30
4
-45
-72
-78
-84
6
22
34
3
-22
18
42
105
57
-8
-72
-22
64
3
-25
-33
-9
-47
-9
38
-41
-31
8
-8
-46
-46
2
21
-9
-30
-23
-45
-123
-104
-55
-62
26
34
48
127
72
104
146
88
115
167
123
99
69
58
32
-33
10
-17
-83
-34
9
-79
-75
-37
-62
38
24
4
23
31
102
31
-22
-31
-133
-98
-12
-14
1
28
14
23
65
38
-13
-27
-5
-21
-75
-46
28
-15
-47
43
3
-24
30
17
15
14
28
83
91
65
18
-17
21
-5
-34
-3
-25
-41
-51
-76
-79
-70
-114
-102
-66
-56
11
44
61
128
132
100
122
24
-28
66
75
19
-26
45
124
12
-13
32
-66
-29
28
-84
-48
-33
-87
-46
-85
-97
-34
-18
-72
-71
-9
-23
-14
42
10
-32
-20
-18
22
-3
-32
51
100
120
48
-2
38
9
-33
-10
43
52
12
-24
-37
-9
-34
-17
26
-36
6
-35
-113
-104
-159
-89
-13
-19
-2
33
32
-23
-89
-90
6
-35
-64
25
22
41
47
120
160
98
141
86
83
172
100
70
21
0
43
-39
-36
-58
-113
-83
-71
-19
-47
-67
-32
-17
34
35
21
-10
-33
35
-10
-32
107
60
56
116
-23
8
75
21
29
25
18
23
32
-4
-60
-52
-57
-50
-104
-109
-74
-136
-139
-92
-10
4
-22
78
122
89
105
70
-12
50
13
-46
-9
-71
-54
-58
-19
-13
-35
-16
-3
63
8
26
89
91
70
23
60
25
-41
-6
-8
-26
10
23
43
74
34
-19
-5
-6
22
86
-2
-54
-30
-50
-74
-63
-25
-62
-85
-65
-8
16
-24
-40
27
111
103
91
61
35
62
9
23
37
6
-12
-27
-3
-71
-88
-56
-61
32
66
22
35
33
13
-55
-43
14
-65
-47
65
32
-86
-61
-9
-86
-82
-1
9
13
36
75
77
43
55
10
16
54
10
-36
-42
-15
37
51
-11
23
86
39
10
6
25
19
-42
-67
-63
-86
-133
-125
-86
-75
-89
-44
63
90
101
143
154
130
120
147
110
48
53
51
11
2
-3
-33
-47
-35
12
18
-43
3
57
-38
-148
-149
-125
-141
-112
-118
-82
-75
-99
41
48
-5
2
47
53
52
113
75
91
51
-3
63
42
-30
-40
-1
6
-4
-31
-43
2
-75
-133
15
30
-22
55
14
57
45
-81
-20
-38
5
-17
-98
-15
15
31
-5
1
68
86
67
14
43
89
67
13
15
80
-15
-20
108
85
49
-21
0
92
-9
-121
-16
25
-30
-44
-54
-49
-113
-137
-95
-74
-81
-49
-17
0
64
40
-18
35
76
93
74
72
110
23
45
78
28
3
-69
-33
-23
-19
85
59
-40
-28
11
-12
-49
-116
-45
9
-68
-43
3
18
-17
-56
1
-7
-50
82
23
-80
23
-37
-41
48
-27
0
26
-11
26
25
78
57
-8
39
25
40
87
34
2
17
96
131
3
-30
-24
-76
-7
-23
-57
-82
-128
-85
-101
-68
-112
-107
38
60
106
78
-9
9
-27
-94
-12
48
42
64
39
66
64
19
6
5
55
45
9
-10
17
-21
-95
-69
-24
-1
-94
-107
-61
-88
-130
-150
-61
-51
-62
-40
-17
52
33
58
112
86
107
99
-1
-25
49
30
32
93
29
5
69
58
31
65
62
81
53
-37
-7
-25
-78
-114
-143
-97
-48
-52
-82
-61
-51
-20
-7
8
72
62
39
28
17
13
-16
15
-27
-85
8
25
10
57
58
8
9
61
48
30
53
20
46
32
-65
-46
-63
-77
-70
-100
-157
-167
-5
15
-79
-2
56
69
92
48
66
26
-47
-53
-45
14
49
50
8
-17
-27
-31
27
73
69
50
143
149
65
91
6
-107
-98
-82
-61
-66
-118
-123
-108
-57
2
-15
-9
35
69
19
-37
37
62
25
70
83
32
2
-23
-29
-22
-47
-84
7
0
26
154
70
91
60
18
131
14
-66
-48
-29
-14
-99
-65
-59
-99
-63
-94
-103
-90
-81
-36
-30
3
83
61
28
69
98
89
2
-77
-18
20
-29
-25
13
35
-21
14
97
57
48
36
32
51
65
8
-22
-20
-30
-51
-119
-93
-120
-99
37
-56
-96
1
-8
61
77
7
-6
59
86
40
33
12
33
36
28
52
63
8
-13
15
-9
25
17
10
20
-39
-29
-47
-59
-54
-96
-78
-77
-114
-112
-56
-17
2
53
54
-11
-6
34
72
107
30
23
79
94
11
-104
5
11
-98
-53
-61
-33
-2
-16
20
40
56
66
105
76
-9
-35
5
29
-24
-8
-26
-60
-28
-93
-59
38
