41
48
-46
-22
18
-5
42
46
40
62
-2
10
-26
-56
9
-19
-16
-6
70
90
-68
-49
10
-5
20
102
80
-12
4
1
47
28
35
162
105
63
12
-48
-3
0
25
-12
-10
56
1
-23
4
-50
-103
-57
-30
6
115
32
19
57
-90
29
19
-97
40
-23
-139
-58
-18
-49
-27
-19
24
24
-18
-14
11
30
40
62
-25
-18
20
-33
-18
21
55
18
0
7
-35
-72
-94
-18
94
57
6
7
-17
-60
-55
26
-10
-32
25
17
-15
-61
-60
-5
-7
-26
-24
-3
43
35
39
3
-21
11
-27
-3
81
31
6
72
39
43
-3
-43
62
54
22
12
25
66
4
-3
33
44
15
7
94
31
9
55
-30
-54
-13
14
-4
-3
54
77
15
-30
27
40
34
49
-10
-5
12
-38
-59
-26
-32
-20
-5
-38
-32
-62
-71
-30
-63
-50
17
-10
-22
-27
-18
-40
-67
8
-40
-29
55
-36
-89
-32
-8
-60
-77
9
47
0
-38
-90
-53
-31
-2
128
33
-61
9
-16
3
73
92
-2
-39
53
23
23
-18
-43
2
14
55
37
68
61
20
32
31
9
-29
80
47
-44
80
14
27
133
42
-10
-4
31
63
42
37
38
38
67
72
74
66
22
72
74
12
53
47
79
68
-22
23
22
5
-8
-122
-81
-45
-105
-69
-63
-56
-40
-81
-38
-51
-69
-25
-47
-20
-14
13
36
-15
-86
-106
-41
-41
-15
-9
-37
0
-52
-40
25
-33
-91
-63
-28
-66
-28
-29
-43
-47
-90
-74
-84
4
57
16
-72
-76
11
21
44
15
10
32
-14
-20
15
20
23
-21
0
80
91
96
95
126
101
18
15
106
69
38
64
-1
74
84
52
56
45
59
52
120
73
16
22
1
-5
-6
12
52
71
33
76
66
7
12
-43
-16
34
20
111
95
59
71
-3
69
74
18
53
-46
-76
-29
-12
14
-53
-51
13
-9
-17
-24
-54
-45
-47
-54
-29
-67
-76
-39
-69
-56
-33
-50
-95
-11
2
-117
-26
-7
19
36
-87
-98
-21
-38
-87
-29
14
88
133
21
-66
-13
-9
-51
9
-64
-98
-29
-68
6
23
-66
-78
-59
-64
-57
1
36
47
-28
-18
100
20
-54
-18
11
74
54
-14
-23
-4
28
29
66
26
4
85
69
63
54
13
-1
50
49
33
43
13
-29
-58
78
81
-30
-1
76
80
-8
37
46
2
29
-11
6
59
90
121
77
52
78
-40
-117
-25
-63
-32
19
24
91
24
25
-6
-113
-64
-29
-11
73
67
7
1
-17
-9
11
52
-21
-45
18
-42
-38
-2
13
-57
-76
-28
-15
94
14
-66
7
-4
-21
-63
-47
-29
-68
-10
-16
-87
-50
-8
-38
-80
-98
-39
20
-53
-129
-73
-34
-67
-9
50
17
20
-19
-78
-55
-88
-61
2
-34
-87
-80
-6
6
11
-9
7
8
-28
25
11
-1
36
67
16
-40
26
35
-5
2
-85
-54
50
-8
11
13
2
41
7
-33
6
35
36
41
22
48
35
14
6
10
31
12
-7
-49
-16
72
66
72
79
24
33
39
47
74
-16
-36
61
60
-18
-27
-29
-62
15
18
-9
-39
-51
44
-53
-82
-87
-124
-43
-35
-9
-31
-13
66
35
-55
-110
-42
-4
-33
-29
-10
16
-30
-105
-136
-97
-13
-24
-25
11
-11
-24
19
-4
-43
6
-9
-14
7
-35
3
17
66
136
23
20
37
0
33
-3
-58
-4
39
-2
5
-47
-43
52
20
19
31
33
-3
-40
23
-7
-108
-53
26
-46
-5
58
-37
-63
-66
-60
-67
-22
9
-19
65
38
19
41
-14
-34
-43
-80
-24
36
22
45
7
-11
-4
21
30
77
70
-21
-18
-56
-46
-24
18
68
25
32
51
3
-34
8
-16
-40
55
37
1
38
-2
-21
3
-3
24
35
12
10
-9
-23
13
40
20
-31
-75
-25
-24
-43
-10
-29
8
-2
-8
70
52
36
43
-3
3
-10
-12
29
8
21
38
24
21
70
103
38
14
-6
-21
-15
0
70
62
-12
14
30
-8
7
-4
-19
0
5
8
-4
29
26
-67
-36
33
49
52
25
7
23
51
55
7
-29
4
-31
-20
-6
-30
44
72
48
36
21
24
89
35
-22
-27
-40
18
-9
-22
-12
5
12
16
22
-44
-46
-11
57
32
-17
46
20
-35
-22
-9
33
-23
-106
13
65
0
-16
-29
12
18
-44
-33
3
-3
-28
24
67
37
26
70
98
27
-16
-3
-37
-53
-17
32
53
9
-33
9
89
67
21
18
-17
-7
-42
-99
-44
-25
10
29
-16
-38
-64
-52
53
68
-7
23
75
60
54
36
17
31
27
-4
-9
40
30
-11
-58
-40
40
5
18
63
-11
-8
21
34
20
14
91
46
10
87
14
-13
71
58
96
56
-10
2
-59
25
61
-37
0
41
71
47
37
65
9
-14
39
69
42
-26
-115
-68
1
21
-17
-12
16
-23
-42
-40
22
-71
-72
15
-96
-78
4
35
29
-13
11
-9
-87
-55
23
-31
-70
-25
-33
10
23
14
4
1
80
0
1
46
-44
-47
-58
72
80
-44
26
-34
-21
37
8
25
-24
-5
5
-48
-22
-1
2
8
7
-2
-45
-47
-47
-49
2
6
-38
-36
-63
-57
-28
-11
42
-36
-14
26
-6
57
2
13
56
22
79
20
-35
41
29
45
54
44
50
-32
-10
15
3
59
16
5
39
-4
-18
-78
-24
70
-22
7
37
-19
2
-59
-79
4
-54
-34
62
14
22
5
5
16
-60
-59
-92
-74
7
81
87
24
21
-34
-96
-79
13
0
-79
-121
-93
40
18
-15
-13
-5
31
2
27
41
75
112
15
1
-19
-111
-35
11
-51
-97
-92
-55
-98
-133
-79
-20
-52
-30
6
-71
-96
-25
17
-23
-43
-71
-28
35
-9
-5
-17
-56
15
46
-29
-70
-96
-48
13
-31
-48
-6
-32
-62
19
-6
-14
-39
-80
5
-57
-15
31
-62
50
132
82
25
-40
-35
-69
-43
17
0
62
52
-14
27
60
85
110
36
13
42
21
78
8
-73
13
33
39
75
83
4
-22
60
52
23
-8
-9
64
33
-6
18
11
15
-5
-35
-66
-29
32
-14
-2
17
37
13
-42
12
25
-35
-32
26
16
19
81
70
10
-54
44
78
2
87
26
14
23
-27
41
4
22
71
35
43
57
35
9
7
-32
2
23
-10
66
84
40
-25
29
89
-24
-27
-36
-42
-38
-69
0
30
28
29
7
-2
-34
-12
42
-25
-40
-8
-21
-21
-34
-53
-30
33
38
-18
-72
-30
-61
-106
-111
-101
6
2
13
46
3
-25
-22
-2
-76
-105
-24
-56
-37
-9
-59
-29
1
21
6
10
25
12
-12
-37
6
12
46
-17
-49
40
-11
8
23
8
55
49
10
52
42
-45
-52
-35
54
56
16
44
15
-63
-124
-99
-59
-40
-60
-47
-3
48
0
-42
33
18
11
54
74
73
68
66
12
-47
-25
14
-45
-48
0
-4
51
77
92
120
83
53
0
-96
-38
48
4
-18
-29
-35
-3
40
6
14
115
100
-4
-6
59
80
107
86
13
-19
1
53
38
44
33
-30
-21
1
-4
-47
-24
47
19
-31
-41
-2
51
56
19
-4
31
5
-59
-5
12
4
-101
-141
0
-49
-3
27
-61
-31
8
55
30
-24
8
41
14
28
52
28
17
15
32
48
41
44
62
11
-37
-23
-27
2
13
-34
-36
47
124
50
-10
-13
-40
23
25
24
44
-16
-53
-35
24
-2
-47
-43
-21
13
-34
-62
-30
-66
-36
-7
-70
-61
-27
0
11
-28
-66
-7
31
-9
17
-38
-58
-3
-80
-45
40
37
40
-32
-36
5
-47
-1
10
-12
-3
7
39
0
-33
-17
-25
-5
33
-2
-16
17
33
7
-4
15
-35
-89
-21
-6
-84
-54
-17
-112
-120
-1
-11
-13
11
-52
-10
9
-23
8
-3
-3
-23
-42
-45
-29
17
17
8
-25
16
75
51
-5
80
110
0
-8
-57
-78
-10
35
12
-11
-13
1
-10
21
96
48
-49
-46
-2
-41
20
30
-36
-11
-4
0
44
36
14
24
6
31
18
27
55
50
112
26
-12
5
-73
30
18
-21
113
97
50
50
47
53
26
28
42
17
-7
23
63
76
55
62
75
-1
38
40
-67
-7
16
-19
-33
-80
-53
-48
-23
-23
-95
-119
-95
-4
10
-24
-54
-36
-7
-3
-5
2
68
17
-13
-16
-38
53
30
-70
-15
13
-21
-42
-85
-45
-57
-105
-11
0
-40
-41
-39
26
28
18
13
-20
4
15
55
44
-71
-69
2
23
28
41
11
-11
-23
-11
14
-2
48
4
-38
-9
4
-13
-20
13
-19
28
55
19
8
-25
-10
-14
-20
-16
-34
-2
-30
-39
29
-18
-59
19
62
10
-19
-19
-19
76
82
6
28
24
-16
-26
25
18
-48
-51
-11
-12
-13
31
29
60
44
1
51
22
19
8
-20
-42
-52
-16
9
95
9
0
43
-95
-48
41
21
-1
-11
10
48
62
1
24
44
-19
58
14
-95
-35
-15
41
80
12
46
50
-70
12
-8
-91
37
-40
-133
-115
-31
82
0
-55
-41
-44
15
-32
-35
31
13
39
58
7
-24
11
-32
-62
-13
-7
-16
15
29
-22
-10
54
33
0
20
-15
24
0
-47
66
-20
-53
31
11
53
5
14
14
-55
-32
10
31
-45
13
67
8
62
90
43
36
17
12
24
-29
-14
51
47
12
-68
-79
-81
-81
0
-23
-5
60
6
37
29
-40
5
-3
-31
-12
-15
-16
22
31
-15
-22
-3
-16
-31
-36
-38
-57
-78
-25
-5
68
86
0
0
23
68
62
-5
-43
-9
-62
-82
3
-50
-54
17
-4
-10
30
-3
-47
-16
-25
-4
-16
-69
-51
-47
-20
17
-10
-28
-3
1
-7
-12
26
42
0
-16
-4
57
72
66
78
74
-10
-93
-15
-11
16
11
-43
64
37
-10
35
-38
-72
-3
-15
-67
-18
-32
-47
22
23
-21
-78
-82
-32
-27
7
52
26
39
53
0
-12
-7
0
4
-42
-45
-24
20
58
54
48
3
1
31
43
19
-18
13
30
-46
-63
48
65
-4
-27
18
91
26
-12
-6
-45
39
-13
-59
26
8
45
42
-36
-35
15
33
17
13
-11
0
45
49
66
44
14
-1
-10
66
103
58
1
17
13
-65
-66
-37
-39
-27
14
45
70
30
-15
-19
-31
-52
-57
-32
-54
-20
71
42
-7
26
13
-29
-28
-1
3
2
-16
-57
-11
2
16
-1
-13
102
18
-20
43
-39
13
25
-19
7
-64
-86
-19
19
46
59
37
-31
-74
0
40
-15
-31
0
-28
9
37
-40
-41
-76
-67
-26
-56
-27
22
74
66
-11
-3
12
-7
-20
-93
-83
-7
27
3
-60
-8
7
-8
-1
-66
-45
-10
-66
29
25
-69
64
50
-19
12
33
24
-11
33
60
85
82
11
15
-9
-51
-19
8
3
-8
-20
-8
22
31
37
25
21
-9
-38
-15
5
8
-11
-49
-45
-31
-66
-7
21
-6
53
66
68
70
21
-38
-45
45
18
-3
93
58
-1
20
27
24
58
31
-27
-46
15
111
71
55
52
2
-56
-61
-51
-54
21
11
31
47
17
35
16
-39
-60
35
-19
-64
-10
11
32
-66
-60
-43
-57
-15
-17
-7
-66
-16
100
31
0
-34
-30
-1
-20
36
-8
-39
-11
31
64
42
54
29
4
13
10
-7
-43
45
71
-33
3
-23
16
73
2
11
1
-47
-40
-29
-25
-33
-44
-7
7
-29
-102
-1
86
-12
1
-17
-74
-30
-4
-50
-76
-47
-44
-52
-9
29
54
113
37
-43
41
40
-39
-52
-28
-12
38
80
33
-11
-6
7
75
72
9
62
11
-62
-59
-15
68
71
99
55
16
11
-86
-53
-49
-66
37
38
39
21
-12
19
-5
-8
-1
-24
49
12
-104
-22
58
30
2
50
32
-49
-79
-57
-12
-43
-10
32
-19
-38
-52
-1
69
-7
-1
50
28
41
46
83
57
51
12
-52
17
-12
-17
35
-49
-22
32
-62
-16
31
-12
15
20
-5
-46
-76
6
67
3
-1
21
-8
0
-32
-37
-36
-92
-17
2
50
40
-14
25
-40
35
50
-18
-29
-32
50
0
21
49
13
21
21
67
39
-24
3
43
29
87
79
25
-11
-96
-56
-2
29
37
-40
-48
11
8
20
50
-26
-55
-24
-52
5
51
0
-29
-47
-4
-12
21
80
-7
28
45
-4
1
-39
-48
-41
26
66
2
17
17
36
99
38
0
11
3
11
-32
-36
-38
-68
-12
25
0
-3
38
41
20
-3
-13
16
67
70
-41
-45
-10
-46
-24
-20
8
27
14
3
-16
27
18
-53
-56
-18
-41
-63
-84
-19
13
-24
46
-23
-70
-38
-56
-27
-41
-18
0
-11
-8
54
56
-21
-19
-46
26
18
-61
-6
21
72
62
50
43
-22
30
28
22
65
-24
-5
16
0
25
-75
-12
68
59
121
49
20
81
40
2
47
30
23
21
-37
-9
-56
-67
39
-13
-85
-36
-16
-6
-41
-61
-15
5
-12
-47
-2
36
13
-48
-6
27
-54
-10
-34
-51
23
-35
-38
8
37
28
-39
-39
2
11
-3
44
30
8
70
80
8
-5
28
18
75
84
34
-23
-64
-16
-62
-63
-2
-53
-3
12
-59
-66
-18
34
11
-30
-32
23
-28
-52
21
20
41
23
-4
37
68
12
-5
67
-1
-28
25
42
89
10
-16
-3
-20
-27
-36
73
34
-17
-33
-79
-6
-39
-31
12
-36
-38
-35
37
73
15
-17
-50
-33
8
44
9
-1
49
37
23
0
-41
-57
-41
-14
20
99
129
77
-32
-47
20
24
11
11
7
8
-13
-100
-63
-10
-15
18
41
75
25
22
18
-12
16
-16
1
4
13
9
7
56
-34
5
72
40
28
-20
-13
-79
-92
-37
-43
-78
-126
-59
-23
-81
-62
-63
-44
-14
-12
91
56
-55
-43
-14
-28
-56
-11
-6
-76
-52
10
14
27
72
50
36
56
-55
-45
-61
-188
-107
-15
32
-1
-68
-27
-6
57
46
43
92
53
89
64
-14
-29
-21
47
40
5
30
-40
-39
33
0
4
13
-6
15
-42
-77
48
57
-32
-18
9
-20
15
6
9
36
0
19
-11
5
57
-8
-107
-41
4
-6
70
20
13
76
62
64
37
25
0
-71
-27
-8
-100
-115
-53
-23
52
61
-55
-22
-9
-47
7
33
61
68
7
-42
-58
-50
26
123
37
-80
-45
-30
35
59
-59
-27
4
-29
3
-28
-40
-9
-4
12
-36
-44
16
-6
0
12
7
-18
-60
13
4
4
55
10
-14
-67
-88
-53
-38
2
9
-38
-17
35
-15
-51
-13
-36
-17
55
29
87
107
-1
23
9
-20
30
-27
-49
20
127
121
4
20
-22
-17
29
-26
-45
-42
29
21
-31
-15
17
8
-24
23
-19
-43
11
-40
-41
3
-29
-4
25
42
97
-24
-94
-43
-58
0
30
86
60
0
45
29
41
17
1
24
49
74
-9
-32
82
72
-32
27
83
33
28
-25
-40
-2
-32
-19
-4
-4
-5
-55
-27
5
-40
-38
-9
22
29
21
-12
-60
-68
-36
26
-34
-33
16
-45
-5
62
81
56
-1
8
-30
-4
73
-11
-77
-54
-43
-50
-29
-8
-70
-71
-83
-80
21
4
4
29
-12
11
-28
-104
-98
-58
-26
-14
-6
22
28
47
112
73
27
69
36
-5
51
76
38
38
43
50
51
25
20
12
22
-38
-62
21
-70
-42
10
26
85
-6
-39
-50
14
44
80
81
-34
17
67
63
73
77
50
39
41
-22
-35
-64
-28
74
50
27
18
-53
-115
-80
-15
-23
-48
-78
-107
-18
53
54
58
12
4
-14
2
11
-45
23
83
8
-22
-19
-2
85
60
23
-9
-9
37
-22
-24
-67
-116
-106
-86
-32
-32
-38
-25
-28
-16
15
5
-3
-10
17
36
-28
-7
28
70
96
13
28
64
-23
-14
17
-58
-94
-141
-47
73
-35
-38
-4
-33
35
31
-11
2
-32
-26
-12
-27
-49
-19
13
-52
0
14
-18
22
-6
35
49
-51
-10
-7
-9
92
28
-3
-1
3
70
11
31
71
0
-10
-10
12
7
-9
10
-12
9
64
98
54
-9
28
31
34
65
86
83
68
22
-18
-17
-49
-20
-37
-58
-50
-128
-73
-14
-16
52
53
79
29
-71
51
105
47
4
-37
-17
-19
-13
-59
-112
-91
-98
-39
26
-47
-93
-2
55
8
9
50
5
44
82
46
44
0
-41
-22
11
-66
-126
-93
-15
29
-25
-12
1
15
32
34
91
78
24
20
52
104
61
-51
-24
-37
-48
-39
-38
-1
-64
-99
-89
-76
-64
-59
-29
12
28
4
18
85
15
-50
32
32
26
29
-3
10
-26
-109
-74
-71
-82
-22
-75
-51
-15
-38
-38
-14
43
24
63
90
52
14
11
51
1
20
-12
-133
-134
-115
-41
-21
-42
-4
-36
2
59
95
72
-25
27
89
57
32
32
12
-13
-58
-62
-30
-94
-108
-49
-24
15
-6
17
59
47
66
87
134
87
82
134
100
5
-1
56
-14
-38
-106
-138
-55
-39
-2
-23
29
87
67
41
36
129
76
30
68
72
55
40
59
-7
15
19
-37
-49
-111
-90
-48
-82
-61
-22
-62
-59
48
84
9
8
40
99
116
8
14
12
-56
-19
18
-11
-55
-133
-166
-96
-88
-47
5
12
64
80
42
55
86
88
119
34
35
136
23
-74
-103
-147
-169
-125
-116
-110
13
9
-13
87
84
41
140
173
165
167
94
33
1
74
76
39
-53
-155
-119
-180
-102
-50
-119
-83
-55
19
40
21
105
154
71
118
107
-2
78
37
-52
-5
-69
-121
-107
-122
-108
-99
-93
-153
-129
23
28
54
59
97
265
169
76
133
178
157
38
26
2
-76
-92
-87
-88
-133
-162
-130
-81
-40
-16
47
45
32
196
250
196
203
207
142
33
-3
-11
-18
-59
-185
-272
-212
-170
-232
-183
-33
-39
-8
137
151
169
216
238
208
179
182
80
-26
-73
-113
-137
-158
-179
-172
-143
-164
-197
-122
-49
5
112
212
194
120
99
109
264
222
49
32
-32
-55
-108
-196
-214
-215
-236
-257
-207
-131
-47
17
15
80
146
112
108
148
188
218
202
68
-83
-116
-136
-204
-198
-153
-139
-141
-200
-200
-110
-20
88
126
78
176
272
207
231
156
73
59
2
-55
-150
-122
-119
-182
-214
-206
-158
-124
-78
-12
103
98
150
226
187
258
180
78
106
62
103
85
-75
-53
-56
-241
-270
-231
-181
-85
-64
-2
86
124
180
246
282
294
297
198
124
89
-28
-22
-12
-85
-135
-185
-179
-147
-202
-186
-122
-78
65
83
67
177
258
264
318
274
110
97
46
-44
-217
-367
-264
-310
-343
-216
-234
-236
-141
13
18
-60
0
125
253
269
257
249
203
163
79
-29
-68
-136
-199
-199
-235
-190
-226
-228
-111
-50
4
-4
79
175
226
227
127
126
90
83
101
-1
-118
-281
-293
-256
-275
-228
-237
-181
-88
-66
-34
34
173
287
271
264
339
345
261
102
45
52
11
-63
-200
-199
-215
-300
-303
-238
-95
-56
-83
32
152
176
203
214
160
224
277
121
32
-29
-166
-235
-286
-344
-342
-314
-220
-238
-290
-185
-135
-33
66
111
195
208
183
164
174
193
164
22
-45
-58
-128
-164
-260
-231
-195
-214
-163
-99
-24
8
93
146
198
275
334
372
305
275
259
79
-33
-70
-112
-84
-194
-226
-192
-258
-259
-193
-54
36
76
112
127
218
261
212
229
265
231
82
-61
-106
-121
-131
-146
-185
-275
-169
-78
-132
-23
38
131
161
131
197
189
274
230
101
131
113
19
-58
-133
-282
-354
-310
-307
-294
-303
-276
-214
-146
-88
-93
7
44
48
73
50
73
67
30
-35
-146
-236
-290
-270
-215
-221
-163
-138
-179
-106
34
87
97
124
179
223
207
300
295
199
202
159
104
-57
-129
-110
-233
-175
-141
-154
-84
-116
-14
103
75
106
236
329
355
334
237
220
208
168
143
105
68
20
-14
-87
-21
22
16
77
49
150
256
240
284
358
391
419
327
312
404
288
190
136
89
44
-43
-151
-197
-121
-80
-55
6
42
85
141
153
166
155
201
253
194
161
132
90
52
32
-39
-173
-197
-214
-209
-131
-129
-120
-51
8
2
31
183
209
173
197
190
196
141
24
-5
-45
-113
-106
-259
-345
-226
-216
-205
-170
-180
-196
-157
-18
-16
-75
9
-39
-97
-124
-180
-216
-288
-335
-419
-377
-379
-468
-484
-484
-435
-480
-438
-325
-336
-319
-224
-70
-21
-75
-83
-72
-6
5
-99
-123
-176
-270
-319
-406
-491
-525
-515
-486
-580
-630
-496
-453
-426
-341
-309
-326
-288
-267
-303
-232
-231
-270
-211
-227
-246
-258
-216
-151
-130
-37
-10
5
98
280
367
398
533
632
737
742
719
737
813
839
809
830
737
767
776
720
784
756
781
888
970
980
935
939
977
1060
1045
967
955
941
1001
902
760
807
692
612
571
432
410
388
322
289
295
346
329
195
180
279
309
248
239
295
233
243
277
193
167
132
87
82
-14
-106
-105
-114
-124
-137
-177
-200
-200
-217
-241
-302
-292
-300
-354
-311
-371
-470
-513
-545
-583
-673
-745
-745
-736
-849
-866
-837
-860
-821
-832
-813
-854
-854
-804
-751
-604
-636
-650
-624
-660
-620
-692
-777
-801
-781
-813
-889
-900
-935
-862
-850
-920
-926
-1041
-1075
-1012
-1015
-975
-1030
-1131
-1144
-1189
-1094
-1058
-1121
-1067
-1143
-1157
-1011
-895
-776
-749
-773
-702
-560
-354
-191
-86
7
106
220
298
479
652
735
815
841
885
938
951
1086
1258
1266
1333
1394
1406
1495
1633
1748
1770
1794
1730
1808
1916
1894
1999
1914
1800
1782
1693
1683
1621
1475
1320
1292
1191
1061
1095
980
906
833
706
712
668
572
462
427
345
242
191
113
70
0
-52
-203
-250
-215
-288
-242
-232
-335
-396
-383
-415
-444
-460
-545
-573
-623
-676
-668
-715
-777
-859
-940
-967
-992
-1001
-1065
-1111
-1041
-1039
-1037
-926
-880
-827
-688
-612
-535
-491
-509
-343
-286
-286
-155
-170
-130
-48
-65
-85
-102
-93
-68
-1
82
140
161
109
189
267
164
163
212
210
168
105
80
29
-27
-135
-169
-178
-259
-273
-352
-391
-341
-404
-378
-369
-379
-398
-489
-441
-458
-414
-407
-484
-482
-609
-665
-655
-612
-616
-687
-693
-726
-695
-760
-861
-830
-770
-719
-727
-759
-744
-683
-721
-793
-806
-807
-842
-987
-1025
-947
-882
-762
-700
-689
-622
-531
-457
-351
-225
-88
17
121
258
374
525
685
792
825
919
1013
1031
1180
1302
1361
1464
1526
1541
1552
1671
1861
1968
2022
2133
2206
2216
2309
2418
2370
2343
2304
2199
2136
2001
1911
1895
1755
1607
1447
1265
1128
981
795
566
445
282
165
65
-85
-138
-317
-490
-588
-671
-758
-930
-1059
-1125
-1229
-1288
-1283
-1240
-1200
-1298
-1320
-1290
-1344
-1275
-1244
-1243
-1191
-1125
-1035
-1016
-953
-894
-893
-901
-840
-827
-820
-757
-737
-641
-639
-676
-531
-411
-411
-386
-317
-245
-215
-177
-152
-167
-145
-190
-180
-114
-159
-115
-87
-113
-76
-108
-111
-36
-10
20
45
78
129
212
283
265
315
428
435
441
525
523
564
559
478
559
503
390
378
355
307
211
215
193
141
135
163
177
128
91
14
-39
-34
-44
-111
-213
-289
-386
-460
-509
-651
-723
-788
-896
-1031
-1212
-1248
-1273
-1342
-1383
-1483
-1614
-1680
-1660
-1544
-1437
-1324
-1230
-1223
-1138
-980
-756
-554
-437
-216
-38
7
226
493
695
867
928
1040
1160
1312
1490
1589
1657
1672
1717
1806
1818
1810
1840
1909
1966
1816
1682
1729
1786
1769
1751
1699
1562
1468
1392
1448
1374
1171
1111
916
734
645
493
419
282
78
-92
-262
-402
-577
-661
-716
-876
-1032
-1153
-1154
-1110
-1100
-1035
-1037
-1053
-1021
-894
-664
-586
-524
-426
-337
-188
-85
79
216
279
326
254
235
283
320
322
258
228
173
120
148
166
109
55
49
-33
-84
-15
-63
-78
-55
-101
-125
-224
-257
-234
-189
-226
-340
-338
-386
-466
-473
-404
-428
-483
-491
-556
-511
-501
-509
-449
-441
-411
-402
-329
-253
-233
-149
-88
-97
-33
101
241
296
303
343
354
362
321
336
426
374
295
336
339
258
118
2
-57
-185
-272
-298
-362
-433
-522
-579
-602
-646
-637
-640
-653
-658
-739
-850
-957
-992
-905
-852
-840
-882
-1023
-1148
-1165
-1158
-1229
-1189
-1159
-1216
-1246
-1163
-1080
-1052
-871
-775
-702
-560
-429
-136
66
174
302
303
395
554
681
879
1030
1141
1183
1237
1290
1337
1518
1609
1648
1647
1632
1706
1731
1804
1861
1880
1765
1623
1660
1610
1576
1568
1531
1416
1263
1127
1043
1075
936
732
624
522
355
279
312
282
141
-180
-295
-219
-227
-277
-332
-392
-524
-637
-607
-581
-551
-446
-538
-573
-501
-422
-267
-284
-218
-139
-140
-57
-131
-88
63
108
141
60
-9
6
63
47
20
-36
-148
-207
-228
-203
-241
-262
-304
-351
-386
-459
-432
-413
-433
-460
-511
-488
-480
-479
-432
-433
-468
-485
-437
-411
-401
-420
-459
-445
-409
-349
-363
-424
-391
-372
-374
-339
-305
-286
-269
-179
-163
-214
-122
-107
-118
45
125
112
133
67
13
61
36
45
6
-99
-121
-212
-246
-274
-300
-332
-448
-473
-513
-543
-466
-398
-432
-436
-404
-379
-318
-267
-197
-180
-195
-182
-225
-187
-58
-28
-25
-12
-80
-186
-268
-270
-247
-315
-321
-300
-414
-423
-392
-452
-340
-296
-391
-412
-358
-272
-190
-82
-38
-23
7
85
219
270
287
379
433
418
439
567
696
687
693
770
800
849
946
968
1012
1046
992
1002
1058
1068
1105
1178
1170
1129
1107
1079
1077
1073
1098
1101
967
904
872
808
775
693
636
515
396
273
203
243
164
104
59
-48
-97
-101
-130
-144
-140
-241
-308
-206
-143
-162
-149
-149
-150
-210
-232
-221
-269
-205
-210
-300
-322
-332
-247
-245
-250
-262
-337
-312
-403
-358
-249
-303
-382
-421
-377
-386
-411
-488
-466
-522
-660
-622
-660
-727
-779
-774
-739
-771
-855
-856
-749
-738
-773
-758
-676
-653
-657
-605
-584
-568
-521
-477
-510
-486
-390
-311
-275
-243
-255
-244
-201
-168
-94
-93
-55
10
46
-30
-48
80
77
69
67
0
32
87
107
113
89
92
109
98
122
200
241
223
209
229
260
326
428
386
313
411
397
372
373
293
306
274
257
205
148
173
149
141
82
16
-48
-71
-51
-106
-128
-207
-292
-268
-280
-246
-300
-412
-411
-449
-407
-363
-381
-373
-346
-275
-182
-71
-44
39
162
164
204
247
327
426
406
434
522
556
573
613
653
656
702
737
711
754
828
871
811
747
876
901
878
799
659
694
627
625
672
558
438
365
370
310
246
198
134
95
56
37
29
0
-77
-85
-80
-80
5
32
9
12
7
-18
-82
-75
-51
-70
-32
-101
-158
-86
-96
-160
-190
-206
-247
-218
-314
-364
-367
-541
-498
-486
-681
-697
-676
-728
-717
-790
-850
-777
-792
-873
-817
-832
-835
-748
-829
-774
-683
-736
-671
-658
-619
-567
-656
-542
-371
-421
-398
-337
-412
-300
-186
-218
-139
-46
3
82
244
228
260
342
249
249
229
271
366
309
269
323
263
178
172
107
106
129
118
129
99
155
218
174
112
108
185
210
186
272
361
341
310
276
317
361
353
351
334
300
334
400
315
299
296
262
317
207
168
209
175
89
-32
21
16
-85
-68
-136
-240
-262
-261
-262
-341
-359
-397
-424
-423
-427
-358
-348
-277
-336
-377
-294
-358
-368
-324
-298
-300
-267
-198
-175
-103
-54
-91
-85
-27
91
168
211
324
409
471
516
554
604
630
598
678
768
719
740
720
690
711
705
599
523
546
535
495
423
417
436
365
348
341
268
226
180
188
254
245
232
205
166
166
125
162
209
143
142
112
189
247
28
65
199
46
7
7
-60
-56
-139
-149
-162
-194
-205
-348
-335
-441
-475
-394
-510
-464
-491
-488
-501
-575
-491
-531
-595
-595
-651
-720
-712
-683
-697
-624
-687
-687
-497
-584
-543
-475
-442
-301
-368
-342
-217
-152
-168
-108
18
12
53
70
30
133
202
149
177
170
108
154
178
190
165
102
126
52
-37
-22
-27
-139
-203
-195
-197
-161
-288
-227
-78
-159
-115
-44
-64
-19
-9
81
170
168
275
308
311
333
274
227
229
228
260
289
311
250
208
313
315
353
324
218
253
249
260
243
177
152
125
61
-47
-94
-137
-189
-211
-244
-247
-246
-292
-354
-310
-286
-319
-313
-263
-247
-258
-192
-144
-124
-164
-148
-49
20
37
11
89
158
187
225
286
360
377
406
518
593
556
577
603
637
630
519
597
595
566
602
395
432
443
296
362
276
231
264
162
154
181
183
146
121
149
53
24
35
50
100
21
-17
-97
-157
-95
-87
-35
-116
-145
14
-23
5
5
-80
-36
-76
5
31
-44
33
-38
-90
-120
-250
-168
-144
-276
-251
-243
-397
-414
-375
-351
-337
-482
-438
-349
-337
-355
-476
-377
-376
-428
-376
-415
-412
-444
-410
-419
-337
-255
-349
-236
-233
-263
-183
-207
-160
-186
-185
-120
-173
-31
42
-149
-120
-35
-49
5
-87
-162
-32
9
-45
-66
-60
-8
-49
-36
10
-31
-2
11
17
17
38
38
3
-15
-5
37
57
18
43
89
78
160
97
77
147
127
227
221
193
299
218
102
187
222
188
130
111
174
191
106
123
268
237
204
183
127
173
155
57
5
-18
49
-17
-152
-155
-145
-86
-145
-155
-103
-134
-116
-103
-100
-81
-28
45
34
55
97
142
162
121
197
252
244
257
278
270
224
185
203
212
297
341
222
259
257
198
199
192
218
174
134
109
88
142
38
30
121
2
27
-54
-3
97
-59
-55
-95
-40
-19
-90
-50
-119
-84
-29
-109
-2
-19
-73
-85
-99
-49
-110
-41
-142
-145
-45
-149
-40
-86
-132
-77
-170
-57
-69
-119
-103
-289
-169
-93
-239
-210
-292
-359
-268
-366
-374
-314
-418
-367
-333
-382
-348
-356
-365
-386
-311
-168
-170
-118
-86
-139
-26
-76
-85
80
-26
35
62
8
117
12
59
157
84
123
131
174
253
212
240
313
317
266
187
163
233
280
226
257
223
144
167
119
117
81
102
85
20
64
48
140
22
-19
57
-3
12
-33
9
-83
-108
-25
-98
0
-80
-5
154
-18
51
-15
-47
92
-8
-21
23
86
85
47
112
57
-12
0
19
49
-23
-61
-36
-36
-29
-28
-56
-88
-1
0
-18
-29
2
20
-22
62
-12
-48
-12
-60
-54
-144
-169
-93
-119
-63
-108
-149
-12
-109
-77
-7
-50
36
-11
-31
-13
-25
29
-4
-6
33
88
85
85
204
93
84
134
23
75
64
68
128
94
68
30
58
117
175
155
145
139
54
59
76
58
95
142
97
127
106
46
90
3
107
174
12
149
196
27
82
78
68
-14
-166
-72
-94
-84
-116
-272
-193
-60
-114
-177
-184
-208
-185
-236
-153
-69
-88
-5
4
29
30
-44
8
22
-47
57
24
-17
33
-52
-60
-76
-76
-17
-44
33
107
0
79
164
137
167
163
207
147
51
117
132
102
153
160
162
94
64
119
6
15
57
-15
-73
-178
-172
-140
-135
-147
-198
-155
-121
-87
-89
-93
-65
-128
-149
-109
-82
-137
-157
-72
0
45
-48
-65
-10
-80
-20
54
72
82
26
53
39
0
-48
-103
-116
-146
-28
1
-62
17
19
-50
-82
-58
19
15
-28
-27
-65
-42
-22
-60
-70
-62
-75
-140
-137
-65
-52
-54
-93
-112
-55
9
45
63
75
129
79
13
79
0
15
128
134
58
22
114
159
118
86
133
116
60
68
47
3
-2
-18
-13
57
39
97
134
29
80
86
122
152
90
172
258
249
167
292
378
260
315
272
272
341
230
219
219
228
248
201
201
140
109
23
-6
-7
-112
-99
-200
-126
-27
-137
-71
-211
-251
-109
-219
-194
-165
-267
-206
-157
-167
-211
-239
-157
-228
-267
-237
-238
-149
-164
-230
-181
-165
-198
-166
-213
-231
-105
-156
-217
-165
-121
-93
-169
-144
-32
-20
-93
-102
-110
-183
-165
-152
-220
-139
-128
-259
-236
-262
-265
-252
-278
-226
-291
-310
-233
-244
-161
-50
-77
-120
-11
60
80
117
19
108
162
68
119
73
47
125
177
237
215
216
311
232
135
172
231
225
143
196
258
229
183
164
133
30
44
64
-15
-9
15
-58
-96
-167
-257
-207
-145
-128
-142
-140
-96
-88
-122
-74
-50
-142
-75
164
198
147
284
296
307
340
234
311
456
464
547
567
467
507
497
490
551
539
545
500
505
528
435
325
198
132
106
80
119
126
147
175
-30
-176
-125
-97
-10
40
43
6
-103
-162
-105
4
5
-34
54
129
148
183
126
75
59
35
0
155
345
301
288
272
209
132
63
69
170
277
210
129
-1
-227
-248
-239
-243
-231
-243
-245
-355
-472
-527
-582
-620
-651
-647
-644
-652
-630
-687
-814
-829
-740
-744
-779
-720
-613
-508
-512
-473
-363
-307
-267
-189
-90
-36
13
-7
149
329
259
294
395
427
455
470
456
484
466
443
486
467
310
46
-223
-305
-283
-310
-280
-410
-703
-1086
-1465
-1533
-1513
-1507
-1467
-1610
-1812
-1915
-1995
-1987
-1842
-1675
-1504
-1396
-1222
-946
-663
-222
-48
-44
62
206
643
1104
1464
1735
1808
1712
1588
1674
1926
2240
2415
2376
2160
1918
1787
1762
1831
1794
1613
1403
1226
1095
1093
1097
1083
977
625
283
82
64
84
282
414
161
-93
-414
-532
-341
-314
-237
-98
-125
-267
-304
-186
-44
140
236
290
458
570
642
839
967
927
835
789
801
984
1246
1353
1319
1096
848
699
637
620
718
867
693
366
31
-250
-398
-495
-533
-613
-699
-865
-1044
-1129
-1252
-1368
-1496
-1557
-1469
-1403
-1427
-1386
-1346
-1263
-1124
-1024
-885
-814
-795
-757
-603
-380
-112
198
312
240
39
-2
190
412
653
847
861
640
451
436
473
520
502
240
39
88
156
312
356
-16
-778
-1673
-2031
-1630
-852
-408
-835
-1768
-3036
-4181
-4371
-3634
-2648
-2137
-2528
-3656
-4778
-5236
-4739
-3756
-2975
-2720
-2946
-3135
-2917
-2294
-1470
-901
-851
-957
-701
178
1483
2590
2949
2552
1885
1575
2137
3565
5054
5669
5096
3820
2829
2722
3498
4651
5340
4955
3697
2488
1993
2170
2684
3155
2962
1956
889
324
308
658
869
660
40
-739
-1137
-954
-468
-199
-284
-708
-1208
-1270
-954
-416
-47
-101
-347
-595
-463
86
697
1134
1199
820
456
554
928
1463
1928
2026
1832
1485
1090
1027
1306
1488
1681
1690
1347
957
506
243
128
72
226
286
134
-260
-756
-1135
-1338
-1251
-1066
-874
-813
-1094
-1590
-1934
-1959
-1770
-1322
-937
-869
-957
-1254
-1480
-1446
-1165
-669
-192
152
93
-218
-521
-670
-528
-107
496
796
630
237
-269
-583
-618
-416
-59
75
70
-3
-191
-431
-778
-1165
-1426
-1360
-823
25
614
478
-637
-2429
-3840
-3767
-2110
36
1128
115
-2470
-5229
-6745
-6061
-3632
-1152
-461
-2226
-5222
-7507
-7858
-6123
-3599
-1890
-1848
-3182
-4554
-4770
-3512
-1781
-384
135
-159
-208
535
2022
3380
3875
3352
2540
2627
3860
5911
7586
7448
5707
3723
2890
3846
5871
7673
7949
6236
3578
1530
1277
2900
4835
5620
4693
2320
-114
-1194
-498
1121
2208
2095
806
-1121
-2465
-2543
-1633
-521
-38
-350
-1142
-1931
-2166
-1818
-1210
-607
-235
-15
81
70
55
164
436
693
1055
1597
2117
2227
1813
1386
1213
1382
1753
2139
2389
2254
1658
858
388
335
562
744
768
582
9
-536
-1035
-1504
-1690
-1549
-1150
-825
-833
-1252
-1888
-2567
-2899
-2562
-1719
-735
-237
-527
-1366
-2219
-2423
-1859
-830
241
767
544
-155
-891
-1217
-932
-279
504
925
692
277
-183
-572
-632
-403
-139
-24
-69
-229
-355
-418
-310
-168
-325
-637
-976
-893
-72
744
1076
708
-587
-2264
-3274
-2663
-570
1295
1396
-539
-3536
-5978
-6700
-5046
-2023
-227
-1173
-4324
-7673
-9219
-8144
-5178
-2359
-1694
-3521
-5972
-7183
-6354
-3802
-1158
126
-264
-1554
-1981
-547
1714
3442
4026
3455
2640
2784
4336
6610
7905
7270
5578
4240
4284
5770
7847
9022
8121
5600
3180
2573
3812
5762
7178
6639
4106
1121
-459
167
1938
3380
3511
2011
-528
-2709
-3171
-1925
-292
534
183
-1180
-2825
-3831
-3625
-2441
-1167
-451
-397
-754
-1337
-1824
-1602
-746
83
812
1431
1615
1373
813
492
843
1465
2279
2945
2930
2329
1479
983
984
1239
1666
2010
1726
807
-53
-445
-435
-460
-553
-611
-821
-1314
-1772
-1843
-1968
-2354
-2527
-2429
-2209
-1914
-1753
-1622
-1788
-2279
-2348
-1864
-1245
-738
-374
-244
-480
-893
-959
-560
-78
258
461
487
253
-6
22
78
34
12
-45
-4
-108
-333
-216
52
187
148
-79
-463
-953
-975
-78
1203
1933
1585
182
-1824
-3275
-2794
-146
2612
3122
852
-3048
-6266
-7159
-5215
-1349
1404
487
-3674
-8245
-10510
-9391
-5636
-1733
-488
-2772
-6492
-8752
-8039
-4884
-1322
841
504
-1583
-2998
-2136
529
3075
4339
4238
3246
2683
3661
5819
7504
7377
5966
4870
4830
5999
7873
8984
8314
5867
3470
3080
4462
6380
7599
7152
4630
1284
-483
277
2398
3978
4013
2414
-532
-3185
-3788
-2317
-210
772
218
-1444
-3512
-4763
-4389
-2752
-1112
-589
-985
-1729
-2668
-3073
-2396
-994
322
832
773
572
149
-108
208
981
1849
2391
2545
2302
1718
1139
1053
1431
1744
1930
2044
1811
1143
393
-19
-36
-80
-239
-274
-385
-675
-1021
-1420
-1850
-2314
-2656
-2625
-2221
-1791
-1612
-1765
-2339
-3028
-3428
-3101
-2086
-1208
-711
-770
-1417
-2088
-2287
-1604
-476
367
694
525
54
-372
-267
333
960
1246
1105
745
438
408
711
1214
1554
1469
940
214
-176
-15
904
2149
2636
2103
462
-1700
-2979
-2306
252
2739
3039
627
-3301
-6614
-7443
-5145
-1233
1322
216
-4123
-8841
-11150
-9691
-5364
-1377
-495
-3133
-7250
-9699
-8800
-5124
-1031
1028
63
-2610
-4206
-3241
-278
2865
4438
4108
2658
1711
2726
5135
7063
7321
6131
4916
4692
5770
7724
8845
8186
6054
3957
3576
4891
6873
7968
7041
4225
1143
-38
1030
3170
4696
4299
2011
-1156
-3419
-3350
-1397
711
1425
167
-2195
-4344
-5134
-4004
-1968
-559
-627
-1618
-2756
-3562
-3400
-2238
-686
199
187
-101
-322
-343
-80
455
1114
1661
1929
2092
2158
1937
1617
1466
1512
1670
1897
2166
2095
1454
629
73
-120
-210
-107
141
96
-525
-1554
-2190
-2336
-2375
-2116
-1791
-1743
-1995
-2449
-2638
-2651
-2684
-2581
-2198
-1611
-1243
-1188
-1322
-1515
-1703
-1689
-929
186
703
489
-187
-786
-890
-356
880
2049
2039
970
-256
-803
-246
857
1989
2600
2192
1064
79
42
602
1188
1887
2461
2532
2115
1230
-79
-1522
-2192
-1135
1080
2601
1941
-953
-4716
-7410
-7549
-4858
-1160
450
-1505
-6032
-10427
-12075
-10044
-5387
-1342
-686
-3577
-7730
-9971
-8910
-5157
-706
1827
1301
-1266
-3471
-3233
-777
2409
4889
5487
4373
3004
2825
4165
5888
6817
6930
6503
5972
5964
6650
7380
7182
6027
4836
4464
5010
6078
6807
6090
3916
1447
251
961
2622
3890
3699
1767
-1235
-3753
-4009
-2171
44
1242
430
-2023
-4728
-6192
-5146
-2472
-19
876
-260
-2418
-4356
-4774
-3057
-207
2044
2431
1142
-711
-1946
-1656
146
2431
3893
3893
2715
1064
62
399
1708
3003
3430
3093
2343
1319
432
155
434
811
1033
964
710
113
-893
-1738
-2208
-2212
-1839
-1288
-986
-1413
-2417
-3341
-3744
-3494
-2617
-1662
-1078
-1148
-1749
-2416
-2718
-2418
-1612
-514
342
560
163
-621
-1201
-1174
-385
1050
2143
2150
1271
-44
-863
-526
712
2125
2704
2135
930
6
-5
862
2059
2554
2092
1277
941
1481
2153
2249
1400
-297
-1803
-1891
-258
1546
1593
-745
-4374
-7126
-7567
-5456
-2287
-730
-2474
-6762
-10864
-12168
-9826
-5504
-2100
-1903
-5067
-8918
-10421
-8402
-3963
371
2249
972
-1866
-3624
-2375
1157
4679
6553
6062
4162
2840
3459
5768
7955
8542
7557
6116
5309
5812
7407
8693
8334
6139
3727
2752
3519
5323
6669
6289
3801
447
-1513
-1106
735
2502
2884
1291
-1525
-4066
-4836
-3478
-1403
-315
-688
-2199
-4047
-4866
-4086
-2289
-724
-310
-747
-1421
-1987
-1838
-577
905
1544
1388
1069
963
1119
1574
2151
2536
2509
2279
2324
2522
2595
2499
2338
2042
1560
1435
1715
2039
1723
811
151
-385
-720
-611
-260
-91
-629
-1578
-2265
-2592
-2718
-2603
-2333
-2359
-2868
-3312
-3269
-2957
-2715
-2560
-2338
-2290
-2450
-2233
-1533
-919
-759
-812
-742
-608
-390
107
622
678
400
338
821
1498
1785
1677
1371
938
535
722
1531
2297
2409
1772
1158
935
1058
1404
1547
1370
974
845
1271
1842
1998
1106
-744
-2691
-3389
-1920
574
1719
120
-3404
-6891
-8725
-8030
-5131
-2067
-1312
-3919
-8293
-11388
-11497
-8705
-4999
-2738
-3139
-5618
-7826
-8008
-5930
-2765
-152
819
61
-998
-699
1344
3974
5578
5689
4973
4289
4754
6664
8689
9332
8284
6439
5163
5406
6980
8844
9486
7904
4906
2521
1914
3069
5064
6137
5113
2183
-994
-2522
-1876
-93
1415
1664
216
-2441
-4757
-5132
-3662
-1731
-600
-892
-2224
-3461
-3794
-3138
-1896
-630
133
218
-185
-589
-287
708
1703
2004
1790
1846
2128
2278
2285
2327
2519
2611
2500
2304
2264
2444
2502
1971
1122
664
770
1086
1013
490
-167
-850
-1456
-1951
-2106
-1826
-1605
-1881
-2596
-3475
-4162
-4253
-4005
-3634
-3293
-3106
-2980
-3162
-3514
-3732
-3398
-2488
-1403
-563
-319
-486
-866
-974
-533
354
1302
1859
1895
1287
474
201
854
1897
2703
2875
2006
915
324
496
1319
2116
2544
2327
1326
-48
-608
363
1961
2771
2104
549
-930
-1646
-1190
134
1688
2112
468
-2821
-5854
-6251
-3798
-494
890
-823
-4494
-7981
-9731
-9021
-6160
-3145
-2158
-4307
-7940
-10140
-9559
-6912
-4294
-3008
-3298
-4238
-4481
-3360
-1057
918
1589
1188
640
1323
3683
6821
8724
8442
6782
5040
4793
6566
9385
11373
10907
8355
5677
4565
5235
6573
7344
6864
5013
2625
1087
1288
2467
2969
1844
-561
-2773
-3362
-2140
-558
38
-849
-2652
-4274
-5025
-4173
-2085
-126
362
-941
-2684
-3377
-2652
-1172
212
1022
1134
845
552
424
641
1282
2040
2450
2263
1795
1750
2185
2370
2083
1762
1755
1749
1388
1083
1081
1330
1491
1206
395
-531
-1068
-1260
-1158
-999
-924
-1094
-1965
-3290
-4234
-4288
-3726
-3091
-2716
-2867
-3432
-4360
-5049
-4796
-3856
-2671
-1756
-1372
-1608
-2162
-2541
-2362
-1355
113
1302
1683
1339
776
568
795
1257
2022
2781
3252
3177
2501
2049
2015
2031
1967
1878
2185
2602
2597
2128
1405
742
231
135
449
851
904
337
-495
-922
-758
-474
-505
-1135
-1936
-2262
-2048
-1369
-366
206
-684
-3209
-5795
-6232
-4388
-1764
-247
-898
-3016
-5438
-7275
-7635
-6113
-3703
-2115
-2514
-4321
-5509
-4887
-3310
-2367
-2392
-2544
-2010
-669
1149
3121
4456
4314
2963
1576
1585
3758
7003
9255
9350
7563
5463
4423
4729
5893
6947
7026
5843
4272
3415
3494
3966
3875
2628
522
-1413
-2129
-1251
677
1994
1237
-1275
-4065
-5512
-4992
-3127
-1066
121
-47
-1357
-2890
-3585
-2780
-1034
241
310
-342
-374
583
1667
2186
2147
1701
1153
905
1064
2043
3370
4009
3544
1947
465
77
494
977
1061
1113
1246
1207
623
-368
-1009
-1165
-1268
-1610
-1764
-1420
-899
-1049
-2060
-3071
-3528
-3223
-2935
-2913
-2744
-2392
-1838
-1787
-2259
-2659
-2676
-2503
-2691
-2701
-1903
-397
790
709
-88
-861
-1108
-648
172
1324
2465
2876
2367
1371
738
899
1659
2476
2671
2446
2299
2185
2159
1979
1648
1378
966
687
460
152
84
28
-103
-458
-904
-1252
-1538
-1651
-1982
-2267
-2119
-1529
-976
-1316
-2093
-2525
-2334
-1638
-1055
-899
-1075
-1361
-1488
-1430
-984
-89
375
-204
-1667
-2818
-2624
-1378
65
617
257
-560
-1554
-2185
-2275
-1803
-957
-326
-221
-334
-495
-408
-130
-162
-425
-446
143
1111
2089
2658
2664
2187
1607
1551
1818
2337
3001
3442
3671
3463
2870
2447
2366
2155
1618
927
507
674
1143
1452
1115
324
-271
-629
-940
-964
-495
154
381
-104
-812
-1052
-664
-47
222
81
-179
-288
-126
178
541
934
1202
1063
449
-276
-479
-4
629
1011
1038
922
798
447
16
-279
-255
111
314
177
-80
-243
-346
-606
-968
-1227
-1269
-1098
-998
-1086
-979
-694
-761
-1242
-1750
-1956
-1634
-1062
-636
-448
-581
-902
-1210
-1322
-1102
-490
31
67
-102
-318
-272
37
306
570
745
712
538
501
838
1316
1563
1491
1256
947
623
410
691
1320
1648
1538
1017
277
-345
-586
-437
-177
64
144
11
-456
-1112
-1417
-1445
-1311
-1135
-1013
-733
-571
-619
-759
-1022
-1188
-1217
-991
-559
-249
-94
-127
-354
-462
-338
-127
221
550
562
375
113
-65
66
473
964
1301
1384
1131
505
-366
-1072
-1127
-328
706
1095
631
-403
-1400
-1994
-2083
-1784
-1329
-988
-1109
-1481
-1759
-1678
-1123
-714
-942
-1514
-1805
-1421
-650
179
832
1202
1223
638
-41
-265
73
900
1536
1780
1846
1948
2058
1774
1263
881
773
927
1126
1264
1567
1765
1606
1262
704
289
134
62
-7
46
256
494
833
936
716
135
-873
-1619
-1564
-912
4
942
1343
1178
497
-648
-1513
-1530
-643
404
960
1085
1000
783
256
-487
-998
-961
-352
292
577
768
914
832
289
-434
-841
-662
-63
236
232
364
650
833
689
224
-47
0
63
230
441
786
1108
1027
660
93
-392
-510
-431
-207
111
384
565
399
-74
-551
-825
-900
-896
-700
-509
-381
-235
-269
-441
-807
-1190
-1361
-1177
-508
147
461
387
38
-284
-607
-702
-252
396
817
959
810
466
316
337
238
36
-181
-312
-173
168
448
602
437
-59
-687
-1140
-1163
-700
79
641
728
290
-272
-478
-405
-276
-263
-258
-13
340
788
1147
1019
408
-761
-2137
-2835
-2340
-885
545
731
-463
-2060
-3157
-3380
-3165
-2819
-2528
-2537
-2625
-2581
-2169
-1301
-552
-819
-2078
-3263
-3110
-1201
1359
3118
3444
2494
1187
453
581
1555
2839
3585
3429
2719
2285
2646
3429
3786
2842
906
-652
-1188
-473
1034
2171
2309
1279
-383
-1747
-2247
-1672
-584
263
407
-15
-224
-1
448
743
493
-178
-704
-464
511
1580
2401
2741
2236
1115
53
-293
157
1040
1830
1897
1526
1189
894
603
113
-349
-513
-523
-309
106
497
772
623
-57
-754
-1000
-631
-105
58
192
403
551
466
164
-97
-314
-501
-684
-713
-467
3
276
-41
-647
-1129
-1341
-1347
-1454
-1656
-1817
-1732
-1458
-1216
-808
-495
-420
-606
-1012
-1180
-907
-126
748
1262
1381
1090
757
751
992
1340
1637
1758
1658
1348
1045
1032
1259
1469
1195
451
-381
-999
-936
-558
-432
-741
-1378
-1737
-1757
-1560
-1266
-966
-903
-1426
-2010
-2115
-1623
-779
10
217
-240
-645
-497
167
822
858
293
-286
-277
506
1591
2419
2439
1192
-1114
-3457
-4192
-2818
-424
1069
384
-1646
-3506
-4241
-3992
-3463
-2975
-2866
-3302
-3725
-3285
-1773
215
1362
701
-1169
-2657
-2330
-103
2854
4918
5222
4139
2579
1572
1657
2640
3587
3537
2400
1126
802
1704
3024
3366
2135
-226
-2502
-3274
-2210
-244
1306
1456
424
-959
-1878
-1634
-531
641
1218
1009
486
480
1490
2881
3526
3203
2102
980
940
1658
2545
3130
3005
2345
1331
483
289
545
672
292
-494
-1002
-896
-497
-277
-665
-1297
-1880
-2186
-1858
-1061
-139
409
384
-120
-605
-609
-318
14
229
400
510
534
448
262
145
-103
-557
-1019
-1298
-1270
-1074
-1134
-1571
-1894
-1900
-1757
-1679
-1698
-1638
-1523
-1328
-989
-529
106
757
1115
1066
770
780
1202
1640
1913
1872
1646
1448
1367
1330
1158
950
671
277
-346
-1033
-1319
-1194
-844
-715
-1044
-1623
-2104
-2189
-2015
-1865
-1839
-1608
-1201
-1004
-873
-612
-112
478
681
338
-225
-388
-10
649
1373
1765
1839
1572
984
438
207
323
477
259
-309
-551
-142
746
1409
1126
-193
-2201
-3902
-4397
-3400
-1431
106
193
-981
-2483
-3251
-3030
-2316
-1833
-2020
-2715
-3233
-2719
-1143
838
2091
1823
311
-1292
-1590
-468
1421
3083
3451
2727
1628
991
1374
2285
2758
2252
1091
36
-51
875
2033
2641
1999
373
-1178
-1807
-1112
335
1399
1402
480
-349
-374
412
1673
2637
2924
2327
1104
276
438
1403
2353
2601
2109
1517
1416
1557
1611
1346
663
-152
-834
-1125
-912
-262
427
569
140
-572
-1113
-1057
-705
-536
-587
-721
-546
-41
392
788
1031
852
469
157
-160
-329
-188
7
86
10
-87
-58
-119
-414
-1050
-1786
-2157
-2107
-1769
-1452
-1287
-1282
-1241
-1313
-1559
-1505
-1295
-1086
-773
-609
-471
31
744
1268
1316
1070
883
914
1098
1197
1156
1056
846
650
515
408
368
193
-118
-722
-1312
-1559
-1561
-1192
-874
-910
-1173
-1483
-1383
-959
-613
-395
-349
-243
-22
129
378
705
849
768
521
196
107
394
772
945
750
250
-56
41
176
72
-377
-847
-1014
-1047
-838
-459
-125
269
393
290
203
236
431
134
-719
-1677
-2171
-1628
-493
334
261
-361
-1023
-1498
-1594
-1607
-1613
-1526
-1767
-2341
-2639
-2318
-1323
-226
289
56
-531
-736
-214
743
1526
1823
1623
1116
671
660
1153
2031
2743
2584
1887
1178
826
1150
1659
1725
1051
-53
-787
-898
-432
203
530
644
462
116
77
430
949
1258
1143
597
45
228
1095
1978
2431
2286
1655
1051
809
863
1145
1337
1103
625
85
-221
8
295
376
155
-352
-899
-1172
-938
-463
15
196
128
1
24
191
214
262
246
99
-74
-213
-145
103
392
449
118
-562
-1141
-1286
-1285
-1222
-1101
-958
-1033
-1218
-1331
-1573
-1549
-1274
-1048
-967
-985
-685
-178
253
470
426
256
16
-87
-24
152
598
1047
1163
1044
804
682
670
675
676
356
-169
-486
-558
-460
-219
-65
8
1
-310
-639
-862
-1020
-1015
-1049
-1082
-1046
-921
-540
-55
211
230
113
-154
-362
-344
-128
347
778
1042
1089
844
633
502
313
185
232
349
453
445
324
117
-95
-244
-258
-216
-331
-446
-309
52
466
882
1063
712
-82
-1114
-1835
-1908
-1448
-792
-535
-750
-1130
-1342
-1293
-1283
-1495
-1936
-2636
-3257
-3404
-2963
-2016
-1028
-516
-543
-656
-519
70
897
1518
1730
1370
874
652
817
1449
2154
2487
2342
1936
1566
1548
1692
1689
1392
588
-246
-651
-466
169
567
571
322
97
300
632
1029
1349
1165
592
-74
-356
-21
631
1252
1445
1314
1317
1433
1651
1766
1574
1046
366
-211
-512
-326
151
520
580
464
396
601
884
906
555
-22
-453
-656
-703
-513
-108
29
-136
-375
-610
-443
-159
-73
-166
-454
-784
-996
-1037
-1008
-911
-889
-880
-811
-861
-886
-785
-728
-727
-852
-987
-909
-800
-679
-549
-527
-440
-312
-70
326
501
500
447
292
88
-21
57
260
505
511
197
-34
31
275
564
523
198
-142
-528
-608
-410
-88
247
380
283
-153
-532
-581
-546
-470
-386
-441
-448
-217
153
699
1062
1054
790
385
189
126
240
530
745
884
770
673
753
766
754
573
80
-408
-653
-624
-384
-319
-418
-599
-879
-985
-829
-422
-52
52
-36
-316
-549
-593
-507
-350
-453
-768
-1051
-1269
-1266
-1058
-861
-779
-988
-1366
-1603
-1875
-1995
-1973
-2010
-1987
-1878
-1568
-1153
-608
53
613
946
1121
1262
1290
1360
1419
1285
1144
1031
1098
1357
1757
2163
2313
2241
1892
1432
893
478
349
229
169
17
-185
-165
-23
146
246
246
246
215
119
67
6
84
307
274
226
370
607
994
1398
1628
1720
1724
1595
1245
842
694
691
717
573
307
149
64
218
375
248
-13
-357
-766
-1115
-1334
-1452
-1475
-1250
-1073
-994
-788
-616
-273
-98
-194
-298
-549
-617
-507
-392
-261
-242
-318
-373
-473
-682
-768
-682
-674
-815
-961
-1116
-1202
-1252
-1287
-1220
-1121
-944
-597
-244
-24
248
375
421
605
678
720
715
658
678
789
1075
1306
1398
1431
1253
988
626
473
580
571
594
377
-19
-232
-309
-246
-240
-310
-353
-483
-583
-561
-464
-215
-4
-90
-256
-330
-265
-52
138
246
378
544
702
783
643
327
46
-121
-170
-199
-259
-220
-190
-216
-276
-410
-458
-331
-289
-396
-590
-741
-482
-143
59
159
-117
-338
-413
-653
-629
-571
-514
-369
-549
-722
-826
-860
-854
-1045
-1394
-1733
-1814
-1602
-1276
-1090
-944
-955
-1081
-954
-708
-324
263
729
980
1016
948
984
1045
1202
1220
1002
811
709
838
1068
1173
1310
1334
1154
884
565
401
331
337
237
-9
-72
5
151
241
257
439
614
643
639
707
795
776
844
819
683
738
798
870
1041
1106
1154
1230
1177
970
694
343
-54
-208
-375
-575
-591
-512
-288
-172
-138
-158
-299
-367
-440
-586
-733
-826
-919
-848
-638
-405
-90
119
230
128
-54
-214
-366
-355
-502
-718
-941
-1146
-1257
-1320
-1143
-945
-820
-704
-727
-740
-653
-479
-304
-308
-437
-529
-401
-129
340
919
1204
1189
1088
951
889
962
913
693
440
154
15
108
184
300
366
257
3
-251
-335
-343
-315
-537
-879
-1128
-1203
-989
-631
-93
312
514
639
598
499
519
738
860
791
589
442
593
776
842
796
665
466
186
-84
-301
-520
-745
-939
-1102
-1183
-1064
-806
-627
-488
-419
-441
-443
-383
-307
-229
-49
113
373
730
919
1020
901
688
526
314
124
-42
-238
-491
-708
-984
-1185
-1174
-1164
-1340
-1649
-1798
-1795
-1700
-1469
-1229
-1093
-1081
-1210
-1195
-836
-471
-6
475
722
914
981
951
880
881
826
656
583
679
890
1063
1306
1439
1384
1271
1068
872
701
530
394
269
127
57
102
212
279
393
469
457
536
581
687
700
599
607
599
590
619
772
873
915
954
878
840
825
777
577
275
-9
-322
-508
-557
-534
-492
-482
-466
-392
-391
-350
-184
-105
-22
-73
-242
-317
-317
-157
43
204
301
324
330
265
184
83
-47
-234
-480
-753
-1007
-1049
-964
-968
-909
-924
-957
-941
-1000
-923
-870
-805
-702
-767
-785
-683
-584
-416
-161
11
167
266
236
207
171
284
468
557
573
513
421
261
213
394
471
376
293
190
93
69
85
125
113
-2
-160
-309
-315
-171
18
199
295
299
361
437
438
454
335
122
-24
-211
-309
-186
-19
31
-75
-291
-576
-648
-577
-543
-415
-421
-517
-449
-339
-248
-48
204
365
392
415
548
697
801
825
870
812
676
638
606
594
412
230
110
-69
-163
-401
-496
-552
-814
-1004
-1245
-1290
-1196
-1197
-1118
-1091
-1117
-1049
-973
-905
-863
-808
-644
-529
-415
-241
-102
34
80
8
-102
-101
-13
-14
35
215
337
486
740
902
1056
1134
1125
1060
884
773
803
936
902
856
865
791
887
1001
1108
1285
1355
1224
972
699
509
463
379
281
191
-48
-274
-293
-247
-265
-287
-322
-485
-705
-904
-954
-871
-702
-546
-556
-556
-451
-186
-2
151
352
438
413
393
461
463
510
461
313
294
285
214
228
244
135
5
-188
-310
-401
-550
-703
-885
-1020
-1087
-1004
-986
-1022
-1005
-1085
-1008
-824
-630
-343
-150
-60
7
-55
-153
-42
109
118
82
85
126
196
340
512
582
552
455
360
339
265
171
31
-107
-200
-340
-351
-371
-271
-38
34
183
177
103
240
250
196
117
60
98
86
144
269
333
432
482
416
309
167
-2
-191
-352
-432
-339
-297
-325
-277
-242
-103
41
195
384
385
314
226
116
203
285
279
419
472
458
522
643
830
1056
1244
1167
965
751
454
225
-11
-262
-524
-842
-994
-1015
-958
-942
-1058
-1180
-1338
-1511
-1622
-1591
-1470
-1379
-1302
-1281
-1211
-1055
-814
-541
-380
-177
-24
88
196
196
181
141
55
-20
2
23
51
236
365
426
485
557
656
663
676
625
581
674
721
727
865
948
952
1018
1040
1080
1104
1067
990
856
665
481
373
231
35
-86
-244
-482
-608
-604
-576
-460
-339
-285
-254
-225
-203
-127
-35
-51
-84
-119
-41
77
226
380
348
353
338
201
143
171
180
162
98
-64
-249
-277
-154
-103
-62
43
-30
-181
-243
-297
-324
-328
-236
-275
-465
-615
-681
-544
-382
-228
-135
-200
-203
-197
-193
-106
-48
-19
-109
-249
-296
-282
-116
77
207
228
83
-2
73
83
107
151
89
39
-48
-30
1
129
322
283
357
359
318
447
527
559
459
342
296
196
90
80
84
63
-16
-61
-66
-51
-22
-108
-253
-372
-394
-402
-320
-256
-210
-27
10
-62
52
178
233
400
412
278
246
330
384
412
545
571
565
584
568
616
586
516
401
132
-132
-352
-541
-658
-787
-920
-1041
-1095
-1170
-1177
-1107
-1161
-1108
-1139
-1244
-1169
-1093
-959
-888
-953
-890
-814
-776
-532
-281
-82
209
280
199
169
126
128
108
5
-58
-44
-23
123
319
461
594
640
691
801
897
989
1125
1115
1138
1156
1102
1200
1185
1182
1207
1117
1079
963
721
655
637
478
367
244
136
28
-155
-332
-417
-449
-557
-574
-526
-544
-464
-409
-372
-190
-46
87
116
13
52
125
214
331
366
351
352
316
229
252
169
32
-12
-123
-184
-172
-165
-131
-103
-146
-297
-476
-406
-377
-511
-628
-729
-689
-772
-848
-834
-825
-741
-706
-597
-490
-431
-328
-240
-169
-139
-110
-103
-144
-129
-31
-26
-54
68
186
290
367
364
334
299
269
276
295
232
222
249
313
405
507
663
685
630
601
487
404
422
419
393
314
252
157
56
102
133
99
78
31
-55
-152
-294
-423
-493
-536
-572
-583
-538
-522
-501
-564
-584
-461
-381
-275
-231
-157
-34
52
136
208
337
361
383
424
433
529
537
498
430
321
222
46
-110
-207
-227
-250
-321
-411
-515
-543
-602
-612
-560
-649
-810
-865
-900
-938
-882
-830
-760
-658
-601
-564
-507
-400
-307
-250
-239
-251
-164
-102
11
81
114
211
197
232
395
608
710
795
914
984
1020
998
1001
1007
1036
1027
950
902
804
753
866
858
746
719
625
575
623
581
501
404
340
229
5
-62
-76
-114
-124
-129
-112
-166
-111
-75
-127
-136
-236
-271
-297
-325
-260
-251
-290
-280
-290
-333
-321
-317
-322
-300
-273
-153
-53
-82
-76
-107
-134
-132
-158
-165
-159
-202
-268
-266
-278
-261
-209
-234
-341
-347
-270
-284
-271
-247
-242
-157
-170
-255
-198
-142
-87
-39
-71
-34
-58
-131
-122
-100
5
0
-44
3
-90
-101
-41
-64
-36
31
80
46
114
262
258
324
350
361
342
306
410
346
316
244
70
-26
-72
19
121
233
218
119
50
-65
-157
-265
-344
-395
-444
-458
-493
-484
-405
-390
-293
-158
-170
-119
15
217
294
291
310
206
248
251
168
164
159
230
161
100
73
-44
-89
-259
-354
-373
-513
-519
-495
-482
-507
-528
-408
-442
-495
-433
-426
-439
-533
-558
-449
-341
-226
-199
-205
-83
21
51
59
-27
-40
-37
-156
-207
-262
-318
-240
-228
-212
4
124
197
323
488
738
885
960
1010
1065
990
918
917
900
901
721
700
780
753
800
722
664
693
550
398
275
155
44
-92
-209
-347
-460
-521
-495
-426
-319
-125
-51
-85
-24
138
231
184
179
148
30
-108
-246
-315
-323
-349
-401
-364
-304
-206
-153
-72
92
25
-36
-23
-71
-77
-124
-160
-145
-208
-273
-276
-238
-200
-180
-162
-180
-157
-169
-191
-185
-214
-237
-206
-222
-324
-305
-204
-123
-90
-129
-44
64
73
247
351
242
296
288
162
190
158
101
73
-23
-52
-25
-67
-89
-68
-69
-26
23
15
72
138
130
171
96
33
92
59
-3
-127
-215
-177
-184
-147
-85
-128
-188
-223
-265
-305
-297
-376
-494
-466
-460
-478
-450
-314
-163
-108
47
140
211
274
345
503
508
526
497
417
355
185
56
30
-51
-218
-260
-219
-253
-279
-186
-147
-176
-130
-158
-206
-228
-290
-285
-247
-191
-177
-120
-28
22
66
72
154
164
92
34
-52
-34
-5
-44
-52
-92
-95
-83
-88
30
90
105
191
364
454
489
574
534
635
713
656
680
717
800
775
710
735
722
604
487
469
340
204
137
143
109
-29
-78
-193
-333
-300
-223
-233
-209
-215
-271
-217
-160
-134
-57
-60
-62
40
59
80
116
72
42
-11
-160
-245
-254
-196
-101
-76
-15
41
-16
-41
27
34
22
2
-80
-212
-280
-268
-269
-218
-210
-155
-161
-177
-60
-9
36
-2
-74
-74
-92
-97
-75
-112
-157
-155
-209
-130
-38
-123
-9
94
33
79
91
118
194
152
111
189
116
-32
7
59
-34
-50
-29
-131
-59
13
44
167
176
158
149
192
195
134
114
46
8
32
-73
-192
-158
-200
-348
-350
-291
-341
-342
-299
-237
-138
-170
-221
-216
-206
-144
-161
-168
-135
-166
-114
-63
-55
42
159
164
128
167
214
195
133
52
-29
-69
-123
-238
-278
-247
-162
-69
-87
4
84
90
160
175
194
173
116
20
-68
-53
-24
-54
-131
-87
32
27
29
79
156
217
195
203
202
154
155
148
59
37
52
43
130
146
137
259
381
411
383
359
234
183
200
175
163
99
153
177
118
207
221
143
149
195
205
194
125
75
140
134
69
44
-12
-47
-3
35
46
32
-15
-37
-23
0
-15
-120
-122
-90
-185
-225
-221
-242
-274
-288
-245
-199
-176
-133
-117
-89
1
55
47
34
82
93
86
79
54
41
-62
-132
-149
-246
-290
-296
-235
-145
-258
-325
-245
-234
-217
-176
-217
-271
-246
-224
-222
-201
-226
-190
-104
-84
-3
43
7
-19
-33
-58
-115
-155
-181
-163
-167
-203
-183
-214
-248
-190
-109
-36
10
70
95
118
106
108
134
61
10
-33
-43
-48
-79
-77
-74
-90
-107
-147
-140
-21
3
-54
-24
-8
-64
-32
37
15
22
32
33
129
183
130
181
312
382
386
265
308
454
377
262
219
166
157
125
-8
12
-7
-12
108
7
22
94
73
171
136
84
115
99
123
150
99
61
43
-72
-85
-28
-75
-82
-134
-158
-144
-164
-116
-58
-92
-163
-182
-210
-190
-212
-220
-187
-267
-213
-151
-122
58
117
88
114
154
195
194
218
134
-1
-15
-18
15
-18
-30
57
73
143
215
312
338
328
314
255
291
188
126
84
-82
-134
-186
-190
-116
-153
-102
-12
9
10
-56
-32
-12
-34
-92
-186
-168
-155
-182
-147
-155
-143
-27
26
8
42
136
147
113
147
225
145
8
14
-53
-107
-104
-180
-209
-183
-114
-75
-146
-110
-71
-119
-133
-144
-152
-81
-60
-138
-140
-141
-86
-47
-138
-156
-120
-61
1
-35
27
61
-37
-38
-72
-76
-63
-135
-155
-193
-184
-116
-112
-110
-39
34
40
55
155
271
274
239
243
256
205
130
146
142
100
36
20
48
46
101
179
185
235
193
111
168
108
152
170
106
156
73
104
178
60
73
141
107
94
140
236
241
276
311
180
25
-36
-63
-111
-180
-218
-195
-167
-119
-53
0
-26
-10
6
-14
88
46
-54
-67
-106
-124
-166
-176
-190
-193
-190
-177
-120
-94
-14
54
-15
-74
6
34
1
-85
-173
-130
-153
-185
-152
-144
-151
-84
-55
-39
-4
-18
19
19
6
9
-15
-10
5
-66
-64
39
35
67
112
117
183
170
160
208
136
174
155
20
32
-51
-101
-80
-124
-166
-174
-116
-120
-117
-105
-39
41
-5
-4
-50
-58
-63
-161
-167
-118
-73
-104
-106
-24
65
131
136
124
84
49
84
106
107
59
-8
24
16
31
62
47
93
116
125
133
209
280
264
240
191
132
122
89
-8
-96
-151
-142
-96
-68
-38
-19
14
13
9
64
47
23
-5
35
71
40
24
0
92
101
90
153
170
157
122
131
102
86
63
22
-12
-78
-80
-141
-199
-161
-146
-90
-87
-90
67
88
81
119
42
63
112
91
61
-3
-26
-20
-21
-45
-117
-83
-54
-102
-138
-83
-76
-108
-84
-136
-69
-64
-19
25
-117
-59
-76
-154
-96
-87
-100
-113
-130
-123
-98
-90
-84
-24
3
-88
-96
-43
-45
-49
-88
-60
-50
-108
-68
-67
-58
-47
-79
30
23
12
121
111
82
33
27
72
45
72
62
-28
8
-21
-40
58
22
92
145
128
203
156
135
112
89
104
82
85
92
87
53
104
143
50
19
60
123
76
6
63
33
-29
-46
-46
29
66
14
-15
-78
-74
-43
-117
-91
-50
-49
-49
-77
-63
-48
-110
-103
-62
-142
-147
-116
-131
-144
-143
-102
-176
-134
4
-34
-17
-38
1
87
40
118
153
74
115
142
123
140
71
35
129
168
142
102
36
-13
-14
-20
-78
-25
52
31
-19
-42
12
-66
-95
-51
-55
-26
-27
-11
18
29
-82
-83
-3
12
38
-9
-4
27
34
14
46
98
38
30
42
-31
-37
32
5
56
120
118
79
80
172
46
-16
-34
-78
59
76
23
40
-2
-51
-69
-118
-174
-143
-75
-109
-130
-97
-70
-54
-100
-86
5
3
-64
-63
-27
-25
-30
22
64
60
69
69
85
60
63
100
86
105
111
106
115
50
-12
14
52
49
39
44
99
130
106
106
12
-41
25
31
-9
1
-9
-55
-117
-95
6
-73
-94
-45
-75
31
36
34
98
-45
-1
74
-36
-34
-50
-45
-47
-88
24
115
44
68
78
8
53
76
59
9
3
33
-88
-96
-37
-71
-99
-178
-141
-86
-55
-5
-24
-11
-32
0
73
-15
-46
-30
-95
-133
-108
-36
-32
-24
-40
-64
-57
-180
-167
-109
-207
-171
-166
-184
-82
-138
-161
-143
-188
-97
-16
42
64
80
57
79
159
123
159
173
153
190
206
175
113
124
99
33
92
98
61
40
27
32
29
81
103
88
58
0
47
61
-41
-23
20
32
37
62
67
1
0
-58
-119
-104
-73
-40
-20
-36
-49
-5
-68
-85
27
-17
-36
24
-18
-18
-11
-4
41
74
84
89
132
144
120
80
77
99
16
-1
-1
-23
-80
-176
-164
-157
-101
-71
-35
47
23
-29
-12
21
28
-29
-77
-21
24
13
-20
-48
-82
-58
-58
-80
-10
-10
-28
-14
-68
-45
30
-2
-98
-116
-46
-51
-70
-46
-51
-65
-69
-48
-33
-62
-90
-107
-99
-24
-22
0
115
85
29
56
68
25
44
70
34
77
113
97
43
13
48
43
-2
52
40
-31
10
13
28
83
82
36
0
41
105
46
-25
0
56
26
1
69
30
-41
-31
-26
-33
-32
-9
-6
-36
-107
-67
-69
-155
-74
-2
-19
-14
20
24
0
-95
-108
-29
-44
-59
-117
-59
80
26
-2
-32
-16
79
54
118
74
-27
29
56
116
30
-27
42
42
41
-2
-7
-11
-13
40
49
52
14
-21
3
-20
-7
39
-6
2
69
-14
-28
6
-53
-118
-126
-14
-53
-88
5
-53
-56
0
-55
-50
8
27
-25
-29
26
-9
-10
39
34
40
74
76
83
42
-18
99
156
55
82
140
47
22
28
-61
-70
-76
-48
52
25
18
3
-89
-105
-47
-39
-98
-47
-55
-67
32
-13
-61
-105
-100
20
-13
-67
-14
-4
-14
-14
-39
-22
-61
-58
11
-25
-75
-88
-8
13
-23
-32
40
132
33
-54
20
89
84
48
40
59
25
39
44
-48
-111
-44
44
75
49
-13
-4
18
-51
-107
-33
-48
-57
14
26
55
43
-22
-37
-12
46
79
-33
9
26
15
140
2
-7
32
-15
37
-23
-13
-35
-65
-40
-28
7
-1
15
57
22
-40
-40
-53
-38
53
43
-9
62
136
131
119
100
59
72
116
76
59
28
-24
30
40
-16
-45
-46
-45
-32
-12
-17
-39
-15
48
59
10
-27
-11
-14
-15
-1
-16
-68
-71
-13
-20
-40
-16
-34
-43
29
12
67
109
8
-11
7
1
-27
13
34
6
33
91
151
116
39
95
100
8
62
87
0
-15
0
7
-12
-62
-74
-120
-143
-117
-119
-94
-52
19
-27
-17
-4
-53
26
-16
-23
-19
-30
39
6
-25
10
62
-2
0
90
70
117
62
21
51
-13
38
67
13
22
-13
12
53
-1
-23
-37
10
48
25
68
97
33
-12
-3
24
50
48
14
2
-1
-63
-137
-111
-49
-70
-66
14
27
13
45
-36
-73
-41
-23
-8
-22
-13
5
87
63
25
73
52
38
1
-16
23
-52
-123
-45
-98
-94
-9
-71
-93
-135
-86
-55
-104
-75
-91
-38
-3
-65
-79
-66
-36
-78
-55
20
42
86
58
0
-30
37
91
63
83
77
106
103
18
41
43
2
-20
-43
-34
42
109
58
37
28
37
63
57
72
-23
-28
16
-49
33
46
-4
61
30
16
18
31
77
-29
-63
-27
6
96
55
-25
5
60
17
10
61
-16
-29
10
-35
-11
13
19
18
33
63
47
38
22
48
48
38
-4
-81
-25
25
-20
-58
-57
-47
-22
-40
-15
-69
-163
-44
3
-27
-40
-48
-16
-21
5
-17
-38
-6
-57
-34
-6
0
17
4
67
47
16
19
-18
-39
-28
-79
-151
-36
-45
-115
-27
22
39
-54
-83
16
32
-1
9
46
77
72
30
48
67
33
3
36
16
-1
21
-67
-48
1
-34
-18
-29
27
47
-29
-61
-50
13
-6
-48
-16
1
20
-16
4
45
-47
-66
-9
-46
-17
0
-62
15
28
-15
34
-43
-86
21
-4
-73
-88
-87
-39
0
-50
-41
5
2
24
52
76
51
30
58
27
-6
-5
-5
50
5
-47
2
59
52
-45
-32
-14
-18
16
36
95
30
-61
-11
20
33
-2
-82
-18
-16
-77
3
31
0
-11
-13
37
49
11
-40
-64
-21
-8
-43
-29
8
19
-31
-9
30
-13
33
52
59
101
94
61
12
25
44
-7
28
18
50
139
54
76
17
-16
75
10
6
7
-34
-6
-70
-105
-29
-58
-79
-49
-51
-25
-37
-61
-78
-89
-27
-22
-76
-25
-16
-52
-56
-71
-53
-36
-19
-13
23
45
59
56
-18
-50
-27
11
12
16
35
15
12
14
-38
-32
0
-48
35
35
-17
46
-22
-21
21
-56
-29
10
30
23
-72
-13
67
1
-15
19
3
-10
19
22
13
19
58
60
-34
10
107
40
-3
1
-33
-48
-12
-20
-39
-18
-39
-15
64
54
23
25
58
72
29
115
64
18
21
-66
20
-19
-45
-45
-88
-45
7
68
3
15
-7
-102
-43
32
12
-38
-7
28
28
-11
-1
22
23
18
62
94
-5
1
-27
-81
-46
-23
8
-29
-39
13
24
-30
-54
14
0
-9
-13
-53
59
25
-33
9
1
47
-20
0
78
27
21
7
-33
-37
-24
-44
-38
-31
-32
22
-30
-90
-92
-89
15
23
-5
56
37
0
-1
-20
-50
-56
-46
-13
49
65
8
-23
-14
36
8
-56
25
59
-15
2
69
-2
-107
-13
58
16
74
72
77
68
-42
-38
-23
-57
-60
-4
30
-43
-41
11
7
6
14
44
54
80
62
-18
-36
-27
16
26
-17
16
61
43
95
89
20
62
14
-4
6
-75
7
60
-16
-15
-27
-51
-5
0
4
22
59
112
40
-2
39
-29
-108
-72
-55
-7
23
-75
-40
-8
-19
30
63
54
-26
10
44
46
4
-28
-25
-99
39
141
49
55
90
74
86
56
-19
-58
-32
1
-22
-66
-115
-62
-35
-34
-16
-77
-24
3
-12
-5
-73
-95
-1
3
-41
16
5
14
-11
-25
25
-40
-39
33
-4
-29
51
53
5
-19
-49
-49
-35
24
94
54
31
78
103
31
-42
-9
-26
7
20
-45
26
44
-25
3
50
104
83
67
114
37
-49
-40
18
-18
-60
-67
-95
-21
-3
-81
-79
-45
15
64
67
98
61
46
76
-17
-8
5
-93
-85
-44
-78
-77
-53
-93
-41
-32
-68
-31
-35
26
52
-18
-2
30
23
65
54
-28
-13
56
66
39
-37
-82
-2
-6
-44
-26
3
52
76
59
-12
14
53
-12
-43
-39
-61
-15
30
-7
14
-19
-39
18
72
121
47
27
64
84
119
79
6
-13
-12
8
6
-21
21
-56
-72
66
82
32
44
81
69
93
16
0
37
-40
-22
-28
31
22
-14
47
5
29
-51
-118
-40
-10
39
-2
-62
-2
28
-23
-29
-21
17
30
6
60
-24
-53
-37
-90
-73
-64
46
26
8
76
6
66
100
90
79
37
125
67
-42
-31
-40
-69
-132
-118
-107
-98
-17
-20
-32
26
47
26
47
14
12
15
-37
-21
-37
-62
-1
28
-40
-22
77
51
-16
4
52
27
-34
-9
16
27
32
-5
-41
-11
78
52
-10
-44
-10
26
5
-21
-71
-30
-61
-137
-73
-31
-37
-12
7
49
28
1
60
15
-6
0
-72
-23
-35
-141
-69
6
-43
-37
114
86
52
107
19
13
19
57
46
-71
-35
-18
7
12
-46
5
18
59
33
-10
55
-35
-18
28
-77
-98
-125
-63
30
-8
-58
-80
-3
51
-29
9
34
-12
86
101
50
10
-40
-28
-21
4
-2
10
71
53
11
24
35
11
34
38
9
40
49
35
6
-33
0
-3
-59
13
60
19
-2
-48
-40
-5
-81
-47
31
-22
-12
-16
-16
74
-17
-91
40
65
13
18
2
-82
-85
1
-37
-72
-30
8
32
-5
2
28
-5
-41
11
54
-52
-44
69
97
68
46
59
59
48
22
54
15
-59
27
7
-38
6
-21
-2
6
2
9
-32
-20
-91
-141
-72
-33
-10
-40
-63
16
29
2
-4
-8
59
-2
-16
26
-2
31
-43
-53
51
11
-10
-15
-15
11
-54
-61
-32
-23
-38
-42
-11
-58
-49
-34
-97
-143
-82
17
3
18
80
109
124
118
117
103
75
57
53
37
11
-42
-47
3
5
15
-3
25
49
-6
2
-18
-44
-32
-52
-68
-38
-48
-90
-44
-50
-72
-27
-25
-54
-19
54
51
21
14
-34
-55
-8
-41
-73
-18
-11
8
-2
-19
16
32
29
-2
55
39
38
87
-7
5
-20
-8
64
-53
-65
-30
-97
-55
-37
-54
-37
-76
-16
7
-34
37
23
-14
63
-2
4
73
-12
12
-27
-45
3
-76
-34
-24
-30
-4
-27
-28
40
61
-9
0
-28
7
-1
-59
-78
-135
-12
-6
-23
98
51
70
108
104
120
83
67
-5
30
81
-31
-42
-33
-40
22
-29
-88
-20
17
26
61
69
65
22
30
85
-16
-20
51
-40
-18
1
-23
-37
-46
-14
-19
0
30
35
11
-19
-47
-8
-5
-16
28
42
-4
-48
52
81
5
-26
-18
61
27
5
90
3
-90
-59
-37
20
13
-51
-34
0
43
20
-12
-14
-51
-21
-9
24
98
49
-19
29
123
127
95
24
10
29
21
33
8
5
25
8
36
58
-23
-59
-67
-33
-36
-73
-33
-48
-48
-15
-64
-76
-60
-85
-48
-27
-32
-44
13
60
3
32
57
11
10
20
21
12
-10
-19
-45
0
60
12
18
54
60
20
-25
37
16
-59
-29
-27
-20
0
-52
-58
-47
-28
9
-35
-55
-18
21
-11
-66
-57
-37
-6
-39
-45
3
8
19
36
52
75
55
34
58
44
-4
6
55
-40
-41
-20
-59
19
-34
-80
-31
-54
-63
52
63
-32
-13
69
50
-71
-46
41
-22
-56
20
39
82
98
77
90
72
72
56
61
32
-13
-63
-64
76
20
-85
2
-9
-33
-27
-39
10
-30
-69
-60
-61
-56
-7
51
-23
-49
40
58
41
24
-39
-6
89
39
59
61
17
62
-11
-1
28
6
26
-20
-23
31
25
-22
6
-34
-79
-44
-70
-57
-38
-66
-56
-35
-45
7
51
36
86
109
94
95
91
97
55
53
56
-14
34
53
22
19
20
57
-7
-2
23
-55
-82
-76
-38
-15
2
-41
-108
-73
-51
-42
-31
-13
0
-48
23
95
-11
-67
-29
9
23
-18
-3
52
37
16
75
30
-16
-7
-48
-15
-2
49
33
-5
32
4
-35
-78
-23
-37
-65
-52
-75
-49
-36
-8
-35
-27
19
37
49
16
12
43
56
30
41
5
-46
-1
17
-17
-25
-14
-16
12
6
-26
-49
-18
59
-20
-53
-50
-81
-63
-60
-43
-86
-42
-12
-50
14
1
0
27
5
13
13
16
30
78
95
36
112
73
-4
45
-16
32
44
-42
-25
33
33
-27
-2
23
30
28
17
-31
-39
-11
-67
-51
-57
-86
-74
-86
-70
-51
22
63
28
90
85
-19
-55
-52
-6
22
-55
-37
54
11
8
35
1
-24
-41
-5
31
81
51
-23
28
11
29
10
-53
29
25
76
162
57
48
85
7
41
24
-17
62
18
4
17
-2
-26
21
57
-1
-10
-6
-12
-69
-31
16
-44
-29
-26
-68
-30
-38
-82
-47
-58
-94
-80
-42
0
-43
-50
6
-15
43
51
32
60
32
49
112
113
63
76
26
-4
63
102
69
-1
-12
8
1
-50
-1
41
-37
-25
-75
-32
34
-36
9
-38
-69
4
17
-48
-107
-74
-97
-74
-45
-70
-24
-39
-39
32
33
16
14
9
4
-14
58
95
38
95
141
17
-50
-28
-33
13
-33
-43
40
-1
-28
-29
-2
-10
-94
-94
-39
52
99
48
75
117
64
37
71
91
35
-44
48
83
4
19
1
-41
-57
-34
14
0
-58
-39
-38
-66
1
33
6
44
34
-46
-50
-42
-32
-14
-27
-59
-21
5
-7
-14
-19
5
-23
-30
10
12
-50
-52
-4
-40
-43
4
65
97
57
51
116
134
101
76
43
3
14
16
56
47
-83
-46
17
-28
-28
-14
18
37
44
34
37
107
57
14
11
13
17
-126
-92
-52
-91
-3
-43
-56
-27
-30
29
2
4
50
30
74
58
-36
-45
-50
-84
-87
-43
-38
-27
51
63
29
21
9
66
40
0
4
-12
64
37
0
8
-71
-51
-26
-19
87
74
67
91
49
110
48
-27
-9
-58
-66
-96
-104
-40
-29
-66
-60
-46
-28
29
5
-45
-42
5
35
-11
-29
-60
-110
-75
-71
-48
29
24
58
34
20
54
50
55
55
74
69
71
0
10
51
-126
-124
-66
-91
2
25
4
29
72
-1
-21
6
-49
-13
-33
-22
46
26
4
-18
4
-5
-17
18
31
108
69
29
89
70
80
73
-39
-54
-24
-68
-51
-77
-49
6
-72
-12
0
-34
37
8
28
98
64
-2
54
73
-62
-73
-21
-32
-55
-29
35
71
85
63
113
135
82
-5
-49
-36
-11
15
-119
-112
-12
-45
-40
-15
-41
-10
9
25
79
-22
-3
65
-15
-9
4
-13
-7
-2
36
40
22
59
61
41
17
12
62
58
65
18
-11
46
-34
-66
-14
-36
-18
-2
-8
-57
-25
41
-60
-71
-77
-73
-28
-86
-44
-25
-30
2
-13
20
-46
-62
-48
-120
-28
15
34
75
19
53
17
-13
30
-43
-92
-69
32
54
8
0
-40
-67
-22
-2
-89
-26
73
68
128
60
67
58
-57
44
-22
-45
62
-21
21
94
22
22
34
4
29
8
-46
-43
-21
-35
-126
-135
-75
-98
-92
-107
-77
29
87
108
89
69
67
91
56
-8
-40
-32
17
6
-66
-82
-30
-36
-62
-31
8
25
83
121
102
80
44
50
51
10
-21
-19
9
31
46
3
-19
29
2
-42
-23
-16
-54
-75
-61
-21
-81
-119
-36
-26
-46
-60
-12
40
26
100
111
49
51
25
23
-32
-109
-130
-57
-13
-82
-34
-13
-22
40
32
-17
19
62
75
85
16
11
62
-8
-59
-33
-27
-41
-31
-1
34
42
62
84
3
-3
35
0
-17
-38
-16
39
61
48
86
80
34
45
34
77
18
1
68
32
18
-40
-54
14
3
-10
-46
-28
86
28
-10
27
-19
-42
-21
12
-37
-34
25
-35
-44
80
99
42
82
84
62
85
58
5
-56
-64
-67
-73
-8
22
36
4
27
87
69
25
23
65
-27
-67
0
-24
-90
-124
-149
-88
-42
-46
-1
6
39
87
88
56
53
72
27
78
73
-35
9
2
-10
-35
-48
7
-41
-5
-2
-24
-35
-118
-129
-103
-106
-105
-60
-126
-97
-29
-94
-54
13
18
4
38
60
57
30
-52
-59
-72
-103
-26
3
-41
7
34
14
46
31
39
61
-7
-9
1
-5
-42
-64
-22
-9
23
-2
60
63
-8
-20
-35
30
13
15
59
74
92
30
72
46
-24
24
-20
54
55
-31
28
-15
-19
22
3
-17
-32
22
81
41
-83
-120
-56
-71
-86
-47
-14
-19
17
73
59
21
-27
7
87
43
54
181
129
112
134
35
57
17
-29
27
12
61
101
121
98
42
107
41
-4
43
-53
10
49
-63
-36
-39
-84
-70
-27
-17
-63
-101
-49
94
61
-50
-33
65
96
-14
-28
-39
-47
-7
-60
-46
-40
-22
25
-11
4
61
34
-21
18
3
-33
-41
-44
-79
-139
-62
-27
-42
-15
-16
84
95
18
22
-56
-69
-30
-52
-58
5
30
30
55
24
38
14
-9
-11
-33
-53
-11
20
-46
13
-4
-24
1
-49
-4
-58
-47
15
-30
-22
-58
11
-18
-88
-3
9
40
-37
-15
106
21
-1
50
94
58
-17
10
66
51
-19
-31
-24
0
-10
-92
-89
-91
-52
10
-2
-21
-57
-12
21
-66
-50
13
-31
-30
34
80
119
91
56
121
83
21
32
35
36
16
17
33
22
6
27
-35
-28
93
98
92
14
-17
49
3
-52
-21
-4
-62
-37
46
-23
-118
-69
-29
-38
-49
-2
16
-78
-20
20
-68
-3
-4
-49
-4
0
58
122
97
42
37
26
60
108
17
-13
-49
-90
-56
-29
-80
-127
-87
-61
9
22
-3
-5
5
53
71
130
149
105
85
23
-21
33
31
-9
-17
-49
-47
-56
-69
-27
-71
-112
-90
-99
-10
10
-37
-27
-58
-75
-43
-88
-122
-48
-45
-80
-43
42
77
-12
-86
-31
12
-30
-34
-10
-50
-25
-51
-64
38
16
67
115
44
68
93
122
73
-31
-43
-12
8
-35
1
16
-2
41
-31
-20
-4
-85
-10
-1
30
93
23
6
15
32
51
6
16
45
104
166
64
35
34
-8
38
1
-71
-66
-90
-64
-13
-14
-14
-7
-39
-41
37
-15
41
113
18
69
84
85
80
4
1
-46
-30
-2
-71
-25
-33
-11
58
-42
-39
-27
-7
45
-14
6
99
108
52
57
-22
-44
13
-37
-23
-12
20
13
-81
-16
35
2
-3
-2
-41
-69
-81
-117
-37
13
-19
-19
29
105
120
56
-27
-53
-33
4
0
-67
-98
-44
-37
-47
-95
-172
-78
-63
-72
9
16
25
-18
19
35
-59
5
60
36
51
36
-25
-3
18
-28
11
56
73
72
47
47
36
39
82
50
-5
10
-18
-21
-30
-49
-1
-16
26
89
77
82
62
9
-18
-21
-71
-70
-80
-129
-83
-61
-75
-15
-5
-108
-34
91
50
68
7
-13
58
7
21
30
-32
-5
-12
-36
-20
-84
-8
3
-25
28
-29
37
3
-54
-3
8
26
18
58
18
-10
1
18
54
74
80
-36
-15
31
7
45
17
0
16
22
-24
-16
10
-22
-33
-72
-22
36
5
-19
-67
-53
20
10
-22
17
25
32
26
18
43
51
-25
-94
-20
-13
2
33
-21
-49
16
83
38
31
61
129
144
26
-3
36
66
27
0
23
0
-25
-59
-37
-25
-48
15
16
-6
9
0
35
28
28
62
22
83
90
15
6
-21
22
-20
6
62
-6
35
-29
-24
61
13
-30
-74
-84
-54
-43
-48
-66
-57
-17
-50
-46
-11
60
90
-6
-3
43
-10
-43
-21
-29
-24
-14
42
8
-57
62
6
-86
-7
20
60
24
-40
30
8
-50
20
-5
-39
-1
-24
-18
24
26
-5
-5
23
-8
-54
-38
4
40
-40
-47
37
-36
-11
0
-81
-1
18
29
70
37
97
130
35
31
23
0
3
-74
-75
-41
-62
-7
6
-42
-31
20
10
-68
-21
52
73
45
16
27
29
5
5
26
-42
-41
8
16
35
-3
-78
-75
-45
40
102
49
19
40
98
73
86
74
-49
-41
15
21
38
19
-15
-4
-14
-32
-53
12
61
-23
-20
61
100
18
-45
-50
-72
-5
26
-8
-5
-15
2
39
42
89
60
-9
16
6
-96
-185
-104
-53
-67
0
-22
-32
1
-39
-4
-8
2
20
13
31
-33
4
48
-29
-54
-31
-11
4
-11
-40
-30
8
29
30
-14
-34
26
51
35
6
-15
62
17
-20
36
-1
12
36
21
10
-1
-26
-17
35
17
16
23
-45
-17
27
6
-9
52
108
14
17
30
-42
23
43
43
60
14
37
80
85
25
5
30
-31
-45
-15
-62
-99
-69
-47
-24
11
66
56
-51
-15
95
52
19
18
-56
-41
-39
-53
-20
-11
5
-3
18
102
55
-64
-27
20
11
-20
-64
-4
31
-18
-30
-52
17
31
-33
65
58
-5
22
3
18
8
-81
-53
47
50
-31
-31
43
55
1
-75
-25
11
9
25
-52
-39
29
1
36
11
-94
-62
-13
-14
-25
-59
-62
-31
11
23
-57
-95
-60
-86
-51
-18
-29
-18
0
85
48
-41
-11
-20
-49
11
7
-23
47
87
77
22
0
26
26
17
76
89
39
83
69
16
-69
-101
-30
-13
-37
-13
26
29
63
38
51
8
-58
73
31
-12
55
-24
-2
-12
-55
18
-24
53
72
-19
46
71
42
-89
-113
-54
-73
-58
-73
-76
-52
-37
-26
-6
44
27
27
47
-43
-36
-47
-139
-35
-7
-18
34
-9
25
-13
-2
82
40
23
23
61
57
-6
-29
0
18
-7
24
19
20
61
52
82
67
-48
-33
39
-66
-90
-102
-136
5
-4
-16
40
7
25
81
89
27
35
49
52
47
-32
-19
33
-9
-62
-45
-29
-1
56
-4
-37
-19
-79
-31
-15
-38
-6
1
45
-6
-73
-19
9
40
29
-22
76
26
-12
49
-54
-62
-16
-10
-56
-59
0
20
23
36
62
90
87
-5
5
13
-27
6
-5
-25
-43
-43
-40
-21
8
-33
-11
27
-37
-36
-32
-96
-59
8
-23
-78
-53
44
45
30
98
43
16
71
54
-22
-72
23
37
-56
-98
-85
-24
-77
-108
-18
-19
35
52
-32
-24
-37
-26
-59
-39
19
-90
-58
0
-32
98
117
64
37
16
114
96
7
-54
-34
46
91
58
-26
-7
43
92
43
1
81
71
12
35
63
3
-14
-1
-16
-38
-21
9
33
56
28
70
56
-52
-37
3
-18
1
7
13
-19
-41
60
95
57
14
-39
-17
-39
-70
-85
-147
-129
-89
-37
-7
-26
-44
-53
9
-3
16
49
-65
-78
-55
-85
0
0
-48
28
53
21
25
70
65
69
25
-82
-25
-32
-42
-14
-81
2
42
0
45
24
2
23
16
29
0
-73
-53
-46
-96
