18
28
21
14
-10
0
-26
-59
-49
-72
-87
-104
-79
-50
-51
-35
-30
-96
-98
-46
-44
-59
1
39
43
73
4
-49
-6
46
-3
-18
-26
29
94
-32
11
119
39
34
42
-25
-28
-48
-3
6
-17
21
-4
-46
-43
22
68
50
44
36
-58
-37
72
-29
-34
25
-64
9
13
-26
75
64
-5
47
78
31
-12
-107
-121
-72
45
88
37
46
8
10
-23
-22
25
0
80
61
-32
-46
-45
30
32
-40
-43
-83
-100
-56
-21
12
21
32
-10
-41
5
-11
-30
13
19
2
-32
10
40
-18
7
44
0
-47
-7
56
52
95
104
32
90
93
8
43
20
-30
34
50
0
17
-11
-17
5
-54
-26
-3
0
0
35
77
19
-14
-58
-81
-7
18
-13
25
21
33
121
33
12
83
26
37
83
118
61
-37
-36
-105
-86
0
-25
-12
31
12
-20
26
1
15
41
-83
-46
-7
-48
-49
-2
68
15
2
-34
-8
65
-7
50
65
28
-20
-60
32
33
4
26
66
8
-24
18
19
32
-6
0
-14
-105
-63
2
-44
-38
-19
-65
-30
-7
-3
-17
-40
-15
-11
26
58
83
47
-43
-54
-76
-69
-5
-20
0
39
0
-9
-20
-29
-41
-41
-36
-111
-94
-54
-76
-55
-4
11
-37
-20
65
45
-84
-79
-20
-74
-8
-27
-73
35
-43
-76
5
10
16
1
10
34
-53
-66
3
-35
-23
18
18
15
4
-29
-61
-1
36
68
38
-11
93
135
69
0
-42
-34
-5
-7
40
18
-23
-15
-69
-58
-4
0
-21
37
81
49
24
27
77
35
-11
57
18
37
110
92
57
-49
-102
-46
30
40
74
77
77
53
-28
90
109
37
65
8
46
91
56
74
24
-13
29
11
-37
4
63
40
-48
-70
-31
38
76
-13
-68
-43
-25
44
88
7
-4
30
22
49
31
-15
-26
-6
-2
-24
2
-6
-19
-12
23
47
-3
87
25
-36
65
-33
-12
25
-10
13
-40
-91
-85
-63
-98
-142
-87
-22
-29
2
-2
11
86
12
-13
-18
-48
16
22
-16
-31
-58
-59
-43
-61
-110
-119
-7
22
-58
-22
-5
-32
-18
-39
0
22
-46
-24
-29
34
92
18
-9
-30
-10
3
30
82
46
-11
48
26
-74
-94
-74
-7
28
-33
-77
-67
-73
-25
-68
-78
6
11
29
-13
-100
-45
-9
-28
23
18
-13
-10
-60
-30
-1
-58
-83
-77
-10
-8
-24
16
1
12
16
-19
-16
-1
24
-16
1
67
-1
-20
9
0
65
53
-17
33
1
-28
17
30
99
105
41
88
105
43
57
43
44
62
44
30
25
46
14
37
128
114
-2
31
70
10
69
66
33
7
-14
41
80
59
39
48
68
53
-36
-30
16
-55
-91
-35
1
43
87
50
16
14
37
34
-86
-86
-34
-66
-33
-32
-50
-49
-101
-58
0
-11
33
-32
-70
-5
-7
-27
-39
-27
30
20
65
39
-45
2
19
56
-21
-8
17
-49
-4
20
-18
-63
-5
2
14
21
0
-8
-46
19
83
48
-19
-61
-24
-13
-36
-25
-56
-76
-47
-28
46
67
56
24
-50
-4
-27
29
-26
-85
27
-40
-28
-71
-57
32
-75
0
118
108
52
-38
-40
-61
-56
-19
-22
45
65
22
39
75
21
37
60
-47
-1
55
-6
-66
-31
4
-13
-32
-41
7
36
56
33
10
21
35
79
75
48
26
11
11
17
36
23
-14
-41
-7
40
44
-52
-71
8
-49
-3
22
-21
21
-4
9
-28
-71
7
-10
-7
22
-49
-28
-3
-43
-34
-31
-57
-35
68
70
-18
-20
-35
-5
19
-3
19
-18
-10
36
-3
-36
-22
-33
-34
17
-33
-89
-35
-23
10
28
-11
20
-4
-33
-8
-23
-3
31
35
60
28
15
59
-1
-45
-12
-70
-75
82
17
-48
89
33
54
108
-40
-38
5
21
14
-9
38
0
-10
36
83
126
69
5
18
39
13
3
36
36
17
9
-7
21
30
-33
-44
-91
-74
-4
-9
22
15
16
11
-22
37
22
-16
19
2
23
34
0
23
35
-4
-15
25
14
28
-5
-39
36
-26
-3
49
7
23
-45
-1
17
-45
7
-23
19
32
-49
15
43
14
-24
-41
-11
-65
-99
-34
-8
-41
-72
-41
-13
38
128
69
103
120
-21
-35
-37
-27
17
-13
-55
-44
-82
-78
-8
-1
-77
-123
-40
-26
-21
-9
16
25
-3
28
7
-39
-17
-1
-63
-64
-47
-13
-22
-60
47
78
39
34
-14
-13
17
-13
-37
-50
-7
-28
-40
23
9
35
52
-20
-19
32
39
-18
-69
-77
-79
-16
4
-52
-64
-10
45
-21
-69
-37
-47
-39
-18
-15
33
38
49
124
7
16
88
-21
12
29
-17
37
96
97
87
52
20
76
80
-12
30
71
-22
-15
76
67
-26
-30
42
14
6
45
88
71
-50
-72
-43
-47
0
20
-27
35
103
47
-10
-34
19
101
61
-43
-60
14
0
3
60
6
-22
26
72
-5
1
38
-33
-14
-29
6
84
57
79
48
-3
-35
-134
-119
-21
-4
-47
-27
5
37
12
-1
-46
-139
-36
-27
-2
-7
-134
-57
-58
-40
-25
-7
71
-20
-10
32
-9
-20
-9
23
44
-4
65
185
143
47
19
42
9
0
2
-48
-64
-52
-6
39
45
72
22
-44
-27
-66
-85
-40
-25
-6
-66
-49
-2
-53
-49
-19
41
-14
-23
-19
-57
-36
-54
30
35
-22
7
52
75
44
23
-61
-80
-11
-22
45
80
-14
-29
-18
16
-13
-72
4
-19
-43
15
-50
-31
39
-25
-15
35
23
19
45
81
23
-31
-46
-43
20
52
45
14
-6
-5
45
24
-8
32
29
23
10
65
48
-43
-15
-13
-28
5
91
89
10
17
20
24
17
23
58
33
-12
-25
-68
-45
0
-34
-25
12
10
3
11
-31
-73
-29
-3
-33
33
107
15
-32
27
-9
-33
0
9
-2
-38
10
39
-90
-56
50
39
73
-25
-73
7
-12
-24
-38
-34
-5
-58
-65
7
-38
-53
-63
-51
46
72
69
16
0
-13
-54
6
35
2
4
-7
5
43
39
-4
14
39
4
17
37
11
12
29
0
-18
30
50
-22
-4
66
36
-42
-44
11
53
39
52
51
-35
0
-25
-52
-4
-7
-14
12
74
1
-76
-13
99
75
-6
-13
-70
-73
1
6
-12
-14
-40
-1
-44
-87
-5
-53
3
82
94
64
-50
-12
-16
10
103
22
-4
29
5
-11
-57
-16
28
-16
-55
-95
-53
-61
-34
50
2
-24
0
42
23
-100
-74
24
-32
-59
-101
-58
22
-30
17
31
-31
-3
19
-1
-14
-4
21
27
-11
4
-5
-20
26
84
83
-24
-57
-28
62
118
84
70
38
20
20
-9
-72
-50
-13
-58
-38
-5
-36
-19
62
38
-11
-32
-61
-14
47
74
44
48
3
-77
-26
3
-41
-52
3
41
23
-12
17
90
30
-93
-101
-82
-99
-8
44
2
0
-85
-47
78
31
82
136
25
13
70
20
39
96
22
-45
-19
21
29
-3
44
87
64
74
-14
-37
36
-7
5
63
70
136
86
11
15
32
51
-17
25
29
-25
-64
-79
89
47
-23
23
-16
16
-24
-104
-39
13
35
72
31
0
-43
-69
-16
-50
-101
-51
-56
-82
-58
0
0
-7
38
32
-14
-32
49
33
-10
30
-24
-40
2
-22
-51
-75
-53
-22
6
5
-34
-21
15
33
-60
-101
-44
0
-14
-73
-30
-40
-54
50
12
-84
-64
-58
-2
14
-65
-34
-17
-6
-19
-42
58
33
8
28
-11
0
-7
-5
56
67
31
25
21
26
-65
-51
61
79
82
-15
-32
14
22
-14
-12
7
-31
48
72
29
50
1
-29
-18
-41
-24
-4
22
29
6
1
1
-36
-39
27
10
-10
16
32
24
-4
14
1
-17
-6
-10
46
33
4
7
-26
4
-13
-53
-3
27
46
55
-31
-38
14
22
41
46
107
41
-17
-1
-17
-2
-5
9
9
16
7
-26
-22
-10
-37
-42
-2
-47
-2
86
46
52
67
68
66
-9
47
68
-32
-6
9
-13
3
17
34
41
14
-21
-37
-94
-98
5
11
-69
-54
29
24
41
25
-13
10
-29
-21
-32
-52
-63
-63
-8
-25
-60
-53
-22
-20
1
-8
2
25
-10
8
7
-21
-52
-19
-44
-104
-2
-4
-29
1
-51
0
4
-26
45
-11
-55
-9
9
29
-1
-14
32
27
-36
-48
13
-37
-70
-19
-109
-86
-12
-37
-12
-10
15
8
-24
1
7
42
54
28
2
-12
32
-31
-78
-32
-38
9
20
3
33
17
-18
1
55
59
9
-11
2
58
95
20
-32
-7
-47
-21
45
-44
-20
-12
-60
0
25
41
29
23
63
92
72
56
28
9
25
-2
-28
10
54
25
-24
-27
-30
-36
-48
-37
-13
4
3
-27
2
-12
37
87
13
-46
-55
46
27
-12
-20
-74
3
-24
-42
49
1
24
82
13
-5
28
54
-12
-50
3
-4
0
-26
-28
-7
-11
47
53
-7
-5
-19
-33
18
52
103
66
-14
-5
-21
-6
9
46
71
24
4
-32
-59
-30
29
23
-28
-50
-77
-29
37
-16
-68
-74
-68
-40
-33
-33
-44
-51
10
66
68
-8
-46
6
-14
4
22
41
50
-8
21
-37
-12
55
-27
-22
-48
-3
3
-31
82
75
-10
19
60
52
51
-29
33
74
-78
-4
109
14
-24
45
61
33
73
65
48
25
-24
44
60
18
0
61
101
61
32
-50
-6
87
46
-29
-14
23
-57
-38
27
18
13
-28
-27
-5
36
15
-20
-32
-60
-21
-29
-47
-9
6
-66
-132
-133
-100
-45
-60
-52
5
-14
-12
19
23
36
5
21
5
-38
19
57
15
-70
-43
-6
-74
-99
-65
1
2
-72
-114
-76
-26
-17
10
-43
-63
-23
-14
35
20
-11
20
1
-42
-31
-19
-13
-10
26
64
65
66
10
15
89
36
-8
1
-20
12
25
-49
-53
3
54
38
-3
48
20
-28
-3
-6
10
-14
-24
4
8
-6
-5
-4
-38
-7
21
2
53
73
-23
-47
-15
-3
10
-26
-14
16
-45
-41
-38
-54
-17
-88
-64
52
4
-12
53
54
9
-11
23
36
37
32
47
38
-62
-5
62
49
83
-4
-45
0
-41
-21
18
29
72
-34
-85
-16
-95
-71
18
-5
-3
53
89
-5
-3
73
37
52
52
8
52
60
-11
10
52
59
-8
-28
26
16
36
13
16
47
-58
-55
22
-4
55
87
56
55
-20
-1
65
1
20
22
-47
-32
-37
-70
-80
-93
-98
-59
4
-11
-21
32
-19
-16
-25
-77
-78
-112
-24
14
-13
2
3
-3
-22
-21
-13
38
41
46
43
-9
-2
-21
-22
13
-24
40
90
-29
20
-71
-149
65
-5
-88
-33
-37
6
-2
-14
79
49
-39
6
-19
-16
15
56
63
-2
41
13
-8
21
16
56
21
-73
-32
38
60
122
78
38
78
45
-2
35
44
-1
-25
-74
-38
-18
-48
-12
-19
17
93
69
16
-45
-40
20
-39
-17
6
-91
-76
-37
42
70
54
43
-24
-6
-39
-134
-75
2
14
82
36
-9
55
-10
-8
-23
-31
52
-12
22
45
-34
-6
46
17
-32
-35
-66
-33
15
-12
38
65
14
-11
-6
39
15
0
26
-10
-33
-10
2
0
22
8
-12
-15
23
21
-60
-51
27
43
10
-17
-13
11
-30
-15
-1
-48
-26
-37
-92
-80
-18
-54
-69
-41
-36
70
46
-20
28
-14
54
81
-33
3
52
34
-30
-53
3
39
47
28
44
89
101
48
-25
-21
10
-13
-25
19
59
41
-2
-75
-103
-28
-43
-66
-10
-17
-17
35
109
86
-15
7
97
18
-54
12
-53
-93
-31
-31
-19
-8
30
43
54
19
-20
59
46
-29
-31
-11
-61
-108
-34
-12
14
27
-17
60
62
30
37
-81
-59
83
97
46
-29
-59
4
23
-12
0
-24
-60
-16
29
-20
-51
24
50
-19
-80
-8
84
39
33
15
-21
36
53
86
65
16
52
66
74
53
2
40
96
11
0
34
29
-3
-83
-51
-52
-83
4
24
-36
-33
-59
-93
-54
16
45
14
-22
-32
0
18
22
-35
-34
9
-63
-69
-108
-89
19
-54
-21
66
17
-19
-49
3
-19
-135
-113
-86
-70
15
-28
-114
-71
-65
-50
-89
-112
14
55
16
-4
10
-9
34
61
-58
-50
6
0
-40
-66
-40
-51
34
80
30
24
-26
9
10
-76
20
19
-131
-27
6
-76
2
63
62
115
90
-39
29
10
4
201
122
27
34
-44
-74
-5
15
-4
-47
-156
-34
52
-45
-41
13
102
120
44
18
-2
-57
-22
-10
-38
-27
-103
15
38
-69
-16
-60
-5
35
82
60
-16
51
-16
-21
44
4
74
123
6
1
1
-100
-82
35
36
14
13
-19
-8
4
-2
-28
-22
-18
3
28
44
62
14
36
16
-47
18
19
66
94
-12
-14
54
85
32
-10
69
99
34
14
-6
-12
61
54
60
57
-43
-13
-1
-4
33
35
62
-14
-36
-34
-121
-81
-54
-104
-58
16
40
9
0
14
-65
-81
4
28
35
60
77
4
-70
-84
-43
29
9
50
33
-49
-4
-21
-74
-46
-33
-71
-35
-4
-20
-42
-71
-58
-55
-30
-1
32
12
-27
17
-37
-67
-77
-119
-18
30
-12
-60
-10
69
24
13
26
31
16
-44
-4
24
20
66
32
20
53
-36
-41
45
-31
-47
18
32
79
49
31
80
60
50
61
46
7
3
58
39
-51
-48
-9
-17
-17
-17
20
77
41
9
18
23
55
8
-16
11
-63
-12
56
82
4
-63
36
-35
-11
69
75
41
-76
-28
8
-54
0
57
17
-6
-38
0
52
-18
-49
10
39
42
33
35
61
32
-22
-72
-66
2
-1
-1
28
12
-19
-26
-4
36
58
17
28
54
50
84
42
-35
-5
-39
-22
44
48
68
0
14
83
-41
-73
-12
-47
20
32
-15
25
-59
-72
22
-41
-87
-90
-55
60
104
17
-25
27
54
56
31
51
-11
-14
28
-42
-71
-46
-16
-10
47
-31
-32
76
60
62
-34
-67
-5
5
25
77
34
-50
-16
0
42
65
7
32
62
22
9
-39
-58
-5
-22
13
39
-35
-54
-11
31
20
13
35
3
-27
-49
4
38
11
66
-1
-18
82
13
-36
-1
-3
-40
-74
-22
-49
-111
-47
-39
-56
-82
-66
38
67
21
6
30
20
-13
28
53
61
40
-40
33
37
-76
-38
-9
20
-46
-96
29
-22
-68
-43
-31
50
-3
-47
-5
-8
-7
-30
-6
16
-4
40
26
-14
-12
-34
-29
10
54
32
-31
-50
-87
-107
-56
-8
44
33
-3
25
22
-2
-6
-14
-20
36
87
25
-15
27
24
8
-13
-33
-18
-58
-49
79
54
-16
46
-22
-23
26
-39
-43
-28
8
0
-4
3
-38
-15
-43
-16
-24
-124
54
74
-108
-87
-39
-10
-31
-14
11
20
21
-38
-23
-3
16
71
71
-4
2
-6
-58
11
23
-8
36
23
-23
-5
2
4
33
59
82
83
50
9
43
44
-10
10
-42
-77
-14
-85
-95
-20
-38
30
6
-14
70
-11
-26
38
5
-69
-112
7
99
66
117
81
-13
-37
-31
1
1
-21
-37
-19
16
59
71
43
10
17
56
-3
22
57
-27
-3
31
-1
-57
-58
-22
-46
-58
-53
22
75
8
12
-20
-50
-37
-26
50
62
-17
-90
-12
13
-82
-34
23
-12
-17
-30
27
46
-1
45
55
0
-23
-3
-2
-13
16
33
71
19
-38
25
-11
-32
-8
0
-35
-40
33
-21
-81
-65
-31
12
-51
-101
-25
29
18
-27
-28
-83
-18
84
-61
-63
1
-62
-21
17
-5
26
26
11
32
-4
-26
16
24
27
37
-3
54
69
28
102
-10
-18
93
-24
-41
-5
-19
-13
-46
31
64
22
57
66
45
-4
-1
1
-50
-39
-17
-21
-46
-35
19
-42
-86
-46
-23
14
17
-37
-52
-45
-18
71
100
94
27
-73
-89
-68
9
19
-20
-27
-9
-57
-70
-67
-92
-14
-31
16
80
8
52
79
-44
-48
20
58
86
80
65
-15
-58
9
60
81
61
55
48
-15
-32
-52
17
57
19
53
6
50
108
43
30
5
66
66
27
-2
-40
57
27
-49
17
26
-29
-1
-18
-16
-32
-94
-71
-73
-56
-58
-30
8
-50
-52
-53
-50
0
41
29
45
67
-28
-45
22
11
36
54
17
14
-36
-32
64
20
10
6
-22
53
32
-11
-44
-73
2
42
-60
-69
-20
-43
2
-22
-43
51
47
11
-22
-91
-24
86
84
71
9
-4
22
-16
10
68
61
38
32
-11
20
16
76
126
21
40
32
18
11
57
139
27
-50
-1
-17
-12
49
-17
-52
79
74
-15
2
-33
3
51
-14
18
19
-19
-65
-130
-137
-151
-138
-35
1
-62
-29
-59
-79
-72
-125
-76
-69
-87
-86
-73
16
85
10
-52
-52
-69
-43
-6
14
24
4
-36
-23
70
91
106
135
92
142
104
13
-56
-132
-54
11
-24
-34
-36
13
35
-64
-3
36
-1
30
2
67
125
80
-18
-78
3
25
67
55
5
4
-79
-31
-10
-73
0
50
59
70
47
2
-20
-50
-13
24
12
0
-76
-33
38
-1
-40
-15
36
-19
-64
-17
9
11
2
72
65
-51
-19
-39
-25
23
-50
-16
34
42
47
48
17
0
82
62
-20
-15
-57
-28
62
76
86
35
26
11
-34
-29
-46
-13
-15
-30
23
44
36
-13
-15
69
34
-16
-16
-20
-49
-28
49
-11
3
58
18
6
4
30
20
15
-35
-58
-53
-122
-62
-24
-42
19
31
2
17
-7
-5
-16
-51
-9
-7
-60
-34
71
48
0
-22
-14
-12
-69
-35
-82
-138
-119
-55
26
15
-5
-58
-81
-16
19
-2
-7
12
33
16
3
49
0
-76
-29
31
72
101
25
47
25
-108
15
62
58
81
-22
-61
-63
-61
-5
14
37
72
40
29
54
22
30
136
-55
-124
50
7
-16
45
205
60
51
165
-104
2
108
-14
7
45
72
-47
4
93
0
2
-78
8
93
-72
-112
-129
-71
-19
-68
45
143
114
63
-53
-144
-122
29
27
-41
33
20
28
129
72
-68
-31
-25
-45
-49
-84
-15
-50
-88
-94
-98
57
2
-24
52
-1
-107
-121
-37
-62
-34
41
76
34
34
52
9
21
66
107
45
42
58
-85
-139
-103
-98
-54
-3
-17
-69
-33
80
72
7
-57
-70
-9
-15
47
34
-58
16
47
28
55
39
2
33
23
-42
-44
-52
-19
9
-37
-54
-93
-152
-52
-31
-30
-8
-120
-32
57
22
-16
63
144
103
82
14
30
49
85
149
56
45
99
75
75
12
-78
-30
62
86
25
-33
-72
-159
-122
-32
24
38
-17
1
2
19
39
32
69
75
77
94
77
74
97
55
46
32
-43
-22
2
-9
21
9
4
6
10
-4
-22
82
43
-95
-116
-144
-139
-80
-89
15
111
-22
-53
7
22
79
99
104
48
-41
17
16
13
67
10
-47
-62
-46
-58
-37
9
6
-21
8
48
3
-76
-149
-87
-28
-19
10
22
8
29
36
-31
-50
-47
15
69
43
-16
28
65
22
36
35
-11
-62
-50
42
121
-2
-78
-7
-83
-136
-26
13
-76
-66
15
63
113
64
57
33
-60
1
-32
-60
16
25
18
-75
-126
-57
-53
-25
24
-45
-51
-15
-40
3
-24
-53
-28
-42
10
10
38
17
-133
-105
38
11
-11
66
53
73
116
122
117
65
27
15
14
0
48
91
-20
-36
22
9
-84
-63
8
-88
-66
24
69
-1
-48
19
49
19
-17
13
-8
-3
48
104
71
-33
-19
14
5
-2
9
50
95
98
73
-9
-4
75
-36
-105
-121
-125
-4
-6
-67
-18
24
49
71
19
-14
29
86
26
-26
35
-1
-12
56
45
54
24
-65
-57
-45
-48
-13
-27
-71
-49
44
8
-70
-20
15
33
-5
44
94
-27
-41
0
28
32
22
76
74
19
6
14
30
93
39
-80
2
50
19
80
-31
-105
-49
-91
-54
11
45
3
-94
-25
62
-17
-38
-68
-82
38
55
43
69
40
35
-9
-56
4
-30
-56
-72
-71
-1
-18
-36
-77
-36
71
49
27
-10
-69
-19
0
61
70
-19
-15
-2
-26
-58
21
82
42
2
-37
-54
10
0
-1
65
-70
-104
55
37
30
39
-63
-34
-7
-32
15
3
-43
67
118
9
-52
-43
-54
-53
35
43
118
121
30
71
38
-34
-91
-48
-33
-97
-50
33
67
51
46
33
-23
-18
-81
-30
48
-78
17
47
-73
-57
-78
-75
41
83
66
44
-26
-34
-39
-18
39
20
-41
-15
45
20
-23
-46
-60
-36
-27
-62
-50
-92
-64
69
88
5
-19
22
-14
15
50
22
30
2
7
33
47
57
17
10
56
41
-24
-24
61
49
-25
-18
-15
-20
16
-9
-13
23
-53
37
86
32
95
35
-6
14
61
18
8
73
47
42
18
40
82
57
23
35
88
-4
-77
-32
-36
23
11
-20
22
-62
-155
-190
-152
-92
-109
-62
-12
-20
6
-16
-5
74
27
-56
-45
-64
-55
11
0
-4
82
104
35
26
0
10
44
2
-31
-54
-70
-108
-185
-127
-66
-118
-63
-22
-35
-3
31
33
49
100
60
59
110
88
137
111
28
9
-50
67
132
25
42
-8
-77
-88
-55
-10
-52
-26
-1
-46
18
43
-40
34
66
17
63
107
86
29
89
138
123
153
89
11
90
55
-28
-25
-98
-91
-18
5
-98
-140
-73
-35
-40
-101
-52
32
26
-7
23
58
101
125
55
67
42
18
35
-1
-69
-48
45
-30
-95
-96
-198
-150
-114
-231
-202
-171
-128
-25
-14
7
27
-7
6
17
87
64
-17
-14
-57
16
82
103
68
-24
-35
-68
-91
-61
-90
-117
-12
13
-67
-111
-104
-64
-6
40
27
21
19
34
7
-37
-63
0
44
50
125
97
60
10
56
123
76
46
61
97
124
136
110
108
77
75
103
60
115
134
7
35
36
-13
-19
-72
-20
-36
-130
-71
-58
-90
-15
-48
-43
75
113
134
146
122
110
101
114
153
166
131
72
94
117
43
-48
-41
0
-28
-34
-103
-128
-122
-126
-52
-124
-107
-48
-86
-24
-104
-126
23
11
30
69
28
37
52
48
25
14
10
18
-29
-65
-33
-56
-101
-120
-151
-223
-243
-238
-216
-197
-192
-209
-217
-152
-153
-73
-80
-143
-34
-71
-35
45
26
43
-7
-5
66
31
7
-41
-146
-54
-31
-101
-31
-40
-93
-85
-29
37
-14
-40
15
52
2
16
103
125
103
124
185
162
264
290
187
173
186
128
61
127
147
176
224
167
109
127
114
132
248
188
88
118
132
169
175
141
160
166
172
222
237
211
280
283
192
306
320
233
312
288
239
257
233
211
190
183
200
170
77
-29
-74
-48
-57
-109
-150
-176
-226
-309
-332
-261
-235
-336
-309
-172
-232
-217
-83
-65
0
95
199
206
134
246
307
244
231
232
196
26
-105
-151
-367
-604
-740
-856
-1011
-1135
-1245
-1392
-1483
-1528
-1550
-1524
-1453
-1367
-1269
-1132
-948
-722
-533
-399
-196
2
150
292
401
483
593
661
659
660
637
619
562
532
489
344
269
270
156
-20
-83
-113
-155
-264
-386
-307
-272
-240
-193
-256
-143
-34
31
160
263
439
583
634
746
933
1008
988
967
954
984
1025
1013
892
794
680
608
587
595
665
590
560
530
483
533
589
707
779
818
905
983
936
950
1027
1023
1029
941
874
806
704
646
541
428
307
206
148
78
52
31
-37
-107
-192
-241
-197
-154
-174
-144
0
105
228
372
438
480
426
336
357
210
-148
-319
-556
-871
-1114
-1493
-1838
-2190
-2570
-2805
-2981
-3179
-3342
-3456
-3510
-3479
-3416
-3223
-2895
-2583
-2286
-1932
-1510
-1087
-699
-311
-36
234
570
701
814
934
1005
988
868
867
753
609
493
243
94
-76
-305
-385
-523
-666
-633
-648
-717
-738
-740
-636
-520
-436
-222
36
189
343
595
794
1049
1304
1378
1418
1470
1540
1603
1622
1612
1652
1571
1444
1326
1150
1111
941
760
676
517
455
393
341
329
302
239
239
302
374
478
560
668
716
821
999
1084
1178
1264
1275
1297
1250
1244
1275
1144
1018
883
711
557
429
293
161
76
-60
-104
-74
-48
14
77
286
437
509
629
741
876
934
946
918
838
855
856
801
876
943
841
760
748
715
668
568
446
365
269
203
164
123
116
58
72
118
49
-12
-189
-437
-679
-1079
-1526
-1943
-2321
-2683
-3165
-3568
-3845
-4223
-4553
-4782
-4922
-5104
-5277
-5286
-5355
-5351
-5146
-4855
-4441
-3925
-3412
-2838
-2232
-1643
-1064
-514
-47
312
629
818
981
1107
1181
1242
1285
1353
1310
1317
1376
1349
1207
1138
1110
915
771
668
534
468
413
387
494
580
690
918
1096
1279
1399
1485
1675
1748
1734
1838
1872
1826
1875
1902
1894
1998
2067
2034
1971
1807
1795
1691
1426
1315
1092
899
805
708
699
683
640
768
942
1004
1214
1348
1413
1521
1568
1690
1708
1675
1775
1922
1960
1997
2024
1983
2016
1936
1696
1433
1173
898
530
95
-295
-594
-747
-902
-1011
-946
-919
-813
-555
-412
-384
-276
-167
-109
-73
48
141
98
123
184
298
397
466
582
630
641
619
511
366
191
47
-105
-236
-229
-277
-404
-406
-376
-449
-591
-718
-945
-1382
-1833
-2287
-2799
-3368
-3936
-4368
-4753
-5128
-5406
-5683
-5810
-5808
-5907
-5877
-5818
-5797
-5730
-5646
-5309
-4861
-4390
-3780
-3159
-2390
-1625
-952
-173
426
879
1348
1596
1705
1737
1611
1424
1177
957
882
791
729
717
748
813
821
924
1003
969
1048
1143
1200
1282
1410
1574
1751
2033
2335
2681
2979
3173
3409
3540
3613
3595
3471
3396
3340
3255
3139
3075
2989
2906
2922
2835
2714
2642
2499
2231
1882
1576
1187
861
650
447
342
319
401
555
674
816
992
1070
1097
1115
1069
1003
943
868
867
868
892
1029
1084
1049
1056
972
760
543
244
-115
-464
-808
-1183
-1429
-1454
-1358
-1207
-1012
-686
-347
-106
94
276
293
223
80
-125
-197
-330
-340
-293
-283
-138
-40
151
203
72
-20
-159
-408
-757
-1029
-1284
-1475
-1494
-1476
-1435
-1195
-888
-712
-518
-438
-616
-883
-1325
-2020
-2738
-3389
-4042
-4667
-5185
-5609
-5912
-6073
-6134
-6139
-6041
-5851
-5767
-5659
-5529
-5307
-4899
-4509
-4012
-3393
-2691
-1849
-949
9
888
1508
2064
2477
2656
2736
2646
2400
2067
1728
1447
1267
1123
1063
1093
1131
1202
1248
1295
1296
1266
1216
1112
1007
979
1023
1138
1421
1726
2031
2437
2865
3222
3487
3627
3672
3732
3652
3430
3276
3086
2838
2670
2540
2471
2451
2394
2326
2222
2021
1880
1769
1544
1309
992
796
665
511
542
594
654
741
755
851
1040
1064
1052
960
768
715
657
566
581
578
650
758
783
856
816
676
491
168
-75
-302
-659
-935
-1177
-1302
-1159
-1035
-868
-598
-324
73
331
403
541
593
494
370
257
120
59
42
42
107
265
335
190
147
42
-150
-360
-786
-1143
-1452
-1672
-1767
-1877
-1793
-1559
-1390
-1218
-1013
-1003
-1070
-1246
-1621
-2061
-2719
-3486
-4080
-4667
-5254
-5720
-6082
-6248
-6367
-6435
-6421
-6403
-6337
-6196
-6054
-5919
-5635
-5223
-4664
-3951
-3170
-2265
-1254
-112
950
1816
2585
3132
3441
3618
3622
3462
3226
2927
2551
2224
2037
1842
1785
1818
1721
1728
1747
1639
1606
1540
1419
1289
1220
1298
1420
1653
1922
2222
2627
2948
3181
3419
3586
3711
3747
3703
3634
3503
3371
3223
3160
3113
2941
2832
2789
2709
2578
2350
2162
2005
1813
1568
1298
1128
997
841
669
616
614
410
289
189
-39
-169
-310
-429
-486
-472
-368
-276
-102
19
171
407
487
534
469
303
153
-75
-358
-610
-958
-1241
-1364
-1470
-1455
-1460
-1348
-1162
-1039
-833
-579
-362
-192
-63
-71
-43
9
51
67
-11
105
163
137
232
293
160
-30
-168
-506
-855
-1305
-1690
-1870
-2103
-2163
-2131
-1948
-1684
-1418
-1006
-644
-451
-365
-242
-435
-826
-1257
-1859
-2390
-3003
-3629
-4078
-4440
-4778
-5034
-5175
-5359
-5534
-5660
-5783
-5874
-5885
-5863
-5656
-5169
-4636
-3908
-3034
-2014
-837
211
1237
2169
2886
3397
3720
3862
3787
3650
3335
3016
2805
2526
2386
2310
2272
2320
2230
2080
1983
1809
1547
1280
1031
885
894
903
977
1195
1498
1856
2194
2516
2790
3009
3144
3180
3169
3158
3179
3229
3303
3374
3392
3392
3418
3382
3190
3075
2869
2477
2190
1810
1492
1297
1042
899
845
701
565
455
217
28
-131
-382
-674
-936
-1189
-1363
-1400
-1405
-1239
-1018
-705
-269
0
172
389
496
399
228
-58
-368
-654
-1064
-1408
-1593
-1716
-1797
-1839
-1800
-1621
-1432
-1266
-1130
-1052
-942
-781
-687
-627
-407
-178
29
254
427
588
638
632
655
521
306
119
-90
-326
-571
-820
-1060
-1207
-1286
-1248
-1174
-1070
-928
-921
-840
-699
-648
-628
-662
-742
-833
-978
-1221
-1501
-1800
-2119
-2454
-2844
-3194
-3457
-3855
-4277
-4575
-4977
-5339
-5642
-5950
-5949
-5875
-5772
-5409
-4966
-4256
-3502
-2781
-1831
-953
-107
702
1418
2041
2447
2753
3065
3301
3434
3535
3602
3708
3812
3815
3866
3913
3889
3737
3428
3131
2863
2555
2234
1952
1747
1679
1621
1630
1802
1952
2014
2056
2053
2046
2083
2048
2086
2108
2078
2203
2357
2670
3013
3246
3405
3454
3447
3296
3036
2686
2214
1707
1317
1078
884
730
642
568
472
441
432
181
-169
-509
-926
-1283
-1716
-2087
-2222
-2189
-2081
-1962
-1685
-1303
-925
-625
-408
-225
-196
-278
-407
-700
-897
-985
-1180
-1329
-1483
-1588
-1672
-1717
-1687
-1817
-1983
-2099
-2171
-2126
-2035
-1909
-1552
-1218
-883
-452
-149
196
334
384
475
391
196
-26
-190
-373
-471
-435
-300
-92
100
265
443
496
457
370
194
32
-203
-370
-515
-566
-406
-283
-87
89
216
308
277
146
-152
-497
-900
-1434
-1910
-2394
-2945
-3385
-3814
-4163
-4449
-4637
-4725
-4942
-4984
-4901
-4753
-4400
-3945
-3403
-2815
-2117
-1275
-343
487
1104
1700
2307
2792
3121
3359
3534
3626
3652
3693
3690
3633
3654
3622
3533
3477
3294
3039
2789
2513
2238
1933
1674
1383
1083
861
650
542
430
349
320
355
497
680
968
1267
1524
1902
2369
2669
2870
3072
3090
2966
2756
2486
2133
1730
1381
1108
973
760
674
795
787
733
696
600
340
-19
-459
-925
-1323
-1806
-2169
-2270
-2309
-2162
-1825
-1525
-1179
-802
-427
-121
30
167
167
55
-141
-484
-696
-782
-984
-1271
-1604
-1872
-2034
-2231
-2387
-2519
-2675
-2684
-2542
-2438
-2258
-1908
-1514
-1080
-720
-363
0
215
315
436
493
486
513
436
473
613
785
974
1192
1470
1590
1585
1551
1415
1132
736
325
-1
-307
-557
-657
-685
-662
-451
-189
-8
249
420
407
368
203
-73
-310
-616
-941
-1279
-1632
-1922
-2321
-2785
-3169
-3474
-3885
-4294
-4619
-4927
-4981
-4866
-4612
-4162
-3552
-2897
-2169
-1275
-558
41
668
1206
1592
1844
2131
2399
2576
2751
3036
3273
3479
3856
4012
3981
3930
3741
3463
2946
2359
1794
1183
629
147
-225
-564
-697
-653
-563
-306
-120
100
539
829
1054
1410
1610
1817
2134
2293
2455
2564
2499
2485
2487
2321
2040
1716
1422
1247
1009
828
846
807
814
800
738
739
535
202
-206
-648
-1083
-1589
-1959
-2244
-2449
-2510
-2420
-2135
-1786
-1305
-875
-552
-123
201
351
435
444
314
174
-4
-315
-521
-736
-948
-1072
-1184
-1190
-1272
-1324
-1265
-1263
-1178
-1073
-973
-892
-713
-485
-367
-203
-50
23
49
122
246
430
565
668
832
1070
1273
1351
1563
1666
1648
1625
1368
1118
802
411
59
-359
-601
-741
-828
-797
-634
-352
-119
195
498
753
956
973
862
610
312
-66
-575
-1147
-1743
-2267
-2784
-3320
-3807
-4248
-4511
-4713
-4884
-4867
-4768
-4442
-3985
-3627
-3149
-2559
-1983
-1327
-714
-234
295
818
1233
1590
1969
2281
2598
3001
3238
3414
3516
3483
3495
3331
3005
2623
2145
1625
1081
612
141
-283
-560
-759
-869
-807
-653
-518
-302
16
260
577
964
1261
1587
1858
2060
2172
2287
2419
2364
2297
2214
2116
1952
1748
1677
1529
1379
1269
1224
1263
1176
1078
970
787
598
285
-228
-819
-1258
-1576
-1977
-2256
-2339
-2345
-2151
-1854
-1506
-1004
-517
-75
305
622
862
1015
1130
1067
998
842
550
377
172
0
-306
-666
-788
-988
-1146
-1255
-1355
-1359
-1326
-1226
-1136
-966
-794
-700
-549
-365
-188
39
218
275
412
600
830
1131
1337
1513
1746
1846
1824
1808
1648
1371
955
510
113
-405
-849
-1107
-1334
-1465
-1442
-1247
-930
-551
-44
435
870
1158
1279
1254
1079
844
403
-112
-607
-1150
-1807
-2456
-2956
-3488
-3962
-4408
-4776
-4939
-5124
-5219
-5169
-5038
-4810
-4524
-4053
-3563
-3012
-2402
-1748
-1067
-458
294
957
1463
2090
2598
2916
3339
3595
3796
3920
3868
3942
3756
3430
3021
2508
2098
1661
1177
663
219
-106
-319
-433
-513
-464
-319
-81
242
407
700
1056
1209
1479
1640
1754
1975
1980
1944
1968
1971
2006
2019
1982
1963
1870
1750
1723
1691
1648
1515
1373
1245
980
723
436
170
-141
-530
-871
-1312
-1691
-1955
-2138
-2228
-2345
-2275
-1983
-1675
-1264
-747
-237
225
627
951
1145
1290
1236
1059
954
743
612
331
10
-78
-292
-410
-451
-558
-679
-820
-878
-1046
-1208
-1262
-1432
-1513
-1523
-1509
-1328
-1063
-802
-492
-80
273
653
1020
1250
1504
1643
1652
1655
1542
1403
1207
873
524
135
-282
-671
-980
-1305
-1539
-1559
-1480
-1265
-945
-494
-34
483
1053
1506
1879
2036
2026
1761
1285
769
165
-423
-1161
-1942
-2492
-3013
-3607
-4114
-4419
-4748
-5054
-5136
-5301
-5453
-5430
-5272
-5037
-4731
-4309
-3839
-3229
-2488
-1592
-719
131
977
1729
2533
3082
3523
3962
4140
4241
4165
3938
3707
3398
2999
2478
1947
1401
912
562
217
-63
-311
-430
-458
-347
-187
-96
117
298
549
725
898
1084
1187
1491
1646
1822
2035
2195
2499
2707
2888
2925
2960
3037
2867
2734
2485
2174
1938
1523
1136
817
430
76
-175
-478
-839
-1126
-1328
-1550
-1771
-1853
-1838
-1809
-1643
-1376
-1085
-728
-357
156
656
1017
1291
1564
1804
1826
1757
1578
1365
1079
740
472
101
-291
-647
-925
-1208
-1616
-1856
-2010
-2270
-2337
-2394
-2369
-2171
-2029
-1798
-1557
-1098
-591
-258
112
504
820
1055
1344
1529
1621
1725
1649
1432
1153
873
560
65
-369
-706
-1071
-1397
-1642
-1689
-1697
-1660
-1340
-923
-497
-1
451
912
1305
1551
1808
2012
2086
1877
1441
1009
617
170
-388
-986
-1623
-2195
-2858
-3530
-4186
-4879
-5404
-5886
-6197
-6436
-6623
-6569
-6359
-5968
-5540
-4903
-4085
-3234
-2212
-1100
25
1024
1995
2958
3702
4227
4586
4819
4835
4696
4458
4021
3540
3101
2599
2074
1565
1093
760
580
376
193
151
68
-65
-164
-184
-178
-148
-118
-4
232
499
916
1363
1855
2321
2798
3212
3381
3671
3755
3595
3403
3009
2631
2207
1715
1330
965
607
349
214
88
-32
-82
-180
-313
-415
-582
-779
-942
-1081
-1093
-1001
-865
-717
-501
-136
287
611
968
1295
1379
1442
1533
1474
1345
1207
959
708
439
72
-313
-658
-983
-1370
-1784
-2106
-2383
-2682
-2863
-3014
-3076
-3039
-2948
-2649
-2282
-1941
-1591
-1139
-604
-70
300
590
943
1152
1373
1537
1493
1488
1330
997
808
496
25
-285
-626
-1032
-1346
-1527
-1588
-1515
-1277
-967
-531
-92
323
930
1509
1978
2384
2624
2821
2998
3012
2833
2534
2074
1574
1076
427
-260
-1040
-1851
-2673
-3619
-4488
-5238
-5934
-6604
-7132
-7475
-7761
-7832
-7668
-7242
-6500
-5630
-4642
-3497
-2171
-711
597
1769
2888
3731
4378
4896
5075
5051
4861
4429
3982
3439
2899
2546
2133
1747
1457
1187
972
806
748
628
410
191
-67
-211
-287
-343
-241
-89
158
451
779
1266
1770
2271
2711
2971
3128
3148
3089
2975
2664
2288
1960
1621
1268
981
779
574
431
327
260
231
179
203
162
48
-30
-194
-247
-204
-261
-218
-203
-238
-152
27
100
107
335
407
430
545
523
631
697
644
584
417
319
86
-244
-544
-996
-1438
-1780
-2195
-2640
-2912
-3026
-3128
-3200
-3143
-2950
-2645
-2352
-1979
-1523
-1055
-534
-116
262
610
915
1245
1452
1560
1634
1628
1653
1499
1202
1007
752
421
95
-190
-398
-515
-697
-836
-769
-579
-354
-148
120
492
997
1453
1884
2414
2795
3005
3247
3396
3438
3403
3217
2840
2293
1660
884
114
-691
-1584
-2472
-3458
-4404
-5263
-6110
-6984
-7698
-8172
-8569
-8709
-8545
-8137
-7427
-6492
-5373
-4088
-2720
-1271
155
1426
2527
3393
4004
4304
4431
4385
4189
4071
3841
3509
3247
3011
2877
2693
2459
2253
1923
1540
1140
668
153
-341
-806
-1155
-1365
-1358
-1087
-801
-338
156
609
1231
1688
2069
2423
2581
2691
2677
2550
2362
2156
2003
1755
1522
1353
1144
981
868
664
438
262
51
-12
-26
-142
-143
-107
-142
-127
-53
90
201
283
341
379
444
477
602
687
675
755
751
768
888
889
901
811
649
474
156
-106
-492
-997
-1440
-1861
-2272
-2671
-3008
-3321
-3512
-3568
-3553
-3439
-3241
-2933
-2584
-2204
-1766
-1331
-864
-305
114
466
871
1174
1467
1784
1957
2065
2172
2174
2037
1860
1700
1416
1085
751
456
213
-3
-140
-205
-162
-54
141
414
659
847
1194
1613
1920
2121
2266
2485
2700
2791
2866
2847
2724
2538
2149
1653
978
123
-751
-1741
-2815
-3905
-5001
-6099
-7179
-7980
-8587
-9045
-9242
-9275
-8908
-8343
-7637
-6599
-5441
-4139
-2779
-1495
-287
883
1985
2951
3708
4163
4532
4828
4902
4864
4822
4771
4608
4356
4008
3553
3138
2625
1995
1328
568
-149
-770
-1262
-1614
-1803
-1869
-1768
-1403
-1008
-490
173
783
1316
1726
2130
2522
2688
2880
3063
3090
3129
3144
3158
3078
3041
2943
2708
2332
1841
1442
916
381
-158
-685
-1050
-1246
-1337
-1322
-1166
-918
-556
-217
88
337
365
364
341
128
-62
-234
-382
-380
-318
-140
105
285
398
471
526
385
97
-299
-948
-1596
-2280
-2972
-3543
-4068
-4417
-4536
-4486
-4261
-3886
-3482
-3030
-2448
-1944
-1492
-976
-503
85
527
914
1515
1971
2537
3141
3374
3553
3739
3662
3436
3026
2476
1915
1183
661
216
-227
-363
-430
-383
-249
-32
246
447
661
822
885
974
1041
1031
1066
1258
1531
1832
2214
2582
2868
3120
3258
3201
2903
2336
1431
255
-861
-2061
-3343
-4585
-5765
-6815
-7709
-8247
-8634
-8812
-8745
-8612
-8140
-7588
-6958
-5997
-5012
-3847
-2621
-1481
-188
932
2002
3105
3895
4502
4938
5125
5198
5099
4861
4677
4294
3765
3311
2765
2266
1817
1270
708
102
-525
-1113
-1627
-1987
-2258
-2373
-2197
-1930
-1614
-1042
-414
213
875
1470
2018
2469
2777
2998
3210
3339
3407
3460
3408
3338
3330
3197
3024
2753
2271
1847
1331
849
409
-62
-297
-512
-734
-821
-744
-605
-480
-277
-140
-120
-109
-103
-204
-300
-256
-209
-143
-28
59
269
531
618
735
816
623
315
-46
-571
-1237
-1865
-2464
-3097
-3660
-4090
-4459
-4628
-4544
-4355
-4019
-3572
-3035
-2429
-1822
-1220
-580
91
777
1499
2086
2614
3117
3530
3912
4148
4148
3967
3717
3260
2713
2223
1629
1008
484
15
-337
-549
-681
-675
-634
-545
-409
-342
-244
-145
-90
-19
52
220
374
589
1034
1436
1820
2212
2576
2876
2985
2945
2752
2302
1650
846
-258
-1451
-2527
-3618
-4580
-5485
-6430
-7074
-7597
-8106
-8380
-8478
-8352
-8102
-7735
-7157
-6315
-5205
-4090
-2758
-1338
0
1423
2629
3728
4637
5247
5612
5644
5680
5508
5135
4821
4326
3809
3311
2789
2296
1691
1070
457
-192
-884
-1494
-2002
-2471
-2539
-2450
-2371
-1927
-1397
-829
5
853
1482
2021
2430
2729
2979
3045
3135
3154
3071
2996
3007
3070
2979
2891
2613
2185
1795
1260
617
-85
-689
-1212
-1633
-1877
-1996
-1840
-1536
-1223
-728
-299
-28
276
524
711
694
592
557
519
610
770
866
994
1225
1391
1403
1271
1008
630
76
-645
-1455
-2244
-2932
-3604
-4167
-4500
-4586
-4538
-4346
-3934
-3452
-2766
-2106
-1534
-881
-290
326
861
1323
1776
2215
2621
2961
3160
3331
3483
3412
3309
3020
2656
2251
1613
1158
688
151
-198
-549
-815
-998
-1084
-1026
-1043
-980
-870
-798
-652
-541
-440
-310
-207
-83
150
376
667
1038
1366
1739
2115
2476
2734
2836
2846
2606
2159
1585
844
-64
-1172
-2340
-3435
-4461
-5338
-6042
-6618
-6968
-7109
-7160
-7044
-6818
-6474
-5948
-5396
-4898
-4252
-3291
-2253
-1184
-24
1186
2342
3400
4379
5032
5413
5665
5639
5320
4821
4189
3529
2915
2237
1616
1050
526
31
-465
-808
-1244
-1711
-2035
-2259
-2376
-2432
-2253
-1927
-1487
-903
-208
588
1227
1827
2407
2648
2774
2927
2993
3007
2969
2953
2981
2953
2849
2672
2490
2212
1782
1282
618
-32
-615
-1139
-1478
-1678
-1708
-1533
-1228
-830
-354
-44
203
397
324
335
266
52
-50
-51
98
340
616
920
1306
1498
1412
1196
759
128
-644
-1467
-2284
-3045
-3624
-3936
-4060
-3971
-3562
-3159
-2667
-2129
-1783
-1295
-939
-736
-449
-190
158
626
1156
1641
2238
2868
3295
3616
3743
3603
3273
2799
2286
1728
1020
428
8
-378
-599
-672
-628
-622
-597
-504
-592
-730
-932
-1150
-1329
-1514
-1547
-1485
-1238
-811
-335
275
850
1403
1978
2410
2822
3094
3196
3273
3178
2993
2703
2214
1665
1033
208
-704
-1597
-2541
-3358
-4090
-4800
-5333
-5836
-6146
-6285
-6430
-6362
-6205
-5890
-5491
-5126
-4462
-3567
-2503
-1357
-259
850
1888
2854
3727
4314
4647
4757
4528
4211
3820
3339
2998
2657
2385
2239
1919
1529
1174
656
69
-596
-1405
-2175
-2791
-3246
-3422
-3219
-2815
-2214
-1455
-623
303
1131
1786
2284
2514
2557
2526
2335
2137
2101
2235
2486
2705
3029
3304
3307
3220
2900
2347
1641
786
5
-712
-1340
-1733
-1903
-1909
-1644
-1207
-838
-480
-238
12
146
76
85
143
158
233
455
761
1125
1447
1678
1712
1652
1449
981
331
-384
-1107
-1883
-2589
-3074
-3339
-3531
-3507
-3251
-2816
-2420
-2135
-1658
-1255
-887
-482
-214
113
478
862
1316
1714
2052
2402
2667
2847
2933
2752
2479
2221
1838
1327
803
337
-89
-427
-700
-820
-936
-1108
-1167
-1257
-1238
-1299
-1500
-1612
-1748
-1822
-1741
-1467
-1120
-669
-83
616
1313
1829
2278
2616
2854
2851
2699
2489
2100
1867
1609
1368
1250
1052
831
507
148
-341
-1062
-1899
-2867
-3773
-4547
-5104
-5394
-5640
-5625
-5372
-5031
-4595
-4226
-3888
-3493
-3129
-2959
-2805
-2389
-1749
-1013
-211
666
1624
2524
3246
3831
4204
4304
4216
3892
3394
2774
2207
1912
1570
1216
1002
696
330
-32
-435
-838
-1261
-1614
-1878
-2043
-1913
-1522
-1018
-437
275
942
1465
1917
2161
2298
2353
2369
2359
2338
2595
2907
3179
3419
3473
3462
3205
2659
2032
1266
401
-414
-1078
-1572
-1795
-1752
-1589
-1220
-818
-574
-429
-370
-344
-372
-490
-633
-570
-280
54
553
1146
1580
1933
2101
1889
1477
897
180
-659
-1511
-2209
-2700
-2893
-3038
-3007
-2714
-2458
-2282
-2143
-2017
-1985
-1998
-1939
-1776
-1604
-1398
-926
-311
281
931
1513
1906
2216
2378
2282
2087
1854
1601
1330
999
808
687
613
527
400
368
230
-14
-308
-510
-720
-967
-1033
-1099
-1057
-811
-487
-263
54
548
873
1324
1713
1888
2105
2127
2156
2187
2010
1758
1402
1101
903
684
506
306
113
-46
-230
-419
-685
-968
-1298
-1694
-2095
-2624
-3181
-3581
-3650
-3568
-3656
-3667
-3550
-3444
-3336
-3431
-3534
-3490
-3419
-3241
-3101
-2780
-2126
-1378
-565
214
1070
1853
2370
2676
2744
2656
2454
2228
1866
1566
1373
1164
1095
1029
901
726
506
207
-117
-473
-858
-1138
-1315
-1365
-1194
-775
-321
105
509
886
1316
1565
1640
1795
1946
2012
2167
2445
2743
2995
3223
3449
3514
3446
3197
2717
2233
1672
1103
654
234
-116
-318
-388
-476
-597
-718
-854
-1000
-1132
-1126
-1031
-811
-431
-106
275
642
905
1075
1140
1089
789
424
-54
-565
-915
-1214
-1271
-1205
-1183
-1083
-1043
-1001
-1085
-1428
-1690
-1949
-2270
-2438
-2453
-2241
-1841
-1383
-838
-284
178
546
813
912
844
642
500
432
324
378
589
793
981
1164
1294
1282
1154
904
409
-39
-350
-728
-934
-960
-885
-591
-301
-17
270
374
470
516
480
419
382
548
724
857
1147
1412
1502
1462
1391
1240
1017
814
550
268
0
-173
-190
-246
-333
-423
-590
-826
-1114
-1440
-1850
-2307
-2767
-3149
-3268
-3112
-2942
-2851
-2604
-2321
-2246
-2226
-2225
-2193
-2137
-2068
-1862
-1581
-1187
-588
88
692
1194
1560
1847
1888
1660
1463
1234
1020
912
744
710
870
1010
1112
1111
933
628
360
0
-437
-715
-757
-781
-796
-599
-285
109
446
797
1034
1083
1133
1179
1255
1234
1279
1510
1754
1994
2168
2330
2493
2465
2180
1826
1473
1009
588
207
-116
-191
-239
-286
-211
-154
-101
-23
-19
-42
-116
-225
-206
-170
-131
-49
-41
57
182
151
71
-57
-138
-256
-372
-429
-539
-546
-638
-720
-709
-747
-710
-769
-775
-780
-896
-838
-690
-566
-507
-440
-297
-110
-52
-6
159
243
290
365
490
586
683
898
1052
1100
1139
1154
1045
923
809
591
330
58
-135
-229
-241
-314
-264
-95
-88
-106
-151
-138
-169
-221
-170
-153
-114
-75
25
205
328
408
448
474
451
321
82
-115
-271
-433
-525
-582
-494
-417
-383
-350
-423
-513
-710
-1044
-1540
-2041
-2442
-2730
-2763
-2760
-2787
-2657
-2440
-2341
-2239
-2094
-2069
-1992
-1828
-1751
-1651
-1447
-1118
-560
-40
348
737
1022
1277
1391
1390
1401
1325
1272
1231
1206
1247
1258
1263
1264
1158
1003
757
545
381
179
70
-51
-89
-1
230
420
527
735
843
994
1008
943
1076
1081
1163
1379
1535
1717
1844
1953
1975
1847
1679
1457
1215
897
595
323
140
61
-92
-150
-107
-97
-52
-33
-128
-215
-345
-500
-660
-785
-780
-708
-628
-539
-417
-378
-252
-42
-41
-97
-157
-215
-203
-278
-396
-436
-406
-330
-293
-286
-298
-337
-328
-303
-368
-528
-652
-700
-796
-747
-577
-476
-379
-263
-65
159
271
235
301
460
522
582
663
739
835
830
734
755
771
633
511
395
251
148
63
-12
-127
-172
-179
-298
-330
-362
-426
-306
-192
-129
-43
8
112
159
181
197
153
234
298
358
498
601
687
786
789
633
480
209
-234
-728
-1232
-1657
-2062
-2356
-2616
-2791
-2808
-2894
-2941
-2986
-2977
-2957
-2909
-2784
-2697
-2472
-2176
-1711
-1125
-589
-103
314
895
1345
1521
1787
2013
2073
1983
1889
1855
1837
1725
1599
1653
1557
1287
1086
837
583
352
63
-155
-370
-548
-579
-631
-564
-353
-160
38
242
403
517
625
770
840
926
1150
1261
1363
1514
1576
1622
1710
1706
1485
1316
1161
898
673
492
401
264
191
196
170
130
-21
-163
-393
-639
-746
-828
-868
-772
-676
-513
-182
-29
127
293
256
207
134
22
-83
-108
-55
-95
-91
5
-16
-88
-226
-409
-578
-766
-862
-953
-1014
-949
-859
-648
-360
-107
143
325
392
458
492
540
680
725
774
863
1014
1164
1155
1099
1048
895
670
485
242
73
-68
-237
-381
-489
-504
-533
-597
-674
-686
-687
-734
-778
-727
-605
-496
-296
-111
19
279
496
604
674
649
543
381
202
-32
-279
-477
-626
-768
-961
-1193
-1517
-1856
-2067
-2348
-2631
-2777
-2995
-3115
-3048
-2911
-2677
-2373
-2072
-1786
-1408
-1117
-933
-719
-473
-171
131
427
755
1082
1356
1670
1994
2188
2258
2165
1962
1768
1571
1370
1168
1017
867
727
693
681
649
585
466
324
220
97
-32
-24
112
236
381
587
852
1124
1285
1389
1465
1504
1406
1194
1074
1070
1084
1039
1072
1103
1147
1187
1125
1066
872
592
351
157
-57
-248
-319
-296
-261
-250
-158
-97
-8
-6
-100
-132
-232
-355
-531
-583
-560
-556
-465
-346
-215
-161
2
97
-92
-200
-390
-675
-865
-1034
-1155
-1166
-1100
-1072
-999
-868
-717
-601
-481
-343
-302
-287
-198
-116
-28
73
253
549
688
763
873
958
999
865
703
547
441
434
333
197
89
48
35
-68
-234
-380
-453
-676
-863
-866
-900
-784
-630
-513
-405
-353
-306
-232
-205
-272
-278
-232
-195
-188
-163
-151
-122
-72
-121
-116
-191
-450
-638
-926
-1146
-1231
-1419
-1423
-1342
-1360
-1280
-1186
-1145
-1006
-915
-856
-820
-834
-657
-558
-487
-286
-128
130
372
551
712
899
1077
1163
1271
1327
1306
1249
1197
1154
1169
1195
1182
1211
1129
1006
898
804
701
489
313
177
43
43
105
114
170
260
239
215
300
333
251
226
293
292
457
547
433
484
519
550
558
488
500
484
460
461
375
346
339
246
192
180
146
80
51
-25
-184
-185
-144
-202
-192
-220
-212
-187
-242
-123
-87
-159
-130
-136
-68
-19
-39
27
38
31
60
-9
-73
-99
-211
-282
-278
-352
-421
-454
-451
-377
-368
-310
-242
-260
-189
-179
-144
-145
-204
-129
-138
-161
-126
3
115
201
314
261
159
121
58
-102
-163
-180
-222
-208
-236
-272
-317
-328
-395
-442
-462
-622
-691
-765
-919
-987
-1022
-933
-844
-897
-865
-731
-618
-611
-633
-591
-552
-492
-503
-497
-451
-459
-438
-426
-340
-265
-304
-273
-274
-332
-320
-315
-341
-314
-224
-128
0
164
263
277
319
408
421
471
554
551
669
750
797
940
1002
1066
1167
1236
1184
1215
1265
1160
1112
1025
983
933
839
826
708
596
532
464
471
392
261
251
195
151
199
227
213
171
165
233
287
310
334
295
306
303
255
310
349
366
380
394
437
468
514
545
438
351
348
275
229
181
139
148
66
-30
-32
-82
-147
-250
-404
-532
-621
-602
-656
-737
-753
-714
-615
-561
-561
-622
-648
-621
-537
-587
-645
-634
-604
-481
-523
-519
-401
-417
-455
-426
-467
-471
-430
-486
-510
-500
-479
-495
-588
-566
-493
-560
-596
-635
-717
-793
-842
-809
-750
-574
-524
-505
-411
-403
-343
-297
-315
-343
-282
-297
-374
-352
-359
-360
-387
-328
-210
-149
-101
-209
-218
-138
-214
-234
-199
-186
-102
23
152
277
375
564
669
734
835
813
820
834
852
865
886
832
830
894
853
854
857
829
762
651
528
508
468
327
288
264
299
326
365
465
448
479
492
447
493
560
562
452
484
608
597
613
569
594
579
468
502
471
374
326
275
133
62
21
-122
-186
-206
-230
-195
-163
-139
-136
-218
-225
-167
-112
-64
-27
-2
36
104
118
193
291
272
306
398
428
427
388
394
310
175
132
22
-42
-102
-218
-178
-202
-346
-476
-594
-672
-758
-759
-772
-859
-932
-970
-963
-922
-858
-764
-627
-601
-642
-629
-668
-726
-721
-663
-621
-694
-795
-734
-641
-543
-483
-571
-620
-734
-805
-763
-826
-820
-816
-825
-716
-630
-598
-581
-417
-281
-320
-289
-357
-356
-268
-323
-211
-119
-72
18
81
214
248
281
288
187
196
280
248
127
137
236
321
379
387
404
432
549
622
579
651
740
786
828
862
959
1042
1039
993
1060
1149
1083
1044
1035
984
937
889
866
868
793
695
647
609
659
677
613
599
630
717
713
660
735
760
749
748
749
797
729
668
711
592
546
535
348
342
331
208
115
62
1
-102
-150
-243
-364
-456
-550
-611
-655
-685
-725
-718
-641
-586
-549
-511
-514
-522
-458
-502
-542
-571
-646
-671
-697
-715
-734
-727
-750
-790
-837
-897
-878
-856
-909
-998
-1112
-1194
-1199
-1249
-1296
-1210
-1119
-1082
-1000
-952
-904
-784
-843
-808
-685
-727
-704
-657
-712
-723
-625
-638
-603
-376
-223
-173
-75
-13
-1
25
28
40
12
22
70
141
190
249
419
458
514
611
593
625
699
740
701
627
685
828
765
702
765
758
788
860
935
894
886
940
862
783
738
730
681
657
754
819
759
721
781
758
714
720
688
622
703
766
648
653
633
582
659
623
605
631
635
693
608
574
591
544
580
438
363
409
387
424
319
283
298
203
139
20
-53
-47
-124
-249
-247
-294
-414
-446
-479
-512
-465
-541
-708
-708
-712
-771
-829
-878
-882
-912
-928
-827
-782
-792
-741
-720
-771
-794
-739
-797
-875
-862
-865
-931
-963
-953
-985
-945
-926
-919
-907
-965
-987
-994
-965
-946
-976
-938
-824
-743
-684
-572
-556
-589
-546
-548
-498
-414
-361
-372
-432
-336
-237
-183
-87
-58
-43
15
55
50
87
155
135
127
148
142
204
260
307
408
470
473
485
515
584
663
665
749
853
861
922
1006
1047
1025
1053
1134
1119
1091
1123
1144
1144
1097
1062
1086
1111
1087
1062
1077
1040
1005
897
796
877
958
895
739
673
628
595
520
393
405
391
383
423
360
288
260
246
216
159
43
-78
-92
-115
-146
-171
-181
-178
-191
-183
-152
-164
-266
-358
-425
-536
-619
-665
-627
-624
-713
-675
-643
-637
-611
-618
-603
-621
-761
-857
-788
-834
-916
-879
-803
-750
-775
-706
-611
-661
-688
-672
-716
-767
-825
-880
-918
-986
-966
-939
-963
-913
-880
-819
-764
-769
-784
-762
-736
-756
-746
-709
-652
-578
-422
-326
-225
-165
-161
-37
-53
-24
-1
-75
-3
32
152
236
224
431
526
520
493
403
455
418
309
314
366
356
366
436
482
637
691
695
721
709
797
816
811
768
784
901
950
961
991
1082
1183
1202
1122
993
923
919
863
851
812
736
689
617
717
820
785
778
746
762
726
739
781
614
516
440
392
399
399
389
328
305
287
311
229
107
55
-44
-106
-155
-268
-377
-436
-410
-393
-522
-572
-545
-522
-528
-531
-515
-615
-644
-669
-709
-693
-772
-742
-741
-830
-761
-668
-657
-760
-873
-862
-903
-986
-1007
-1036
-972
-907
-910
-851
-842
-856
-774
-749
-741
-696
-703
-660
-681
-685
-617
-587
-507
-449
-429
-470
-453
-328
-295
-290
-284
-247
-215
-250
-170
-167
-137
-40
-118
-76
-35
-4
54
58
96
106
206
273
318
331
300
353
394
490
531
509
555
580
602
603
551
560
518
503
540
504
578
599
552
583
657
729
696
673
715
681
608
627
677
714
742
732
749
756
736
700
639
584
549
526
467
383
364
407
386
324
355
382
386
395
342
318
264
228
259
159
120
153
165
201
180
210
176
100
69
31
-15
-139
-184
-208
-324
-364
-379
-363
-303
-318
-339
-233
-231
-374
-389
-488
-592
-586
-636
-688
-702
-605
-615
-633
-613
-651
-619
-626
-548
-584
-724
-759
-801
-768
-792
-802
-772
-805
-695
-627
-640
-620
-627
-631
-655
-669
-688
-645
-574
-618
-607
-525
-468
-353
-299
-307
-270
-205
-176
-154
-88
-24
47
-9
-56
-3
-2
68
103
81
150
171
219
247
213
209
182
193
237
273
241
162
232
334
338
375
345
295
345
395
383
320
342
445
503
459
450
502
523
598
596
603
678
666
623
638
681
653
630
656
629
607
605
550
540
591
541
550
540
404
368
343
296
252
199
193
208
259
285
203
191
275
229
134
121
83
92
74
55
98
87
97
50
44
13
-74
-95
-189
-235
-200
-243
-322
-364
-358
-314
-352
-347
-322
-317
-342
-349
-239
-294
-380
-410
-407
-368
-445
-435
-352
-432
-451
-418
-435
-404
-412
-476
-490
-538
-534
-491
-612
-530
-514
-592
-483
-549
-567
-502
-494
-487
-496
-415
-355
-347
-313
-360
-370
-319
-383
-339
-270
-283
-201
-95
-66
-25
29
8
3
-9
-22
-9
15
20
13
50
97
131
158
235
340
310
302
300
241
304
263
279
334
293
365
421
444
458
488
506
468
481
466
426
465
494
439
430
370
326
459
461
509
548
509
514
413
398
364
315
339
303
286
293
289
285
259
311
355
263
192
205
252
185
100
83
71
96
111
166
143
79
79
115
142
115
111
77
9
-49
-63
-68
-97
-85
-58
-127
-154
-188
-211
-203
-264
-287
-379
-346
-315
-407
-384
-322
-303
-296
-264
-234
-257
-323
-310
-362
-378
-364
-399
-351
-403
-315
-231
-287
-240
-240
-185
-158
-234
-248
-299
-348
-337
-300
-274
-200
-117
-158
-122
-86
-114
-171
-265
-257
-269
-304
-309
-265
-196
-119
-116
-168
-56
25
32
82
29
-14
-8
-69
-104
-97
-97
-84
13
44
76
177
160
190
200
90
52
72
85
90
53
107
238
250
234
266
231
203
276
288
319
369
307
283
326
356
287
238
297
341
383
330
310
429
432
436
415
326
356
313
252
270
183
201
236
236
341
310
276
312
251
205
195
111
-3
31
115
94
72
74
56
67
115
98
60
35
-62
-79
16
-2
-69
-87
-80
-71
-89
-139
-132
-105
-124
-182
-256
-210
-260
-337
-260
-271
-277
-236
-209
-192
-206
-187
-170
-258
-350
-327
-326
-374
-381
-277
-261
-306
-269
-253
-255
-352
-364
-289
-315
-348
-394
-426
-361
-277
-242
-218
-197
-177
-197
-152
-109
-178
-207
-195
-170
-170
-122
-103
-110
-29
-46
22
49
0
64
46
45
46
60
93
139
153
104
107
113
127
199
273
156
158
243
215
218
160
134
114
155
174
176
301
346
259
212
242
237
213
249
252
217
325
338
282
289
262
336
371
313
306
298
317
374
362
291
232
216
308
312
199
208
234
213
189
218
177
142
106
68
151
24
-49
18
-10
18
5
-25
2
52
36
-13
1
-58
-105
-38
-3
2
-1
-56
-96
-81
-48
-63
-141
-154
-175
-285
-319
-215
-178
-314
-305
-270
-281
-179
-233
-242
-251
-341
-288
-256
-265
-250
-233
-201
-203
-219
-178
-264
-326
-280
-283
-234
-216
-231
-171
-143
-194
-240
-268
-338
-307
-168
-178
-187
-170
-165
-111
-136
-146
-114
-128
-96
-108
-134
-28
-9
-79
-62
21
19
-26
36
44
44
78
26
-34
-33
-24
-48
-36
52
94
102
161
110
128
206
168
210
305
257
226
296
320
315
292
299
269
270
365
350
297
269
220
220
277
275
264
247
205
265
287
228
270
258
183
212
235
223
232
222
258
259
207
238
207
208
239
243
279
164
116
131
93
50
-23
75
91
53
63
25
16
-16
46
18
-62
-69
-93
-76
-103
-88
-102
-122
-108
-191
-155
-143
-166
-123
-159
-162
-185
-257
-274
-286
-368
-319
-279
-347
-298
-347
-307
-225
-312
-305
-246
-214
-264
-256
-226
-243
-208
-249
-234
-236
-232
-182
-235
-250
-260
-271
-223
-158
-175
-193
-181
-217
-182
-164
-202
-137
-77
-71
-42
-7
55
29
23
84
109
68
56
140
100
129
192
159
161
87
27
66
84
0
-54
-28
37
99
21
56
174
183
263
264
90
48
19
28
97
115
229
147
44
129
195
261
231
186
203
152
115
126
96
60
21
72
115
138
160
147
195
135
91
117
119
161
176
145
108
121
179
153
118
171
148
90
86
69
63
132
89
67
76
-25
31
53
33
63
-34
-118
-102
-106
-104
-85
-104
-27
4
-5
42
78
91
-9
-59
-24
3
-36
-147
-157
-161
-195
-129
-60
-149
-183
-145
-161
-151
-144
-120
-149
-202
-194
-203
-209
-240
-296
-248
-264
-245
-136
-97
-104
-180
-119
-86
-144
-162
-166
-170
-228
-213
-226
-191
-103
-124
-122
-112
-77
-58
-77
-105
-116
-53
-71
-53
-29
-37
-25
-93
-32
-10
-70
-24
54
89
45
40
57
88
113
142
145
66
75
53
49
137
109
115
150
140
156
101
130
170
157
177
82
84
165
104
150
171
151
194
195
250
172
76
98
63
126
101
59
205
197
130
124
117
132
157
184
135
103
96
114
139
91
135
165
151
172
191
124
-8
5
46
9
-69
-90
-64
-92
-52
-31
-69
-15
0
-81
-139
-90
-81
-107
-45
-111
-185
-108
-85
-97
-73
-61
-37
-89
-152
-170
-166
-167
-193
-193
-250
-192
-119
-159
-168
-176
-149
-134
-217
-283
-208
-107
-123
-202
-203
-130
-153
-111
-70
-143
-129
-47
-84
-131
-36
-92
-104
-26
-82
-88
-138
-136
-33
-12
-22
-62
-99
-141
-98
-31
-58
-42
-18
0
14
17
36
103
130
81
73
111
113
78
100
143
109
88
104
109
91
113
102
29
118
154
88
106
84
79
198
214
110
116
152
197
201
134
186
203
194
256
219
238
240
176
186
175
152
108
87
133
157
171
147
70
98
102
61
101
93
41
14
-11
32
90
78
79
83
93
94
37
-26
-4
-23
-77
-8
-51
-130
-66
-5
-21
-93
-99
-123
-138
-104
-134
-71
-18
-12
-63
-119
-53
-95
-127
-179
-204
-96
-132
-161
-143
-180
-162
-186
-151
-48
-72
-74
-59
-52
-70
-160
-275
-277
-189
-217
-196
-141
-91
-47
-57
6
6
-20
2
-33
-65
-79
-85
-37
-86
-145
-45
-60
-87
-17
-18
-28
-64
-54
23
48
70
99
60
14
46
96
88
30
-12
-55
-4
72
69
137
144
96
103
98
140
147
152
120
17
-9
21
69
51
41
86
109
55
45
54
66
110
119
144
121
164
232
127
120
90
30
148
115
112
112
0
7
-61
-66
-11
-2
80
112
62
20
87
37
7
96
23
-16
-20
-35
5
0
1
11
12
18
-2
-8
-27
-3
39
27
40
-1
-67
-73
-99
-130
-92
-48
-127
-180
-158
-117
-73
-82
-68
-62
-47
-36
-77
-98
-142
-171
-173
-158
-175
-175
-159
-185
-173
-182
-161
-135
-118
-97
-127
-97
-94
-109
-92
-69
-77
-87
-48
-52
-68
-68
-54
-61
-52
-19
-27
-34
-21
16
72
-5
-50
63
81
52
-3
-52
-14
-8
13
91
100
85
107
23
-37
-53
-30
114
118
128
212
135
103
130
134
166
120
100
65
28
23
-16
41
64
73
91
106
123
67
68
78
52
22
0
-60
-34
90
110
88
65
158
178
55
18
-1
2
25
15
-58
-49
51
34
13
-4
-77
-53
-33
-29
-49
-40
31
-24
-27
-7
-67
-98
-88
-52
-11
-32
-107
-86
-56
-32
12
33
51
-7
-23
-17
-47
-22
-120
-176
-121
-108
-75
-79
-23
5
-83
-12
38
-70
-28
16
-40
-46
-29
-14
-70
-64
-16
-39
-21
-5
-2
-6
14
14
46
73
69
94
54
51
25
-43
6
4
-39
-18
-37
3
14
-8
65
7
-43
-14
-5
88
124
70
-11
-38
3
48
29
3
23
16
86
108
38
78
43
-5
72
63
32
63
46
26
38
87
77
31
45
1
-3
4
2
55
9
-3
51
55
65
125
151
123
127
101
60
38
81
100
86
67
3
0
-17
-36
82
69
-1
105
76
16
39
-3
-59
-54
-19
-41
-49
-46
-3
9
-22
-9
-15
13
66
57
-20
-18
21
-11
21
17
-20
-69
-102
-79
-94
-79
-66
-69
-73
-110
-105
-65
-87
-111
-129
-101
-63
-4
-21
-134
-41
10
-133
-156
-105
-102
-78
-28
5
-1
-36
-74
-21
-37
-101
-55
-63
-109
-80
-18
-28
-35
-81
-108
-7
-8
-35
-3
-4
-9
10
49
66
59
38
65
63
1
10
48
91
28
-28
-3
25
70
31
61
78
16
15
39
45
11
11
29
67
69
11
40
111
57
19
113
160
74
61
116
128
109
46
24
19
13
7
-12
56
99
54
20
12
35
43
55
44
53
96
33
21
77
76
28
-53
0
82
58
-17
-62
14
69
28
-3
4
-37
-67
-28
-24
-16
-10
10
25
-12
-23
10
-8
-77
-92
-66
-39
-35
-43
-13
-49
-53
6
-61
-85
-69
-68
-35
-88
-151
-90
-92
-126
-28
-42
-84
-40
-60
-76
-67
-36
-52
-27
13
-34
10
8
-45
-49
-83
-94
-62
-31
-38
-81
-106
-59
-17
-87
-71
17
-24
-47
-22
-18
-45
-38
-26
-21
-6
-50
-18
43
45
49
36
73
54
-35
12
74
49
0
-41
-5
17
-42
11
75
16
8
-15
-68
-20
41
51
37
77
81
3
82
126
60
70
61
107
123
100
101
34
50
24
25
-4
-26
53
42
48
-2
-38
46
83
15
-7
21
67
50
15
97
86
25
26
4
48
89
85
47
1
47
9
15
44
-37
-41
-44
4
16
-27
11
-59
-84
-16
-70
-22
95
34
-15
-13
-3
44
43
7
-18
31
39
-23
-49
-77
-3
7
-34
-66
-144
-117
-69
-76
-66
-69
-52
-37
-122
-104
-31
-24
-37
-83
-25
-54
-108
-83
-95
-74
-77
-33
-3
19
-45
-93
-7
-56
-44
-6
-6
-18
-99
-18
-41
-115
-57
-79
46
5
-66
24
-49
28
59
32
81
69
54
22
72
22
2
48
-8
31
47
6
0
-61
-23
122
96
9
-9
-1
103
150
103
102
82
20
26
83
96
97
67
28
103
165
73
27
85
42
42
60
10
25
-15
-26
20
52
65
30
-5
-33
12
72
28
43
79
67
101
96
30
-9
-3
3
63
34
4
55
1
-20
-26
-22
1
-37
-40
-83
-76
-44
-28
21
-81
-64
-34
-34
11
-23
0
5
8
9
-14
36
-17
-77
-36
-31
-4
-58
-56
7
-57
-19
-9
-83
-86
-90
-68
-9
3
-101
-93
-61
-84
-13
-26
-61
10
23
-2
38
28
51
49
-63
-35
16
-21
-14
9
28
-55
-157
-109
-68
-46
2
48
-16
-87
-40
-21
-24
-2
48
27
-22
-35
7
62
46
80
29
-24
-18
11
68
5
7
-10
-46
-31
2
23
-53
7
47
-42
3
57
52
52
-2
-6
3
-39
-18
-24
-26
27
30
66
97
72
30
32
9
12
87
39
-15
-37
-7
-10
-59
-45
-45
-46
-24
34
63
102
112
7
26
77
-36
-51
0
13
23
14
21
62
54
1
23
2
38
43
-50
49
67
-21
-8
-21
14
-18
-76
-114
-105
-22
-50
9
26
-12
73
107
69
-1
0
-28
-45
1
-37
-75
-93
-32
-1
-40
-36
-23
-48
-47
-5
-52
-64
-26
-19
-30
-45
-35
3
23
-45
-36
33
-24
-22
14
-77
-98
-58
15
21
-34
14
-32
-44
-1
-50
27
41
22
59
16
35
3
-18
-19
-73
-32
-39
-52
17
-33
-17
106
134
130
78
-2
23
55
-40
8
36
-15
5
-42
32
61
-16
-18
-47
-42
22
9
-12
51
49
68
27
-15
7
-44
-15
-28
-4
15
3
71
53
61
1
-47
44
20
5
29
-42
-47
-33
-48
-7
15
-52
-80
-5
-30
-18
87
8
-60
54
49
-31
-50
-39
18
54
-51
-106
4
-1
-50
-37
-17
-3
-18
32
11
-15
30
-36
-41
-43
-83
-38
-55
-27
20
-6
6
-32
-39
7
-12
-8
-24
-46
18
65
19
-29
51
72
0
23
43
-21
-81
-35
-16
-44
-34
-13
12
36
-16
-35
32
53
49
57
133
59
11
35
-12
63
14
3
45
-14
18
-43
-52
52
47
9
17
98
114
40
29
19
11
-10
-14
26
39
76
26
37
64
-23
10
-8
-21
117
92
34
30
4
20
-19
27
115
23
-47
-22
-82
-101
-40
-73
-13
73
63
112
86
-16
1
47
20
37
45
6
32
-35
-80
-15
-47
-83
-54
5
21
-15
-13
11
-40
-62
-16
-34
-48
-44
-66
-112
-110
31
36
-30
-33
-68
3
-24
-28
72
64
4
-33
-33
-18
7
-84
-106
-63
-102
-94
-84
-49
-79
-30
84
4
-7
36
-11
-42
28
24
-12
13
-32
38
43
-37
-35
-55
8
6
19
65
8
16
28
11
12
-27
-22
25
11
-1
-20
-3
53
40
12
-67
-55
71
81
104
109
109
38
-30
55
29
2
15
-6
55
81
1
6
43
3
35
25
21
34
-38
-24
-44
14
111
101
100
31
7
32
12
-15
-27
-35
-6
8
-13
41
74
39
-22
-57
-16
10
15
59
9
-47
22
-25
-42
35
-47
-17
29
-55
-63
-28
30
64
22
-44
-22
-19
-63
-69
-84
-67
-19
6
24
12
-41
-2
-2
-26
-5
-72
-107
-35
72
67
-16
-41
-25
-14
-11
-10
-22
-2
-3
-14
-41
-36
2
-25
-35
-52
-2
-10
-99
-74
-16
43
8
-15
12
22
47
41
24
12
30
12
-23
0
12
12
-47
-54
59
7
-95
-69
-38
-22
-38
19
72
0
-6
21
-1
65
68
-42
-10
37
5
16
6
-18
33
58
21
13
-1
0
1
-29
33
-11
-63
-2
-17
-16
-12
-20
-57
-44
26
23
-22
5
45
74
84
22
-4
11
7
-3
8
4
16
11
1
-29
-35
23
14
-17
-40
-22
8
-41
-30
-18
-5
54
1
-6
-22
-19
-4
-23
33
25
35
38
31
55
34
29
-5
35
91
32
-4
-60
-88
-85
-117
-38
-16
-62
3
11
-17
14
-5
6
77
5
-59
81
124
16
56
107
61
-25
-70
-7
-16
-35
21
10
-10
-42
-77
3
14
15
78
31
39
21
-16
8
-44
-8
-38
-101
62
147
52
-10
34
29
-55
1
63
56
16
6
91
42
-31
-45
-75
-38
-8
-18
-17
-13
18
24
24
-10
-25
2
-4
32
20
9
37
-20
-101
-45
-7
-40
-28
-12
50
5
2
26
-21
5
-41
-30
12
-8
-19
-59
-34
-37
-53
-39
0
99
50
-46
-64
-6
35
-36
-56
-77
-25
6
-29
27
4
-2
-5
-37
-22
-81
-90
0
33
-2
12
-14
-8
33
16
35
-11
-65
11
83
24
-15
1
18
17
-17
-65
-38
-11
-23
15
-10
-20
-13
-16
41
65
78
22
19
44
-5
27
28
18
-19
15
66
22
80
42
4
55
-6
-22
10
10
41
6
9
48
-73
-52
25
-73
14
6
-58
73
18
-14
75
80
77
34
-50
41
136
34
-11
22
4
-22
-61
-48
1
-16
-30
3
-16
-29
-8
15
48
-51
-36
22
-21
40
44
7
2
-15
-19
-34
-3
93
106
40
-77
-76
0
1
36
-31
-51
-6
19
76
-14
-30
65
-11
-66
0
-29
-34
44
-2
-14
-30
-27
47
42
66
-8
-56
-24
17
-5
-80
3
48
62
59
21
7
-30
0
0
-20
6
-25
10
13
-23
22
-8
-43
-36
-38
11
60
16
-4
-5
33
84
56
-21
-99
-51
-23
-29
25
-23
-68
-15
28
56
47
27
-19
-50
-23
-12
-44
-5
57
37
27
63
48
-25
-46
-67
-55
-72
-17
50
-40
-51
-75
-53
-4
0
52
12
10
18
-9
20
32
71
48
-31
-6
10
2
-49
-54
-31
-65
-24
-11
0
48
-25
-80
1
25
-6
-54
-50
-23
9
62
-31
-36
1
-42
15
63
25
-23
-7
31
26
47
0
6
83
21
12
-39
-107
-32
-34
-32
-50
-83
-19
42
32
29
59
36
34
12
31
38
-12
41
8
-13
45
-7
17
106
8
4
90
-3
-55
-36
-19
-18
-15
21
62
104
14
-50
-23
-18
65
87
35
2
-5
12
32
108
54
-14
-36
-52
13
20
28
58
100
60
15
-35
-80
1
16
-17
32
89
59
32
-3
-45
-23
-14
8
96
63
2
-34
-32
58
2
12
32
0
34
-13
32
53
-39
-55
-51
-9
-6
-34
-33
-44
-21
32
27
-56
8
41
-48
16
15
0
82
10
-6
-8
-8
1
-64
-40
-16
-56
-95
-29
2
-31
2
-38
-57
-51
-51
2
-14
-27
53
73
5
5
1
22
1
-43
17
-18
-56
-23
27
68
29
-27
-55
-50
-85
-72
13
52
-21
-102
-21
42
40
35
-28
-5
85
-4
-17
63
-21
10
54
41
21
-2
1
-40
37
95
22
-67
-38
52
39
-77
-76
8
-17
-51
-56
38
85
1
26
58
40
-20
-62
-6
2
8
8
20
34
9
53
31
-4
-15
-82
-47
-23
-7
3
-36
-38
7
3
-23
-44
-127
-72
-3
-23
10
44
27
40
28
-34
15
11
-80
-55
34
78
40
11
-18
-67
-30
-38
-44
-32
-32
9
1
-33
-29
43
71
-7
-47
-30
-20
35
75
23
33
40
23
104
78
13
19
8
48
9
4
60
93
36
-116
-67
-41
1
78
44
26
-20
-42
28
110
61
30
31
17
22
-7
70
94
83
106
23
-22
-50
-4
6
-45
10
9
15
11
-45
-43
-69
-50
-6
-46
-24
1
-49
19
90
22
0
-53
-75
-11
-50
17
126
16
-6
-23
-82
-39
-85
-58
-20
-40
-102
-109
-30
-27
4
-42
-70
-17
-8
-49
-52
-31
-44
-55
-91
-77
8
121
99
15
14
-32
-21
43
7
-12
37
15
-50
-38
-45
-42
-60
-52
12
-65
-54
-24
-11
-5
-3
74
21
30
3
21
123
74
58
54
5
-2
53
25
-8
-37
-70
0
74
42
-36
35
21
-44
-46
-102
-41
-15
-9
58
52
-11
-48
-4
-13
22
20
-37
59
98
19
4
23
-19
-4
-6
-57
1
-2
-52
-76
-46
6
-49
-67
-54
-33
2
-25
-70
-22
57
49
-20
-14
41
0
-2
50
15
-7
-18
-44
-9
17
21
37
25
-11
-11
-10
-10
34
-9
-39
-16
-76
-62
53
42
-1
34
15
2
52
37
19
57
78
53
65
6
-29
62
7
-6
26
12
21
2
-1
-32
-23
52
45
1
3
-50
-32
-27
-66
29
30
2
21
50
65
4
50
64
11
56
38
-14
-24
14
29
-31
-18
-42
-111
-82
-20
-25
-70
6
24
-5
41
-21
-35
27
45
-20
-54
11
30
0
-44
18
62
52
46
24
53
-4
-17
19
12
-13
-106
-76
-1
-12
-59
-82
-61
-25
55
87
13
19
105
31
-12
61
80
44
-25
-20
36
40
21
38
3
-16
0
-46
-4
6
-40
23
45
3
-16
-55
-17
-28
-59
-35
-15
-1
0
37
61
75
48
51
44
-23
-25
0
-43
-61
-6
10
-11
7
17
-36
-74
-57
-43
-16
14
-27
-81
-72
-33
-53
-65
-35
-13
-24
-26
32
76
65
5
16
31
-38
-14
59
73
89
46
-21
-69
-91
-37
-78
-78
-39
-73
-31
15
-6
-46
-4
43
20
64
98
66
42
-8
-22
-29
8
91
99
59
8
22
25
19
-6
-72
-15
-13
-41
13
-24
-14
70
75
21
-14
-17
-31
38
40
-22
22
13
1
63
54
31
54
-17
-46
3
-18
14
-26
-68
-25
-83
-40
0
-40
-43
-28
34
51
4
-9
4
-9
-5
1
-2
69
38
-35
7
12
-36
-94
-76
-13
44
106
14
-14
50
-32
-37
-31
-73
-15
-50
-84
8
23
-10
-17
22
38
0
-27
3
71
55
20
40
54
57
53
22
36
19
-23
1
20
29
-9
18
39
24
56
-24
-22
-38
-78
-98
-98
46
-1
-31
38
24
14
-1
80
134
96
86
33
-79
-58
24
-19
-20
-36
-29
-38
-61
-29
-102
-97
-44
-14
-2
31
56
29
53
-20
-55
1
-35
-10
-12
-34
-28
-76
-78
-48
5
15
33
13
-40
-68
-73
-18
-47
-26
9
-80
-63
37
32
28
15
-48
-22
4
30
59
46
33
62
45
17
18
-59
-29
-12
16
40
-29
26
20
-4
-19
-39
19
34
37
-5
-37
6
20
7
29
48
52
36
-10
21
75
63
18
-21
21
48
42
93
46
-1
-10
-21
36
34
-38
-47
-8
-10
-16
-16
-69
-16
70
-60
-58
22
-14
21
-8
-28
6
34
15
-33
-45
-30
-13
-19
47
48
0
-5
-34
5
56
-34
-95
-30
-21
-17
-34
-25
-4
-44
34
51
-11
30
-2
-63
-17
30
35
27
0
9
58
44
-31
-55
-62
-51
5
-18
-95
-40
41
26
44
81
63
1
-4
37
53
44
46
12
56
111
40
34
3
-2
49
8
-61
-53
-53
-37
15
-21
-15
0
-7
-15
-23
-65
-24
57
-32
-18
109
112
11
-13
-28
-61
4
-29
-41
32
8
24
60
6
-52
24
31
-37
7
-60
-52
-13
-119
-82
8
-3
-19
21
26
-22
-52
-1
0
9
0
-78
55
55
-57
-19
-68
-14
51
2
-33
-26
52
-14
-43
60
20
21
87
-15
-41
41
24
6
-5
-36
-36
12
90
68
23
39
-19
-74
-43
21
80
97
46
0
-25
-82
-69
16
58
31
-10
-43
-14
34
14
47
77
1
-30
-33
-30
-8
-49
-11
70
67
37
47
19
-22
4
-4
4
56
10
-51
-47
-47
-33
-7
-8
-37
-20
-38
-35
-28
-58
-10
-35
-33
36
77
70
-22
-30
32
8
19
43
27
30
-37
-59
-36
-24
6
7
36
-7
-15
26
-29
-23
17
13
38
74
43
-17
-100
-86
96
99
-54
-19
-10
-27
38
-23
-14
9
-15
48
76
25
-45
-7
2
2
-4
-34
22
-20
-22
-1
28
110
56
1
-21
-22
-30
-39
21
32
15
21
-68
-63
-11
-76
9
13
2
53
-70
-19
59
13
6
-50
-10
31
-20
-34
-20
47
-16
-30
-22
-48
43
-8
17
31
-59
11
-25
-41
50
35
87
50
-26
43
-40
-53
2
-4
34
9
-7
-12
5
-14
-14
34
16
-28
-64
-80
1
54
72
79
61
61
-56
-65
-4
8
7
-3
65
-37
-114
-23
-27
-52
-59
63
105
59
84
-36
-65
8
-6
24
44
-30
-33
-34
-42
4
-51
-74
8
-39
-43
1
13
70
1
-52
-16
-86
-81
33
-2
-3
-50
-121
-14
23
0
19
64
9
2
95
26
33
28
-47
-25
-48
-10
7
-48
-26
-21
56
47
-64
4
32
53
37
4
49
-13
-22
-22
-41
19
-13
29
84
-2
45
10
-37
76
64
87
64
-8
11
-32
-1
65
14
-36
-31
11
5
-6
2
29
133
67
-36
21
60
15
-23
30
-11
-88
-100
-97
-5
-10
-24
60
13
-27
14
54
36
-43
-54
-48
-65
-16
2
-15
-9
-21
-4
42
70
-13
-9
72
-23
-70
-94
-75
-29
-86
-41
-17
6
60
15
11
-10
-82
-13
23
-26
-33
-27
18
-9
-27
5
55
81
-34
-73
10
52
28
50
76
63
45
35
83
36
-35
17
-15
-21
23
-56
1
64
14
33
2
-59
-92
-27
63
61
50
38
52
54
60
12
-49
4
14
43
124
63
-22
-3
-23
-12
39
27
17
-22
-43
-34
-22
-24
-56
-23
27
16
0
-2
51
20
-57
0
-28
-57
-72
-87
-50
-89
-71
5
-7
-6
48
24
29
85
35
-40
-35
-36
-99
-101
-55
19
35
-3
70
46
-1
22
-34
-40
-20
-22
-60
-66
-17
-47
0
55
44
81
33
1
44
-5
-66
-48
-1
-8
-28
5
-27
26
144
108
81
51
-31
-49
5
-25
-72
-71
-40
50
70
51
49
52
54
66
84
-13
-110
-48
-44
-39
30
27
6
4
21
35
35
30
29
6
-19
-91
-116
-11
-12
-88
-50
-24
10
15
14
42
-62
-49
33
1
-50
-52
-10
-35
-36
-22
-17
-4
19
24
31
48
-16
-9
-48
-82
17
0
-61
-13
41
-3
-41
-15
16
12
-58
-23
-34
-86
-28
12
51
-10
-8
52
-18
-39
0
4
-5
-14
40
89
69
-18
-64
14
34
-46
-16
71
88
80
72
110
38
-73
-32
-53
-55
-5
28
86
28
-3
1
53
99
1
-12
-27
-25
17
-10
-47
-61
-44
-54
-15
2
-3
63
50
38
43
-22
-2
-9
-40
7
25
59
48
42
58
26
16
-7
-43
-72
-40
1
-52
0
-26
-116
-11
-29
-35
0
-60
-9
50
60
3
-79
-76
-45
-19
-61
-71
-5
20
61
44
23
5
-36
30
36
-9
6
-26
-15
-16
-36
8
77
138
62
-18
-25
-7
-20
-33
36
17
-53
-56
-40
-33
35
53
60
62
4
3
-5
-28
-35
3
-1
-29
17
-2
-8
47
57
46
-6
9
67
28
-26
-30
-11
13
14
-30
-40
-34
39
92
78
60
30
-1
-15
-23
-25
37
-48
-82
-6
-69
-96
-71
-31
10
20
23
4
-42
-47
-14
-35
-80
-48
20
38
53
56
50
46
-59
-58
10
-11
-43
-98
-91
-19
60
54
45
91
0
-9
37
29
28
-78
-51
45
-61
-61
22
-79
-47
56
26
23
11
-13
-11
36
9
-10
31
-25
-62
12
70
79
126
125
47
-72
-69
12
6
-20
-32
-5
17
30
57
64
82
104
72
36
-2
-36
2
-57
-83
-12
23
80
34
-37
-50
-20
60
16
-48
11
69
52
-47
-46
-8
-65
-53
59
91
22
77
44
28
73
-62
-20
-16
-102
-40
-19
28
42
23
0
18
70
-56
-77
-32
-33
26
-51
-56
48
45
-4
-28
-24
7
-40
-64
-14
-17
16
30
28
21
-27
-23
13
27
16
-5
-21
26
104
18
-26
22
-34
-40
-52
-38
17
6
34
31
56
22
-72
18
41
8
32
57
43
0
8
-29
-49
-47
-78
3
117
78
-9
-27
-1
46
15
-30
-10
-31
-14
32
-32
-28
27
-22
43
68
-35
-43
13
35
-53
-46
38
-1
6
54
43
43
-36
-15
14
-19
-4
-87
-76
-42
-76
-21
33
-20
-65
0
20
39
19
-24
52
14
-85
-68
-49
-10
-13
-67
-12
11
22
56
46
9
-69
-82
24
83
-26
-2
47
-19
41
-10
-20
79
17
-33
-68
-28
-16
-58
20
28
2
-19
-52
26
76
46
63
68
40
-29
-88
-57
-31
-17
22
-18
-22
27
-14
-13
-8
45
86
0
-14
35
49
59
50
-28
-7
31
25
32
-52
-6
26
-70
-83
9
67
-29
-51
-56
-119
-52
4
-27
20
63
91
65
-36
1
0
-61
-47
-45
-48
-15
23
15
2
-27
-53
-47
-20
30
-3
-35
39
66
14
29
19
23
18
-52
9
-27
-64
-37
-55
-3
-34
-33
-65
-75
-10
19
44
21
29
-3
1
23
0
21
66
62
-31
-82
-52
13
66
96
69
-15
-37
-37
-51
-38
-30
7
51
43
7
61
45
4
29
-55
11
-38
-89
25
2
52
27
22
-11
-15
39
-78
-11
34
-14
-2
-24
8
77
41
-2
56
-34
-30
19
-92
-4
48
6
25
-25
-20
8
12
24
7
10
-20
-40
1
-12
-32
21
9
-24
-17
-51
-36
-40
-30
62
16
-15
-14
-85
0
79
88
63
-1
8
-9
-35
-52
-37
-37
-46
43
39
34
-35
-131
-32
13
47
81
31
34
60
16
-26
-34
-43
-52
-53
52
96
20
35
-6
-41
63
53
4
-23
-107
-31
15
7
15
-30
69
93
34
41
-69
-75
7
24
40
30
24
-32
-35
-5
-29
-50
-82
-35
44
68
41
22
45
25
-17
-6
-41
-49
14
7
42
11
-11
52
46
67
26
-80
-21
-29
-58
57
-26
-113
-67
-109
-92
-43
-36
-11
31
-3
24
68
-12
-9
-5
34
84
44
56
71
64
49
-7
-59
-85
-29
-31
-88
-24
-33
-35
41
49
15
-28
5
17
-49
-29
14
10
45
79
8
-40
-66
-93
11
44
3
28
1
13
-15
3
92
0
-48
25
71
30
14
79
54
8
22
-11
-48
-85
35
100
3
0
-67
-68
-71
-44
59
14
19
1
-25
10
-9
-11
-23
60
72
-19
-8
-7
15
1
-55
2
41
3
17
6
-26
11
59
5
-2
9
-83
-51
12
-25
-5
27
8
-27
-86
-45
5
-5
-21
-2
45
-37
-36
-12
-40
30
22
-60
-68
0
22
55
-8
-94
-42
-28
26
45
99
66
-37
16
23
19
4
-2
36
38
-28
-58
-24
-29
-48
-63
-52
6
24
14
31
2
-7
25
-3
-11
15
8
38
35
33
83
110
125
74
-10
-58
-74
-4
26
-6
22
-21
-88
-48
-39
-26
21
58
41
-29
-42
5
-4
-29
22
18
18
49
-10
-17
19
-17
-38
-63
-13
72
21
-64
-85
-13
58
27
0
30
2
-68
-42
-21
-59
-44
-44
-14
-34
-38
53
13
-17
1
0
-55
-50
-64
-122
49
141
18
-27
-29
-49
-9
10
-2
7
1
12
56
53
36
-11
-64
3
95
51
5
-5
8
83
21
5
14
-11
10
-30
-67
-48
56
54
41
68
-1
-41
-35
-14
52
78
55
80
9
-14
44
67
70
23
-9
8
-17
-11
72
0
-24
29
24
45
-12
-77
-44
70
97
-41
-71
-42
-12
41
9
-44
-48
-38
-35
9
-28
-60
6
12
-8
27
41
-25
-9
-3
-49
-23
-65
-32
11
22
58
27
9
-98
-52
18
-36
0
11
-2
-72
-73
-31
-74
-24
-5
38
61
-22
61
13
0
60
-4
9
17
12
-61
-16
51
27
9
-69
-16
49
45
43
63
78
10
-19
22
43
10
-9
-44
0
24
-3
65
2
1
51
96
186
73
4
12
-8
-2
-27
-62
-29
22
85
95
35
82
25
-25
-22
-32
28
-26
-14
14
5
43
-5
-20
17
12
9
12
-31
-6
16
-84
-108
-60
-42
-38
-54
-40
-6
16
61
24
-55
-5
40
48
39
-38
-24
39
-15
-22
15
-28
-53
-48
21
6
-105
-70
-16
4
36
-28
-34
28
-61
-77
36
2
24
19
-34
15
-2
-20
-72
-30
109
141
92
11
-5
49
75
20
-8
38
108
97
93
101
100
106
-23
-49
-9
10
15
-53
10
16
26
68
11
49
2
-16
49
0
-30
-66
-15
45
1
37
36
73
110
52
36
12
31
6
-34
81
38
-66
-4
43
-1
-104
-38
25
-10
6
-38
-28
49
-12
-53
-2
-13
29
42
-36
-107
-121
-100
-71
1
-47
-94
-26
-49
-90
-40
-16
52
56
-29
-25
-23
8
43
39
0
-1
21
-12
-9
10
4
-3
-13
-29
5
30
45
39
17
-2
-38
-14
-16
0
-37
-35
7
-2
3
5
65
58
14
-5
-31
-52
4
88
149
96
-43
-6
24
-4
20
52
0
-25
-6
5
45
76
101
60
38
0
2
49
14
-28
-39
14
-12
44
67
-75
-24
-6
-31
-24
-118
-110
-13
40
42
23
-5
-5
18
5
7
-25
-49
-59
-77
-38
-52
-5
16
-47
-22
0
-16
-11
20
-1
-70
-60
-21
8
6
-11
50
-32
-78
33
58
4
-60
-15
-40
-32
-28
-89
-27
-13
-44
-56
-99
-78
24
10
-45
-21
20
56
14
0
58
50
71
54
1
48
-50
-50
54
-28
61
94
53
109
47
52
61
-25
-55
-18
-16
9
60
91
91
-25
-104
-18
54
26
32
45
4
4
22
6
-23
-35
-55
-31
13
-24
7
25
-17
16
-43
-81
22
58
84
110
35
14
-1
8
31
-40
-45
-87
-82
13
-40
-57
5
-32
-47
-34
-54
-14
9
45
26
-70
-34
-63
-92
-8
-6
-87
-144
-57
-15
18
28
-17
-35
-51
-30
-9
61
31
11
1
-30
29
26
56
-14
-43
17
-7
-16
-22
23
1
-29
-8
-1
30
-3
23
54
0
-53
-50
-20
-9
-49
-18
35
-88
-33
17
17
