59
37
7
45
-3
-48
-20
-17
16
-33
-69
-11
-22
-32
4
46
22
-65
-81
-42
-60
-36
-15
-3
73
63
55
6
10
72
30
-1
26
32
11
45
38
11
36
-14
-101
-40
7
11
14
-56
-152
-122
-64
-63
37
74
57
50
-11
-59
-80
-100
-81
-62
-88
-84
-19
34
8
9
3
-25
82
76
-30
-65
-65
-37
-71
-100
-43
-32
-70
-55
-34
75
110
-10
-47
-62
-117
-97
-87
-109
-42
-11
34
119
95
28
24
33
-48
-105
-133
-152
-162
-105
-58
-66
40
76
-11
-3
37
42
37
28
58
-19
-81
13
36
5
49
130
154
119
108
81
41
22
-4
-57
-73
0
13
0
43
94
143
129
69
40
-1
-18
18
-5
-32
-15
-1
-10
16
78
30
19
16
26
45
-97
-116
-52
-34
11
50
151
102
15
114
141
62
35
50
36
-39
-48
18
-8
40
125
109
120
101
59
49
-22
-90
-44
-53
-80
-40
6
69
54
51
47
47
46
-51
-39
21
-22
-54
-23
56
70
34
25
41
26
9
63
-2
-59
14
-4
-51
-83
-33
34
-48
-43
-26
-68
-24
3
-9
-18
27
-6
-76
-35
16
35
-1
28
-9
-22
3
15
129
83
25
-18
-27
18
-34
-58
-34
-1
45
1
-43
8
-33
-54
-25
-55
-23
-17
-34
-44
-72
-55
-18
30
38
24
-28
-48
-2
-16
-17
71
-10
-94
14
-41
-129
-103
-39
-23
-52
-14
18
16
18
-4
40
35
-58
-8
-51
-55
-54
-101
53
32
-60
-29
-26
-32
-63
-98
-90
-75
-111
-96
-92
-32
36
16
77
26
-29
-24
-33
36
39
3
-32
-81
-55
-43
-66
-18
35
26
-19
-4
19
75
99
41
18
11
36
66
45
-27
38
86
69
131
113
102
-6
-122
-64
-39
-22
24
42
58
47
56
120
112
96
57
-3
25
49
53
44
12
49
40
-30
63
100
51
107
59
77
75
56
101
11
0
5
-20
7
-33
-39
51
101
71
37
26
35
47
-8
-30
-24
-100
-70
21
-44
-44
-33
-38
57
22
-30
-54
-84
-16
41
-7
-70
-67
-32
24
1
28
44
-41
-9
-33
-33
-19
-92
-43
56
-5
-86
-54
-9
6
-59
-38
-41
-113
-53
0
-63
-112
-34
37
29
-9
-75
-83
-28
-29
-40
14
5
50
99
34
73
-26
-67
-9
-83
-27
-31
-26
-41
-77
38
66
23
-17
-54
-47
-28
-37
-9
105
63
-20
-40
-83
-33
-50
-71
8
23
-3
-5
34
-3
-27
-53
-83
47
64
-33
-86
-56
42
38
-2
34
33
22
67
6
-43
-46
-61
4
-21
-14
30
-15
69
100
101
163
85
21
35
-54
-132
-100
-27
-27
2
45
-4
59
96
132
82
-21
33
-34
-61
-87
-177
-37
46
38
86
23
36
127
98
20
-13
-19
-46
-54
-135
-126
7
45
92
72
62
172
81
-16
-32
-69
-37
-85
-75
-52
-65
-72
-61
63
72
9
41
33
4
34
-50
-65
4
-101
-108
37
7
-20
29
-4
27
0
-92
-96
-69
12
16
-88
4
-16
-122
-56
-93
-36
28
2
27
59
22
-25
5
-30
-57
21
32
-1
4
-4
62
84
-8
10
48
27
35
-16
-109
-78
-27
38
90
59
74
82
74
-7
-22
-10
26
62
10
84
74
70
107
52
15
18
13
-41
-71
-88
-55
-47
-33
18
75
106
-8
-6
31
-20
31
20
-6
9
-37
-7
-37
-67
-20
-62
-29
-60
-12
100
18
-1
-23
-66
-17
25
7
73
74
-91
-113
-55
-11
-41
-98
-32
-10
-38
-24
-20
26
97
64
-3
-11
39
88
29
-46
23
-8
-119
-26
7
-6
-22
-13
64
38
36
18
26
34
-51
-25
28
7
-20
-13
8
22
47
46
-59
-14
86
1
3
7
-7
12
1
17
47
14
-13
-6
6
34
-38
-25
26
29
55
47
65
23
3
-45
-50
1
-30
34
88
45
-16
-59
7
51
-46
-65
-16
-60
-70
19
46
41
44
38
41
-46
-45
50
58
44
-22
-16
44
24
10
-17
-2
28
70
62
-12
8
5
-53
-65
47
84
-29
0
-13
-75
-35
7
33
-18
-11
33
3
44
76
62
45
5
13
0
-41
-9
-111
-145
-12
-62
-61
-40
-65
-7
-35
-45
30
45
81
97
-4
-46
-86
-26
72
52
39
-38
-60
-65
-56
-2
3
46
65
39
3
-41
-34
-49
-37
52
83
68
8
-36
-59
-95
-10
30
0
-33
-52
3
31
26
21
5
10
9
-43
-75
-74
-34
33
35
10
1
25
-23
-114
-42
54
38
-9
9
0
-61
-42
-19
-27
24
43
51
85
12
-30
-13
13
-24
-46
-26
-15
55
64
85
86
55
-34
-68
-21
-13
-64
-116
-25
-17
10
84
45
0
-25
39
62
71
98
20
-64
-47
-15
-52
21
54
6
17
-35
-35
-8
-30
-17
-22
-61
-48
-4
-20
0
-12
49
106
39
98
14
-71
-48
-109
-73
-57
-45
16
10
28
95
79
22
50
88
35
-36
-123
-146
-108
-93
52
62
58
136
65
74
45
-52
-26
51
66
9
-41
-49
21
39
26
77
84
104
20
11
87
-12
-39
-63
-70
17
67
17
-17
26
73
104
27
10
-56
-93
-35
-40
-8
-13
55
61
-24
-20
1
-5
-18
0
56
90
42
4
-48
-30
-40
-60
34
0
-19
13
-27
-11
-22
-74
-34
35
-30
-106
-25
6
-35
-32
-47
-63
-39
-99
-66
52
20
-22
-90
-64
46
5
-73
-23
25
-91
-95
-7
-42
-30
23
12
-12
-54
12
83
25
-25
-34
60
52
-44
-24
33
78
77
24
5
-20
-63
-11
8
-15
3
32
116
86
37
25
26
64
-14
31
47
-22
6
31
49
36
-10
-47
-25
16
52
76
37
14
54
60
21
-7
-5
-44
-31
20
7
46
-3
-23
62
12
-4
7
-26
12
29
4
-13
19
55
50
85
75
43
26
-53
-44
54
61
26
33
6
-11
51
39
25
76
0
-16
43
-43
-34
-58
-70
78
48
29
52
79
44
-47
-18
-83
-103
-76
-70
19
52
-23
-64
-36
-27
9
-33
-54
-20
-57
-81
-43
21
-9
21
33
-17
1
-6
-11
-71
-80
-6
-34
-19
22
-41
-63
-61
-54
-4
18
2
26
17
-102
-57
52
-31
-52
19
-3
21
81
8
-57
-47
-69
-34
49
6
9
24
-28
16
-56
-116
-6
-43
-7
53
-30
-1
-15
-32
-8
-17
-28
-33
69
42
-37
-41
-85
-59
-90
-94
-15
-51
-93
-38
37
-6
-42
-9
-1
6
-10
43
69
65
57
-16
25
16
-16
12
-28
20
89
1
-21
90
103
52
-15
-5
36
2
23
55
48
34
13
-10
6
39
67
58
36
62
42
43
51
19
-38
-55
46
9
-2
76
68
107
37
-34
-5
-14
-15
-22
-55
-11
65
4
-26
-6
11
83
22
-24
-17
-59
-54
-90
-25
-30
-85
-29
-11
67
78
53
43
-5
31
66
-26
-109
-73
-19
33
75
68
33
20
29
70
70
-39
-59
-67
-104
-82
-40
27
41
30
-4
-45
-8
3
12
51
-40
-85
11
-87
-118
-16
-96
-85
-4
10
5
-20
-3
18
7
-54
-75
-83
-84
-53
-32
-9
-33
-16
21
50
17
-3
-9
-41
26
-15
-36
46
41
64
46
10
-5
-11
12
12
0
8
-37
-81
-11
-68
-41
32
-6
10
3
41
13
-36
-24
-33
52
42
-46
-34
-10
0
0
89
130
99
96
28
24
42
-9
-62
-126
-86
16
94
104
-8
18
126
128
97
51
29
2
-68
-149
-155
-147
-90
-25
-22
88
122
134
164
52
2
0
-33
-64
-92
-35
-5
-75
-19
116
155
117
55
25
-23
-88
-104
-98
-34
2
42
99
2
3
131
120
65
35
-39
-46
-38
-130
-53
-5
-79
-26
47
80
66
58
99
89
-28
-82
-147
-176
-95
-67
-11
-2
27
57
0
68
84
15
3
9
-35
-137
-80
0
-35
-10
-5
-24
-3
26
63
20
-33
-71
-56
-24
-70
-43
-69
-7
161
149
103
89
31
-85
-111
-86
-85
-6
22
4
0
-29
9
68
53
31
15
-30
-12
-39
-79
33
116
117
96
137
41
-81
-16
-119
-99
-10
-103
17
87
11
17
7
19
71
67
74
24
-47
-19
-120
-159
-67
-95
-25
70
104
144
89
85
53
1
-37
-48
71
-17
-136
-43
-16
-29
18
28
8
46
53
3
-33
-4
-54
-88
0
-15
-52
33
50
20
70
32
-44
-4
36
-2
-18
-30
6
124
107
45
34
6
-10
-42
-40
-15
-49
-19
23
10
-22
-74
-40
0
26
-15
-12
47
26
43
-16
-37
-20
3
29
-43
-32
-41
-5
26
-5
30
-5
9
49
19
61
7
-73
25
23
0
36
2
-66
-127
-65
10
27
45
-16
-35
-76
-97
-30
-139
-171
-39
35
-2
-36
5
22
38
72
37
-58
-53
-36
-29
-31
-64
-48
-32
10
53
63
37
28
0
-73
-80
-107
-97
0
11
-4
23
64
78
-3
19
42
-6
8
-45
6
54
-1
19
15
42
77
90
98
47
-34
-60
-55
-122
-92
-13
21
48
7
57
101
72
129
135
99
1
-153
-135
-103
-52
37
22
45
91
95
70
64
85
8
-52
-113
-154
-47
-31
-39
-32
2
64
14
37
62
-17
-40
-82
-142
-88
-26
-6
16
32
35
76
83
35
0
-23
-7
-43
-31
-4
-27
-18
-13
16
7
42
72
-12
-4
51
7
28
113
41
-16
-11
-83
-9
27
32
133
129
78
-66
-94
-54
-106
-54
-22
-30
-57
-10
-30
-13
57
-3
15
-52
-72
-45
-62
6
1
-39
-42
23
44
-24
12
50
29
38
15
0
-67
-28
92
44
59
81
36
39
72
102
0
-75
-50
-77
6
90
36
1
4
-13
-106
-71
49
54
3
-16
-26
-64
-103
-80
-65
-15
55
11
30
-12
-68
-45
-8
51
50
-23
-62
8
-7
51
72
4
1
-73
21
89
24
66
4
-8
61
17
40
113
73
-13
-4
-8
-121
-187
-187
-161
-127
-64
24
60
113
103
101
110
45
-44
-176
-201
-134
-51
22
44
79
167
203
187
233
194
116
80
-30
-60
-102
-177
-136
-162
-140
7
67
68
88
147
119
27
29
-21
-136
-154
-72
-2
22
56
150
215
176
131
141
144
13
-141
-176
-150
-157
-174
-122
-104
-41
73
125
158
167
124
43
-74
-149
-147
-99
-99
-76
16
71
113
102
83
105
107
32
-74
-161
-150
-66
-58
-39
-18
22
34
-16
-64
-111
-42
16
37
55
34
25
-48
-192
-207
-75
-16
-13
75
109
160
234
103
38
19
-37
-38
-75
-36
-5
-16
-71
-109
-8
14
-48
36
136
89
66
79
47
2
-44
-27
19
-16
-27
36
36
7
55
102
94
109
89
12
-33
-40
-14
-10
-100
-168
-103
-46
-51
-74
-126
-47
-20
-82
-42
-28
27
-13
-72
1
37
76
54
57
112
57
-7
-1
46
-20
-34
51
38
53
41
47
11
-73
-36
42
31
-52
-71
-1
8
-46
-22
-6
5
-6
16
73
70
46
22
-28
-90
-84
-50
29
58
71
6
-9
143
18
-129
-77
-59
-75
-101
-56
35
-5
-27
73
104
123
84
-28
-56
-72
-128
-125
-73
-24
19
14
15
79
134
107
-5
17
121
50
-71
-136
-129
-39
-44
-40
27
13
55
50
-40
-15
-14
-55
-5
18
8
-60
-141
-155
-104
-22
-74
35
220
174
141
14
-108
46
82
-22
-42
-79
-40
36
-28
-74
1
14
53
111
122
162
151
167
68
-93
-88
-123
-124
-90
-46
-6
56
221
264
178
-23
-107
-82
-186
-207
-148
-78
-28
31
168
162
145
163
88
20
-30
-35
-71
-68
-95
-129
-48
-79
-71
33
143
179
138
126
-35
-110
-67
-168
-195
-125
-19
48
24
60
158
185
119
81
18
-89
-127
-80
-76
-70
-27
3
87
102
74
67
51
-26
-135
-152
-78
-39
-47
66
83
0
7
-22
-65
-53
-69
-41
7
-5
34
68
8
-58
-78
-114
-63
-14
-13
59
14
-50
-57
-37
-6
8
45
91
149
137
87
-24
-190
-208
-125
-69
-68
-42
76
133
114
60
0
9
-63
-90
-34
-23
27
29
1
2
71
76
72
103
85
60
-128
-182
-84
-109
-74
-9
80
76
16
55
59
146
133
25
-48
-176
-176
-115
-89
-70
36
149
134
134
71
-66
-114
-81
-88
-79
18
54
85
126
88
40
-90
-177
-140
-77
53
64
75
173
129
-1
-80
-63
-18
4
-21
5
67
71
86
47
-46
37
87
-4
56
121
156
132
-5
33
113
12
-49
-56
-64
-7
30
26
49
120
24
-115
-156
-164
-99
-37
89
126
70
90
29
-10
-31
-106
-148
-177
-122
-80
-29
-36
-121
-90
-108
-184
-205
-75
88
57
96
100
-22
-5
20
14
-1
-22
-21
-8
3
-47
-39
-25
-88
-70
-24
1
82
113
82
74
48
-4
-50
-72
-8
-14
-4
6
-103
4
112
86
77
57
-8
-74
-33
11
44
45
134
231
227
178
94
60
-20
-50
-52
-51
-47
-136
-90
-13
25
68
50
125
188
190
130
0
-1
-38
-110
-81
-24
-3
-143
-106
66
41
35
77
70
65
-53
-156
-95
-89
-145
-92
-8
82
137
42
23
-8
-90
-70
-3
29
-35
11
31
18
56
-33
-67
-128
-98
46
67
56
67
62
-2
-53
-49
-65
-113
-120
-62
-5
-15
8
98
143
77
44
99
123
68
-27
7
9
-133
-192
-170
-176
-140
-130
-81
84
142
142
118
83
15
-103
-163
-194
-133
-60
24
108
58
41
56
23
42
39
15
-20
-81
-85
-8
24
12
103
62
17
43
38
73
124
48
-28
0
-139
-126
-111
-165
-103
-91
18
46
67
218
230
74
-50
-59
-81
-120
-102
-55
-32
26
104
86
83
45
-13
29
60
42
50
45
45
34
-35
20
37
-21
25
38
21
-37
-101
-43
-71
-76
-21
-36
55
93
77
88
88
145
127
80
11
-32
20
-27
-74
-47
17
-15
-89
-69
-74
-27
69
72
69
114
151
130
69
0
-59
-4
-18
-88
-121
-109
-38
15
27
-58
-82
-85
-58
21
-5
26
13
-95
-126
-54
-39
-84
-21
-53
-60
83
95
85
-8
-112
-23
-23
-85
-93
18
45
-10
46
70
96
86
32
-9
-16
-29
-51
-100
-98
-38
-5
23
-13
18
32
41
89
56
53
6
-27
-44
-153
-191
-146
-95
-9
46
115
82
31
69
31
69
17
-44
42
66
37
-4
4
-9
19
32
24
95
54
9
46
71
43
1
18
-7
-1
-12
-52
27
31
-32
-90
10
102
-38
-52
-69
-95
-73
-129
-23
76
7
0
8
80
113
29
102
87
12
-39
-101
-51
14
51
27
24
42
111
146
82
52
29
41
-47
-114
-74
-131
-81
-49
-57
17
19
52
95
158
94
-59
-19
-16
-9
-3
-53
21
25
-12
25
10
16
30
-17
-26
-60
-100
-90
-133
-67
29
18
121
147
145
189
185
207
126
66
29
-57
-87
-35
19
33
46
83
78
32
21
12
33
35
-11
-20
10
28
13
9
-7
-83
-171
-160
-65
-89
-81
0
39
80
19
-68
-58
-37
-105
-82
-73
-166
-101
-14
-28
-100
-165
-177
-155
-184
-145
-34
-138
-91
-5
-144
-115
-96
-164
-196
-173
-128
-155
-107
-116
-134
-115
-92
-25
-149
-159
-17
-24
-95
-93
-15
-12
-19
21
109
48
-41
89
126
120
138
128
95
58
56
45
53
13
92
235
278
379
480
504
473
392
323
255
175
144
175
131
145
201
243
362
287
280
401
275
183
247
238
155
26
-23
-42
-2
109
78
159
238
202
186
74
15
-63
-116
-130
-164
-68
-11
-44
-32
17
29
-3
-42
-126
-209
-288
-337
-288
-313
-299
-234
-150
-24
-74
7
88
-30
5
13
-56
-181
-314
-346
-413
-514
-533
-519
-612
-706
-745
-801
-932
-1050
-1093
-1116
-1097
-1172
-1117
-930
-800
-640
-581
-436
-403
-428
-324
-295
-219
-164
-69
41
125
366
531
621
762
847
972
1006
865
734
658
575
476
400
341
394
506
600
693
786
945
1082
1091
1082
1028
947
910
833
761
638
561
608
668
763
745
688
683
690
734
711
651
579
507
405
274
163
71
147
259
280
286
275
350
370
346
416
401
376
417
419
431
429
364
261
195
192
162
164
151
100
98
105
58
-26
-45
-82
-123
-124
-144
-63
-144
-246
-77
-70
-151
-336
-697
-1017
-1443
-1801
-2113
-2544
-2987
-3380
-3551
-3640
-3677
-3634
-3524
-3264
-3158
-3078
-2875
-2680
-2461
-2210
-1965
-1865
-1627
-1166
-653
-36
510
1064
1559
1952
2276
2380
2409
2317
2004
1667
1343
877
425
215
9
-170
-281
-413
-286
-204
-107
62
106
232
221
217
353
403
496
705
883
981
1127
1394
1600
1828
2027
2109
2160
2118
2092
1928
1671
1397
990
557
101
-323
-711
-1029
-1218
-1249
-1128
-898
-505
-68
410
926
1362
1680
1878
1935
1965
1874
1658
1616
1566
1522
1629
1746
1917
2036
2152
2207
2007
1714
1219
682
109
-645
-1285
-1796
-2153
-2237
-2104
-1800
-1325
-735
-204
321
701
866
991
893
743
660
486
334
319
446
582
702
875
1106
1251
1203
1141
994
629
223
-88
-456
-755
-828
-857
-776
-592
-335
-85
91
166
39
-182
-551
-1096
-1669
-2193
-2578
-3007
-3476
-3837
-4003
-4007
-4099
-4152
-4207
-4274
-4337
-4483
-4583
-4542
-4439
-4289
-4008
-3680
-3252
-2602
-1847
-1047
-236
443
1012
1514
1754
1833
1879
1702
1470
1128
711
457
188
105
125
41
119
272
407
664
956
1076
1076
1008
885
889
909
902
954
1102
1372
1702
2177
2702
3118
3483
3759
3817
3797
3643
3342
2989
2425
1761
1116
427
-93
-402
-643
-874
-1030
-1095
-1080
-800
-418
-116
149
440
695
917
1172
1476
1863
2148
2282
2475
2678
2745
2723
2617
2445
2153
1820
1566
1331
1092
823
510
155
-200
-542
-828
-1082
-1374
-1592
-1588
-1485
-1348
-1045
-548
127
828
1522
2138
2583
2947
3142
3119
2909
2461
1858
1307
805
303
-153
-450
-638
-756
-809
-841
-782
-896
-1143
-1371
-1760
-2097
-2172
-2133
-2145
-2063
-1815
-1508
-1113
-664
-192
80
-64
-466
-1085
-1727
-2256
-2982
-3898
-4801
-5471
-5934
-6218
-6273
-6324
-6236
-6195
-6427
-6451
-6337
-6237
-6031
-5754
-5357
-4837
-4053
-2890
-1533
-172
1103
2110
2859
3450
3819
3917
3707
3150
2392
1693
1107
664
368
308
348
361
402
551
810
906
910
795
563
327
174
303
594
1080
1642
2123
2823
3582
4268
5033
5608
5898
5882
5613
5330
4946
4493
4035
3363
2601
1965
1423
955
611
327
25
-283
-498
-517
-428
-267
5
325
655
982
1312
1728
2191
2587
2748
2745
2688
2513
2341
2178
2004
1798
1371
948
606
300
105
-225
-607
-1000
-1637
-2142
-2417
-2658
-2785
-2877
-2844
-2708
-2442
-1909
-1115
-117
747
1474
2034
2416
2762
2916
2834
2498
1878
1059
299
-291
-757
-1042
-1253
-1389
-1445
-1324
-1094
-944
-802
-889
-1283
-1738
-2195
-2632
-2865
-2931
-2955
-2785
-2422
-1862
-960
52
928
1491
1619
1258
536
-364
-1341
-2378
-3674
-5095
-6424
-7303
-7587
-7482
-7226
-6981
-6692
-6395
-6019
-5666
-5349
-5042
-4902
-4805
-4641
-4119
-3147
-1917
-444
932
2048
3204
4287
5049
5485
5460
4971
4153
3052
1963
1068
374
9
-124
-214
-129
171
642
1292
1788
2041
1989
1706
1525
1423
1401
1492
1535
1694
2130
2668
3305
3922
4551
5066
5220
5211
5071
4791
4492
4017
3339
2749
2136
1549
1224
960
675
445
257
94
-3
45
306
565
737
914
1049
1235
1487
1773
1984
2121
2165
2026
1963
1922
1858
1772
1560
1437
1207
865
599
228
-204
-745
-1351
-1970
-2641
-3141
-3566
-3800
-3860
-3750
-3260
-2747
-2118
-1273
-386
471
1228
1831
2192
2313
2283
2141
1763
1267
801
283
-224
-564
-794
-907
-944
-948
-822
-853
-973
-1037
-1284
-1676
-2125
-2570
-3009
-3351
-3422
-3211
-2799
-2254
-1559
-709
276
1204
1976
2460
2474
2068
1223
-21
-1346
-2601
-3898
-5166
-6363
-7316
-7737
-7713
-7427
-7012
-6628
-6171
-5721
-5461
-5214
-5019
-4822
-4687
-4676
-4343
-3585
-2397
-926
541
2032
3408
4559
5484
6069
6168
5892
5209
4126
3109
2095
1224
678
370
319
356
633
1122
1679
2215
2617
2737
2587
2459
2290
2102
1964
1785
1691
1757
2014
2412
2869
3404
3947
4301
4470
4568
4579
4589
4451
4025
3602
3095
2535
2128
1652
1228
745
283
78
13
86
189
330
534
776
1026
1245
1350
1338
1251
1119
851
523
292
42
-82
-144
-145
-18
118
389
551
528
458
175
-261
-712
-1291
-1913
-2414
-2790
-3109
-3391
-3358
-2971
-2431
-1824
-1132
-547
-94
447
889
1079
1111
933
607
391
89
-267
-493
-736
-906
-1054
-1140
-1106
-1102
-995
-952
-1050
-1148
-1292
-1361
-1483
-1639
-1754
-1903
-1959
-1894
-1743
-1390
-851
-419
4
471
846
1158
1384
1478
1252
638
-332
-1420
-2317
-3102
-3887
-4804
-5641
-6090
-6165
-6050
-5898
-5603
-5311
-5170
-5016
-4842
-4674
-4328
-4055
-3874
-3589
-3206
-2364
-1196
75
1276
2314
3269
4144
4854
5259
5448
5181
4590
3948
3275
2780
2357
2085
2066
2031
2154
2390
2602
3002
3299
3439
3313
2848
2401
2008
1660
1185
790
584
508
737
1039
1552
2212
2783
3414
3932
4259
4602
4761
4470
3983
3442
2857
2271
1717
1172
629
295
194
239
378
573
817
863
803
762
565
326
-88
-576
-1020
-1399
-1513
-1514
-1367
-1154
-776
-286
75
498
802
965
928
482
46
-394
-980
-1417
-1877
-2362
-2540
-2595
-2626
-2429
-2132
-1827
-1634
-1541
-1394
-1314
-1171
-922
-739
-610
-527
-397
-232
-57
135
262
267
238
61
-283
-422
-548
-787
-1002
-1276
-1496
-1587
-1476
-1322
-1199
-1116
-1263
-1238
-1059
-950
-710
-482
-267
-28
94
372
819
1200
1444
1472
1253
761
231
-298
-881
-1451
-2216
-3076
-3796
-4304
-4511
-4646
-4819
-5025
-5279
-5446
-5505
-5452
-5269
-4970
-4687
-4353
-3854
-3069
-1945
-749
385
1420
2220
3002
3780
4275
4690
4763
4514
4259
3868
3619
3493
3343
3293
3242
3279
3345
3345
3387
3458
3406
2920
2269
1754
1290
914
522
92
-139
-146
75
501
1049
1682
2366
2961
3322
3639
3850
3936
3873
3428
2878
2367
1769
1173
676
219
17
-12
-46
101
299
492
624
683
642
416
36
-415
-925
-1433
-1694
-1919
-2191
-2236
-2114
-1807
-1267
-615
-35
453
795
917
947
956
844
565
110
-599
-1254
-1763
-2158
-2340
-2520
-2748
-2842
-2818
-2754
-2550
-2231
-1873
-1647
-1587
-1409
-1112
-746
-387
-93
1
-39
9
89
299
398
427
452
301
193
264
466
536
508
343
46
-203
-240
-253
-459
-636
-1007
-1334
-1358
-1250
-1052
-766
-450
-278
66
592
1096
1684
2047
2069
1957
1614
1174
750
236
-370
-1331
-2387
-3286
-4056
-4517
-4934
-5335
-5715
-5965
-5910
-5734
-5360
-4899
-4440
-3996
-3583
-3005
-2302
-1433
-502
276
1102
1881
2658
3599
4344
4906
5243
5404
5558
5522
5273
5050
4920
4517
3989
3500
2976
2480
2032
1692
1218
605
49
-472
-800
-1014
-1221
-1273
-1229
-1011
-626
-87
595
1263
1922
2490
2942
3294
3491
3622
3465
3027
2616
2143
1696
1284
929
704
529
436
428
499
551
435
285
101
-376
-904
-1500
-2099
-2563
-3064
-3272
-3289
-3130
-2713
-2172
-1326
-449
287
1017
1554
1905
2053
1937
1537
894
236
-415
-1020
-1509
-1814
-2008
-2088
-2053
-1986
-1809
-1646
-1533
-1371
-1284
-1400
-1502
-1556
-1590
-1447
-1267
-1007
-663
-244
341
875
1384
1876
2118
2101
2066
1989
1803
1651
1458
1139
770
528
388
316
243
84
-75
-372
-679
-813
-848
-826
-748
-573
-291
129
697
1377
2004
2476
2597
2490
2241
1814
1367
641
-346
-1525
-2778
-3690
-4219
-4707
-5143
-5422
-5719
-5836
-5768
-5501
-5073
-4836
-4667
-4534
-4356
-3944
-3327
-2498
-1632
-848
-72
876
1940
2914
3769
4391
4752
4973
5064
4963
4767
4537
4120
3526
2855
2105
1473
1111
693
237
-221
-747
-1102
-1382
-1452
-1399
-1380
-1286
-1185
-865
-420
37
685
1363
1947
2497
2929
3348
3763
3973
3943
3746
3393
2920
2499
1976
1497
1208
794
416
223
139
161
132
39
-180
-635
-1157
-1630
-2026
-2402
-2839
-3077
-3096
-3008
-2535
-1796
-907
17
756
1484
2156
2708
2976
2854
2533
2023
1371
636
-32
-541
-951
-1238
-1461
-1504
-1332
-1158
-960
-876
-980
-1092
-1221
-1309
-1367
-1446
-1417
-1200
-1039
-781
-192
410
1086
1646
2023
2408
2595
2680
2644
2350
2023
1646
1173
672
175
-206
-643
-1009
-1305
-1530
-1641
-1748
-1792
-1797
-1627
-1443
-1167
-703
-214
308
915
1514
1956
2440
2698
2608
2395
1871
1261
622
-329
-1328
-2261
-3204
-3881
-4390
-4926
-5252
-5447
-5675
-5827
-5851
-5786
-5672
-5522
-5451
-5414
-5100
-4492
-3758
-2810
-1717
-634
569
1833
3074
4153
4946
5459
5632
5607
5435
5081
4535
3898
3274
2649
2067
1645
1376
1155
822
470
182
-112
-336
-500
-594
-843
-1118
-1235
-1120
-738
-308
252
780
1319
1930
2518
3137
3502
3730
3744
3372
3003
2662
2341
1975
1476
1090
812
508
426
502
432
305
47
-255
-545
-952
-1323
-1709
-2198
-2680
-2935
-2800
-2483
-1923
-1285
-716
113
968
1803
2449
2777
2939
2737
2291
1748
1200
648
38
-399
-737
-972
-972
-902
-711
-602
-708
-776
-906
-1089
-1189
-1373
-1652
-1811
-1842
-1652
-1266
-834
-258
216
643
1175
1579
1821
1881
1845
1621
1290
1018
643
292
40
-190
-349
-567
-713
-729
-881
-1001
-1082
-1163
-1186
-1194
-1059
-836
-534
-160
433
1168
1807
2406
2799
3036
3103
2876
2418
1829
1072
124
-858
-1883
-2757
-3419
-4085
-4717
-5146
-5452
-5720
-5921
-6132
-6267
-6362
-6501
-6531
-6353
-5891
-5224
-4494
-3480
-2295
-988
512
1830
2908
3821
4522
5008
5331
5355
5123
4810
4341
3859
3438
2994
2568
2165
1665
1198
818
352
9
-348
-771
-1037
-1343
-1570
-1522
-1388
-1150
-756
-288
276
948
1600
2221
2786
3264
3669
3807
3910
3912
3719
3488
2966
2470
1970
1452
1101
649
360
134
-45
-105
-196
-190
-316
-596
-826
-1076
-1424
-1694
-2010
-2288
-2303
-2179
-1799
-1269
-652
154
965
1764
2460
2938
3209
3156
2854
2391
1859
1268
585
-127
-711
-1111
-1410
-1470
-1378
-1334
-1364
-1493
-1588
-1643
-1820
-2082
-2322
-2591
-2723
-2699
-2496
-1935
-1295
-615
55
674
1298
1796
2238
2471
2420
2138
1758
1464
1070
689
396
26
-339
-615
-792
-909
-929
-879
-959
-1132
-1270
-1270
-1048
-706
-392
-60
383
939
1564
2291
3002
3505
3717
3489
3097
2622
1886
1046
-50
-1278
-2446
-3548
-4391
-5081
-5597
-6025
-6471
-6719
-6884
-6923
-6855
-6764
-6589
-6528
-6253
-5697
-4915
-3815
-2645
-1338
-39
1260
2589
3797
4901
5677
5972
5895
5690
5444
5019
4404
3749
3021
2395
1867
1353
1075
827
541
250
-117
-276
-350
-488
-523
-524
-490
-358
-125
158
544
955
1411
1898
2300
2740
3075
3357
3647
3686
3543
3345
3092
2828
2439
1906
1451
951
432
148
-89
-262
-302
-432
-531
-581
-616
-609
-754
-907
-920
-983
-987
-867
-676
-351
-12
424
917
1364
1759
2024
2185
2089
1844
1548
1063
541
48
-438
-954
-1402
-1677
-1951
-2180
-2365
-2648
-2892
-3008
-3250
-3508
-3557
-3550
-3476
-3280
-2801
-2142
-1505
-888
-257
409
992
1537
1838
1890
1926
1808
1646
1497
1238
919
732
615
380
183
13
-172
-303
-520
-773
-884
-1000
-1019
-984
-776
-322
130
759
1400
2077
2827
3463
3975
4280
4305
4060
3571
2808
1854
784
-259
-1362
-2478
-3550
-4428
-5030
-5633
-6073
-6437
-6839
-7081
-7273
-7440
-7437
-7353
-7223
-6886
-6269
-5476
-4302
-2774
-1291
184
1783
3311
4489
5417
6048
6307
6230
5914
5465
4769
4033
3357
2775
2306
1925
1742
1598
1443
1344
1309
1150
811
542
252
-33
-219
-304
-320
-275
-69
197
460
859
1419
1871
2212
2553
2754
2947
3060
2999
2819
2471
2080
1570
1103
763
418
127
-122
-238
-248
-210
-83
2
-11
-121
-328
-555
-820
-1081
-1356
-1471
-1467
-1436
-1125
-631
-53
522
1075
1571
1878
1960
1880
1764
1333
840
432
-206
-652
-998
-1290
-1384
-1554
-1628
-1734
-2029
-2201
-2351
-2677
-2980
-3341
-3603
-3591
-3545
-3295
-2744
-2066
-1307
-522
268
981
1584
2076
2305
2312
2200
2031
1774
1455
1156
854
547
310
139
96
125
-7
-162
-248
-304
-286
-178
-114
33
385
711
1125
1726
2323
2900
3457
3847
4096
4174
3945
3532
2938
2129
1243
212
-965
-2109
-3194
-4117
-4840
-5535
-6203
-6733
-7073
-7342
-7606
-7741
-7758
-7698
-7470
-7072
-6415
-5548
-4558
-3233
-1792
-476
870
2221
3376
4202
4749
5078
5099
4881
4594
4151
3661
3262
2945
2635
2414
2423
2409
2351
2255
2036
1751
1384
1030
676
272
-119
-389
-494
-561
-426
-131
93
428
908
1338
1643
1858
2067
2252
2288
2234
2132
1955
1789
1562
1375
1202
958
819
668
543
470
365
276
109
-80
-329
-603
-841
-1105
-1371
-1580
-1689
-1714
-1604
-1384
-960
-513
-39
513
963
1412
1743
1895
1802
1631
1437
1031
539
65
-292
-612
-962
-1310
-1528
-1696
-1990
-2262
-2504
-2746
-2990
-3267
-3434
-3447
-3403
-3226
-2843
-2303
-1608
-819
-28
758
1443
2086
2522
2729
2933
2887
2667
2389
2031
1755
1450
1137
925
695
522
363
187
75
-47
-175
-302
-342
-402
-378
-129
124
596
1177
1645
2223
2858
3308
3606
3730
3470
2949
2225
1453
596
-427
-1431
-2525
-3533
-4429
-5157
-5710
-6272
-6720
-7210
-7685
-7882
-8034
-8088
-7891
-7581
-7026
-6243
-5262
-4000
-2655
-1206
263
1548
2734
3728
4476
4933
5082
5045
4808
4542
4263
3963
3727
3499
3326
3187
3157
3096
2909
2670
2264
1713
1189
713
237
-182
-594
-890
-936
-857
-668
-317
166
602
1053
1565
1995
2328
2552
2605
2533
2397
2179
2019
1806
1464
1215
954
790
755
701
686
553
508
439
279
195
-72
-403
-718
-1098
-1341
-1423
-1553
-1547
-1424
-1143
-717
-289
170
548
826
983
1110
1095
953
656
248
-105
-484
-820
-1155
-1474
-1679
-1816
-1958
-2129
-2270
-2421
-2650
-2876
-3097
-3309
-3344
-3191
-3028
-2737
-2235
-1598
-880
-123
613
1310
2011
2429
2690
2914
2942
2794
2533
2311
1979
1676
1451
1211
1151
1091
1061
1050
937
861
796
636
439
266
16
-57
84
253
587
1005
1559
2106
2573
3164
3578
3680
3562
3180
2451
1622
742
-376
-1540
-2748
-3914
-4809
-5592
-6364
-6909
-7349
-7712
-7951
-8176
-8206
-8093
-7855
-7511
-7066
-6292
-5387
-4262
-2839
-1457
-34
1194
2257
3407
4190
4777
5225
5289
5219
5063
4924
4728
4415
4158
3922
3608
3345
3200
2886
2427
1966
1461
938
429
-32
-396
-685
-949
-993
-868
-771
-529
-195
114
558
980
1318
1654
1868
1983
2019
2116
2265
2300
2228
2089
1911
1760
1566
1391
1247
1066
849
566
445
360
87
-140
-406
-770
-1067
-1313
-1456
-1545
-1546
-1502
-1412
-1087
-678
-336
1
305
589
823
859
831
749
546
203
-187
-500
-795
-1016
-1302
-1592
-1863
-2174
-2442
-2723
-2895
-3092
-3324
-3380
-3352
-3221
-2959
-2531
-1987
-1373
-535
415
1095
1594
2248
2740
3036
3152
3036
2875
2658
2390
2045
1701
1490
1294
1088
936
817
712
546
444
294
36
-153
-317
-360
-424
-382
-65
347
959
1617
2248
2947
3454
3691
3848
3764
3242
2557
1691
642
-481
-1774
-2889
-3897
-4854
-5595
-6262
-6800
-7252
-7558
-7724
-7787
-7851
-7878
-7577
-7189
-6754
-6100
-5180
-4032
-2778
-1525
-252
1006
2080
3001
3678
4140
4478
4653
4672
4501
4256
4084
3998
3889
3711
3553
3422
3244
2917
2533
2124
1594
1039
562
112
-367
-647
-813
-877
-748
-598
-346
-130
171
552
800
1140
1421
1593
1759
1899
2077
2129
2071
2112
2124
2044
1915
1806
1748
1524
1342
1201
876
666
487
240
32
-194
-445
-757
-947
-1154
-1416
-1483
-1541
-1401
-1128
-934
-620
-306
122
467
686
902
966
929
747
530
209
-193
-549
-914
-1232
-1564
-1858
-2026
-2166
-2306
-2465
-2578
-2675
-2797
-2815
-2825
-2677
-2311
-2064
-1716
-1111
-426
317
1010
1639
2270
2782
3104
3318
3307
3137
2800
2363
2047
1660
1272
866
499
353
190
123
141
30
-36
-168
-234
-181
-250
-214
-109
92
490
857
1293
1752
2100
2478
2787
2926
2894
2549
2006
1391
503
-496
-1447
-2492
-3521
-4474
-5354
-6042
-6587
-7045
-7388
-7552
-7585
-7626
-7425
-6987
-6525
-5923
-5142
-4217
-3213
-2209
-1264
-123
1050
1975
2864
3687
4365
4834
5142
5379
5444
5441
5394
5200
4930
4574
4197
3633
3039
2547
1908
1374
847
185
-348
-682
-950
-1176
-1268
-1204
-1114
-1059
-860
-694
-482
-109
110
332
493
731
1107
1327
1606
1915
2150
2386
2498
2570
2592
2448
2212
1782
1351
991
594
299
-21
-235
-308
-458
-498
-421
-295
-260
-258
-266
-376
-364
-375
-414
-437
-472
-309
-101
94
357
550
756
937
859
702
444
76
-333
-833
-1351
-1939
-2378
-2768
-3118
-3304
-3429
-3356
-3271
-3102
-2880
-2561
-2113
-1773
-1310
-837
-374
131
572
1089
1581
1903
2235
2507
2624
2678
2577
2415
2187
1853
1511
1094
825
610
262
123
-17
-158
-162
-202
-235
-267
-155
0
195
467
617
892
1279
1605
1955
2168
2340
2575
2687
2614
2410
2151
1663
1020
332
-467
-1349
-2263
-3166
-4078
-4902
-5571
-6191
-6644
-6894
-7047
-7047
-6979
-6801
-6377
-5878
-5355
-4642
-3897
-3042
-2018
-1047
18
1001
1928
2860
3597
4296
4907
5199
5319
5460
5376
5204
5031
4709
4344
3885
3347
2786
2269
1713
1186
687
139
-316
-779
-1134
-1361
-1520
-1524
-1500
-1399
-1222
-999
-613
-225
89
447
881
1299
1641
2070
2403
2553
2662
2651
2654
2539
2277
2050
1662
1177
734
387
82
-243
-388
-527
-576
-600
-654
-534
-567
-564
-564
-642
-721
-833
-779
-841
-897
-762
-652
-531
-277
-52
21
127
202
206
42
-330
-644
-1019
-1451
-1883
-2318
-2672
-2991
-3137
-3127
-3036
-2923
-2683
-2304
-1977
-1641
-1234
-791
-357
70
488
862
1277
1636
1866
2206
2460
2609
2834
2872
2851
2830
2605
2330
2028
1712
1429
1054
687
395
129
-49
-163
-242
-312
-276
-218
-154
-8
173
401
622
790
1042
1382
1611
1794
1955
2045
2052
1910
1610
1151
568
-68
-823
-1554
-2328
-3130
-3830
-4568
-5167
-5707
-6114
-6418
-6679
-6726
-6748
-6607
-6371
-5996
-5408
-4795
-4057
-3234
-2194
-1033
14
989
1901
2808
3638
4266
4687
4922
4946
4861
4695
4412
4215
3966
3647
3352
2960
2595
2237
1808
1364
925
377
-155
-575
-965
-1235
-1397
-1435
-1432
-1365
-1020
-692
-397
42
491
982
1281
1548
1906
2098
2275
2288
2300
2327
2178
2107
2010
1840
1588
1240
983
783
584
381
120
-11
-97
-247
-378
-516
-518
-509
-562
-630
-705
-606
-489
-479
-374
-246
-229
-147
-20
37
74
50
-112
-281
-402
-614
-873
-1216
-1588
-1834
-2126
-2440
-2658
-2842
-3036
-3134
-3029
-2809
-2496
-2179
-1731
-1185
-669
-9
578
1142
1659
2040
2458
2766
2942
3030
2993
2944
2840
2574
2339
2134
1844
1582
1327
1087
874
589
381
289
59
-199
-241
-294
-328
-225
-156
-62
168
404
606
928
1225
1402
1473
1377
1226
909
468
40
-598
-1252
-1874
-2532
-3156
-3719
-4186
-4675
-4999
-5274
-5639
-5878
-6078
-6152
-6105
-6052
-5764
-5364
-4828
-4076
-3309
-2331
-1222
-171
900
1899
2789
3538
4106
4483
4656
4681
4607
4414
4179
3899
3584
3306
3001
2699
2399
2089
1781
1450
1093
710
297
-112
-516
-856
-1136
-1305
-1328
-1339
-1114
-763
-443
-35
410
895
1326
1741
2067
2330
2431
2368
2459
2373
2077
1852
1582
1344
1159
964
872
697
587
572
319
272
235
-10
-117
-286
-436
-520
-673
-750
-687
-557
-372
-113
10
105
322
325
260
212
1
-222
-463
-722
-988
-1151
-1252
-1372
-1348
-1389
-1470
-1513
-1645
-1751
-1955
-2138
-2225
-2376
-2369
-2278
-2132
-1729
-1211
-596
131
864
1500
2042
2489
2710
2769
2748
2625
2437
2247
2073
1892
1737
1637
1574
1524
1483
1475
1376
1143
941
716
434
168
0
-64
-91
-25
120
300
388
382
307
56
-301
-728
-1185
-1668
-2166
-2723
-3127
-3372
-3622
-3648
-3685
-3708
-3715
-3796
-3876
-3958
-4064
-4237
-4265
-4236
-4064
-3670
-3229
-2583
-1839
-1104
-274
456
1049
1540
1932
2238
2382
2499
2518
2476
2530
2528
2557
2670
2707
2690
2617
2416
2187
1972
1589
1238
968
659
417
213
192
234
299
547
753
926
1101
1180
1273
1324
1264
1198
1165
1105
1041
1029
1019
1061
1115
1013
930
914
830
767
603
426
325
183
-28
-301
-476
-674
-911
-1066
-1221
-1280
-1234
-1142
-927
-683
-388
-44
276
607
767
835
925
789
563
271
-74
-425
-669
-812
-1071
-1059
-915
-856
-628
-403
-260
-77
-28
-12
54
-109
-268
-420
-612
-724
-808
-706
-561
-438
-164
183
506
819
1122
1315
1417
1488
1401
1230
1113
928
752
627
469
454
552
703
913
1076
1239
1296
1254
1054
644
204
-402
-1099
-1691
-2210
-2655
-3028
-3237
-3283
-3255
-3081
-2850
-2704
-2662
-2740
-2868
-3073
-3317
-3592
-3887
-3993
-3861
-3571
-3045
-2248
-1449
-651
191
889
1467
1816
1809
1694
1398
898
470
41
-191
-129
-65
120
546
1041
1514
1944
2177
2226
2093
1787
1428
968
559
276
-17
-123
81
303
614
1025
1357
1680
1859
1946
1936
1748
1530
1208
871
690
574
513
528
581
644
740
937
1067
1057
1086
1089
1000
925
898
903
871
929
1087
1197
1289
1230
1245
1257
1072
995
734
422
397
315
193
94
-22
-76
-126
-137
-176
-269
-272
-329
-489
-510
-469
-537
-622
-651
-567
-466
-390
-153
27
125
294
451
522
544
555
489
402
267
77
-73
-160
-234
-363
-456
-421
-384
-290
-194
-224
-198
-94
-191
-337
-585
-973
-1260
-1693
-2021
-2208
-2425
-2550
-2644
-2720
-2728
-2719
-2717
-2696
-2819
-2980
-3155
-3400
-3557
-3631
-3553
-3336
-2971
-2399
-1675
-817
14
866
1575
2116
2493
2548
2574
2315
1893
1521
1113
794
445
250
309
382
491
588
595
606
415
72
-238
-577
-950
-1332
-1527
-1531
-1318
-900
-383
375
1143
1768
2445
2965
3183
3262
3109
2765
2424
1969
1461
1086
802
552
500
527
533
702
858
959
890
667
486
234
-6
-179
-319
-313
-223
14
396
812
1367
1966
2435
2733
2893
2914
2866
2678
2239
1786
1373
970
650
297
42
-118
-312
-459
-680
-842
-998
-1220
-1480
-1788
-1828
-1791
-1809
-1597
-1216
-783
-294
172
546
894
1264
1536
1787
1974
2023
2184
2370
2487
2566
2547
2565
2487
2196
1774
1112
289
-637
-1584
-2533
-3479
-4210
-4837
-5325
-5561
-5693
-5668
-5625
-5620
-5536
-5591
-5702
-5712
-5683
-5551
-5392
-5011
-4373
-3509
-2392
-1303
-236
699
1418
1947
2058
1993
1752
1193
674
229
-115
-351
-361
-79
237
684
1091
1292
1421
1279
916
520
18
-572
-973
-1099
-1049
-693
-36
817
1755
2569
3251
3784
3983
3855
3498
2941
2235
1529
917
502
350
382
601
900
1249
1535
1635
1600
1361
954
489
120
-78
-225
-146
195
646
1350
2044
2647
3198
3379
3383
3178
2694
2183
1706
1287
1039
1127
1359
1656
2005
2276
2428
2266
1890
1275
340
-703
-1646
-2418
-2987
-3153
-2962
-2463
-1705
-857
-21
695
1200
1441
1443
1222
886
594
428
428
576
1048
1817
2511
3095
3460
3510
3206
2431
1333
122
-1071
-2322
-3453
-4360
-4920
-5094
-5146
-5010
-4845
-4825
-4863
-5112
-5441
-5700
-6056
-6255
-6093
-5670
-4981
-3949
-2736
-1480
-263
713
1434
1777
1801
1538
1043
565
26
-441
-626
-650
-608
-445
-246
-168
-307
-604
-1034
-1614
-2239
-2856
-3263
-3437
-3298
-2851
-2220
-1388
-494
308
918
1328
1553
1575
1390
1184
1093
1133
1335
1799
2484
3112
3635
4009
4165
4028
3533
2808
1966
1066
285
-276
-542
-432
-51
645
1499
2317
2987
3442
3628
3526
3168
2604
2124
1675
1420
1419
1545
1928
2408
2912
3233
3267
3140
2763
2146
1351
535
-243
-864
-1120
-1149
-1004
-710
-352
61
425
615
642
539
312
123
193
394
723
1320
1971
2632
3229
3579
3552
3136
2464
1516
498
-500
-1419
-2162
-2654
-2819
-2879
-2735
-2574
-2623
-2859
-3383
-4092
-4873
-5634
-6269
-6609
-6626
-6144
-5142
-3929
-2583
-1292
-238
504
903
840
402
-258
-1005
-1494
-1739
-1650
-1254
-611
202
962
1542
1682
1478
855
-226
-1434
-2716
-3740
-4354
-4594
-4390
-3737
-2774
-1769
-743
-46
275
316
-36
-526
-1072
-1509
-1662
-1367
-739
87
1116
2157
2978
3418
3503
3156
2561
1654
658
-91
-653
-802
-603
-18
808
1527
2164
2604
2688
2449
2020
1411
788
417
298
551
1119
1867
2789
3659
4317
4666
4672
4372
3841
3183
2487
1855
1484
1457
1640
2103
2586
2927
3291
3377
3148
2690
2053
1388
832
434
119
132
385
672
917
955
955
806
469
-29
-668
-1236
-1759
-2115
-2300
-2410
-2422
-2302
-2123
-2087
-2163
-2297
-2455
-2693
-2969
-3037
-3032
-2853
-2431
-1862
-1322
-896
-463
-265
-214
-381
-713
-1021
-1299
-1446
-1501
-1468
-1294
-908
-563
-275
-94
-193
-450
-856
-1336
-1758
-2121
-2389
-2449
-2409
-2280
-2027
-1833
-1690
-1592
-1700
-1986
-2218
-2555
-2824
-2857
-2855
-2517
-1972
-1365
-685
-153
349
747
845
870
893
784
755
881
1092
1470
1877
2293
2810
3082
3165
3169
2900
2485
2019
1525
938
552
330
230
335
342
564
824
951
1044
1006
954
839
767
716
771
867
1084
1458
1742
2052
2389
2694
2871
3011
2993
2843
2731
2490
2190
1849
1529
1177
980
809
432
289
173
47
-68
-283
-435
-595
-783
-1117
-1425
-1631
-1867
-2010
-2069
-1979
-1717
-1284
-758
-358
110
487
604
689
655
465
258
26
-232
-346
-379
-312
-187
5
245
264
327
255
-73
-384
-808
-1264
-1558
-1660
-1695
-1681
-1537
-1305
-1086
-968
-1010
-1215
-1395
-1794
-2314
-2586
-2823
-2869
-2748
-2537
-2161
-1812
-1408
-1075
-957
-923
-1033
-1197
-1378
-1520
-1484
-1286
-945
-468
93
741
1394
1889
2228
2375
2301
2161
2018
1878
1684
1538
1552
1613
1782
1954
2010
2031
1893
1633
1307
838
456
23
-420
-606
-725
-683
-452
-206
-15
211
483
679
793
759
696
599
391
309
280
173
157
171
237
273
180
100
-38
-237
-439
-595
-783
-939
-1023
-1083
-914
-674
-466
-266
-62
205
372
493
590
578
531
507
495
510
485
460
511
497
467
401
340
227
41
-154
-390
-485
-647
-787
-737
-583
-289
-105
72
319
476
548
565
466
328
179
-105
-319
-343
-338
-370
-234
-109
-49
-14
-114
-236
-480
-828
-1078
-1269
-1410
-1392
-1337
-1183
-861
-426
81
468
699
894
1035
1013
917
811
682
593
573
696
874
1032
1214
1405
1589
1654
1575
1485
1268
908
548
194
-52
-323
-535
-574
-684
-706
-692
-755
-775
-896
-1075
-1267
-1449
-1643
-1694
-1599
-1546
-1330
-1093
-838
-450
-302
-335
-375
-479
-611
-806
-989
-1067
-1086
-1029
-871
-737
-600
-454
-308
-166
-168
-217
-346
-426
-434
-526
-477
-380
-203
76
340
614
793
981
1101
952
840
727
504
447
488
514
556
707
895
933
1019
1051
893
675
411
116
-220
-441
-511
-527
-422
-191
15
136
300
413
336
319
273
93
9
-16
8
198
522
829
1092
1400
1599
1647
1662
1546
1412
1243
960
844
853
797
858
968
1044
1171
1152
1010
829
624
442
226
-17
-101
-93
-83
81
224
332
473
516
420
292
121
-162
-438
-745
-930
-1014
-1120
-1081
-1101
-1034
-916
-1044
-1149
-1300
-1500
-1673
-1856
-1908
-1974
-1950
-1761
-1596
-1408
-1196
-965
-850
-826
-839
-860
-869
-969
-988
-970
-875
-715
-575
-384
-216
-162
-98
-34
-234
-334
-400
-552
-516
-490
-477
-360
-209
-46
204
340
282
209
51
-120
-256
-535
-749
-795
-848
-770
-564
-277
3
125
257
361
331
215
150
182
103
52
204
533
947
1317
1710
2039
2219
2417
2428
2223
1980
1655
1319
1117
1088
1063
1045
1191
1482
1754
1883
1856
1771
1666
1437
1173
910
699
583
486
541
690
822
1014
1122
1083
1056
896
683
492
176
-132
-368
-375
-336
-376
-302
-305
-300
-273
-444
-641
-868
-1178
-1431
-1599
-1674
-1636
-1524
-1378
-1146
-895
-782
-740
-725
-816
-929
-990
-1031
-1010
-1033
-1048
-884
-749
-678
-551
-472
-464
-450
-528
-656
-776
-917
-1047
-1108
-1068
-948
-841
-846
-758
-652
-636
-567
-497
-476
-434
-367
-295
-255
-246
-213
-168
-67
37
67
7
-25
-5
-26
-91
-214
-276
-314
-340
-305
-248
-233
-257
-225
-99
116
235
321
432
513
677
823
1010
1164
1208
1435
1581
1569
1670
1715
1709
1714
1659
1751
1727
1580
1559
1424
1309
1247
1097
968
850
678
542
399
203
63
-64
-180
-253
-331
-316
-307
-267
-179
-212
-134
-40
-3
-13
-147
-186
-232
-272
-234
-213
-165
-82
-42
-96
-90
-108
-144
-163
-287
-403
-526
-584
-565
-591
-521
-354
-234
-155
-74
-102
-112
-130
-192
-238
-429
-592
-678
-785
-801
-714
-705
-673
-613
-642
-629
-696
-769
-817
-980
-1016
-983
-1016
-957
-834
-702
-540
-461
-474
-357
-306
-312
-196
-243
-295
-248
-240
-184
-162
-51
68
111
281
361
414
515
535
563
634
595
499
503
420
377
411
454
460
455
530
551
584
576
568
543
449
442
377
332
329
246
243
282
329
427
380
301
325
253
238
287
190
120
102
18
6
-52
-155
-205
-260
-292
-320
-244
-218
-156
-37
-49
7
112
156
167
203
292
343
398
364
276
244
167
223
143
100
253
225
258
186
161
225
78
-15
-8
-102
-220
-220
-243
-236
-203
-191
-117
-63
-99
-98
-74
-10
62
46
68
53
10
-21
-81
-93
-132
-202
-274
-311
-306
-337
-301
-283
-285
-267
-247
-215
-175
-99
-76
-52
-12
-6
1
41
54
53
72
59
134
133
29
99
64
-46
-19
15
-6
-24
-33
-102
-71
-18
-102
-123
-155
-180
-145
-248
-287
-232
-303
-341
-338
-379
-368
-381
-430
-424
-420
-379
-318
-342
-327
-326
-320
-227
-156
-212
-209
-99
-143
-126
-105
-143
-73
-43
10
56
43
51
71
78
76
112
98
92
196
219
247
266
189
250
251
234
283
259
251
270
287
311
358
301
260
265
249
283
258
287
292
237
315
308
317
381
389
465
403
376
397
362
375
278
279
331
223
104
113
155
134
151
64
84
198
137
171
215
157
134
69
-8
-3
37
41
53
115
100
105
149
138
138
28
-135
-141
-152
-191
-216
-228
-162
-142
-102
-83
-176
-101
-72
-182
-241
-406
-473
-472
-510
-493
-497
-483
-469
-471
-507
-561
-557
-592
-665
-669
-685
-624
-500
-489
-445
-345
-293
-316
-327
-283
-328
-403
-442
-431
-408
-353
-232
-155
-132
-18
72
120
214
263
294
196
171
208
217
253
256
321
434
554
590
500
471
545
451
258
194
187
187
207
165
103
90
79
45
-20
-40
-50
-86
-102
-87
-47
-56
44
151
159
274
338
305
398
436
395
417
347
313
368
370
334
332
380
280
245
322
212
199
229
166
119
73
79
68
38
-25
-102
-132
-64
37
62
74
84
116
119
162
176
72
58
-2
-30
-25
-139
-174
-171
-100
-117
-205
-137
-200
-273
-199
-235
-275
-310
-321
-299
-350
-371
-329
-169
-49
-54
22
25
-9
86
70
-35
-76
-151
-207
-221
-297
-368
-319
-213
-159
-143
-147
-117
-70
-67
-126
-230
-221
-202
-262
-247
-222
-234
-218
-107
-67
-92
-74
-120
-102
-131
-231
-202
-196
-227
-167
-143
-65
49
75
118
125
149
132
136
161
43
51
132
102
128
196
189
164
166
78
56
86
-11
-3
-45
-77
-67
-125
-47
15
62
120
225
208
99
219
247
211
283
236
205
201
221
324
428
432
394
398
381
422
398
313
270
293
326
284
291
260
137
119
160
113
43
19
-9
-90
-101
-107
-144
-100
-124
-77
-12
14
20
-64
-10
10
-4
-12
-90
-87
-86
-89
-131
-153
-161
-170
-86
-103
-131
-196
-294
-240
-207
-235
-274
-272
-281
-397
-408
-338
-367
-314
-238
-225
-166
-194
-191
-144
-128
-96
-160
-202
-284
-334
-243
-269
-344
-348
-330
-274
-266
-303
-276
-259
-260
-310
-249
-147
-154
-57
-49
-64
-29
64
133
38
3
81
212
236
234
273
278
233
189
270
320
292
237
145
144
153
122
137
201
295
272
225
283
255
234
253
126
102
149
76
91
148
202
280
315
327
297
360
387
243
203
142
0
-15
-21
25
62
-1
-2
66
165
178
153
120
61
54
39
9
5
60
103
89
55
143
191
120
100
18
-77
-102
-52
-62
-110
-98
-137
-128
-70
-41
-25
-78
-90
-62
-100
-141
-176
-172
-129
-152
-142
-71
-151
-222
-173
-210
-229
-153
-193
-275
-221
-219
-208
-119
-104
-103
-112
-163
-121
-125
-157
-44
-66
-155
-117
-124
-106
-60
-111
-85
-69
-94
-77
-88
-86
-114
-77
-74
-134
-43
-11
-103
-58
-42
-85
-17
-8
24
50
88
118
52
38
87
130
78
75
164
171
102
50
40
67
66
28
7
-35
-23
-1
53
9
-16
62
39
87
65
-2
-9
-21
-19
-36
-40
-14
23
29
47
150
242
230
243
241
180
140
63
56
119
80
33
24
-5
44
62
54
132
123
130
181
159
175
152
149
147
51
62
99
82
108
122
107
109
113
75
24
-23
-125
-166
-131
-115
-83
-193
-197
-96
-153
-131
-135
-153
-23
2
-47
44
22
-36
38
43
60
80
135
172
142
132
36
-12
50
23
0
0
-57
-63
-39
-30
20
12
-104
-106
-41
-28
-63
-118
-77
-43
-66
-80
-73
-35
-5
-53
-105
-74
-76
-76
-52
-60
-47
-83
-149
-124
-72
-67
-112
-107
-62
-81
-106
-121
-129
-193
-225
-202
-217
-202
-198
-140
-110
-176
-157
-106
-91
-103
-122
-71
-21
37
2
-78
30
122
139
223
186
152
198
139
192
236
155
132
103
97
151
116
91
120
89
107
88
36
52
41
54
83
84
58
41
60
76
59
63
61
107
196
176
138
177
204
147
93
104
166
127
19
2
35
123
159
96
84
109
69
64
133
188
165
59
77
113
80
57
-16
40
40
-24
33
-11
-41
-24
-38
-34
-57
-40
-50
-98
-101
-126
-123
-167
-218
-231
-194
-92
-120
-151
-157
-190
-208
-205
-177
-131
-80
-200
-319
-225
-217
-254
-218
-231
-217
-198
-81
-109
-249
-168
-145
-112
-75
-65
0
8
-13
-16
14
12
-23
-54
-25
-55
-54
-17
-43
-12
-6
-10
6
-6
27
100
100
53
18
33
34
7
58
93
56
86
146
90
38
71
72
106
119
3
48
111
95
85
24
11
29
103
104
93
172
141
120
163
187
126
8
-23
18
149
169
130
210
176
132
147
112
109
90
77
62
34
71
51
64
150
171
103
80
89
45
82
54
7
26
-33
-127
-91
-50
-69
-47
-99
-52
14
6
20
-28
-86
-177
-145
-86
-84
0
-25
-41
-57
-112
-131
-168
-124
-96
-143
-195
-219
-212
-211
-179
-122
-125
-121
-50
-86
-151
-159
-132
-68
-84
-79
-31
-58
-96
1
66
5
37
10
-2
62
2
18
-3
-22
75
8
-31
-48
-30
-16
-20
69
34
74
83
11
-10
-38
29
29
13
80
58
41
64
38
57
89
106
66
-32
22
91
96
113
63
-15
-7
39
8
-34
-58
-28
28
54
59
139
188
132
118
79
66
130
146
142
126
126
135
120
128
70
148
87
-39
73
3
-33
-46
-62
-7
-64
-18
34
11
31
45
28
-20
-5
59
59
23
-8
-19
-15
6
44
0
-55
-57
42
18
-93
-59
-69
-105
-144
-132
-136
-147
-85
-135
-213
-184
-136
-120
-139
-154
-127
-121
-118
-52
-27
-11
18
32
-40
-110
-63
-100
-72
-45
-57
-31
-56
24
1
-72
-44
-79
-33
33
1
-22
-22
-31
12
82
99
96
36
35
49
20
40
39
87
67
-3
44
74
44
27
85
133
17
-50
30
1
-53
-68
-74
10
6
-13
80
79
59
43
22
70
31
36
10
-47
-15
-61
0
28
21
37
64
125
80
100
68
45
40
-17
-6
-17
45
103
54
85
137
126
174
163
59
48
10
-17
-47
-4
99
94
112
53
43
87
55
5
-1
8
-93
-64
31
50
88
-5
-47
11
13
-23
-95
-91
-98
-49
-25
-91
-112
-124
-66
-25
23
67
-4
2
-6
-26
42
30
43
-13
-37
25
-2
-2
-3
-9
9
-8
-68
-47
-34
-83
-106
-52
-86
-98
-2
-50
-25
-11
-70
-16
-28
-81
-63
-81
-70
-8
-7
-52
-81
-21
17
-17
-50
-20
-29
-93
-53
-38
-68
-10
-38
-81
-13
-10
-38
-31
-24
-36
4
25
-44
-69
-42
-42
-35
33
28
38
62
-41
28
66
-35
38
88
66
42
75
118
81
107
149
120
111
129
100
50
47
93
58
16
75
144
144
63
60
124
81
54
75
49
77
80
-30
-16
19
-25
-18
-7
62
54
17
44
-28
-28
-52
-70
-9
-45
-38
-2
16
28
11
-30
29
68
-48
28
41
-56
-15
-83
-94
-66
-110
-82
-49
-82
-94
-82
-142
-144
-143
-142
-87
-117
-124
-90
-44
-8
-19
-45
-37
-35
-28
-28
-44
48
11
-15
5
-32
50
69
25
-30
-34
0
15
12
-4
-79
-157
-22
22
-21
-17
23
77
56
29
17
10
-41
-18
-44
-86
0
-17
24
66
17
24
-37
-49
0
-5
21
32
11
12
21
8
6
-19
-52
49
49
-24
12
4
43
43
32
68
61
93
109
59
55
98
5
-39
50
95
141
67
-8
41
31
-4
25
28
-62
-79
-16
2
-22
2
21
3
-35
-22
-15
-86
-40
-30
-28
-17
-76
-42
4
-30
-42
0
19
12
27
86
59
31
5
-57
43
89
47
-16
4
52
30
48
-36
-38
72
81
33
0
24
2
-12
6
-42
-19
38
76
96
-31
-90
-13
29
27
7
6
-22
-44
-36
-49
-14
28
34
-37
-71
-69
-98
-55
-96
-40
29
-38
-80
-89
-45
-32
-31
-80
-43
14
-50
-13
-70
-104
16
39
8
-63
-92
-55
-57
-46
3
11
-19
-39
-41
-25
-32
-17
22
27
-22
16
-33
-77
19
-3
43
51
-31
0
0
20
61
44
61
2
-56
-45
-53
-62
-54
-37
-25
2
8
81
115
7
-77
-28
-1
-66
16
63
84
125
58
70
65
-9
25
64
18
36
49
62
103
41
52
74
98
69
-4
84
107
97
79
42
36
29
71
17
13
79
22
-11
8
37
54
27
-42
-24
-31
-38
-11
-51
-20
-45
-55
-10
-42
-27
1
-10
43
74
-26
-30
18
-42
14
11
-96
-53
-12
-21
-55
-40
19
29
50
63
-8
-100
-63
-40
-47
-30
-80
-87
-91
-73
7
-38
-131
-80
-47
-125
-127
-68
-121
-92
-89
-103
22
-67
-86
1
47
129
40
4
14
25
2
6
114
31
3
35
47
27
6
56
47
25
-66
-85
24
-37
-91
-38
-30
23
-9
-6
41
35
74
20
-31
-17
-8
2
39
92
18
-44
52
91
50
38
40
16
5
-6
-59
-1
27
-29
41
65
56
87
85
89
33
50
51
8
12
-5
15
12
21
40
12
36
22
27
16
15
65
-33
-81
-26
-11
8
-11
-27
36
16
-29
8
41
70
25
-48
-28
-53
-50
47
0
-54
-6
-12
54
82
-51
-61
-28
-65
-8
-20
-83
-62
-78
-5
69
40
-7
-45
-9
8
22
-19
-49
-58
-37
68
-36
-103
-11
-37
-57
-39
-13
54
-34
-56
25
-59
-69
-61
-10
85
-10
-42
29
-1
-5
-7
-49
-6
3
-13
-39
-104
12
16
-49
8
-79
-47
35
77
105
50
31
21
22
21
45
64
38
-41
-21
56
37
31
63
86
48
15
-31
9
53
-12
-24
8
93
98
39
95
46
-35
46
45
10
40
20
1
1
14
4
-22
8
39
-6
10
46
-49
-20
44
46
0
-85
-14
36
-42
-55
-12
3
8
2
1
2
6
11
6
-38
-108
-97
-47
-83
-86
-67
-14
27
-7
18
-29
-65
-71
-51
19
-20
-75
-45
0
15
40
13
21
45
86
16
-82
-7
-40
-21
-16
-44
8
-42
22
33
-49
23
9
12
-25
-83
-11
-40
-78
-142
-75
12
-48
23
58
20
37
0
-8
-19
-9
-12
-33
30
-5
-30
-34
-43
22
80
72
79
90
32
34
51
63
53
39
47
32
19
24
39
39
53
28
-14
-54
-93
-71
-19
-21
-17
9
-14
23
67
21
-16
-36
-29
-13
0
1
-10
38
26
-22
47
-24
-62
58
-19
-7
80
65
74
-2
-50
3
-14
-85
14
56
-2
45
94
76
40
-36
-52
25
-43
-19
75
-8
-2
30
61
118
55
-3
-34
-3
29
23
16
-20
-5
0
-83
-60
-17
-29
15
-17
-25
-86
-88
13
21
40
-16
-63
-2
77
67
8
33
56
42
70
36
-25
-23
-32
0
-23
-54
-60
-69
33
38
37
65
-15
-24
43
32
3
-13
-5
9
-104
-75
-27
-80
-46
2
59
0
-87
-69
-45
-55
-82
-26
41
58
81
1
-17
-25
-77
-22
-74
-49
-5
-79
12
26
-10
2
-22
-13
17
41
96
129
-16
-28
-19
-85
-16
-12
20
7
-26
-19
-15
54
40
16
29
-1
-38
2
16
4
59
-16
-80
-1
35
58
25
-8
2
11
-29
-75
0
-8
-11
66
71
55
49
33
47
46
-50
-28
-39
-91
21
-24
-50
17
-23
15
30
1
37
67
44
-11
36
-16
-82
-3
-9
-4
10
65
74
16
37
25
45
61
37
31
13
-34
-28
44
3
-10
56
35
-6
-30
-53
6
26
-68
-31
21
17
23
-36
-34
-30
30
79
-48
-70
-24
-34
-48
-83
-93
-76
-24
0
-8
-8
-64
-89
38
86
47
17
-38
32
39
-52
-30
-17
9
35
-31
1
36
21
47
-13
9
47
-36
-83
-47
8
33
49
-48
-13
17
-79
4
-2
-18
9
-30
43
42
-56
-20
-7
3
37
7
9
7
31
-16
-39
-38
-85
-49
-36
51
74
26
104
89
80
91
75
78
29
-8
-20
13
-16
-40
1
-5
41
59
-28
5
40
35
84
31
-13
20
-21
-61
27
23
-31
-9
-14
8
10
30
-3
-19
64
31
-81
-123
-2
18
-32
69
34
-48
7
38
56
-5
-42
-24
-66
-74
-55
37
35
-12
30
48
55
32
-20
-4
-10
-108
-70
-58
-85
-11
-31
-28
3
-38
-34
29
44
52
86
-7
-60
-67
-80
-21
-20
-19
-22
-1
22
45
60
14
-25
-36
10
-18
-66
-64
-40
2
26
8
-10
3
35
46
9
6
-6
-56
-145
-93
36
18
35
32
-14
35
77
33
33
54
38
65
19
-72
-34
-3
-6
6
-16
21
79
74
59
28
10
48
48
26
-5
-57
17
68
-5
23
20
-31
-20
-19
9
-27
7
14
-89
-20
-10
11
50
14
58
18
12
49
6
1
-28
-65
-86
-32
44
-40
-91
-10
25
12
42
22
17
65
41
0
-20
-24
-54
-6
4
-36
-2
-51
18
77
-81
-59
37
4
5
-20
0
26
-77
-22
-7
-63
-18
-71
4
35
22
79
-24
-30
27
12
-40
-42
58
24
-36
-9
-59
-9
52
70
82
-27
-91
-57
11
-34
-25
113
88
15
31
39
7
-67
-68
-30
-62
-31
4
0
-31
-91
8
100
65
-17
-29
45
38
72
23
-59
-22
-27
-11
-7
7
48
19
34
32
-24
-7
81
55
-3
9
13
44
-24
-91
-43
-37
-6
-10
-68
16
73
31
30
34
39
-5
-3
55
7
-17
9
22
18
25
-14
-31
-9
-55
-14
-18
-67
-21
-23
17
33
36
27
-20
19
-32
-64
-62
-84
3
-38
-25
49
-21
14
6
4
15
-26
-23
-6
9
-44
10
39
-27
19
30
11
49
-11
0
84
1
43
85
-54
3
35
-20
-21
-81
-57
-22
-44
-15
10
-5
30
13
-40
-34
11
20
-32
-2
10
38
24
-32
-15
48
80
28
15
-15
0
5
-42
45
41
9
67
19
0
10
-7
-2
-83
-58
5
-22
-13
-3
47
21
56
116
74
53
16
22
25
-57
-119
20
38
-1
0
-131
-63
-7
40
36
-47
25
59
126
86
-33
-28
-56
-21
32
1
1
-44
-14
12
-24
25
-31
-92
-46
-6
-24
19
33
-10
66
20
-40
-13
-62
0
43
34
5
-69
-1
-37
-60
37
87
88
31
22
-9
-49
-50
-34
-67
-99
-65
-37
-57
-87
-61
16
73
69
66
100
121
-20
-82
39
42
-48
-75
-52
-8
48
-34
-85
-21
-10
29
91
30
-65
-45
-52
-16
28
4
-38
-35
-2
29
95
32
8
39
-49
-106
-20
59
27
49
100
18
3
55
23
28
-11
-102
-94
-13
-33
-53
40
57
49
12
28
121
90
63
75
68
33
-32
-108
-94
-46
-18
40
-16
-95
-47
-54
-12
53
13
73
21
14
94
35
53
19
-21
0
-40
3
43
25
-22
-34
32
63
74
6
-45
-56
-85
-67
-8
44
31
-18
0
10
-91
-97
27
4
-69
28
74
37
5
-10
64
45
43
27
-54
-41
-82
-111
-80
-75
-34
70
107
-49
-87
4
14
54
25
-39
-6
14
-9
-15
22
23
-44
-40
-16
-48
-16
5
41
65
-25
4
71
11
-34
-53
-36
18
1
15
34
-51
-12
42
-4
16
40
13
28
37
-22
0
9
-18
-9
-38
-2
-1
-59
-56
-64
-35
-13
-4
-6
-12
46
25
30
55
18
65
69
32
12
-17
-18
4
38
-8
-4
40
-23
-3
-7
-37
2
16
64
35
-51
-35
-24
-77
-26
10
-3
81
44
-3
61
-9
-18
65
33
7
18
4
8
-22
-122
-58
26
1
-28
-3
18
-15
40
11
-34
54
45
0
-7
-62
-11
34
-65
-49
27
13
51
23
-3
21
-45
18
-8
-65
4
-22
6
-50
-20
88
-2
-56
-58
-37
2
-9
-21
68
65
46
99
15
-8
26
6
21
11
2
-80
-75
26
-65
-75
-22
-25
-76
-85
3
19
68
100
72
74
55
-17
-41
-8
19
-1
-70
-33
-12
-79
43
9
-143
-13
5
25
110
-30
-56
-12
-60
-17
6
21
42
53
66
32
45
8
-49
23
19
-43
-3
-16
4
33
4
71
49
-52
-55
-8
-19
-73
-99
-89
-31
42
104
41
48
177
52
-55
-27
10
79
38
-14
-30
-57
-37
-45
-66
-65
-30
40
54
66
10
29
72
6
35
-84
-85
75
-7
-39
16
-2
-8
59
100
47
-4
-40
2
44
-37
-21
-33
-85
-18
-36
-12
47
-7
7
43
-5
-13
55
43
-10
55
44
0
30
33
96
56
-84
-15
4
-87
-56
-69
-116
-120
-53
-38
-8
16
-15
68
101
84
17
26
71
55
92
-12
-107
-33
-31
-49
-25
-117
-121
-82
-59
48
38
23
52
69
100
67
30
-23
-48
-86
-92
9
-24
-37
9
-7
-6
15
69
30
-3
55
8
-6
16
-73
-79
-72
-79
16
25
0
-8
50
91
29
20
30
42
18
-42
-51
-49
-27
-12
12
50
36
32
-16
-16
-18
-94
-52
-91
-81
-18
-4
102
29
-44
33
116
153
61
52
104
8
-24
-43
-112
-78
-89
-126
-35
76
89
53
-16
16
65
59
98
-42
-109
-21
-81
-16
49
-2
37
5
32
143
41
-44
-41
-54
-30
-22
10
-23
-66
-40
-78
-21
97
56
-4
56
84
60
32
-43
-18
20
-37
-30
-91
-87
8
-1
52
116
88
15
-34
12
13
-36
-57
-59
-37
-41
-50
-48
0
9
2
72
49
104
159
46
10
37
-12
-33
-102
-186
-126
-11
17
-14
31
62
59
33
-27
1
34
-55
-50
0
-12
25
64
48
7
-17
-21
10
-13
-43
6
-32
-86
17
14
-97
-35
17
33
81
31
40
-4
-41
31
-16
-25
-29
-67
9
31
9
-20
-50
9
5
71
118
-25
-60
-81
-146
-59
24
-46
-9
-16
-5
149
42
1
43
-9
63
66
-39
-28
-39
-43
-9
-58
-33
20
-23
-37
-9
15
23
6
13
16
14
40
-7
5
58
-36
26
37
-75
-31
-57
-47
-43
-70
14
75
68
7
-1
35
30
38
94
57
-63
-107
-49
-44
-90
-19
2
29
105
73
54
55
30
-3
-59
-42
9
-38
-70
-65
-10
77
35
51
66
-2
71
69
-3
37
-10
-96
-80
-31
-6
-7
-26
-42
59
65
-53
5
-1
52
68
-29
27
-52
-115
0
35
32
35
26
-28
-24
40
-22
-12
-6
-56
0
-17
-4
47
-7
-6
35
36
58
65
-7
-43
5
-32
-62
-50
-90
13
72
14
10
13
-1
-6
19
-15
-34
8
13
14
11
-40
-70
-15
-42
-29
35
18
38
22
30
11
-1
67
-19
-35
26
-52
-26
-20
-43
8
-42
17
57
-21
24
36
-18
-41
-10
-56
-118
0
47
-7
-11
24
73
56
-35
1
107
69
54
-35
-99
-57
-94
-6
-5
-51
82
64
-4
44
26
56
33
-38
-8
-22
1
-26
-34
30
-14
-15
17
2
10
-9
-27
15
3
-19
31
31
13
8
-26
-13
-13
3
13
-21
29
32
3
25
16
-27
-8
19
-16
60
58
-20
54
60
24
-44
-99
-31
-26
-15
39
10
11
14
34
119
65
-6
-34
-54
-53
-50
26
43
-28
-14
29
20
0
35
49
1
56
-2
-60
-42
-38
62
51
30
11
0
33
0
-5
-10
-19
-49
-71
3
54
28
-74
-31
85
37
20
31
84
58
-16
-49
-88
-54
-33
12
-9
-27
8
-58
4
55
52
68
2
-14
-25
-5
-3
-31
-10
-3
-25
-53
-4
4
28
78
113
101
-24
-68
-47
-12
-58
-122
-52
-24
4
12
-3
10
-22
38
29
-20
40
34
-8
-55
-71
-71
-64
43
39
-38
47
47
-8
58
7
11
35
-95
-6
41
-56
-2
-14
-59
-6
-26
-46
21
51
73
71
-36
-9
4
-44
57
-19
-60
-9
-30
15
-15
-60
-29
25
-50
-78
16
-5
8
17
-6
27
9
9
12
9
78
110
45
37
98
24
-83
-83
-24
9
-34
-47
-67
-72
-3
53
54
37
59
34
35
41
-32
-88
-86
19
22
-18
73
54
-14
-50
-83
-4
45
75
49
26
35
-84
-65
27
51
29
10
46
83
68
-51
-54
7
6
-33
-8
91
15
-12
29
-3
-16
21
55
13
-20
-29
-54
-62
5
-1
-37
-37
-67
8
73
84
69
-4
1
23
1
2
27
69
53
8
11
-29
-61
-5
13
-16
15
45
-24
-72
-69
-4
43
-32
29
90
13
35
59
5
-7
-48
-40
-5
-97
-76
-39
-58
-80
-44
74
87
54
32
56
87
15
-13
0
-37
-58
-39
14
-7
-9
9
-54
-5
-4
-37
16
8
64
63
45
42
-14
-7
-60
-87
-28
12
-5
-33
-19
-20
-1
32
-79
-117
-25
16
40
41
62
22
-5
16
29
38
-30
-19
22
-9
-45
-65
-24
-10
-8
-9
15
13
42
37
-85
-27
13
45
80
-5
35
44
-50
-33
-38
-96
-63
-38
0
-12
-30
55
37
3
21
6
53
28
-10
62
0
-3
46
-29
7
21
-56
20
65
-44
-66
22
71
-2
-14
7
-74
-24
-1
-53
38
59
50
29
2
27
-47
-21
35
-52
-84
-50
-80
-85
-27
36
50
53
77
38
-11
71
116
49
64
17
17
18
-50
-30
-47
-44
8
39
6
26
37
3
-13
-51
-19
25
31
-3
-63
-6
79
-14
-125
-76
-36
18
26
-76
-20
14
-5
3
-34
-13
18
2
57
89
52
58
14
-16
-5
-15
28
47
40
29
-56
-104
-2
70
6
39
63
0
-47
-35
35
22
37
-3
-81
-81
-74
-130
-182
-67
-14
-15
20
9
21
53
45
-5
-39
5
55
54
21
47
16
-66
-41
-38
-3
47
39
-23
-10
20
13
74
40
18
0
-38
1
19
54
-1
-84
-52
6
15
-80
-81
-33
-47
-54
-114
-78
26
-17
-49
-12
-4
22
19
25
-8
-22
51
42
-41
-26
20
-69
35
86
32
46
3
75
40
17
60
-48
-26
-12
-46
22
-16
-29
51
3
-42
21
-35
-34
0
-65
-16
-5
-41
-68
-82
13
43
0
1
3
-46
-36
-30
-49
27
-28
-72
-23
37
127
76
79
69
-7
14
47
57
23
32
41
21
-16
-39
5
25
29
-55
-34
0
-33
28
38
-50
-44
72
-6
-61
-67
-61
37
13
-5
-44
-28
9
-32
38
57
13
-39
-49
4
-14
14
7
-22
49
78
45
22
61
26
5
42
17
-12
21
-1
-34
23
-44
-59
32
17
16
58
50
16
-36
-63
-39
-45
-39
-46
-78
-27
-17
-65
12
15
-37
67
59
-7
-10
-26
0
29
33
-21
-74
-64
-5
14
44
59
42
81
41
46
9
-101
-44
7
1
8
29
19
-1
27
21
63
163
73
-54
-18
-61
-81
-56
-64
-26
-18
-36
-25
100
47
-21
82
37
11
7
-39
-63
-30
-11
-21
-53
-74
-1
3
60
170
70
0
63
-14
-16
17
-77
-18
2
13
61
33
70
0
-14
47
6
1
-40
-50
-7
-72
-72
11
43
46
31
-16
-50
-39
-40
-6
4
-18
-36
-30
-20
8
19
-14
-21
-48
-33
-7
0
-8
4
46
10
40
36
6
63
34
51
59
20
48
1
6
13
-3
-10
-48
38
3
-29
21
22
21
-30
61
26
-49
-3
-63
-14
44
4
-6
21
35
7
33
53
12
-21
-61
-77
-38
14
-11
-43
24
44
87
167
136
75
37
28
50
1
-82
-83
-53
24
-5
-45
83
45
15
56
-26
-16
15
20
50
-9
-56
-52
-71
-62
-58
-86
-59
-25
15
28
-89
-10
44
-67
12
43
-2
-1
-11
6
46
63
80
74
35
-14
-79
-62
-29
-9
-20
-48
9
11
15
73
68
45
13
15
13
28
28
-58
-82
-33
-9
-53
-58
1
8
-55
-84
-41
-7
54
65
-2
28
21
-9
60
71
59
21
-10
-10
-8
24
-3
-47
7
65
99
93
28
32
37
24
1
10
0
-83
-6
75
13
-62
-52
29
-18
-27
78
53
-30
-21
6
-79
-113
-87
-126
-71
4
-3
-11
19
43
102
111
-26
-55
22
5
-35
-40
-5
-64
-83
7
45
102
76
67
84
14
-10
-8
-14
-78
-128
-71
0
-22
-89
-6
38
60
98
19
32
-25
-73
-38
-51
-7
-102
-99
23
10
-7
-8
47
84
111
109
56
31
-1
-46
-66
20
25
-33
10
19
49
30
37
113
72
91
42
-71
-40
-55
-50
18
-2
-42
-44
12
40
26
35
19
74
61
-14
17
33
7
-35
-27
-99
-107
23
-16
-33
39
80
76
19
-35
-19
-31
-65
-16
-7
-20
-11
5
66
41
-57
-7
29
1
44
4
-15
15
-34
-26
-1
-44
-69
-42
-24
-12
30
-6
13
46
44
62
-11
-59
-45
-30
-48
-22
-35
-66
-77
-34
23
9
93
112
23
-28
11
-17
-29
46
-49
-38
18
-39
0
10
66
105
-5
15
34
-6
21
33
40
-6
-60
-59
-77
-88
-61
14
45
81
106
59
53
-15
-20
31
-36
-109
-63
-66
-68
56
51
-12
-1
26
92
83
-5
16
31
-27
-43
-142
-117
8
-27
-58
-53
7
66
46
29
72
31
9
49
-69
-90
-41
-5
35
-12
-16
-7
-43
-26
16
79
87
71
16
-41
-24
-49
-49
-56
-41
9
26
10
21
27
30
91
29
-42
-49
-23
-3
-76
-37
-14
-69
37
121
63
-8
53
90
72
62
-13
-61
-101
-60
41
53
11
-28
-28
29
61
20
-23
-20
19
53
1
-37
17
-30
-56
37
34
-27
-6
-26
-30
39
23
27
77
94
70
-48
-66
-5
-59
-27
17
-34
-15
-67
-91
-56
14
92
-51
-35
64
45
25
20
18
-72
-27
-11
-48
-45
-40
37
29
32
16
32
90
31
0
-40
-85
3
31
19
81
-1
-38
79
47
3
59
17
12
30
-40
-68
-129
-160
-114
-57
-13
-41
-17
84
83
52
6
-28
75
1
-84
-21
-59
-20
6
-22
53
50
24
45
24
23
-9
-19
16
6
-5
-38
-89
-22
22
-24
34
32
-20
44
31
0
-28
-58
-47
-111
-95
-40
-51
-76
-85
-46
51
66
-37
-47
-34
-27
-73
-36
62
-45
-53
52
0
70
142
7
-6
30
12
-11
-28
31
98
39
14
49
10
-15
-22
-23
55
44
-33
-21
-12
-9
-49
-66
-7
36
-11
-23
3
-6
9
-29
-52
-73
-84
-30
-35
0
19
-50
-39
83
131
62
28
57
79
2
-27
55
83
67
91
96
21
-26
28
16
-32
21
11
-31
4
-18
-90
-74
-60
-25
-25
-75
-15
-14
-46
21
47
0
-60
-72
-86
-83
-4
-22
11
0
-62
24
25
20
63
58
26
17
61
66
59
26
25
71
70
61
-15
-86
-47
29
44
-9
22
38
8
-29
-96
-47
-34
-56
-2
-36
-24
-16
-16
23
-30
0
0
-21
-29
-49
14
-11
-51
78
88
1
63
7
-37
11
-24
18
77
89
84
72
56
36
38
-44
-67
-36
-38
66
34
-9
58
-21
-61
-53
-33
-18
-78
-21
-40
-109
-45
-63
-32
35
0
33
22
-43
-65
-54
7
14
-18
-4
-6
-39
-17
33
33
78
104
55
15
-32
-7
27
-14
-11
30
-21
9
39
-48
-4
-9
-84
-78
-29
13
34
-21
-45
-6
-34
35
47
-38
-57
-23
43
-2
-17
25
4
49
45
-37
-49
-38
-29
25
64
86
96
31
1
53
47
48
0
-56
-36
-59
-65
2
43
-2
-10
-2
18
47
3
-30
-8
55
58
-37
-15
15
-126
-119
-10
16
71
44
53
57
-15
0
-6
1
-10
-3
4
-72
-50
-19
20
46
67
117
16
-11
13
-66
-54
-32
-53
-83
-39
-42
-79
41
90
61
44
35
101
58
-82
-58
2
-55
-66
3
12
-40
-35
14
89
92
8
12
15
12
8
20
88
6
-46
34
57
22
-43
-55
-8
26
50
25
22
-23
-45
-34
-56
-31
-46
-9
-12
-30
30
109
113
29
98
63
-46
11
15
52
-3
-116
6
62
-25
-59
8
25
21
48
14
71
110
11
24
48
-37
-36
39
37
-41
-71
-69
-40
-33
-43
47
9
-83
-48
-70
-32
18
11
19
-55
-57
9
28
26
68
85
96
75
-20
34
59
-48
-40
-9
-15
-23
-38
22
-4
0
97
89
47
2
21
6
-69
-61
-54
-60
-90
-88
13
7
-25
-22
-21
2
52
62
42
41
1
10
-78
-91
0
34
17
-62
8
48
31
40
14
-4
44
84
-25
-86
-28
-1
4
57
62
41
58
20
15
-15
-84
-109
-83
-46
-69
-36
-10
-71
-74
6
-36
-60
-13
-12
61
72
0
-7
40
9
-43
-41
-50
33
19
-60
0
-36
-62
-4
18
20
2
-29
-37
-36
-97
-47
36
27
59
34
-33
15
0
17
29
-65
-39
-27
24
19
-28
12
-91
-105
-27
-16
-56
-116
-58
3
-13
-1
92
124
60
48
23
-39
-25
4
16
57
15
-22
-33
-50
-41
-14
48
56
-11
-61
-15
-20
-12
31
4
18
-22
-50
21
108
75
6
-11
-60
66
53
-51
-45
-85
-5
-1
-2
-3
8
75
41
1
-47
0
67
12
-11
0
-39
-20
26
4
9
23
39
64
18
39
47
10
18
-15
-22
14
-9
-16
-6
-30
-3
-28
-39
0
44
65
5
-24
17
54
-1
14
54
0
18
25
86
135
55
27
14
0
-47
-51
-13
-39
1
49
-32
-100
11
70
20
64
27
0
76
15
70
108
-18
-21
-2
52
42
-34
30
36
-22
-13
-30
-25
6
-10
-9
53
38
-14
-30
-36
-21
15
84
62
3
-6
-40
18
31
-64
9
58
30
55
7
-15
1
-18
12
-6
-63
-18
-27
-76
-63
-80
-9
47
1
66
80
13
2
-31
-38
17
0
-58
-20
3
45
42
-75
-83
-53
2
-9
-85
-16
-17
-20
23
-25
4
0
-41
17
13
32
106
57
5
48
7
-51
-38
-74
-49
-29
-26
24
24
52
-19
-87
-33
6
-1
-108
-53
-9
-118
-62
-17
-25
73
73
38
47
82
95
41
-10
-90
-71
-68
-58
-57
-103
-2
33
5
68
123
100
-2
-47
-22
-13
2
-52
-127
-63
-37
2
106
56
57
75
21
-8
-60
-49
-41
-70
-82
-55
-16
-67
-75
-30
4
3
26
106
84
29
-2
-2
-13
-48
-6
14
27
18
19
77
103
117
8
-81
-21
-12
-31
-79
-69
-5
-67
-90
31
59
49
104
107
103
66
32
1
-96
-92
-20
-33
-79
-88
-49
16
72
72
99
131
77
26
-22
-30
-25
-93
-60
32
65
62
76
15
13
77
36
70
44
22
14
3
4
-31
-20
-63
0
33
-46
-53
-54
11
41
-14
24
66
-6
-25
-10
22
82
48
35
11
19
34
15
-7
3
54
3
4
-63
-74
-20
-39
46
26
50
73
-20
0
49
55
9
25
22
-87
-108
-23
50
27
5
31
-33
-41
-17
-47
5
29
53
-4
-92
19
63
22
61
-12
-48
67
36
19
40
21
42
-6
-80
-99
1
13
-61
-15
0
-8
11
5
13
-10
-7
18
-8
-7
-35
-13
-12
-63
-20
-53
-30
27
-12
31
59
6
42
45
-16
9
-14
-44
-29
2
16
-33
-6
-47
-38
47
2
18
25
-31
-25
-19
-33
-35
29
57
-14
6
17
-41
-37
-68
-101
-18
-2
-16
3
-62
-41
-10
-24
28
59
76
25
3
79
-18
-72
-5
11
42
45
34
-21
-4
25
-11
12
-26
-4
63
-11
-25
-6
-65
-51
-44
-78
-38
-34
-21
39
31
12
2
32
61
-20
-25
45
30
66
-2
-152
-93
-21
-12
29
2
-7
45
27
35
20
16
68
31
24
44
55
49
16
15
-52
-83
-48
-90
22
88
-44
-53
-27
-21
19
10
-43
-32
-55
-45
-39
-12
72
-8
-1
48
18
10
76
99
-2
-11
-26
-33
10
17
18
29
60
72
51
91
96
19
21
-36
-109
-86
-70
-28
40
41
68
56
-14
0
-21
-19
8
-16
17
27
10
28
-5
-41
-23
-3
-1
-58
-56
16
-10
2
84
14
-11
39
18
-20
-7
29
23
24
35
21
59
91
-7
25
46
10
20
-88
-107
-52
-25
9
11
27
56
28
12
43
27
27
-42
-84
9
40
23
-20
10
58
5
-37
44
60
29
101
37
2
1
-76
-83
-81
-68
-24
35
34
-46
-11
30
-29
36
42
0
15
-85
-78
2
17
15
-44
-85
-38
-24
23
41
1
68
23
-20
20
4
14
-70
-67
35
-3
19
45
101
144
15
-10
-3
16
56
-27
-26
19
4
1
48
-3
-96
-56
-25
42
6
-98
-50
-59
-79
-68
-89
-9
89
51
14
29
37
10
-37
2
-54
-80
-11
-15
-19
-35
-19
-30
15
43
12
20
5
8
0
5
84
66
-62
-33
7
-2
-28
-71
1
3
18
21
-7
42
-7
-41
-34
-46
-16
-34
-14
37
30
24
17
38
20
-7
7
-15
-55
-89
-25
22
1
3
-32
32
79
56
9
-86
-60
-55
17
22
-88
-26
30
50
17
-37
-42
-31
-33
-70
-71
-15
5
-23
-10
-14
-21
6
6
48
110
79
25
-20
10
33
27
45
-19
-1
26
2
6
23
33
25
44
-12
-20
7
24
46
-46
-23
33
3
19
64
36
-61
-47
-22
-19
13
-40
-59
-29
-19
-35
-55
-28
-40
-22
-12
3
53
11
-34
-50
-6
46
37
55
85
68
65
91
47
19
4
-9
-17
-76
-33
10
-4
-17
68
84
-7
24
-33
-11
63
35
22
-45
-16
41
6
-44
-38
7
43
55
48
17
-46
-62
-51
-18
51
45
25
4
-77
-59
-18
19
71
23
0
32
17
31
29
-18
-69
-53
11
38
35
-22
45
108
3
9
-48
-133
-53
-74
-77
-38
-24
0
-3
8
-31
0
98
61
97
140
86
75
-18
-56
-13
-26
-56
-21
-7
0
66
23
-43
2
54
-8
-46
-44
-31
42
35
-16
-1
33
57
35
-8
24
-3
-103
-91
-81
-72
-45
-45
-4
-8
-30
-26
-13
19
6
-31
4
10
-1
50
9
-46
-21
28
44
-41
-20
112
117
14
-6
-9
-7
8
-18
-7
-90
-44
86
60
70
20
-75
-27
16
1
-1
-43
-20
0
7
16
7
-8
-41
6
53
-29
-76
-9
13
-21
-76
3
77
22
-17
-56
12
40
-20
20
-31
-52
-45
-63
-6
4
88
40
59
128
-38
-18
6
-7
4
-57
8
-13
-81
-63
-70
-46
10
39
-12
29
75
22
68
39
-54
-87
-61
49
111
101
53
-21
-49
-34
1
0
-13
-7
-32
-24
47
60
18
0
-1
11
11
1
-38
0
-10
7
44
-139
-80
73
28
27
64
16
25
34
-22
18
-16
-13
-1
-42
-14
-19
-27
-28
-5
4
-25
-6
15
22
50
72
-3
-69
2
17
-7
-6
3
58
31
-39
-21
-65
-78
-21
-51
-37
-8
-13
21
7
6
35
3
-5
20
47
12
42
99
49
10
-5
10
-15
39
86
-17
-22
-2
58
65
-44
-38
42
8
-31
-6
-56
-44
-24
47
116
96
69
-74
-55
-41
-148
-140
-76
-1
-1
-12
-7
5
-7
29
6
-79
-18
-19
-29
-19
-15
2
-49
-88
-7
98
58
26
50
74
70
33
42
14
25
49
4
-5
-38
-30
56
29
12
48
31
28
31
41
8
-6
-10
-34
9
1
11
32
-26
-1
20
6
8
-2
-7
-66
-87
-99
-70
20
52
35
-57
-18
24
-75
2
8
-67
-4
-37
-33
-32
-20
-19
-83
59
93
-4
26
69
87
16
-17
-38
-44
-4
-21
0
5
58
-11
-19
105
50
94
98
20
1
-47
17
77
18
52
78
39
18
-2
22
50
13
-49
-61
-46
-11
-32
-66
-46
-81
-34
-21
-38
20
-22
-9
-25
-6
30
-46
-36
-72
-73
-79
-110
-45
-42
-55
-27
9
70
80
30
1
0
3
17
64
86
58
17
42
65
50
63
24
12
-5
-34
2
25
50
63
40
21
36
79
58
-1
3
-20
-79
-83
-72
-106
-62
-13
-18
-8
-36
-25
16
22
-23
-29
10
18
19
14
-12
14
26
-22
-73
-90
-74
-38
-31
-20
47
1
10
79
73
20
-44
-57
-99
-113
-40
-11
3
54
51
67
53
23
54
58
58
40
4
-9
-26
-34
6
83
-2
-66
55
77
39
27
56
45
-72
7
100
68
53
36
78
-25
-61
-33
-100
1
-14
-101
-95
-141
-90
-19
-5
-7
-34
-16
-9
-47
-39
21
43
5
-73
-87
-3
0
-19
-9
0
-1
-55
23
91
74
93
6
24
62
3
34
45
26
74
60
-9
11
8
4
64
61
24
41
5
35
50
-58
-37
-72
-39
14
-42
-31
-94
-80
-37
-46
-31
-24
26
21
-34
-3
8
0
-43
-58
9
-19
52
108
15
-8
-3
-58
-96
-23
-11
-27
-12
-20
20
52
78
60
38
59
10
-87
-101
-47
-97
-34
35
-43
18
70
15
-19
0
18
-9
-7
23
73
71
52
-2
-13
148
96
-14
1
7
48
-7
-46
-22
17
-1
-23
-15
-47
-31
-34
-29
-43
-32
45
19
-52
-55
-64
-110
-76
-16
-18
-29
-92
-58
66
8
-38
-17
-31
-1
-13
9
47
36
-15
-65
29
72
59
69
72
79
-5
50
92
-26
25
54
-4
-28
8
42
-59
-57
-3
13
51
9
-21
-11
-15
-45
-79
-21
8
-27
13
38
18
-20
20
5
-77
-117
-69
36
-24
-42
0
56
102
25
-51
-45
30
6
17
46
15
24
-13
-34
11
78
33
-5
16
-48
-26
-14
-44
2
9
-49
-90
5
14
-119
4
123
-6
-21
-20
-62
-36
-13
59
55
16
29
8
44
43
71
98
57
64
2
27
70
-16
-43
-35
19
38
17
9
-79
-59
-2
57
20
-64
-27
-18
26
-30
-46
-13
-16
-2
-29
-20
-67
-33
32
-9
0
16
-29
-31
2
-7
29
42
13
38
-15
17
111
60
-10
-5
32
6
41
-6
-5
73
-16
-8
-17
-85
9
24
-59
0
8
-29
6
21
0
20
52
6
-44
-37
34
46
1
11
8
-11
-1
27
46
33
-54
-38
32
4
81
72
-52
3
34
-4
-9
-27
-28
-26
1
23
-38
-1
64
-43
-61
-46
-68
-8
-16
-53
35
71
-2
-26
-46
-89
-13
-13
-118
2
29
-46
25
24
-12
28
65
74
38
-30
40
84
54
35
-30
8
6
-36
35
68
43
45
22
-57
-14
4
-65
-46
14
-18
-23
46
18
-4
-41
-46
-26
-76
-82
-69
-71
-23
16
14
18
21
32
-33
-57
19
5
2
41
-38
-50
42
14
-3
-11
-43
24
41
8
40
70
57
-8
-57
-22
-17
-17
4
-14
-49
-41
-12
-20
8
14
2
-41
-37
43
49
67
19
-82
-48
12
50
87
52
-12
9
31
19
28
35
38
-30
-66
-18
-10
10
7
23
71
-8
-63
-44
-33
-4
8
-41
-60
-14
4
27
11
-48
-55
-16
-15
-21
-17
-32
16
70
15
23
11
-43
20
28
-19
-10
3
-7
31
102
107
8
47
78
-23
16
35
-3
24
1
-68
-42
-41
23
47
-90
-34
0
-12
29
-27
10
26
-10
71
25
-2
44
1
1
-26
-36
-4
3
-1
-14
-21
-65
-88
-45
25
81
45
51
63
-24
65
118
24
-4
-27
-27
-45
-24
5
-23
-22
-69
-14
78
-66
-105
-14
-12
-50
-66
61
78
-7
55
44
-52
-54
19
18
-21
4
20
28
-13
4
19
15
32
-57
31
79
-59
-33
18
38
37
19
30
32
59
26
-19
10
2
-26
-33
0
-2
-46
-47
-70
-49
6
-22
-72
-29
23
-6
-21
-26
0
25
-20
10
40
34
50
-30
-55
-23
-64
-53
41
45
-9
11
29
17
50
60
23
-8
-40
37
89
6
-41
-79
-71
-26
-34
-18
38
-15
-91
16
75
-26
-23
80
36
8
-1
-13
32
-35
18
25
-30
0
-19
17
-21
25
24
-62
20
39
14
-18
-41
-16
-36
-37
43
15
-15
5
-28
13
24
10
-9
41
66
-67
-92
-70
-71
-21
29
28
-2
2
9
-45
-7
16
-29
72
33
-8
48
68
38
-11
77
51
14
40
-6
2
-3
-49
-35
-13
-9
-10
7
30
9
-35
-17
50
-31
-50
25
-44
-13
53
0
25
-15
-40
24
-46
-71
-28
-1
53
-1
-39
6
