40
11
-20
-82
13
118
50
0
16
-32
-76
-13
72
18
-62
-8
17
-18
2
-26
-65
-8
-17
-24
-47
-61
59
62
-18
-12
24
11
5
71
96
54
62
63
-32
-30
16
0
-34
-57
-69
-57
-41
-89
-101
-76
-10
-16
-4
13
-25
-17
-21
-32
-44
-27
-55
-65
12
3
-31
-1
-24
-28
43
35
-56
-89
-64
0
22
-7
61
81
10
-36
-82
-56
8
35
48
39
-69
-139
-118
-109
-21
-4
32
105
75
85
102
73
-13
22
63
-40
-5
39
-63
-124
-15
71
81
100
40
18
-49
-83
-17
-39
-20
39
80
92
109
68
-8
-5
-6
-20
-116
-100
-22
-24
60
-11
-10
96
-12
17
18
-26
9
17
99
-46
-74
5
-37
39
6
30
45
-47
10
-44
-98
19
86
134
39
12
86
5
22
-3
-29
100
100
31
15
8
67
145
152
66
44
81
32
-5
-17
13
-26
-6
29
-52
5
-20
-38
17
-34
-19
46
42
-41
-75
0
11
-21
-19
-15
-1
14
53
41
4
1
-15
-80
-107
-80
-29
-13
-45
-16
-83
-121
-27
53
78
39
8
-42
-78
-41
-67
-36
-7
-47
11
62
26
-8
17
41
-1
-47
-43
-77
-65
-71
-92
-43
-15
-29
-25
-16
-101
-112
-78
-4
-4
-88
-25
-4
7
22
-8
76
35
-49
-3
-71
-26
20
-2
13
-21
21
51
69
27
30
70
84
107
39
85
55
-63
-61
1
44
19
15
-25
-34
-65
-30
0
-37
53
13
3
62
11
-36
-18
19
-5
-16
0
4
-44
-21
-2
-8
14
-14
-46
-40
21
51
42
-73
-73
17
-6
-13
39
37
-77
4
124
43
-20
-49
-63
-7
-10
-27
46
87
3
-83
26
93
40
-11
-32
37
28
27
80
51
-11
-4
45
6
-6
50
95
84
44
9
-56
-50
-60
6
113
38
50
105
28
-20
53
122
67
30
49
-15
-54
18
20
-67
-73
37
66
15
-82
-51
24
-60
-23
-12
8
29
-77
-47
4
6
11
12
11
-34
-35
-9
-53
-56
-45
-29
30
-22
-57
-37
-65
-29
13
40
90
61
14
0
21
70
19
-10
-9
-82
-67
-46
-16
18
-118
-82
47
27
-22
-77
1
-7
-59
-41
-71
-17
-18
-54
-5
-17
-77
3
76
20
45
13
-69
-13
-6
-35
-4
-34
-18
41
12
45
52
-32
-77
-41
36
25
47
55
-18
-61
-79
-54
-53
-99
-60
5
-19
-25
17
55
98
79
5
15
27
-9
-1
12
7
-5
-12
47
60
24
64
66
10
32
37
-43
-50
-21
-3
41
38
-49
-22
85
65
36
7
-42
-26
-18
-21
-28
-65
15
67
13
28
28
39
9
-81
-93
-96
-124
-58
-9
24
32
-6
75
27
-7
30
-1
-1
-56
-80
-47
-10
-40
-29
73
43
17
52
-40
-17
-1
-62
-108
-171
-24
36
-17
-8
8
1
10
29
-58
-15
52
-1
-20
-86
-126
-62
-15
-29
-11
52
37
82
81
-40
-16
-26
-51
24
-26
-42
11
9
43
66
24
30
60
59
98
73
10
-19
-43
9
70
87
41
-67
-43
-4
-38
-47
-43
30
47
26
4
-22
-2
22
-14
-2
107
4
-37
11
-15
26
-8
-4
41
66
36
-9
26
-25
-67
-18
-19
-36
-20
14
53
48
65
72
23
0
5
48
72
86
131
113
53
29
-35
-36
32
2
3
45
44
76
58
-7
-59
-133
-68
30
-23
-58
-61
-32
-21
-15
-21
-10
78
53
-4
13
-18
-45
25
12
-80
-47
-74
-37
82
13
28
42
-13
16
6
-23
-17
6
45
94
30
-30
0
29
9
-38
-2
-8
-61
-75
-10
48
-2
-29
-40
-47
-32
-91
-45
-9
-114
-95
-13
9
-26
-61
-49
-60
-36
-46
-17
23
-56
6
45
-53
-84
6
69
46
59
76
60
70
87
61
27
-25
-33
-45
-20
36
25
16
-89
-93
53
52
27
85
43
-1
46
83
20
-87
-51
27
31
18
28
44
-34
-78
-49
-102
-74
-23
-26
60
32
-46
-45
-109
-119
-18
10
-17
28
39
-32
-18
34
31
11
9
34
-17
22
74
29
56
55
7
17
10
-8
79
80
30
79
69
23
0
45
38
16
115
69
35
58
58
64
-40
-42
56
7
-23
16
1
33
-5
-106
-69
9
1
-41
-107
-167
-146
-104
-74
-54
-26
-56
-80
31
53
-16
-39
-42
-39
-65
-20
17
-18
-4
29
31
-2
2
38
11
-55
-116
-82
5
34
84
98
51
15
37
41
6
62
27
-60
-52
-55
-23
0
23
57
59
79
101
30
14
22
-46
-22
-72
-69
-20
7
11
-69
3
2
-19
6
-37
-16
26
-16
-23
38
0
-19
-21
-23
15
7
-23
-67
-73
0
23
-32
-1
101
65
20
76
33
0
33
-1
15
7
-68
-1
56
44
52
59
45
59
60
56
53
13
54
37
-26
-29
5
22
-33
2
11
-5
104
53
-32
-53
-101
-12
50
14
21
20
7
49
46
24
0
-26
-61
-89
-7
-22
-37
-40
-108
-37
-23
-44
4
23
63
70
54
11
-2
23
75
26
-110
-82
-27
39
61
21
11
-21
-42
-68
-21
24
14
-9
-70
-85
-50
-1
34
34
14
14
36
78
106
78
14
13
7
-58
-22
-48
-107
-54
-42
-20
41
56
71
71
58
94
69
-21
-98
-142
-113
-126
-89
59
69
1
-2
36
42
-4
-47
-101
-77
-40
3
32
31
54
11
54
51
16
-27
-111
-7
7
-59
-67
-32
-8
-135
-87
84
-8
-73
-37
-18
-17
-44
-16
19
18
-20
21
69
118
109
-21
-32
-9
4
5
0
1
-19
18
65
110
96
-8
46
65
-70
-19
50
49
-33
-73
9
-55
-38
20
7
41
66
101
131
53
-57
-54
-116
-125
-49
-5
36
-11
17
116
78
34
74
10
-33
-16
-67
-66
-42
25
105
63
0
25
66
4
-86
-126
-102
13
65
46
29
47
43
35
42
61
115
48
-32
-42
-109
-178
-96
-23
-58
-63
-9
64
119
96
-6
-43
7
31
22
-7
-31
35
2
-51
31
47
40
17
-22
-63
-103
-58
-20
-40
-33
-32
-98
-22
68
61
110
88
52
14
-76
-159
-149
-54
-3
54
40
43
142
66
34
99
-50
-144
-124
-108
-70
-68
1
-33
-126
-43
-6
-5
31
51
57
31
23
-17
-46
15
38
60
2
-28
40
24
19
-20
15
86
50
28
-39
-27
29
-20
36
90
-3
29
52
-41
-51
-102
-87
64
40
-46
-27
-57
-83
-36
-10
44
93
125
83
-3
-26
-28
34
-5
-59
28
109
34
28
105
-5
5
-36
-65
0
-90
-36
-73
-114
-62
-119
-22
70
95
49
-23
-43
-72
-25
16
22
9
-26
-53
-61
26
111
64
35
73
5
-130
-95
11
97
77
3
73
-4
-84
-72
-120
-13
44
39
46
152
161
-23
52
47
-46
4
-2
25
29
-35
-37
3
6
13
96
19
-52
4
-81
-77
-81
-108
3
54
33
24
-19
-17
21
-103
-100
35
3
-20
-66
-117
-71
-48
-40
-56
11
133
98
53
53
-37
-91
-77
-63
-30
-78
-30
97
108
143
66
18
50
33
38
-65
-56
-21
-89
-5
13
22
123
107
108
90
20
-9
-73
-51
-67
-114
-110
-71
67
138
154
151
76
0
-10
-58
-138
-153
-111
-36
-38
-97
-52
74
116
68
56
45
-12
-61
-87
-164
-110
-37
-30
89
21
64
173
76
106
67
14
-17
-108
-8
-4
-100
-79
-8
21
9
110
97
30
108
56
-19
-39
-89
-110
-158
-28
77
31
95
94
26
21
36
-26
-35
-12
-88
-42
-45
-95
-17
23
91
87
43
22
-5
21
36
19
-59
-92
-65
-66
-37
9
77
125
75
161
182
24
-15
-88
-81
-118
-187
-66
23
116
152
131
84
0
22
-8
-107
-144
-199
-179
-71
-49
-1
115
193
223
186
89
2
-74
-157
-167
-171
-111
24
81
106
76
59
2
-33
82
58
15
-27
-115
-42
-55
-122
-48
96
104
61
156
97
40
53
-17
-74
-108
-53
10
14
6
-7
45
16
-7
99
89
131
77
-52
-25
-87
-105
-57
-60
-27
-1
-38
30
109
56
-7
-38
-26
-108
-160
-106
-109
-73
35
74
78
57
2
21
1
4
-2
-36
-65
-128
-87
-28
21
73
146
99
11
63
42
-7
-61
-104
-26
-21
-43
75
132
27
22
48
4
43
29
-60
-40
35
-34
-95
-69
16
99
195
199
40
-75
-135
-22
30
48
37
-15
79
46
8
17
91
100
-93
-92
-109
-170
-75
-23
21
56
59
49
4
-1
10
-23
-65
-87
-91
-115
-80
39
67
87
118
53
62
-15
-68
21
-97
-197
-76
17
58
100
66
103
99
-21
-52
-62
-82
-129
-133
-73
4
109
218
277
229
124
52
-51
-172
-193
-203
-175
-115
-89
-19
123
173
106
80
86
12
-78
-123
-199
-151
-125
-194
-45
154
227
299
225
53
96
0
-76
-13
-170
-152
-72
-59
-20
15
110
193
198
113
11
-10
-8
-97
-125
-114
-69
-82
-87
85
188
218
185
143
98
6
-61
-162
-197
-208
-111
21
-11
154
296
251
204
65
13
-10
-41
-111
-231
-221
-145
3
61
110
215
136
47
0
-64
-117
-129
-138
-106
-117
-179
-65
-19
48
151
69
119
118
-6
-42
-130
-219
-199
-169
-159
-28
101
178
136
38
115
109
26
-8
-101
-133
-57
-62
-78
-6
44
105
105
153
202
84
9
-79
-164
-119
-135
-154
-76
-48
-5
21
88
166
71
1
12
-57
-193
-102
17
-4
25
94
113
40
56
51
16
75
50
-43
-82
-115
-106
8
-65
-106
-15
-50
-34
-51
-25
103
116
2
17
89
14
-31
-41
13
75
36
19
76
123
82
37
24
63
67
-26
-62
-92
-48
-36
-93
-23
33
83
78
41
13
-32
3
-11
-86
-113
-109
-64
63
166
145
131
107
40
-41
-144
-141
-69
-96
-80
-1
-42
-35
70
92
14
11
63
55
60
-6
-78
-111
-129
-90
-82
29
102
2
69
73
-11
37
2
-60
-74
-47
-26
-8
46
54
56
77
42
15
-14
-94
-110
-90
-100
-67
-28
72
107
92
145
23
-64
1
21
-4
-45
-54
24
51
96
81
2
42
-33
9
44
-115
-60
-17
-98
-59
9
43
2
-72
6
87
0
-34
-50
-121
-69
-66
-83
-41
0
111
99
9
66
83
-18
-15
-75
-108
-27
-62
5
38
7
56
101
121
106
145
164
52
-41
-51
0
23
-15
36
56
-30
-35
-44
-12
33
-13
-30
-152
-176
-14
13
-9
30
34
77
159
139
6
-61
-14
-71
-133
-42
-24
-58
17
29
5
130
215
183
171
88
14
-21
-143
-183
-100
-74
-47
6
69
89
42
20
-21
-15
-50
-27
-12
-74
-54
-72
-32
-8
38
110
74
40
-23
-57
-49
-69
-53
-21
-33
-7
82
65
81
81
2
-23
-95
-102
-112
-130
-115
-119
-3
86
94
124
82
29
32
-34
-59
-44
-49
-8
-13
-35
-23
5
46
50
25
-35
-90
12
14
2
95
38
9
-9
6
19
25
63
-11
0
-18
-80
-55
-69
-21
77
50
-66
-23
-2
-31
0
-8
64
41
13
92
-8
-26
42
-30
-20
-4
4
50
51
65
91
86
70
19
-54
-92
-128
-121
-128
-147
-84
47
55
44
172
101
11
0
-61
-36
-20
-47
-97
-75
26
0
28
72
46
62
37
81
32
-35
-30
-83
-40
-51
-62
45
78
11
-19
-35
-29
21
65
122
79
53
39
45
79
-48
-98
-52
-78
-87
-21
44
46
13
4
76
78
10
-16
-39
-32
-16
-19
-19
41
91
100
117
64
-6
-46
-43
-93
-180
-175
-100
45
103
151
179
130
179
96
-31
-51
-97
-155
-216
-223
-105
-18
59
168
158
150
123
74
20
-93
-110
-107
-142
-154
-78
24
68
118
155
226
182
70
31
-12
-20
-102
-114
-16
-1
13
29
55
87
126
116
42
-46
-80
-74
-181
-185
-168
-171
-50
6
3
73
166
87
-22
-46
-52
-97
-94
-81
-120
-61
-102
-71
101
112
59
84
76
-20
-48
-97
-109
-98
-141
-59
-65
-64
18
-21
9
71
59
116
94
-12
28
44
-10
2
23
65
31
-20
67
44
-48
-66
-33
-33
-99
-104
-84
-70
-32
-20
36
91
110
119
91
167
215
110
-10
-3
60
-70
-164
-193
-205
-100
-103
-136
-111
-160
-138
-158
-239
-211
-270
-296
-277
-274
-182
-119
-83
51
94
93
102
-35
36
149
98
58
75
98
54
3
-52
-40
-53
-121
-144
-126
-80
17
35
-16
73
147
149
181
176
126
104
69
-1
-35
9
59
-11
40
140
145
262
285
277
299
174
123
103
4
-38
-165
-282
-229
-166
-15
122
183
285
412
516
477
447
411
323
243
106
64
104
149
209
222
318
427
430
462
401
290
205
-11
-223
-394
-585
-738
-903
-1004
-1034
-1115
-1148
-1119
-1063
-1009
-955
-867
-867
-852
-887
-895
-830
-914
-813
-672
-559
-383
-229
34
183
378
599
667
707
648
664
597
363
213
133
72
34
17
-31
6
67
91
117
142
161
128
75
92
82
39
105
207
282
395
612
754
928
998
972
1040
937
851
715
582
538
528
491
405
495
526
594
701
712
751
735
635
510
420
305
242
228
160
214
284
420
645
737
871
904
873
864
744
576
502
399
163
171
179
213
464
580
728
901
977
1016
909
689
354
-130
-653
-1182
-1723
-2155
-2537
-2898
-3129
-3244
-3191
-3084
-3025
-2832
-2604
-2535
-2561
-2625
-2635
-2568
-2572
-2553
-2437
-2238
-1834
-1322
-796
-168
466
1042
1492
1799
1973
1932
1743
1446
1092
718
316
-43
-237
-323
-384
-311
-165
34
346
474
496
611
533
368
200
-92
-370
-534
-592
-644
-600
-383
-84
319
684
1016
1365
1559
1713
1788
1709
1491
1154
916
658
378
193
-2
-67
72
208
410
661
826
971
1031
1031
989
861
686
493
284
58
-68
-37
29
196
471
656
886
1089
1169
1196
1130
981
744
404
32
-307
-734
-1086
-1236
-1391
-1502
-1487
-1358
-1084
-870
-594
-259
-163
102
379
486
680
833
966
1085
1163
1248
1288
1331
1481
1609
1697
1821
1882
1877
1838
1774
1686
1570
1384
1074
765
568
366
219
172
159
232
418
665
880
1080
1160
1121
974
718
229
-481
-1170
-1926
-2679
-3331
-3904
-4410
-4674
-4809
-4893
-4703
-4542
-4484
-4366
-4245
-4231
-4228
-4229
-4192
-3997
-3864
-3579
-3063
-2454
-1693
-923
-142
685
1370
1870
2272
2433
2409
2290
2042
1709
1299
928
639
433
345
426
550
625
717
791
888
930
843
608
350
45
-229
-468
-743
-723
-585
-418
-63
404
887
1370
1889
2281
2514
2687
2713
2514
2232
1948
1671
1341
959
729
665
631
684
750
860
1046
1038
996
826
477
211
-113
-406
-657
-913
-901
-656
-401
-66
405
899
1412
1816
2106
2259
2168
2008
1722
1355
1002
703
493
357
219
146
228
307
460
596
589
569
558
481
291
93
19
-4
-2
115
263
419
760
1027
1222
1511
1715
1894
1987
1961
1815
1684
1599
1425
1227
1070
967
928
1027
1030
1028
1047
937
811
400
-222
-967
-1850
-2731
-3673
-4598
-5560
-6409
-7009
-7273
-7264
-7241
-7045
-6695
-6348
-5872
-5383
-5178
-4931
-4627
-4454
-4198
-3890
-3376
-2627
-1803
-930
-119
758
1591
2184
2546
2580
2322
1953
1371
654
-6
-667
-1143
-1467
-1669
-1587
-1266
-812
-325
99
514
860
1101
1319
1396
1428
1424
1413
1447
1538
1810
2178
2549
2924
3385
3802
4115
4441
4593
4625
4467
4103
3720
3167
2662
2191
1581
1157
961
848
826
899
1038
1310
1608
1770
1867
1792
1568
1242
737
208
-224
-586
-862
-959
-929
-653
-193
242
708
1085
1394
1626
1562
1259
839
253
-391
-946
-1487
-1980
-2262
-2254
-1977
-1650
-1266
-674
-189
181
622
895
942
960
1003
993
1024
1012
1019
1192
1386
1640
1959
2281
2493
2602
2658
2493
2146
1702
1227
738
232
-186
-579
-902
-986
-947
-838
-629
-439
-206
54
161
76
-267
-766
-1376
-2215
-3168
-4072
-4891
-5757
-6542
-7031
-7146
-6996
-6774
-6455
-6089
-5668
-5207
-4882
-4607
-4461
-4405
-4292
-4212
-3878
-3294
-2634
-1698
-669
389
1598
2603
3359
3949
4120
3930
3511
2835
2017
1140
313
-396
-942
-1199
-1273
-1182
-856
-394
41
461
820
1028
1133
1089
1035
907
710
714
666
739
1121
1440
1881
2405
2974
3621
4151
4642
4914
4895
4724
4451
4033
3457
2830
2211
1653
1236
1000
909
951
1138
1499
1937
2244
2376
2363
2214
1922
1443
817
174
-449
-921
-1156
-1266
-1212
-887
-328
253
762
1193
1558
1771
1589
1221
726
-8
-810
-1522
-2086
-2555
-2661
-2476
-2122
-1552
-912
-164
558
1160
1605
1760
1658
1465
1237
876
399
11
-183
-229
-98
182
572
1033
1482
1901
2146
2205
2094
1724
1259
662
3
-602
-1256
-1696
-1864
-1892
-1734
-1405
-834
-122
426
785
1081
1040
614
-31
-1095
-2358
-3662
-5026
-6287
-7397
-8229
-8632
-8606
-8234
-7666
-7085
-6288
-5440
-4901
-4481
-4250
-4190
-4193
-4254
-4263
-4076
-3571
-2722
-1615
-424
927
2261
3502
4499
5022
5235
4923
4307
3432
2253
1218
198
-699
-1188
-1397
-1312
-877
-183
652
1371
1941
2501
2789
2870
2740
2361
1991
1590
1322
1108
1047
1207
1467
2049
2710
3427
4116
4685
5126
5299
5237
4857
4311
3543
2646
1840
994
327
-22
-175
48
510
1037
1711
2306
2829
3100
3054
2868
2345
1548
612
-381
-1265
-1945
-2367
-2487
-2309
-1786
-1017
-140
788
1478
1932
2176
2066
1585
757
-188
-1129
-2084
-2888
-3346
-3382
-3106
-2699
-1987
-1087
-194
661
1268
1732
1912
1748
1441
1065
563
55
-237
-498
-465
-148
113
536
1061
1664
2128
2245
2277
2028
1619
1106
320
-488
-1299
-1929
-2321
-2583
-2539
-2227
-1740
-1155
-444
331
939
1401
1548
1350
868
-90
-1306
-2614
-4076
-5441
-6601
-7487
-8080
-8387
-8210
-7683
-6968
-6190
-5410
-4667
-4180
-3875
-3793
-3891
-3970
-4032
-3984
-3757
-3216
-2340
-1218
35
1381
2761
3959
4809
5378
5600
5314
4742
3887
2854
1833
920
225
-206
-279
-96
266
841
1507
2204
2789
3135
3295
3164
2857
2434
1892
1318
805
432
236
206
438
1096
1756
2384
3222
3967
4545
4883
4906
4745
4373
3812
3103
2277
1528
857
419
219
256
599
978
1524
2095
2477
2666
2581
2206
1588
768
-279
-1382
-2299
-2998
-3469
-3616
-3423
-2902
-2032
-987
-17
865
1595
2006
2076
1785
1233
415
-658
-1606
-2442
-3122
-3454
-3469
-3084
-2475
-1725
-798
94
807
1374
1554
1555
1503
979
367
-111
-569
-922
-1047
-904
-515
27
586
1272
1862
2184
2367
2388
2107
1608
1049
360
-328
-959
-1524
-1811
-1943
-1878
-1461
-1023
-452
312
904
1394
1771
1843
1680
1260
438
-605
-1849
-3105
-4194
-5222
-5930
-6424
-6682
-6587
-6244
-5664
-5023
-4521
-4147
-3791
-3791
-3994
-4228
-4548
-4766
-4926
-4878
-4437
-3582
-2393
-1120
258
1742
3010
4121
4845
5169
5275
4904
4210
3435
2692
1898
1276
1057
971
1086
1454
1931
2483
3026
3401
3633
3669
3441
3064
2571
1927
1207
611
208
-17
-72
115
424
928
1668
2323
2996
3554
3914
4139
4043
3866
3421
2792
2254
1567
890
313
-19
-120
-115
95
404
773
1211
1490
1585
1478
1104
593
-57
-745
-1405
-1970
-2373
-2638
-2548
-2208
-1836
-1210
-538
48
659
1042
1204
1158
881
501
-158
-883
-1469
-2012
-2376
-2661
-2736
-2606
-2387
-2017
-1610
-1187
-828
-483
-268
-162
-65
-42
-56
-209
-238
-258
-342
-264
-232
-25
305
499
704
978
1276
1475
1538
1477
1315
1047
709
323
-120
-567
-888
-1013
-1096
-1129
-748
-240
221
828
1334
1766
2083
2207
2208
2023
1552
835
85
-716
-1554
-2271
-2930
-3521
-4028
-4443
-4690
-4741
-4795
-5005
-5109
-5162
-5284
-5440
-5578
-5605
-5617
-5514
-5172
-4731
-4057
-3063
-2022
-871
439
1663
2799
3841
4686
5364
5755
5803
5603
5149
4583
3959
3324
2702
2095
1696
1484
1303
1265
1318
1354
1519
1458
1152
868
516
27
-597
-1072
-1376
-1559
-1589
-1307
-649
195
1110
2050
2964
3820
4519
4740
4718
4502
3943
3311
2590
1797
1142
621
272
140
101
193
282
438
588
539
459
199
-113
-514
-997
-1333
-1747
-2049
-2157
-2136
-1924
-1584
-1126
-521
14
417
964
1381
1546
1629
1528
1221
736
31
-743
-1517
-2203
-2747
-3223
-3396
-3306
-3001
-2474
-1871
-1264
-774
-212
261
439
464
263
-66
-378
-538
-619
-618
-434
-51
552
1141
1781
2366
2693
2898
2887
2575
2102
1451
641
-112
-878
-1518
-1907
-2129
-2066
-1835
-1407
-794
-129
564
1225
1791
2264
2561
2643
2535
2197
1747
1145
324
-578
-1398
-2152
-2871
-3560
-4099
-4418
-4550
-4519
-4498
-4494
-4480
-4615
-4857
-5192
-5575
-5840
-5974
-5961
-5815
-5361
-4492
-3255
-1838
-424
1235
2911
4238
5338
6047
6317
6201
5650
4900
3975
3019
2255
1611
1177
987
899
999
1266
1496
1638
1600
1303
898
356
-321
-887
-1465
-1950
-2099
-1956
-1581
-1028
-149
936
1887
2825
3659
4330
4849
5014
4897
4495
3837
3157
2524
1804
1139
606
232
60
52
190
363
600
652
587
548
287
-96
-497
-981
-1500
-1935
-2242
-2437
-2432
-2159
-1746
-1211
-513
244
844
1306
1705
1908
1877
1557
1037
430
-208
-847
-1588
-2251
-2679
-2967
-3041
-2939
-2747
-2424
-1974
-1584
-1276
-980
-741
-543
-520
-559
-580
-631
-544
-399
-167
218
624
1095
1720
2253
2638
2921
2981
2924
2657
2095
1402
666
-37
-773
-1397
-1725
-1873
-1907
-1710
-1266
-739
-163
510
1200
1737
2267
2742
2930
3126
3203
3115
2965
2626
2306
1809
1164
575
-142
-901
-1676
-2479
-3265
-4123
-4839
-5380
-6007
-6443
-6837
-7298
-7555
-7729
-7794
-7709
-7450
-6956
-6203
-5149
-3798
-2242
-573
1155
2775
4143
5313
6193
6616
6598
6206
5638
4826
3853
3030
2222
1580
1193
912
785
671
624
643
546
242
-186
-707
-1302
-1772
-2178
-2453
-2444
-2151
-1596
-849
21
1105
2227
3208
4160
4773
5209
5513
5427
5055
4443
3717
2972
2222
1412
746
228
-228
-472
-555
-627
-689
-651
-665
-791
-927
-1100
-1319
-1556
-1735
-1852
-1844
-1681
-1464
-991
-375
179
788
1465
2081
2469
2728
2774
2688
2489
1922
1185
457
-233
-973
-1573
-2060
-2531
-2787
-3004
-3076
-3001
-2827
-2551
-2295
-1888
-1607
-1388
-1004
-819
-605
-399
-271
59
324
599
1067
1482
1785
2114
2401
2530
2509
2334
1979
1498
973
322
-244
-687
-1215
-1471
-1557
-1508
-1333
-1029
-504
-67
498
977
1346
1915
2393
2791
3172
3488
3756
3881
3755
3443
2899
2122
1225
209
-901
-2132
-3354
-4427
-5269
-5851
-6251
-6536
-6780
-6955
-7100
-7249
-7421
-7606
-7666
-7593
-7360
-6875
-6052
-4769
-3239
-1504
570
2414
3993
5432
6382
6868
6828
6290
5461
4407
3210
2155
1339
665
289
204
415
756
1039
1322
1407
1194
777
249
-414
-1116
-1759
-2239
-2443
-2294
-1698
-938
74
1241
2353
3499
4355
5041
5498
5479
5200
4672
3873
2957
2033
1144
413
-128
-565
-735
-673
-621
-411
-113
88
131
24
-103
-373
-780
-1201
-1499
-1645
-1640
-1368
-909
-279
423
1260
2084
2635
3099
3321
3202
2881
2335
1601
786
-50
-792
-1414
-1930
-2256
-2502
-2568
-2511
-2498
-2356
-2191
-2207
-2287
-2259
-2136
-2036
-1947
-1694
-1262
-786
-294
206
645
1093
1502
1931
2246
2378
2496
2452
2372
2200
1917
1696
1395
1004
629
320
-114
-580
-831
-1072
-1295
-1278
-1154
-1074
-926
-622
-155
352
862
1470
1994
2561
3180
3598
3928
4180
4208
3930
3409
2651
1657
467
-812
-2095
-3371
-4529
-5595
-6458
-7057
-7445
-7667
-7790
-7881
-8114
-8260
-8277
-8444
-8499
-8272
-7735
-6834
-5669
-4086
-2170
-165
1953
3966
5529
6798
7663
7877
7642
6887
5897
4793
3592
2547
1640
1104
960
950
1084
1342
1530
1589
1440
953
209
-647
-1524
-2257
-2846
-3126
-3078
-2786
-1939
-859
319
1675
2905
4027
4776
5173
5338
5100
4573
3841
2960
2123
1411
793
429
258
247
443
586
769
985
1070
987
713
384
-53
-560
-1025
-1309
-1332
-1270
-975
-393
303
1143
2026
2826
3446
3718
3747
3643
3235
2587
1781
895
105
-576
-1153
-1675
-2022
-2300
-2576
-2741
-2953
-3170
-3407
-3712
-4038
-4268
-4430
-4446
-4249
-3979
-3504
-2832
-2142
-1314
-423
255
890
1440
1882
2291
2513
2641
2718
2675
2651
2573
2395
2103
1738
1381
799
120
-473
-1010
-1421
-1769
-1866
-1588
-1209
-740
-143
582
1334
2063
2675
3045
3419
3689
3737
3728
3716
3735
3721
3584
3400
3114
2638
1980
1028
-127
-1454
-2921
-4411
-6027
-7551
-8728
-9640
-10235
-10529
-10547
-10256
-9773
-9072
-8298
-7453
-6487
-5462
-4312
-3115
-1825
-514
928
2426
3739
4966
5969
6656
7027
7227
7048
6492
5799
4997
4304
3509
2796
2196
1637
1231
715
253
-179
-650
-1146
-1713
-2252
-2682
-2853
-2861
-2667
-2161
-1539
-782
197
1220
2225
3173
3897
4382
4625
4702
4633
4373
4000
3595
3217
2886
2620
2344
2102
1889
1650
1477
1250
860
439
-22
-425
-775
-1100
-1310
-1435
-1341
-1148
-851
-323
255
776
1252
1709
2007
2178
2132
1888
1590
1084
504
-86
-705
-1111
-1502
-2002
-2396
-2809
-3125
-3426
-3938
-4494
-4940
-5320
-5722
-5941
-5906
-5642
-5131
-4375
-3321
-2210
-1019
206
1172
2046
2736
3127
3357
3343
3244
3179
3129
3103
3086
3106
3091
3062
2874
2564
2210
1662
1010
303
-376
-899
-1245
-1369
-1243
-918
-382
283
967
1661
2308
2824
3190
3485
3616
3631
3701
3681
3623
3514
3191
2763
2075
1164
113
-1171
-2586
-4053
-5523
-7036
-8286
-9153
-9797
-10110
-10215
-10083
-9773
-9370
-8830
-8288
-7686
-7008
-6206
-5245
-4161
-2829
-1201
517
2270
3950
5499
6774
7708
8330
8229
7712
6970
6038
5042
3910
3007
2246
1633
1272
1019
870
666
395
125
-304
-1027
-1653
-2162
-2648
-2872
-2878
-2477
-1810
-872
425
1638
2797
3902
4791
5400
5544
5452
5128
4573
4004
3358
2742
2261
1997
1840
1696
1638
1583
1486
1260
836
278
-316
-937
-1557
-2027
-2329
-2427
-2285
-1961
-1416
-665
129
859
1485
1987
2220
2066
1717
1331
846
219
-380
-951
-1443
-1778
-1985
-2068
-2214
-2391
-2532
-2794
-3263
-3930
-4573
-5093
-5578
-5832
-5820
-5439
-4632
-3633
-2430
-1106
191
1384
2360
3109
3575
3731
3691
3571
3378
3123
2931
2932
3104
3279
3352
3357
3245
3001
2540
1785
908
110
-697
-1441
-1940
-2111
-1917
-1488
-861
-96
766
1538
2171
2639
2831
2883
2834
2726
2621
2580
2592
2694
2764
2607
2391
1970
1120
6
-1331
-2986
-4723
-6470
-8114
-9290
-10206
-10679
-10623
-10352
-9761
-9102
-8352
-7555
-6874
-6154
-5513
-4839
-4114
-3223
-1961
-465
1264
3148
4972
6671
7952
8824
9283
9104
8477
7366
5928
4373
2847
1564
484
-248
-637
-823
-795
-665
-502
-391
-526
-849
-1200
-1644
-2060
-2282
-2255
-1927
-1284
-376
711
1886
3143
4352
5201
5781
6041
5939
5554
4948
4228
3426
2622
1835
1210
726
344
111
-84
-277
-479
-673
-867
-1093
-1352
-1570
-1671
-1688
-1578
-1361
-990
-450
52
603
1215
1731
2044
2155
2146
1987
1638
1174
694
156
-410
-909
-1359
-1709
-1986
-2279
-2641
-3005
-3328
-3868
-4508
-4996
-5363
-5604
-5676
-5422
-4819
-3935
-2819
-1561
-236
1098
2209
3084
3796
4074
4015
3784
3479
3239
2984
2764
2767
3002
3273
3534
3621
3494
3289
2746
1873
868
-239
-1244
-2075
-2639
-2820
-2683
-2112
-1359
-431
647
1471
2174
2630
2744
2667
2313
1964
1728
1544
1621
1798
2155
2644
2901
2995
2711
1974
851
-590
-2318
-4308
-6157
-7782
-9035
-9922
-10405
-10345
-9940
-9199
-8359
-7583
-6858
-6222
-5778
-5444
-5038
-4546
-3824
-2792
-1365
284
2052
3991
5746
7213
8283
8737
8663
8019
6836
5392
3785
2172
845
-191
-884
-1201
-1160
-822
-414
-34
215
269
89
-330
-800
-1267
-1711
-1893
-1838
-1449
-667
229
1503
2912
4063
5172
5920
6210
6207
5881
5225
4326
3387
2403
1511
871
338
-87
-256
-197
-147
-179
-166
-327
-572
-758
-1136
-1445
-1594
-1717
-1587
-1250
-797
-217
448
1213
1865
2338
2633
2578
2313
1849
1134
413
-308
-1059
-1765
-2321
-2686
-2940
-3033
-3145
-3282
-3404
-3737
-4029
-4332
-4742
-4914
-4850
-4618
-4072
-3172
-2007
-590
920
2313
3422
4311
4961
5224
5017
4489
3894
3145
2550
2134
1880
1915
2105
2396
2553
2553
2436
2061
1354
386
-681
-1763
-2725
-3331
-3503
-3310
-2763
-1871
-719
483
1470
2189
2680
2829
2573
2121
1621
1159
910
879
1117
1630
2218
2900
3488
3573
3152
2207
708
-1221
-3372
-5545
-7512
-9120
-10327
-10816
-10644
-10074
-9147
-7929
-6767
-5916
-5195
-4753
-4597
-4509
-4414
-4212
-3670
-2673
-1201
646
2657
4780
6679
8180
9147
9477
9152
8057
6594
4918
3058
1392
21
-918
-1345
-1243
-782
-314
283
826
1047
985
623
153
-565
-1390
-1936
-2307
-2337
-1901
-1168
-141
1122
2369
3578
4681
5391
5745
5714
5290
4705
3997
3109
2284
1580
942
521
241
120
68
46
65
-98
-232
-383
-704
-1001
-1298
-1545
-1650
-1600
-1402
-955
-387
183
835
1528
2094
2456
2641
2511
2091
1433
702
-56
-891
-1592
-2204
-2692
-2978
-3114
-3196
-3304
-3361
-3477
-3717
-4043
-4458
-4664
-4742
-4681
-4229
-3474
-2403
-1104
341
1838
3138
4183
4902
5202
5105
4659
4022
3216
2444
1877
1493
1458
1668
1942
2375
2729
2674
2415
1929
1090
24
-1133
-2212
-2982
-3442
-3600
-3263
-2441
-1340
-149
963
1860
2564
2892
2810
2425
1856
1404
990
812
1031
1383
1971
2708
3406
3762
3548
2986
1900
263
-1723
-3892
-5900
-7670
-9022
-9773
-9986
-9767
-9083
-8110
-7162
-6237
-5519
-5028
-4728
-4693
-4626
-4391
-3947
-3213
-2068
-622
1100
3051
4796
6355
7535
8098
8034
7421
6427
5015
3483
2043
778
-140
-629
-747
-569
-26
507
866
1141
1089
777
268
-605
-1464
-2194
-2749
-2896
-2860
-2331
-1372
-256
1064
2275
3435
4401
5061
5409
5238
4857
4408
3695
2865
2160
1611
1206
877
712
721
705
662
606
450
146
-241
-590
-950
-1388
-1690
-1819
-1773
-1499
-1077
-516
80
759
1357
1754
2150
2302
2175
1848
1296
673
90
-381
-939
-1522
-1950
-2283
-2514
-2735
-2983
-3247
-3582
-3850
-4151
-4374
-4362
-4313
-3911
-3323
-2620
-1619
-582
578
1683
2593
3197
3606
3775
3681
3600
3222
2920
2744
2633
2707
2658
2684
2789
2786
2621
2234
1541
650
-196
-1129
-2097
-2742
-3186
-3365
-3068
-2517
-1707
-772
61
862
1390
1744
1908
1720
1531
1191
955
987
1155
1669
2237
2878
3633
4137
4253
4009
3359
2270
783
-1037
-3002
-4846
-6534
-7892
-8773
-9325
-9522
-9205
-8563
-7889
-7182
-6564
-5968
-5451
-5138
-4783
-4492
-4053
-3374
-2567
-1380
-84
1256
2819
4392
5750
6745
7355
7535
7396
6875
5915
4840
3630
2520
1586
835
412
1
-130
-100
-130
-124
-321
-570
-880
-1251
-1626
-2029
-2245
-2281
-2108
-1700
-1077
-219
642
1593
2598
3363
4017
4511
4711
4678
4479
4218
3856
3396
2891
2304
1716
1177
684
283
-197
-721
-978
-1243
-1498
-1602
-1769
-1794
-1690
-1553
-1387
-1164
-875
-525
-242
-75
205
449
647
778
852
1014
1029
1002
955
626
252
-146
-688
-1268
-1962
-2588
-3151
-3697
-4040
-4223
-4245
-4005
-3617
-3094
-2329
-1578
-842
-119
553
1116
1535
1853
2030
2299
2525
2727
2978
3161
3482
3898
4145
4262
4234
3933
3503
2857
2073
1224
254
-549
-1248
-1776
-2067
-2153
-1954
-1685
-1336
-977
-661
-366
-180
-119
-194
-263
-280
-198
0
283
718
1299
1949
2621
3172
3581
3885
3917
3582
2976
2085
984
-321
-1827
-3258
-4618
-5760
-6709
-7546
-8032
-8260
-8350
-8321
-8150
-7777
-7410
-7030
-6497
-6058
-5616
-4999
-4229
-3263
-2257
-1147
161
1493
2834
4123
5293
6242
6903
7328
7433
7223
6738
6032
5256
4341
3347
2490
1647
941
445
-19
-372
-575
-746
-872
-924
-1012
-1092
-1253
-1438
-1418
-1405
-1330
-1043
-559
21
640
1400
2264
3092
3767
4317
4748
4978
4964
4772
4362
3752
3013
2173
1367
643
-90
-622
-974
-1249
-1398
-1432
-1395
-1376
-1301
-1344
-1454
-1513
-1676
-1749
-1702
-1687
-1553
-1184
-724
-259
266
804
1246
1570
1682
1466
1036
584
9
-669
-1387
-2198
-2783
-3155
-3379
-3431
-3440
-3241
-2921
-2595
-2293
-2115
-1853
-1557
-1296
-943
-519
-16
574
1190
1788
2397
3021
3550
3933
4153
4104
3903
3611
3286
2932
2544
2189
1807
1524
1201
888
562
116
-246
-720
-1218
-1702
-2124
-2265
-2322
-2280
-2002
-1569
-950
-280
294
927
1485
1839
2147
2370
2482
2539
2535
2591
2623
2529
2479
2419
2193
1687
922
-34
-1161
-2352
-3704
-5110
-6339
-7358
-8057
-8530
-8702
-8530
-8064
-7431
-6854
-6142
-5330
-4603
-3998
-3517
-3031
-2390
-1581
-726
233
1404
2696
3956
5050
5973
6672
6929
6839
6399
5577
4620
3446
2203
1110
231
-356
-708
-825
-783
-720
-607
-443
-533
-695
-969
-1372
-1609
-1858
-1923
-1764
-1447
-830
40
1033
2065
3166
4124
4858
5340
5540
5511
5136
4514
3851
3130
2311
1549
839
329
-1
-226
-266
-311
-319
-339
-387
-491
-744
-1038
-1327
-1573
-1694
-1701
-1748
-1686
-1294
-754
-169
448
1055
1662
2177
2337
2243
1953
1434
853
104
-691
-1481
-2234
-2789
-3240
-3432
-3465
-3477
-3217
-3091
-3015
-2810
-2771
-2528
-2255
-2121
-1903
-1560
-1127
-564
139
771
1406
2044
2718
3312
3717
4030
4120
4090
3909
3582
3184
2634
2173
1649
1013
531
96
-279
-729
-1218
-1439
-1599
-1812
-1919
-1916
-1776
-1622
-1514
-1192
-906
-688
-229
172
530
974
1529
2123
2679
3186
3542
3867
4028
3993
3760
3198
2410
1319
58
-1272
-2646
-3932
-5147
-6194
-6939
-7388
-7634
-7596
-7431
-7120
-6637
-6234
-5861
-5506
-5106
-4642
-4155
-3541
-2675
-1572
-369
945
2303
3577
4819
5890
6633
7024
6987
6683
6037
5113
4154
3054
2064
1250
512
24
-322
-605
-783
-890
-995
-1276
-1604
-1776
-2025
-2270
-2394
-2452
-2283
-1859
-1267
-607
69
901
1799
2625
3481
4095
4477
4837
4941
4769
4373
3888
3406
2803
2265
1670
1115
725
237
-53
-329
-563
-578
-784
-996
-1213
-1489
-1586
-1691
-1755
-1674
-1497
-1259
-984
-505
-3
480
955
1274
1598
1788
1737
1592
1334
962
527
17
-529
-1013
-1421
-1810
-2153
-2467
-2708
-2989
-3261
-3247
-3194
-3041
-2866
-2678
-2333
-1929
-1464
-1034
-375
277
759
1198
1498
1778
2009
2174
2326
2465
2503
2552
2531
2358
2250
1941
1486
1144
672
34
-555
-1000
-1401
-1808
-1987
-1923
-1753
-1368
-970
-620
-190
200
550
775
980
1321
1577
1939
2395
2721
3211
3728
3960
4012
3911
3422
2562
1563
291
-1249
-2696
-3917
-5023
-5961
-6644
-7141
-7241
-7023
-6794
-6553
-6302
-6008
-5828
-5711
-5478
-5159
-4593
-3640
-2499
-1288
75
1555
3000
4350
5551
6384
6836
6954
6512
5726
4915
4138
3461
2861
2388
2103
1903
1557
1301
1095
581
-20
-672
-1331
-2019
-2774
-3333
-3690
-3734
-3533
-3072
-2282
-1383
-336
587
1427
2107
2398
2718
2937
2965
2945
2838
2864
2951
2982
3089
3198
3257
3104
2748
2279
1460
501
-385
-1278
-2148
-2947
-3416
-3566
-3427
-3013
-2532
-1975
-1283
-642
-175
236
425
454
561
680
757
916
1184
1575
1959
2280
2590
2708
2645
2288
1713
955
-46
-1102
-2183
-3099
-3807
-4135
-4110
-3897
-3346
-2643
-1872
-995
-297
211
648
903
1081
1082
939
852
814
812
894
1196
1520
1867
2186
2293
2309
2178
1787
1240
663
19
-492
-970
-1500
-1802
-1928
-1921
-1684
-1211
-722
-261
177
548
1046
1493
1786
2029
2151
2194
2244
2042
1617
1324
847
288
-242
-844
-1393
-1990
-2571
-3144
-3661
-4061
-4505
-4960
-5364
-5813
-6247
-6575
-6749
-6665
-6390
-5886
-5073
-4123
-2953
-1638
-387
910
2115
2973
3656
4122
4256
4260
4172
4043
3874
3756
3700
3781
3949
3948
3934
3830
3584
3149
2450
1739
945
74
-680
-1349
-1788
-1952
-1973
-1726
-1331
-886
-397
22
390
585
718
824
776
717
747
789
887
1150
1517
1848
2130
2404
2603
2629
2481
2201
1761
1277
743
30
-611
-1109
-1529
-1796
-2018
-2099
-2050
-2011
-1917
-1788
-1664
-1545
-1435
-1329
-1091
-813
-574
-250
171
594
940
1308
1628
1678
1555
1382
1015
547
28
-494
-941
-1424
-1760
-1933
-2006
-1943
-1789
-1465
-1114
-813
-460
-150
37
277
478
655
992
1338
1599
1733
1949
2184
2199
2252
2276
2044
1836
1676
1381
1131
938
777
685
573
415
294
239
121
62
103
88
87
140
313
453
393
288
129
-65
-243
-598
-1112
-1538
-2025
-2545
-2885
-3158
-3325
-3398
-3406
-3445
-3617
-3909
-4136
-4245
-4444
-4590
-4639
-4480
-4047
-3550
-2863
-1936
-1017
-199
561
1079
1301
1309
1232
1164
969
953
1028
1182
1640
2097
2539
2901
3187
3215
3056
2670
1963
1232
439
-91
-300
-319
-36
445
959
1522
2044
2425
2631
2409
2048
1603
1008
554
121
-123
-78
92
539
1113
1557
1897
2115
2070
1772
1378
921
381
-172
-620
-861
-1015
-1011
-740
-493
-192
112
320
557
583
570
506
237
56
-41
-74
-137
-244
-234
-221
-169
-113
-202
-315
-462
-608
-701
-786
-781
-680
-635
-632
-563
-604
-725
-839
-1020
-1157
-1214
-1415
-1551
-1455
-1391
-1185
-946
-635
-175
191
481
726
1027
1101
1052
1199
1264
1307
1341
1337
1441
1580
1721
1799
1849
1857
1792
1718
1639
1510
1286
1133
1084
1049
952
800
668
344
-96
-426
-826
-1210
-1568
-1937
-2183
-2343
-2430
-2583
-2770
-2890
-3181
-3667
-4100
-4501
-4816
-4935
-4953
-4707
-4160
-3343
-2262
-1288
-292
699
1317
1608
1568
1245
812
315
-225
-481
-496
-311
222
961
1721
2350
2714
2777
2574
1935
1045
148
-717
-1485
-1984
-2174
-2059
-1397
-660
34
857
1497
1928
1979
1682
1290
855
592
476
469
876
1479
2151
2847
3265
3456
3526
3196
2640
2033
1111
296
-231
-527
-544
-391
-24
417
825
1056
936
602
155
-463
-1037
-1447
-1687
-1538
-1089
-434
279
1011
1844
2394
2582
2432
1960
1399
670
-63
-589
-917
-984
-847
-475
-96
236
624
695
530
111
-506
-947
-1407
-1818
-2036
-2016
-1610
-1033
-570
-106
357
720
966
855
527
212
-17
-172
-368
-492
-569
-464
-120
40
-22
4
55
83
26
-146
-86
121
350
694
982
1211
1394
1275
854
261
-375
-891
-1238
-1629
-2118
-2308
-2131
-1864
-1594
-1447
-1461
-1564
-1885
-2437
-3092
-3539
-3690
-3697
-3499
-3098
-2414
-1338
-245
631
1234
1424
1355
1143
802
164
-540
-834
-757
-475
-76
478
1195
1799
2111
2128
1591
883
317
-369
-984
-1497
-1587
-1067
-265
549
1128
1682
2135
2209
1859
1111
320
-267
-687
-789
-610
-167
702
1705
2552
3111
3244
2993
2362
1410
204
-961
-1627
-1968
-1910
-1336
-523
656
1846
2706
3244
3218
2827
2177
1283
310
-591
-1079
-1054
-732
-141
586
1225
1860
2239
2062
1529
802
16
-791
-1616
-2157
-2235
-1875
-1183
-536
-68
511
1098
1321
1180
770
247
-105
-337
-422
-347
-93
469
1128
1723
2006
2073
2098
1877
1410
814
242
-303
-656
-793
-1028
-1171
-1094
-957
-889
-926
-1055
-1118
-1138
-1232
-1277
-1345
-1230
-1036
-1009
-1011
-1183
-1263
-1189
-1364
-1647
-1903
-2014
-1977
-2042
-2073
-2127
-2215
-2225
-2382
-2598
-2781
-2887
-2734
-2472
-2279
-1861
-1173
-383
351
762
1031
1185
1308
1369
1098
783
575
626
930
1167
1346
1569
1874
2003
1812
1308
645
197
-276
-829
-1303
-1575
-1463
-1179
-842
-471
-125
131
408
548
324
124
121
208
392
608
877
1327
1919
2399
2567
2452
2261
1932
1505
1016
445
262
293
413
715
974
1285
1598
1654
1467
1203
865
546
320
140
89
288
658
1094
1410
1459
1491
1479
1259
748
42
-413
-650
-746
-728
-690
-433
40
464
770
775
608
461
144
-163
-426
-628
-435
46
508
983
1504
2021
2459
2597
2376
1966
1441
879
273
-429
-1046
-1362
-1432
-1476
-1571
-1671
-1771
-1973
-2255
-2757
-3404
-3889
-4274
-4579
-4715
-4580
-4159
-3514
-2758
-2050
-1376
-787
-361
-95
-91
-292
-354
-329
-502
-613
-609
-537
-274
0
76
2
-43
-230
-502
-887
-1386
-1623
-1754
-1713
-1450
-1233
-863
-310
71
310
474
562
635
700
744
674
671
925
1214
1445
1677
1880
2026
1972
1820
1518
1036
784
672
537
572
718
872
1150
1460
1615
1669
1612
1458
1277
1061
840
782
923
1084
1255
1435
1612
1811
1915
1771
1413
1029
625
199
-142
-430
-515
-384
-262
-87
123
337
581
538
355
255
72
19
10
15
188
391
565
716
841
839
916
924
775
627
432
363
257
160
156
38
40
111
46
-42
-151
-369
-629
-848
-964
-919
-865
-839
-745
-550
-429
-371
-201
-99
-119
-188
-366
-585
-722
-823
-972
-1190
-1328
-1403
-1454
-1440
-1454
-1451
-1422
-1423
-1474
-1472
-1381
-1478
-1678
-1796
-1875
-1975
-2074
-2052
-2022
-1928
-1813
-1751
-1612
-1536
-1485
-1375
-1337
-1316
-1223
-1191
-1220
-1121
-976
-798
-593
-442
-163
61
122
265
404
453
579
712
860
1107
1255
1394
1599
1766
1952
2082
2159
2166
2152
2104
1979
1911
1852
1836
1770
1693
1687
1651
1627
1564
1527
1550
1508
1417
1332
1162
1034
1005
976
1048
1116
1202
1388
1571
1733
1758
1673
1560
1338
1086
839
562
370
262
187
194
165
200
338
172
-147
-396
-664
-985
-1367
-1653
-1819
-1873
-1770
-1616
-1437
-1224
-1076
-978
-975
-1004
-1117
-1297
-1292
-1313
-1329
-1184
-957
-531
-135
43
198
223
137
132
-42
-332
-575
-750
-764
-708
-534
-387
-337
-286
-320
-364
-512
-675
-797
-939
-1083
-1166
-924
-577
-401
-329
-261
-91
20
-11
-153
-361
-418
-445
-436
-337
-260
-159
-13
168
90
-105
-132
-350
-777
-1066
-1249
-1263
-1097
-928
-764
-650
-475
-252
-154
-136
-240
-441
-555
-638
-722
-783
-719
-513
-341
-171
-9
122
230
354
369
296
306
197
201
343
458
765
1136
1496
1751
1933
2173
2285
2352
2309
2104
2070
2022
1936
1927
1846
1913
2043
2078
2219
2293
2256
2179
1983
1874
1743
1497
1392
1351
1309
1234
1174
1172
1122
1031
754
480
238
-48
-292
-587
-825
-985
-1104
-1163
-1235
-1337
-1411
-1513
-1692
-1917
-2139
-2189
-2179
-2208
-2173
-2142
-1980
-1782
-1594
-1277
-1185
-1129
-936
-921
-886
-900
-1050
-1118
-1161
-1235
-1272
-1219
-1201
-1095
-1009
-1047
-1042
-1082
-1042
-1013
-1011
-972
-933
-836
-832
-765
-634
-545
-363
-233
-112
-19
61
336
461
556
705
676
739
862
885
939
913
804
842
729
637
634
416
361
411
367
263
164
179
132
40
108
147
75
135
125
87
139
59
56
170
234
275
301
423
583
576
513
565
554
432
331
255
197
155
51
70
189
216
375
403
359
477
544
590
587
541
491
503
571
638
732
777
783
831
869
966
1026
900
772
793
816
751
764
817
795
766
745
723
762
778
735
687
587
444
363
341
324
335
324
368
375
340
336
232
140
-17
-292
-499
-690
-860
-934
-1076
-1281
-1335
-1376
-1493
-1548
-1602
-1713
-1840
-1899
-1956
-2046
-2083
-2020
-1916
-1826
-1705
-1627
-1546
-1418
-1335
-1363
-1416
-1415
-1337
-1242
-1239
-1171
-934
-652
-390
-246
-265
-175
-40
-26
12
-110
-261
-183
-102
-74
-26
90
285
490
629
629
664
734
692
620
615
739
819
860
1000
1055
1104
1181
1200
1178
1079
1081
1133
1145
1163
1118
1086
1123
1190
1255
1221
1188
1254
1240
1226
1249
1177
1111
1108
1121
1054
877
749
655
581
414
132
75
111
10
-87
-182
-255
-339
-483
-594
-732
-791
-745
-848
-997
-961
-918
-897
-849
-828
-744
-733
-655
-530
-567
-540
-478
-433
-347
-357
-398
-320
-215
-115
-63
-218
-269
-244
-199
-81
-142
-205
-144
-109
-115
-28
-47
-116
-68
-54
38
33
-22
77
93
-3
-50
-84
-61
-12
-89
-144
-51
6
52
118
100
124
137
28
-24
-72
-134
-246
-367
-446
-574
-545
-552
-554
-412
-340
-244
-162
-111
-121
-254
-283
-240
-220
-167
-210
-229
-135
-50
53
70
65
160
152
97
86
122
113
19
77
119
140
255
330
394
421
411
426
465
410
369
403
330
268
276
387
493
421
388
392
361
356
275
200
161
88
131
122
81
102
96
242
308
269
386
400
309
286
276
254
210
356
453
378
531
571
531
635
522
404
361
165
60
-15
-97
-62
-117
-173
-174
-196
-218
-298
-361
-418
-503
-513
-588
-616
-499
-407
-364
-313
-368
-446
-340
-338
-390
-375
-365
-352
-265
-193
-243
-191
-176
-202
-168
-169
-233
-296
-289
-337
-271
-159
-179
-105
-31
-4
-26
-113
-235
-335
-368
-430
-362
-280
-218
-73
0
149
235
146
162
84
-19
-13
-101
-166
-175
-179
-158
-143
-91
28
137
82
-10
8
-14
-35
-16
-106
-98
13
85
118
-48
-111
-18
-102
-124
-41
-79
-69
-119
-161
-24
34
96
187
243
340
359
371
424
448
437
253
299
491
486
478
467
451
337
300
341
330
326
247
180
101
100
114
52
92
119
142
188
250
259
177
155
157
180
184
144
132
122
141
179
181
163
102
33
6
-73
-194
-261
-271
-284
-331
-363
-349
-287
-272
-266
-121
-77
-115
-74
-111
-110
-34
-45
53
142
195
321
333
369
371
304
197
82
60
-67
-181
-152
-192
-231
-209
-213
-186
-162
-148
-120
-158
-177
-151
-178
-177
-131
-105
-82
-139
-142
-120
-152
-93
-56
32
91
63
16
-71
-20
32
-69
-145
-201
-202
-251
-378
-389
-335
-287
-312
-186
-139
-212
-114
-130
-143
-231
-319
-157
-157
-71
-14
-74
83
94
73
41
-89
-96
-127
-179
-203
-249
-211
-192
-141
-89
-83
19
0
-8
27
-17
2
-52
-39
35
45
133
236
275
237
245
263
193
237
259
166
156
172
134
171
291
414
419
279
352
362
193
177
244
311
331
356
378
346
278
258
283
264
215
191
143
83
78
163
291
293
243
296
332
188
107
120
4
-25
17
15
16
-2
34
58
63
30
4
53
3
30
81
67
106
-3
-58
99
139
27
-41
-80
-126
-139
-124
-110
-130
-147
-159
-157
-108
-79
-94
-146
-100
-83
-182
-180
-246
-294
-219
-255
-307
-403
-385
-248
-290
-303
-301
-291
-263
-319
-355
-379
-433
-523
-524
-511
-574
-627
-560
-443
-454
-307
-150
-166
-159
-187
-148
-41
25
40
39
89
196
248
253
263
276
245
264
321
238
195
135
59
134
144
46
-24
-8
8
27
109
123
82
21
37
78
55
40
58
104
154
197
232
269
241
254
276
243
238
234
341
408
356
424
396
330
398
401
396
362
284
279
278
319
297
189
201
237
233
236
174
80
55
2
-38
-119
-171
-129
-159
-111
-51
-28
-59
-109
-73
-26
-12
-19
-10
-73
-132
-126
-149
-191
-229
-262
-236
-202
-215
-259
-193
-135
-144
-168
-148
-38
-129
-284
-315
-244
-215
-229
-193
-180
-67
-15
-55
-28
-77
-64
-6
-15
-16
-44
46
201
143
86
53
58
136
9
-1
54
6
85
35
-117
-146
-217
-226
-173
-91
47
37
22
-17
-95
-104
-129
-102
-99
-134
-50
23
0
-8
-14
-35
-52
-138
-164
-109
-152
-214
-170
-140
-188
-162
-172
-209
-150
-101
3
68
102
143
103
134
176
188
137
67
128
177
141
153
174
134
111
36
-13
-2
-5
50
74
157
159
42
69
45
83
112
-10
-16
115
191
155
160
130
202
269
180
254
280
222
220
247
202
118
33
-33
35
86
123
83
16
52
34
-71
-169
-184
-189
-161
-77
-23
62
168
199
165
75
11
21
-37
-150
-136
-41
-68
-147
-94
-94
-187
-183
-293
-340
-255
-327
-296
-217
-241
-201
-157
-160
-35
25
-24
-34
-56
-34
8
-95
-163
-123
-168
-68
-27
-96
-71
-148
-177
-109
-157
-224
-195
-199
-175
-89
-103
-60
14
21
0
-61
-83
-112
-22
111
103
109
126
178
244
241
211
228
239
230
207
146
145
141
132
128
175
143
113
86
16
38
0
53
141
125
157
148
168
250
188
174
215
190
176
125
89
103
56
38
76
62
144
221
154
107
10
-54
0
50
15
-26
-10
-50
-38
-85
-80
-51
-184
-121
-106
-178
-151
-203
-262
-200
-139
-153
-122
-135
-197
-163
-174
-157
-65
-180
-218
-152
-202
-165
-99
-99
-76
-96
-118
-3
44
-12
64
28
-135
-93
-101
-114
21
25
-24
-8
20
58
41
11
-23
-52
-66
-79
-29
-50
-81
-61
-78
-21
-62
-119
20
-49
-158
-116
-127
-70
-69
-131
-115
-103
-71
-39
-36
-1
39
31
-52
-116
-128
-93
-65
-75
-41
-6
0
11
-6
-2
136
190
139
164
158
191
202
163
168
125
148
183
185
179
161
211
254
211
123
144
140
78
35
13
38
30
40
47
90
78
10
-3
-44
-10
76
116
125
131
70
34
36
18
70
97
52
9
-9
4
68
37
6
63
100
93
23
24
60
77
94
81
25
9
-20
-105
-74
-73
-90
-111
-205
-196
-65
27
-8
-58
-64
-75
-49
-28
-50
1
-14
-85
-146
-131
-79
-139
-136
-103
-106
-108
-88
-86
-80
-56
-58
-49
-69
-53
-91
-177
-159
-145
-133
-127
-121
-89
0
3
-58
-41
-54
-11
-18
-80
-53
-44
-52
-79
-111
-59
-41
-89
-2
10
-25
-48
-76
-29
-71
4
9
-54
0
-63
-90
-68
-33
-8
-22
-45
-63
42
101
35
70
125
156
114
34
41
7
-13
-41
-31
40
90
132
165
176
133
126
126
126
169
116
69
136
111
50
63
159
240
216
232
234
233
196
159
181
196
239
214
177
192
111
92
170
82
17
-34
-121
-174
-224
-200
-219
-191
-100
-134
-151
-56
-14
-20
-22
-59
-86
-33
0
-116
-125
-72
-93
-77
-80
-71
-55
-59
-20
7
-68
-129
-61
-35
-60
-77
-100
-96
-92
-65
-71
-48
-49
-11
136
81
57
37
-34
2
-48
-82
-89
-72
-59
-30
-3
-46
-49
15
31
0
6
15
56
45
68
51
-22
5
48
35
2
28
1
-44
-6
0
-68
-85
-43
-7
50
32
63
24
-34
84
85
30
38
23
-33
-51
-68
-45
8
15
11
-28
-26
10
39
73
89
27
36
79
73
197
114
-35
41
28
47
109
88
41
51
89
69
51
37
5
28
85
74
50
39
54
17
-59
-11
42
43
30
50
122
127
80
62
120
162
96
-27
-98
-43
-58
-106
-122
-179
-151
-138
-66
-39
-131
-47
-20
-87
16
25
-156
-177
-117
-103
-56
-19
-16
-36
13
21
-1
19
-61
-21
8
-102
-56
-11
4
18
-65
35
105
13
79
72
7
-59
-129
-63
-50
-66
-83
-77
0
21
20
64
87
87
103
39
-3
45
30
7
6
-47
-58
-24
-36
13
93
79
21
5
18
-4
40
24
-107
-74
31
16
-4
28
31
37
116
97
83
50
-27
69
45
-4
20
12
57
36
-23
-6
79
36
13
72
29
49
41
-2
-39
-12
-5
-44
3
27
66
85
68
52
48
38
13
18
-2
-22
-50
-57
-42
-28
12
-3
51
102
31
19
-6
14
4
-79
-50
-58
-40
38
116
105
-30
-18
21
23
52
28
21
5
-42
-69
-54
-56
-65
-19
-19
-61
-94
-155
-142
-79
-91
-78
-71
-78
-66
-78
-86
-122
-144
-162
-210
-175
-155
-157
-122
-140
-83
-55
-3
60
-36
-10
-67
-115
13
0
-75
-117
-43
-72
-144
-8
14
-52
-27
69
123
32
5
86
83
86
102
104
156
156
100
122
118
83
105
55
31
-18
-53
-63
-89
-14
11
43
6
12
34
-3
65
90
84
53
59
74
113
127
103
129
137
104
113
145
101
154
119
18
49
55
-46
-73
-57
6
61
42
120
54
29
31
-6
-9
-59
-62
-114
-85
-59
-91
-57
-88
-23
33
-6
11
76
176
135
20
-46
-76
-53
-69
-19
-11
-18
36
-20
-21
-12
-17
-76
-67
-46
-113
-46
-22
8
58
-20
-8
39
-8
14
-58
-40
23
-58
-2
-15
-17
-1
-49
-30
-35
8
-45
-90
-20
-52
-45
-12
-4
-24
-50
-102
-139
-91
-77
-38
0
3
14
42
102
79
-2
22
-7
-25
-23
-85
-63
-102
-57
44
-54
-103
-51
-64
-49
-6
-48
-99
-118
-131
-83
-7
9
-9
11
20
31
90
70
18
4
-14
-52
-108
-103
-63
-75
-66
-28
-50
18
71
43
5
-11
11
60
119
88
118
147
140
156
133
99
68
63
63
65
71
78
81
114
86
20
115
112
55
71
-25
45
89
-24
12
23
-53
-69
-38
-48
-59
-76
-4
90
70
47
10
32
21
13
57
-4
33
21
-78
11
24
-37
-8
-15
-57
-89
-124
-124
-9
6
-65
-76
-62
-43
-69
-17
-36
-48
2
-40
12
54
16
33
10
11
66
21
5
17
-29
-70
-58
-68
-57
-37
-53
-35
-130
-122
-43
-6
85
25
-42
-23
6
22
-16
-26
6
-32
-24
22
-24
10
29
0
2
-9
23
36
28
1
-38
23
5
-162
-139
-37
-111
-85
-17
-6
70
86
65
44
83
140
86
76
79
13
-2
69
51
55
14
-43
36
52
126
118
-6
-23
-41
0
49
27
27
48
114
86
10
-1
-75
-107
-43
-9
-19
-31
12
39
9
41
58
81
91
45
-23
-95
-5
26
-34
-25
59
101
6
0
9
33
4
-85
-19
-45
-46
3
-72
-4
56
-14
0
31
31
10
3
-17
-10
8
-69
-68
-13
-14
-74
-84
-55
-101
-71
-72
-125
-83
-23
-20
-6
19
-53
1
57
36
115
57
24
9
-85
-81
-61
-38
-49
-61
-56
-34
46
-13
-31
-43
-64
5
-27
2
18
1
-8
-26
4
-26
16
59
11
-3
41
65
63
48
-30
-33
72
139
13
-7
34
-37
0
32
41
6
-41
15
-30
-33
65
37
107
98
48
76
30
26
22
64
63
26
37
-28
-7
29
17
24
-22
-6
29
59
52
20
27
-2
21
21
-19
-21
-11
-32
8
83
62
65
40
-30
-1
19
-29
0
36
9
-55
-46
-18
-47
-14
-14
34
5
-75
-15
-58
-116
-91
-40
-45
-100
-97
-62
2
-24
-56
-51
0
30
-1
69
-4
-46
-13
-63
-12
-7
-46
-5
66
4
-32
24
17
26
0
-28
-83
-99
-62
-67
-54
-15
35
71
107
93
19
17
40
10
-20
-25
-10
47
48
5
-21
-59
-48
-34
31
52
-70
-84
-86
-71
15
-46
-56
-27
-53
-21
-59
-96
-16
18
2
41
45
3
-17
26
15
-46
64
85
0
26
30
51
29
-34
6
16
79
105
45
63
62
-17
-49
0
11
35
67
68
75
79
29
14
48
33
21
27
62
40
-9
32
66
61
30
9
23
-3
-65
-27
26
-12
-24
-28
-28
-23
-61
-52
2
42
83
49
-10
54
71
-43
-56
9
62
102
52
-31
-54
-15
-10
-23
20
-18
-94
-105
-95
-52
-28
-25
-65
-61
-13
-30
1
-7
-1
103
15
-95
-53
-49
0
11
17
13
-22
17
-36
-90
-75
-8
-3
-10
57
-66
-107
30
29
39
43
-52
-3
5
-67
-25
-62
-84
-62
-45
17
47
25
-9
23
66
34
17
69
11
-44
-12
-32
-40
-56
-33
-7
32
62
33
125
74
29
77
-10
4
36
37
10
17
0
-44
39
49
66
59
28
26
-46
32
103
24
-18
-17
8
-70
-78
97
63
-16
30
-9
-75
-56
9
-14
9
11
-56
-41
-14
32
-26
-53
43
40
3
-37
-19
-37
-95
-75
-69
-27
-10
-8
4
6
68
56
27
46
-12
-6
12
-6
48
-13
-66
9
15
38
58
57
85
75
41
5
4
-21
-94
-89
-34
-20
1
-6
-39
24
27
3
40
17
40
-9
-40
66
-26
-54
5
-46
-10
-11
2
22
-50
-95
-79
-54
17
24
-28
-2
-19
7
81
25
-22
8
-45
-61
11
6
28
-31
-80
35
10
9
-17
-79
18
4
26
5
6
157
50
-12
60
34
-2
-22
14
-54
-20
45
-22
40
48
40
31
-22
4
23
-8
-7
64
27
-7
18
-11
13
-18
-35
-52
-11
127
50
3
38
14
36
14
-28
-14
28
51
3
-1
-14
-32
-33
-75
23
85
-4
-48
47
6
-92
-19
24
73
65
-22
-6
23
-76
-100
24
9
-52
-2
-87
-113
-32
-87
27
54
-56
-19
-7
-3
13
37
80
85
19
-24
-42
-91
-38
-1
-13
-1
-5
62
75
10
-72
-141
-66
6
-28
-88
-62
-1
11
-26
-46
21
31
64
46
-5
24
3
-11
-19
16
-12
-69
-14
-2
50
31
-35
43
-21
-32
-32
-52
16
-51
24
61
-7
42
0
-24
30
87
29
-44
8
1
-15
-13
15
47
48
39
47
64
-6
-73
-76
-66
-53
-80
-119
-20
58
25
77
97
12
1
69
55
-9
39
62
128
118
-39
-24
-7
-26
11
8
65
107
37
-10
-27
-24
9
18
50
59
10
4
-1
13
16
-45
11
39
-35
0
39
10
-18
-16
-2
-9
-35
8
74
43
-14
-87
-17
-12
-138
-69
-43
-95
-73
-29
-38
-46
3
22
59
34
-46
25
76
-27
-66
-21
-23
-45
-17
1
14
48
19
-4
42
16
21
50
0
-45
-34
-57
-114
-10
28
38
79
22
39
70
46
4
-11
-18
-51
-33
-56
-42
42
76
47
31
71
-2
-14
-1
-92
-59
-26
6
50
47
103
20
-48
-18
-82
-16
36
-48
-13
-28
-88
-69
-49
-44
-38
-19
7
44
11
23
26
5
89
62
-48
-54
-27
10
6
59
102
14
8
-5
20
33
-43
-13
-5
24
23
-21
1
-41
14
33
57
92
40
68
19
7
52
25
30
22
8
48
22
32
9
-50
7
31
11
9
10
-23
-93
-90
-33
-15
37
55
67
77
23
-43
-18
72
6
-61
16
-1
-67
-16
-20
-60
4
55
-10
-55
-6
52
-24
-56
4
-60
-79
-72
-77
-68
-32
17
12
35
56
22
-29
-8
9
-79
-89
-46
13
143
81
-46
21
-7
-96
-23
11
13
16
-29
-45
-43
-58
-50
-16
12
-12
30
147
75
-40
12
-16
-72
-11
-36
-44
-43
-75
-12
-11
17
43
8
51
36
-14
-29
-16
-30
-29
-41
-46
21
-5
-35
-7
-17
-17
-35
-37
25
25
-36
-75
-19
10
-11
39
-22
-11
75
36
16
-65
-76
-40
-19
48
45
35
-49
-57
16
18
87
126
124
93
63
51
-33
-20
44
7
-23
50
79
-26
-17
47
78
105
93
110
99
83
91
71
17
19
60
36
44
30
74
136
84
70
-13
-16
41
10
75
38
-32
5
7
7
15
70
58
6
2
-73
-83
-51
-10
50
-16
-86
0
39
-20
-31
-51
-6
5
-81
-59
-93
-148
-40
-47
-121
-84
-105
-134
-85
-74
-80
-74
-61
-46
-52
-58
-80
-90
-110
-104
-25
-40
-89
-55
-94
-83
-14
-68
-64
-140
-164
-104
-77
-14
-111
-100
-44
-59
13
-9
-48
-23
-72
-16
37
-50
-44
-56
-82
-21
29
1
-25
62
106
68
54
45
11
20
60
84
76
27
81
106
69
116
50
-4
52
50
113
157
106
126
113
98
161
149
211
223
102
71
56
128
117
45
91
87
80
52
104
140
79
80
122
149
108
142
100
45
71
45
88
13
-12
50
61
107
38
-8
30
15
-32
-59
7
29
0
-10
-78
-36
-16
-74
-44
-48
-61
-70
-103
-83
-52
-125
-130
-80
-109
-167
-175
-106
-87
-63
-77
-163
-151
-128
-193
-205
-134
-103
-109
-100
-128
-143
-127
-120
-99
-101
-79
-99
-104
-89
-143
-100
-34
-8
-24
-69
-46
-41
-37
-68
-84
-17
21
34
-17
-68
-56
-11
-4
3
41
68
114
89
91
86
0
43
50
66
110
43
77
1
-118
6
64
105
66
23
164
110
95
140
111
101
-13
-18
-3
11
88
37
56
18
6
115
1
-58
0
2
26
50
54
20
37
26
9
108
62
-19
-27
-31
22
12
-18
19
37
88
128
60
34
11
-11
72
48
44
146
83
14
52
131
133
-9
-26
69
133
145
50
89
158
165
195
81
79
93
-4
31
62
66
94
60
14
53
23
-2
88
9
-23
98
-4
-71
-30
-37
25
-77
-100
-2
-66
-100
-90
-74
-61
-83
-67
-140
-226
-193
-235
-182
-148
-182
-161
-198
-214
-163
-146
-221
-245
-235
-254
-229
-204
-169
-138
-169
-147
-155
-207
-202
-168
-141
-109
-147
-155
-47
-78
-149
-107
-6
46
-4
-48
-45
11
36
0
42
29
18
94
100
114
161
158
131
184
180
161
212
218
164
191
268
236
195
211
223
212
243
182
167
250
261
246
214
263
261
213
279
232
87
44
119
204
208
205
180
96
100
123
9
26
29
-45
47
31
-40
-42
-5
28
9
26
-81
-121
-122
-197
-134
-152
-185
-165
-142
-107
-175
-213
-194
-136
-118
-183
-279
-332
-259
-226
-235
-178
-124
-169
-147
-120
-181
-200
-158
-102
-190
-207
-88
-113
-159
-127
-117
-40
-12
-47
-57
-108
-52
-57
-106
-71
-10
50
-24
-16
74
85
60
24
50
111
164
188
123
65
113
126
53
81
157
134
132
85
14
7
58
133
124
118
94
50
44
118
142
72
119
162
143
104
90
143
121
76
68
54
74
31
-89
-100
-36
-20
-13
18
-10
9
19
-60
-60
-92
-105
-91
-113
-22
12
-27
-9
-44
-79
-37
-47
-80
-68
-114
-167
-194
-209
-132
-191
-161
46
-24
-55
-46
-75
-49
-87
-20
-34
-66
-15
83
140
-5
14
61
68
76
-15
-6
1
80
56
5
99
59
47
118
111
98
136
135
170
179
155
135
78
107
38
9
107
166
178
111
96
128
95
83
108
67
75
87
65
80
65
77
84
62
63
26
48
72
-2
29
15
19
43
-74
-72
-93
-115
-60
-84
-64
-14
-24
-90
-143
-184
-216
-187
-194
-229
-193
-183
-211
-219
-199
-177
-135
-127
-258
-225
-203
-344
-256
-140
-165
-130
-124
-161
-152
-128
-109
-156
-120
-84
-133
-99
-119
-109
-104
-113
15
34
12
36
74
106
103
52
2
54
90
94
107
126
111
141
142
137
159
120
128
145
181
121
34
48
105
176
154
197
221
118
137
221
244
208
254
234
103
74
160
232
165
138
178
121
70
105
124
122
79
77
38
-11
38
44
112
57
-21
50
95
166
103
25
81
46
5
-55
-129
-58
-48
-48
-71
-160
-109
-76
-90
-85
-82
-85
-118
-138
-66
-57
-169
-111
21
17
1
-8
20
79
-19
-60
-40
-168
-167
-136
-121
-41
-126
-129
-21
-35
-45
-36
-27
23
57
0
-56
-33
-49
-80
-56
-31
-28
14
-12
-109
-111
-122
-158
-160
-113
-93
-92
-58
-142
-201
-161
-112
-53
-82
-100
-75
-66
-62
-75
-132
-157
-73
-87
-99
-77
-92
-54
-34
5
-41
-76
1
-84
-114
-27
-120
-115
-37
-42
38
111
80
74
102
113
103
113
134
131
110
21
66
172
143
124
126
104
57
66
96
66
127
196
183
208
196
198
231
142
127
218
279
288
242
195
155
159
150
110
81
70
69
105
139
163
175
149
169
132
150
157
37
58
78
45
20
-5
59
45
-10
9
-33
-46
-41
-87
-99
-96
-59
-7
-75
-134
-76
-51
-63
-107
-143
-146
-136
-129
-182
-214
-188
-166
-191
-189
-140
-128
-131
-176
-193
-171
-152
-135
-158
-108
-82
-158
-184
-144
-127
-170
-170
-184
-176
-96
-106
-130
-132
-157
-198
-215
-136
-76
-80
-75
-61
-98
-77
-15
-30
-14
6
58
16
-57
12
-44
-38
69
22
-14
-45
11
134
107
93
97
145
161
119
103
98
169
157
201
247
201
196
145
166
142
72
83
86
180
171
55
105
141
98
151
131
58
70
48
110
206
101
48
108
105
94
59
115
115
67
168
83
-34
33
23
13
60
59
53
0
-35
41
40
30
10
-65
-28
15
47
100
84
-11
-24
3
-7
10
-24
-90
-145
-130
-112
-148
-125
-111
-75
-108
-146
-127
-127
-94
-126
-118
-96
-84
-82
-125
-109
-95
-37
-29
-134
-173
-140
-97
-157
-210
-181
-172
-72
-68
-118
-96
-130
-81
-130
-136
-15
-72
-46
-38
-121
-60
-49
-111
-94
-39
18
6
-58
-85
-52
11
53
33
73
57
-47
39
19
-5
75
47
121
137
105
117
63
87
125
108
96
88
62
63
113
74
97
187
128
122
107
79
63
30
79
134
124
67
108
143
97
126
152
95
51
70
97
43
32
84
124
119
82
104
111
103
70
75
85
93
132
48
16
43
14
16
2
-42
-67
-64
-52
15
-26
-87
-37
-60
-60
-97
-72
-84
-175
-93
-75
-104
-65
-57
-65
-100
-181
-181
-136
-183
-166
-96
-129
-105
-123
-206
-132
-59
-8
39
-53
-93
-81
-83
-51
-57
-24
-2
-27
-60
-36
-11
-16
-57
-89
13
-82
-67
80
-16
-50
-67
45
90
-9
88
125
87
123
99
38
52
104
119
82
73
52
42
77
64
82
98
83
60
50
76
67
11
47
131
60
34
76
68
18
34
86
78
94
-21
-47
-4
-72
14
44
-64
-77
-21
9
-36
-43
1
-36
-63
-113
-70
1
-53
-2
-14
-30
-13
-56
-63
-88
-23
-44
-6
87
16
-26
-67
-18
-55
-139
-136
-81
45
-39
-58
31
11
4
-46
-73
-34
13
35
59
57
45
39
-21
-21
-3
30
79
21
-49
-80
-10
9
-14
-3
-1
20
-21
6
77
69
35
56
69
48
12
-54
-23
15
10
8
-11
13
38
39
-17
-47
29
27
4
25
71
131
116
51
-39
-37
37
84
95
80
19
21
53
16
33
1
37
22
-20
75
48
20
35
50
85
71
-1
28
65
18
-1
-38
28
56
-22
25
21
-8
30
-4
62
65
31
103
25
-7
9
27
89
13
-33
-23
12
84
-45
-96
75
44
-92
-106
-113
-72
-38
-47
-30
-72
-69
-81
-86
-38
-108
-144
-105
-133
-135
-80
-121
-186
-196
-159
-96
-89
-132
-124
-100
-141
-145
-114
-101
-149
-197
-107
-37
-85
-136
-102
-43
15
-6
-75
-21
-14
-60
-84
-73
12
25
2
46
30
11
8
4
12
12
18
72
108
104
115
91
135
150
147
117
86
144
127
222
216
121
133
91
116
144
116
81
173
181
105
201
139
107
157
173
172
109
105
46
110
146
60
81
37
84
116
1
31
75
20
-34
32
5
-68
-22
-51
29
31
-43
1
-50
-4
12
-78
-43
-77
-126
-47
-1
-48
-22
-42
-87
-58
-109
-110
-81
-90
-38
-56
-151
-124
-128
-134
35
10
-105
-41
-54
-48
-35
-32
-23
-46
-25
-82
-128
-75
-76
-90
-42
-40
-41
-90
-66
24
-5
-4
-50
-18
9
-26
28
0
26
44
18
-13
-79
-51
-11
-65
-118
-39
-28
-75
-4
28
12
-8
0
42
62
40
-56
-49
-6
-50
-13
2
-15
-52
-53
-35
-97
-125
-59
-19
-29
60
58
14
-14
-64
1
49
12
-32
36
69
0
5
44
72
16
-12
-14
-8
50
84
44
0
92
73
50
83
49
60
83
117
70
34
23
24
87
168
180
78
44
44
46
76
93
88
63
65
-24
-52
27
7
-14
6
42
82
43
40
55
-16
-19
16
78
79
-11
-51
-14
5
-48
-43
-47
-75
-64
-93
-148
-147
-62
-99
-91
-13
-39
-29
-83
-70
-61
-92
0
-40
-82
-64
-102
-83
-134
-166
-145
-100
-55
-59
-60
-138
-104
-23
-65
-38
9
-25
-24
18
30
-4
1
-4
-54
-60
-51
-16
-54
-33
50
-37
1
59
-43
-46
-42
0
36
75
129
46
24
65
56
-8
-16
63
71
68
51
24
32
82
70
39
58
39
73
95
79
43
10
46
139
93
48
76
20
97
88
38
73
55
51
32
104
40
-79
-28
19
18
5
-29
-68
-4
8
18
15
-6
32
-11
-4
30
55
65
-15
-28
-14
-9
-5
-50
-42
-65
-103
-125
-108
-9
2
1
1
-20
-17
-66
-6
46
-20
8
34
11
-24
-30
-62
-124
-138
-122
-63
-49
-60
-59
-67
-80
-41
-20
-30
78
64
-54
0
21
-29
17
-11
-41
-57
-64
39
3
-70
-25
-46
-44
-14
-15
34
-6
-7
87
24
-21
-13
-13
24
31
-27
-83
-41
7
22
-15
-23
29
9
9
-7
-16
57
55
10
20
1
-54
-22
5
-31
-24
-7
6
13
24
28
7
-47
16
115
70
53
18
16
27
64
59
-37
-20
-46
40
65
-10
19
-27
-3
17
51
126
66
76
91
23
68
78
21
39
84
98
63
4
14
34
18
52
61
10
15
72
68
52
23
31
85
79
51
21
-19
-40
-28
21
55
-7
-29
49
22
-36
-15
3
20
-7
-51
-22
26
-6
-39
-52
0
28
-104
-91
-11
-14
-9
-59
-41
10
-7
4
-32
-29
-41
-1
7
-111
-56
-99
-137
-81
-25
52
-77
-128
-67
-38
34
55
-16
-90
-42
-5
-12
55
12
-58
17
-19
-60
-39
-60
-56
-32
44
49
28
64
71
46
70
92
81
124
55
30
77
45
19
7
46
41
96
123
21
54
50
40
94
54
69
69
90
145
111
80
19
16
59
37
15
38
80
28
18
64
45
23
40
40
33
23
-13
39
42
22
4
-32
32
34
-63
-59
-19
26
68
-23
-87
-74
-31
-8
22
1
-96
-65
-61
-126
-93
-51
-59
-46
-80
-59
-12
-71
-67
-5
-12
-65
-36
-36
-53
-35
-15
38
-32
-110
-56
4
21
10
-10
-12
-36
-61
-34
18
52
37
75
101
23
45
48
13
51
0
1
42
36
34
79
69
3
-17
-63
33
49
-18
92
91
69
46
31
66
5
37
22
12
83
38
2
13
20
-9
-8
-33
23
25
-43
8
-24
12
20
-1
32
-15
-13
19
34
14
-68
-47
5
-22
-53
-91
-18
12
11
56
-57
-66
-21
-26
22
-54
-109
-47
37
95
57
-36
-18
-6
-56
-3
34
34
31
15
19
15
-33
3
-4
-29
10
-27
11
46
60
54
-10
-13
-21
-39
41
60
6
47
44
-41
-3
34
-45
-24
-25
-49
-42
-29
40
9
-13
0
-29
-54
-69
-16
-1
-46
-50
-28
-37
-50
-69
-98
-65
-46
-18
-25
-27
-15
-92
-69
-20
9
-18
-123
-180
-103
-6
-57
-79
-111
-91
-49
-57
-19
-6
27
-12
13
89
23
10
-26
-37
-12
31
18
-89
-65
-24
43
65
-20
27
24
-3
109
100
54
126
166
149
164
154
79
46
28
18
57
60
27
32
25
9
30
44
143
198
117
110
156
167
103
41
24
62
128
102
66
74
-5
-90
-92
-46
34
6
4
11
-39
34
30
18
25
7
73
47
14
25
15
-60
-147
-97
-123
-117
-42
-123
-143
-100
-35
-24
-62
-36
-114
-49
54
18
44
9
-35
-90
-103
-60
-108
-58
-7
-53
-14
-77
-144
-72
-106
-123
-68
24
26
-20
76
79
42
64
62
64
46
-2
-65
-90
-84
3
71
-22
-34
-42
-55
30
-28
-21
27
66
59
-9
37
45
133
168
76
37
-48
-49
10
-46
-59
-51
-78
-50
-50
-80
-62
-78
-32
2
-3
96
99
115
104
14
-7
-43
-77
-82
-83
-70
-69
-55
-37
-88
-115
-47
-36
-80
-9
65
16
-32
1
32
9
49
57
-2
-26
-53
-32
-37
-51
-86
-120
-49
-25
-9
17
8
34
70
74
92
37
32
90
-2
-58
-33
1
47
-1
23
126
52
26
29
-10
42
48
11
-7
13
66
51
4
60
30
13
106
62
16
-12
-9
39
-1
-10
-29
-67
-19
27
29
32
12
-3
57
-41
-67
-4
-27
3
-42
4
32
13
82
31
-26
-32
-73
-71
-50
-39
-10
26
11
-11
-31
-73
3
36
48
104
33
5
28
-57
-69
-34
-49
57
35
-43
30
11
-4
64
70
10
21
18
0
73
22
-2
27
21
67
67
48
43
37
0
-7
25
12
-37
-6
51
41
55
39
28
37
34
3
-11
-16
-45
-25
9
13
-86
-98
-20
-27
-16
-10
-4
-3
-57
-26
9
-58
-44
-60
-106
-68
-31
-53
-58
-26
-50
-26
-49
-100
-110
-126
-113
-101
-123
-28
81
0
21
26
-34
-60
-146
-98
-104
-147
-26
-7
-12
-23
-116
-97
-20
-26
-31
4
-38
-41
47
72
40
11
-62
-80
25
-21
-32
-2
-53
61
100
56
20
-66
4
76
-27
-28
74
74
94
155
88
13
2
-70
-40
31
48
48
60
83
-33
-22
26
60
143
81
74
16
2
32
-62
-28
1
27
52
38
70
-5
-23
71
56
13
40
37
-16
-44
20
-13
-43
63
57
60
66
-17
-54
-72
15
72
12
-18
-17
38
68
76
36
-29
1
-32
-22
43
2
18
21
39
20
-74
-26
55
58
41
77
52
37
6
2
52
13
31
-20
16
29
-20
47
6
17
42
32
67
11
-9
12
-52
-48
35
39
9
75
52
-34
-4
8
29
-18
-26
25
-58
-31
-11
-74
-12
-17
-20
-17
-49
-10
-11
23
1
-79
-47
8
-26
-33
-31
-12
30
-35
-55
-15
-66
-54
-39
-101
-60
-85
-48
-6
-89
-49
-11
28
46
-1
-16
-25
3
-57
-65
21
-34
-79
-48
19
32
-66
-99
-49
48
36
-16
3
-50
-45
16
30
23
62
37
14
34
24
33
-17
-12
-21
-66
-57
-61
5
96
74
-11
13
58
-46
-49
62
52
22
-26
-3
64
13
-20
-40
-15
-19
28
31
-69
7
6
-45
19
27
-24
-10
-11
-12
59
-22
-51
30
-3
-61
-67
-7
41
23
-70
-66
-4
-25
30
8
5
14
-92
-27
27
3
-2
-54
-19
10
-7
-17
-49
23
47
21
18
25
44
-32
12
42
2
33
-55
-31
28
9
69
42
22
41
-3
-12
17
49
65
-3
-30
66
81
66
46
-31
-19
48
48
9
-21
18
78
-12
-53
12
72
66
-27
-10
57
65
53
19
73
4
-80
-9
-20
52
56
3
11
-26
32
48
-28
-45
16
-23
-83
1
0
-8
59
38
26
44
22
-46
-50
15
14
-48
-90
-66
9
34
-19
18
-7
-30
56
-6
-107
-16
37
30
21
0
50
4
19
1
-78
9
-9
-18
21
-18
-16
-4
25
-4
-11
30
-29
-11
39
37
48
1
-9
-25
-37
23
10
-43
-86
-56
3
26
19
-17
8
20
48
38
-82
-62
-26
-63
-20
-62
-29
50
-15
1
-64
-82
-39
-15
33
-47
-21
-43
-77
-16
-79
-16
45
-34
-13
-20
-11
-5
-100
-86
-55
-81
-80
-5
42
29
22
0
-29
12
-6
-27
6
-62
-20
0
12
25
-3
71
-16
-16
23
19
32
-57
35
71
46
56
-74
-31
86
81
77
17
54
45
-33
47
50
51
70
-3
-23
21
7
-5
24
87
147
67
15
41
12
-22
-62
-29
78
105
94
54
-1
-7
-16
41
36
-50
-8
67
74
23
21
49
-18
-53
-31
-2
62
33
19
17
-10
63
-24
-40
88
-3
-32
11
-1
-21
22
74
34
31
27
1
-43
-43
-30
-14
43
-36
-53
-17
-20
118
151
11
34
64
-46
-141
-92
34
23
32
-19
18
15
-126
5
40
-25
-24
-61
-48
-27
-27
4
28
18
44
27
-42
-58
-3
-9
-69
-53
-63
-121
-83
18
2
-59
-7
2
-9
-16
-44
52
8
-63
-43
-49
-10
-13
-40
-38
-8
-16
-32
-45
-66
-28
-45
-58
42
36
-12
4
-5
-30
48
42
-32
-1
-80
-40
5
-15
63
29
-34
-63
-10
-19
-72
29
76
67
19
10
62
12
-31
-43
-43
21
10
-35
-15
-28
-26
-1
71
68
-4
-1
-64
-15
52
-16
7
14
-25
-11
-16
-10
-57
-3
32
-29
31
-10
-10
-5
-75
-13
19
12
12
-3
25
-6
-44
-26
15
27
-43
-75
-74
-33
48
45
-27
-8
26
81
63
-46
-25
-14
-10
-16
-32
-6
-6
9
5
-30
-20
32
70
87
52
9
23
24
-24
-9
26
42
85
16
10
54
27
0
-77
-14
44
50
73
24
9
45
123
105
40
0
-33
57
103
27
-29
-16
13
18
2
-3
-15
-25
84
72
2
68
45
25
54
7
19
61
-9
-38
21
35
-16
-22
-18
-33
-6
-28
-1
0
-23
30
27
-38
-40
32
46
38
-26
-44
21
32
-59
-63
-5
-58
-40
-54
-46
-13
-39
35
27
-13
1
-33
-28
-7
9
-42
-49
80
45
-77
-75
-6
47
62
-24
-76
-73
-64
47
2
56
124
10
15
-51
-61
-51
-21
53
-2
32
15
65
78
-34
6
-9
33
103
17
-39
-41
6
94
101
9
-27
31
6
-19
1
-34
30
62
-48
0
40
13
78
79
39
14
32
17
-55
-30
-18
-59
-20
17
-17
-51
-3
21
-26
-57
-20
14
-6
-10
4
-13
-55
-10
-11
-51
34
17
-50
-11
-46
-117
-86
-66
-31
1
-54
-78
-48
-5
3
-3
-21
4
4
-66
-10
6
-43
-22
-48
-35
-49
-77
6
96
12
-60
-21
-67
-20
-39
-73
22
37
29
43
62
31
-9
35
64
-25
-53
-11
-17
1
32
58
6
-1
67
26
-10
-10
-29
44
71
18
62
42
1
31
-1
3
-3
6
75
30
58
70
-36
-25
-31
-13
36
0
8
20
22
39
9
14
-9
2
86
-20
-62
-18
-42
56
87
47
25
-11
-2
-37
-74
-3
10
-58
-57
12
15
-66
1
62
0
-21
19
41
84
90
-59
-52
-14
-75
-9
33
-16
-15
-30
-19
-20
-82
2
0
-41
41
56
25
32
68
70
-30
-89
-48
-3
68
22
-46
33
28
-72
-71
-77
-61
15
-9
3
54
69
89
0
2
-6
-97
-10
25
34
-3
-85
-9
-13
9
8
-14
25
-38
-30
54
74
-17
-76
-55
-30
11
16
51
42
-59
-32
16
-2
10
-33
-32
33
-13
-32
-11
18
84
26
-17
10
-18
-22
10
-8
-41
-40
-45
-6
-3
32
88
55
-19
-84
-31
-9
19
59
-6
11
56
11
7
5
-30
-3
-2
-15
-39
-76
-26
2
-17
16
78
30
-6
13
-8
-19
-1
24
7
36
47
-11
11
15
-1
1
-111
-80
28
-9
66
53
-7
37
39
-20
11
48
11
82
24
-28
26
22
54
-9
-12
54
-16
-52
-3
106
60
29
65
8
67
90
36
12
21
26
49
16
-28
20
21
-16
7
54
36
37
65
54
94
90
24
17
-13
-1
-9
-8
90
69
3
-43
-87
9
40
-27
-36
8
29
-20
-2
-13
-4
3
-9
43
-30
5
121
17
-66
-76
-124
-84
-18
-75
-42
-17
-69
-18
-7
-8
-16
-60
-86
-91
-24
-17
-83
-10
42
23
-18
-58
-30
-63
-45
-11
2
13
-43
-89
-146
-112
-15
-31
12
29
-31
44
15
-45
23
22
23
34
-10
-85
-18
98
21
-4
19
6
15
28
-1
-31
11
56
94
-2
-8
47
-49
17
93
52
59
50
59
57
-27
20
85
-1
-3
10
31
89
85
82
45
30
20
-14
13
-29
-24
32
-2
54
77
16
39
8
-61
-34
33
5
-20
73
40
53
126
-7
-40
-62
-79
34
2
-51
12
-31
-42
42
-60
-104
9
43
-5
-43
-28
-3
-83
-69
58
7
-39
9
68
34
-38
-59
-35
-57
-122
-69
-21
-77
-14
42
-16
-18
-87
-5
-29
-86
42
-64
-49
13
-14
-25
-24
23
-3
-10
-30
-41
-17
-70
-79
-3
-4
-2
16
-34
-27
7
-44
-44
-6
-53
-75
-61
-5
-7
-32
37
74
58
-25
-11
0
-51
8
42
15
-8
-57
-63
2
-13
-58
-21
35
50
-63
-92
29
-28
-40
91
44
35
88
40
0
3
44
33
15
62
-22
-68
42
-8
-55
-1
-42
4
39
51
75
59
128
48
-29
-36
-37
36
60
56
50
36
50
102
50
43
53
-21
-11
26
-14
-29
23
-3
20
107
36
-29
30
40
-2
-27
25
105
110
49
-30
-13
-56
-15
95
0
31
73
-14
-18
-40
-39
-43
-65
-46
-42
10
33
34
27
-24
0
24
-10
-6
11
-30
-64
-54
-74
-30
-29
-76
-34
14
48
-17
-38
-19
-34
-7
-32
-91
-84
-26
-16
-43
0
24
-32
-47
-28
-50
-42
12
-3
-55
-53
-59
-42
11
62
81
-47
-74
23
-23
-84
-1
42
-55
-71
-43
-82
-21
77
49
15
-5
10
-39
-11
59
-8
-30
-60
-26
3
-21
22
33
51
57
-11
-21
7
10
-38
-41
23
15
-20
-64
-64
29
54
-2
-23
9
58
29
28
30
-29
12
43
-3
-34
32
73
40
4
-22
6
-19
-38
-5
-23
-32
-26
-37
-4
34
-54
26
209
175
123
56
10
-9
-37
-38
-14
40
4
-44
33
32
-37
27
50
35
0
41
45
-11
21
8
65
80
51
60
92
138
72
-20
3
29
-13
-57
-107
-48
-1
0
70
55
8
15
69
42
36
87
13
-11
-2
-25
41
-11
-66
9
30
32
9
8
0
5
-29
-77
-68
-60
-9
-13
-1
1
-37
-20
-21
12
44
58
14
-58
-78
-99
-48
-12
-58
-95
-66
3
38
-7
-36
5
4
-75
-164
-99
-53
-65
16
-5
-1
31
-16
6
-25
-50
-10
-17
18
-14
-87
-69
-55
-26
-36
-12
93
83
-21
-30
71
47
-27
-3
30
-11
-49
-23
-16
69
69
-13
51
80
82
67
15
-1
-12
0
23
14
50
120
52
-22
12
-8
17
50
1
25
24
-96
-22
96
-27
6
61
91
97
-59
-3
66
32
-37
-56
9
-70
-44
-29
-83
-17
37
25
-20
-13
2
16
68
-12
-50
-36
-76
16
-7
-61
-5
11
38
28
-37
-39
-66
-60
-30
-57
35
54
-48
-66
-26
-15
4
53
-38
-52
-8
-86
-22
25
6
18
-46
-20
0
-62
-58
-2
63
34
-36
-26
-26
-106
-33
-32
-102
16
16
16
73
0
-20
-5
31
75
-10
43
24
-63
37
14
-23
-49
-38
49
44
26
9
19
50
1
17
98
48
28
26
32
82
52
54
30
34
59
-8
-17
22
-21
2
21
-2
69
52
25
65
26
-25
40
44
15
35
31
34
-44
-78
-22
9
23
-7
-34
21
4
-17
19
-4
0
4
8
-4
-39
-5
12
-53
-40
49
10
-39
-23
12
-14
-21
0
-74
-29
-33
-42
31
-25
10
49
47
8
-51
-29
-49
-34
-14
4
0
-50
-41
31
11
-16
51
12
-19
-23
-37
1
-20
-77
-65
16
57
17
2
5
-25
-19
-11
-21
-7
-43
-28
-35
-30
-12
-106
-84
-3
75
53
-38
2
-8
-55
-38
-36
-42
-21
4
41
68
39
27
-28
-4
121
48
-32
-5
-49
-22
15
-18
-9
33
68
74
98
55
-14
-51
9
13
-29
33
-17
24
19
-103
-53
-7
49
75
52
-4
-81
-33
-20
-76
-84
0
32
19
56
24
43
40
-27
-55
-47
3
-38
-39
33
18
-29
-31
41
31
52
128
19
-24
-9
-23
-34
-50
-53
-32
71
41
24
34
-24
-36
-29
4
0
55
73
62
62
-1
25
13
13
64
37
-26
13
111
76
2
0
14
-15
0
7
32
82
27
63
77
23
-27
-61
27
73
66
28
-129
-110
12
-14
-20
-32
-25
23
9
-18
-35
-18
2
29
-3
-81
-40
1
9
-15
2
34
-21
14
16
-4
-2
-18
13
-4
29
37
-38
-20
-47
-8
37
-22
22
-53
-96
27
18
-61
-61
-101
-83
-17
-51
67
113
-22
-69
-73
-71
-35
16
-18
-63
-53
-49
-23
-24
-41
-21
-55
-33
56
-6
-18
-4
-9
54
-12
-18
5
-29
0
13
-5
-57
-36
-39
-98
-38
-25
-52
-17
23
-23
-90
-17
7
-27
-17
-39
-5
19
-5
-20
-16
12
2
39
16
-57
17
47
-5
-30
-4
46
5
34
86
78
64
-42
-32
-9
-44
-50
-33
78
29
-9
74
23
-24
16
16
21
6
-29
49
50
-42
-22
-19
-5
21
18
54
18
10
63
33
41
53
19
49
84
93
83
62
120
98
-25
46
123
63
78
38
-3
6
-41
-10
24
32
76
73
33
19
44
46
-14
-11
-31
-7
90
12
-31
9
-1
20
52
76
111
1
-75
31
1
-59
1
4
25
57
19
-46
-61
53
52
0
16
-59
-49
-1
-14
-53
-50
4
23
86
-29
-179
-129
-103
-32
-2
-74
-61
-47
-98
-130
-43
-7
-62
22
14
-39
-17
-35
-19
-19
-3
-20
-71
-14
-5
6
-28
-88
-16
-21
-12
21
2
-38
-50
13
41
12
-49
-3
-17
-75
19
-17
-3
15
-56
0
13
-16
-17
31
8
-8
9
-16
59
86
19
47
57
-14
-13
32
32
9
-3
18
64
70
81
46
-5
-18
6
54
5
0
53
22
-14
58
80
1
-13
-11
-29
-54
-34
35
18
39
19
-42
4
45
46
-26
-2
41
13
-28
-13
-1
-62
53
69
0
68
58
53
45
20
16
-62
-77
-32
-13
80
79
-36
-40
-29
-67
-29
34
37
-43
-58
-45
-41
6
46
42
-23
29
77
23
-20
-60
-22
-31
-71
-14
-56
-73
0
29
71
64
0
-52
-55
16
60
54
71
61
48
0
-1
28
-8
-6
19
34
-5
8
29
11
-2
-34
-2
70
43
-4
39
13
8
54
57
92
37
24
67
36
41
28
44
12
13
15
19
102
-6
10
107
1
-43
1
36
3
-4
72
64
26
63
34
40
58
-22
-16
-39
13
61
-7
82
52
-91
-52
-38
-64
18
26
-6
2
-45
-29
64
96
7
-54
-47
-52
-5
6
-38
-15
3
50
50
-32
-42
-87
-100
-23
-57
-34
14
-27
-29
-28
3
-10
-38
-16
3
17
-24
-32
-66
-35
-20
-65
-24
-84
-44
-20
-51
-26
-71
-14
14
-53
-63
-12
27
1
-20
-45
-71
-10
-24
-69
-52
-38
33
20
1
-4
-50
-17
-47
-24
32
-13
56
89
26
37
24
6
-41
-78
-9
9
19
20
39
86
47
73
59
13
-2
-9
21
19
43
6
-16
17
-19
39
148
66
-63
-40
15
23
45
76
99
96
71
14
14
14
-59
-36
27
65
99
92
28
-26
-39
-55
-4
66
59
89
120
22
-49
-63
-64
17
29
-26
11
36
-11
-17
-27
-39
2
5
-1
7
-54
-40
62
50
19
11
-26
-37
13
62
18
-1
-61
-88
13
30
48
30
15
21
-72
-12
32
-10
35
33
6
-9
-13
-34
-59
-51
-12
25
-23
-42
-2
-54
-55
-18
13
7
-21
29
0
-11
50
56
17
-27
2
7
-16
-11
-39
-4
-38
-76
-39
-33
40
62
34
58
58
5
-22
20
16
0
-41
-75
-10
16
53
-5
-70
-23
-66
-91
-42
-1
11
-31
22
68
19
22
-41
-5
16
-71
-21
-15
-28
7
-3
4
-21
-54
15
17
-47
-38
-15
-26
-52
9
23
-41
-68
-28
39
-31
-103
-70
-44
3
-21
-55
-64
-55
75
82
0
22
18
-64
-141
-108
0
5
-1
55
30
-3
-5
-3
-2
-32
-27
