-5
114
33
-98
-58
-25
11
36
2
6
7
-10
-6
8
3
28
65
37
-34
-67
31
43
-38
-4
-6
3
57
64
79
68
11
-2
19
-40
-18
-18
-64
0
0
19
13
11
33
-45
-51
-19
14
65
26
-5
42
68
53
48
-10
-67
-62
-75
-16
49
75
39
-36
-44
-72
-38
-7
0
35
-44
-112
-60
-6
-29
-38
21
9
22
56
24
48
12
11
3
-89
-116
-80
-29
44
84
62
65
-7
-69
-75
-81
31
-8
-50
29
-64
-14
28
-64
23
20
-40
12
10
16
18
-27
-64
9
13
-15
13
-27
0
8
-25
14
15
0
-8
9
72
-6
-71
-62
-19
32
-17
40
91
25
-67
-128
-69
-104
-75
44
-4
8
16
4
27
-73
-75
-66
-34
4
-29
13
0
17
74
36
41
61
11
-24
-51
-70
-69
-30
-49
0
99
132
177
73
14
74
9
39
96
35
65
20
24
25
-81
0
10
-1
81
56
-13
-12
44
27
32
46
20
10
21
78
6
-33
42
24
14
25
-17
-20
49
-10
18
153
101
55
18
-39
40
82
29
69
23
-32
14
-1
-21
-41
-73
-67
5
-67
-59
77
17
-15
21
-40
-76
19
-73
-105
-11
-4
7
15
-4
-77
-93
-120
-66
-26
-2
-10
-29
39
42
44
-112
-181
-93
-88
-11
-2
-63
24
51
-3
18
47
18
-2
8
-33
-42
-59
-43
-30
-40
43
-12
-16
74
71
50
-46
-30
16
4
-19
-50
8
5
16
-38
-89
-5
3
-24
14
58
32
0
25
52
-31
-50
34
43
49
59
-33
-59
20
-2
-30
-14
-30
23
69
46
-2
-18
55
51
16
10
-54
-20
33
-43
-51
-44
-28
87
48
23
9
-45
-4
-71
-68
-34
-73
-37
-50
-39
-8
-31
-40
-19
2
-31
-61
-12
51
65
44
3
-2
66
29
-16
28
88
91
2
21
83
77
31
30
68
94
70
32
-25
-38
86
74
0
20
57
54
26
54
64
64
0
18
40
1
40
-4
4
-6
5
22
14
42
13
6
-3
75
27
-94
-54
-48
11
82
18
1
9
36
99
38
44
82
-6
-16
27
67
40
-30
24
50
-20
-43
-52
3
66
-23
-59
-81
-99
-66
-77
-27
19
6
-28
-56
-4
8
-27
30
28
-73
-86
-40
-67
-44
-41
-85
-41
-59
-3
61
-10
-70
-31
-6
-105
-116
-60
-28
-101
-92
-19
-75
-33
-89
-123
-26
-11
19
-1
-11
20
19
16
-21
-29
34
57
20
-12
4
32
33
39
39
18
-21
54
46
-17
66
30
21
95
-8
-79
-29
-21
24
51
31
138
121
17
49
-5
23
100
48
-1
-66
17
49
7
25
-23
7
43
62
50
6
-83
-30
86
8
-29
-40
14
33
32
86
74
64
-37
-32
-1
-83
-47
-9
-3
-56
-92
-54
-32
-10
33
-17
-66
-19
-39
-44
0
-7
-30
5
-27
-55
27
23
14
66
42
37
69
34
-2
19
39
55
66
94
170
86
-4
19
21
39
-4
-10
47
55
4
41
82
30
33
-13
0
30
-6
-10
3
-3
-62
-58
-42
-27
4
-40
-78
-39
-45
-32
36
12
10
26
-56
-86
17
71
41
54
34
-11
-37
-34
0
34
23
-58
-28
37
-17
-1
96
92
0
-48
-50
-70
-48
-15
-12
18
-3
-23
-45
-44
78
59
12
67
46
29
26
15
-18
-48
18
36
-73
-55
-9
3
60
28
3
-13
-68
-56
-2
-16
-10
18
2
22
51
30
-33
-60
-59
14
93
-21
-94
-34
-5
40
94
71
-34
-93
-82
-25
44
24
-9
1
0
-10
-28
-85
-79
69
80
-50
7
97
43
-12
6
0
-47
-85
-101
-60
-35
-8
-20
-31
25
-35
-65
-43
-30
71
-9
-96
-18
-84
-131
-68
-6
-5
-23
56
47
-63
-26
83
95
67
36
24
43
59
37
63
103
10
-62
23
31
-33
-3
-39
-26
41
12
27
27
-12
17
15
-57
-62
5
41
54
9
-3
43
20
-4
-41
-25
12
-23
14
-18
-86
-12
27
19
-37
-17
61
5
50
52
-65
48
85
-19
-28
-21
-12
-45
-16
70
12
-55
-7
24
20
49
56
-2
-19
-60
-69
22
48
48
41
30
-42
-95
-61
-79
-65
-48
-37
22
-56
-66
25
37
102
-28
-74
34
-21
45
67
2
-25
-92
-53
-19
33
68
-25
-12
2
0
84
27
-12
53
-33
-97
-53
-45
-47
-84
-106
-84
-86
-36
14
-80
-119
-59
17
53
-21
-17
29
-13
-49
-41
-78
-92
-76
-42
12
20
29
51
14
-41
-2
58
50
10
-18
-10
-35
-82
0
6
-52
5
81
54
17
46
29
69
115
75
-11
-27
7
26
9
-52
-5
23
5
0
-33
24
132
111
62
-17
-46
53
0
-14
-6
-34
3
31
28
-82
-33
12
-56
27
90
69
54
31
22
-6
-41
16
76
86
85
5
-48
14
-8
8
72
52
61
67
-10
-63
13
53
39
25
-20
-61
-51
-10
-22
-4
-11
-36
-10
-19
32
33
13
32
41
14
-78
-38
-20
-91
-43
-34
-53
4
4
33
25
-74
-19
10
-19
-5
-104
-107
-78
-82
-20
-26
9
3
-35
-49
-125
-6
50
-9
51
46
34
20
49
18
-66
-16
-17
-5
-23
-114
-20
-49
-119
22
24
13
32
28
49
-7
67
56
-29
77
30
-78
-26
1
-16
11
-14
13
56
3
-6
-12
25
78
103
104
74
14
-61
-39
25
8
-2
-51
-88
-10
25
-46
-67
20
4
34
93
-6
-58
-65
-77
-117
-132
-18
32
-3
42
71
79
136
83
20
-18
-60
-48
-44
-15
27
35
15
44
65
51
29
23
-11
-7
49
25
51
27
-63
-35
-14
37
81
42
5
-57
-30
15
-26
35
88
60
52
44
78
66
27
-45
-89
-22
-15
-52
-55
-5
7
18
86
88
84
119
88
43
34
-22
-57
-49
-25
-38
-71
-59
-67
-60
-29
0
49
81
61
46
3
-6
19
-13
-25
-13
0
17
-37
-76
-9
37
6
-39
-17
-1
-21
-14
-57
-40
-21
-10
36
11
95
35
-67
119
61
-22
26
-10
-9
-32
4
36
21
-29
-24
56
-6
52
96
-8
55
-33
-124
-53
-58
-40
-15
64
100
36
16
23
0
-16
-6
-3
-5
-6
-28
-73
-37
-34
-128
-68
56
28
-15
-26
-16
-5
-28
5
32
12
-5
-8
-3
11
0
33
67
-27
-111
-90
-48
8
38
-1
1
-7
-22
-21
-39
-23
45
123
12
-18
50
-37
-10
-2
-91
-56
27
39
44
85
75
66
52
0
-78
-99
-68
-106
-80
21
46
-55
-67
40
67
68
25
-14
46
72
19
45
32
-66
-15
-42
-91
-30
-53
-99
-107
15
25
-71
-41
-46
-4
19
67
136
93
39
-28
-41
-43
-40
-13
6
66
61
27
-4
15
68
36
-14
-43
-3
14
-24
-60
-20
36
24
22
-16
-28
31
29
4
45
-10
-24
-31
-74
7
-34
-40
20
-44
-18
37
4
9
68
58
-1
17
63
42
56
56
-17
-3
-15
-12
-33
-103
-27
-50
-98
-40
-4
24
20
56
142
131
85
40
-18
19
-32
-43
28
-7
-7
2
6
41
100
102
38
48
38
-62
-45
34
59
-7
-38
43
-4
-27
24
11
-9
-40
1
29
20
38
-9
54
109
77
82
-2
-43
-16
-40
-69
-101
-109
-62
-6
21
48
42
-12
-1
10
-17
11
-3
-33
-69
-64
-5
-43
-29
6
50
63
-6
26
82
26
-16
6
-27
-24
5
7
15
-30
-35
-17
-39
-20
-6
8
-26
-33
16
4
45
11
-15
4
2
47
-40
-117
-106
-71
0
-40
-69
38
73
-1
-46
-4
52
11
-26
-43
-39
-32
-49
-50
3
71
87
55
0
42
41
-46
-34
-20
-47
-17
-13
-16
37
37
60
103
52
47
32
-6
20
36
17
22
45
24
0
-48
11
80
-44
-86
30
63
-49
-76
-36
7
83
21
-43
-78
-71
41
59
75
41
19
57
3
-1
41
32
-21
-36
-66
-105
-82
-43
-11
49
81
64
16
-72
-91
-54
2
-16
-24
10
8
23
20
22
-34
-7
-3
-99
-10
-22
-99
5
52
-30
-42
4
-28
3
20
-5
12
-6
-43
-45
-30
-20
16
-48
-64
1
-32
-33
-29
0
0
2
66
-8
-18
60
30
-60
-38
2
-12
57
55
62
13
-29
114
75
-28
-56
-10
97
35
-16
54
75
68
42
-19
-23
-10
10
73
84
79
24
-16
27
43
70
70
14
-35
-4
43
10
1
-9
-73
-17
47
9
-8
14
64
14
-56
-39
-41
-19
-26
-86
-19
33
-13
18
24
-79
-134
-103
-17
19
-16
30
49
16
-3
-60
-13
29
-9
-8
-79
-37
32
22
48
8
16
-25
-71
-11
48
26
-63
-69
-28
4
-41
-52
-25
-71
-41
-13
-17
27
-38
-80
51
57
8
-37
-86
-30
-10
83
67
1
-3
-26
6
-51
0
20
-63
-26
-5
-33
-6
17
-52
-30
42
79
66
-1
46
4
-86
-42
33
53
43
26
31
74
91
47
-46
-38
30
25
-44
-48
-18
-6
-7
43
90
39
45
39
29
60
61
59
56
39
38
-6
-11
78
25
-12
-4
-8
-22
-75
7
-48
-84
-31
-100
-103
-107
-60
-43
-14
-46
-85
-21
-68
24
73
19
62
81
203
199
108
143
135
97
60
27
-5
-22
-76
-78
-3
48
76
30
-21
-56
-93
-87
-110
-154
-161
-237
-133
-22
-90
10
55
51
55
79
179
72
39
37
-75
-24
-105
-168
-70
-124
-133
-9
31
-47
-93
-86
-20
-42
-71
49
23
-1
-23
-63
-43
-54
-60
-63
48
64
-7
-13
-58
-57
-26
55
78
60
17
-72
0
54
-19
27
77
0
32
177
159
137
283
283
230
99
0
30
-63
-59
-68
-183
-152
-18
9
-68
-102
-46
12
-11
-135
-297
-304
-293
-333
-266
-220
-127
-75
-153
-76
27
-13
8
41
27
102
91
34
66
113
81
-5
64
122
121
151
94
101
118
198
310
298
305
286
250
188
149
100
0
-39
-23
-21
49
76
-25
-2
12
21
0
-21
78
-24
-140
-74
-40
-9
-16
51
206
207
288
398
326
335
369
299
243
159
129
96
19
17
44
149
190
130
207
272
156
27
-35
-83
-140
-189
-208
-197
-184
-103
-89
-92
21
-23
-60
-40
-118
-151
-209
-218
-168
-126
-48
-5
137
176
64
70
102
127
170
127
60
84
46
155
223
140
191
30
-195
-337
-492
-642
-896
-1047
-1124
-1178
-1192
-1186
-1093
-1054
-1008
-899
-871
-927
-922
-902
-908
-816
-725
-615
-359
-68
112
288
526
658
867
951
878
858
636
474
290
154
121
5
46
138
297
419
489
628
606
465
380
291
110
-52
-235
-379
-424
-407
-233
-78
65
300
487
651
792
804
731
626
446
197
32
6
-107
-170
8
128
177
351
616
752
769
833
738
581
463
348
307
214
211
284
414
600
772
1055
1273
1376
1425
1349
1207
996
803
627
354
94
-21
-142
-284
-320
-326
-185
-80
17
132
166
167
91
144
120
62
69
29
95
209
328
650
924
1085
1379
1542
1719
1851
1696
1405
825
15
-793
-1477
-2049
-2664
-3230
-3552
-3636
-3583
-3466
-3256
-3015
-2823
-2736
-2835
-2980
-3037
-3113
-3232
-3256
-3044
-2620
-1937
-1008
-29
865
1621
2273
2688
2698
2336
1837
1278
697
47
-637
-1069
-1217
-1101
-869
-565
-269
11
231
250
139
-207
-578
-866
-1183
-1413
-1430
-1197
-740
-41
684
1321
1956
2636
3116
3277
3236
2933
2578
2187
1672
1296
1037
871
869
824
836
987
1115
1131
1047
901
703
573
384
158
-25
-124
-176
-154
29
177
366
633
869
1087
1275
1411
1426
1365
1236
1018
849
626
376
124
-222
-639
-1057
-1367
-1672
-1920
-2127
-2322
-2336
-2268
-2088
-1931
-1785
-1461
-1160
-906
-691
-478
-181
168
443
685
1054
1359
1664
1954
2121
2297
2330
2208
2004
1647
1281
882
444
124
-191
-458
-592
-632
-653
-609
-632
-631
-591
-674
-667
-732
-815
-723
-598
-434
-148
209
518
752
869
1026
1192
1247
1283
1194
1223
1365
1338
1370
1407
1355
1166
593
-76
-866
-1819
-2596
-3534
-4440
-5022
-5587
-5785
-5654
-5488
-5033
-4442
-3861
-3393
-3148
-2956
-2830
-2708
-2601
-2488
-2088
-1419
-509
635
1752
2789
3836
4622
5044
5126
4763
3947
2883
1806
666
-428
-1271
-1746
-1854
-1712
-1304
-791
-235
197
431
557
411
168
-143
-467
-664
-760
-573
-15
686
1384
2201
3055
3868
4479
4724
4716
4401
4000
3498
2624
1845
1205
514
22
-384
-684
-673
-652
-552
-349
-217
49
174
216
248
146
87
-70
-173
-122
11
241
542
964
1493
2041
2488
2836
2996
2948
2558
1769
852
-171
-1213
-2155
-3047
-3679
-3938
-4032
-3952
-3686
-3329
-2913
-2493
-2169
-1934
-1798
-1834
-1846
-1812
-1716
-1310
-718
-20
812
1570
2259
2835
3180
3232
2999
2610
2094
1569
859
168
-249
-600
-724
-819
-878
-824
-909
-904
-922
-1175
-1310
-1379
-1448
-1356
-1093
-689
-181
431
991
1486
1965
2340
2572
2711
2707
2656
2635
2610
2726
2713
2510
2252
1741
928
-87
-1300
-2617
-3946
-5267
-6403
-7203
-7472
-7400
-7040
-6393
-5696
-4945
-4224
-3543
-3082
-2762
-2536
-2444
-2244
-1830
-1045
-86
1091
2419
3636
4838
5782
6303
6283
5765
4946
3783
2506
1182
15
-749
-1275
-1390
-1173
-773
-224
281
761
983
856
573
188
-280
-723
-1123
-1219
-849
-306
504
1413
2248
3069
3789
4300
4434
4272
3926
3380
2710
2015
1321
812
343
-87
-230
-335
-447
-443
-450
-541
-638
-768
-867
-961
-1094
-1196
-1318
-1235
-933
-696
-414
0
474
984
1463
1905
2285
2557
2671
2637
2419
1979
1318
428
-540
-1526
-2440
-3237
-3881
-4333
-4628
-4651
-4488
-4170
-3775
-3409
-2968
-2612
-2337
-2001
-1771
-1467
-1077
-669
-31
596
1344
2094
2660
3173
3379
3426
3333
2997
2399
1684
1028
434
40
-226
-398
-454
-451
-355
-199
-185
-258
-441
-652
-775
-920
-977
-906
-611
-165
375
960
1539
2183
2626
2911
3145
3231
3231
3306
3324
3204
3244
3272
3160
2970
2466
1707
624
-741
-2129
-3662
-5179
-6596
-7780
-8415
-8667
-8594
-8093
-7297
-6326
-5298
-4463
-3782
-3243
-2853
-2572
-2396
-2061
-1576
-724
532
1894
3376
4776
6042
7046
7424
7270
6592
5381
4011
2357
574
-812
-1826
-2399
-2537
-2315
-1774
-1086
-380
264
623
636
442
34
-439
-881
-1204
-1250
-1010
-531
168
1114
2134
3054
3894
4463
4598
4523
4211
3616
2853
2062
1285
544
-3
-494
-900
-1145
-1283
-1363
-1419
-1436
-1489
-1373
-1157
-1004
-755
-558
-328
-18
234
507
722
911
1169
1496
1829
2253
2638
2895
3212
3404
3276
2851
2174
1169
-65
-1419
-2843
-4077
-5099
-5860
-6291
-6356
-5926
-5289
-4524
-3621
-2847
-2171
-1522
-1065
-905
-773
-541
-315
-14
474
1169
1895
2597
3311
3877
4096
4049
3803
3223
2471
1565
702
6
-671
-1012
-1127
-1094
-873
-667
-368
-155
-78
7
-18
7
32
62
326
560
922
1490
1925
2351
2739
3029
3164
3140
3115
3013
2856
2633
2436
2406
2225
1872
1544
968
146
-900
-2279
-3703
-5058
-6268
-7217
-7964
-8376
-8355
-7835
-6952
-6069
-5211
-4368
-3672
-3232
-2995
-2818
-2737
-2749
-2669
-2239
-1522
-499
877
2325
3794
5063
6032
6655
6771
6379
5363
4048
2658
1182
-141
-1275
-1993
-2224
-2132
-1638
-973
-276
461
1029
1324
1372
1133
753
217
-342
-595
-693
-575
-189
393
1113
1927
2761
3461
4117
4545
4645
4579
4207
3659
2958
2075
1179
295
-495
-1226
-1792
-2081
-2193
-2104
-1804
-1398
-891
-302
222
633
852
932
1026
865
502
215
-27
-117
34
271
665
1273
1943
2545
2980
3140
2964
2385
1250
-82
-1498
-3113
-4685
-6060
-6867
-7149
-7198
-6726
-5747
-4571
-3271
-1977
-982
-211
370
526
404
38
-270
-389
-455
-193
324
1104
2069
3016
3985
4681
5040
5086
4715
3955
2920
1858
737
-328
-1179
-1710
-1862
-1842
-1521
-923
-257
403
829
1113
1325
1332
1229
1079
842
670
689
800
1042
1403
1728
2034
2408
2695
2759
2793
2714
2441
2118
1663
1107
554
-87
-773
-1499
-2321
-3117
-3882
-4590
-5185
-5638
-5925
-6120
-6151
-5996
-5690
-5271
-4848
-4410
-3983
-3610
-3235
-2981
-2713
-2240
-1713
-1230
-634
123
953
1974
3001
3871
4577
5004
5223
5098
4652
4006
3053
1992
958
7
-859
-1432
-1694
-1783
-1626
-1300
-873
-411
86
422
585
503
260
42
-287
-621
-867
-818
-577
-155
561
1393
2412
3415
4243
4907
5259
5260
4919
4239
3188
1932
659
-500
-1413
-2106
-2488
-2508
-2238
-1697
-960
-206
452
996
1315
1375
1201
852
385
-131
-541
-748
-811
-652
-228
431
1158
1813
2449
2836
2946
2642
1865
906
-287
-1648
-3000
-4264
-5176
-5773
-5998
-5774
-5313
-4506
-3427
-2333
-1335
-573
-29
362
471
388
233
77
-63
-94
172
599
1300
2198
3069
3915
4595
5022
5053
4708
4032
3019
1828
566
-673
-1725
-2549
-3094
-3174
-2876
-2333
-1569
-734
46
653
1170
1507
1463
1334
1110
736
497
381
482
703
944
1458
1970
2305
2589
2730
2654
2298
1781
1121
377
-359
-1025
-1529
-1863
-2021
-2113
-2043
-1991
-2076
-2158
-2363
-2639
-2934
-3346
-3769
-4132
-4440
-4505
-4391
-4165
-3849
-3462
-3009
-2651
-2290
-2017
-1862
-1607
-1501
-1354
-869
-402
267
1026
1593
2345
2962
3364
3686
3591
3285
2767
1942
1148
338
-411
-998
-1395
-1438
-1291
-912
-344
238
814
1330
1651
1661
1542
1355
1069
815
623
513
587
836
1314
1873
2431
3049
3599
3971
4056
3850
3372
2714
1946
1080
209
-652
-1397
-1829
-2060
-2092
-1886
-1502
-1030
-574
-100
298
549
723
775
686
565
357
167
43
-52
-26
133
334
469
767
1120
1320
1417
1374
1169
707
168
-526
-1379
-2279
-3109
-3675
-4103
-4275
-4255
-4018
-3571
-2971
-2310
-1675
-909
-368
45
331
354
398
335
323
407
513
844
1309
1865
2475
2992
3329
3417
3270
2911
2222
1325
328
-700
-1540
-2188
-2511
-2494
-2201
-1506
-703
119
957
1653
2215
2437
2323
2084
1600
997
500
57
-183
-180
-84
242
760
1204
1524
1679
1606
1313
772
23
-770
-1474
-2108
-2521
-2684
-2523
-2061
-1578
-896
-152
345
636
625
412
-27
-694
-1374
-2217
-3106
-3628
-3817
-3812
-3623
-3296
-2800
-2273
-1831
-1501
-1313
-1242
-1285
-1375
-1536
-1596
-1387
-1066
-466
185
866
1799
2558
3110
3447
3495
3308
2872
2230
1464
738
167
-261
-537
-570
-363
3
486
926
1297
1621
1645
1464
1236
847
359
-132
-579
-844
-865
-687
-404
31
694
1429
2032
2444
2738
2839
2681
2279
1785
1203
485
-67
-506
-918
-1019
-916
-716
-224
179
568
1046
1203
1287
1209
934
619
56
-503
-912
-1186
-1233
-1122
-811
-405
96
670
1159
1643
1933
1996
1918
1567
1096
490
-289
-1152
-1923
-2527
-3038
-3337
-3465
-3494
-3356
-2968
-2560
-2240
-1850
-1530
-1159
-858
-746
-590
-468
-340
-164
137
468
810
1265
1678
2044
2342
2573
2669
2525
2169
1644
1094
511
16
-349
-712
-856
-717
-408
42
434
784
1179
1446
1577
1553
1327
899
484
199
-97
-313
-467
-416
-253
-153
44
194
304
296
192
43
-261
-578
-896
-1070
-1144
-1068
-749
-398
100
679
1235
1791
2058
2082
1827
1328
795
81
-692
-1545
-2414
-3072
-3539
-3802
-3931
-3878
-3718
-3451
-3214
-3108
-2863
-2686
-2615
-2509
-2296
-2098
-1819
-1198
-521
208
993
1744
2537
3146
3478
3624
3544
3246
2816
2188
1476
884
285
-153
-452
-676
-712
-706
-553
-403
-360
-297
-307
-291
-336
-494
-576
-585
-493
-334
-175
225
835
1363
1879
2411
2812
3103
3236
3199
3094
2657
2077
1560
907
378
-85
-488
-742
-860
-749
-643
-497
-277
-128
-31
39
86
17
-127
-253
-331
-381
-347
-223
-37
278
653
1022
1297
1505
1641
1623
1397
1029
594
-64
-816
-1543
-2221
-2730
-3199
-3592
-3746
-3692
-3451
-3072
-2658
-2210
-1703
-1301
-959
-515
-130
175
524
850
1134
1387
1675
1994
2226
2375
2473
2455
2382
2270
2007
1673
1321
864
345
-47
-408
-756
-826
-893
-950
-882
-831
-579
-340
-292
-224
-97
-35
-55
2
8
23
141
230
281
298
338
409
479
431
301
224
150
35
-194
-371
-366
-256
-70
194
543
923
1320
1669
1843
1841
1659
1320
835
88
-733
-1469
-2211
-2857
-3455
-3898
-4071
-4135
-4010
-3799
-3575
-3276
-3002
-2711
-2455
-2352
-2148
-1784
-1502
-1200
-699
-24
727
1473
2180
2754
3212
3704
3839
3655
3346
2721
2087
1292
383
-293
-832
-1281
-1662
-1741
-1554
-1327
-1028
-730
-490
-349
-257
-199
-235
-293
-348
-302
-155
114
559
1071
1622
2121
2562
2937
3161
3170
2988
2720
2307
1753
1255
712
203
-160
-543
-712
-741
-775
-619
-558
-471
-216
-77
21
106
285
365
377
433
489
619
646
722
800
940
1150
1278
1384
1406
1442
1366
1170
943
569
117
-419
-1082
-1828
-2514
-2995
-3322
-3617
-3755
-3665
-3482
-3047
-2463
-1951
-1390
-867
-398
48
338
539
645
712
842
909
1007
1229
1524
1746
1881
2197
2386
2311
2199
1910
1477
867
146
-564
-1208
-1639
-1975
-2190
-2240
-2092
-1729
-1299
-865
-366
81
387
554
631
629
488
402
246
33
28
106
181
316
497
709
838
925
1001
921
918
794
493
267
92
-46
-141
-136
-93
167
466
626
853
1047
1109
932
565
90
-443
-925
-1477
-2109
-2627
-2970
-3152
-3182
-3117
-2906
-2550
-2239
-2001
-1767
-1522
-1303
-1228
-1158
-1063
-946
-636
-289
44
541
1069
1581
2008
2207
2246
2144
1912
1591
1189
607
13
-481
-841
-1025
-1150
-1110
-982
-724
-355
7
382
561
638
687
694
782
830
683
605
742
844
890
1028
1299
1561
1769
1889
1898
1826
1673
1522
1195
770
385
4
-349
-578
-628
-704
-580
-348
-139
202
519
756
951
1078
1015
955
907
734
588
465
371
360
414
642
808
852
994
1098
1114
905
479
79
-325
-902
-1549
-2051
-2507
-2877
-2973
-2983
-2911
-2736
-2457
-1918
-1479
-1170
-829
-512
-286
-227
-211
-161
-115
-81
32
283
533
760
1115
1456
1689
1790
1743
1618
1322
883
314
-289
-791
-1209
-1507
-1678
-1695
-1554
-1197
-710
-226
268
651
953
1239
1337
1254
1027
679
399
86
-202
-304
-286
-145
14
209
389
534
740
857
777
565
413
270
2
-234
-349
-327
-185
129
583
981
1415
1887
2255
2507
2556
2427
2002
1327
674
4
-827
-1606
-2264
-2843
-3048
-3127
-3259
-3227
-3026
-2793
-2571
-2421
-2411
-2348
-2272
-2363
-2476
-2403
-2235
-1896
-1357
-745
0
695
1380
2063
2495
2741
2780
2560
2195
1624
990
486
-123
-667
-873
-910
-857
-671
-424
-163
175
424
536
588
473
316
164
-60
-210
-210
-108
87
304
614
1114
1553
1852
2125
2311
2402
2364
2171
1918
1627
1275
851
398
131
-26
-143
-141
-85
20
175
433
639
750
859
857
821
740
584
426
267
222
159
81
149
273
418
515
543
538
489
254
-68
-398
-768
-1115
-1505
-1811
-2085
-2260
-2379
-2448
-2268
-2222
-2205
-2070
-1912
-1638
-1451
-1190
-888
-721
-553
-381
-191
-27
170
382
584
779
935
1119
1247
1317
1296
1150
994
773
447
97
-247
-540
-691
-783
-825
-692
-573
-377
-33
204
435
614
684
716
694
572
346
170
84
-100
-198
-108
-85
52
202
346
561
633
734
789
740
745
603
338
161
-23
-119
-14
103
308
592
948
1399
1744
2087
2244
2175
2011
1524
867
91
-706
-1300
-1871
-2399
-2729
-2867
-2798
-2710
-2581
-2299
-2103
-2054
-2067
-2196
-2365
-2498
-2673
-2743
-2719
-2528
-2011
-1399
-707
83
880
1582
2108
2521
2629
2447
2102
1688
1201
539
46
-278
-459
-469
-354
-24
297
738
1165
1429
1570
1414
1205
896
530
205
-128
-314
-395
-315
-175
20
403
833
1212
1482
1675
1733
1662
1516
1232
866
512
265
17
-207
-276
-231
-74
112
372
649
900
1216
1482
1640
1690
1615
1504
1251
917
727
424
136
-21
-257
-336
-347
-342
-270
-200
-129
-177
-211
-293
-500
-725
-1040
-1350
-1672
-1975
-2124
-2275
-2411
-2443
-2456
-2267
-1961
-1794
-1510
-1294
-1130
-815
-561
-349
-289
-216
-156
-144
14
26
35
184
391
609
762
931
1049
1172
1162
1045
880
507
216
17
-219
-390
-460
-451
-277
-94
105
425
650
891
1013
969
917
741
531
352
138
-22
-45
-54
30
163
260
521
784
986
1057
1002
946
797
621
392
200
41
-114
-100
-77
70
379
643
983
1355
1601
1666
1632
1462
984
296
-396
-1036
-1627
-2139
-2557
-2918
-3093
-2974
-2704
-2500
-2368
-2238
-2126
-2115
-2336
-2570
-2657
-2768
-2802
-2656
-2361
-1832
-1018
-62
747
1496
2198
2668
2909
2844
2552
2091
1487
906
411
124
-108
-242
-56
235
530
834
1065
1198
1267
1148
861
374
-173
-498
-745
-803
-801
-682
-233
196
710
1246
1711
2101
2280
2361
2220
1972
1657
1267
971
668
391
109
-44
-24
-35
88
221
265
358
377
420
435
368
315
272
292
258
212
238
234
205
267
348
388
411
444
529
510
426
402
267
-55
-317
-567
-1018
-1460
-1870
-2307
-2705
-3011
-3102
-3028
-2972
-2728
-2239
-1860
-1429
-1125
-908
-595
-567
-521
-563
-596
-418
-404
-241
52
442
870
1328
1856
2197
2405
2407
2307
2119
1656
1069
500
-34
-434
-657
-715
-639
-442
-118
187
426
715
855
769
658
419
11
-386
-589
-806
-935
-738
-530
-251
113
511
934
1198
1350
1431
1462
1396
1132
832
641
483
290
110
88
168
257
373
463
594
730
859
927
839
784
656
286
-184
-709
-1205
-1487
-1721
-2015
-2305
-2540
-2479
-2276
-2138
-1987
-1930
-1869
-1802
-1942
-2088
-2135
-2176
-2156
-2132
-2029
-1692
-1173
-393
274
775
1242
1501
1799
1846
1652
1414
980
515
197
95
21
109
337
460
758
988
992
1014
872
647
425
0
-389
-588
-592
-429
-319
-36
372
766
1170
1450
1623
1686
1657
1516
1279
1046
824
802
812
706
618
558
529
486
399
168
42
-74
-203
-139
-49
151
466
820
1058
1196
1300
1271
1126
875
490
100
-251
-521
-558
-561
-503
-291
-57
85
139
139
-57
-399
-870
-1361
-1906
-2523
-2898
-3043
-2912
-2706
-2423
-1868
-1253
-643
-154
233
418
332
249
85
-186
-368
-470
-524
-358
-35
335
886
1416
1754
1995
2037
1756
1393
968
452
-129
-707
-968
-1079
-1008
-689
-368
65
521
835
980
953
841
523
107
-200
-534
-715
-750
-649
-324
-50
307
664
881
1068
1070
994
915
741
596
467
488
655
726
830
855
749
674
458
245
132
6
-55
-61
16
218
513
856
1108
1020
725
329
-236
-817
-1408
-1940
-2467
-2894
-3018
-2918
-2616
-2287
-1949
-1708
-1765
-1831
-1875
-1990
-2056
-2223
-2358
-2241
-1835
-1176
-362
498
1249
1807
2046
2178
2101
1707
1311
814
376
118
-52
-27
173
554
882
1108
1305
1173
953
750
345
-170
-698
-1015
-1158
-1078
-709
-236
162
595
1070
1290
1410
1527
1482
1301
1042
815
660
563
637
763
840
791
707
747
647
472
377
170
54
77
70
319
660
953
1361
1571
1510
1401
1226
914
520
150
-237
-606
-720
-634
-501
-270
-72
48
56
-95
-272
-593
-1080
-1585
-2035
-2351
-2582
-2705
-2513
-2178
-1737
-1206
-863
-465
-184
-121
-76
-256
-434
-523
-665
-714
-586
-270
156
461
724
1122
1378
1470
1426
1255
938
492
163
-40
-169
-260
-246
-232
-90
108
229
398
342
311
300
173
118
106
123
78
102
167
269
380
448
490
342
253
120
-17
-43
-68
185
406
619
951
1104
1284
1439
1293
1023
702
264
-135
-438
-530
-502
-333
107
486
939
1486
1787
1799
1447
706
-208
-968
-1646
-2180
-2594
-2959
-3001
-2717
-2343
-1964
-1565
-1304
-1255
-1475
-1871
-2239
-2481
-2599
-2635
-2473
-2020
-1290
-366
617
1570
2284
2544
2377
1935
1396
816
293
-154
-406
-413
-287
110
659
1233
1615
1682
1450
890
290
-315
-781
-1122
-1400
-1373
-1127
-521
249
895
1401
1562
1557
1414
977
527
231
-13
-113
-32
293
824
1392
1866
2002
1840
1395
767
138
-409
-885
-1184
-1186
-877
-237
505
1302
2076
2557
2616
2268
1726
1133
517
-105
-615
-873
-802
-520
-128
393
824
1043
945
465
-232
-966
-1647
-2159
-2544
-2757
-2686
-2439
-1890
-1240
-723
-391
-415
-560
-842
-1227
-1425
-1550
-1547
-1309
-943
-375
327
951
1427
1665
1533
1148
734
275
-43
-212
-339
-302
-110
291
762
1092
1214
1162
876
339
-152
-546
-749
-806
-849
-724
-494
-65
500
914
1139
1088
880
514
33
-289
-508
-599
-620
-580
-373
4
550
1020
1331
1410
1220
943
674
494
295
101
-96
-265
-200
-37
196
481
603
600
645
663
643
693
740
757
595
199
-273
-668
-866
-998
-1130
-1457
-1817
-1949
-1974
-1921
-1887
-1822
-1823
-2000
-2196
-2228
-1933
-1512
-1257
-1075
-840
-376
189
667
1126
1319
1277
1089
752
447
186
49
7
-32
76
298
561
834
1043
1041
806
416
-95
-516
-750
-851
-837
-775
-561
-223
183
769
1183
1268
1235
1117
858
720
750
737
915
1077
1210
1455
1595
1743
1685
1338
821
138
-443
-854
-1082
-1012
-776
-396
107
507
910
1337
1543
1462
1130
729
258
-114
-192
-156
26
340
577
756
939
967
795
347
-273
-846
-1399
-1722
-1800
-1792
-1596
-1277
-926
-587
-429
-435
-627
-1066
-1484
-1844
-2109
-2114
-2057
-1788
-1157
-525
102
650
964
1150
1165
920
540
241
-72
-183
-200
-294
-45
269
576
945
1059
913
597
211
-195
-528
-702
-793
-663
-328
-15
312
639
1006
1191
1089
806
384
-33
-424
-585
-630
-683
-555
-246
218
648
959
1320
1416
1272
1138
864
652
487
323
285
231
210
385
646
907
1054
1022
851
592
484
395
269
58
-362
-782
-1049
-1003
-840
-830
-953
-1073
-1244
-1478
-1662
-1828
-1893
-2124
-2399
-2477
-2469
-2191
-1825
-1383
-873
-413
16
393
823
1133
1280
1189
922
570
115
-114
-85
-77
-116
-72
-67
-9
136
271
384
199
-126
-473
-705
-609
-397
-74
197
328
542
783
927
1107
1219
1016
724
399
160
163
374
776
983
1007
1155
1366
1479
1428
1121
707
117
-536
-898
-976
-802
-580
-245
119
458
838
1218
1576
1603
1405
1162
822
621
633
745
927
1020
1081
1123
995
805
532
61
-592
-1239
-1767
-2145
-2195
-2014
-1751
-1483
-1294
-1043
-867
-777
-653
-723
-988
-1269
-1517
-1615
-1345
-852
-387
45
400
603
761
895
751
526
247
-221
-615
-816
-732
-472
-230
-10
106
217
340
330
266
27
-327
-637
-797
-687
-441
-163
151
614
987
1097
1288
1495
1381
1077
736
386
124
-42
-172
-192
-24
66
65
98
247
445
455
332
187
218
256
242
365
554
796
920
1024
1174
1259
1356
1274
1075
884
592
432
215
-179
-425
-732
-1024
-1100
-1143
-1117
-1096
-1125
-1126
-1283
-1535
-1607
-1588
-1742
-1991
-2074
-1986
-1807
-1579
-1233
-803
-289
196
490
767
946
989
867
605
411
79
-214
-296
-420
-379
-241
-294
-331
-327
-381
-292
-279
-478
-546
-529
-365
7
352
637
915
1120
1247
1386
1362
1162
989
739
448
226
155
298
517
735
944
960
845
658
414
224
-57
-313
-527
-688
-610
-349
22
400
700
920
1072
1161
1166
1068
910
766
666
609
639
793
980
1122
1120
979
690
290
-148
-582
-1022
-1571
-1945
-2120
-2158
-1950
-1673
-1427
-1263
-1161
-1117
-1093
-1082
-1008
-915
-920
-903
-690
-247
175
476
739
966
947
798
637
381
151
-49
-315
-510
-444
-325
-89
212
392
477
393
280
145
-98
-225
-255
-324
-297
-195
105
544
861
1089
1191
1177
1051
853
662
412
79
-214
-369
-405
-315
-105
71
91
40
16
-63
-183
-174
-197
-266
-241
-260
-26
372
706
1063
1249
1399
1406
1279
1158
856
465
-72
-628
-928
-1080
-1213
-1194
-1155
-1232
-1249
-1335
-1330
-1227
-1250
-1286
-1464
-1625
-1637
-1545
-1225
-900
-630
-317
-97
147
472
645
770
791
627
365
152
110
62
94
97
-13
-19
-25
-33
21
9
-113
-314
-492
-547
-539
-363
-47
269
604
848
1160
1539
1760
1888
1852
1552
1141
848
647
449
397
337
238
191
183
237
228
173
48
-231
-569
-801
-847
-817
-745
-606
-436
-163
152
458
788
952
1000
914
699
535
438
490
419
328
316
251
369
379
328
269
-13
-291
-682
-1103
-1331
-1376
-1332
-1316
-1309
-1260
-1023
-739
-475
-305
-242
-224
-368
-435
-413
-335
-169
-47
95
224
304
368
512
636
500
320
93
-106
-199
-276
-197
-246
-181
-51
-73
90
288
509
629
545
457
422
447
468
533
582
570
632
644
675
756
783
703
422
156
-74
-282
-409
-560
-691
-715
-640
-542
-402
-176
51
164
162
85
-14
-28
78
80
-114
-240
-314
-350
-225
-79
-25
-103
-295
-526
-763
-997
-1116
-1148
-1271
-1384
-1441
-1362
-1018
-618
-398
-250
-68
20
106
218
329
398
358
307
245
206
263
356
447
620
626
500
533
466
383
328
101
-13
-169
-298
-202
-124
105
333
424
529
622
777
893
909
911
816
696
635
651
765
942
1021
979
948
875
717
462
182
-148
-518
-813
-1011
-1038
-939
-803
-583
-321
-168
-27
119
139
70
-78
-200
-238
-306
-236
-32
175
388
522
619
735
705
496
210
-166
-404
-561
-752
-837
-831
-666
-493
-429
-318
-313
-344
-335
-425
-530
-632
-596
-542
-365
-74
90
310
527
640
589
534
481
287
31
-169
-202
-204
-142
-15
65
173
216
283
335
207
106
-49
-117
-63
-25
138
314
555
735
765
802
817
803
660
444
252
89
-107
-220
-133
-98
-78
-6
4
12
66
11
-166
-351
-509
-619
-786
-904
-903
-836
-687
-609
-480
-360
-345
-315
-334
-318
-371
-509
-572
-569
-566
-520
-399
-311
-268
-174
-61
12
50
-19
-50
-44
-192
-274
-256
-191
-90
-69
43
169
196
245
327
319
265
242
120
88
123
163
222
280
350
403
550
606
556
470
374
243
80
-1
-66
-106
-37
13
65
177
287
441
454
446
468
418
469
426
373
477
416
366
383
306
373
376
262
156
79
48
-118
-207
-326
-538
-533
-581
-588
-468
-483
-463
-479
-449
-319
-379
-395
-323
-321
-297
-241
-126
-14
46
115
184
197
224
175
84
32
-106
-249
-357
-423
-502
-464
-265
-183
-107
74
207
304
323
246
203
199
127
39
53
128
207
347
460
538
624
550
397
328
262
70
-150
-244
-299
-294
-176
-135
-115
-83
-144
-124
-125
-224
-314
-452
-511
-530
-447
-318
-225
3
118
130
132
46
28
-71
-186
-300
-477
-443
-405
-340
-268
-277
-299
-340
-375
-529
-640
-672
-656
-621
-607
-500
-363
-276
-168
11
138
217
201
109
125
74
100
135
113
228
287
370
392
381
395
331
300
244
173
148
131
169
244
242
226
304
431
453
436
431
367
414
488
449
471
549
584
573
587
630
647
677
597
442
395
286
197
279
219
85
76
-22
-99
-105
-64
1
-71
-129
-109
-45
-19
28
30
-19
-39
-202
-195
-109
-74
-20
-39
22
-50
-148
-158
-194
-192
-301
-416
-454
-491
-452
-331
-266
-200
-102
-94
-93
-82
-68
-134
-302
-398
-460
-408
-264
-131
-15
44
85
34
39
19
-77
-130
-242
-324
-440
-456
-312
-264
-188
-133
-239
-269
-178
-101
-20
-19
-106
-90
-71
38
216
283
330
308
243
162
142
144
135
88
-22
-74
-150
-219
-185
-143
-142
-209
-294
-259
-248
-194
-145
-237
-186
-200
-201
-124
-103
26
-68
-140
-118
-230
-147
-36
-20
21
15
-43
-70
-82
-56
-31
-31
-92
-163
-122
-131
-102
67
135
103
126
183
250
340
300
207
222
194
190
246
334
434
539
532
495
572
574
582
622
597
496
408
425
427
437
457
417
412
427
449
475
483
509
408
284
274
238
205
117
87
178
132
108
112
170
274
236
201
136
63
43
28
117
167
121
80
7
15
32
-48
-128
-117
-223
-404
-403
-449
-501
-422
-360
-339
-351
-294
-245
-251
-249
-390
-530
-561
-620
-685
-702
-584
-500
-510
-441
-381
-385
-311
-267
-361
-393
-435
-486
-463
-431
-404
-339
-299
-328
-283
-276
-223
-246
-321
-327
-415
-402
-276
-150
-88
0
49
27
111
172
151
144
63
15
33
21
80
127
150
174
130
66
148
238
150
115
74
1
53
54
126
288
263
254
282
324
388
391
379
301
220
195
208
249
244
197
198
128
119
77
28
166
122
36
64
99
165
152
161
243
240
248
323
257
206
288
271
263
251
232
246
220
266
267
220
232
251
198
157
172
94
53
81
56
59
-16
-133
-98
-54
-45
-1
22
99
204
239
230
225
229
161
116
130
119
71
-81
-174
-136
-143
-161
-146
-179
-308
-471
-497
-476
-522
-566
-494
-520
-629
-554
-458
-386
-312
-305
-418
-481
-490
-474
-391
-332
-286
-257
-251
-280
-159
-84
-181
-225
-332
-445
-509
-458
-338
-320
-216
-87
-14
30
108
165
152
164
95
-19
-58
-110
-129
-29
52
85
195
283
256
221
215
214
143
50
-7
63
183
220
233
263
313
310
316
343
375
382
248
139
201
212
143
116
140
169
271
357
349
399
382
320
293
249
232
262
321
334
320
318
326
312
297
263
136
150
137
31
125
119
51
75
13
-37
-88
-77
-18
-41
-58
-121
-186
-166
-92
-48
-86
-101
-134
-178
-114
-102
-139
-34
-31
-152
-188
-209
-185
-172
-198
-159
-159
-247
-254
-121
-101
-136
-152
-144
-156
-248
-230
-288
-278
-182
-190
-190
-212
-184
-210
-213
-155
-214
-275
-293
-284
-239
-193
-185
-166
-155
-181
-123
-31
14
89
68
-26
0
-29
-57
-31
-105
-89
-45
-91
-87
-104
-96
-71
-149
-175
-134
-200
-203
-112
-121
-75
-24
-82
-94
41
88
95
187
173
208
220
203
235
250
312
238
115
72
40
14
77
112
72
35
41
129
114
104
36
20
146
155
221
354
422
448
467
411
385
447
397
338
303
236
215
162
118
188
236
176
167
149
46
61
84
92
109
25
37
169
223
245
307
336
175
44
158
128
26
1
-19
-37
-157
-138
-79
-149
-168
-168
-187
-220
-246
-247
-280
-299
-281
-304
-260
-191
-226
-232
-193
-158
-132
-142
-175
-212
-217
-177
-111
-155
-214
-249
-259
-147
-137
-160
-183
-261
-277
-262
-198
-237
-299
-252
-277
-279
-234
-186
-169
-111
-4
1
-11
-37
-59
-31
-29
-86
-95
-123
-135
-125
-112
-38
-84
-113
-125
-97
6
-2
21
2
-109
-88
20
51
92
139
116
119
109
142
215
180
207
266
225
201
201
294
350
319
275
189
166
104
155
222
187
186
113
140
135
149
232
162
206
232
169
145
92
73
106
109
106
132
95
158
240
177
212
314
278
263
273
211
197
182
183
245
200
138
211
181
80
111
114
104
55
-36
-17
-38
-38
15
-24
-44
-10
-26
-26
-7
-100
-6
72
-118
-137
-159
-219
-208
-244
-184
-234
-305
-256
-237
-234
-303
-335
-337
-410
-409
-381
-363
-327
-374
-297
-233
-273
-197
-220
-201
-167
-214
-217
-215
-153
-194
-241
-241
-223
-131
-154
-224
-208
-110
-52
-100
-105
-8
119
59
6
23
-61
-7
55
0
-52
-82
-69
-55
-22
76
115
77
66
72
86
83
59
33
47
73
102
162
159
152
170
116
109
93
75
143
147
70
120
208
225
275
266
280
284
188
169
143
43
-6
-16
-50
0
38
39
121
127
206
241
161
71
19
48
21
39
22
66
57
28
153
117
54
106
105
68
56
25
25
33
47
44
71
128
157
151
56
54
42
-4
20
46
106
97
39
40
100
105
40
43
9
-23
-61
-51
-6
-73
-73
-74
-39
12
-49
-84
-63
-1
-51
-133
-115
-131
-77
-78
-118
-57
-111
-154
-85
-48
-73
-101
-136
-102
-63
-128
-69
-88
-135
-70
-125
-42
-66
-185
-177
-195
-151
-156
-134
-56
-22
-83
-113
-80
-77
-15
11
3
-7
4
-60
-100
-2
-40
-24
-4
-83
-124
-250
-234
-190
-224
-122
-120
-153
-152
-109
8
35
17
-10
41
101
78
48
-5
44
154
117
28
67
82
75
157
152
202
161
24
103
58
-12
-14
-20
58
50
87
143
199
284
243
186
168
162
222
362
326
199
187
132
125
153
162
138
17
-3
34
-19
-9
12
-80
-126
-117
-69
-20
-58
0
26
-120
-121
-30
-61
-84
-95
-106
-83
-135
-81
32
0
-40
-1
-5
-89
-11
42
-82
-65
-82
-129
-81
-113
-28
3
-47
0
-33
-13
22
19
-2
-14
49
9
36
97
-11
-34
26
47
-15
-63
-73
-84
-83
-42
-1
-73
-72
-28
-24
-4
-55
-66
-26
-62
-30
-68
-96
-6
15
0
-66
-45
16
8
46
6
-18
59
73
49
-28
-36
-32
-53
-30
-81
-55
-3
-13
-45
-47
-36
-55
-27
-43
11
99
90
49
41
54
53
80
114
106
101
79
72
129
89
55
71
59
-3
-41
73
140
124
94
118
121
37
34
19
0
9
-3
21
9
-20
0
14
63
120
90
53
2
-22
17
-48
-55
-19
-37
9
-11
6
24
-67
-43
-68
-183
-154
-138
-151
-104
-52
-28
15
22
-2
36
46
31
-7
-43
-45
-38
-31
-86
-139
-32
39
0
7
5
32
1
-91
-142
-116
-112
-164
-113
-140
-123
-59
-99
-106
-118
-97
-93
-52
-40
-38
27
-19
14
5
-94
-38
5
-63
-29
6
-10
-23
-116
-93
-47
-41
26
24
13
64
43
17
15
11
26
-8
2
51
36
32
-4
-50
-50
-48
-70
-75
6
9
7
20
16
168
138
25
83
74
112
75
-38
52
66
0
55
44
40
90
161
162
120
128
74
92
157
149
117
103
126
187
168
125
113
57
77
82
67
64
100
116
62
114
138
135
70
11
85
60
-33
-23
24
44
65
38
59
94
65
49
10
-35
-14
-17
-48
-13
13
-25
-81
-106
-108
-88
-36
-37
-64
1
25
-2
-51
-60
-19
-37
-30
6
75
-17
-119
-141
-204
-113
-78
-170
-185
-112
-104
-122
-114
-125
-92
-120
-173
-94
-92
-190
-168
-79
-56
-79
-57
-62
-62
-95
-153
-116
-128
-140
-23
-2
-40
-25
-63
-65
-45
-106
-99
22
35
-63
-58
16
5
53
139
96
57
41
36
68
50
28
75
105
115
80
71
92
-39
-42
-18
-74
-61
-22
75
33
-32
23
41
30
-7
6
108
29
10
60
-15
42
46
79
131
142
228
142
61
79
79
64
31
64
12
67
166
58
-14
-24
87
103
21
67
96
140
125
125
53
-13
41
19
62
57
-1
38
38
-48
-28
-1
-71
-64
22
-36
-101
-50
-52
-6
46
46
45
3
4
-13
-59
8
-11
-55
-6
-3
53
61
6
26
-4
-42
-70
-82
-83
-157
-129
-83
-95
-26
-38
-80
-41
-6
76
13
-55
10
-14
-27
-59
-64
-15
-57
-93
-75
-42
-45
-64
15
-11
-53
-13
-71
-35
-25
-23
79
-23
-118
-45
-15
-43
-46
41
27
-16
48
68
47
29
26
34
22
66
79
59
67
31
98
81
30
35
-37
-68
-43
-7
-17
16
56
51
96
128
82
98
88
0
45
42
-72
-74
-44
-37
-63
-57
13
30
106
76
34
57
-25
-14
-32
-41
-55
-120
-75
-50
-30
0
-1
-82
-69
-53
-73
48
50
79
57
-77
-37
-7
58
59
-20
-17
-78
-95
-82
-74
-85
-71
-27
-66
-32
-24
6
35
-33
37
61
22
90
60
49
96
-4
-59
-43
-59
-11
-6
1
26
41
60
54
12
-69
-83
-24
32
-80
-87
8
-12
45
-38
-88
37
-11
-45
-56
-31
76
23
1
64
23
-58
-35
-10
-111
-41
17
-100
-72
-39
-57
-57
-80
-40
5
3
18
38
25
-12
18
102
81
101
90
5
-11
-19
44
121
73
53
112
142
142
42
13
99
82
76
100
38
-2
53
63
97
126
60
4
-31
1
-7
-15
39
-16
-10
85
11
-48
-7
0
20
86
67
-44
-43
-6
-33
-26
-41
-93
-23
14
-11
50
78
51
-1
-20
10
7
38
27
-20
52
77
-12
-55
-44
-44
29
27
-79
-35
-14
-93
-77
-26
20
-14
-55
-47
-88
-111
-112
-94
-51
-73
-159
-70
4
-58
-51
-73
-40
-30
-96
-24
-27
-27
12
-25
-21
-31
-14
15
-4
-53
-40
-53
-94
-44
-21
22
1
3
75
75
75
45
-2
-4
11
2
-35
-49
-11
38
57
57
38
33
35
50
111
78
42
40
-41
-69
-8
-22
-59
-14
-17
-25
-32
-16
12
-8
47
65
17
-26
0
51
52
131
110
27
9
-48
-48
-37
-23
6
-6
18
10
6
28
44
-5
-15
80
69
33
24
37
59
11
-38
-35
-39
-77
-86
-12
-4
0
51
24
13
0
0
24
52
50
3
-26
-67
-78
-25
-46
-44
-50
-81
-32
-19
42
12
-98
17
56
-36
-41
-62
-53
-80
-90
-29
-79
-125
-122
-37
-29
-44
79
45
-10
20
-7
-9
5
-12
-18
-23
-14
-34
-36
-13
-90
-123
-86
-48
11
-24
-1
45
63
98
64
127
80
26
92
27
7
-51
-77
-1
-4
63
65
7
24
21
66
106
113
74
36
38
-32
-48
-6
-24
-39
-17
-4
-9
20
-1
39
84
9
75
69
13
86
60
89
154
34
26
-8
-148
-73
-47
-45
-3
3
25
-26
-19
31
38
101
158
110
54
-10
-81
-61
1
52
-17
-65
-28
-43
-7
66
82
-12
-50
-11
-49
-34
0
13
28
-65
-109
-58
-90
-95
-56
-24
-40
-107
-65
-37
-40
37
53
32
20
-19
-29
-51
-74
-55
-21
-48
-96
-53
-38
1
14
-63
-11
46
33
64
82
58
47
57
87
-4
-78
-34
-71
-59
-37
-41
-3
36
60
54
67
-2
-10
-22
-65
-15
-98
-30
36
-8
-10
-62
-49
-48
-32
6
-24
-25
26
42
34
31
-5
46
-16
-112
0
-37
-52
23
17
89
58
-10
35
11
31
83
37
33
10
-91
-35
60
17
15
-73
-102
58
19
-1
11
-35
25
10
21
25
46
68
-9
-26
-29
7
-12
-56
-2
25
9
57
96
32
59
36
11
66
48
59
44
48
45
-7
-68
-85
-51
-91
-21
109
84
20
7
63
25
-21
94
98
22
37
14
-49
4
7
-19
31
-19
-13
22
10
12
17
3
-42
-57
-10
0
-33
-37
-54
-12
2
-23
-9
-47
-60
-30
-41
-10
54
91
93
30
32
12
-43
-24
-49
-54
-28
-37
-71
-43
-8
52
63
8
77
63
20
26
-10
-34
-35
-23
-17
-45
0
7
-85
-24
31
-29
6
22
38
62
16
38
4
0
-2
-40
-54
-105
-49
-84
-107
0
-25
-20
38
43
20
1
46
70
45
0
-5
53
68
-15
-83
-40
-29
8
55
30
52
63
32
44
106
85
22
26
48
67
40
0
41
33
-47
-35
38
61
33
-7
63
112
51
79
59
52
21
-53
-28
-32
-48
-21
-73
-108
-14
-43
-10
35
-18
11
20
61
97
83
38
-11
-30
-32
-132
-149
-87
-64
11
9
24
4
-41
54
82
-26
1
88
-3
-15
-6
-45
-13
-75
-80
-26
-38
-67
-141
-106
20
47
48
88
93
25
-52
-22
3
-16
-19
-15
-30
-83
-72
-38
-36
7
-5
-1
88
68
18
66
70
44
30
98
68
-48
-87
-113
-67
-92
-79
-69
-33
80
61
49
-2
3
77
14
30
-19
-70
41
-12
-32
-20
-83
1
12
-28
11
0
-32
-20
29
3
64
97
-2
-32
-24
-7
-70
-56
20
2
43
20
-43
47
43
5
72
91
51
10
73
83
45
-17
-96
-30
-13
1
40
2
1
71
93
49
69
26
17
-9
-32
78
32
40
49
-13
-23
-79
-74
-73
-21
26
19
1
10
85
34
-10
33
27
-38
-113
-76
-37
-50
-24
-24
-23
-6
-88
-104
21
20
-35
-50
14
91
-4
-27
0
-91
-44
16
-12
12
-42
-76
-90
-103
-26
7
64
9
-33
22
-24
-27
-24
-40
-58
-25
25
46
41
-4
4
-10
-9
-17
24
46
-34
-10
-7
6
45
19
2
44
21
-27
-15
-60
9
69
-20
-28
40
33
-28
0
20
-36
4
31
-40
-36
-38
14
64
-35
-36
32
11
-3
39
-5
-36
-15
-31
28
36
0
-26
-19
47
-29
-43
15
-14
41
59
52
97
82
24
-34
-2
52
16
15
39
-8
-40
-8
27
52
41
-32
3
91
65
27
-35
-55
4
1
9
4
-73
-30
23
18
14
-27
19
13
15
32
-27
-80
-78
15
-30
-43
-36
-67
-61
-64
-12
-76
-98
5
54
62
13
34
75
31
37
-9
-57
0
15
3
-46
-25
36
-20
-14
-48
-83
35
38
-4
62
58
53
42
-41
-7
42
-14
-104
-99
-45
-20
35
17
1
61
91
84
50
8
22
-39
-48
42
-6
-47
-62
-124
-90
29
19
16
-27
-111
37
107
68
56
84
71
77
141
74
-18
-92
-65
-10
20
4
-28
-60
-122
-35
1
7
57
102
178
108
50
56
-48
-26
10
21
61
9
-10
-59
-35
0
-6
-14
8
43
-27
-51
-61
-7
26
18
-3
-62
-15
13
16
-73
-65
6
-44
8
14
-9
27
-11
-35
12
-1
-72
-71
-58
-86
-74
-54
-24
-13
-25
-24
34
15
-63
-30
3
37
20
0
48
56
54
34
-52
-47
-20
-31
42
-13
-42
19
6
16
0
-3
-14
15
43
8
56
54
-5
-11
47
69
49
62
87
95
46
70
54
41
61
-27
-22
-4
30
57
-15
-38
2
47
8
-2
-13
-10
44
38
49
24
-27
-16
71
116
46
42
54
-27
-73
-43
-60
-88
-51
-14
-29
-48
-36
-47
-103
-85
-41
-7
74
13
-32
40
93
135
67
3
-27
-56
-27
-38
-53
-7
47
15
-22
-79
-131
-60
-108
-133
-14
80
128
113
5
-39
-4
24
0
10
70
2
-35
-36
-30
10
-80
-118
28
95
47
-8
-43
-70
8
42
-17
-5
-29
58
126
32
4
-34
-36
17
14
40
34
9
26
-18
-13
84
64
3
19
-6
-45
0
2
-55
-22
-7
28
55
31
18
-49
-23
14
68
103
27
27
25
-21
-50
-72
-16
42
-44
-34
10
-69
-36
12
7
-24
-60
-59
-77
-21
55
-12
-36
18
6
10
-37
-36
69
16
-13
-33
-54
-8
-62
-97
-83
-34
5
-50
-48
23
-42
-62
-8
-14
-26
-56
52
82
26
41
4
82
143
25
-65
-2
37
5
-22
-35
-19
18
32
-26
-11
23
-42
5
87
96
149
80
18
40
-14
48
34
-18
58
-14
-18
47
-32
-34
-34
-39
2
-29
-15
45
-3
-49
-4
-28
-19
-7
12
120
72
-11
-56
-39
10
-41
-34
4
13
13
5
33
57
8
23
40
-63
-94
-9
46
32
18
-64
-21
48
-47
-41
4
-46
-49
48
70
7
35
54
8
-17
1
-9
-56
-59
-105
-73
-15
-65
-32
-16
-31
0
8
10
-46
-57
-15
7
94
73
-1
2
10
-14
-40
18
44
-25
-69
-27
10
3
23
-3
-26
43
30
-24
28
11
11
3
-17
39
-30
-61
-18
41
86
31
-43
-12
62
4
-7
34
-21
-64
-37
6
8
-32
0
-20
-82
-7
18
-27
23
112
63
40
101
17
3
88
39
-11
-53
-88
-81
-66
-26
24
42
5
2
7
4
-27
-1
65
56
66
40
13
21
-55
-84
-104
-54
33
-44
0
-11
-95
-50
-10
35
55
14
-29
22
56
40
30
-25
13
20
-66
-43
-45
-37
45
59
32
13
19
40
44
67
63
40
64
33
10
3
-16
-13
-1
-19
-53
-18
12
54
31
-4
30
44
17
15
47
-15
-29
13
-52
-23
34
-26
-1
-26
-68
-34
-21
31
14
-34
-78
-66
14
-3
5
31
20
51
11
-12
0
-75
-55
61
40
-13
2
6
-20
-51
-79
-5
19
-56
-37
-41
-29
2
-55
-70
-33
-12
14
54
25
27
11
-57
-39
18
31
4
8
-14
-29
7
-27
-47
0
-5
-21
-43
3
24
77
146
35
-36
-17
12
24
57
19
-8
51
42
39
43
27
-40
-59
-21
-8
6
-24
10
1
-56
19
48
-7
-72
-63
30
30
21
-26
-14
71
13
13
-20
-77
-15
21
35
-36
-31
64
-18
1
47
-11
5
-18
48
12
-24
52
-8
45
14
-59
29
42
10
12
-14
-2
82
38
-27
19
-5
-44
28
45
-24
-74
-49
-75
-61
72
35
-49
-23
-5
-56
-59
-13
19
66
52
30
14
19
57
6
-38
-2
-4
-50
21
34
-7
41
1
-8
-13
0
88
0
-2
-7
-25
120
97
38
21
-32
-44
-60
-56
53
83
12
23
-27
-60
0
-9
-90
-66
-25
-28
-13
-38
5
51
-6
-1
-11
-29
18
14
8
-43
-56
-17
-7
36
55
-4
-48
-59
-23
-17
-38
-8
11
30
-6
22
26
29
33
-78
-12
-14
-79
-59
-18
27
-10
54
37
-49
-32
-14
27
14
-21
-7
-46
-63
-6
3
11
-21
16
44
-64
-86
-61
-2
50
65
59
64
65
0
27
37
14
34
-27
-44
-39
-16
46
33
61
-26
-56
55
-4
-16
6
56
38
6
72
-6
-105
-53
17
15
12
-23
-89
-16
78
23
-13
-22
-53
16
61
-16
-20
55
-11
-84
-64
-29
-14
-61
-12
-13
-2
74
58
51
40
16
-7
-21
-33
-19
8
21
48
-6
-73
8
24
-115
-123
-5
41
49
0
-29
27
5
44
74
-20
4
34
-17
-37
-41
-11
17
23
33
78
20
-49
33
8
-23
31
-12
-65
-5
21
6
53
109
73
-8
-53
-47
-9
19
45
20
72
87
41
11
-65
-33
-13
-60
-19
-35
-36
27
-53
-49
40
87
61
-31
-3
-37
-71
37
57
-16
-36
9
0
-32
-15
-6
0
10
-4
2
59
3
-47
33
49
28
21
-49
-127
-41
35
-18
-6
-23
-1
43
-11
6
65
83
-10
-45
8
-12
10
13
-40
-57
-38
-88
-70
6
1
14
-20
-12
-3
-28
3
-35
10
26
-12
79
2
-22
-6
-80
-52
-78
-67
-26
-29
9
60
94
83
29
-8
4
-24
-16
0
-45
10
75
10
-17
3
-59
-13
7
0
57
77
75
7
67
47
-50
89
70
-48
-1
-76
-90
2
-37
-4
62
2
-3
71
-10
-66
-31
-5
51
12
23
73
51
13
-66
-19
-19
-18
91
-5
20
60
0
62
8
-39
-36
27
60
20
42
-3
-53
-26
4
-3
-16
12
11
67
55
-35
27
37
-16
-4
-31
-28
24
-14
-14
-29
-38
-12
-28
-5
-20
23
59
37
35
37
-9
6
62
8
68
12
-70
-36
-41
-5
35
80
52
49
3
-90
-50
-8
4
2
-8
56
93
29
-33
-25
-33
-19
-51
-109
-6
77
107
52
-43
-26
17
9
-42
-101
-49
51
6
11
38
-6
20
19
-18
-29
-40
-21
27
-15
-3
67
12
-37
-1
54
-31
-113
-6
74
10
7
39
-3
49
35
16
69
24
-27
-32
9
15
-48
-56
15
0
-16
11
10
-12
-29
37
23
-24
-4
54
96
6
-53
-74
-5
-2
-131
-75
-25
-49
-36
-24
-33
-89
6
71
-40
5
65
33
-34
-27
61
-51
-20
90
-3
-53
13
-18
-86
-69
-33
36
-29
-7
18
1
-4
-23
61
22
-6
-61
-16
71
12
64
-4
-54
-16
-41
22
8
-37
-4
21
15
-22
15
69
37
-13
-41
-4
93
94
43
71
20
-23
11
39
58
-5
-27
18
9
-13
5
36
3
-63
0
51
-32
-34
46
58
-9
-4
-11
-57
35
47
10
-17
-79
-30
2
-2
-21
-16
55
35
-42
0
-10
-82
10
-1
22
79
41
77
-26
-45
-7
-37
58
38
-17
-37
-31
14
-18
-33
-49
-2
10
-24
-12
-31
-5
-21
-49
27
91
85
43
-20
-41
-14
-24
-2
-45
-91
-13
16
29
65
-12
-95
-78
-44
26
67
57
37
1
30
43
-26
-35
-7
35
0
-62
-14
-34
0
39
-41
-2
44
-19
40
15
-54
-23
-22
23
43
46
35
27
50
0
-104
-73
80
65
-12
42
-4
-57
5
67
-15
-62
-24
-73
7
5
-46
-8
-8
-10
-1
14
0
-18
-6
10
-31
54
51
-96
-69
-32
-3
42
-32
-98
-32
-8
-21
-1
3
2
10
-27
-23
27
17
29
23
-44
-77
12
23
-2
20
-40
-25
-7
4
-15
-35
-12
12
23
-40
-51
-37
-1
55
49
-22
-36
21
19
38
56
-4
-12
39
49
78
45
-35
19
47
11
-57
-48
25
40
66
11
-15
-10
-2
57
25
35
65
14
-9
13
27
20
-14
16
31
-83
-45
-34
-24
65
-39
-49
32
22
27
20
-15
-33
11
36
14
31
14
-60
-36
7
1
4
-11
-27
-2
6
0
-29
-24
26
-11
1
-11
-27
41
31
-50
-83
-4
27
-7
-28
15
-1
-61
-5
-11
-46
-28
13
2
8
47
-54
-37
4
-34
42
6
-4
43
8
6
24
17
8
-4
-70
-57
-3
50
12
-40
87
25
-39
21
-65
-8
3
2
100
59
73
73
-28
-45
-11
-10
-3
-34
2
48
-29
-10
55
19
3
-56
-76
34
45
31
36
-18
8
56
-21
-37
20
-20
-57
-28
-13
0
-15
30
65
-16
-53
-93
-28
60
13
9
-41
-23
22
-5
28
-22
-36
31
70
47
-58
-73
-8
3
55
41
-37
-24
-31
-30
11
-14
-13
-20
-50
22
27
33
42
-46
-36
25
41
20
34
-10
-83
-4
13
-55
-29
37
-10
-55
15
16
3
31
41
0
12
57
-4
54
74
21
6
-22
-40
-37
0
-44
2
30
15
-31
-9
82
-50
1
105
36
11
-34
31
31
-17
65
49
-22
14
22
-82
-66
43
10
-67
-24
41
75
35
6
18
14
0
-18
0
-26
73
116
-29
-42
-27
-36
-10
27
22
12
-63
-147
-29
10
42
87
-18
1
-39
-76
38
44
47
9
-46
-35
31
74
21
-2
-29
-15
-26
-55
-70
-51
98
45
-56
-50
-53
18
0
0
44
-14
-57
-15
0
44
24
-77
-28
-42
6
32
-32
5
2
2
-17
-29
-29
22
56
-20
-19
32
80
75
27
43
86
51
-41
-94
-22
91
82
82
19
-56
13
-14
-41
-64
-48
43
-28
-32
2
6
37
-32
-5
47
-32
-94
-80
-29
-25
-13
42
48
-18
-72
-42
12
-19
-63
3
85
122
74
-20
-28
22
-1
6
95
77
18
-8
-30
18
85
-15
-122
9
48
11
39
-13
2
6
-19
0
-15
-56
-44
-57
-78
45
12
-63
-13
-40
-35
-24
-50
-23
1
-54
-12
54
-2
-3
-5
14
44
5
-15
7
70
93
8
-48
9
78
48
-22
36
97
64
16
-34
-73
-101
15
64
10
49
33
-5
-28
-31
7
6
-19
-21
-3
-46
-16
80
-41
-104
11
31
-50
-54
17
-72
-89
14
25
31
40
77
89
8
-19
54
69
63
34
-22
-11
19
64
70
12
-52
-23
19
-67
-55
4
32
12
-15
71
38
-36
6
-7
-69
-7
-4
-37
-1
-41
-108
-59
-48
-89
-23
-41
-61
-34
-49
56
61
-17
40
-9
-43
34
72
91
41
-33
-15
38
-22
-35
24
26
9
-33
64
111
-53
-46
84
54
-60
-63
15
48
4
-4
-34
-68
2
-57
-114
1
34
-8
-27
26
46
-87
-60
19
2
33
-14
19
5
-57
-6
45
45
-42
9
46
35
68
13
55
62
-29
-17
15
69
18
-75
6
38
-1
-76
-52
12
-52
-4
21
18
-4
-39
41
40
-25
-73
-54
-43
-57
-71
-2
35
-59
-50
-19
19
62
7
-65
21
91
37
58
46
70
65
-13
18
3
-71
-44
-7
-20
-55
-5
47
-21
-3
51
51
-13
-41
-1
6
43
1
-31
25
14
-52
-52
-44
-33
0
-97
-72
11
-2
4
-21
18
23
103
108
-16
-15
8
92
58
-20
3
-41
69
128
-25
-36
8
43
33
-22
-8
9
24
9
23
31
-26
15
10
-21
1
-68
-61
-26
-34
-8
-47
-51
-21
-7
23
4
-39
-6
-45
-4
102
-11
-66
-2
47
13
-44
27
49
18
19
-33
-8
0
-69
28
128
125
44
-26
-21
-26
14
47
17
-4
-20
-31
-43
-24
12
-30
-27
-48
-88
-20
49
21
-81
-87
-28
32
47
-22
-35
-28
2
-14
-22
21
-11
19
0
24
24
-14
84
1
33
84
-32
5
22
37
13
-33
19
66
73
18
-14
-32
-43
-40
33
101
28
25
1
-62
-39
-2
44
-17
-18
-26
-94
-35
34
18
-32
-74
-50
29
-2
-9
-42
-50
22
20
41
-25
-43
62
-2
-52
-24
-31
46
69
0
-19
-22
-17
-22
-3
28
-24
5
-21
-94
-4
19
91
83
-62
-20
-23
-41
2
78
73
-11
39
3
-11
39
0
-28
-15
0
-3
-28
-37
29
64
-23
16
40
-43
-27
-3
40
12
-56
-13
16
67
114
43
-31
-43
-85
-61
0
-24
1
-11
45
33
5
41
-75
-8
-57
-72
4
-49
66
65
63
67
-6
17
12
12
-61
-93
25
84
89
38
-25
-77
-34
18
31
23
-47
-14
7
26
7
-17
46
10
3
35
28
20
-28
16
46
-56
-52
33
43
11
1
-1
-4
-16
-40
-3
-3
-29
-15
6
24
54
18
-39
8
-38
-20
14
-55
-18
6
-4
-35
-53
-10
-25
-6
11
-41
-26
-10
-2
-11
7
-9
1
48
29
-21
-31
16
-8
27
7
10
36
-47
13
25
-13
48
70
92
85
89
34
-37
50
-9
-23
60
27
23
20
-2
-30
-39
-58
-89
-53
-18
-3
30
0
14
10
-54
-13
-15
-31
-22
-57
-11
1
2
-17
-63
-43
-60
-56
9
15
-40
-22
6
33
41
0
35
-20
-17
69
23
100
109
-39
-19
10
-34
-28
-13
54
102
18
15
54
21
-28
-51
29
5
-77
-59
1
101
64
-44
-5
-1
-33
-24
-48
-86
-71
-8
-14
51
88
25
50
-31
-51
-56
-83
-10
-17
17
44
50
-4
-83
-16
-15
-63
-55
-26
-2
-22
-12
60
44
21
5
13
92
-6
-14
28
27
66
-20
-8
47
40
-7
-17
30
-10
-81
-61
35
32
-9
23
21
62
77
-5
-16
23
42
54
21
9
38
-23
-14
22
-32
-60
-54
-21
-31
-103
-61
49
-6
-51
-15
-63
-67
21
-6
0
96
56
19
-26
-24
-2
-52
0
0
20
43
-39
-18
-26
-49
-34
-10
43
20
5
13
46
33
7
41
-24
-39
16
7
58
95
7
0
34
-44
-30
-11
-18
43
35
11
-29
-36
45
61
-12
-15
-5
-75
-68
-11
14
29
-9
14
71
2
-39
-10
-20
13
52
31
8
-52
-18
24
-27
-25
-34
-76
-39
8
-51
-56
-13
3
-44
-87
-4
12
10
21
-11
54
51
-6
-43
-37
48
-17
42
87
-18
34
24
-33
-9
-12
-7
25
8
8
58
22
-34
17
75
68
-1
-41
50
63
46
45
-2
64
33
-30
-28
-55
-16
5
12
-21
-105
-118
-51
0
-9
-14
-58
-27
-18
-43
36
21
58
20
-35
-15
-92
14
104
-12
-45
-3
-63
-34
71
6
-43
-54
-34
10
-28
-8
41
47
-26
-23
58
22
44
9
-32
11
2
25
24
102
99
-39
-18
38
24
21
-5
-17
17
14
3
8
-61
-69
49
23
11
37
-13
-13
-39
19
104
59
43
0
-12
-9
-38
18
50
-4
-70
-47
-26
-86
-50
-52
-124
-71
-54
-55
-30
-14
57
56
-19
-2
26
43
35
27
59
40
57
82
68
0
-27
29
-20
-51
-58
-72
-19
32
45
37
44
35
63
53
-31
28
74
22
20
18
54
62
16
0
-58
-88
-82
-59
-70
-111
-81
-62
-36
-53
-52
-21
11
50
27
-11
-60
-18
69
25
49
65
0
83
116
49
-13
-16
26
-32
-35
-17
-41
14
12
52
64
20
38
-10
7
16
-47
-55
16
88
26
14
-2
-61
10
-35
-94
-27
-22
-55
-107
-73
-11
-20
0
4
20
48
-38
-54
32
12
-4
-5
36
97
56
33
32
48
77
57
58
89
43
14
24
-18
24
56
9
57
15
-58
-38
-11
-15
-59
-39
-1
-1
-8
-64
-56
27
16
-20
-35
-61
-56
-82
-57
-32
-65
-6
1
-42
-23
-22
-20
22
-2
-39
0
25
16
25
32
47
48
32
29
17
49
68
2
22
77
75
34
10
61
37
26
25
-44
-66
-42
-26
29
14
-60
-31
-32
-51
11
43
-27
-22
44
27
28
9
-52
-30
13
40
18
-9
-10
-15
-39
-70
-29
2
41
72
27
-24
-39
-38
6
63
7
-26
49
55
6
-11
11
30
-42
-15
75
-24
-58
-28
-44
9
-26
-19
0
-41
-59
-102
-76
-63
-37
-17
-9
36
24
74
80
39
69
55
38
3
-56
-22
46
43
24
-32
-37
14
27
61
28
24
4
5
58
3
62
22
-46
94
43
9
48
26
31
-46
-71
-46
-54
-18
-75
-167
-70
-13
-48
-74
-70
-35
-67
-65
-19
-27
49
62
-38
-19
6
49
78
0
-5
70
29
-1
39
-2
-58
4
85
18
-6
-15
-11
48
31
-6
-37
66
102
49
95
104
91
60
1
-11
47
49
-3
1
-17
-23
0
-5
-46
-34
-48
-123
-84
-69
-104
-91
-41
-74
-83
-1
9
47
0
-117
-86
-27
-18
-44
-31
-6
-19
-82
-74
13
-28
22
56
53
72
15
50
36
59
81
20
67
82
84
89
56
163
173
65
37
-5
55
38
-92
-73
0
-11
-16
26
-3
-36
-35
-61
-76
-130
-107
-60
-84
-78
-31
-28
-121
-103
-76
-45
27
32
46
67
52
-23
-1
50
-9
-48
4
41
51
48
5
32
57
33
-1
-19
19
83
34
-37
-6
4
50
15
-30
63
21
7
47
-3
13
33
10
4
-69
-86
31
17
-33
39
3
-96
-83
-80
-36
14
-25
1
0
-12
-5
-54
-58
-31
-23
54
80
21
25
3
27
28
-54
-21
70
3
-50
37
36
43
56
31
73
66
33
-20
-41
-7
-44
-23
-1
30
111
59
46
26
3
-17
-87
-81
-98
-108
-52
10
-18
-59
-54
-55
-17
-8
-28
-29
20
-16
-22
44
19
32
-21
-51
39
49
30
24
76
48
-62
41
99
87
58
0
22
-3
-8
69
96
7
-14
-21
-34
-19
-53
-46
-63
-112
-85
-86
-123
-74
-95
-80
0
12
19
23
-15
-71
-29
77
77
-10
39
61
-25
17
76
78
68
-5
-73
-46
-32
13
42
-26
28
42
0
2
-23
-7
-67
-56
50
48
40
26
14
15
0
29
62
67
46
-16
-85
-66
-26
20
24
-54
-61
-67
-67
-70
-125
-82
0
16
23
-8
-24
51
77
47
20
28
8
-33
-2
-20
-31
-39
-11
50
56
53
19
29
56
6
-17
-9
14
33
32
43
-6
5
31
34
36
4
39
-1
-5
32
51
65
-7
36
90
10
-29
0
-25
-34
-47
-75
-82
-105
-54
-106
-221
-140
-61
-66
-31
17
64
73
79
68
31
60
86
73
66
62
76
67
4
15
13
15
-3
-24
7
-33
-2
52
111
107
25
-17
8
18
-46
1
5
-31
69
52
2
15
20
9
8
98
24
-18
50
13
32
-8
-28
-30
-120
-72
-77
-139
-124
-112
-18
51
44
60
38
11
11
-19
-32
13
9
19
-9
-59
-19
-26
-2
-9
26
64
-25
7
26
-15
18
66
80
53
-14
-30
9
-5
28
36
-32
-21
9
20
60
62
27
1
0
56
83
15
-31
6
-21
-38
-13
-85
-88
-30
-6
41
76
15
-44
-16
-53
-43
26
-20
-68
-46
-26
-13
-10
3
0
-32
54
45
-4
38
46
55
24
-13
-27
-61
-144
-97
-57
-24
45
-16
30
62
52
7
-33
9
1
55
24
-41
-57
-120
-103
-63
-56
-48
-58
-45
5
34
-8
3
80
82
81
74
79
84
49
30
0
-61
-152
-137
-44
-44
-34
7
77
159
163
143
122
70
56
19
-52
-86
-182
-193
-216
-260
-174
-96
-32
48
108
141
177
164
170
207
196
89
-20
-89
-160
-139
-188
-288
-254
-264
-273
-160
-37
83
194
235
329
384
228
155
153
79
-18
-123
-161
-244
-302
-283
-226
-112
-52
51
192
263
307
225
204
278
189
102
52
-81
-74
-174
-283
-230
-295
-129
-39
-103
97
239
266
360
369
319
319
152
44
70
-47
-179
-253
-305
-295
-283
-256
-204
-60
136
192
256
292
229
202
160
108
36
-82
-184
-280
-363
-330
-202
-129
-95
-21
44
64
96
190
201
127
98
-1
-81
-171
-276
-344
-424
-402
-384
-320
-270
-198
-80
24
153
224
293
235
210
229
54
-43
-86
-160
-209
-269
-196
-154
-168
-94
-7
108
241
268
243
315
302
213
180
87
76
41
-63
-66
-118
-116
-28
-1
92
148
127
296
310
298
399
371
443
342
226
230
166
99
67
26
-40
-85
-95
80
103
36
157
244
294
355
317
264
290
152
-13
-102
-151
-194
-330
-412
-431
-411
-347
-332
-312
-191
-139
-145
-87
-121
-172
-222
-295
-368
-530
-678
-782
-769
-730
-711
-632
-554
-336
-147
-25
171
248
250
245
195
95
2
-76
-199
-309
-373
-352
-271
-199
-57
97
179
332
531
641
688
636
542
475
375
220
74
-50
-164
-232
-296
-272
-134
19
152
348
532
615
682
704
636
418
249
146
-32
-156
-287
-357
-364
-342
-209
-8
112
216
411
443
489
640
597
469
326
243
195
-13
-141
-174
-224
-163
-139
-132
-32
-15
47
143
113
96
43
8
-64
-163
-221
-299
-304
-343
-410
-403
-313
-297
-330
-282
-296
-216
-185
-148
-38
-157
-172
-126
-120
-89
-141
-141
-64
-34
-105
-114
10
103
114
94
70
115
158
171
169
202
267
295
271
148
142
185
145
152
29
-39
86
104
148
206
178
280
332
269
275
194
57
-90
-257
-312
-448
-510
-454
-459
-374
-329
-262
-123
13
165
201
175
145
30
-64
-170
-363
-470
-504
-558
-599
-613
-590
-492
-322
-134
51
198
213
235
238
107
-83
-184
-214
-341
-497
-623
-619
-580
-543
-424
-189
73
276
461
517
478
494
468
316
182
1
-172
-275
-358
-346
-240
-9
199
287
413
581
683
735
793
791
798
780
618
527
456
372
324
275
234
244
335
442
646
889
1004
1094
1209
1095
874
708
455
276
215
131
95
200
193
150
298
427
494
522
608
670
472
216
36
-115
-291
-484
-545
-504
-536
-584
-671
-827
-896
-853
-781
-839
-903
-787
-777
-868
-954
-1022
-1018
-1161
-1361
-1390
-1365
-1374
-1297
-1158
-998
-841
-786
-757
-721
-743
-748
-758
-744
-703
-632
-567
-545
-427
-236
3
163
190
248
181
-68
-253
-414
-540
-490
-339
-49
248
445
611
653
574
493
481
475
473
508
434
350
279
300
395
451
630
767
825
776
706
757
823
945
1052
1107
1210
1302
1299
1203
1126
1002
787
709
650
555
481
561
825
1010
1152
1204
1174
987
655
389
153
101
140
107
69
26
6
-8
81
252
292
246
125
-195
-637
-1019
-1186
-1058
-814
-644
-605
-641
-693
-812
-888
-824
-694
-664
-793
-912
-1019
-1023
-901
-585
-157
-51
-123
-443
-889
-1148
-1258
-892
-277
308
748
826
603
252
3
-108
-177
-344
-641
-1013
-1397
-1689
-1543
-819
195
1153
1721
1740
1315
597
-138
-669
-820
-656
-822
-1215
-1448
-1574
-1366
-698
199
953
1165
800
95
-478
-521
66
1178
2254
2699
2203
848
-823
-2098
-2236
-1473
-613
293
958
1163
1239
1279
1561
2191
2735
2704
1937
729
-541
-1662
-2201
-1939
-1537
-1067
-720
-721
-611
-383
133
656
879
943
729
438
321
439
965
1453
1047
-364
-2176
-3615
-4230
-3744
-2198
-307
1257
2051
1735
745
218
632
1509
2343
2607
1983
485
-1461
-2996
-3484
-2506
-679
871
1873
2160
1786
925
206
741
2187
3449
3844
3061
1471
-401
-1977
-2671
-2243
-910
325
763
565
21
-218
203
894
1548
1913
1709
754
-595
-1278
-845
53
806
1104
723
-263
-1590
-2541
-2343
-986
610
1494
1443
694
-243
-943
-1033
-338
650
1244
879
-553
-1963
-2326
-1781
-682
507
1209
796
-912
-3052
-4692
-4848
-3505
-1678
-9
865
755
-319
-1784
-2724
-2690
-1829
-1204
-1111
-1524
-2274
-2673
-2591
-1840
-379
1244
2051
1683
592
-588
-1262
-1455
-1123
-207
902
1678
1792
1715
1919
2388
2928
2931
2402
1599
617
-159
-470
143
1649
2840
3201
3028
2418
1856
1620
1767
2516
3440
3830
3336
2029
633
-193
-322
-61
304
595
383
-364
-1326
-1706
-762
1064
2780
3862
4022
3016
1144
-944
-2581
-3134
-2748
-2328
-2236
-2206
-2096
-1947
-1640
-909
21
730
777
72
-698
-1301
-1790
-2322
-2819
-2896
-2738
-2460
-2133
-1637
-1119
-814
-1071
-2097
-2925
-3110
-2734
-1942
-822
351
957
793
-102
-1029
-1303
-805
-57
262
277
-170
-1249
-2317
-2585
-1611
153
1903
3180
3836
4038
3734
3161
2732
2593
2632
2270
1629
1009
601
584
680
694
565
488
377
70
150
1132
2576
3870
4480
4223
3542
2306
600
-882
-1732
-1982
-2123
-2410
-2574
-2290
-1346
202
1996
3606
4555
4187
2240
-350
-2469
-3498
-3518
-2874
-1725
-633
-137
-503
-1401
-1941
-1716
-1138
-750
-535
-434
-589
-1127
-1805
-1906
-1396
-936
-1011
-1579
-2228
-2778
-3145
-2974
-2320
-1359
-259
256
132
40
436
958
903
228
-877
-2219
-3625
-4500
-3919
-1892
552
2479
3252
3062
2544
1610
559
104
246
561
500
-58
-506
-528
-146
420
832
1347
1886
1827
1364
1123
1487
2270
2809
3019
3046
2801
2214
1129
168
-98
-91
-237
-646
-877
-464
486
1671
2941
4021
4528
4110
2711
1274
565
319
-224
-1243
-2192
-2654
-2669
-2388
-1511
100
1860
2902
2977
2517
1997
1357
463
-203
-108
474
518
-504
-2182
-3764
-4583
-4582
-3781
-2153
-223
1037
1045
363
-194
-161
104
42
-275
-1209
-2816
-4728
-6491
-7060
-6057
-4065
-1914
-49
1477
2315
2284
1708
1299
1425
1526
937
-420
-1803
-2752
-3205
-2793
-1519
224
1551
1652
738
-218
-374
218
1082
1996
2843
3160
2674
1688
803
704
848
374
-534
-1400
-1841
-1774
-1187
-37
1620
3252
3934
3234
1685
155
-903
-1428
-1230
-17
1323
1650
815
-548
-1447
-1846
-1961
-1613
-1017
-440
-193
-432
-610
-200
744
1740
2033
1603
733
-752
-2534
-4002
-4337
-3231
-1555
15
1223
1918
2201
2038
1659
1483
1390
1143
300
-799
-1261
-967
33
1150
1808
2119
2065
1482
831
608
1107
2056
2408
2188
1588
588
-354
-971
-686
552
1902
2601
2117
818
-211
-509
180
1748
3256
3877
2996
875
-1346
-2762
-2942
-2226
-1221
-378
44
123
-61
-110
244
872
1570
1663
883
-491
-2031
-3281
-3888
-3544
-2484
-1365
-869
-1296
-2234
-2959
-3232
-2891
-1923
-700
182
329
-49
-553
-858
-853
-919
-1364
-1851
-2176
-2384
-2636
-2724
-2456
-2024
-1277
-360
707
1762
2313
2125
1221
119
-872
-1679
-2310
-2875
-3048
-2537
-1542
-220
1190
2304
2851
2735
2118
1447
1024
734
612
836
1461
2306
2808
2553
1726
697
-223
-852
-1047
-592
210
923
1267
1308
1534
1909
2375
2759
2696
2436
1976
1118
100
-849
-1438
-1472
-1003
-191
773
1589
1716
1179
398
-169
-192
90
761
1750
2504
2695
2154
1126
-140
-1575
-2928
-3885
-4120
-3394
-1889
-154
1434
2874
4077
4666
4185
2657
894
-642
-1790
-2422
-2504
-2057
-1549
-1240
-936
-258
496
910
982
726
353
1
-284
-308
42
437
582
410
81
12
84
-140
-755
-1580
-2225
-2541
-2674
-2663
-2306
-1568
-784
-137
329
695
752
140
-778
-1525
-1923
-2035
-2113
-2135
-2048
-1712
-1109
-534
195
895
1175
916
106
-498
-535
-401
-481
-786
-986
-868
-672
-619
-329
129
489
949
1314
1576
1675
1078
-119
-1345
-1899
-1463
-514
432
994
1182
1409
1647
2060
2828
3424
3279
2112
422
-933
-1887
-2519
-2718
-2443
-1642
-428
962
2415
3840
4593
4289
3270
1810
435
-653
-1596
-2270
-2531
-2354
-1906
-1255
-422
508
1362
2004
2268
2134
1754
870
-452
-1557
-2001
-1598
-723
4
466
422
18
-381
-578
-342
-96
-134
-327
-469
-202
455
1174
1574
1357
713
-30
-748
-1252
-1367
-1013
-497
-161
127
312
170
-217
-626
-657
14
1124
2186
2808
2512
1500
451
-219
-73
632
1176
1326
821
-243
-1261
-1949
-1921
-1009
382
1649
2110
1571
365
-1079
-2343
-2905
-2895
-2612
-2108
-1927
-1853
-1487
-793
433
1681
2350
1978
412
-1722
-3732
-4921
-4686
-3241
-1343
498
1774
2131
1746
1007
378
66
-368
-964
-1493
-2023
-2267
-2234
-1829
-704
841
2199
3040
3083
2329
1274
245
-524
-756
-593
-183
397
915
1397
1790
1935
1922
1754
1508
1169
681
237
-171
-324
-188
23
466
1128
1629
1685
1361
888
577
329
-30
-284
-507
-555
-162
230
430
672
652
159
-478
-1165
-1818
-2253
-2470
-2268
-1546
-528
435
991
1278
1339
827
-239
-1446
-2275
-2534
-2171
-1177
153
1494
2271
2065
1115
56
-639
-1157
-1540
-1703
-1813
-1818
-1543
-985
19
1393
2510
3023
2752
1762
422
-1076
-2363
-2718
-2118
-1121
115
1178
1912
2521
2752
2584
2172
1519
558
-552
-1518
-1759
-965
195
1140
1690
1678
1257
678
-29
-481
-565
-675
-811
-931
-927
-588
-76
339
737
1061
1110
874
327
-182
-553
-870
-1070
-1061
-816
-633
-569
-672
-567
63
759
960
430
-563
-1579
-2407
-2856
-2614
-1665
-335
790
1255
1040
478
-178
-730
-1157
-1427
-1161
-652
-226
-16
85
123
-185
-575
-749
-697
-630
-721
-704
-298
427
1215
1693
1846
1722
1223
386
-376
-670
-515
-84
89
175
505
994
1515
1797
1953
1914
1622
1036
70
-739
-1101
-1087
-668
-1
594
972
1076
975
1018
1227
1453
1553
1419
1045
498
-141
-740
-1000
-708
-112
178
-77
-603
-826
-529
-26
554
1372
2010
2047
1463
410
-597
-1163
-1134
-881
-651
-392
-265
-287
-384
-511
-710
-898
-1037
-1030
-753
-381
-108
48
184
266
177
-125
-393
-454
-494
-769
-1312
-1969
-2442
-2542
-2505
-2393
-1997
-1141
-232
69
-217
-915
-1677
-2039
-1995
-1517
-634
258
677
478
0
-629
-1175
-1332
-1151
-733
-231
248
616
1087
1738
2271
2636
2890
2845
2201
902
-811
-2157
-2484
-1887
-645
773
1901
2643
3153
3547
3764
3669
3164
2274
1062
-254
-1020
-742
366
1618
2587
3088
2753
1896
935
156
-237
-519
-535
-88
735
1500
1750
1665
1351
787
-6
-1077
-2236
-2930
-2978
-2522
-1623
-533
560
1227
1084
217
-841
-1480
-1631
-1334
-841
-481
-478
-950
-1471
-1897
-2052
-2078
-2398
-2635
-2896
-3243
-3306
-3129
-2354
-783
1000
2222
2616
2366
1535
244
-1310
-2449
-2709
-2422
-1802
-1150
-490
325
1129
1740
1966
1689
1004
229
-487
-837
-424
537
1779
2907
3697
4070
3711
2709
1360
133
-749
-1268
-1294
-732
346
1566
2420
2777
3009
3075
2856
2312
1345
300
-646
-1464
-2032
-2112
-1525
-731
-153
33
18
146
243
210
75
-120
-229
-379
-523
-402
-141
-171
-553
-1012
-1376
-1565
-1470
-1095
-725
-375
-396
-934
-1492
-1746
-1422
-822
-412
-303
-488
-841
-1319
-1628
-1465
-884
-24
631
852
813
517
26
-538
-1141
-1501
-1642
-1688
-1303
-640
155
1073
1811
2263
2310
2004
1522
941
487
152
-214
-621
-1042
-1067
-546
147
607
688
598
291
-96
-304
-203
285
868
1424
1859
1932
1833
1489
713
-271
-1285
-2055
-2321
-2016
-1218
-190
749
1508
2079
2319
2120
1564
678
-360
-1245
-1781
-1715
-1105
-223
444
685
546
138
-49
-25
58
86
-112
-193
-26
221
565
887
1189
1494
1611
1365
703
-260
-1328
-2177
-2672
-2710
-2190
-1233
43
1377
2432
2885
2560
1739
695
-328
-1148
-1518
-1331
-851
-300
-54
-121
-270
-348
-226
-149
-69
-107
-326
-386
-272
73
518
974
1277
1172
904
661
368
-31
-391
-1000
-1653
-1654
-1078
-52
860
1185
1134
653
112
-205
-498
-568
-510
-267
184
497
612
459
-54
-823
-1618
-2202
-2521
-2543
-2064
-1188
-269
464
970
1096
852
383
-237
-636
-908
-1180
-1245
-1236
-1099
-568
55
507
737
482
-83
-772
-1296
-1284
-930
-417
139
577
870
1053
1244
1421
1366
981
245
-687
-1205
-834
36
976
1836
2353
2422
2182
1760
1224
801
492
306
332
443
649
900
986
1072
1261
1447
1552
1379
1074
818
624
641
717
685
665
534
279
49
49
180
128
-34
-246
-469
-632
-727
-773
-819
-769
-572
-449
-350
-347
-528
-712
-1029
-1161
-1006
-938
-984
-1341
-1810
-2070
-2090
-1766
-1315
-942
-821
-1100
-1468
-1534
-1007
-167
386
439
-49
-751
-1478
-1981
-1862
-1300
-671
-371
-451
-630
-728
-577
-196
187
516
763
731
321
-169
-429
-406
-53
463
970
1393
1546
1388
966
689
744
865
949
901
708
411
198
268
693
1325
1878
2028
1698
1247
773
478
542
762
1170
1515
1380
883
198
-408
-631
-501
-8
613
823
586
251
46
75
201
111
-232
-755
-1283
-1621
-1594
-1187
-691
-137
155
60
-137
-394
-459
-375
-421
-512
-658
-868
-1025
-1087
-802
-332
-94
81
88
-52
-153
-411
-657
-800
-781
-593
-320
34
340
484
501
474
601
924
1144
1155
777
245
-14
-208
-318
-163
162
490
672
724
585
260
6
105
503
976
1316
1367
1230
906
609
311
-192
-626
-1136
-1615
-1795
-1646
-987
-237
282
645
764
796
793
618
289
-385
-1129
-1552
-1691
-1464
-997
-492
-151
-116
-391
-848
-1273
-1516
-1409
-1175
-865
-410
69
681
1274
1689
1555
830
-78
-1020
-1628
-1960
-2035
-1648
-973
-202
411
941
1350
1509
1565
1485
1211
708
92
-379
-541
-535
-318
73
270
315
160
-34
37
314
726
1165
1473
1633
1731
1536
1119
654
118
-311
-563
-579
-522
-505
-423
-130
314
810
1329
1597
1526
1118
532
-50
-318
-108
221
510
544
367
134
-137
-76
171
359
422
70
-596
-1226
-1557
-1421
-814
-13
667
1090
1174
1017
767
450
148
-328
-1008
-1755
-2442
-2730
-2513
-1800
-694
331
1007
1204
843
276
-271
-595
-640
-637
-586
-443
-304
-385
-549
-639
-750
-813
-710
-551
-456
-391
-455
-581
-609
-438
-145
22
79
-69
-424
-765
-1057
-1079
-725
-114
471
768
857
780
584
303
237
428
569
709
655
304
32
-199
-361
-272
-199
-36
148
265
442
617
856
1156
1384
1422
1311
1179
968
792
770
733
797
688
399
268
37
-216
-480
-746
-889
-955
-788
-413
104
692
1137
1377
1272
911
646
339
-43
-254
-333
-379
-444
-429
-356
-377
-365
-401
-578
-628
-566
-445
-406
-498
-497
-458
-370
-257
-77
22
-35
-120
-264
-283
-160
-1
136
287
276
117
8
-121
-218
-386
-569
-679
-779
-845
-759
-595
-211
377
853
1251
1341
1159
924
482
33
-257
-560
-825
-862
-658
-215
455
1136
1595
1814
1707
1205
473
-411
-1251
-1846
-2143
-1947
-1219
-200
902
1837
2185
1927
1405
588
-279
-901
-1263
-1183
-915
-459
33
216
243
59
-369
-791
-1116
-1486
-1628
-1547
-1270
-669
17
747
1329
1489
1282
748
-207
-1134
-1791
-2131
-1905
-1342
-492
388
877
1131
1061
773
519
146
-230
-532
-747
-896
-800
-267
503
1382
1899
1807
1317
612
-1
-493
-637
-213
440
1103
1641
1892
1921
1719
1286
676
-132
-873
-1376
-1642
-1505
-882
168
1440
2591
3320
3334
2672
1574
208
-961
-1842
-2500
-2755
-2668
-2143
-1222
-109
1008
1897
2317
1993
1107
-68
-1170
-1886
-2228
-2158
-1675
-1005
-393
114
271
172
45
-302
-673
-1088
-1477
-1580
-1455
-992
-319
458
1011
1120
933
456
-192
-798
-1106
-1159
-1041
-828
-550
-111
373
764
993
954
658
322
-82
-450
-646
-780
-738
-483
-125
332
724
792
757
521
110
-114
-251
-60
310
528
790
1066
1181
1104
764
229
-424
-1169
-1596
-1590
-1300
-740
18
766
1255
1606
1877
1845
1562
1138
459
-275
-864
-1270
-1198
-818
-318
383
928
1357
1568
1410
1032
421
-83
-435
-615
-483
-228
57
275
351
394
284
14
-298
-494
-342
-130
206
654
948
1078
958
808
418
-175
-678
-1255
-1570
-1656
-1621
-1225
-756
-254
315
758
1067
991
427
-140
-632
-1110
-1379
-1439
-1237
-926
-684
-448
-256
-32
87
-5
-214
-578
-836
-822
-647
-346
-85
40
-37
-198
-250
-365
-441
-330
-232
-141
-63
-131
-199
-117
128
452
748
876
772
543
135
-268
-475
-512
-323
21
360
475
509
518
450
449
512
677
713
682
711
663
596
485
507
605
668
594
282
-85
-486
-730
-703
-512
-116
443
969
1382
1556
1505
1284
842
246
-364
-748
-819
-585
-156
132
179
108
-102
-354
-329
-224
-212
-279
-621
-923
-1037
-869
-300
308
869
1242
1200
796
133
-564
-1084
-1410
-1435
-1152
-784
-417
-174
-21
75
10
-28
4
82
195
237
180
0
-245
-447
-512
-484
-396
-291
-236
-124
-59
-25
17
68
303
489
704
820
674
502
88
-376
-664
-890
-1001
-886
-517
-149
280
724
913
952
867
673
387
95
-74
-261
-491
-423
-120
111
397
620
501
197
-189
-622
-805
-667
-433
-129
252
503
669
849
968
991
876
755
561
172
-250
-659
-933
-1062
-1052
-789
-459
-99
138
154
171
83
-1
0
56
202
271
284
236
163
30
-250
-541
-854
-1105
-1118
-1031
-822
-296
165
345
564
698
601
443
178
-137
-412
-739
-949
-947
-966
-857
-540
-159
294
652
796
799
678
534
457
493
653
706
598
409
118
-109
-225
-376
-477
-567
-660
-673
-561
-113
501
1046
1501
1728
1713
1464
1042
575
80
-380
-643
-775
-916
-818
-546
-170
273
608
863
860
842
670
280
51
-226
-430
-583
-637
-540
-514
-316
-114
-50
64
111
158
254
312
349
279
183
124
58
-26
-194
-549
-1011
-1385
-1583
-1449
-1058
-498
203
753
1080
1179
970
640
305
-116
-585
-913
-1065
-1098
-901
-614
-380
-132
82
246
323
478
611
522
392
140
-137
-242
-280
-251
-190
-87
-100
-221
-293
-393
-272
78
464
851
1074
1197
1154
785
255
-244
-716
-1134
-1246
-1206
-966
-513
-149
252
591
797
966
1050
1050
1044
912
617
257
-109
-352
-493
-536
-536
-507
-508
-495
-274
-31
124
260
283
175
58
-11
-10
94
408
645
621
549
366
105
-197
-408
-508
-613
-494
-165
131
358
445
372
339
229
39
-163
-398
-599
-690
-670
-610
-360
-4
394
813
1006
995
900
655
359
163
-89
-285
-347
-404
-401
-385
-255
-62
44
96
-20
-225
-387
-434
-359
-226
72
339
442
485
462
330
157
-3
-226
-346
-334
-232
-79
-26
-42
-76
-112
-154
-175
-324
-571
-583
-538
-456
-260
-107
152
339
375
343
234
140
-17
-188
-278
-346
-367
-221
-76
-22
107
167
47
-56
-209
-425
-505
-471
-320
