22
-50
-22
-20
17
40
18
12
3
-4
-9
42
40
-10
38
71
27
35
8
-58
-3
31
-6
0
35
21
18
9
6
21
-22
-74
-90
-73
-111
-80
21
24
16
0
-32
33
38
-19
55
53
90
118
5
28
21
30
104
31
1
9
-31
-9
14
32
37
34
-16
-73
-46
21
92
30
-40
33
22
25
20
-91
-6
45
9
-17
7
21
-44
69
51
-87
-51
-10
14
20
-34
-68
-44
-47
1
11
3
18
-20
8
4
5
-22
-86
-36
17
14
-32
-21
-18
42
58
-4
57
23
56
73
-17
-50
-23
46
-12
-45
-78
-81
-11
26
51
-12
22
53
27
76
54
7
-30
-17
-6
-24
-18
-47
-18
-5
-53
-89
-110
-41
-3
-58
-94
-44
39
103
75
58
69
-11
-26
46
107
103
56
-8
-12
18
23
6
15
73
66
17
-34
4
-18
-81
11
-29
-59
-12
-47
-23
-77
-94
28
66
27
-11
-24
-43
-22
-34
-60
14
78
82
47
18
5
37
7
-25
39
39
75
37
37
58
-55
-40
-6
-19
-36
-14
-71
-88
20
-41
-53
13
31
0
-48
-13
-31
-55
32
20
-80
-48
40
38
-6
-6
-6
19
-19
-49
-1
-23
13
46
27
9
0
10
-8
46
109
70
21
-4
7
34
-20
-41
-19
-61
-106
-83
11
0
-26
52
22
-28
30
22
-8
-15
-78
-83
-7
55
27
-32
-33
10
128
95
13
49
-3
-7
-28
-63
-22
-78
-108
-37
62
64
47
50
-23
22
-1
-53
34
-13
-26
-83
-128
-6
4
42
53
39
51
17
33
-19
0
64
12
21
2
-16
48
114
92
51
44
100
156
101
62
6
36
-5
-27
62
20
69
104
132
152
98
62
77
101
-1
53
125
23
13
-42
-13
86
40
41
21
10
81
88
10
3
4
-13
-27
-96
-57
-21
17
3
-37
52
140
89
-27
-42
-69
-28
12
-48
-18
3
-34
-25
24
-39
-38
35
-56
-63
-57
-45
-81
-189
-113
-27
-33
-47
-72
-96
-38
-9
-11
-9
-50
-52
-1
-48
-188
-163
-148
-165
-123
-151
-148
-118
-36
-5
-53
-62
-54
-46
-113
-165
-126
-109
-131
-100
-24
-40
-22
18
-48
-25
-28
-100
-69
-92
-90
-41
-33
-4
41
42
-3
57
78
8
-28
-64
-46
-49
-57
33
9
-1
73
62
99
102
101
56
-15
11
-20
-31
9
-26
-20
7
-2
47
31
57
102
45
86
80
5
46
65
28
45
11
-26
28
63
78
87
90
125
65
-39
-55
17
46
-54
-69
-39
-22
35
80
95
82
136
114
104
68
-23
47
68
4
-34
9
24
-2
60
96
86
66
106
140
95
78
22
-18
21
25
17
-16
5
28
41
69
-9
-24
-42
-45
-5
-17
-33
-76
-16
54
24
30
98
66
-24
21
57
8
-69
-101
-92
-97
-38
-13
-23
37
50
56
48
-13
-12
-26
-80
-121
-64
-37
-65
3
0
-49
-38
-13
18
8
-10
-30
-31
-51
-66
-66
-78
-55
-98
-137
-105
-35
10
27
29
-5
-11
-13
-59
-68
-57
-130
-119
-80
-81
0
66
106
34
52
62
4
88
-16
-23
0
-63
-49
-69
47
87
36
86
29
-32
-1
-37
-2
81
-16
-51
30
-10
-22
64
81
99
57
6
77
50
14
61
13
-30
27
18
8
78
41
3
82
79
44
77
40
-24
-28
-57
-33
20
3
51
70
38
35
48
113
110
66
54
24
-54
-78
-47
-55
-38
-44
-54
-2
39
14
-8
31
33
2
-73
-109
-71
-119
-120
-56
-36
-23
-54
-90
-26
24
30
-46
-102
0
23
-31
-46
-75
-94
-76
-51
-40
-32
11
13
-13
-18
-77
-158
-108
-29
-33
-12
-44
1
55
-36
-50
62
181
130
35
22
0
-29
-96
-61
-37
-89
-1
-45
-20
81
91
118
22
7
-24
-25
40
26
5
-17
-27
-32
-39
2
118
124
101
45
4
-12
-52
34
11
13
99
75
68
66
47
38
88
87
16
29
28
40
32
-33
2
69
101
114
143
121
96
129
73
50
72
28
6
-13
29
-2
-55
85
144
88
55
54
107
75
21
-2
-80
-87
-25
-41
-33
21
47
-5
0
-27
-45
38
20
26
-18
-47
-55
-102
-25
21
-2
17
-42
-60
-28
-33
38
-29
15
40
-69
-54
-94
-107
-180
-179
-50
-62
-47
21
-24
-62
-80
-72
-4
-115
-233
-181
-141
-182
-232
-127
-105
-86
-5
-64
-42
-30
-62
-60
-62
-59
-115
-183
-230
-139
-46
-26
16
30
70
36
-20
25
28
22
-1
-59
-10
-66
-123
-91
-68
44
124
97
76
16
20
95
62
20
-43
-76
-41
-14
-1
18
84
158
161
114
91
12
37
60
-16
87
57
-43
31
23
26
93
139
125
149
177
108
108
99
25
-4
44
31
-8
-12
-20
102
193
135
101
90
144
131
40
62
40
16
6
-42
-29
-1
49
64
30
87
71
31
34
-38
-18
-53
-176
-161
-138
-109
11
19
10
50
-10
75
84
-20
57
-14
-117
-119
-133
-117
-68
-15
22
35
1
31
50
44
28
-68
-64
-25
-65
-80
-115
-141
-61
-32
34
52
-18
25
2
-25
-55
-103
-65
-57
-91
-91
-102
-99
-15
-15
-60
-111
-139
-56
12
-90
-194
-113
-66
-97
-109
-84
-54
-11
34
0
-21
-16
-114
-165
-77
-97
-161
-63
-25
-13
43
6
45
97
39
39
77
80
-3
-74
5
12
-30
29
43
54
133
107
-7
0
57
70
109
78
74
81
5
0
14
50
103
75
24
37
63
51
34
49
18
0
66
77
30
-2
39
101
95
65
73
84
32
16
21
21
70
19
41
103
37
6
38
48
47
107
99
57
16
-23
7
-5
37
46
16
69
-1
-5
34
-57
-85
-75
-64
-31
-91
-114
-29
-77
-121
-84
-54
15
0
2
36
10
4
-56
-72
-20
-97
-147
-142
-146
-89
-58
-53
-64
-61
-23
6
66
4
-26
66
1
-55
-94
-93
12
18
-7
40
99
44
-5
18
-4
-20
-26
-28
-48
-60
-53
-2
13
68
144
135
129
50
41
57
42
64
53
12
22
18
27
94
59
42
47
18
-4
18
67
40
27
81
51
4
9
-10
49
82
48
32
66
130
100
28
3
-27
-16
43
1
-32
0
32
37
49
81
72
-5
-47
-44
43
41
-50
37
-2
-34
8
-31
-1
-15
33
58
12
0
-55
24
4
-97
-67
-128
-122
-62
-53
5
0
-40
-22
-64
-106
-86
-102
-83
-91
-132
-97
-77
-68
-93
-16
76
5
-1
-32
-30
-38
-52
-8
-56
-97
-131
-97
-12
-24
-43
4
56
69
18
-16
8
0
12
40
51
8
6
64
76
111
39
56
141
62
22
-38
-61
-37
-110
-57
66
36
10
89
71
28
40
58
30
12
17
-16
81
27
-60
-11
-4
16
6
46
-1
-12
117
49
22
20
-48
14
-16
-42
44
21
-16
31
18
24
2
12
128
0
-55
-25
-73
-22
-9
-4
-43
-22
12
6
89
52
4
57
29
13
47
-26
-19
19
-53
-25
3
36
40
-32
-22
-61
-93
-44
6
23
-13
51
28
-39
81
80
-3
-28
-16
21
-6
-35
-35
-26
35
-2
-87
-90
-60
0
11
-62
-71
-16
-86
-14
45
-81
-57
-20
-12
-46
-46
-15
-57
-45
-22
-1
74
87
0
-17
-10
-18
-18
-46
-33
42
20
-73
-20
-2
-21
-2
-18
-17
18
16
2
18
-87
-79
8
-32
31
83
31
20
33
4
-1
-27
-27
21
-50
-18
43
8
-3
-44
-70
-64
1
31
41
92
36
29
76
26
41
47
-7
-13
-4
12
25
15
70
23
-92
-40
62
81
67
92
89
-12
-83
-58
-23
-51
-98
-76
-23
19
47
69
56
31
34
-29
-62
-1
-37
-59
-17
-4
0
19
60
25
-17
-44
-108
-47
51
-11
3
41
-27
-26
50
113
53
-3
0
-14
31
103
65
17
18
17
36
8
22
48
42
64
8
21
72
71
98
78
-7
-63
17
63
-41
-19
56
-20
-1
30
12
-14
-77
-109
-92
-84
-103
-34
32
2
-87
-79
-49
-82
-44
-64
-73
18
-7
-18
55
50
4
-61
-100
-73
-70
-43
-4
-7
31
39
24
35
22
-26
-47
-49
-24
31
-32
-25
20
-35
-14
-12
-14
15
-28
-69
-84
-81
-71
-82
-27
-16
3
97
86
65
-11
-29
29
6
10
-64
-60
8
-34
-52
-28
50
19
29
106
35
28
18
-63
-52
-30
-52
-5
38
83
108
22
28
60
27
8
22
55
60
26
-15
59
87
23
58
37
22
94
81
85
59
45
124
123
65
-45
-43
9
31
63
-7
-1
-1
45
86
18
1
11
45
-28
-14
-58
-134
-40
-78
-86
-5
28
-47
-19
68
-9
-30
-46
-10
11
-20
16
8
-31
-36
10
31
14
-43
-45
-55
-29
16
-16
-59
-112
-61
-15
-7
-3
-78
-50
21
16
-11
-73
-61
-42
-83
-38
-10
-34
-81
-112
-47
-5
-17
-47
-6
18
-16
-5
13
39
-16
-17
18
-37
19
25
9
30
-55
-26
23
15
36
65
81
36
29
55
63
18
-43
-75
-35
14
24
48
73
73
102
64
-15
-7
-71
-41
50
16
-17
-12
-6
-11
72
87
25
107
110
-6
-37
-45
-49
34
27
-23
42
1
18
70
-22
46
81
-30
22
59
26
2
-69
-67
-38
-13
62
70
67
59
9
3
6
-3
3
-44
-39
73
53
-8
10
-6
69
85
-77
-30
-18
-31
56
9
26
7
-23
-9
-71
-74
2
-3
-96
-69
-67
-101
-46
-51
-48
-27
-68
-95
-82
-24
46
-41
-53
27
-10
34
-18
-51
34
-10
24
45
-46
-15
0
0
77
14
-26
-14
1
-39
-101
-46
-56
16
-9
-158
-50
-50
-124
10
-14
-126
-55
-52
-38
61
74
50
8
1
83
123
61
-9
5
14
-7
-12
-40
32
12
-60
-6
36
49
-7
11
21
41
56
-37
-31
-39
15
78
20
-1
-31
-28
10
-15
30
123
72
56
112
23
40
85
-23
-16
38
68
30
3
31
20
-9
-31
46
73
-5
2
22
31
11
-63
-60
-27
-16
-9
18
52
41
59
-3
-30
54
22
-6
-7
-53
-38
26
-10
-12
54
9
-11
-62
-67
29
-33
-91
-32
-17
16
23
-1
14
6
53
96
21
-20
21
-3
-14
51
25
-10
-4
-20
0
23
-1
19
54
10
-34
-71
-30
31
-18
13
43
-32
-38
13
22
44
28
-63
-7
46
12
17
34
-1
-18
-23
-58
51
47
-38
-42
-33
-9
-27
-12
-14
-6
26
1
-21
-35
-49
16
3
-36
-39
-119
-50
46
56
34
30
6
-47
-36
-76
-96
-55
-1
51
17
-99
-80
58
55
-3
-49
-5
49
-12
-32
-61
-54
-39
-41
21
62
38
-41
-64
-1
48
-7
-45
37
86
7
-34
43
24
-3
34
25
58
41
-33
13
50
6
-23
-27
-20
1
11
12
76
104
18
6
-7
-76
5
68
-20
-27
15
-20
4
10
-24
-4
-7
40
39
-2
-11
-7
19
-48
-30
17
-47
-47
-14
-2
-60
-82
-38
-39
-34
13
9
-18
-7
-39
-20
65
74
5
-9
-17
-19
-12
16
76
7
-17
70
61
35
10
26
74
-8
16
-17
-82
64
35
21
51
-80
-35
82
64
56
31
3
-18
11
20
-35
33
23
-34
-37
-24
-13
-3
64
66
69
76
30
0
-40
-33
52
78
50
80
11
-85
-75
-40
-36
-31
23
-18
-78
-48
-51
-32
-46
-11
102
21
-42
65
103
-28
-80
-84
-104
-17
12
18
13
-3
45
3
-21
-63
-58
1
-27
57
25
-68
-79
-67
-46
-45
0
11
24
-20
-49
-9
-31
17
6
-66
10
-33
-10
70
-8
49
-2
-89
-32
-32
3
42
-24
-66
-14
-31
-1
14
-99
-34
78
-4
-40
-4
-55
0
55
51
86
-48
-122
6
-12
-85
-105
-80
5
59
43
-77
-66
33
-1
25
97
55
39
71
63
73
80
56
40
40
9
-8
39
65
64
24
20
56
36
34
74
12
-48
16
84
115
77
39
29
32
53
-15
-41
-38
-21
-28
-91
-61
-30
-8
-46
-67
-60
-80
-40
-37
14
70
-11
-25
-55
-50
18
-47
-47
-30
19
30
-16
0
-10
-28
-43
-35
-40
22
47
-40
-48
11
13
20
28
-45
-50
-11
15
7
7
45
41
17
4
-11
-29
-73
-33
-23
-89
5
-28
-96
-23
41
40
33
93
17
-26
-19
-69
-43
7
-11
-5
38
-21
-52
1
84
83
26
24
67
15
-82
-9
36
59
18
-44
28
1
2
81
30
11
51
49
54
32
19
-80
-90
-6
-9
11
-23
-15
51
-21
-47
78
62
34
20
-39
19
57
19
29
84
56
51
46
-3
41
26
-80
3
47
-57
-13
25
65
132
62
2
63
35
11
48
-41
-38
-16
-57
-75
-46
-37
-151
-80
55
13
-66
-48
-49
-53
45
63
10
15
15
-63
-45
11
-69
-100
-59
-12
40
16
-12
-7
-20
-67
-91
-34
-22
-44
-6
54
88
-17
-49
64
-19
-60
60
12
-13
51
-40
-102
-43
-15
33
29
9
34
-6
3
31
28
37
-7
19
-1
-53
-37
-72
-51
13
28
13
31
38
18
-32
-30
44
19
-33
-46
-78
-15
45
70
110
61
-13
19
47
-15
8
6
-29
19
24
-4
-27
-5
31
52
94
68
-25
-51
2
40
14
4
63
57
43
47
38
12
-20
0
-30
-57
-46
-68
-35
-18
-27
34
8
-7
60
35
-23
-44
-74
-38
-4
-22
22
15
-32
-27
-40
-76
-53
-32
-32
4
18
40
41
13
21
43
65
34
-7
41
82
35
-3
-43
-26
19
14
28
-9
-52
-55
-43
37
110
59
-41
-67
0
-13
-54
9
-33
-54
12
25
4
57
95
32
-1
-75
-69
-2
16
56
-20
-61
-2
20
-11
-15
41
36
19
2
2
2
-22
5
0
-20
34
16
37
0
-81
40
50
36
5
-39
-29
-78
-24
38
-9
12
56
43
76
-5
-1
35
-68
-8
3
-16
-5
2
49
-26
-60
1
28
56
77
35
-16
3
-27
-104
-59
24
30
6
71
72
0
24
-65
-87
-31
-43
27
6
26
-6
-69
72
25
-36
-10
-79
108
127
-36
43
32
4
27
-13
-1
-18
-101
-116
-68
-57
-97
-112
-15
53
30
35
-2
-39
-22
-30
-34
-48
-64
-1
0
-52
-40
-22
-11
0
-10
-82
-48
25
11
37
78
44
-61
-40
7
-26
21
20
-2
2
23
29
-33
-57
-59
-18
7
-27
-38
-2
46
86
84
53
85
80
61
19
-8
55
3
-8
-8
-26
21
25
36
-1
0
-20
-77
-42
50
175
109
-70
-70
10
60
40
45
18
-19
-27
-28
49
30
29
39
3
5
35
58
-13
-75
-72
-44
34
29
-44
7
61
18
-15
-59
-9
35
-36
10
16
-15
36
24
29
33
14
33
40
21
8
0
-45
-52
17
11
-48
-65
-102
-128
-28
12
-51
26
14
30
131
61
4
-10
1
-41
-10
47
18
48
21
55
51
-1
12
6
6
3
14
33
33
-22
-1
55
64
73
34
78
102
22
57
52
-11
36
34
-7
-17
-22
-11
-22
-8
8
-15
24
30
-23
-40
2
78
51
-49
-27
56
42
-38
-56
-36
-75
-75
-72
-54
1
34
-13
-34
-8
-90
-40
53
-42
-53
-2
-53
-68
-79
-62
-22
-10
-11
-43
-36
-7
13
-37
-55
-11
18
55
-13
-12
45
-9
12
18
-50
-26
-87
-70
60
23
37
76
42
36
25
-8
-37
3
9
11
44
-61
-56
32
28
65
84
71
-31
-67
7
21
-7
-34
-37
-65
-43
-7
27
64
-14
-26
0
31
53
-43
-17
32
6
34
50
12
26
40
34
43
-10
-10
-12
-54
-34
14
18
-10
37
29
34
21
-37
40
38
24
10
-34
-12
25
37
-12
23
64
60
67
96
64
-25
0
-18
-49
-22
-18
-10
-30
16
23
-95
-72
6
-38
-59
-31
-77
-87
-40
14
33
17
70
72
50
-63
-121
-34
32
26
-14
20
2
-33
-26
-27
-6
56
78
34
-8
-6
35
-57
-80
12
-16
0
19
22
23
-16
-53
-69
-29
69
42
-29
4
17
49
-30
-42
80
34
5
-24
-27
25
-13
0
-4
-54
-38
-9
-31
-24
53
41
18
115
67
-23
11
15
29
47
13
-28
-12
-19
37
99
26
1
-20
4
45
0
-87
-125
22
84
24
49
29
-61
-49
55
41
-40
-14
-14
-31
1
-88
-94
25
59
54
74
143
58
-32
-68
-64
10
-57
50
93
-38
-34
-31
-28
-72
-42
-25
-81
-49
10
16
20
42
6
-36
-39
-13
8
16
-29
-13
-36
-73
67
53
-14
-29
-17
-23
-76
-19
-22
46
39
-41
92
114
32
57
-31
-136
-36
-53
-125
-90
-97
-44
-15
-1
58
-11
19
76
-10
-20
2
-6
44
0
-69
20
11
13
71
-44
-64
4
-51
-63
-43
-44
35
85
70
20
16
78
31
-15
-50
-95
-2
17
-20
2
27
9
-2
41
0
18
15
-39
44
23
24
72
26
27
60
93
48
-24
-116
-146
-8
-16
-10
85
10
-26
-14
3
47
57
15
-14
48
79
6
-9
12
31
19
-44
11
35
12
15
40
93
22
-43
-16
22
61
60
17
12
-16
-96
-26
54
-9
-79
-55
-45
-83
-30
-10
-39
-28
-84
-43
70
-19
8
83
60
85
26
-35
-26
8
38
15
-66
-112
-118
-100
-84
-73
41
27
-55
21
9
-28
-15
20
42
19
32
-6
-36
-35
-32
-30
-23
-15
-35
-29
-40
7
54
9
14
-27
-47
26
110
78
-31
-16
-13
-47
-79
-57
-68
-67
-63
-89
29
35
-30
22
41
41
28
56
49
-57
-5
88
61
67
11
-44
-7
-46
-108
-80
-70
-96
-49
-23
2
-14
62
129
50
160
143
97
42
-58
-22
-9
-4
-70
8
50
-15
-3
-18
-20
-10
68
32
30
57
-40
44
34
-101
-65
37
95
73
72
6
-24
11
-2
26
14
-4
78
118
92
66
-11
-1
-23
-98
-73
-51
-5
0
22
-6
-120
-61
-41
-70
40
38
38
106
71
-12
-20
45
34
27
87
78
9
-43
-110
-42
-10
-78
2
13
-24
0
-64
-82
-13
11
51
45
2
10
-9
-62
-36
-4
-21
-62
-66
37
19
-40
-16
-12
31
-40
-128
-8
55
23
24
7
-43
20
104
16
-48
-73
-61
20
55
-8
-50
-68
-95
14
-4
-53
44
0
-7
37
-6
-19
-31
7
49
20
-40
25
143
24
-6
48
-13
20
-6
-107
-79
26
101
75
26
75
31
-55
-33
-2
66
31
-65
-82
-30
-5
-13
13
12
44
61
48
19
-1
57
96
47
-33
2
-10
-88
-30
30
106
140
40
31
52
13
-74
-93
-3
56
66
45
75
11
-17
51
-28
-86
-107
-40
-45
-139
-45
-69
-45
23
34
137
77
34
11
-56
12
-7
-27
-33
-89
-34
-85
-151
-51
30
74
41
-21
19
-12
-51
-68
-110
3
62
84
79
57
68
24
27
-7
-30
-13
-33
-35
-12
14
-2
-15
11
-36
1
124
121
53
-62
-87
-72
-86
-43
-32
-47
21
73
42
11
-57
-22
-3
-53
-24
-20
-33
-64
-10
41
6
-60
-68
0
3
26
-33
-4
69
-12
-18
-47
-54
-44
-69
73
195
136
48
5
-7
-95
-105
55
55
20
77
7
-33
5
104
110
-22
-33
-29
-19
-41
-76
-17
55
126
66
12
49
96
102
45
0
-23
44
12
-30
30
5
67
102
122
106
16
63
36
-34
-41
-46
-82
-48
-4
27
121
85
97
103
56
135
106
-16
-192
-233
-190
-171
-26
2
0
-13
2
80
44
27
-18
-134
-166
-93
-41
-77
-138
-47
79
78
34
2
0
-39
-59
-86
-66
-131
-266
-74
49
60
149
92
66
43
0
18
-37
-76
-52
-34
-7
-20
-44
-61
7
123
66
31
49
-52
-105
-121
-62
-11
-48
-48
-29
29
77
81
61
-3
34
-1
-70
-77
-128
3
26
-51
16
63
75
11
-28
-6
3
36
3
-11
-19
-62
-30
-30
34
132
68
44
78
27
46
42
-54
45
46
-23
74
72
114
138
47
-19
-90
-54
-15
-53
-44
-25
-29
10
29
-23
24
46
12
32
61
115
22
-47
-35
-42
19
26
21
35
35
-33
0
116
52
26
-49
-80
8
-79
-74
18
50
173
192
28
-61
-72
-44
3
0
21
2
-1
-5
-93
-82
-58
-31
-8
-17
46
69
56
-13
-44
7
-5
2
-36
-97
-81
-59
-54
-23
21
-5
-26
4
14
-24
-58
-37
14
65
54
-35
-37
-46
-74
-26
-20
10
17
-62
-55
2
-58
-51
-89
-83
98
67
41
14
-47
-26
45
62
-32
42
67
-71
-82
43
0
-81
-19
-31
7
0
-36
-32
-59
-7
63
30
-54
0
-12
-19
-11
-84
-45
-6
86
188
117
51
28
-56
-72
-61
-57
-2
75
68
-4
78
52
-59
-26
20
65
14
-39
-40
-54
-94
-104
-20
-43
39
143
37
-7
-53
-25
47
72
20
-116
-81
-86
-5
109
55
94
87
91
144
72
42
39
-88
-52
42
-86
-42
111
34
-42
6
56
67
-2
-37
33
38
6
-55
-61
-48
-81
-55
-77
-28
114
167
115
35
8
-24
-93
-129
11
63
-22
29
28
78
114
70
124
127
14
-85
-134
-120
-89
-116
-10
53
53
108
137
153
35
-23
-46
-110
-142
-194
-93
28
-81
-97
61
107
171
207
63
-30
6
-61
-106
-68
-117
-131
-139
-89
28
84
100
145
208
158
45
24
11
-66
-131
-168
-130
21
72
51
90
45
-11
-29
-51
-63
-74
-6
18
-12
-30
-69
62
63
-82
39
75
15
-56
-216
-148
-34
-71
-35
-10
-30
26
124
126
74
135
48
-47
-37
-182
-117
10
-49
-34
1
39
95
107
55
95
88
-6
2
-45
-103
-155
-209
-149
-62
-76
-66
-21
-2
74
83
75
121
150
76
21
41
-61
-86
-79
-107
-78
-118
-152
-59
92
189
219
160
191
197
132
75
-54
-86
-142
-152
-133
-141
-84
18
166
137
80
232
268
182
86
-79
-160
-154
-186
-155
-95
-86
0
78
185
192
128
155
51
-67
-168
-217
-135
-107
-45
14
53
116
157
188
32
-45
-37
-82
-111
-237
-225
-211
-151
2
133
282
209
184
215
111
-22
-186
-288
-336
-317
-208
-73
50
137
253
341
363
203
73
52
-143
-262
-288
-318
-309
-255
-106
19
123
232
352
327
275
296
66
-106
-150
-301
-303
-257
-159
-13
46
188
249
322
332
210
118
-30
-99
-177
-196
-256
-265
-133
-75
147
217
173
228
108
28
-47
-119
-139
-111
-66
-45
58
43
25
126
220
209
104
44
-30
-160
-208
-247
-246
-73
-12
72
185
198
217
151
144
50
-91
-121
-211
-297
-280
-255
-183
-77
-55
113
301
342
275
178
117
-118
-166
-131
-238
-231
-217
-142
-102
-25
129
189
246
241
177
65
-65
-109
-226
-313
-244
-128
-24
-59
56
196
150
176
165
88
27
6
-38
-179
-260
-178
-71
15
83
103
144
139
99
95
125
113
-39
-117
-150
-210
-128
-53
-19
55
131
164
179
110
41
-2
-23
-33
-91
-106
-72
-11
19
19
16
58
122
133
58
-54
-54
-75
-101
-65
-84
-24
11
46
143
107
84
108
83
-1
-141
-183
-140
-96
-97
-73
27
111
182
140
110
148
79
47
-37
-159
-153
-173
-199
-139
-47
41
98
113
180
213
238
179
63
3
-137
-168
-183
-190
-81
-91
-102
-7
36
35
89
135
96
37
45
31
-11
-54
-36
35
-2
-91
-146
-114
-97
-62
-1
31
57
45
67
106
108
5
37
100
-19
-66
-112
-145
-147
-241
-158
24
118
197
188
151
225
175
47
58
-61
-117
-150
-278
-219
-195
-105
18
46
150
161
214
263
131
91
42
-45
-99
-207
-241
-194
-100
53
77
108
116
52
0
-89
-88
-119
-105
-66
-115
-71
-16
69
101
93
87
-40
-67
-67
-95
-85
-43
23
14
40
125
203
168
204
206
64
5
-51
-131
-214
-292
-216
-40
78
175
179
264
274
179
276
196
47
-36
-140
-102
-124
-215
-181
-107
-68
27
87
139
203
181
131
51
44
-42
-109
-28
-97
-126
-128
-166
-71
-21
-18
-11
37
57
-6
0
-17
-30
-17
10
26
-5
-24
-28
-30
-37
23
4
-40
47
50
8
31
61
124
110
73
58
9
57
-7
-139
-76
-31
-58
-42
-3
29
26
56
138
176
163
82
1
-98
-126
-60
-114
-111
-67
-5
85
59
82
117
44
-42
-61
-60
-57
-69
-145
-155
-152
-91
54
92
80
95
148
137
4
-75
-124
-196
-233
-180
-207
-185
-60
-65
52
128
115
151
51
-22
-40
-99
-110
-90
-148
-198
-184
-192
-119
40
122
134
73
43
52
21
-33
-116
-65
-16
-107
-149
-141
-68
60
90
68
71
61
26
-19
-72
-94
-77
-59
-51
-10
43
40
14
6
63
85
33
-68
-138
-113
-175
-98
14
18
98
117
185
166
123
208
189
132
98
17
-77
-96
-27
51
124
263
308
291
275
266
278
192
137
73
-53
-94
-65
-89
-1
102
100
192
193
119
161
138
66
-7
-71
-39
-56
-60
-55
-84
-37
-13
47
103
45
-6
-1
12
47
51
64
83
-21
-19
23
36
108
103
188
193
77
38
36
77
61
65
107
98
61
5
31
-4
-128
-242
-345
-407
-490
-521
-499
-474
-484
-484
-399
-461
-565
-574
-604
-648
-679
-665
-692
-667
-599
-548
-485
-429
-316
-192
-68
50
132
119
151
224
190
183
164
136
201
248
198
242
358
380
397
449
444
381
341
338
392
359
207
197
227
214
245
258
290
317
330
433
464
482
524
458
468
503
454
400
453
522
464
428
394
395
405
309
248
287
314
228
253
404
483
487
511
534
442
366
388
327
191
232
258
240
334
452
525
523
659
768
714
696
645
508
304
166
63
-23
-17
-86
-164
-173
-128
-107
-183
-307
-512
-852
-1186
-1480
-1885
-2197
-2436
-2621
-2561
-2456
-2343
-2151
-1929
-1756
-1724
-1663
-1663
-1781
-1831
-1902
-1954
-1881
-1722
-1443
-1027
-579
-82
425
802
1096
1312
1392
1296
1114
795
579
466
274
209
149
182
378
686
931
1076
1213
1156
1025
940
731
341
113
-100
-348
-425
-438
-302
-139
120
441
714
970
1049
1089
1064
916
818
642
327
39
-146
-300
-421
-421
-328
-152
67
326
566
776
972
1038
1057
984
929
894
728
631
496
274
274
474
622
774
995
1248
1439
1572
1602
1522
1416
1195
860
555
357
116
-49
-177
-277
-181
-129
-58
98
266
432
394
338
339
255
72
-209
-259
-182
-103
24
100
377
621
803
1023
1138
1235
1175
1104
1100
932
737
633
521
439
428
413
487
503
440
408
182
-203
-694
-1220
-1711
-2197
-2726
-3182
-3473
-3696
-3768
-3764
-3692
-3526
-3345
-3186
-3248
-3359
-3376
-3500
-3692
-3803
-3832
-3788
-3474
-3029
-2500
-1802
-1144
-486
157
656
1069
1221
1131
966
723
444
136
-12
-19
9
294
636
953
1411
1793
2039
2073
1990
1862
1613
1273
849
530
309
202
254
432
655
940
1390
1811
2052
2216
2381
2345
2081
1795
1394
971
559
240
49
-182
-248
-161
55
340
543
682
872
1033
988
989
907
791
764
570
475
481
499
634
829
1076
1321
1574
1845
2042
2081
2117
2127
2038
1873
1660
1555
1316
998
867
713
663
659
568
531
535
572
454
327
354
272
92
-24
-41
6
85
241
371
514
650
773
893
839
781
747
580
430
410
343
249
216
259
283
284
425
448
246
-19
-470
-1044
-1781
-2643
-3313
-4047
-4697
-5123
-5503
-5645
-5628
-5493
-5348
-5153
-4834
-4706
-4703
-4783
-4940
-4996
-5049
-5091
-5046
-4807
-4292
-3653
-2820
-1844
-983
-155
653
1328
1743
1815
1714
1519
1150
749
396
125
65
23
155
472
754
1223
1709
2019
2114
2032
1909
1707
1442
1079
716
553
514
533
745
1184
1682
2228
2738
3182
3620
3906
3999
3910
3691
3290
2762
2202
1679
1276
917
648
570
685
850
1070
1331
1573
1782
1914
2020
2024
1855
1656
1417
1122
877
747
720
811
1036
1280
1589
1932
2225
2362
2356
2258
1915
1498
1088
618
89
-369
-714
-1034
-1132
-1160
-1082
-830
-639
-400
-131
0
-1
57
65
-37
-38
-83
-55
72
162
359
575
759
1033
1283
1444
1516
1387
1243
1130
891
632
278
-101
-291
-461
-619
-626
-590
-636
-665
-693
-858
-1070
-1410
-1933
-2558
-3355
-4125
-4784
-5401
-5976
-6474
-6725
-6763
-6734
-6535
-6257
-5965
-5573
-5381
-5215
-5143
-5114
-4876
-4852
-4788
-4526
-4138
-3448
-2611
-1703
-727
278
1213
2089
2748
3047
3223
3204
2965
2565
2098
1662
1264
1044
922
843
960
1195
1461
1798
2023
2130
2225
2169
1924
1639
1350
1044
901
849
879
1091
1379
1808
2363
2902
3383
3819
4111
4240
4260
4104
3747
3266
2756
2185
1598
1110
730
541
495
513
669
891
1182
1559
1823
1960
1971
1922
1812
1634
1414
1016
794
717
650
756
880
1111
1434
1779
2058
2198
2262
2165
1951
1564
1054
474
-150
-688
-1255
-1743
-2005
-2101
-1930
-1574
-1218
-803
-366
64
442
757
966
983
923
747
527
299
23
-102
-174
-154
-47
89
349
522
702
801
798
706
343
63
-362
-934
-1322
-1650
-1822
-1968
-2031
-1805
-1475
-1209
-978
-796
-810
-1178
-1796
-2463
-3328
-4224
-5130
-6144
-6935
-7334
-7539
-7635
-7394
-6991
-6516
-6097
-5752
-5406
-5332
-5306
-5263
-5344
-5358
-5159
-4724
-3983
-2950
-1822
-613
740
2070
3214
4057
4551
4679
4438
3972
3195
2344
1635
960
511
362
401
655
1308
2053
2702
3264
3628
3913
3943
3719
3323
2824
2405
2013
1711
1547
1588
1916
2482
3149
3729
4293
4800
5133
5251
5005
4551
3922
3141
2407
1556
747
199
-149
-265
-193
47
376
790
1312
1921
2218
2241
2227
1976
1687
1223
702
311
-65
-195
-215
-127
290
846
1416
1857
2148
2360
2301
1984
1516
856
24
-771
-1482
-2059
-2469
-2623
-2493
-2169
-1620
-1136
-597
-10
402
733
814
791
697
466
234
-68
-363
-568
-668
-581
-503
-395
-186
-73
67
164
180
180
-21
-350
-640
-962
-1349
-1726
-2063
-2320
-2415
-2408
-2256
-1895
-1474
-993
-504
-79
264
394
167
-437
-1347
-2464
-3573
-4734
-5943
-7039
-7942
-8410
-8380
-8074
-7604
-6889
-6133
-5492
-4967
-4713
-4590
-4545
-4629
-4812
-4922
-4692
-4090
-3088
-1861
-427
1124
2621
4125
5350
6115
6379
6096
5493
4687
3607
2495
1623
1074
823
836
1224
1820
2592
3525
4263
4660
4814
4782
4522
4048
3371
2590
1943
1569
1394
1309
1424
1898
2585
3294
3965
4555
4996
5314
5432
5147
4594
3860
3026
2160
1214
322
-390
-839
-943
-846
-607
-120
483
1064
1606
2002
2110
1949
1614
1081
372
-503
-1259
-1743
-1958
-1907
-1688
-1137
-422
400
1337
1956
2188
2318
2177
1668
813
-204
-1162
-2011
-2605
-3095
-3295
-3149
-2804
-2145
-1402
-821
-270
240
568
668
534
307
-14
-299
-482
-701
-840
-883
-831
-626
-376
-128
-19
97
378
361
219
174
-94
-399
-693
-1040
-1350
-1673
-1857
-1929
-1896
-1724
-1451
-1029
-550
-111
184
413
469
149
-420
-1393
-2572
-3578
-4585
-5745
-6797
-7458
-7739
-7625
-7244
-6624
-5920
-5205
-4434
-3912
-3694
-3662
-3729
-3870
-4062
-4185
-4025
-3375
-2368
-1281
5
1469
2829
4173
5224
5701
5695
5245
4563
3758
2784
1740
1003
579
503
755
1205
1998
2929
3988
4744
5022
5220
5198
4989
4427
3713
3093
2461
2059
1846
1836
2053
2457
3047
3785
4378
4792
5212
5337
5263
4989
4252
3332
2350
1376
525
-396
-1142
-1503
-1483
-1205
-834
-165
574
1271
1944
2260
2294
1996
1307
468
-520
-1580
-2453
-2985
-3216
-3072
-2661
-1977
-933
171
1105
1633
1973
2002
1520
798
-218
-1316
-2365
-3277
-3825
-3995
-3831
-3349
-2565
-1682
-740
74
737
1285
1417
1234
887
395
-116
-610
-1010
-1268
-1392
-1375
-1167
-791
-538
-307
-93
21
106
-20
-229
-466
-825
-1127
-1318
-1566
-1828
-2003
-2107
-1987
-1854
-1719
-1299
-890
-425
189
667
969
1198
1376
1278
947
318
-701
-1794
-2836
-3779
-4565
-5286
-5832
-5992
-5748
-5311
-4772
-4113
-3548
-3123
-3010
-3127
-3337
-3650
-3896
-4156
-4311
-4098
-3444
-2304
-954
380
1855
3247
4434
5368
5777
5687
5147
4363
3463
2406
1495
800
430
504
822
1270
1990
3046
4004
4585
4907
4908
4630
4277
3669
2802
1963
1265
812
604
607
876
1416
2217
3093
3841
4536
5115
5466
5507
5033
4243
3305
2229
1057
-204
-1277
-2076
-2470
-2379
-2080
-1593
-834
26
822
1435
1726
1720
1319
662
-194
-1345
-2417
-3194
-3621
-3677
-3459
-3062
-2241
-874
390
1359
2033
2286
2334
2001
1262
326
-734
-1700
-2500
-3197
-3613
-3589
-3302
-2647
-1856
-1272
-692
-92
426
567
373
45
-354
-688
-940
-1161
-1315
-1260
-1010
-592
-245
48
377
527
642
600
364
106
-112
-319
-553
-764
-932
-872
-634
-464
-402
-337
-216
27
199
250
333
458
692
962
1129
1184
1231
1153
838
232
-476
-1063
-1677
-2366
-3204
-3984
-4470
-4658
-4602
-4535
-4476
-4382
-4244
-4126
-4137
-4201
-4203
-4098
-3994
-3949
-3651
-2905
-1914
-750
416
1455
2433
3433
4334
4730
4666
4232
3649
3096
2445
1839
1393
1180
1296
1542
1765
2249
2897
3435
3801
3758
3455
3075
2662
2146
1419
722
182
-48
57
315
670
1303
2172
2994
3794
4373
4686
4865
4739
4200
3293
2256
1204
287
-660
-1657
-2257
-2552
-2383
-1774
-1191
-562
129
820
1340
1435
1154
560
-270
-1220
-2289
-3235
-3923
-4209
-3984
-3657
-3048
-1992
-638
793
1809
2520
2899
2846
2574
1860
810
-338
-1520
-2396
-3029
-3421
-3431
-3098
-2393
-1591
-850
-56
630
1164
1455
1313
942
512
127
-139
-428
-715
-768
-498
-96
313
709
1115
1514
1721
1678
1480
1186
907
660
221
-218
-625
-912
-877
-793
-800
-848
-791
-554
-269
-145
-7
248
484
774
952
1089
1384
1651
1650
1353
755
98
-343
-960
-1773
-2761
-3775
-4423
-4844
-5180
-5496
-5599
-5474
-5234
-4945
-4763
-4510
-4101
-3807
-3677
-3532
-3297
-2792
-2006
-1233
-483
290
1194
2338
3330
3934
4247
4292
4300
4177
3831
3387
2798
2352
2143
1940
1712
1659
1878
2140
2155
1896
1724
1703
1530
1304
862
337
211
229
383
658
987
1529
2133
2806
3417
3823
4091
4202
4064
3655
3019
2285
1680
968
29
-789
-1333
-1626
-1548
-1278
-1188
-1009
-596
-111
350
443
234
-62
-451
-886
-1474
-2088
-2504
-2689
-2569
-2447
-2133
-1383
-540
367
1110
1570
1891
2095
2074
1688
896
-152
-1038
-1766
-2418
-2952
-3291
-3295
-2935
-2219
-1453
-670
179
835
1306
1548
1433
1244
1030
650
192
-305
-677
-667
-328
6
355
706
984
1460
1787
1827
1719
1439
1140
746
196
-488
-915
-1026
-1161
-1308
-1455
-1413
-1088
-655
-299
-35
185
608
1195
1549
1913
2253
2452
2737
2769
2364
1626
840
192
-658
-1761
-2929
-3898
-4457
-4896
-5216
-5354
-5275
-4852
-4469
-4284
-4236
-4218
-4160
-4134
-4268
-4602
-4616
-4148
-3547
-2810
-1894
-790
584
1977
3178
4123
4596
4787
4811
4434
3776
2916
1959
1184
620
126
-264
-370
-145
282
633
836
1083
1435
1713
1750
1501
1200
1011
962
941
803
909
1335
2034
2789
3323
3931
4428
4783
4957
4763
4336
3681
3007
2131
1016
-23
-861
-1374
-1733
-2019
-2189
-2098
-1655
-1210
-835
-637
-599
-472
-534
-745
-1154
-1666
-1810
-1878
-1960
-1884
-1607
-979
-138
634
1313
1890
2349
2780
2829
2318
1614
817
-20
-825
-1729
-2454
-2848
-3042
-2969
-2689
-2147
-1427
-625
139
566
797
1001
1061
1004
737
241
-130
-301
-362
-246
29
365
773
1277
1733
2025
2171
2169
1940
1435
790
190
-459
-1019
-1439
-1909
-2253
-2407
-2269
-1843
-1482
-1171
-755
-260
311
843
1281
1647
1989
2399
2671
2796
2801
2611
2237
1570
725
-80
-901
-1779
-2685
-3629
-4321
-4771
-5080
-5171
-5228
-5167
-5039
-5042
-5136
-5186
-5185
-5169
-5197
-5200
-5024
-4545
-3648
-2594
-1429
-136
1136
2503
3740
4610
5119
5227
5081
4650
3940
3003
2056
1295
604
61
-318
-460
-304
14
386
615
853
1157
1347
1460
1355
1161
1081
1073
1229
1542
1799
2086
2584
3101
3636
4071
4315
4505
4551
4317
3861
3335
2737
2053
1334
563
-294
-859
-1165
-1529
-1793
-1973
-1997
-1894
-1771
-1559
-1306
-1068
-868
-645
-436
-314
-154
-39
-22
-6
2
165
370
601
964
1194
1293
1356
1345
1270
1175
836
268
-319
-966
-1503
-2005
-2471
-2728
-2765
-2603
-2287
-1909
-1450
-882
-303
136
347
490
601
628
599
438
228
204
304
443
639
798
938
1081
1170
1112
929
688
319
-226
-761
-1187
-1584
-1807
-1900
-2004
-1998
-1780
-1345
-752
-171
334
782
1304
1956
2494
2852
3024
3068
3132
3095
2844
2289
1520
807
54
-732
-1547
-2458
-3225
-3799
-4294
-4798
-5187
-5268
-5287
-5404
-5575
-5849
-5932
-5880
-5836
-5782
-5719
-5278
-4436
-3423
-2395
-1252
16
1369
2612
3586
4266
4577
4651
4408
3857
3074
2180
1447
928
343
-143
-307
-217
204
653
1008
1338
1632
1948
2076
1943
1655
1412
1299
1167
1126
1196
1426
1934
2525
3063
3568
4045
4421
4657
4640
4256
3635
3055
2496
1632
684
-85
-763
-1231
-1558
-1847
-1959
-1834
-1514
-1152
-830
-487
-148
150
343
392
345
195
109
48
-143
-377
-421
-252
43
344
580
866
1132
1330
1384
1292
1057
635
107
-537
-1291
-2067
-2628
-3037
-3330
-3340
-3248
-2832
-2196
-1661
-1060
-635
-284
114
280
246
138
-11
-241
-436
-506
-443
-292
-21
254
498
775
1042
1273
1360
1208
817
419
-11
-461
-822
-1177
-1482
-1559
-1413
-1139
-784
-344
183
701
1186
1631
2092
2530
2914
3216
3328
3385
3450
3416
3225
2778
2079
1384
658
-209
-1084
-2040
-3048
-3808
-4392
-4945
-5395
-5716
-5908
-6008
-6065
-6261
-6426
-6356
-6278
-6125
-5857
-5455
-4691
-3693
-2658
-1484
-292
901
2109
3125
3895
4283
4384
4295
3910
3272
2583
1912
1292
852
509
310
340
628
1069
1473
1742
1897
2157
2344
2347
2161
1917
1742
1491
1429
1365
1345
1674
2031
2462
2828
3112
3573
3830
3860
3756
3266
2704
2109
1343
588
-259
-1056
-1542
-1842
-2068
-2095
-1872
-1524
-1083
-635
-205
121
375
658
745
638
469
415
422
268
103
43
127
323
573
875
1152
1320
1408
1378
1281
1015
592
140
-547
-1278
-1994
-2690
-3183
-3533
-3769
-3861
-3811
-3554
-3060
-2535
-2077
-1669
-1273
-1000
-805
-660
-711
-672
-601
-602
-552
-435
-97
344
736
1184
1510
1683
1892
1933
1708
1395
977
545
116
-255
-443
-588
-622
-452
-100
296
789
1349
1799
2299
2672
2881
3058
3176
3342
3400
3299
3169
3035
2889
2670
2324
1800
1048
296
-374
-1168
-2103
-3208
-4251
-5101
-5795
-6378
-6913
-7228
-7338
-7285
-7206
-7015
-6577
-5996
-5404
-4829
-4211
-3568
-2634
-1619
-692
274
1086
1860
2614
3128
3490
3684
3644
3447
3105
2761
2418
2044
1831
1669
1497
1409
1320
1345
1433
1433
1325
1139
1104
1039
892
727
577
645
883
1203
1450
1634
1959
2378
2655
2830
2828
2672
2538
2350
2111
1728
1340
994
666
389
55
-143
-246
-272
-308
-466
-569
-556
-405
-192
-97
-114
-92
68
278
361
397
334
323
459
451
384
373
416
574
674
640
600
625
615
464
158
-298
-760
-1248
-1736
-2256
-2815
-3242
-3540
-3720
-3782
-3716
-3522
-3171
-2743
-2378
-2050
-1661
-1198
-683
-317
-91
159
471
901
1258
1572
1846
2028
2232
2283
2300
2184
1952
1849
1627
1290
868
527
404
248
163
157
205
426
559
700
827
948
1196
1440
1668
1838
2051
2312
2584
2813
2975
2996
2911
2814
2470
1943
1249
361
-436
-1297
-2276
-3234
-4238
-5076
-5744
-6369
-6844
-7144
-7244
-7178
-7044
-6814
-6494
-6195
-5730
-5114
-4617
-4009
-3255
-2419
-1527
-649
240
1144
2029
2736
3317
3701
3999
4174
4157
4066
3714
3320
3007
2663
2250
1850
1582
1377
1189
1061
986
846
813
796
663
556
480
442
469
547
656
757
939
1263
1592
1904
2191
2494
2678
2783
2809
2686
2542
2206
1733
1168
623
235
-196
-567
-804
-982
-1011
-930
-853
-670
-425
-258
-77
161
293
220
151
134
80
84
68
75
89
134
285
408
507
512
463
436
249
-94
-475
-934
-1438
-1954
-2451
-2993
-3507
-3839
-4108
-4168
-4045
-3893
-3549
-3062
-2469
-1854
-1230
-628
-81
508
889
1221
1490
1618
1872
1975
1971
2101
2240
2316
2397
2431
2382
2271
2119
1926
1614
1294
979
645
350
147
73
-24
87
281
436
768
1022
1277
1586
1806
2021
2210
2323
2453
2473
2403
2356
2195
2028
1783
1293
648
-157
-990
-1824
-2800
-3763
-4658
-5528
-6182
-6614
-6937
-7108
-7062
-6841
-6605
-6332
-6019
-5619
-5069
-4529
-4035
-3611
-3040
-2188
-1244
-240
694
1667
2690
3548
4255
4710
4903
4954
4705
4228
3707
2961
2312
1871
1484
1259
1021
909
1108
1400
1392
1303
1318
1310
1260
929
562
332
126
15
-10
106
433
953
1609
2144
2488
2810
3130
3266
3185
2937
2421
1829
1302
739
151
-419
-805
-1024
-1165
-1227
-1275
-1091
-816
-558
-252
-214
-158
-22
-63
-73
-140
-210
-129
-160
-149
-9
63
245
473
608
625
546
509
389
83
-326
-781
-1316
-1827
-2192
-2600
-3082
-3392
-3612
-3688
-3536
-3346
-3102
-2725
-2236
-1765
-1256
-679
-178
262
694
1005
1209
1537
1817
2019
2229
2337
2512
2596
2633
2771
2710
2468
2227
2034
1734
1307
894
576
378
184
67
71
117
238
461
703
872
1080
1282
1475
1606
1526
1505
1466
1432
1520
1481
1444
1418
1272
1134
868
308
-341
-1119
-1941
-2683
-3558
-4443
-5210
-5797
-6192
-6414
-6566
-6562
-6298
-6002
-5803
-5648
-5275
-4871
-4520
-4077
-3616
-2992
-2121
-1116
-50
1036
2046
2993
3830
4450
4839
4860
4632
4226
3630
2981
2280
1673
1264
1067
995
876
918
1202
1468
1537
1479
1286
976
695
272
-159
-454
-724
-727
-454
4
564
1188
1887
2527
3053
3356
3461
3427
3127
2536
1925
1359
793
307
-106
-405
-657
-628
-345
-195
-27
57
150
307
276
197
76
-110
-205
-222
-315
-330
-217
-58
220
490
745
921
983
1091
999
736
404
49
-294
-760
-1143
-1532
-1951
-2230
-2389
-2533
-2746
-2813
-2853
-2871
-2732
-2637
-2519
-2313
-1995
-1593
-1260
-781
-193
295
839
1313
1703
2051
2336
2555
2580
2523
2416
2289
2173
1920
1655
1412
1173
1056
856
630
483
282
217
198
110
118
31
32
166
110
168
267
347
471
505
618
764
853
1019
1214
1300
1387
1353
1189
955
464
-120
-768
-1510
-2178
-2833
-3586
-4270
-4790
-5256
-5500
-5611
-5664
-5563
-5533
-5576
-5582
-5398
-5111
-4777
-4336
-3778
-2989
-2067
-996
259
1411
2407
3307
4001
4465
4619
4486
4097
3540
2933
2283
1796
1568
1458
1511
1697
1827
2016
2245
2273
2179
1876
1397
910
329
-196
-660
-914
-890
-693
-223
370
1028
1746
2322
2650
2874
2898
2573
2170
1740
1238
805
459
57
-71
-8
27
229
248
250
197
-4
-152
-393
-608
-865
-1038
-947
-761
-471
-91
293
695
1024
1238
1407
1387
1227
966
515
110
-199
-468
-693
-867
-890
-787
-796
-890
-989
-1280
-1638
-1987
-2403
-2816
-3138
-3320
-3340
-3243
-3038
-2519
-1842
-1163
-405
247
783
1194
1576
1931
2050
2076
2113
2101
2129
2217
2282
2258
2156
2056
1910
1692
1383
1076
820
515
306
80
-116
-9
90
82
212
372
505
584
620
708
703
703
817
893
922
966
1075
1186
1192
1083
747
282
-213
-812
-1421
-2109
-2757
-3322
-3876
-4226
-4560
-4895
-5076
-5107
-5203
-5437
-5591
-5670
-5617
-5501
-5287
-4903
-4230
-3192
-2072
-891
314
1514
2522
3234
3758
3866
3797
3550
3062
2579
2009
1649
1501
1521
1835
2209
2551
2777
2915
2886
2546
1990
1325
712
105
-453
-721
-704
-399
147
900
1748
2365
2834
3161
3138
2912
2449
1739
1042
428
-40
-281
-157
96
391
878
1221
1423
1430
1118
714
128
-645
-1312
-1813
-2081
-2044
-1834
-1327
-546
214
821
1286
1547
1494
1238
907
403
-134
-482
-785
-871
-699
-404
1
359
670
810
721
323
-349
-1038
-1733
-2414
-2927
-3307
-3416
-3207
-2856
-2324
-1679
-1132
-649
-257
-79
-53
-113
-116
-43
31
281
740
1192
1665
2116
2453
2692
2645
2378
2014
1602
1124
593
277
179
119
201
482
797
1032
1122
1222
1147
955
789
475
247
201
306
456
705
1077
1407
1474
1390
1232
591
-229
-1028
-1840
-2468
-3075
-3586
-3749
-3652
-3353
-3086
-2976
-2861
-2907
-3226
-3802
-4517
-5202
-5653
-5764
-5699
-5254
-4382
-3235
-1817
-382
922
1962
2678
3008
2889
2506
1958
1384
966
688
612
878
1413
2122
2828
3335
3533
3378
2910
2239
1406
447
-448
-1000
-1128
-972
-564
241
1186
2051
2877
3391
3606
3501
3050
2420
1705
990
392
144
246
506
814
1219
1650
1930
2017
1821
1320
600
-69
-698
-1362
-1705
-1729
-1555
-1169
-633
-28
501
921
1176
1186
955
653
292
-28
-151
-296
-296
-50
240
508
710
830
788
521
141
-280
-790
-1258
-1571
-1788
-1941
-1966
-1829
-1624
-1400
-1229
-1202
-1255
-1361
-1473
-1560
-1619
-1571
-1424
-1123
-657
-171
371
851
1267
1687
1811
1690
1603
1471
1258
1072
926
897
947
1020
1161
1215
1129
1004
847
620
305
-22
-253
-356
-299
-25
220
465
799
1024
1169
1031
644
156
-518
-1071
-1586
-2113
-2449
-2647
-2622
-2463
-2374
-2227
-2078
-2132
-2389
-2860
-3363
-3738
-4125
-4362
-4322
-4048
-3542
-2870
-2004
-1153
-443
173
560
694
611
386
135
-49
22
223
509
1028
1596
2186
2713
2936
2912
2733
2373
1846
1222
622
285
161
119
395
840
1314
1868
2136
2231
2266
2134
1906
1562
1322
1173
1135
1314
1527
1793
2090
2248
2268
2119
1741
1187
578
52
-383
-668
-758
-702
-420
-42
196
452
568
420
168
-289
-764
-1138
-1396
-1470
-1365
-1063
-581
-56
468
925
1158
1214
1006
684
362
-20
-299
-526
-517
-336
-200
104
375
529
558
346
110
-308
-773
-1047
-1388
-1486
-1314
-1161
-750
-245
118
453
637
621
492
278
-31
-254
-295
-198
61
329
718
1165
1382
1549
1584
1358
966
501
93
-323
-643
-741
-717
-609
-438
-252
-194
-417
-724
-1067
-1450
-1825
-2312
-2594
-2683
-2649
-2475
-2218
-1764
-1403
-1201
-1207
-1417
-1690
-2013
-2346
-2630
-2724
-2677
-2378
-1885
-1296
-728
-389
-136
-145
-369
-572
-1005
-1466
-1656
-1730
-1602
-1147
-556
200
1018
1634
2101
2287
2217
2113
1750
1224
961
848
934
1255
1571
2105
2718
3120
3296
3176
2889
2432
1797
1158
602
180
-18
36
293
634
1129
1519
1754
1814
1549
1275
830
364
-12
-348
-442
-429
-246
147
564
934
1193
1222
1072
861
559
190
-191
-531
-641
-563
-436
-227
108
449
605
715
773
670
467
182
-48
-284
-547
-628
-575
-439
-196
94
432
727
926
1109
1186
1176
1153
1001
755
595
536
452
394
382
384
413
383
356
311
75
-211
-438
-784
-1062
-1285
-1446
-1377
-1395
-1303
-1068
-954
-684
-554
-581
-621
-933
-1279
-1779
-2236
-2436
-2680
-2760
-2613
-2470
-2313
-2107
-1943
-1886
-1980
-2231
-2562
-2832
-3036
-3201
-3092
-2763
-2389
-1749
-1040
-455
137
498
595
544
334
36
-277
-500
-545
-473
-300
55
488
941
1294
1459
1485
1355
1123
863
554
281
114
100
370
761
1175
1647
1994
2231
2344
2289
2168
1846
1555
1440
1365
1364
1425
1627
1763
1822
1857
1692
1502
1231
869
551
163
0
-28
-61
84
246
513
761
870
874
793
684
541
465
380
307
417
587
719
1016
1295
1414
1455
1347
1246
1063
762
510
266
183
89
-47
-93
-6
141
129
184
168
134
209
92
33
134
181
280
332
377
564
713
855
905
902
794
450
160
-95
-397
-747
-1022
-1236
-1346
-1244
-1179
-1079
-980
-861
-793
-886
-1022
-1283
-1606
-2021
-2393
-2699
-2945
-2912
-2799
-2611
-2290
-2101
-1906
-1703
-1760
-1961
-2237
-2598
-2943
-3239
-3366
-3374
-3232
-2882
-2440
-1936
-1461
-1030
-804
-811
-890
-993
-1141
-1319
-1349
-1321
-1132
-742
-298
238
677
1104
1393
1393
1398
1337
1299
1296
1378
1603
1782
2010
2287
2531
2634
2522
2361
2156
1773
1460
1293
1156
1104
1210
1457
1711
1970
2204
2303
2219
1917
1540
1322
1087
827
737
799
1023
1266
1402
1529
1611
1551
1391
1134
763
397
161
-2
-54
48
209
421
676
850
1008
1187
1122
986
922
781
716
746
705
640
731
797
728
759
716
476
282
142
-36
-142
-155
-183
-172
-58
98
260
331
334
333
219
152
56
-144
-229
-270
-295
-433
-556
-476
-477
-564
-738
-950
-1075
-1339
-1678
-1947
-2146
-2308
-2499
-2569
-2579
-2601
-2600
-2619
-2625
-2654
-2668
-2733
-2779
-2728
-2803
-2796
-2709
-2675
-2561
-2474
-2391
-2221
-1988
-1857
-1748
-1685
-1616
-1537
-1659
-1657
-1611
-1698
-1653
-1515
-1409
-1187
-908
-759
-513
-224
-33
143
231
407
586
683
951
1159
1353
1652
1923
2186
2385
2614
2747
2757
2736
2594
2471
2337
2136
1954
1827
1756
1728
1761
1825
1909
1940
1989
1997
1942
1911
1824
1819
1697
1490
1467
1462
1485
1594
1709
1737
1810
1841
1688
1555
1374
1130
953
832
731
704
755
802
935
1035
1144
1192
1143
1114
904
712
553
417
308
161
230
371
460
616
752
875
882
729
645
492
276
80
-159
-271
-347
-432
-387
-349
-382
-398
-501
-765
-974
-1139
-1503
-1886
-2144
-2309
-2394
-2433
-2502
-2506
-2409
-2451
-2426
-2366
-2413
-2391
-2433
-2467
-2406
-2434
-2389
-2256
-2166
-2127
-2097
-2056
-2175
-2232
-2254
-2466
-2537
-2468
-2394
-2350
-2278
-2081
-1870
-1649
-1501
-1461
-1340
-1195
-1084
-936
-807
-637
-436
-188
189
396
519
655
702
802
798
715
626
603
617
627
727
798
1011
1246
1346
1479
1454
1458
1495
1342
1296
1227
1198
1344
1411
1617
1838
1891
2048
2182
2157
2080
1975
1928
1871
1740
1803
1982
2114
2330
2488
2535
2521
2387
2282
2151
1912
1697
1486
1303
1252
1262
1285
1444
1512
1514
1559
1424
1347
1259
1069
893
680
655
675
665
732
680
599
486
395
282
13
-123
-233
-421
-562
-648
-695
-746
-736
-856
-1050
-1102
-1170
-1272
-1403
-1556
-1612
-1640
-1778
-1856
-1782
-1821
-1917
-2002
-2063
-2127
-2185
-2164
-2209
-2244
-2226
-2196
-2223
-2146
-2007
-2020
-1925
-1841
-1944
-1993
-1932
-1893
-1755
-1657
-1693
-1665
-1620
-1658
-1628
-1500
-1523
-1521
-1446
-1362
-1310
-1250
-999
-848
-733
-520
-313
-74
127
245
301
384
382
415
494
451
516
584
578
644
736
752
736
750
748
756
742
651
605
622
678
765
857
1028
1213
1389
1527
1621
1729
1802
1771
1654
1623
1670
1685
1645
1654
1685
1736
1799
1764
1689
1612
1535
1521
1507
1430
1433
1445
1442
1505
1588
1599
1613
1629
1552
1449
1238
1030
987
973
861
829
921
1055
1188
1217
1218
1135
1028
932
696
439
242
125
21
-70
-70
-151
-233
-292
-450
-632
-819
-1056
-1291
-1485
-1662
-1751
-1835
-1917
-1853
-1757
-1742
-1779
-1836
-1873
-1945
-2041
-2113
-2134
-2141
-2066
-1986
-2057
-1968
-1894
-1918
-1877
-2003
-2165
-2210
-2239
-2217
-2104
-2015
-1883
-1755
-1622
-1421
-1314
-1165
-1057
-1086
-1014
-967
-945
-853
-778
-631
-496
-435
-342
-193
-123
-54
21
-39
1
44
80
184
233
231
258
433
458
513
646
598
683
701
732
821
816
966
1089
1172
1290
1314
1352
1359
1352
1386
1324
1365
1461
1514
1602
1652
1707
1763
1771
1757
1734
1601
1466
1422
1354
1278
1235
1217
1227
1269
1261
1287
1353
1240
1151
1136
1058
1023
982
975
962
943
962
946
1012
1089
1045
843
649
567
383
181
23
-115
-159
-229
-233
-213
-241
-263
-361
-412
-487
-652
-778
-808
-839
-937
-910
-872
-864
-870
-930
-946
-982
-1009
-1056
-1027
-1096
-1225
-1183
-1238
-1341
-1379
-1388
-1429
-1439
-1502
-1657
-1671
-1629
-1596
-1560
-1589
-1534
-1445
-1364
-1300
-1357
-1346
-1355
-1431
-1361
-1351
-1293
-1064
-998
-838
-694
-668
-436
-392
-403
-289
-336
-326
-204
-143
-119
-104
-19
59
105
106
59
83
157
231
227
320
496
532
535
546
643
818
782
739
846
861
927
995
973
1080
1177
1239
1308
1313
1352
1333
1269
1262
1134
969
954
848
742
800
816
851
840
884
952
911
963
965
918
953
925
902
925
860
879
891
800
707
619
552
462
366
306
305
188
56
-11
-65
-22
-107
-170
-154
-303
-438
-439
-366
-413
-488
-491
-515
-501
-483
-366
-272
-303
-347
-407
-462
-547
-557
-593
-652
-643
-660
-658
-660
-580
-518
-543
-543
-482
-402
-429
-533
-627
-613
-591
-589
-529
-563
-547
-427
-435
-468
-509
-532
-525
-590
-592
-533
-486
-455
-395
-253
-167
-131
-130
-129
-83
-130
-183
-294
-346
-298
-353
-316
-289
-334
-229
-145
-117
-53
-69
-33
56
-2
-119
-124
-94
-39
-1
-28
67
105
152
248
251
305
318
345
422
449
387
289
297
294
247
237
218
237
312
349
406
494
602
703
718
739
677
607
521
420
419
362
328
332
334
338
318
292
286
283
171
77
75
47
12
112
132
37
220
290
220
265
142
63
71
10
-66
-120
-134
-154
-129
-136
-163
-77
-28
-38
19
49
8
-31
-21
50
71
83
221
228
145
242
314
201
97
86
5
-82
-138
-177
-235
-377
-346
-311
-362
-330
-348
-319
-338
-437
-406
-408
-414
-345
-363
-307
-223
-168
-153
-221
-155
-165
-207
-211
-298
-297
-303
-298
-289
-345
-324
-247
-121
-42
-60
53
149
147
164
130
127
138
84
45
52
67
64
85
164
189
130
107
126
98
35
-14
-96
-180
-186
-143
-172
-165
-196
-226
-149
-208
-257
-262
-309
-328
-371
-436
-396
-262
-211
-144
-102
-69
48
93
26
-33
44
27
39
181
210
328
389
402
482
453
521
488
341
300
189
70
70
120
112
103
111
125
221
247
233
208
139
205
189
66
111
179
168
190
236
285
294
307
341
289
204
126
112
91
68
88
29
29
77
47
19
52
38
-34
-65
-76
-107
-91
-17
3
85
148
131
80
-23
111
169
92
120
41
-4
-30
-52
-83
-52
-10
-74
-19
-32
-70
-72
-133
-74
-69
-115
-125
-188
-177
-173
-205
-208
-269
-321
-302
-325
-364
-352
-363
-438
-470
-505
-508
-454
-544
-588
-506
-479
-492
-449
-390
-383
-371
-346
-231
-180
-226
-118
-7
-7
-7
60
96
136
168
83
60
101
32
18
55
41
87
33
44
88
78
178
214
259
251
183
183
175
99
25
66
80
96
99
105
127
80
143
200
232
293
241
234
316
333
225
231
331
308
345
383
390
406
393
431
451
434
426
445
441
363
327
377
368
219
223
244
260
363
322
309
326
353
341
321
325
257
234
62
16
27
-133
-152
-208
-260
-327
-489
-543
-543
-557
-567
-632
-708
-618
-583
-630
-595
-575
-486
-468
-457
-332
-366
-370
-262
-276
-241
-227
-97
3
-102
-19
75
147
95
107
226
116
128
188
170
160
65
-1
-1
80
146
166
221
147
-2
-45
-21
-94
-131
-92
-118
-156
-273
-380
-404
-481
-471
-404
-411
-320
-134
-95
-191
-210
-202
-127
-36
34
82
14
60
-9
-93
-114
-200
-55
21
100
375
556
678
644
434
231
107
214
490
755
796
520
320
231
-5
-26
125
164
326
347
215
136
-56
-256
-351
-238
33
197
325
400
249
25
-145
-102
36
49
175
266
146
88
66
-20
-108
-240
-242
-96
36
197
186
28
-230
-466
-457
-246
61
286
408
394
286
235
185
102
54
94
274
483
537
358
127
-64
-256
-231
-85
53
274
176
-100
-363
-648
-566
-477
-373
-108
-93
-100
-106
-180
-360
-638
-699
-669
-468
-237
-177
-220
-454
-597
-632
-568
-372
-197
-10
69
29
-2
-187
-387
-353
-299
-71
157
202
322
219
-55
-185
-200
-71
237
507
538
350
84
-111
-300
-345
-279
-138
192
312
183
26
-166
-370
-578
-587
-355
-44
208
182
-103
-322
-435
-407
-242
-10
318
576
651
519
267
150
181
209
345
623
860
932
880
648
274
65
33
202
546
745
849
804
508
273
141
72
139
316
619
834
759
446
85
-267
-489
-320
-37
232
402
309
79
-186
-383
-526
-527
-355
-90
119
137
23
-225
-574
-865
-921
-770
-385
-91
4
15
-280
-517
-588
-402
-59
129
369
414
229
33
-212
-430
-575
-599
-459
-126
148
214
124
-166
-306
-365
-372
-150
2
73
-5
-202
-465
-624
-630
-728
-624
-398
-157
67
60
-34
-230
-358
-308
-162
170
441
449
246
-7
-113
-75
-4
149
320
330
380
449
441
490
468
387
436
530
545
373
119
-16
-141
-143
45
207
259
115
-33
-88
-145
-97
2
11
-76
-165
-271
-243
-137
-77
-54
-42
76
204
376
425
369
294
212
324
428
419
391
292
205
239
224
138
115
53
25
58
184
337
234
-40
-413
-645
-606
-501
-384
-360
-394
-481
-596
-594
-494
-416
-378
-230
30
179
150
50
-112
-368
-434
-162
110
318
386
186
11
-44
16
249
487
578
558
480
391
353
341
291
122
0
31
186
312
277
114
-223
-427
-331
-173
13
109
2
-123
-269
-362
-276
-226
-390
-523
-393
-156
68
133
18
-184
-338
-200
87
238
236
51
-267
-424
-371
-249
-106
4
47
59
82
66
60
66
15
67
95
141
305
229
27
-158
-338
-214
142
359
434
274
46
20
-37
-42
-66
-127
-146
-255
-204
-114
-131
-84
-184
-334
-166
21
146
322
219
-14
-303
-469
-235
-5
201
224
15
-99
-71
49
91
120
96
159
386
561
602
462
257
38
-33
104
276
404
464
270
5
-6
-31
-64
-28
-43
-58
-28
32
74
56
-140
-363
-396
-327
-111
33
78
-17
-330
-451
-478
-395
-132
113
173
11
-24
-53
-91
-146
-366
-310
-117
40
260
271
178
-58
-327
-243
-43
170
237
138
92
25
47
155
230
242
184
130
59
-97
-148
-103
-215
-356
-315
-168
112
358
305
135
4
-52
9
76
-28
-137
-188
-220
-155
-70
-31
-157
-215
-219
-213
29
143
122
-5
-195
-207
-92
110
241
210
45
-60
13
202
462
583
454
273
232
227
256
279
136
-70
-159
21
224
217
120
110
50
25
345
518
523
306
-123
-315
-445
-281
-103
-192
-355
-507
-393
-339
-317
-254
-349
-501
-506
-214
89
183
121
-46
-213
-263
-191
-88
-141
-196
-178
-126
111
320
395
319
239
289
286
385
507
295
-47
-296
-386
-164
101
275
317
124
67
117
148
288
367
274
223
279
191
82
-139
-498
-691
-709
-596
-411
-206
-189
-371
-431
-311
-112
-7
-107
-192
-228
-134
-19
17
68
30
-75
-103
42
163
274
367
139
-113
-139
-85
154
267
119
7
-108
-30
36
-77
-52
-50
-82
-31
74
204
158
-24
-318
-457
-303
-193
-109
-148
-243
-256
-205
36
311
397
264
39
59
174
97
41
-19
-120
-111
-10
141
347
398
238
63
30
101
164
264
274
135
-53
-91
-53
-52
-37
-89
-70
-20
23
219
399
427
314
191
188
227
322
263
36
-178
-255
-162
-113
24
213
285
419
391
292
234
60
20
-48
-41
6
-43
0
-4
-85
-244
-272
-135
-5
254
350
110
-117
-273
-357
-409
-389
-306
-220
-107
11
62
52
75
-2
-72
-108
-155
-87
-86
-151
-274
-407
-425
-434
-281
-55
73
207
221
82
-46
-152
-244
-338
-410
-354
-252
-125
-25
-150
-244
-293
-357
-206
72
298
430
392
244
126
24
42
2
-167
-198
-220
-187
-51
2
-6
39
296
481
488
485
372
151
-97
-303
-345
-156
91
194
140
150
187
244
379
327
278
179
84
156
190
304
259
-20
-175
-253
-217
-22
51
128
105
-16
143
357
433
324
152
-18
-171
-48
-55
-223
-310
-467
-256
51
216
432
279
4
-199
-316
-129
-15
5
2
-86
-60
-110
-118
17
0
-13
46
64
171
159
50
-10
-52
-12
41
184
99
-128
-247
-391
-365
-183
-59
-80
-30
51
56
173
219
112
7
-120
-185
-98
33
118
39
-33
-181
-375
-328
-287
-177
-77
-30
87
135
164
121
61
-52
-131
-90
-100
-32
-124
-311
-338
-286
-128
57
255
317
133
31
-6
45
80
-47
80
99
112
310
325
309
224
33
23
136
143
209
108
3
98
71
97
87
-33
-150
-300
-312
-215
-7
144
18
-106
-219
-322
-245
-137
-219
-276
-141
-118
-73
39
80
104
23
123
315
256
110
6
-150
-179
-74
-56
7
40
-15
-14
119
352
473
420
389
344
250
151
45
19
-50
-83
-137
-279
-298
-266
-112
58
142
240
242
230
201
-6
-186
-296
-353
-220
-104
-107
-294
-421
-358
-320
-155
11
116
167
144
154
144
229
183
-22
-35
-49
-31
62
-42
-41
87
108
202
259
309
307
204
145
70
-28
-161
-188
-147
-120
-70
76
284
290
209
159
-50
-195
-189
-209
-95
-36
-94
-89
-102
-28
25
-16
39
40
-2
20
-12
-123
-262
-251
-152
-106
-143
-232
-202
-159
-143
-91
51
214
223
228
264
154
-49
-200
-363
-384
-336
-345
-209
-128
-104
-43
-19
51
94
157
201
173
216
236
233
81
-9
33
-16
45
-4
-98
-54
-85
-21
11
-18
87
147
162
166
205
161
4
-218
-364
-349
-224
17
138
209
183
43
-106
-147
-30
-44
-12
131
233
284
203
157
127
77
147
223
168
126
115
29
-31
22
158
308
390
288
197
143
9
28
0
-129
-139
-114
-101
-49
42
54
61
-28
-248
-363
-319
-204
-89
-11
39
29
-3
-10
-109
-192
-228
-236
-215
-147
-18
-65
-162
-204
-267
-102
116
177
100
-113
-262
-329
-281
-113
93
199
148
137
131
95
82
80
-24
-111
-159
-270
-251
-170
-45
30
13
155
270
155
65
91
83
160
198
113
52
-111
-256
-294
-330
-221
4
127
110
24
-32
66
274
294
241
239
69
30
125
94
65
-19
-9
113
122
89
84
108
38
-2
84
115
173
189
34
-103
-32
64
113
121
-8
-89
-126
-20
51
-19
-25
-110
-189
-206
-201
-200
-150
-12
19
71
72
0
-49
-132
-89
-155
-245
-188
-167
-89
-16
22
73
100
104
133
81
-6
-16
-69
-38
19
-24
-27
-51
-74
-43
-10
-20
-90
-165
-277
-356
-230
-108
-33
113
68
20
163
200
88
-75
-175
-177
-149
-60
88
143
164
197
136
84
117
137
63
61
111
162
231
258
266
276
235
134
84
-36
-117
-114
-174
-165
-114
17
139
198
216
148
138
131
131
75
-13
-83
-129
-66
-103
-87
-49
-103
-130
-169
-189
-115
33
-3
31
151
176
210
125
113
118
-16
-135
-138
-111
-96
-141
-143
-72
-23
106
140
172
171
80
65
-62
-92
-52
-167
-280
-323
-229
-24
44
85
153
36
-35
-114
-173
-125
-114
-79
-40
-21
8
64
40
-68
-121
-98
-66
-22
2
-72
-85
-112
-179
-60
90
163
220
302
263
98
26
45
62
-12
-33
-11
-71
-37
-100
-220
-79
2
40
83
67
142
130
95
92
-6
-105
-140
-169
-162
-133
-78
-38
-102
-79
-82
-183
-127
17
202
268
108
65
96
-30
-19
69
6
40
56
2
85
88
0
-62
-48
43
181
219
111
47
-19
-71
10
124
144
104
132
148
101
81
-7
-150
-255
-230
-41
57
51
73
52
20
-7
-58
-148
-155
-102
-108
-33
47
72
-24
-88
3
-1
51
194
204
109
16
-74
-59
10
14
72
78
44
-3
-26
-53
-218
-291
-208
-85
39
232
262
164
174
98
55
23
27
81
52
52
-22
6
57
-6
-107
-228
-219
-137
-33
-57
-105
-71
-59
-2
-5
-12
66
105
4
-104
-117
-180
-135
-104
-203
-103
80
59
84
97
-52
-60
-115
-88
7
-51
21
70
81
170
170
226
276
153
95
113
75
39
37
-2
22
48
47
91
-1
-149
-188
-173
-145
-93
-50
2
60
62
69
169
170
-51
-146
-208
-265
-142
-125
-118
-5
38
68
155
231
202
159
83
-96
-170
-149
-162
-219
-186
-129
-78
128
189
181
123
-8
20
25
66
152
158
93
22
22
27
-10
-133
-187
-188
-230
-82
17
-12
23
-5
30
84
132
204
143
18
-120
-66
32
0
62
52
64
153
72
22
-53
-121
-64
-93
-39
62
168
217
159
136
16
-49
-27
57
158
43
-105
-123
-161
-188
-111
-100
-80
-17
-81
-37
75
46
63
86
17
-32
55
28
-121
-93
-113
-182
-194
-145
-65
-17
83
62
53
194
222
126
38
58
48
1
-19
-100
-183
-357
-412
-271
-235
-170
-5
73
178
229
180
253
208
109
63
-35
-96
-202
-229
-202
-151
-26
98
204
137
46
-20
-81
-93
-81
-37
-45
72
117
108
207
213
200
185
151
105
91
30
-27
-32
-77
-50
-38
-72
-3
81
74
42
-37
34
150
38
29
12
-40
-19
-94
-139
-158
-179
-156
-77
64
154
227
272
254
182
36
-39
-26
-111
-199
-103
-11
-58
-113
-118
-136
-108
-14
90
114
12
68
85
13
49
29
108
109
-19
-37
-14
-93
-189
-269
-389
-343
-267
-207
-24
79
121
184
155
75
37
113
109
78
125
21
-6
0
-70
-47
-88
-112
-36
17
34
25
-20
-21
5
97
191
184
229
174
95
139
49
-12
-5
-126
-152
-91
-95
-116
-56
5
-22
3
87
122
90
44
0
-56
-75
-44
-15
16
14
-31
-20
-37
-47
-17
0
-27
-3
-12
-57
178
278
182
136
10
2
-2
-85
-72
-103
-145
-150
-132
-70
-80
-117
-80
-27
31
57
20
20
20
-16
-14
19
38
-3
-64
-135
-214
-191
-143
-201
-227
-151
-46
50
150
211
213
222
112
54
82
-34
-74
-92
-61
2
-55
36
190
232
87
-9
59
-12
-26
7
-20
15
69
146
172
205
146
-31
-54
-131
-150
-68
-69
-4
-5
14
129
212
216
225
147
-60
-115
-128
-167
-157
-111
-115
-103
-5
37
31
-6
-14
-9
-28
0
27
22
109
196
200
145
38
-4
-33
-51
-60
-64
-46
-62
-130
-164
-130
-97
2
70
52
31
6
57
34
-18
67
62
-10
30
24
-76
-45
-29
-124
-76
-22
37
75
45
99
83
63
72
-7
-86
-125
-257
-244
-94
-33
45
63
64
123
98
17
-24
-72
-134
-209
-224
-236
-186
-52
-26
-39
-30
17
82
2
-90
-6
45
21
68
112
113
96
53
30
50
83
81
66
93
56
48
60
75
142
32
-1
112
80
71
-12
-44
-22
-69
57
85
37
0
-128
-153
-156
-154
-111
-119
8
173
169
159
139
104
88
-33
-149
-135
-165
-157
-41
11
-22
-32
55
41
81
187
150
78
31
15
-21
-11
22
67
102
54
80
130
73
-2
-67
-106
-103
-112
-100
-49
-30
-52
-25
-33
-79
16
37
-15
15
-9
16
90
70
74
95
54
-33
-57
-21
-74
-85
-84
-170
-120
-89
-94
54
135
109
59
5
-44
-100
-162
-124
-53
-8
19
-73
-73
-75
-88
-16
-4
-34
-55
28
43
-29
-7
35
10
-64
24
44
-55
-92
-186
-140
-21
22
54
107
146
227
280
234
216
152
86
43
-20
-74
-43
-68
-135
-38
44
119
84
14
72
10
-35
-35
-76
-13
28
92
144
49
78
124
100
9
-120
-65
-117
-190
-144
-155
-105
20
146
152
58
83
44
15
82
-15
-21
-15
-48
-51
-10
83
91
38
-128
-160
-144
-85
9
-24
15
44
37
65
68
21
-20
-97
-99
-75
-96
-104
-107
-36
12
-13
-19
78
134
78
62
1
-28
-5
12
50
40
20
9
54
-3
-66
-56
-127
-94
-66
-69
47
55
-19
-10
29
12
-75
13
102
9
-88
-181
-181
-84
-95
-87
76
53
40
124
72
86
65
48
47
-10
-6
93
156
127
75
34
11
-64
-57
-61
-83
-18
-13
45
110
98
148
109
32
48
43
6
-38
-124
-139
-76
-70
-54
-40
71
144
134
136
84
12
-157
-182
-87
-40
-30
26
86
33
91
64
-45
-51
-113
-106
-23
25
80
101
151
126
42
39
8
18
-115
-204
-131
-138
-138
-278
-182
26
11
-14
-30
105
125
-4
-6
-18
7
58
76
121
96
40
-36
-113
-119
-134
-100
-115
-137
-5
20
60
166
155
224
276
248
201
104
124
59
-86
-134
-179
-133
-127
-150
-110
-148
-113
-62
-55
18
88
153
192
157
150
65
-51
-32
-119
-182
-177
-197
-124
-114
-63
53
138
234
176
117
91
5
-67
-92
-26
-44
-52
-25
-3
41
42
80
50
-68
-55
-6
-117
-129
-32
-73
8
83
37
128
108
30
22
-12
-49
-126
-200
-128
-20
-36
6
97
100
60
53
23
29
83
17
-16
21
69
75
-9
33
68
-4
-25
-64
-30
24
-39
-38
-19
-80
-45
49
89
46
11
9
-17
-17
-50
-17
53
-1
5
-18
-45
-21
-72
-36
9
34
10
36
149
104
101
104
39
51
-67
-149
-118
-121
-39
-60
-72
-29
-42
86
169
138
143
89
70
19
-129
-93
-97
-139
-25
-36
-41
46
59
74
46
-10
-42
-95
-75
-37
-48
-30
-32
1
55
2
14
87
90
91
1
-60
-22
-33
-118
-172
-93
-64
7
24
6
-3
-70
-38
-22
85
149
97
70
68
70
34
58
30
-25
-21
-19
-6
-31
-35
-49
6
93
75
14
-10
107
69
-65
-61
-79
-59
-10
41
59
46
114
150
100
-14
-43
-19
-100
-126
-114
-104
-107
-63
0
20
48
34
21
27
95
50
-6
23
-25
45
103
57
11
4
31
32
-16
-124
-118
-80
-137
-92
-29
6
29
8
2
5
59
29
3
30
-14
19
24
-44
19
18
-75
-47
-62
-130
-85
-5
73
96
28
180
216
6
34
59
11
5
13
-13
-64
-53
-24
29
77
100
101
58
58
51
-19
-52
-45
-69
-154
-101
35
80
32
-17
-30
-90
-82
-168
-269
-126
-14
11
78
191
169
125
168
118
96
63
-27
-97
-148
-158
-233
-247
-144
-104
9
102
83
105
191
189
54
-4
40
23
-49
-18
10
-58
-72
-103
-84
-41
-37
32
67
50
-8
33
59
23
54
-8
-37
-16
-92
-70
19
65
90
40
68
61
-6
22
-29
-70
-1
-34
-49
-10
-18
40
1
-22
59
19
-14
-51
-30
-43
-92
-4
5
54
80
72
134
80
48
28
8
10
-36
-24
-23
-14
6
-11
33
32
-11
23
32
34
46
11
29
43
44
75
91
79
40
-2
-54
-85
-110
-108
-95
-143
-107
-73
-72
44
31
-16
-5
37
60
-45
-49
9
84
18
-132
-105
-99
-53
-5
-38
-38
-16
26
68
73
115
86
30
51
0
13
56
-27
-142
-101
-74
-173
-60
-4
17
127
62
76
85
8
34
65
66
12
-76
-74
-57
-86
-48
-52
-38
50
76
83
70
44
24
29
89
95
39
-7
-23
-14
-59
-33
18
-22
16
-27
-112
12
71
-22
-54
-16
-9
-14
28
-9
22
24
-26
59
53
45
10
-7
0
-15
-22
-69
-6
-37
-89
-29
-54
-3
40
31
102
59
73
121
4
-31
-24
-13
43
-30
-94
-92
-142
-108
-18
-12
-12
26
-34
-20
48
90
198
139
57
38
-7
-90
-116
-45
-38
-51
-89
-57
-23
-72
-38
46
49
53
85
65
58
31
5
4
-31
-44
-28
-61
-61
-52
-44
34
22
26
89
96
62
-74
-70
14
-43
-60
-32
-17
-8
32
35
-11
50
79
22
-6
-23
-38
-28
-38
17
32
-77
-15
75
50
132
135
14
65
78
-7
-53
-69
-6
41
-48
-104
-82
-64
-5
-19
41
109
40
100
94
15
-52
-172
-125
-75
-42
-17
-97
-37
13
-29
5
56
84
122
155
129
63
-27
-70
-121
-216
-138
-61
-58
1
55
63
100
65
-37
18
21
-28
13
57
59
53
-42
-109
0
1
13
24
-4
18
-97
-127
-54
-38
20
-1
64
124
45
58
7
32
46
-14
53
77
20
5
-7
-101
-100
-45
-36
8
-36
-12
123
147
64
0
-15
-21
-46
-62
-27
-98
-84
25
34
36
-39
-40
15
24
73
41
-16
-16
-46
21
34
-26
20
-23
-54
-6
50
38
-49
-52
-30
-29
-24
12
57
72
80
70
97
87
12
-29
56
120
32
-10
-59
-87
-89
-156
-134
-101
-128
-67
22
67
27
-5
46
69
121
61
-12
0
-30
-35
-106
-122
-72
-92
-70
-40
39
91
18
32
18
42
86
22
67
82
54
31
31
28
-1
5
-30
-86
-52
52
76
7
13
8
-38
-45
-70
6
38
-20
-66
-98
-5
2
-46
21
36
59
81
100
92
19
3
-35
-63
-2
90
100
76
66
-8
-13
-12
-38
-5
-1
-28
-24
0
40
-4
-11
17
-108
-75
27
39
63
29
-75
-101
-43
-84
-89
-56
-33
-26
-41
4
-37
-94
-23
11
48
135
92
48
93
58
2
-20
-48
-52
-42
-24
55
87
11
-12
60
34
-47
-35
-25
46
66
-8
27
43
-16
-67
-94
-58
-52
3
25
-3
9
-62
-114
-101
-48
-26
0
31
20
20
49
105
74
40
68
28
19
10
15
55
6
30
28
18
32
-17
-41
-39
18
-7
9
19
-47
11
-14
-31
-34
-102
-6
-8
-92
-50
-52
14
35
-12
27
12
-51
-123
-67
53
43
28
31
74
109
23
-34
16
111
131
93
82
95
88
20
-26
-10
20
-17
-74
-37
-48
-112
-51
-32
-109
-106
-91
-44
-47
-165
-140
-38
-5
-18
3
53
52
42
79
92
32
20
32
70
40
-38
22
28
55
-7
-109
12
82
46
49
151
115
49
93
6
-56
-9
-24
-65
-116
-95
-68
-94
-16
-15
-44
-2
-22
0
-9
-79
-99
-63
-7
-55
-37
65
29
40
129
104
104
140
106
105
91
28
-12
7
-1
-57
-19
-50
-49
-19
-57
-82
-107
25
71
-8
-52
-152
-126
2
-33
-9
74
3
10
-5
15
82
-31
-82
-67
-92
-107
-39
55
27
-43
-61
0
26
70
133
109
115
116
115
89
26
15
-50
-6
62
-38
-58
-39
23
-27
-114
-55
-68
-28
42
7
-5
19
-46
-77
-38
-62
-37
-14
-29
-6
-37
11
59
-12
-38
24
73
66
79
75
118
91
38
45
39
-17
-107
-92
-44
-30
-5
51
-5
-42
51
59
-9
24
53
4
-24
10
41
-71
-125
-89
-106
-117
-104
-54
-17
-49
-18
50
33
59
57
69
115
11
55
141
88
40
61
48
-54
40
70
20
63
-31
-48
9
-68
-64
-33
-98
-50
22
-20
-35
-22
-47
-74
-100
-48
-4
-100
-71
9
-24
11
6
0
59
3
-47
-23
42
102
66
64
43
22
72
8
-54
7
1
-20
26
73
54
-6
48
83
25
26
4
-36
-27
-71
-90
-38
-53
-48
-50
-97
-45
12
-10
25
70
77
86
96
77
-25
-39
-2
-20
-4
2
15
44
74
44
-33
-29
-50
-59
-20
2
29
65
55
-60
-74
-39
-54
-13
-6
-61
-83
-25
33
-24
-33
9
-79
-108
-31
-6
-16
-7
40
17
34
99
100
112
74
-29
-34
61
56
-4
-4
38
4
-31
28
38
-8
21
31
-11
23
55
-39
-50
-4
-81
-43
13
-9
-19
-40
-49
-11
-29
-21
43
-12
-22
11
-34
-10
43
28
9
-52
-81
-20
-49
-60
-51
16
112
90
130
126
125
74
-6
10
-8
11
13
-3
-15
-60
-55
-67
-93
-98
-62
-35
-62
-20
0
-5
41
56
34
52
40
-2
49
7
-14
47
-13
11
9
-28
47
5
-10
5
-52
-62
-17
29
114
83
30
134
63
-71
-63
-12
-35
-67
-12
-32
7
-7
-18
27
-70
-94
-106
-78
-78
-87
-12
-43
13
42
-67
-21
94
77
45
48
34
100
166
93
59
44
-41
-51
-47
6
82
31
10
-32
-93
-75
-2
6
2
66
3
-18
-48
-67
-1
-27
-15
80
89
34
21
13
-25
-97
-112
-57
9
6
2
38
-31
-36
98
86
9
47
47
7
56
51
-54
-2
-37
-104
16
-8
-13
9
-62
-21
12
-13
-53
-68
-36
-38
5
51
2
-45
-19
-37
-11
55
32
35
-24
-51
-9
43
79
19
20
8
23
60
16
67
86
22
-39
-16
33
-74
-65
-38
-30
44
-2
47
84
0
-24
-10
-27
10
18
-9
25
-56
-88
-36
-47
-34
6
13
-18
0
-8
-21
56
31
-44
-2
24
-2
1
-17
15
50
29
12
-48
20
65
13
17
-32
-26
-7
-28
-10
-49
32
99
42
68
-14
-10
3
-64
-2
-53
-65
-67
-37
-5
-87
-18
36
71
87
82
92
7
-6
24
0
-34
-14
67
32
-43
-63
-70
-11
33
41
-13
-62
17
54
44
1
-39
-13
-36
-40
-26
-32
-36
-27
-8
12
21
-9
11
55
-13
-78
-26
67
58
-18
-8
-59
-8
68
7
61
15
-14
89
18
-20
63
32
-24
2
33
24
57
43
9
30
-6
-22
-39
-84
-77
-19
-30
-27
50
44
-3
-35
28
49
6
24
-6
35
59
-18
-17
-18
-25
10
40
-61
-181
-105
-68
-13
60
5
-11
-16
-29
24
42
-35
-12
83
56
-23
27
78
41
20
4
-43
-56
42
24
-10
20
-5
37
48
17
29
34
15
-58
-83
-38
-52
9
30
-29
-5
-25
-28
-1
-28
-47
-28
1
20
25
-15
-13
45
4
-63
-45
-28
-7
72
83
67
55
29
58
56
17
-24
-54
-41
-46
-29
5
-37
0
27
-35
-8
-9
-72
-96
-45
-24
-21
20
0
-5
43
-2
-89
5
75
8
45
67
-25
-15
12
-8
25
63
24
-62
-9
61
34
16
68
107
17
-34
-32
-49
-17
-21
-53
-57
-75
-111
-72
-1
63
31
-58
-21
9
-4
-32
-36
13
-21
-38
65
104
53
25
-31
-27
51
-7
-14
40
41
42
-3
24
18
-2
30
-18
-43
-24
14
30
-1
5
-14
-34
0
-6
1
-38
7
33
-83
-2
1
-36
26
25
57
4
-11
9
22
67
-23
-27
57
26
19
35
-7
34
13
-54
6
32
29
29
-38
-53
-19
21
23
-31
-53
-55
-41
-20
5
-23
-19
-26
-30
-1
-39
52
117
48
12
4
16
23
75
33
-37
-23
-5
78
85
14
-28
-57
-27
44
16
-31
-3
-19
9
-28
-69
26
0
-53
14
29
-66
6
89
-44
-30
27
-7
14
-48
-19
26
-15
9
-51
8
71
-29
-42
-39
-32
24
52
60
0
-15
68
49
23
19
-62
-140
-61
13
-14
-21
-28
0
51
35
-3
48
58
8
-20
-26
-62
-12
-4
-41
47
38
14
-22
-34
-5
44
-9
-135
0
39
7
48
-6
-16
-32
-81
9
53
-28
-51
-28
57
38
-26
-25
-6
28
-11
-1
12
-5
6
-18
23
68
8
16
-7
-67
-9
-6
-50
-50
-36
-56
-11
53
-15
9
36
34
47
10
35
54
59
46
4
-58
-86
-7
-3
3
41
11
39
-19
-32
42
-32
23
1
-90
12
-26
-34
49
-1
-24
-41
-31
42
-6
-50
-43
21
87
22
0
-20
-36
15
32
46
49
-9
-71
-23
13
47
36
-25
-4
10
14
0
31
15
-9
25
10
27
-45
-60
13
12
40
13
-7
6
-39
14
71
18
58
2
-35
17
-122
-47
27
-14
63
-14
-27
49
73
-24
-109
-2
37
2
-23
1
29
15
-5
5
0
9
46
40
15
38
-4
-78
-15
17
18
6
-32
-11
0
-49
-18
-22
-36
25
-10
25
32
-26
11
-21
41
89
-45
-53
15
0
-18
22
-10
-49
-4
20
30
53
0
-30
4
-35
-32
34
79
14
-86
-52
46
46
7
43
9
-25
-60
-74
-32
-84
-47
67
64
34
47
20
-3
-17
-5
13
-37
-31
51
39
4
12
-16
-26
-41
-46
-81
-63
18
17
16
1
-33
3
46
38
14
12
-5
37
38
12
82
2
-21
10
-22
31
31
-2
43
35
-33
-28
-38
-55
-29
-13
-56
-30
-7
-14
12
-22
50
64
7
-22
-16
34
-9
34
48
2
41
-13
-51
-9
12
-18
-4
68
26
-3
-23
-8
44
-16
-10
24
50
64
-25
-21
30
-49
-40
20
11
-4
-93
-32
-12
-57
3
-24
-22
4
-20
-6
21
14
48
68
42
63
72
18
-16
31
3
-10
43
-27
12
16
-13
-23
-101
-27
0
47
81
-49
-35
36
19
17
37
5
-72
-39
30
-40
-55
11
55
62
5
-45
-87
-74
-42
-39
12
72
30
-14
35
26
14
38
-27
5
54
-2
-1
-19
5
18
-43
-33
27
78
-16
-104
-25
-8
2
81
12
-54
-59
-35
6
-18
0
-52
-65
-22
3
51
30
5
13
79
76
-22
-42
-7
17
11
38
29
-86
-80
16
-17
21
44
4
23
16
45
-12
-20
-10
-94
-44
10
29
6
-68
-29
7
-18
12
20
44
-1
-59
10
17
-13
-54
-51
3
52
83
33
-19
-38
-30
-47
-29
51
52
41
-12
-6
85
8
-23
18
37
13
-54
-8
-17
-42
1
30
50
7
-26
13
57
76
-78
-108
30
-28
17
-26
-70
22
-11
59
52
-44
-15
-1
-9
35
4
-9
70
39
-32
14
30
-14
-15
-18
16
68
-18
-38
-33
-38
45
-7
42
20
-66
1
-48
-47
13
46
30
21
24
9
34
10
-19
3
24
25
-22
-33
-75
-85
-32
-17
53
45
-1
48
42
-10
26
39
34
53
-3
-23
-27
17
63
-49
-86
-19
-25
-31
0
18
29
-22
5
65
2
-50
-64
-4
30
9
23
8
5
-30
-87
-48
-8
-9
12
57
30
-27
2
77
69
40
-16
-45
-38
-122
-43
15
-12
29
10
37
47
-19
-5
39
5
39
7
-84
4
8
18
8
-115
-15
48
-44
-69
-21
-23
-49
53
76
61
80
39
5
-27
-61
-14
32
-6
-26
0
-34
-61
-15
-15
-19
-25
0
56
46
17
8
24
-2
-53
-56
6
9
4
18
-72
-75
-51
-37
37
90
31
-7
112
94
-32
-22
7
-42
-27
-27
-7
24
-12
-22
-66
20
-21
-52
66
14
17
26
14
5
-4
8
-56
-32
12
-12
44
21
-31
43
64
2
31
26
19
50
-22
-25
-7
-20
-10
-46
-27
32
-18
-54
8
11
30
27
-34
-36
2
-23
-90
-49
15
30
18
32
69
69
62
59
37
12
-14
-71
-17
36
25
44
-80
-53
73
1
-15
11
-21
22
52
-20
0
-27
-15
44
4
-35
-40
36
26
-67
-60
-13
-35
-4
31
15
41
75
58
-20
-30
19
74
33
-8
58
65
16
-47
-20
-2
-49
-29
-29
-11
-24
-93
24
19
-39
66
-9
-36
-5
8
30
-15
-16
-61
-50
4
-25
38
122
39
-7
33
70
60
-14
-9
14
-8
-77
-53
7
-63
-63
-20
26
82
29
-8
19
-6
-29
0
-3
20
21
-44
-47
-37
-34
-44
1
47
47
41
16
68
17
18
19
-44
-11
-60
1
-6
-47
8
-90
-66
-1
7
23
13
12
-4
-8
-45
-9
59
59
65
24
-60
-103
-56
37
38
2
52
45
13
-26
-50
16
-22
-11
34
0
19
21
-26
-35
-16
-8
-8
2
-8
-64
-73
8
14
-70
-56
-19
33
49
54
82
71
51
6
-29
-47
-20
20
23
-35
-50
-36
-17
14
0
17
18
10
11
-58
-38
1
-26
8
-25
-24
-4
-24
61
5
-36
24
-2
-4
-17
38
58
-13
13
21
37
12
-23
23
51
94
94
71
10
-38
-40
-41
-28
-95
-67
-44
-88
-21
-71
-94
9
25
34
23
24
6
26
66
-53
-46
23
-7
-29
11
32
27
78
24
-7
13
29
13
-29
12
69
21
-68
-28
62
38
-35
-3
8
-3
36
-2
-9
-27
-51
-27
-72
-23
59
15
-36
-9
32
55
-5
-73
-7
40
1
2
22
-40
-71
-28
18
27
56
77
26
16
-19
-81
-71
-16
-29
-67
-51
-16
21
-20
19
81
22
33
15
34
73
3
-24
-28
-2
8
19
26
-22
25
86
52
44
34
-14
-9
23
-46
-132
-64
-17
-39
3
-30
8
72
24
64
15
-45
11
30
-77
-107
-77
-86
26
-1
-2
51
35
35
15
71
9
-10
16
15
0
-37
28
-35
-78
-64
-12
119
44
-16
31
21
33
-16
-57
45
62
-18
14
20
-4
11
-6
20
2
19
91
78
31
-32
-33
0
-29
-52
-55
-41
-33
-38
32
39
-31
0
1
-31
12
-34
-38
-9
-53
1
-8
-43
42
61
55
-22
-85
-8
11
23
78
34
42
71
-43
-68
-15
16
-1
21
68
34
52
74
57
53
-27
-77
-8
26
1
-25
-62
-119
-76
59
62
-1
69
29
-37
3
-28
-24
42
58
-67
-157
-49
-31
-75
-16
-24
17
69
34
41
28
100
49
-56
-25
-77
-51
-40
-20
-12
-73
-24
-13
56
95
62
44
-1
50
37
22
67
3
-91
-107
-15
22
39
121
72
42
98
22
-80
-5
-19
-101
-84
-107
-95
-123
-70
36
20
28
77
101
65
14
7
32
-8
-23
6
-42
-62
-47
0
8
7
-15
-51
3
-37
-63
-4
12
-16
-18
-26
-30
60
97
44
-2
27
90
91
100
110
38
13
-24
-107
-30
0
-77
-32
31
-9
-5
-9
-77
-10
87
-3
-97
-23
-45
-43
26
-19
17
64
41
83
104
14
-6
0
-16
21
-3
-59
-101
-115
-103
-53
-1
-63
3
64
0
5
51
74
-27
-16
24
-42
57
149
146
118
79
29
-42
-25
-84
-51
67
-3
-47
-23
3
-49
-92
-32
-19
-22
-39
13
32
-52
51
89
30
81
42
28
27
-26
-50
-72
-86
-50
40
19
-33
-51
-74
1
-25
-88
-21
16
40
71
48
23
22
-7
45
80
-6
-21
23
55
2
-22
33
72
53
-50
-87
-17
-63
-119
-49
-3
75
11
-39
-1
-17
16
-6
-35
-51
32
91
55
-5
3
84
44
49
26
34
67
-25
-53
-74
-98
-68
-38
-79
-114
-117
-87
32
46
-23
4
61
84
64
-10
24
83
5
-6
26
14
20
-50
-60
76
90
38
17
43
17
-67
-37
-65
-98
-74
-85
-48
-25
-45
21
124
61
38
147
58
-15
34
10
39
-4
-74
-10
-21
