115
-32
-104
-80
-44
41
77
126
59
41
68
28
1
6
-17
-81
-11
-76
-140
-1
61
133
130
101
69
-106
-212
-173
-135
-45
83
51
63
101
23
7
3
18
-9
-109
-70
-116
-146
-84
-75
106
187
225
165
0
-30
-137
-132
-70
0
142
172
137
0
-87
-108
-99
63
155
148
48
-45
-57
-93
-33
78
149
32
-57
-46
-140
-212
-144
17
168
355
279
3
-136
-235
-290
-272
-101
131
143
130
85
-81
-81
11
57
45
-34
-34
-174
-398
-326
-84
183
425
565
432
23
-362
-548
-454
-233
5
299
399
270
142
-5
-120
-97
-65
32
51
-116
-258
-333
-277
-115
160
413
394
274
106
-182
-306
-242
-171
-33
107
141
134
90
-37
-64
47
137
189
141
14
-122
-245
-217
-35
-19
55
257
269
111
-144
-261
-310
-215
63
147
152
113
-116
-219
-141
-59
43
185
302
252
49
-81
-69
-47
-81
-113
-53
-170
-233
-217
-209
39
177
298
313
138
-75
-333
-344
-251
-192
-91
-38
31
91
90
128
111
74
6
-122
-161
-200
-199
-83
35
122
191
155
78
70
55
47
21
30
62
-18
-116
-67
39
56
76
188
221
121
1
-107
-90
9
21
131
161
56
92
2
-149
-112
42
171
254
224
151
108
27
2
-5
78
118
71
55
-32
15
132
175
215
282
311
157
25
-34
-109
-109
49
256
324
296
173
55
26
0
-13
13
40
59
51
5
-72
-141
-50
116
189
121
69
-33
-165
-164
-166
-46
27
43
109
9
-127
-175
-215
-148
-22
-22
-40
-96
-104
-132
-198
-129
-59
17
40
-71
-142
-130
-134
-57
-85
-137
-44
-151
-193
-131
-253
-299
-186
-85
-59
-75
-130
-152
-137
-131
-103
-146
-238
-191
-54
-72
-120
-110
-116
-88
-147
-199
-75
-24
-23
-67
-151
-103
-108
-111
-76
-21
4
-34
-31
-102
-156
-110
-95
-77
-39
24
45
-29
-44
18
60
89
139
122
112
104
-5
-67
-98
-8
171
248
246
130
44
37
-73
-66
38
105
187
140
91
119
100
35
59
191
328
285
126
-15
-114
-118
-58
27
90
205
269
200
142
37
-51
-29
-36
13
19
15
65
34
50
92
157
278
263
105
-19
-99
-186
-122
34
110
128
140
142
132
140
219
352
360
249
121
-27
-107
-69
-55
71
256
225
217
166
77
19
-20
96
147
101
90
42
-27
9
-30
-19
137
175
175
82
-11
-49
-89
-47
15
6
-36
-22
-10
-27
-8
35
77
134
62
-33
-72
-133
-117
-111
-94
-62
-75
-85
-61
-59
-80
-34
-27
-56
-81
-173
-246
-320
-361
-279
-111
-19
-14
44
-35
-125
-132
-189
-169
-137
-209
-249
-294
-315
-207
-206
-110
97
99
45
-16
-135
-289
-394
-300
-161
-100
-64
-84
-109
-159
-119
-15
-9
7
-96
-182
-226
-243
-142
-124
-55
29
115
138
5
-19
-84
-129
-69
-36
44
63
79
20
-85
-11
110
146
204
242
153
51
-34
29
108
129
229
259
210
93
-1
-55
-29
105
175
215
233
178
131
125
60
51
46
71
210
198
138
117
123
210
195
118
115
108
65
-8
-52
19
99
184
224
193
240
163
8
31
53
-36
16
70
16
53
14
24
68
89
181
164
90
-39
-149
-157
-155
-162
-119
40
66
30
2
-46
-35
-100
-82
-96
-173
-74
-71
-135
-151
-129
-83
-66
-28
-31
-61
-124
-171
-192
-228
-163
-52
-58
-43
-33
-127
-133
-119
-97
-4
-13
-34
-64
-75
-52
-99
-79
-9
32
14
-35
41
101
43
31
23
-19
-11
-28
-45
-91
-139
-37
27
6
1
16
-16
-22
36
19
-28
-42
-1
-29
-35
24
-5
48
87
96
161
103
59
64
-65
-62
53
40
53
70
150
224
102
16
-21
-6
58
30
-36
-65
-19
7
62
117
100
76
43
45
17
-41
-34
28
24
-13
-10
-16
79
150
72
-8
19
56
0
-56
-15
3
-105
-140
-119
-75
-15
-48
-41
-26
-43
-52
-86
-99
-125
-165
-190
-191
-115
-32
-51
-15
79
36
-3
-18
-60
-151
-220
-154
-117
-80
9
29
-15
36
41
-51
-75
-145
-185
-133
-109
-114
-41
-15
-20
47
73
60
35
3
-89
-86
27
4
-79
-98
-99
-68
29
62
61
84
62
58
18
9
34
-27
-25
1
36
29
-12
37
115
97
85
98
29
13
21
1
-15
38
52
29
-6
14
37
11
139
84
53
45
-55
-57
-162
-76
6
-29
-14
38
173
165
23
-48
-17
-46
-101
-47
18
17
41
133
188
216
257
276
216
148
73
-21
0
12
66
147
172
238
243
188
199
201
163
138
81
67
83
112
83
98
146
14
30
50
-15
30
-4
14
-33
-147
-66
11
-72
-103
-56
-50
-37
-38
-77
-79
-80
-113
-104
-103
-121
-138
-123
-74
-135
-207
-172
-122
-126
-99
-29
-52
-74
-81
-95
-162
-216
-174
-137
-67
-37
-72
-66
-134
-146
-95
-107
-93
-135
-152
-134
-117
-89
-29
0
-90
-99
-73
-139
-143
-154
-135
-115
-150
-91
5
32
-47
-108
-81
-69
-121
-155
-118
-58
-66
43
76
-30
19
-54
-28
18
-96
-52
-61
-95
-32
48
161
208
190
197
133
113
127
72
80
96
151
139
171
238
231
279
242
224
221
193
171
109
87
195
295
176
154
257
235
247
238
170
134
102
77
27
44
121
124
77
103
114
75
95
39
23
53
2
15
-69
-109
-56
-80
-6
-26
-51
-31
-111
-139
-189
-148
-118
-205
-205
-229
-203
-187
-201
-150
-142
-146
-170
-79
-38
-109
-127
-133
-45
-68
-151
-122
-148
-30
-8
-120
-23
-32
-58
-67
-139
-49
-8
-139
-73
-1
-80
-8
34
55
17
-96
-59
3
-5
-35
-39
-18
10
57
75
56
11
20
53
56
45
-9
-30
-79
-127
-85
4
43
40
-15
-28
90
41
11
98
89
117
96
69
85
49
44
87
109
56
31
80
58
31
99
81
51
85
118
144
144
119
83
127
123
128
150
91
60
49
89
131
106
22
0
55
70
48
-49
-11
37
-31
53
42
10
91
8
-9
-21
-75
-12
-19
13
-24
-77
-39
-74
-63
-112
-143
-89
-42
-29
-69
-95
-208
-234
-128
-70
-68
-110
-158
-100
-61
-136
-136
-121
-134
-140
-161
-120
-106
-71
45
77
45
-35
-61
-73
-116
-13
5
-52
-94
-152
-42
17
-23
11
29
-27
-67
-57
-35
47
64
9
77
113
65
66
-15
-34
46
22
11
61
95
38
26
69
102
103
32
34
47
-12
-37
-38
-63
-32
25
16
0
26
-2
-38
9
12
-50
-74
-27
47
20
-8
29
-13
-9
25
3
15
30
36
79
83
38
68
169
146
28
-1
5
3
14
-29
-40
81
58
-35
1
-11
5
-2
-26
35
55
44
65
83
39
89
83
53
92
64
72
47
10
50
80
48
42
55
14
-54
-73
-19
-41
2
19
-93
-46
-6
-45
-29
-8
-60
-60
-12
-39
-69
-109
-131
-115
-102
-18
-17
-111
-47
-25
-90
-76
-77
-33
-24
-42
34
27
24
-29
-86
-32
-6
7
11
40
-19
-24
26
4
2
-16
48
87
19
-14
-20
-32
-83
-67
37
-14
-67
-17
-6
-8
-25
-30
-39
-18
42
42
11
-47
-86
-63
-39
28
25
-30
-112
-100
-30
-51
-16
-28
1
33
-6
50
43
-27
34
85
36
-11
-10
36
91
177
134
29
52
48
69
93
73
156
113
45
100
122
129
78
74
32
79
124
19
55
26
32
99
13
26
80
25
32
103
107
46
40
30
7
47
25
23
-6
-30
22
47
87
16
-71
-71
-120
-142
-103
-103
-117
-102
-96
-74
-70
-53
-54
-91
-30
-70
-114
-66
-77
-61
-99
-86
-92
-108
-53
-145
-150
-132
-154
-67
-87
-146
-121
-78
-48
-53
-59
-13
-23
-9
52
-14
-5
-13
-39
12
-56
-7
34
-16
-50
-104
9
57
-27
-74
-8
38
-57
-67
12
42
-15
-35
-40
-71
16
92
54
40
29
18
54
27
16
9
-8
52
25
21
56
99
100
32
97
86
52
105
128
166
146
152
181
130
85
97
106
159
169
135
141
124
108
35
26
131
136
73
127
109
17
21
32
51
87
55
41
108
105
127
123
85
161
140
46
29
-15
0
3
-69
-104
-118
10
60
-14
25
71
-27
-83
-72
-95
-152
-187
-55
-70
-110
-60
-106
-27
-66
-142
-85
-124
-104
-84
-128
-127
-118
-141
-110
-120
-133
-83
-148
-87
-64
-73
16
-47
-70
-103
-116
-39
-60
-73
-52
-59
-88
-76
5
-3
-64
-15
-26
-104
-71
-4
74
116
90
100
26
-48
-12
14
70
36
-35
12
85
94
62
46
-2
38
39
4
28
39
62
-17
3
94
21
12
39
36
71
54
69
57
57
52
33
41
10
35
-18
-42
-9
28
104
76
16
40
-10
-26
59
-12
7
100
13
33
99
16
65
129
4
-4
86
80
13
-6
7
66
39
-35
69
70
57
87
-9
-5
54
19
16
53
30
-15
29
24
-69
-52
54
81
-10
-24
15
28
14
-33
50
24
-20
84
29
-5
-32
-37
-45
-65
-31
-37
-19
-46
-59
-68
-71
-35
-56
-23
-14
-105
-121
-110
-140
-118
-72
-33
-28
-71
-39
-66
-109
-52
-92
-29
-2
-122
-79
-70
-81
-40
-117
-105
-10
-30
40
88
53
46
-54
-24
22
3
0
-5
-13
-35
25
25
91
107
41
-6
-37
31
40
36
30
16
8
23
78
57
4
100
135
16
54
160
115
81
93
76
116
157
183
82
-6
79
48
-4
24
64
73
27
106
108
97
56
-19
85
-11
-1
75
-17
-5
0
46
57
18
15
15
-14
-22
-24
-32
-5
16
3
-27
6
-39
-9
-17
-84
0
-53
-73
-110
-142
-81
-87
-41
-125
-134
-43
-77
-61
-65
-101
-117
-121
-124
-116
-99
-90
-45
-36
-10
14
-3
5
-60
-101
-47
-66
-57
32
33
-4
-14
-28
-46
-53
-85
-62
-33
-33
-16
-9
-21
-58
23
66
51
39
-26
0
11
10
87
68
51
71
75
63
-61
-19
86
78
108
73
55
62
89
77
57
62
61
38
-4
14
1
-13
-47
9
32
-58
-68
-33
-11
-15
66
65
35
81
90
73
34
18
-23
-42
-4
62
79
48
-12
-79
-60
-76
-32
61
51
99
84
-14
34
86
49
25
61
59
50
64
58
74
14
-33
6
-9
-5
26
16
33
31
16
38
5
-6
-30
-114
-76
-78
-5
141
87
8
-33
22
50
22
5
-38
3
-3
-49
-31
-22
-9
-56
-108
-127
-132
-51
-55
-96
-28
-38
-77
-19
-17
-56
-123
-182
-95
-34
-26
-41
-88
-62
-34
-73
-60
-71
-148
-96
-30
-11
9
-22
-15
-52
-90
-80
-105
-69
-37
-27
-29
-61
20
103
-28
-31
72
34
58
58
0
15
62
87
126
110
0
4
65
37
78
95
73
67
8
72
69
-34
26
39
6
79
93
41
12
18
71
37
-5
-24
-70
22
27
-45
12
85
96
52
25
-33
-30
-9
-32
-10
-23
-42
-62
-60
-43
-6
75
48
-8
-11
-39
7
9
-50
-4
-8
13
31
6
1
6
5
20
37
-53
-67
-52
4
63
34
37
-12
-1
57
82
63
11
10
-6
18
38
30
22
-34
-21
0
2
33
-13
-59
-47
-7
-24
-61
1
43
59
79
28
-24
-14
-30
-84
-70
-35
-56
-51
-64
-34
4
-8
-17
-48
-82
-112
-54
5
56
19
-29
0
-88
-105
-43
-41
-25
-69
-74
25
43
36
-6
-18
36
-25
-30
-33
-63
-8
-51
-4
54
-50
-27
-24
-27
74
21
-19
-24
0
68
70
65
-33
-7
3
-40
80
133
134
124
89
49
3
-17
31
47
-25
35
71
48
65
15
3
7
85
102
66
117
118
123
21
3
52
57
48
19
91
14
-17
-5
-49
-15
-20
55
34
-31
-64
-63
68
28
-31
-10
-16
1
-18
-16
8
-1
-26
40
63
-23
-28
-50
-69
11
-1
-32
4
-32
-36
-83
-91
19
-39
-74
10
6
-46
-40
-39
-37
-86
-89
-10
-5
67
56
-24
-70
-88
-49
-48
-32
-42
-21
-17
-79
-92
-92
-132
-113
23
56
-11
-41
-47
-11
4
-47
-54
-48
-44
-46
-92
-62
-80
-90
-21
4
52
90
53
-27
-49
-8
-7
-64
-13
61
69
83
13
30
91
9
-42
38
125
105
95
120
148
157
63
14
60
73
57
26
96
149
17
33
74
9
34
36
37
33
7
-42
-44
55
72
55
42
-64
0
40
-51
-16
-34
-41
-19
10
50
-10
-59
-36
-83
-78
-12
-47
-19
17
39
-5
-40
13
-37
-19
51
13
21
34
23
15
-77
-68
39
31
24
-17
-52
-26
-90
-120
-123
-79
-33
-101
-66
-23
-42
-54
-74
-18
-9
27
92
10
25
30
-15
-7
-74
-31
17
-14
-6
-8
8
18
3
32
76
8
-69
-41
7
24
-28
-61
26
-63
-174
-38
-12
-37
-32
50
65
-4
-8
-85
-35
-39
-39
59
-25
-9
92
65
44
-57
-31
109
19
-17
-11
11
14
-59
-2
27
10
-50
-88
-36
-21
29
36
7
20
52
25
2
36
6
28
45
102
166
100
54
14
84
108
26
28
53
121
145
91
59
53
69
69
-8
-9
17
-21
-25
0
-11
-97
-43
-5
-58
-13
-18
-26
38
-36
-84
9
-37
-104
-99
-62
-39
-11
-3
-59
-49
-60
-111
-70
-92
-163
-149
-154
-89
-29
-78
-91
-93
-59
-64
-109
-102
-59
-7
-29
-42
-6
-39
-40
-34
-34
52
69
70
46
-14
8
41
63
20
42
109
47
81
82
45
70
47
25
-12
24
83
100
114
85
116
70
-5
34
-44
2
102
8
24
28
-6
115
101
34
6
-61
35
85
54
65
9
-16
-30
-50
-75
-84
12
4
-61
-17
15
-3
14
32
19
3
-20
54
82
54
45
-4
69
59
-70
-53
-50
-71
39
46
-19
-7
-51
-57
-33
-50
-52
-10
-52
-65
16
12
-8
43
21
-39
1
8
33
-8
2
3
-81
-31
12
29
20
37
18
-12
-53
-103
-33
-37
-30
3
-62
-19
13
-52
29
49
-11
-2
-25
-3
-67
-140
-36
9
-4
-30
-108
-62
-60
-91
19
37
14
76
85
-37
-128
-77
-62
-67
-41
-38
40
110
65
32
43
18
26
61
-10
-44
-12
17
67
40
14
92
120
63
40
60
84
41
12
17
46
67
87
155
160
92
59
75
36
42
51
47
20
-27
-16
-22
4
-12
-36
-38
-19
-30
-76
-12
-71
-134
-63
-67
-72
-41
-55
-89
-156
-134
-56
-78
-63
-32
-65
-73
-57
-69
-48
-42
-39
-38
-84
-31
-7
-44
-85
-62
11
-26
23
35
-19
7
8
42
41
52
58
46
68
49
55
41
33
63
61
67
75
108
101
-6
-7
48
79
67
-12
32
76
22
36
9
-33
79
67
9
95
61
-7
33
-11
-5
46
5
31
5
11
21
0
5
-3
13
-61
-15
60
41
31
-84
-54
8
-12
-4
-27
2
42
36
16
10
-22
28
97
54
14
-60
-40
-20
-49
27
-18
-64
-16
10
18
-5
39
107
9
-32
11
9
14
-57
-1
0
-42
-18
-24
6
-44
-54
-33
-4
54
81
3
-97
-39
-22
-23
-26
-44
49
-17
-68
24
5
4
-23
-38
-33
-11
8
-74
-27
-58
-70
7
-46
-20
14
21
34
29
2
12
1
-71
2
-14
-63
-17
-38
13
7
-18
42
14
-19
-47
-101
-32
20
-59
-21
40
43
24
-11
13
-20
23
68
6
-16
-24
9
2
-44
-7
37
25
-7
-44
-11
19
-4
52
-13
-29
22
-4
43
25
93
123
13
28
46
-9
-27
-15
-55
-11
28
4
17
-28
-52
0
31
56
12
-12
1
-57
-15
-49
-39
37
2
105
76
-15
-3
-24
61
58
21
19
12
115
35
6
94
24
18
20
-8
-22
19
46
0
12
-59
-66
-8
-80
-36
44
30
5
-45
-18
46
-30
-41
-31
-58
0
-35
-42
-34
-54
-31
-20
-29
-65
-7
24
-2
0
-52
25
69
-35
-26
-31
-21
18
-10
-7
-62
-34
79
35
6
-49
-71
32
-11
10
61
-11
-4
-24
-41
-11
41
35
-29
-33
-48
-77
-49
-16
8
13
-6
41
20
-45
0
66
55
22
50
48
17
-47
-84
-9
38
39
63
108
59
36
19
8
60
57
90
53
37
21
12
87
30
-6
37
77
22
-27
-40
-71
-10
33
46
67
43
42
39
-14
-32
-10
8
39
-2
-69
10
22
-68
-5
-7
-49
-59
-148
-88
-29
-99
-115
-48
-42
-122
-149
-142
-155
-105
-64
-17
94
69
-35
-14
0
-24
-16
-67
-41
-2
6
41
12
3
-33
-63
-22
-36
61
156
71
37
-7
-56
-36
-41
-33
-1
-13
-32
12
43
16
23
5
14
41
-39
9
117
116
121
65
72
101
-9
18
35
-86
-32
-30
-65
42
17
39
96
49
46
16
-10
-48
-9
89
69
26
-50
-49
-8
-7
0
25
98
67
-18
-28
25
62
19
-64
-72
-18
4
60
64
31
79
81
11
1
12
-15
-29
0
-5
-34
-23
-9
-21
-3
-1
-86
-85
-44
-14
-6
-23
-8
-51
-9
68
23
23
21
-12
0
-32
-16
65
36
63
-32
-86
28
-52
-84
-111
-100
-30
-67
-51
-39
-7
53
59
14
-31
-3
11
-40
-7
32
5
22
-21
-20
28
-45
-83
-41
-46
-36
-42
-65
-24
-57
-67
-32
7
84
39
20
9
7
52
-4
0
19
0
-1
11
3
-20
6
-8
22
27
-6
-5
-28
0
15
32
39
41
68
57
43
19
16
40
10
21
14
-50
-6
43
23
58
75
75
50
-14
77
77
16
62
10
-40
-91
-87
36
30
-28
8
-18
-38
-39
5
86
17
-21
-19
-49
-10
-8
68
91
-30
19
20
-28
-16
-86
-59
-21
-43
-2
-39
-66
-7
-27
-7
58
63
5
-99
-125
-23
51
39
1
1
18
1
-21
3
92
55
-8
-18
-40
-11
-44
-30
-5
26
34
-71
-61
-21
-31
18
52
53
42
25
39
0
-31
3
7
-54
-71
-78
11
78
52
114
41
-24
25
34
25
11
21
-4
-39
-33
-9
27
-2
-51
-65
-52
-26
-30
21
-3
-57
-28
-79
-74
-4
69
45
-43
-19
28
43
29
-15
-84
-62
-15
-12
17
5
31
56
64
64
-15
-30
13
30
20
22
5
-14
-31
-49
18
-2
23
125
72
62
72
31
64
61
-15
14
73
50
57
-5
-84
-42
-11
0
23
-1
0
-32
-77
-67
-56
56
39
-68
-36
13
54
82
15
-70
-27
-14
-42
-11
-41
-16
46
-49
-95
-28
-2
-42
-60
-2
-1
-22
31
12
52
56
-14
57
-37
-96
-24
-101
-76
18
-12
-51
-76
-70
-35
7
38
-23
7
26
11
23
-17
40
-3
-40
13
-27
-3
-4
13
43
21
-32
-70
1
29
-1
-35
-22
16
32
17
52
18
-39
44
42
0
53
114
103
37
-44
-31
67
96
69
32
34
31
-15
-7
10
5
76
30
-9
134
59
-6
21
22
94
72
23
28
-9
-64
22
24
-22
17
-41
-57
5
6
-12
25
20
-44
-74
-112
-56
-64
-123
-98
-140
-52
-23
-17
-5
-41
81
44
-31
0
10
-58
-74
20
47
54
31
14
-4
-6
27
17
43
82
17
6
65
-7
-17
-29
-45
44
-7
-22
2
-17
17
42
51
-21
-65
-32
-35
68
66
17
37
2
46
1
-8
-13
-13
43
-58
-57
2
6
23
-40
-41
-3
48
122
29
-40
56
62
29
-17
-132
-97
-27
-1
38
18
88
90
53
58
-24
-89
-116
-40
13
-27
-21
30
27
-17
-5
21
-10
19
76
22
-14
-44
-106
-40
26
-10
-8
41
90
47
0
9
-11
-35
-50
-10
41
-27
-103
-36
-30
-13
71
55
57
84
55
-47
-71
-24
-33
-1
4
-24
-32
-40
-16
-10
33
192
196
51
7
-75
-123
-38
-77
-85
-13
16
26
27
13
38
76
11
1
-12
-78
-111
-69
-6
9
18
17
50
34
-35
-33
-30
-53
-30
-28
-66
-73
-104
-109
-59
-65
-13
38
4
-14
-40
-108
-49
4
-78
-8
-5
-83
-29
-9
19
36
61
73
121
186
114
89
20
-49
16
73
81
-24
-35
28
20
10
-43
2
26
26
83
3
28
23
-77
34
20
62
63
-112
-6
21
-20
-1
-44
12
0
0
45
38
128
185
98
38
25
-31
-61
-13
-41
-54
-17
-69
14
84
77
133
45
27
93
46
-7
55
22
-78
-9
22
15
-2
0
44
26
6
6
-51
-133
-83
-44
-62
-11
-4
-47
-96
-47
48
-25
-89
-79
-46
-38
-108
-88
-103
-127
-59
-1
23
-9
12
94
99
58
-3
-52
-46
-34
-29
-13
-61
-99
-58
16
124
63
-2
24
4
-24
-64
-47
-1
20
7
-23
-12
-51
-108
-1
96
38
21
33
-20
13
33
-1
-45
-53
49
100
95
94
37
-48
5
-22
-69
4
29
86
25
-49
15
61
56
57
79
53
53
32
-58
-51
17
-9
20
68
60
120
99
-11
-31
-7
32
47
-20
-16
43
8
43
74
-15
18
68
27
11
-81
-70
36
-42
-20
15
-20
-50
-126
-84
-13
-18
-58
-58
-60
-8
2
-3
9
-39
1
-8
-31
44
4
-58
22
-42
-112
-23
-39
162
148
-105
38
-2
-78
176
186
-92
-95
-56
-112
-4
3
-102
-100
-111
14
145
62
-41
-98
27
84
-57
-58
-85
-151
26
44
-47
-2
19
113
11
-78
15
-25
-9
-1
-63
-30
46
89
104
8
-51
-131
-279
-258
-186
-13
154
150
155
94
34
36
7
26
-18
-27
20
21
66
115
126
143
92
42
73
19
-4
65
63
38
49
120
107
44
14
-9
54
39
22
-54
-151
-11
29
8
66
9
-17
43
93
5
-9
30
-10
-3
-50
0
58
61
114
62
48
-31
-194
-145
-35
-49
-32
33
16
-39
-25
-28
-71
-38
-51
-7
14
-55
-47
-54
24
35
-9
-17
-93
-87
-88
-103
-44
50
100
92
121
61
-30
-37
-123
-199
-233
-174
-39
7
-7
30
90
79
93
50
34
-27
-148
-138
-156
-157
-104
-20
81
155
139
139
124
76
36
-44
-58
-117
-156
-20
3
30
90
28
76
113
163
155
123
157
38
-25
-76
-140
-77
-45
-77
-42
0
13
119
67
63
136
57
61
28
-30
-72
-96
-165
-119
75
102
131
103
66
148
130
12
-132
-224
-180
-147
-84
45
92
142
120
88
114
60
43
72
42
39
-33
-118
-137
-172
-89
-37
-35
0
-2
-30
-14
85
113
50
21
49
-10
-125
-129
-78
-60
-27
-33
0
13
-39
3
-54
-37
52
0
-31
-105
-99
-47
-102
-104
-75
-13
75
58
4
-7
-8
17
-75
-138
-133
-217
-172
-124
-82
-63
-34
-4
31
162
134
98
124
59
72
53
-25
-22
33
57
31
60
49
61
83
86
141
76
52
20
-3
24
14
67
-2
-2
80
36
100
101
51
13
-14
47
-25
-86
-72
-112
-102
13
84
156
204
108
185
165
57
56
-63
-137
-209
-202
-123
-59
-82
-92
13
21
34
-2
-3
39
34
43
-10
-37
5
28
-45
-62
15
-47
-43
45
-63
-55
-3
-30
0
-21
-43
-148
-224
-68
-30
-50
0
-35
43
117
72
52
2
-45
-84
-116
-128
-172
-136
-58
-14
-35
-10
35
35
102
58
95
134
43
25
-63
-45
-36
-79
-54
-61
15
49
74
154
117
103
64
-9
29
-40
-26
87
71
94
23
-26
119
125
125
145
57
50
-27
-132
-107
-139
-156
-51
-61
29
221
175
258
341
253
234
132
53
18
-106
-161
-230
-197
-88
-121
-66
29
68
63
17
35
75
59
-67
-165
-141
-115
-117
-68
-61
-73
60
141
51
-5
-64
-138
-133
-213
-230
-189
-260
-181
-81
-4
153
238
257
141
123
148
-12
-167
-277
-345
-319
-282
-218
-96
30
119
154
191
195
232
218
142
35
-55
-130
-238
-216
-216
-129
17
35
164
148
69
75
-27
-9
-5
-48
-43
-120
-77
-8
-20
94
171
200
261
205
141
75
-13
-107
-249
-336
-343
-308
-265
-195
-42
114
237
326
366
384
343
215
38
-50
-87
-211
-242
-225
-218
-54
51
68
153
213
188
214
244
102
-12
-29
-112
-130
-147
-101
20
10
69
155
193
187
144
149
91
103
93
-35
-56
-28
8
29
115
204
273
361
243
186
183
60
-87
-265
-303
-320
-341
-254
-211
-168
-89
-7
143
192
226
279
201
102
1
-11
-24
-111
-140
-117
-72
6
42
64
98
53
39
47
45
73
72
45
17
29
35
0
-49
-10
4
-74
-78
-110
-112
-132
-163
-170
-293
-230
-185
-260
-147
-133
-86
-11
7
76
5
0
-86
-233
-228
-267
-297
-334
-304
-174
-128
-145
-112
-50
-57
-56
-67
-88
-92
-88
24
92
93
71
2
18
87
16
-148
-211
-232
-281
-271
-106
11
61
179
231
206
219
276
239
197
160
10
-55
-52
0
56
53
110
52
95
213
186
263
384
471
423
373
428
343
360
363
308
317
254
255
324
385
296
213
183
140
77
-31
-61
-43
-85
-41
79
130
285
350
380
507
514
475
461
367
143
69
104
50
25
39
148
234
228
263
314
352
291
131
-30
-215
-453
-627
-849
-1171
-1330
-1458
-1624
-1762
-1725
-1631
-1654
-1521
-1378
-1294
-1243
-1254
-1201
-1233
-1220
-1036
-847
-607
-420
-201
73
252
418
601
635
535
388
171
10
-118
-236
-259
-158
-28
31
126
230
309
379
341
177
66
-87
-265
-349
-511
-469
-277
-108
129
307
563
972
1282
1418
1606
1690
1599
1556
1463
1309
1137
1060
1093
1057
1057
1182
1355
1434
1454
1483
1387
1276
1222
1005
810
746
650
695
797
842
979
1230
1421
1529
1643
1616
1524
1494
1411
1237
1058
904
796
757
711
685
668
716
880
866
777
636
182
-384
-1030
-1741
-2391
-3066
-3588
-4016
-4402
-4521
-4494
-4369
-4141
-3821
-3510
-3279
-3158
-3111
-3059
-3062
-3083
-3089
-2989
-2757
-2296
-1654
-948
-178
538
1208
1743
2094
2276
2186
1908
1492
974
411
-132
-418
-577
-693
-704
-608
-382
-235
-110
-34
-127
-306
-561
-901
-1281
-1502
-1617
-1594
-1306
-962
-459
246
883
1454
1965
2228
2351
2327
2160
1887
1388
970
652
330
157
118
186
301
442
655
808
857
937
990
944
816
726
649
588
601
702
889
1094
1392
1662
1907
2207
2409
2581
2677
2542
2334
2110
1773
1533
1259
909
648
298
124
62
-115
-333
-443
-504
-730
-761
-710
-718
-562
-374
-161
186
564
876
1257
1540
1812
2145
2224
2354
2501
2448
2501
2598
2642
2689
2586
2390
2178
1781
1233
489
-510
-1377
-2137
-3062
-3989
-4810
-5363
-5710
-5979
-6021
-5948
-5700
-5312
-5049
-4905
-4695
-4445
-4226
-4097
-3940
-3734
-3416
-2760
-2028
-1240
-365
459
1284
1872
2224
2446
2350
2064
1449
688
-40
-836
-1360
-1716
-1977
-2117
-2118
-1884
-1574
-1253
-1009
-868
-778
-847
-995
-1054
-1040
-1061
-1008
-776
-386
189
880
1644
2364
2999
3553
3987
4221
4131
3944
3719
3182
2550
1974
1400
924
489
200
62
-8
39
150
410
636
657
768
862
824
787
726
795
876
809
952
1288
1561
1991
2469
2881
3310
3526
3644
3683
3520
3101
2515
1891
1101
362
-262
-880
-1306
-1510
-1549
-1447
-1199
-787
-389
109
717
1176
1599
1876
1983
2154
2276
2369
2513
2722
3095
3521
3966
4454
4912
5194
5181
4897
4180
3077
1740
185
-1442
-3141
-4816
-6299
-7437
-8266
-8786
-8954
-8892
-8592
-8255
-7883
-7469
-7200
-6953
-6691
-6544
-6397
-6042
-5469
-4600
-3502
-2254
-871
473
1813
2925
3602
3976
4059
3702
2832
1749
625
-485
-1368
-2017
-2609
-2997
-3032
-2895
-2634
-2341
-2194
-2180
-2205
-2251
-2375
-2565
-2660
-2559
-2340
-1942
-1337
-584
487
1628
2597
3605
4447
4991
5376
5481
5257
4724
3989
3206
2380
1552
855
356
-122
-408
-487
-448
-197
-3
138
326
426
418
496
633
742
875
1142
1551
2018
2647
3258
3810
4332
4746
5207
5424
5439
5422
5120
4707
4241
3622
2911
2279
1615
749
122
-324
-778
-1039
-1162
-1077
-971
-717
-293
16
482
898
1247
1670
1944
2264
2647
2995
3441
3877
4213
4672
5059
5125
5167
4911
4280
3410
2092
696
-796
-2564
-4406
-6128
-7511
-8622
-9398
-9822
-9934
-9758
-9432
-8951
-8536
-8106
-7608
-7224
-6974
-6763
-6447
-5984
-5067
-4012
-2945
-1552
-184
1140
2316
3146
3631
3724
3458
2733
1652
497
-647
-1699
-2640
-3419
-3861
-4026
-3965
-3713
-3454
-3231
-2967
-2797
-2691
-2629
-2662
-2542
-2348
-2138
-1776
-1285
-435
691
1854
3024
4043
5007
5802
6278
6563
6434
5982
5360
4408
3285
2224
1187
275
-369
-825
-1124
-1145
-936
-650
-282
60
274
434
543
647
705
691
801
938
1254
1804
2328
3006
3773
4447
5052
5567
5966
6180
6070
5679
5136
4429
3586
2689
1711
673
-225
-913
-1457
-1838
-1998
-1962
-1799
-1408
-885
-385
233
781
1330
1927
2361
2808
3275
3690
4132
4571
4997
5465
5804
6126
6437
6420
6159
5456
4315
2896
1311
-362
-2335
-4430
-6453
-8189
-9506
-10453
-11026
-11284
-11200
-10891
-10441
-9987
-9506
-8797
-8267
-7902
-7479
-7020
-6155
-5026
-3749
-2315
-921
556
2034
3331
4281
4819
5023
4702
3882
2788
1467
132
-1069
-2215
-3275
-4170
-4644
-4688
-4602
-4411
-4120
-3848
-3597
-3336
-3121
-2930
-2701
-2440
-2222
-1876
-1238
-324
759
1915
2970
3960
4992
5836
6485
6745
6558
5989
5150
4146
2805
1504
352
-759
-1700
-2425
-2781
-2851
-2636
-2202
-1659
-1076
-580
-73
340
617
968
1214
1373
1562
1799
2407
3102
3833
4717
5484
6217
6879
7438
7695
7573
7111
6226
5204
4043
2728
1415
177
-951
-1840
-2354
-2653
-2664
-2374
-1830
-1265
-807
-172
489
1122
1714
2103
2466
2920
3254
3726
4420
5047
5693
6285
6843
7353
7658
7737
7473
6734
5435
3725
1899
-51
-2171
-4412
-6539
-8289
-9702
-10598
-11090
-11308
-11007
-10475
-9954
-9450
-8941
-8259
-7599
-7238
-6989
-6659
-6116
-5097
-3960
-2860
-1428
130
1564
2849
3876
4502
4695
4343
3442
2216
730
-751
-2024
-3262
-4426
-5400
-5927
-5866
-5545
-5056
-4598
-4308
-3930
-3543
-3257
-3001
-2862
-2765
-2492
-2229
-1854
-1109
-143
1058
2254
3279
4313
5294
6164
6660
6667
6279
5469
4437
3150
1735
342
-1090
-2230
-3048
-3625
-3872
-3553
-2781
-1917
-1005
-239
550
1292
1925
2254
2201
2152
2077
2078
2146
2356
2881
3639
4565
5563
6485
7283
7894
8292
8214
7536
6573
5436
4122
2601
1031
-390
-1576
-2379
-2787
-2884
-2698
-2189
-1421
-592
142
834
1488
2227
2856
3107
3339
3569
3931
4510
5016
5542
6181
6865
7514
8051
8332
8349
8119
7288
5905
4101
1998
-33
-2305
-4722
-7023
-9070
-10452
-11376
-12007
-12198
-11969
-11487
-10884
-10291
-9768
-9242
-8634
-8054
-7724
-7490
-7076
-6204
-4844
-3468
-2072
-429
1144
2712
4111
4915
5281
5183
4624
3571
2079
405
-1263
-2634
-3853
-5027
-5879
-6177
-5909
-5446
-4954
-4477
-3979
-3366
-2829
-2549
-2449
-2265
-2030
-1799
-1612
-1350
-727
286
1488
2512
3481
4474
5370
6166
6500
6287
5718
4785
3576
2145
508
-1037
-2234
-3124
-3765
-4111
-4038
-3404
-2372
-1293
-274
687
1481
2173
2811
3006
2849
2690
2542
2661
2783
2935
3469
4324
5299
6040
6792
7458
8011
8430
8114
7341
6364
5104
3646
2051
415
-1055
-2185
-3025
-3496
-3709
-3602
-2840
-1859
-910
13
846
1866
2791
3453
3826
3860
3962
4194
4405
4618
4775
5109
5754
6357
6748
6932
7146
7305
6983
5844
4110
2223
242
-1752
-4014
-6464
-8576
-10180
-11118
-11661
-12003
-11817
-11152
-10312
-9572
-8919
-8184
-7330
-6581
-6245
-6155
-6029
-5547
-4619
-3595
-2589
-1503
-190
1230
2502
3406
3777
3821
3533
2790
1392
-304
-1708
-3068
-4250
-5309
-6303
-6613
-6277
-5617
-4915
-4271
-3559
-2738
-1974
-1607
-1483
-1406
-1355
-1170
-1084
-1053
-685
42
1039
2151
3142
4046
5032
5832
6212
6052
5451
4760
3832
2509
1019
-389
-1628
-2518
-3007
-3369
-3463
-3012
-2100
-1022
-31
983
1932
2671
3272
3524
3375
3040
2806
2615
2303
2069
2171
2734
3623
4568
5483
6301
7048
7673
7920
7636
6841
5656
4205
2530
811
-765
-2182
-3116
-3617
-3780
-3551
-2904
-1852
-680
397
1272
2072
2810
3441
3823
3984
4021
4011
4122
4257
4527
4930
5404
5940
6400
6712
6858
6953
6927
6521
5592
4141
2312
409
-1336
-3156
-5233
-7299
-9098
-10338
-11048
-11395
-11447
-11267
-10723
-10068
-9556
-9001
-8178
-7318
-6703
-6581
-6637
-6235
-5499
-4511
-3627
-2798
-1659
-426
885
1942
2572
2888
2826
2417
1501
252
-892
-1958
-2828
-3686
-4590
-5049
-4939
-4326
-3607
-3059
-2699
-2333
-1775
-1379
-1242
-1266
-1381
-1391
-1324
-1268
-990
-279
694
1612
2204
2688
3365
4120
4726
4728
4220
3589
2892
2193
1397
557
-320
-1124
-1644
-1942
-1918
-1623
-1018
-300
266
813
1388
2201
3051
3506
3491
3226
3066
2968
2828
2682
2602
2767
3158
3699
4273
4985
5928
6732
7103
6911
6391
5802
5037
3991
2487
686
-836
-1983
-2709
-3022
-3095
-2783
-2092
-1173
-114
979
2180
3336
4053
4305
4300
4422
4617
4607
4406
4079
3974
4182
4506
4788
5084
5382
5587
5736
5580
5151
4525
3754
2764
1294
-585
-2453
-3985
-5311
-6662
-8173
-9472
-10133
-10300
-10291
-10227
-9951
-9360
-8614
-8079
-7728
-7253
-6726
-6271
-6100
-6200
-6147
-5768
-5104
-4318
-3572
-2842
-2060
-1052
95
904
1371
1527
1462
1189
468
-362
-1154
-1887
-2472
-3174
-3776
-3981
-3804
-3291
-2818
-2476
-1957
-1368
-663
-182
-57
178
287
350
481
321
185
405
676
833
914
1015
1374
1854
2225
2350
2237
2166
2178
2113
1887
1452
1026
716
467
291
261
419
723
1175
1600
1956
2434
2989
3515
3886
3946
3874
3844
3823
3789
3657
3477
3559
3805
3962
4170
4338
4469
4652
4552
4142
3622
2964
2255
1543
702
-144
-847
-1335
-1528
-1472
-1097
-647
62
922
1600
2413
3202
3863
4302
4570
4628
4466
4528
4499
4382
4310
4111
3982
3900
3936
3943
3707
3459
3238
2948
2505
1954
1418
797
9
-908
-2055
-3203
-4093
-4944
-5859
-6805
-7690
-8311
-8634
-8784
-8797
-8689
-8469
-8178
-7949
-7724
-7511
-7307
-7077
-6998
-7171
-7295
-7064
-6537
-5843
-5103
-4282
-3380
-2316
-1034
54
838
1407
1745
1756
1345
765
191
-433
-1203
-1912
-2413
-2717
-2585
-2186
-1739
-1167
-604
-46
526
914
1103
1024
808
422
-207
-705
-1097
-1267
-1284
-1294
-1055
-570
232
1151
1927
2618
3325
3833
4196
4414
4298
4061
3658
3168
2646
2032
1669
1564
1505
1549
1801
2196
2615
3120
3531
3803
3997
3984
3880
3609
3145
2639
2205
1851
1586
1506
1578
1803
2107
2498
2907
3288
3626
3783
3777
3338
2811
2491
1910
1303
762
326
108
0
120
347
689
1213
1792
2258
2674
3133
3537
3813
3881
3747
3595
3479
3277
2963
2527
2074
1756
1539
1275
990
892
834
835
785
519
351
278
63
-483
-1316
-2283
-3208
-3985
-4926
-6062
-7138
-7996
-8513
-8878
-9174
-9299
-9186
-8828
-8616
-8537
-8395
-8164
-7736
-7465
-7410
-7254
-6831
-6085
-5261
-4433
-3493
-2450
-1322
-303
497
1218
1760
2050
1972
1488
805
163
-258
-770
-1412
-1963
-2380
-2254
-1928
-1752
-1504
-1342
-993
-584
-471
-412
-463
-482
-473
-666
-905
-920
-576
-92
375
836
1480
2420
3395
4182
4856
5444
5859
6140
6149
5906
5573
5196
4802
4307
3676
3124
2792
2676
2753
2664
2498
2471
2450
2524
2482
2259
2028
1757
1485
1256
1011
1009
1311
1628
1975
2303
2758
3432
4008
4385
4548
4517
4388
4183
3677
2983
2283
1485
802
172
-492
-909
-1051
-1047
-823
-595
-295
336
1018
1655
2126
2413
2707
2869
2877
2711
2405
2177
1901
1537
1178
943
907
887
898
1026
1059
1012
1159
1228
1087
819
358
-173
-875
-1778
-2801
-3817
-4733
-5673
-6733
-7824
-8648
-9137
-9428
-9731
-9895
-9952
-9875
-9508
-9153
-8740
-8222
-7750
-7220
-6720
-6189
-5516
-4854
-4192
-3433
-2590
-1818
-1082
-255
473
989
1215
1195
1069
775
295
-212
-812
-1473
-2035
-2452
-2620
-2578
-2237
-1738
-1298
-845
-245
460
977
1284
1494
1484
1370
1303
1233
1285
1409
1636
1919
2296
2947
3726
4549
5241
5829
6292
6481
6454
6199
5898
5484
4863
4185
3372
2646
2229
1898
1651
1429
1207
1183
1354
1593
1790
2095
2276
2325
2530
2687
2826
3046
3227
3374
3488
3530
3691
3890
4058
4156
4102
3967
3783
3569
3193
2679
2224
1612
848
152
-578
-984
-1236
-1572
-1666
-1740
-1611
-1170
-643
-49
378
829
1331
1601
1704
1651
1523
1394
1059
637
334
120
53
18
-35
-86
-52
189
457
584
614
497
311
67
-339
-791
-1258
-1806
-2505
-3369
-4336
-5159
-5663
-6183
-6821
-7431
-7935
-8121
-8105
-8149
-8187
-8043
-7683
-7407
-7298
-7219
-7073
-6815
-6588
-6466
-6510
-6312
-5830
-5337
-4655
-4077
-3551
-2760
-1953
-1221
-631
-124
395
757
871
847
845
922
1122
1266
1259
1209
1287
1588
1836
1979
2067
2181
2327
2409
2486
2442
2322
2379
2565
2608
2637
2818
3178
3534
3692
3848
4007
4209
4468
4640
4750
4780
4804
4718
4541
4380
4129
3893
3673
3483
3236
2870
2733
2690
2556
2524
2469
2478
2722
2916
2970
2995
2995
3058
3053
2891
2685
2543
2434
2245
1989
1703
1443
1305
1251
1089
895
715
557
478
272
51
-107
-424
-684
-826
-1084
-1238
-1291
-1282
-1220
-1271
-1176
-932
-584
-260
-46
122
170
358
493
404
312
227
140
37
-172
-466
-547
-493
-612
-742
-802
-924
-932
-930
-1136
-1274
-1375
-1493
-1515
-1611
-1771
-1864
-1947
-2231
-2630
-3003
-3459
-3796
-4204
-4876
-5546
-6249
-6667
-6909
-7246
-7537
-7851
-8044
-8049
-8055
-8134
-8050
-7945
-7914
-7784
-7577
-7131
-6484
-5596
-4637
-3756
-2587
-1293
33
1354
2377
3276
3956
4329
4661
4743
4485
4233
3967
3539
3136
2808
2584
2631
2701
2747
2851
2930
3143
3239
3138
3018
2830
2635
2469
2311
2088
1982
2001
2095
2277
2573
3069
3536
4068
4593
4922
5176
5367
5468
5409
5191
4835
4423
4024
3597
3228
2944
2762
2732
2746
2771
2810
2902
3089
3060
2772
2426
1962
1503
1079
576
75
-295
-590
-806
-737
-493
-216
86
283
525
756
803
773
626
249
-310
-890
-1386
-1875
-2415
-2757
-2941
-3081
-3119
-2965
-2577
-2088
-1569
-1133
-798
-505
-291
-197
-144
-263
-452
-682
-951
-1038
-1130
-1189
-1146
-1050
-858
-730
-577
-398
-352
-378
-540
-769
-1022
-1350
-1678
-1991
-2254
-2438
-2578
-2576
-2486
-2278
-2015
-2034
-2142
-2381
-2743
-2998
-3532
-4282
-5058
-5841
-6493
-7006
-7347
-7597
-7667
-7466
-7171
-6820
-6280
-5509
-4788
-4318
-3787
-3219
-2666
-2004
-1353
-748
-108
594
1333
2131
2900
3608
4215
4707
5021
5085
5098
4998
4771
4534
4228
3846
3522
3309
3285
3288
3227
3304
3377
3573
3653
3509
3488
3345
3114
2811
2448
2272
2089
2030
2140
2207
2377
2721
3180
3726
4249
4623
4929
5126
5121
4938
4541
4092
3592
3023
2404
1888
1615
1406
1358
1422
1492
1644
1743
1777
1667
1416
1016
452
-201
-914
-1616
-2238
-2679
-2875
-3013
-3068
-2690
-2254
-1798
-1258
-920
-649
-500
-584
-781
-1122
-1667
-2170
-2526
-2876
-3161
-3221
-3088
-2818
-2481
-2104
-1684
-1324
-969
-594
-417
-389
-366
-507
-695
-917
-1213
-1343
-1400
-1500
-1532
-1409
-1337
-1319
-1047
-893
-890
-848
-823
-719
-700
-758
-936
-1109
-1161
-1168
-1172
-1238
-1162
-987
-854
-725
-656
-547
-440
-521
-764
-1106
-1500
-1931
-2356
-2812
-3442
-3995
-4256
-4386
-4405
-4408
-4360
-4019
-3583
-3287
-2976
-2598
-2277
-2017
-1791
-1650
-1467
-1065
-642
-265
186
688
1286
1997
2641
3152
3553
3850
4080
4150
4040
3836
3718
3644
3472
3383
3387
3518
3761
3951
4195
4348
4382
4376
4331
4106
3635
3177
2752
2238
1648
1224
1053
1056
1156
1249
1562
1953
2383
2938
3265
3469
3547
3417
3277
3012
2515
1955
1426
970
631
446
401
397
517
691
772
875
904
810
623
164
-530
-1298
-2089
-2829
-3522
-4076
-4361
-4507
-4451
-4189
-3790
-3181
-2479
-1868
-1410
-1115
-967
-906
-1029
-1358
-1733
-2190
-2616
-2829
-2888
-2849
-2651
-2245
-1805
-1237
-669
-315
62
233
189
-40
-428
-710
-1070
-1514
-1893
-2068
-2083
-1957
-1742
-1411
-945
-523
-258
-124
63
121
24
-25
-152
-313
-551
-776
-781
-718
-503
-326
-86
295
518
838
1137
1373
1506
1474
1582
1624
1581
1605
1550
1370
1073
746
526
344
81
-253
-606
-988
-1436
-1785
-2106
-2458
-2653
-2878
-3181
-3351
-3436
-3413
-3336
-3334
-3131
-2704
-2205
-1561
-951
-263
612
1367
2135
2854
3430
3965
4253
4384
4524
4548
4439
4305
4262
4258
4070
3911
3894
3842
3649
3382
3103
2685
2210
1689
1102
517
-35
-498
-789
-1022
-1204
-1067
-845
-574
-124
260
662
1119
1403
1552
1666
1620
1398
1144
847
532
256
-5
-162
-254
-308
-251
-224
-252
-207
-217
-269
-333
-582
-932
-1270
-1672
-2063
-2355
-2740
-3076
-3142
-3090
-2902
-2634
-2306
-1841
-1394
-936
-541
-332
-137
-31
-149
-384
-756
-1164
-1520
-1930
-2213
-2328
-2412
-2334
-2173
-1942
-1514
-1184
-920
-726
-652
-718
-965
-1127
-1298
-1498
-1660
-1642
-1497
-1207
-709
-149
569
1319
2020
2616
3064
3314
3365
3240
2904
2413
1895
1486
1005
578
366
245
282
469
697
940
1182
1337
1444
1537
1585
1622
1707
1753
1829
1961
2068
2312
2606
2855
2979
2816
2485
2062
1569
939
136
-660
-1456
-2195
-2796
-3374
-3911
-4219
-4459
-4731
-4933
-5083
-5104
-5021
-4984
-4935
-4645
-4204
-3599
-2822
-1973
-912
208
1293
2389
3347
4025
4530
4856
4826
4531
4116
3607
3098
2569
1940
1366
935
737
666
576
549
510
477
349
24
-310
-699
-1090
-1450
-1863
-2219
-2382
-2322
-2155
-1848
-1431
-929
-210
493
1094
1666
2109
2378
2437
2394
2123
1725
1407
924
472
99
-251
-439
-581
-549
-468
-431
-345
-245
-221
-347
-432
-658
-933
-1105
-1387
-1634
-1813
-1932
-1897
-1743
-1488
-1145
-786
-445
-118
236
517
672
701
590
468
311
93
-180
-514
-826
-1055
-1144
-1212
-1247
-1123
-963
-723
-473
-311
-85
157
406
627
697
765
905
1025
1133
1292
1420
1569
1805
1969
2092
2228
2292
2187
2027
1880
1701
1466
1097
782
666
600
525
511
599
743
937
1080
1265
1454
1453
1491
1496
1410
1357
1313
1366
1505
1633
1788
2003
2265
2478
2446
2314
1993
1401
733
-146
-1231
-2350
-3458
-4502
-5343
-5943
-6449
-6775
-6771
-6595
-6330
-5968
-5570
-5234
-4928
-4678
-4481
-4232
-4025
-3728
-3263
-2715
-2024
-1199
-285
702
1692
2540
3217
3780
4132
4153
4038
3743
3231
2824
2322
1762
1349
947
620
442
342
183
97
6
-129
-239
-426
-655
-885
-1055
-1214
-1276
-1228
-1033
-711
-347
67
465
982
1457
1694
1809
1945
2133
2133
1989
1827
1642
1563
1472
1350
1365
1443
1458
1492
1553
1575
1602
1488
1346
1184
931
690
430
212
41
-13
80
108
259
518
637
776
841
790
765
668
381
49
-337
-723
-1052
-1415
-1742
-1963
-2074
-2249
-2293
-2188
-2052
-1849
-1748
-1523
-1223
-1056
-857
-663
-402
-130
80
352
580
821
1035
1205
1439
1606
1779
1916
2025
2030
2001
2021
1825
1717
1579
1255
1075
810
522
260
-40
-172
-233
-215
-170
-112
32
132
259
426
516
556
602
533
363
234
165
103
110
130
84
97
204
300
222
89
-111
-478
-1029
-1824
-2608
-3337
-4224
-5012
-5593
-6090
-6300
-6275
-6158
-5916
-5474
-4951
-4455
-4016
-3620
-3308
-3157
-2931
-2662
-2486
-2122
-1470
-682
274
1305
2363
3450
4440
5175
5573
5637
5359
4869
4183
3272
2393
1530
783
299
-85
-214
-78
150
424
654
717
603
366
28
-331
-760
-1200
-1388
-1372
-1157
-704
-79
796
1709
2602
3373
3945
4422
4542
4439
4188
3666
3060
2555
2130
1672
1444
1360
1280
1418
1544
1662
1851
1875
1817
1595
1146
694
272
-125
-474
-774
-919
-944
-810
-511
-332
-71
182
221
214
38
-282
-693
-1243
-1792
-2343
-2796
-3114
-3396
-3518
-3472
-3373
-3225
-2998
-2714
-2432
-2180
-1962
-1794
-1564
-1320
-1211
-1058
-787
-546
-302
43
405
805
1209
1582
1887
2098
2267
2419
2413
2253
2114
1879
1699
1502
1161
926
707
468
231
-38
-188
-364
-638
-775
-857
-973
-1038
-1069
-1051
-991
-901
-694
-482
-352
-133
59
224
381
449
555
596
577
583
512
434
444
331
160
-15
-243
-404
-629
-943
-1329
-1757
-2151
-2593
-2899
-3071
-3264
-3319
-3285
-3150
-3007
-2904
-2669
-2403
-2249
-2200
-2091
-1908
-1686
-1446
-1151
-596
86
819
1666
2458
3230
3887
4291
4417
4278
3969
3401
2661
1880
1174
596
143
-23
-4
157
448
725
996
1154
1172
1042
620
83
-477
-896
-1130
-1226
-937
-429
246
1147
2003
2836
3593
4088
4318
4293
3999
3411
2729
2006
1321
851
511
301
213
269
320
374
488
361
119
-130
-605
-967
-1237
-1655
-1821
-1875
-1834
-1603
-1384
-1084
-800
-617
-464
-404
-477
-548
-667
-873
-1078
-1304
-1413
-1412
-1417
-1448
-1492
-1505
-1491
-1571
-1648
-1626
-1591
-1602
-1628
-1496
-1324
-1129
-913
-680
-439
-315
-147
61
311
573
725
922
1160
1402
1654
1845
2035
2116
2149
2153
1922
1726
1477
1022
674
324
-128
-426
-666
-854
-811
-834
-827
-706
-692
-579
-544
-615
-538
-500
-493
-452
-424
-336
-107
132
345
640
805
957
1129
1167
1159
974
794
652
452
343
272
195
220
315
242
292
368
239
144
-170
-658
-1122
-1515
-1848
-2144
-2321
-2418
-2331
-2057
-1786
-1575
-1382
-1275
-1276
-1464
-1727
-1913
-2026
-1916
-1738
-1488
-940
-150
687
1438
2148
2749
3035
2989
2638
2128
1560
1002
530
100
-90
52
377
778
1192
1501
1638
1547
1288
792
175
-456
-1199
-1608
-1689
-1605
-1136
-529
170
957
1482
1834
2004
1929
1640
1109
544
-40
-451
-598
-611
-426
-158
183
528
764
830
628
349
1
-537
-1082
-1417
-1548
-1511
-1258
-768
-260
237
775
1055
1119
1095
883
547
189
-88
-132
-54
24
164
439
775
994
1111
1092
929
606
141
-352
-853
-1194
-1434
-1648
-1652
-1514
-1359
-1185
-983
-877
-784
-646
-626
-560
-460
-382
-167
84
366
690
966
1219
1332
1323
1335
1252
1020
852
746
508
321
313
348
359
355
377
369
249
122
18
-150
-281
-327
-342
-338
-215
-22
157
348
383
393
376
260
197
78
-45
-183
-272
-295
-336
-326
-282
-223
-266
-409
-624
-719
-666
-665
-554
-294
-13
247
538
928
1197
1204
992
525
-63
-654
-1108
-1455
-1821
-2040
-2130
-2072
-1830
-1625
-1491
-1327
-1457
-1835
-2231
-2700
-2963
-3050
-3035
-2870
-2486
-1785
-919
-55
774
1351
1587
1619
1391
1016
646
247
2
-4
76
352
786
1333
1870
2071
1952
1585
1023
428
-157
-737
-1211
-1423
-1381
-1144
-502
254
928
1492
1707
1660
1457
1262
977
604
346
251
430
860
1357
1835
2298
2614
2639
2286
1795
1346
818
276
-109
-276
-322
-53
492
1021
1542
1757
1722
1621
1336
949
445
-15
-344
-546
-432
-185
148
569
901
1096
1055
809
506
140
-354
-883
-1284
-1653
-1920
-1936
-1947
-1909
-1706
-1586
-1553
-1442
-1405
-1343
-1244
-1184
-998
-782
-607
-348
7
368
654
736
837
934
873
865
823
763
740
676
626
647
663
596
557
498
307
131
-75
-266
-427
-672
-863
-1078
-1165
-1194
-1190
-1009
-982
-947
-885
-846
-708
-760
-859
-918
-966
-876
-798
-651
-432
-185
155
447
679
871
897
859
771
547
399
339
324
449
561
751
973
1119
1237
1127
899
476
-241
-956
-1480
-1852
-2148
-2390
-2517
-2355
-2113
-1975
-1790
-1589
-1553
-1714
-1965
-2185
-2298
-2285
-2049
-1678
-1230
-619
149
931
1542
2005
2286
2301
2061
1762
1437
1123
1011
990
992
1070
1298
1575
1804
1938
1775
1370
856
348
-35
-375
-612
-583
-321
55
492
973
1514
1914
1923
1728
1528
1240
930
740
645
644
775
1023
1385
1689
1881
1903
1549
988
431
-7
-472
-849
-981
-988
-722
-374
-29
369
657
708
557
395
167
-18
-163
-264
-182
-110
79
318
510
649
552
367
6
-467
-890
-1264
-1565
-1740
-1808
-1855
-1760
-1654
-1621
-1559
-1545
-1642
-1733
-1761
-1753
-1577
-1372
-1191
-911
-620
-269
5
112
199
259
324
372
412
546
647
707
829
868
832
888
888
698
485
272
64
-42
-115
-185
-222
-342
-440
-370
-333
-350
-297
-318
-404
-386
-394
-417
-298
-205
-225
-248
-227
-197
-176
-77
-7
77
241
384
584
766
893
931
835
630
408
326
288
311
435
495
594
772
916
1088
1073
748
325
-312
-925
-1373
-1607
-1657
-1789
-1799
-1626
-1305
-976
-705
-556
-535
-699
-1131
-1506
-1708
-1750
-1647
-1490
-1170
-682
-1
757
1326
1702
1919
1886
1573
1254
985
750
653
585
599
798
1048
1350
1557
1535
1419
973
459
-17
-473
-666
-824
-806
-584
-215
205
588
1000
1236
1132
814
471
122
-154
-318
-422
-348
-119
184
587
894
1017
1011
798
457
56
-240
-361
-475
-459
-368
-193
83
257
540
789
685
450
264
182
164
162
246
364
532
628
599
575
379
61
-229
-536
-838
-1086
-1163
-1070
-1007
-898
-835
-769
-754
-974
-1126
-1338
-1477
-1462
-1441
-1212
-962
-643
-175
151
448
704
752
740
644
518
392
315
308
314
432
553
677
661
544
499
281
131
94
-85
-203
-217
-227
-186
-197
-154
19
99
65
0
4
14
15
91
187
187
124
155
135
27
24
-135
-303
-275
-340
-355
-254
-115
-10
113
245
243
209
173
180
194
178
235
350
450
591
720
770
812
660
280
-80
-360
-691
-1024
-1297
-1537
-1647
-1555
-1414
-1337
-1247
-1133
-1102
-1241
-1359
-1415
-1582
-1623
-1545
-1426
-1151
-857
-460
72
506
811
935
945
978
974
781
603
532
372
377
403
538
735
772
880
843
676
518
356
230
88
-112
-154
-103
-29
286
550
727
870
956
1066
947
840
841
793
762
685
632
609
613
652
632
618
585
420
292
189
65
-28
-120
-60
116
125
155
259
303
478
512
537
616
603
729
733
664
612
561
552
436
278
88
-61
-170
-357
-445
-386
-493
-646
-661
-818
-976
-1032
-1205
-1277
-1270
-1233
-1085
-936
-709
-534
-364
-164
-68
-6
44
37
-3
5
40
144
260
376
476
465
463
454
377
246
92
-95
-223
-265
-323
-290
-184
-146
-128
2
17
-35
25
-19
-101
-155
-203
-175
-129
-138
-125
-156
-228
-251
-300
-336
-443
-492
-481
-487
-411
-307
-92
15
44
85
-68
-184
-221
-273
-303
-254
-213
-180
30
200
304
436
523
424
200
23
-256
-425
-502
-649
-685
-664
-703
-724
-674
-647
-666
-778
-910
-1028
-1075
-1050
-1002
-893
-828
-713
-543
-304
-29
89
208
288
325
443
420
444
488
526
594
596
701
753
820
875
845
794
758
791
731
739
718
615
697
748
776
901
984
1007
1004
961
861
822
731
548
479
328
163
165
184
232
182
49
-22
-76
-177
-211
-127
-93
-55
-57
-16
85
176
297
280
283
347
365
444
528
528
536
625
635
544
428
294
197
68
-159
-415
-539
-577
-682
-681
-556
-556
-602
-606
-531
-476
-562
-652
-685
-682
-772
-736
-597
-485
-305
-200
-115
-40
-87
-220
-266
-264
-274
-291
-349
-308
-175
-93
-87
-55
-84
-141
-91
-74
-173
-157
-149
-151
11
79
218
386
362
391
464
425
373
289
179
196
77
-50
-61
-156
-196
-261
-378
-480
-638
-759
-794
-753
-756
-763
-668
-517
-386
-419
-448
-313
-301
-334
-223
-210
-166
-76
59
278
387
464
512
516
380
233
118
-59
-162
-209
-210
-189
-191
-225
-220
-140
-85
-62
-137
-293
-386
-397
-406
-477
-417
-244
-148
11
184
284
315
291
274
251
299
236
107
122
148
241
340
345
503
657
728
897
845
756
724
684
684
561
501
458
425
423
409
560
741
701
613
567
497
389
247
132
46
-14
-107
-157
-49
32
21
-31
-103
-127
-208
-242
-193
-175
-134
-101
-121
-32
104
162
193
204
240
249
213
247
233
136
173
218
209
215
193
193
145
62
29
39
2
-129
-217
-311
-372
-360
-364
-328
-359
-472
-485
-432
-508
-595
-566
-499
-406
-399
-408
-403
-373
-309
-310
-344
-329
-282
-291
-309
-305
-331
-403
-438
-382
-318
-301
-290
-270
-263
-226
-178
-51
36
8
-30
-35
19
0
-87
-136
-91
-122
-186
-106
-64
-71
-91
-174
-165
-177
-243
-220
-243
-258
-254
-278
-143
-52
-44
59
77
96
178
161
202
284
323
372
348
419
524
509
560
616
657
668
607
589
568
508
477
382
298
274
225
180
130
175
166
129
137
18
-15
-23
-37
29
9
-11
1
54
87
52
126
145
92
85
28
25
-1
-51
21
11
-86
-28
-59
-75
-37
-178
-125
-4
-70
-156
-149
-127
-85
-85
-110
-65
-153
-188
-182
-190
-46
-4
15
85
55
80
83
51
86
42
-80
-104
-94
-36
105
154
289
360
349
379
275
219
134
39
22
-62
-66
-5
82
157
254
398
387
328
272
246
215
74
29
17
-35
37
-18
-17
74
4
1
-103
-269
-340
-364
-404
-494
-475
-456
-465
-408
-362
-409
-467
-400
-399
-458
-461
-516
-560
-514
-416
-426
-445
-369
-394
-334
-238
-246
-225
-225
-178
-156
-179
-109
-93
-56
38
-2
-25
43
-12
-38
68
14
4
57
24
38
39
31
-37
-83
-39
-53
-9
-6
-80
-18
73
234
249
216
346
402
462
459
434
482
502
453
406
422
460
495
455
442
519
526
514
529
488
410
379
300
187
189
171
150
93
55
73
9
-15
-51
-100
-19
-20
-99
-159
-228
-149
-139
-126
-64
-146
-155
-177
-230
-124
-66
-42
31
27
52
61
91
134
96
73
-12
-58
-15
-72
-64
63
153
148
116
178
193
165
79
-46
-85
-51
-79
-91
-94
-110
20
-52
-65
25
-32
-89
-173
-209
-296
-305
-284
-329
-273
-198
-202
-211
-208
-258
-259
-306
-357
-330
-335
-316
-292
-169
-122
-155
-120
-128
-77
-114
-120
-88
-65
22
-2
45
5
33
150
48
23
45
18
18
-27
-89
-34
-17
-9
54
35
41
-21
-33
-1
-89
13
52
-33
-36
-10
94
125
133
180
218
206
147
179
177
148
128
142
277
215
198
259
189
201
152
167
240
129
115
167
154
211
226
161
142
110
66
108
26
-8
55
-84
-132
-103
-152
-167
-156
-171
-207
-181
-157
-64
-43
-47
6
-45
32
89
17
35
16
-49
25
96
25
15
123
109
155
190
83
63
-45
-122
-127
-176
-216
-232
-161
-176
-208
-194
-141
-86
-121
-68
-65
-97
-67
-2
82
69
21
33
85
20
-52
4
24
12
100
125
67
78
11
-42
-27
-40
-5
19
-53
-47
29
26
45
35
74
92
-43
-141
-126
-34
-4
-16
-27
-30
58
131
148
182
132
65
55
0
-41
-71
-116
-48
-7
-64
-52
-18
-18
-76
-121
-95
-55
-112
-204
-151
-143
-71
68
116
183
139
108
154
174
236
187
123
120
21
-50
-50
-37
-112
-216
-155
-124
-117
-101
-132
-117
-96
-71
-143
-147
-78
-30
45
28
64
100
27
69
196
176
97
103
110
74
104
121
194
237
203
279
259
223
177
145
126
50
9
8
58
10
-44
2
60
22
-33
-61
-114
-116
-134
-176
-151
-80
-47
-25
15
47
48
43
46
59
-6
-112
-110
-129
-144
-101
-117
-174
-142
-108
-147
-87
-44
-84
-199
-285
-188
-158
-167
-108
-97
-148
-126
-97
-73
-80
-174
-246
-249
-233
-222
-149
-156
-159
-105
-74
-14
-45
-22
10
-55
-26
-36
0
7
30
165
146
205
197
134
197
176
199
186
157
193
155
189
204
98
173
245
167
139
84
93
123
89
80
67
101
160
117
36
26
71
70
-48
-45
13
0
23
34
7
-19
-52
-75
-44
-61
-69
37
113
55
14
54
12
-3
62
46
15
22
1
-2
-4
-23
-41
-40
-21
12
63
79
139
137
73
69
-16
-156
-210
-158
-122
-128
-89
-97
-162
-195
-129
-91
-178
-174
-94
-22
-8
-18
-45
-83
-45
-42
-89
-28
48
45
91
58
-22
-37
-54
-11
-23
-52
-36
-74
-30
-1
-43
-85
-45
81
94
146
106
36
61
20
6
32
65
28
19
36
-1
-3
16
5
6
-40
-45
26
-18
-45
-69
-121
-86
-29
-55
-70
-39
-40
88
121
68
123
95
116
165
84
9
49
67
48
69
129
155
99
81
61
34
44
-3
14
-6
-55
-45
-44
4
15
33
-33
-46
11
-99
-77
0
-17
-55
-77
-33
-74
-119
-109
-64
15
-5
-44
-9
-23
-15
39
17
7
65
60
38
90
63
-16
-28
33
47
38
66
91
161
150
121
61
17
63
-46
-59
-38
-75
-17
-42
4
18
-59
-73
-92
-98
-169
-224
-174
-172
-219
-219
-194
-156
-104
-24
35
74
66
-49
-15
6
-61
-70
-100
-126
-80
-20
22
76
-39
-20
8
-135
-55
-28
-53
-2
-61
-81
-82
-41
18
-26
-9
49
82
92
72
71
51
58
72
25
76
115
57
69
73
117
119
23
79
144
122
143
114
70
50
41
68
100
103
118
117
92
106
122
143
84
95
195
149
105
49
27
48
24
61
9
-54
-20
-14
-64
-72
-42
-77
-92
-89
-109
-88
-38
-57
-88
-68
-45
24
17
-70
-42
44
-13
-85
-32
-45
-72
-29
-85
-164
-143
-129
-54
-22
-22
0
-38
-22
-64
-80
-32
-6
-9
13
36
-21
-22
-63
-45
29
75
126
91
71
73
70
102
65
-96
-110
-36
-19
26
-45
-66
-40
-34
61
47
48
28
-6
70
18
-47
-82
-118
-55
-42
-16
32
-15
-14
74
92
58
85
55
35
55
32
-6
-66
-122
-123
-128
-54
12
-63
-97
-139
-107
-81
-121
-117
-91
-108
-142
-106
-87
-44
-39
-10
32
-14
-2
30
-7
-23
-20
-48
-40
-23
-77
17
95
-7
48
62
47
65
0
96
156
66
104
134
76
52
11
7
6
-15
31
36
77
111
160
199
119
153
161
106
118
129
61
2
16
8
-10
-1
15
76
78
-4
33
7
-39
-26
-81
-53
-24
-30
-89
-86
10
15
24
15
30
23
-23
42
48
25
25
-3
3
-38
19
67
-9
9
-6
-10
42
50
32
-32
-120
-116
-72
-111
-96
-123
-202
-108
-68
-121
-62
-48
-77
-13
51
-20
-23
15
-28
9
-44
-36
70
16
-8
-16
30
82
66
156
147
42
36
26
-26
-56
-83
-79
-76
-63
38
5
25
119
25
27
31
-9
-10
-60
-52
-96
-110
-23
-34
-73
-41
27
34
-3
-8
-84
-68
55
14
-65
-38
-28
-6
37
33
2
59
175
65
71
100
-25
43
43
29
118
82
-9
45
76
34
59
17
52
57
-17
91
98
46
89
46
-52
-73
-4
-38
-93
-78
-78
-16
40
35
26
-37
-29
31
47
99
72
-29
-4
18
-29
-11
-33
-29
58
85
10
-17
-34
-86
-43
-60
-75
-54
-3
-29
-42
110
45
-4
17
-48
9
44
38
78
32
15
27
33
47
-18
-53
-88
-175
-203
-95
-25
-44
-65
-71
16
17
-57
-15
-37
-87
-79
-71
-48
43
73
35
68
6
34
112
76
80
66
17
-35
-16
5
-51
-65
-3
30
-24
22
112
88
28
12
-3
3
58
3
-50
-54
-48
-38
-13
48
-10
-30
-59
-47
59
-17
-50
38
40
8
-31
-88
-76
-75
-94
-54
-38
-22
-10
-27
-31
-102
-98
35
75
-5
-34
51
77
13
3
51
80
47
20
51
117
119
115
117
125
94
0
-27
-3
46
-4
0
62
24
27
17
55
94
49
5
-1
19
40
54
80
44
-40
3
37
125
137
-14
-25
-24
-14
23
16
2
-15
3
-58
-67
63
64
7
9
-11
-42
-61
-37
53
83
-22
-38
-28
-110
-44
-30
-75
-26
-79
-151
-46
24
-49
-79
-104
-61
-51
-55
50
21
-80
-98
-63
-58
-15
17
-29
-55
-68
-9
50
-7
-28
-5
-12
-29
-16
29
27
-19
-19
48
50
-15
-75
-106
-53
-43
2
70
-8
4
-6
-89
-54
17
24
-37
-79
-34
13
24
56
42
65
51
31
80
8
-43
-44
-18
86
101
35
40
35
-5
82
105
77
91
67
52
-40
-48
-8
-45
-40
-43
-52
-48
-68
-28
59
36
63
74
40
106
46
34
22
-43
27
21
14
33
-44
-22
42
17
11
25
52
84
106
62
3
-21
21
75
20
-40
-67
-25
21
48
42
-8
8
33
-8
-21
-7
5
-13
-60
-66
-20
28
-13
11
10
-13
85
-37
-83
1
-82
-52
-22
-57
-32
-13
-73
-44
69
89
55
24
26
-11
-10
24
26
-4
-62
-36
20
17
-17
51
58
4
-1
-35
-4
-29
-57
-21
-69
-120
-112
-128
-101
-71
-62
-9
-70
-106
-17
20
9
47
129
137
51
-65
-72
-94
-130
-54
-81
-102
-29
-4
15
9
4
38
47
53
60
-5
-24
59
76
7
-50
45
86
40
90
42
44
74
34
44
-4
42
76
-20
-19
22
91
66
-1
7
-4
118
160
19
28
17
23
5
-55
-9
-63
-25
-11
-18
53
58
131
99
19
47
35
19
39
29
65
67
34
91
69
7
5
-26
5
39
-18
34
59
-42
-57
-110
-130
-99
-164
-114
-24
-45
-23
24
35
42
-34
-56
-8
-110
-162
-75
-149
-203
-136
-143
-71
-49
-68
-25
-22
-11
-27
44
55
-1
29
46
66
44
-23
10
38
16
79
46
-23
-67
-73
-6
50
60
-23
-31
39
24
-8
32
35
16
22
31
9
-6
14
0
41
-12
-10
33
-56
-54
-38
0
-35
-125
-8
21
21
83
43
97
106
14
24
-6
-22
65
38
52
111
55
56
75
86
30
-40
-12
-21
-27
-37
-3
-36
-73
28
32
82
90
13
56
86
74
21
2
-61
-85
18
35
20
-64
-85
3
-53
-28
85
51
23
-13
20
106
66
76
71
55
75
12
6
-7
-37
-2
-21
-2
58
35
-13
-25
-8
0
-7
-97
-123
23
4
-66
-62
-104
-39
21
-54
-35
9
-51
-47
-89
-152
-105
-48
-27
-95
-111
-10
-13
-78
-37
1
-9
-55
-77
9
33
30
30
-12
45
16
-62
17
42
-9
-29
-34
-56
-57
19
14
7
70
56
40
-8
-9
3
-8
42
51
124
128
27
64
48
30
47
-19
-61
-63
-25
-30
34
31
23
145
40
47
83
37
67
34
62
37
-10
-2
1
28
95
111
61
-1
-22
23
14
10
-27
-62
-48
-19
36
-3
-15
-11
-65
-49
-14
-12
6
22
30
14
-60
-81
-13
16
-1
-33
-18
-2
-27
-25
-27
-31
3
-13
-39
65
35
45
92
7
0
-52
-63
-65
-19
12
-31
67
72
86
111
-27
-91
-37
-33
-46
6
28
4
-25
-50
1
29
28
101
113
28
-90
-105
-29
-54
-105
-94
-56
-8
0
11
-19
0
33
-42
-1
13
-19
-62
-95
-51
-130
-174
-14
60
43
89
22
-43
-27
-38
-45
-22
-39
-28
9
-32
-42
-99
-149
-24
82
102
98
66
43
32
-12
-15
-11
2
110
72
-7
15
-11
-3
1
23
60
25
24
30
-1
-40
25
82
53
62
50
46
112
129
71
68
46
-17
23
58
4
45
90
38
18
60
12
-38
90
137
25
-43
74
103
-15
64
47
-36
17
-21
12
34
-95
-51
11
-76
-71
-48
-84
-22
-15
-59
-77
-94
-40
-56
-94
-75
-76
-48
-29
-42
-13
7
-24
-59
-84
-62
-86
-97
-47
-76
-77
-130
-232
-194
-120
-108
-139
-100
-20
-14
-2
-2
-32
-32
-55
-33
-7
-5
24
-5
-6
-13
-27
20
22
-50
-38
45
5
21
12
-31
79
146
126
65
77
46
60
174
157
130
104
127
113
36
48
82
136
90
-18
-4
42
13
5
91
85
87
133
121
69
26
44
25
47
-10
-66
-8
-6
7
18
59
88
0
0
7
-80
-67
-65
-78
-57
-87
-58
8
34
57
50
56
57
-43
-60
-42
-95
-119
-124
-95
-129
-123
-61
-65
-55
-51
-87
-75
-51
-81
-39
-118
-133
7
-39
-40
2
-22
-36
21
25
-6
-29
-146
-100
-52
-76
-41
-18
0
-30
-41
13
39
73
119
12
-38
49
78
79
40
43
116
66
19
73
52
70
91
74
82
-19
3
81
4
22
66
41
70
69
28
27
-19
29
148
75
31
45
18
0
-61
-15
9
-30
-7
-35
32
111
109
109
51
37
44
60
-11
-79
-55
-53
-48
-90
-81
-39
-2
-32
-112
-66
-30
-112
-149
-107
-108
-136
-103
-91
-111
-4
54
-28
2
16
-55
-74
-119
-125
-81
-80
-62
-71
-87
-32
-13
24
79
28
21
-22
-23
31
-32
-45
3
12
-21
20
33
20
84
110
49
38
95
37
26
95
79
35
82
87
61
79
41
112
146
113
84
7
6
74
57
-21
-20
-19
10
-5
-47
-17
-27
26
9
-25
18
-5
-32
-35
11
18
24
64
74
94
98
60
7
-48
-59
-41
-69
-87
-92
-51
-38
-50
-4
45
40
-6
9
29
34
-19
-146
-119
31
65
34
16
46
105
87
21
-3
11
-78
-62
-7
-146
-128
-37
-36
-31
-24
7
41
76
71
42
-13
-64
-57
-49
-58
-34
-38
-63
21
35
-3
-34
-24
38
29
19
-45
-94
-60
-56
-62
-46
-54
-67
-43
6
11
-33
-9
3
-38
-59
-57
-31
-51
-85
-32
-49
13
123
25
88
117
93
142
76
93
83
81
16
16
141
71
75
69
35
86
15
36
65
46
52
-11
-9
-11
-70
-59
8
11
0
17
0
65
47
-18
30
27
17
-34
-52
36
91
62
0
-25
-40
-34
-23
-13
-12
-51
-86
-61
-106
-126
-72
-49
52
60
28
17
-22
-24
-49
-97
-67
-35
-42
-35
-47
30
99
64
15
18
16
18
8
-26
-24
-7
-14
-50
27
72
14
-1
2
88
62
-30
-21
-18
12
-23
-21
34
-16
-13
45
88
86
57
90
53
6
0
3
-23
-94
-28
-23
-16
9
0
32
16
15
-16
-3
36
-33
-48
-10
-71
-60
-31
-71
-85
-12
72
28
64
82
-14
-44
25
87
18
2
0
-24
23
-33
-30
33
6
-55
-78
-8
-73
-117
-56
-75
-5
13
-16
21
20
59
109
26
-31
-13
-40
6
59
31
2
-14
33
8
12
68
-3
-35
-28
32
45
28
107
27
-64
-30
17
51
22
51
103
78
89
61
14
36
7
27
35
50
108
30
58
133
100
56
34
34
7
47
-1
-62
39
48
0
17
11
2
0
-48
-1
20
4
2
-134
-117
-85
-166
-30
-38
-136
-83
-107
-89
-54
-16
24
6
-7
24
-35
-115
-101
-151
-128
-133
-157
-122
-128
-44
-24
-83
-104
-101
-66
-39
-15
-23
-42
-1
2
-20
104
108
1
36
-4
40
99
-41
-60
6
75
103
17
25
57
29
91
116
109
96
52
149
149
93
130
89
112
90
40
30
51
107
112
86
50
102
81
35
69
35
24
19
6
78
116
30
-2
-7
-66
-24
-9
-65
19
-15
-93
35
22
-66
-110
-145
-92
-108
-160
-111
-66
-90
-33
20
1
-41
-51
-31
-82
-27
2
0
-29
-114
-80
-94
-31
-6
-77
-102
-119
-92
-116
-104
-115
-75
-17
0
116
63
15
106
27
-35
1
19
111
102
6
26
56
62
44
22
16
30
8
-4
-27
-39
31
61
61
24
3
0
2
26
18
-21
-31
-1
10
62
39
-48
5
18
-76
1
44
-5
6
-36
43
99
38
38
53
0
-68
2
9
-53
-54
-47
-12
17
-17
-16
-3
-32
-11
-46
-58
42
16
-11
-13
-70
10
-32
-56
58
20
19
83
115
24
-53
-19
-46
-36
-47
-42
32
-19
-27
-21
-55
-49
-34
-13
16
71
16
0
46
26
2
-6
-6
70
115
-24
-51
-24
14
80
11
14
-51
-109
-26
-46
-95
-102
-77
-24
-27
-31
1
-47
-22
-5
43
91
23
16
-65
-109
-103
-103
-8
0
-18
54
70
61
12
-91
-14
81
6
-78
-91
-68
-61
-30
39
28
-62
1
62
19
37
28
34
-9
-37
44
72
75
101
61
84
113
67
61
16
22
46
-21
22
24
-69
-39
-45
41
142
60
35
62
16
-38
30
30
-24
32
-14
-24
28
-42
-36
-2
46
37
-14
66
-2
-60
-44
-71
-53
-99
-90
-32
-57
-56
19
36
5
-58
-165
-86
-18
-124
-78
-36
-95
-13
7
-46
-11
8
25
13
-41
-96
-80
-92
-127
3
67
7
-10
38
40
-2
24
22
6
-17
-20
-8
-21
6
31
45
22
59
104
43
30
111
133
61
71
89
89
53
16
40
23
77
59
-31
-27
-15
13
-40
-7
43
-36
16
73
81
32
-8
33
18
28
42
72
49
27
47
-51
-28
-11
-45
3
-50
-52
-31
-64
-34
-70
-90
-25
-39
-42
-1
-2
-29
54
54
-49
-61
-93
-110
-100
-31
31
29
39
58
9
-86
-44
6
-27
-59
-81
-25
66
62
-42
-77
31
41
11
-21
-71
38
65
19
18
-24
-11
12
31
4
-22
0
40
68
51
15
15
-15
-5
39
30
54
-7
59
80
-4
74
-33
-83
-9
-35
-21
-1
-13
-23
25
54
43
13
-12
6
-28
-19
18
11
97
52
-42
25
-19
-68
-21
-29
-59
-49
-54
-87
-60
-60
-26
60
32
18
28
-10
13
21
-11
5
9
-6
-19
47
33
-23
-8
-40
-22
27
25
43
69
55
98
133
58
-26
20
75
77
45
-30
-23
-25
-48
27
83
62
5
2
42
20
12
25
35
1
-23
-14
17
27
-29
-44
13
26
-44
-12
44
-24
-65
-33
-1
-77
-146
-23
-9
-52
-23
-65
-82
-69
-45
-46
8
9
-46
-67
-99
-57
-26
26
66
27
6
16
-23
-29
-2
-28
28
10
-39
-57
-39
52
20
-16
68
81
84
122
67
46
-3
-19
36
-15
-18
3
32
73
49
59
57
-1
-30
-36
1
82
44
40
91
47
58
51
16
28
27
-15
-36
-31
-45
-34
-29
-45
-4
38
7
-28
-12
-4
-34
5
75
-27
-63
-8
-10
9
-7
4
23
-4
5
-2
-7
27
-21
-33
-1
-39
-12
32
4
-9
-15
-38
6
21
-14
12
-19
-28
44
5
-6
61
20
22
-14
0
71
-20
21
60
20
10
22
53
-16
-82
-63
-68
-46
-27
-53
-17
-38
10
26
-65
17
14
-47
3
-4
17
5
-25
4
-13
5
13
-38
-42
31
62
34
-2
-13
-14
-26
-37
-68
-67
-13
28
39
57
49
-5
-15
-31
-24
91
44
-31
1
-31
-2
20
9
56
83
61
-46
-74
-1
49
21
-28
8
-18
-82
-6
92
47
34
10
-3
-1
14
56
-30
-10
25
11
19
-45
7
45
-30
-60
-32
20
89
113
45
53
75
40
14
1
34
43
-17
-23
23
7
8
36
22
-10
-85
-81
79
68
16
87
59
11
-4
23
30
-7
4
58
16
-74
-10
46
0
-77
-106
-103
-110
-82
-13
-42
-61
-13
-42
26
23
-39
-65
-97
-27
-29
-54
-40
-6
0
-70
-76
14
-21
-113
-20
-12
-23
1
-63
-18
17
5
-34
-65
-13
-27
21
26
-39
43
62
11
69
65
63
88
27
72
92
42
28
-27
-25
20
39
40
46
48
21
4
17
115
127
28
39
67
16
5
61
19
-36
9
50
36
-50
-17
60
42
44
60
19
-80
-35
13
-19
-30
-41
-1
1
-29
-78
-55
-47
-73
-32
-56
-40
-64
-89
39
47
93
75
-26
12
-32
-23
5
-37
-33
-79
-33
-20
-104
-84
-95
-27
17
-26
33
46
-2
-20
10
44
48
35
25
-19
-69
-3
-30
-2
95
9
-17
5
-14
36
60
86
48
-48
23
51
-37
-65
-5
-16
-84
-109
-106
-13
44
88
66
6
30
-4
44
66
-10
-6
-32
0
13
-54
22
85
6
-4
-14
-64
-14
-25
-41
8
24
25
22
4
3
44
-14
-55
0
-16
-12
-19
-49
-9
1
86
120
13
35
32
-3
81
81
0
-42
-51
-55
-27
6
-45
-41
-19
-27
-25
-80
-36
35
33
69
80
16
-54
-2
81
69
9
-41
-62
-40
0
-4
17
-5
6
25
65
86
-83
-56
27
-10
-8
-21
-26
-24
-11
-4
47
15
-39
37
55
24
14
25
71
102
80
10
-23
-32
-34
1
-38
-112
-70
-56
-95
-85
-58
-32
0
49
67
37
-7
-46
-48
-4
20
-1
-35
-39
-45
-41
-41
-16
-15
-40
-10
-51
-74
9
10
2
17
-26
49
38
-1
-7
-81
-16
2
53
66
-64
15
15
-27
56
27
39
83
40
-21
38
85
17
6
69
51
-10
-17
6
63
13
3
98
47
-17
36
-4
-16
40
50
93
-9
-72
-2
-40
-48
3
-5
-30
70
116
26
16
-6
-38
-29
-54
-13
45
-11
-95
-103
-60
-15
-40
-68
-16
59
107
63
11
-54
-66
0
35
45
16
-16
-17
31
11
-17
-20
-11
-92
-60
45
-69
-40
-5
-59
-8
26
52
17
26
6
-91
-28
28
10
11
0
36
5
-5
71
35
-12
24
16
-30
23
5
-18
-23
-72
0
14
-27
2
14
-14
-62
-53
11
46
39
13
81
106
28
-11
-49
4
67
12
-18
-11
8
55
7
-77
-62
14
55
12
39
26
-81
-52
-34
-11
-2
-45
0
-9
35
79
74
63
-31
-39
3
1
12
21
6
9
-44
-41
-46
-68
-5
-34
48
44
-96
-67
-12
20
1
11
69
39
4
-7
10
3
-41
17
66
26
9
-46
-5
79
-9
10
73
62
53
-19
-7
10
-63
-85
-30
50
14
-58
-39
-16
-26
-70
1
62
-8
9
50
16
27
53
14
20
3
-8
44
67
-16
-60
-27
-44
9
-43
-72
-22
-85
-29
13
-22
-30
-40
-12
-40
-43
-6
-6
5
19
8
-9
-32
-3
87
92
33
26
59
31
12
31
38
54
38
-19
-69
-93
-86
-101
-51
7
34
53
0
62
101
15
14
22
33
36
-13
49
80
126
111
-58
-45
-8
-30
-16
-95
-74
65
11
-58
-18
-68
-99
-10
-21
-45
63
101
16
-64
-46
4
42
26
45
61
-20
-27
-56
-34
-32
-51
14
-35
-2
-30
-81
-14
-46
-13
16
-33
-23
13
-15
-9
64
19
-12
55
-17
-63
0
2
1
39
20
-17
-10
13
63
19
17
36
-31
-21
-5
17
79
-10
-63
26
0
-42
-16
-7
-43
-53
-19
10
40
33
24
40
37
2
44
62
-12
-55
-21
68
93
47
17
-25
-19
5
-57
-52
-14
32
24
-72
-19
32
27
94
12
-81
-3
-15
-69
-44
19
38
39
46
49
43
-10
45
51
27
46
-27
-73
-63
-24
-23
-64
-103
-64
-64
17
52
-109
-47
-27
-42
50
56
54
47
31
-18
-60
-37
-28
6
39
41
50
9
-41
-59
-32
-15
-46
-83
-88
-37
-16
-6
0
11
18
15
55
78
103
47
22
61
52
86
84
76
10
-67
-19
-10
-7
-3
-53
-41
-45
-23
45
-14
-56
-38
-6
-23
-6
32
14
27
18
32
19
41
34
-35
-10
-11
-28
-5
-6
-20
-19
-31
-21
-47
-42
9
0
-1
-66
-70
0
15
-51
-75
5
24
24
55
36
-37
2
32
-12
-3
-10
-5
38
16
-66
-49
31
23
-17
-65
-94
-7
9
-13
38
10
1
42
25
67
87
28
27
19
-19
-38
-39
0
43
17
0
47
88
102
58
34
10
12
109
52
-16
6
-10
-11
-82
-116
-38
28
-3
-20
-14
-10
22
-2
12
19
-11
13
60
0
-40
-46
-85
-18
29
-7
-45
1
-1
-99
-94
-48
-16
-19
-20
25
-45
-132
-52
14
-42
-40
-2
-4
38
88
85
-3
-11
19
12
-29
-85
59
139
0
-43
3
-66
-58
68
4
-18
-14
-52
98
45
-107
-27
9
45
60
20
7
-18
53
76
12
36
3
19
73
-43
-50
5
-5
1
13
-16
-12
37
-18
0
9
-10
9
-47
-22
9
22
18
-23
1
2
41
47
4
27
0
10
39
-19
-63
-24
-17
-50
-39
-60
-23
11
-92
-121
-31
-14
-7
7
9
10
7
10
-4
-6
-29
0
27
6
20
-14
-21
22
-27
-24
18
53
68
45
51
0
18
27
-24
9
7
-14
15
11
13
27
41
87
21
-30
32
31
-16
0
9
-32
4
18
-73
-61
30
26
-14
-2
18
-26
-51
-52
-55
18
5
-45
-36
16
41
-58
-87
23
102
-32
-98
-23
2
-8
-34
-4
-27
-46
-20
5
16
-20
-7
1
-4
-1
17
42
43
47
6
-41
0
32
-7
-11
1
-32
-19
6
5
-8
-52
-26
-1
0
41
35
-20
-49
-36
39
49
-14
44
63
34
89
85
7
-23
-44
-23
24
0
20
25
-22
-19
-9
13
7
18
-2
-53
11
38
26
23
0
9
38
-28
-35
73
38
-20
31
38
-50
-60
-25
-47
-45
-7
-14
-46
-43
-51
-94
-62
8
-32
-35
30
6
23
119
74
37
30
-30
-5
7
48
56
-1
-10
-40
-30
17
29
17
30
49
24
51
61
1
47
70
30
26
-9
-28
39
18
-7
110
63
15
45
5
-7
-63
-29
-10
-29
82
43
-13
19
8
56
-16
-26
36
5
-55
-128
-30
-8
-10
16
-59
-29
27
-10
-55
-52
-51
-40
-28
-18
4
29
-11
-30
-8
-46
-15
0
-44
-60
17
36
-28
11
-20
-64
-46
-54
-56
-20
-1
-23
-28
23
-2
-80
15
1
-37
16
24
74
103
85
-1
-29
-23
-5
-16
-48
45
27
-3
35
22
34
11
-16
-19
32
54
-42
-19
40
-24
-6
25
-6
26
107
116
27
3
8
-8
-20
5
26
-19
18
28
-51
-31
-49
-90
-109
-116
5
19
-75
-33
27
14
78
39
-60
50
17
3
43
-57
-14
-6
-9
-5
-24
1
-44
-34
-23
-9
-39
-61
-8
-43
10
3
-7
87
33
0
44
68
25
-1
73
64
-9
28
0
-21
43
25
-13
-13
23
21
30
25
-26
0
3
-15
-4
11
64
58
68
60
-32
-22
22
68
80
12
0
8
24
18
-22
-18
-63
-87
-15
0
-28
-2
-3
-39
-68
4
79
-1
-16
19
33
30
-21
-44
-47
-10
27
-31
-86
-34
22
28
37
63
45
-9
-68
-116
-37
23
2
31
-24
-56
30
37
23
-62
-84
-14
-5
63
52
64
96
25
-27
-5
1
-16
-9
-52
-10
-24
-46
-7
-42
-29
3
67
66
-10
5
-7
-14
49
87
78
19
-8
-35
-12
14
-25
-58
-59
39
-6
-66
-25
-53
14
58
29
12
33
21
23
79
-23
-25
42
2
-20
-69
-71
-57
-27
-45
-76
-69
-45
30
-7
-7
0
25
69
-1
-10
30
12
8
57
-27
-42
48
57
26
-5
8
-19
-39
-28
-10
-16
-10
-27
27
49
-53
-4
21
30
19
-7
73
89
102
114
95
51
-34
-66
2
46
-21
-17
-1
-63
-112
-90
-50
-54
29
8
-59
-3
-26
-21
-14
23
99
49
97
84
-15
10
-48
-43
-23
-57
-20
-7
-28
-81
-9
22
-70
-95
-93
-9
10
-60
-6
70
97
71
45
-5
-42
-29
-118
-45
79
18
-19
-53
-43
-34
-50
-26
-47
-83
-51
11
31
-16
-66
-33
2
-27
-24
67
115
106
18
-18
27
25
-2
-1
-8
-27
25
74
26
0
73
2
28
11
-106
35
49
27
56
57
63
-12
29
97
111
97
34
64
39
-69
-111
-82
-9
14
24
28
28
-12
-39
-38
-51
-2
12
43
77
50
68
33
11
76
37
47
94
62
34
-69
-92
-29
-32
-54
-106
-40
40
18
74
67
21
-17
-22
47
36
-1
37
61
13
-5
-11
26
16
-77
-57
-4
11
-56
-112
-58
-52
-15
-18
-94
-76
-71
-43
-14
-32
7
6
-17
18
26
-42
-27
10
6
41
14
22
-4
-70
-41
-4
-17
-11
-17
-66
-80
-64
-39
-23
20
53
26
28
90
102
34
17
47
29
-55
-20
64
-40
-35
38
37
4
-94
-75
-69
-101
-58
-35
8
73
97
58
20
5
22
74
70
18
-28
-68
-49
-21
4
50
-3
-65
0
39
-1
-1
20
20
-35
-30
36
-4
4
-6
-41
-14
12
28
-70
-13
74
-24
-2
13
-62
-83
-82
-73
-17
-14
-20
10
14
30
-34
-88
13
20
11
86
16
-14
48
32
-16
28
45
-12
38
65
86
92
18
39
0
-21
67
2
11
50
30
41
24
123
106
74
112
45
4
10
57
28
20
115
68
18
17
-15
19
-32
-4
80
-59
-73
-23
-68
14
31
44
4
-45
30
13
8
28
55
38
-21
-23
14
26
-53
-75
-92
-91
-47
-25
-34
-37
-8
-87
-104
-119
-98
1
-31
-17
19
-4
-6
-52
-109
-94
-86
-42
-41
-84
-36
-39
-70
-76
-120
-71
-17
-93
-52
-15
-48
5
6
-37
-75
-33
-16
-30
37
64
57
-5
-32
23
-19
10
60
-9
16
76
93
87
38
53
83
-26
-60
89
74
-22
20
23
40
88
43
39
74
23
30
64
39
38
22
51
64
26
-9
9
43
-47
-55
65
90
-16
13
84
30
-8
-10
3
20
31
-29
-17
-5
15
32
15
69
-48
-17
31
-69
-38
-89
-46
-29
-120
-20
20
18
48
12
31
7
-46
-84
-135
-42
36
6
-62
-110
-92
-50
0
-18
-16
6
8
-2
-1
14
-10
-20
6
-12
-17
69
48
26
15
-45
-14
45
50
39
-6
-37
54
16
32
131
49
66
87
8
18
39
34
79
61
-10
-5
27
-12
-23
44
0
-9
55
81
82
85
51
-59
-51
-19
-1
66
34
53
25
-104
-58
-18
-37
-58
-98
-12
23
-33
-9
-6
-49
-31
-16
-15
39
-18
-83
-34
-64
-60
-78
-128
-77
-75
-31
25
15
4
-21
-39
-96
-151
-89
-4
-3
-9
-20
25
41
-15
-16
-53
-50
-29
-52
-31
18
-5
-4
24
43
59
27
1
-1
34
12
13
21
-23
7
36
34
116
144
13
-42
26
43
29
14
-16
6
90
78
0
64
41
-9
2
-36
17
24
30
71
1
-5
61
30
30
-11
-75
-9
36
26
-42
-55
-10
13
-11
12
25
-59
-38
-8
-7
-2
-9
26
-16
-48
-29
-41
-54
0
19
28
33
-43
-93
-140
-33
50
58
30
-19
74
22
-40
67
26
-49
12
10
-20
3
69
47
-58
-10
59
-22
-7
86
63
68
67
50
97
101
-10
-15
26
-57
41
104
39
86
34
-51
-15
9
27
2
-33
0
-26
-12
70
32
-21
8
31
50
-22
-87
-33
-7
-52
-44
-12
-73
-69
-12
12
-5
-70
-67
-43
-70
-38
8
23
20
0
-31
-73
-91
-81
-117
-107
44
51
-23
-36
-49
-39
-50
-82
-83
-50
-35
20
-12
-56
1
-25
-15
10
-11
0
26
18
-20
-59
-111
-4
51
-27
47
56
31
14
-53
-11
-9
17
88
7
-2
58
42
58
70
71
40
-17
11
77
45
49
91
43
54
15
-13
65
75
66
27
11
-15
-23
11
-9
-13
-14
68
71
19
18
-37
52
81
29
70
2
-27
44
-62
-55
39
-33
-8
8
12
24
14
1
-68
-71
-40
2
27
7
-12
41
41
28
78
-33
-64
-28
-47
1
5
-33
-44
26
37
-9
-4
35
44
30
57
-8
-68
-79
-99
-84
-38
-48
-41
36
-6
-22
31
39
14
-38
-23
36
39
18
-33
7
39
14
14
-51
-23
-15
-50
-15
5
-29
-20
-9
-36
-6
-12
-21
-4
35
35
-23
-7
39
22
-13
-25
14
43
-10
-138
-146
17
69
16
-44
-78
-24
-9
-29
-36
6
3
-57
-29
-103
-121
-67
-46
7
-12
-8
12
38
10
10
62
-8
-44
-12
-22
-88
-76
-17
10
8
-38
60
77
1
33
-1
-36
-1
-37
-42
21
23
18
55
35
-38
-16
73
110
80
51
44
9
45
18
1
84
61
122
109
26
44
-27
-84
-27
-21
-21
50
46
61
81
66
104
74
48
102
86
69
74
55
98
49
-17
-16
-73
-15
21
8
18
-42
-39
-41
15
61
5
48
6
-20
40
-22
-38
-14
-21
-7
-51
7
19
-81
-65
-34
25
-6
-79
-62
-57
-19
-15
-18
-26
-76
-68
-64
-9
-16
-72
-60
-35
-56
-96
-30
16
38
53
10
-7
65
53
20
3
-50
41
9
-92
-72
-27
28
-59
-23
47
-24
-13
-6
0
33
45
25
-4
-73
-20
58
-40
-41
26
65
76
76
42
-37
-8
38
23
-19
-45
-27
-12
12
-10
-33
14
-6
-58
-81
-35
14
-67
-57
-2
24
59
68
-15
-63
43
22
-17
0
-37
-77
-25
-10
-32
52
35
-49
-99
-63
8
6
17
-14
-37
-60
-83
-54
-52
-35
-16
8
14
-11
40
48
-15
57
85
65
74
59
97
56
36
58
-37
-12
34
-49
-31
-10
8
46
36
18
27
71
66
42
50
94
74
67
154
92
-2
12
24
61
63
34
-13
-18
72
59
-14
-12
52
89
31
19
6
-7
26
-49
-42
0
-38
-25
-46
-78
-40
-44
3
105
39
0
21
48
75
5
10
40
-12
-31
-43
-92
-71
-75
-111
-81
-75
-34
-31
-129
-93
10
-14
-28
-32
-47
1
-11
-18
41
50
-8
-82
-63
-33
-38
-25
-10
-22
-33
24
-12
-56
-50
-50
2
-23
-65
-35
-59
-73
-40
-14
32
35
10
20
0
-32
-4
37
-6
17
83
24
76
99
38
36
7
56
32
-54
-67
-73
11
-15
-23
4
-27
93
-20
-109
18
-46
-18
27
-47
42
114
131
110
39
80
98
73
9
-13
2
27
67
31
-44
-64
-6
-26
-52
-50
-67
-57
-55
0
45
17
34
67
95
48
43
134
89
4
26
32
-40
-35
26
62
-12
-98
-53
-37
-27
-10
-40
-3
17
1
-1
-117
-119
-31
-19
-2
-20
-8
-27
-4
92
40
-24
4
-1
10
0
-41
27
79
37
-30
-18
3
-40
-57
-25
-119
-163
-33
10
-8
-34
27
55
-24
-9
4
16
89
66
29
-26
17
91
-28
-16
42
56
36
7
14
-20
-18
5
26
3
73
88
-21
3
-26
-66
-23
-30
-27
-9
8
30
39
68
111
111
-27
-80
70
126
122
93
46
2
10
67
-29
-133
-131
-70
22
-15
-58
