48
23
14
-8
-20
-55
-103
-49
-69
-2
17
-58
25
-6
-14
54
-24
3
-20
-93
11
-38
-41
1
-36
25
30
17
35
34
64
13
-1
32
-89
-73
-6
-39
0
0
-13
10
-46
-1
31
-77
-13
31
54
121
28
-26
-38
-65
-11
0
-15
-43
-49
-38
-75
-23
-20
-63
-1
49
36
-24
-6
22
11
47
-7
-51
-42
-50
40
35
-89
-86
-65
-23
32
-4
11
6
-9
6
-32
41
32
-45
-39
-46
-6
13
14
-8
33
72
-7
-1
46
11
21
-20
-94
-15
-29
-28
46
27
67
72
-24
-72
-43
-4
9
20
96
127
95
33
-36
-4
21
-12
-68
1
70
73
70
27
-9
-16
-16
-61
-12
12
-49
-63
-112
-59
-15
-47
3
-20
26
36
-21
-6
-39
-67
-138
-23
66
-13
28
11
-1
-16
8
81
66
22
-56
-26
3
-61
3
7
-18
81
6
-69
9
2
-31
-48
17
69
56
46
43
82
-2
-19
72
29
25
83
56
11
13
47
61
87
64
-16
13
0
5
18
-6
20
16
72
51
12
17
33
25
-25
54
50
17
18
-46
11
26
5
79
83
15
-20
5
19
-29
-99
-96
19
105
34
-66
-55
-16
-12
-30
-17
-37
-79
-19
25
-39
-70
-53
-65
-62
1
23
-25
-18
-5
-6
-12
8
37
20
-60
-98
-63
-50
-25
-63
-57
-10
0
-7
-51
10
42
26
-48
-123
31
6
-171
-145
-51
41
38
5
42
23
-67
-121
-58
-29
-102
-92
-96
-95
-13
-49
-45
-56
-94
52
33
-42
-21
-75
-85
-71
-28
-22
-28
-4
-41
-31
23
51
34
30
0
-23
-8
-41
6
-9
13
18
-46
39
16
42
75
84
40
-56
83
53
16
99
8
-18
-50
-53
9
28
56
47
20
6
64
58
23
22
-9
18
50
41
-1
30
80
66
43
-40
26
98
-7
6
63
34
-54
-98
-11
51
38
-35
-58
-11
-15
-30
-61
8
66
12
44
36
57
20
-54
37
60
-2
17
53
-17
-30
39
42
55
67
19
30
12
-21
10
36
64
5
-17
27
38
58
2
-17
5
-25
-39
-21
17
15
-1
20
5
-10
30
76
11
9
46
1
79
76
17
43
41
47
83
22
-56
-49
-46
-7
-31
-46
-81
-73
22
4
-12
-25
29
27
6
38
-8
-11
-34
-75
-41
-63
-78
33
21
-75
-93
-62
-5
8
-7
-41
-8
0
-4
44
10
55
52
-32
-29
-67
-48
-18
-41
-26
-50
-34
-9
-83
-71
-12
-79
-84
21
39
2
-3
-59
-30
50
51
27
-32
-36
2
49
7
-8
52
30
3
-11
-1
20
28
77
41
-88
-60
-2
14
22
-14
-6
-34
11
69
-11
-28
-19
-38
-45
-71
-19
-30
-70
-21
-17
12
-9
-15
32
-40
-94
-29
10
-47
-2
30
-47
15
65
4
55
54
0
46
43
-9
17
39
-8
4
82
39
-27
52
65
19
-69
-94
-13
-16
11
14
43
-6
-49
-16
-68
30
33
57
116
63
34
-35
-31
-14
53
94
64
59
52
9
-95
-88
-11
27
42
21
21
57
48
17
35
2
27
95
13
7
40
37
23
-36
14
49
8
0
-9
15
25
62
65
6
-17
-68
-25
14
-45
-72
-37
-27
-46
-31
5
11
-31
-36
40
34
-15
40
-49
-143
-85
-107
-55
99
110
41
-19
15
27
-61
-23
-8
-23
36
26
27
28
-24
25
133
76
16
-20
-66
33
30
24
5
-20
37
-28
28
21
12
74
-21
10
49
46
23
-11
-8
-66
-75
-41
0
-16
-47
20
20
-6
87
83
34
59
35
74
72
10
31
11
-22
0
31
1
-82
-74
-65
-35
16
16
112
94
47
73
27
-34
-119
-82
-41
14
24
-69
1
23
33
45
-12
5
-25
0
36
-55
-66
-52
-28
23
-2
0
-27
-109
-85
-39
-50
-8
0
-30
-32
-23
-4
-47
-36
16
0
-47
-49
9
37
13
-23
-47
-41
15
24
10
9
-44
-18
7
-14
37
43
31
15
8
-32
-54
2
-81
-85
15
-2
-4
-24
-62
-1
13
-28
-32
-53
-129
-114
-6
1
-1
13
52
87
25
40
21
41
100
4
-26
3
36
39
53
53
-1
51
68
-3
-25
-42
5
64
85
146
117
37
9
4
94
145
18
-14
84
67
-9
-2
24
-18
-4
61
-42
-81
48
44
-9
68
73
38
136
97
6
-37
-29
31
-50
-30
40
-53
-21
42
9
17
62
70
15
30
24
38
13
-83
-67
-102
-57
6
-49
-47
-2
-7
-53
-68
-79
-59
-12
-5
46
59
-40
-56
-57
-73
0
-10
-54
-77
-104
-84
-51
-62
-43
-25
-87
-72
-88
-71
-56
-77
25
6
13
68
28
105
92
7
10
18
3
-28
-19
-19
-29
-86
-58
21
-37
-60
18
63
20
17
7
-20
0
-3
-25
-39
3
17
-53
-78
-4
34
11
8
38
26
13
60
113
57
-30
18
1
29
111
13
1
28
-16
63
16
-85
-21
-39
-6
52
-20
38
40
25
107
67
21
-83
-49
0
-64
-2
-18
-39
-22
-16
-48
-77
-7
0
3
46
-86
-84
26
-70
-36
-8
12
140
64
-34
-9
31
40
-11
-28
14
-10
-75
-73
-104
-142
-98
-67
-18
15
0
30
10
35
60
62
72
-53
-78
0
-6
-98
-69
29
-2
-4
-61
-46
-19
-37
37
9
13
-20
-15
0
-74
77
82
-71
-32
-28
-19
3
-24
-6
18
9
-4
18
29
50
75
46
8
-23
-12
5
11
45
63
68
32
15
37
14
76
141
126
74
28
118
125
42
11
0
69
52
0
-14
-18
-15
-45
-27
21
38
51
6
-47
19
27
5
54
38
-12
4
-1
-34
9
12
-9
13
-13
-19
-1
5
59
18
-82
-108
-88
-4
19
-50
-7
-36
-68
-31
-84
-51
-62
-87
-123
-170
-120
-109
-50
12
18
-13
-37
13
-35
-120
-121
-100
-27
-13
-88
-145
-59
62
18
-56
-82
-17
42
-46
-64
-30
-38
6
-29
-65
-27
-39
1
60
44
20
19
75
61
-72
-74
-38
-10
63
16
27
63
23
72
40
-55
3
35
52
109
65
21
56
56
6
-5
26
42
-1
63
47
-29
45
25
9
61
56
54
120
116
11
-29
54
51
26
106
42
57
53
-12
51
52
42
35
43
1
-71
-15
40
42
53
44
48
9
-34
8
-5
-86
-110
-69
-39
-50
-72
-54
-15
-4
19
47
-53
-91
0
20
63
19
-67
-43
-25
-12
-45
-112
-47
-33
-95
-51
0
-49
-37
57
70
55
-3
-14
-21
-45
-17
11
4
24
67
28
-24
-43
-21
16
-4
-9
93
94
67
86
-15
-53
32
70
30
-27
-18
24
58
37
-40
-55
-48
-17
14
-32
-64
-13
-40
-10
81
-22
39
78
-7
19
-28
70
127
50
-21
-69
11
-64
-52
44
21
55
13
-19
-66
-6
66
-20
-8
-32
-63
-48
-37
21
24
8
34
41
-3
-13
-2
-58
-77
-57
-42
24
47
62
111
57
53
11
-35
4
-41
-59
-113
-97
25
8
-73
-12
120
74
-34
-14
-39
-56
18
-38
-41
0
-23
-43
-107
-12
2
-61
-32
7
32
-20
17
-2
22
66
-6
-58
-89
16
45
-16
-21
-7
0
-45
-25
-16
-64
-4
-22
-37
34
-14
-41
-72
-82
-15
-45
-68
-51
-50
-5
44
-3
-14
0
-10
12
7
26
35
39
44
88
120
75
77
104
76
7
23
-11
21
69
35
84
23
29
56
-7
51
65
97
105
-25
15
77
79
125
110
96
39
18
21
31
84
-34
-17
93
25
56
17
-23
-18
-44
38
-17
-30
4
-9
97
80
24
68
21
22
11
-57
-35
-29
-59
-163
-154
-67
-87
-89
-134
-120
-104
-130
-11
38
11
-75
-146
-68
-42
-49
-48
-32
-22
-54
-30
17
-33
-103
-79
-35
-54
-73
-73
-98
-52
-71
-69
11
-18
-22
1
-31
-39
-26
-19
61
75
32
-7
-33
-9
-1
23
-12
11
68
18
-8
-4
-5
11
22
20
12
-22
-12
82
105
52
40
3
-17
85
75
47
77
-18
-8
29
-3
-27
-37
-11
-20
22
103
53
12
34
-12
72
115
61
99
-1
-25
-4
-35
49
89
58
61
93
112
57
28
31
-12
-24
21
56
-2
21
43
23
107
92
11
-34
-80
-19
25
-10
43
90
26
-28
-19
22
22
-14
-34
-46
-42
-31
28
9
-65
-64
-102
-91
-96
-148
-81
-14
17
24
-57
-94
-25
-22
-7
4
-36
23
-6
-10
20
-114
-104
-67
-83
6
-4
9
-19
-57
-20
-48
58
104
53
37
-31
-29
80
50
-73
-63
4
55
-73
-87
61
50
38
-15
-9
47
-65
-97
-51
-24
46
21
-17
-37
-10
20
10
-3
-42
-12
-33
-52
9
41
39
-43
-34
63
25
21
28
-24
-52
-58
-4
-9
-41
-15
0
38
31
52
72
32
14
-34
22
62
0
30
64
64
-4
-28
-2
9
94
43
-18
-12
-91
-24
70
29
43
7
15
72
-52
-30
75
7
23
61
31
16
-3
-10
-6
-2
-74
-54
5
-41
21
20
-44
-63
-85
-16
53
33
-6
45
12
5
103
12
-39
18
18
-21
-17
42
-15
-106
-104
-62
-44
-2
49
-26
-79
-54
-77
0
25
-54
-98
-75
79
108
2
-56
43
108
8
-16
-32
-36
23
40
44
73
114
92
6
31
13
16
93
43
2
-31
-8
4
25
110
43
11
3
12
79
-18
-78
-31
-57
-29
-23
-25
28
-12
34
36
-48
4
10
-47
-55
-24
13
-22
-80
-23
-7
29
129
38
-17
13
-39
-13
66
66
48
22
-39
-83
-60
16
81
73
5
12
42
-37
-72
-78
-37
182
170
-59
-106
0
9
-149
-109
66
72
-25
-131
-110
-56
-89
7
30
-20
4
-134
-116
27
-15
-10
108
114
68
66
5
11
23
-39
-56
-103
-103
-7
1
-39
-65
-25
63
65
42
-16
-4
16
-8
-14
-34
0
-67
-71
-6
27
20
-114
-91
-34
-73
-4
41
45
123
149
88
33
-73
-82
1
-29
25
57
60
137
84
32
48
61
-6
-41
38
60
34
23
73
53
15
-47
-105
-25
2
-16
-1
57
79
54
32
4
14
18
2
33
-30
-50
17
-5
-47
-24
45
25
43
-9
-86
-30
-57
-41
-42
-87
-22
5
-13
-5
-7
-50
-10
39
-36
-27
6
0
19
4
-20
-16
-1
-16
-17
18
-21
-89
-83
-69
-38
63
71
0
-44
-45
-8
-26
-29
4
59
57
-20
-62
-69
1
39
-54
-62
32
70
70
44
51
24
-17
17
58
99
110
36
-13
-10
31
26
-22
21
-16
-23
0
-69
-36
3
-31
-11
38
78
102
58
30
-6
1
29
-29
-31
9
53
49
-7
-27
0
7
14
9
22
49
-52
-46
17
-29
-38
-46
-66
-67
-55
-40
-28
3
3
9
11
-24
20
78
47
-20
-47
-72
3
86
1
32
52
-15
-41
-24
0
-101
-47
-8
-57
61
56
24
21
22
87
58
-10
-51
-82
-42
36
11
5
59
13
-14
59
23
-17
-2
-21
-24
-125
-96
-12
-16
2
-51
-19
-17
-35
43
5
0
50
66
78
48
50
10
-30
59
18
-31
-9
-11
54
73
70
-24
-34
36
-66
-42
45
-42
-95
-63
-70
-2
18
44
62
-48
3
5
-80
22
8
17
63
-37
35
23
-92
-13
45
10
11
-1
-19
-4
26
79
27
-61
-21
20
-44
-91
-62
-50
-57
-39
-6
-27
-7
8
-53
-5
-18
-32
89
47
73
109
-15
65
72
77
102
0
55
59
75
62
-34
1
10
-33
-47
-42
5
28
11
70
43
4
20
-42
-61
-67
-77
-29
10
38
36
5
27
30
-6
30
22
17
5
-21
74
1
-49
-55
-70
17
26
82
38
-8
13
16
26
-62
-59
-39
-60
1
25
-26
0
-4
-30
35
44
4
-71
-81
-30
-28
7
-16
-72
-56
-64
-15
-64
-100
-37
-5
-8
-63
-22
-33
-1
34
-65
-69
-27
-64
-13
54
51
23
-61
-2
4
-62
-21
28
3
-92
-38
-22
-102
-26
63
59
-12
-9
43
-10
-21
0
-19
0
-2
33
100
26
-24
32
40
2
15
-43
-30
28
-39
37
64
37
39
6
39
71
110
111
134
118
58
73
30
42
78
28
25
71
71
61
93
16
-4
79
40
5
-15
-25
8
45
-4
18
71
26
41
10
24
63
14
40
55
-13
-26
1
-24
-59
-52
-15
25
-23
-111
-108
-69
-46
-35
-35
-49
-58
-20
-16
-39
-46
-65
-82
-91
-64
-65
-49
-69
-137
-66
-31
-65
-49
-58
-62
-21
2
-5
-44
-49
2
17
1
16
-26
-42
25
-17
17
62
-5
-38
-47
-16
-65
-54
30
16
67
94
42
59
23
5
28
-46
-74
-26
-63
-16
107
0
-24
60
80
56
23
94
37
20
81
72
89
10
-40
12
74
77
21
1
-21
-47
0
-5
-55
-16
-18
13
43
-4
52
91
13
-41
-5
-1
42
24
-66
26
35
-9
-9
8
-6
-79
-84
-71
-8
-11
-25
2
4
31
26
56
-2
-27
-3
-26
-12
31
61
3
4
-18
4
-9
-64
-14
-32
-28
24
70
18
-20
39
-4
-32
6
-42
12
131
58
-33
-16
49
69
-6
-79
-30
21
7
-31
-66
-4
35
-15
0
-2
7
100
62
14
-30
-64
-11
-2
9
-25
-27
-12
-46
-15
14
26
82
71
15
50
18
-46
-34
23
73
28
24
32
17
-7
-68
-14
24
-4
30
67
35
-83
-83
19
25
14
-73
-50
18
-27
-3
-40
-29
-8
-88
-65
-32
-50
-7
-13
2
-5
-41
22
-26
-56
-50
-78
-49
-42
-20
-19
-13
-33
-57
-37
-14
-66
-113
-31
-11
28
-10
-96
-49
14
-7
9
29
-68
-10
66
40
37
37
71
2
-39
-26
-47
38
0
16
106
60
49
41
0
-28
59
78
17
110
105
107
65
-17
62
15
0
1
-52
73
44
7
92
81
120
76
8
29
34
42
55
48
-64
-36
67
7
-34
-16
19
-42
-4
108
82
53
17
11
44
15
4
30
-1
17
0
-91
-17
-29
-112
-53
-69
-18
18
-92
-117
-57
18
67
15
-24
-23
-68
-29
-55
-100
-36
-100
-109
-60
-35
-39
-14
48
-8
1
3
0
1
-89
-39
-41
-69
-4
-103
-114
1
-24
-99
-151
-96
-66
-84
-52
0
45
19
-24
33
73
61
13
-71
8
36
34
81
33
18
48
55
-57
-89
-7
0
71
89
0
32
101
85
72
35
41
89
45
7
51
41
-11
46
31
6
44
16
78
124
67
39
63
51
-46
4
56
4
61
47
6
16
-36
-38
-68
-54
-19
-45
35
14
-43
-29
-72
-80
-5
76
10
-58
2
78
71
-2
-35
-12
59
86
9
-31
-58
-42
33
-2
-13
-29
-16
-2
-64
-18
6
71
52
-43
-14
-31
0
-19
-54
13
38
24
-36
-20
9
7
-7
4
-2
-90
-37
-2
6
40
-28
-17
9
-6
-4
-43
-25
22
-12
-9
-64
-119
-48
-48
-36
-61
-109
-8
46
32
13
9
46
-3
-37
-37
-73
-23
64
22
-22
38
23
29
31
-16
41
61
31
-2
11
97
94
35
3
-10
-31
-16
-1
-2
3
10
56
44
0
28
22
52
93
4
11
31
-1
-22
-59
-29
-24
-90
-52
56
10
9
58
41
49
43
72
44
6
24
-52
-29
25
-26
33
50
40
8
-86
-58
-43
-51
-7
7
-2
-25
24
40
-21
-19
21
71
70
77
60
5
-7
-61
-40
-7
-13
7
-13
0
-12
46
68
-42
-48
27
58
15
38
27
30
42
-5
-10
-71
-7
15
-70
43
39
-99
-57
-6
-7
-9
-93
-31
-3
-115
-18
-13
-92
11
-17
-65
0
-55
-46
-47
-19
0
-62
11
-18
-50
-33
-23
64
21
-2
49
41
-14
-39
3
-46
10
45
-83
-67
10
43
8
11
8
-6
-2
-39
38
58
-14
29
45
-4
3
-19
-14
73
48
0
42
50
27
26
-31
-50
113
118
-12
-2
15
65
64
15
-21
-14
-15
-68
-30
0
12
16
15
35
54
91
89
77
39
22
54
0
-23
-3
-9
52
67
7
6
-16
66
78
-12
41
1
-25
-55
-73
56
3
-44
-16
3
43
-27
-69
-34
-1
-20
-41
-43
-10
10
-9
-32
-60
0
6
-48
22
4
-102
-31
-4
-65
-56
-73
-62
-18
38
3
-75
-55
-74
-38
-29
-68
32
97
46
25
70
23
-44
-45
-71
-91
-37
26
-14
-25
17
-15
41
59
-61
-73
-40
-28
-24
1
21
-20
6
49
-11
-33
-9
-23
0
36
7
-20
0
25
30
0
4
49
8
-41
-15
-7
-13
57
87
2
-7
43
50
-17
-55
-11
11
41
70
47
-6
-15
-24
-42
-18
-6
29
44
-12
4
-11
-5
45
65
82
48
76
117
35
-13
7
-1
5
-13
-44
-2
34
36
69
38
27
29
-26
28
40
78
94
7
-3
-82
-79
-20
-93
-107
-67
-15
32
25
-3
-42
-15
-7
-33
27
40
17
56
8
-5
12
-15
12
-47
-74
-23
28
40
-33
5
-30
-64
0
-4
19
-19
0
48
19
9
-18
-60
-38
-1
-25
10
-9
-41
-67
-88
-23
-50
-20
32
-62
-56
-37
-71
-10
6
59
65
13
45
61
67
58
-5
-75
-30
20
-3
-2
-21
-52
-46
-39
-4
13
-18
0
-43
-116
-40
-16
9
57
-43
-31
28
-7
-7
21
88
114
68
8
-41
-28
27
39
49
40
29
78
51
-10
51
90
32
-21
-60
-49
8
42
37
-55
-98
-21
-49
-97
-32
-5
-55
-45
-52
-85
-32
-12
12
-8
-20
56
10
61
102
-5
25
39
36
71
14
5
7
-5
-1
-1
74
66
38
64
10
-30
-4
22
-24
-6
-5
-77
-77
-48
-4
48
43
-39
-66
-15
68
48
-40
-28
-17
-20
0
38
23
17
38
43
33
-29
-75
-72
-5
-15
-79
-50
-62
-59
-29
-20
55
32
-7
22
9
53
66
3
-10
24
20
-35
-63
-19
43
17
5
122
123
44
30
20
-43
-52
31
-4
-37
25
1
-46
-24
-32
-51
-91
-73
-11
-23
1
-44
-44
14
-11
66
46
20
52
27
44
21
38
55
62
14
-25
-5
-16
52
23
-12
2
9
-10
-51
2
16
49
43
-7
-12
-42
-9
16
30
99
50
-39
-25
5
-23
-67
-50
-18
-24
26
-33
-89
-76
-119
-28
-12
-36
-48
-50
-58
-56
4
-5
58
53
-1
24
-10
-12
-5
-4
31
37
17
-26
-40
-14
1
30
-1
-31
-51
-77
16
10
-21
-12
-46
16
32
12
64
62
51
22
-40
37
44
-7
-7
-96
-34
36
-7
5
2
17
29
25
52
22
2
58
40
97
138
19
-11
-16
-13
46
18
-3
9
-24
-17
21
40
18
13
1
-68
-65
-8
63
9
-77
-19
-12
4
19
-4
-14
-14
-6
-20
0
50
41
19
48
25
40
29
-18
-2
57
103
-4
8
41
31
9
-115
-73
-56
-105
-66
-49
-32
20
-16
-2
17
-43
4
-14
-70
-53
-39
-70
-34
4
-66
0
4
-34
40
0
20
78
54
72
10
-47
20
-9
-69
-24
-14
5
27
-21
-11
-18
-34
-15
17
42
12
21
29
-23
-7
6
-29
11
15
13
-1
-78
-56
17
5
-30
32
45
15
-29
-131
-46
31
0
53
-17
5
37
-43
-4
-8
45
12
-102
-33
56
52
-65
-100
-25
4
60
77
47
-55
-116
-4
-18
-53
0
-10
-2
-14
-29
-22
-57
-20
116
118
31
84
133
20
-41
7
-7
0
-24
-27
-4
-16
82
102
-11
-29
58
6
-5
41
-49
-36
-11
35
108
55
35
46
43
44
46
20
62
77
-20
-8
-18
-53
-18
-5
4
-4
60
29
-14
20
-21
0
59
3
-44
-14
-25
24
-3
-63
-58
-66
-39
-19
-7
-34
-81
-70
-32
-6
-1
-56
-128
-121
-55
-11
-26
-18
5
-5
18
40
28
12
66
89
46
61
22
-60
-36
-17
-35
-14
-44
-14
27
-7
-1
-32
-25
10
-3
23
21
-1
-1
-7
74
98
45
40
-40
-63
-47
-39
-1
-30
-6
30
0
13
22
-55
-11
52
-15
-8
5
-5
-22
-36
5
73
19
-80
-30
43
14
-30
-47
-28
17
-17
7
97
99
46
-18
-18
62
51
-69
-35
-31
-57
16
6
20
-18
-62
14
45
68
39
-31
13
48
46
35
36
45
5
22
71
55
26
3
-11
12
-27
29
84
-26
-23
-41
-52
32
29
-22
-14
83
64
-38
5
-47
-85
12
-37
-79
9
40
1
-63
-21
87
-11
-3
50
-46
4
44
12
21
-23
-21
32
30
17
18
11
-70
-64
-3
7
38
23
-28
-63
1
19
-10
-13
-55
10
28
3
38
41
45
51
1
-12
61
113
70
-34
6
-12
-78
-7
28
40
32
19
-66
-46
58
-1
-28
5
19
-7
-28
14
-55
-82
-14
-33
-34
32
24
3
44
18
83
158
71
-14
11
10
-29
-5
-42
-5
45
-38
-54
-21
-21
38
43
-4
25
-42
-42
-1
-49
0
6
5
47
-15
-26
-7
5
-13
-68
13
27
6
26
-29
-81
-66
-23
-57
-101
-49
24
67
14
18
28
-23
-43
-27
60
74
73
69
3
-42
-41
-62
0
31
-15
53
74
101
109
75
70
36
62
100
103
39
-62
-44
-54
-45
10
-18
6
24
47
52
-5
42
-12
-83
1
14
17
-17
-37
16
-3
-77
-72
-19
-16
-6
-62
-69
10
22
32
-16
-54
-3
0
-4
-4
-20
-18
-61
-71
21
17
9
-2
31
98
-1
-39
-11
16
113
61
-16
17
12
27
4
32
74
29
4
-29
-16
-21
-9
24
13
32
-23
-58
6
-5
-11
-20
-20
75
63
-24
-56
-17
0
-36
-15
20
-4
-28
-34
-55
6
50
-2
14
54
22
10
-68
-54
47
-18
-47
-45
-11
59
34
66
62
-10
-22
14
17
-12
-8
-26
-24
1
42
26
-13
-19
-55
21
9
-100
-43
-9
-12
-26
-28
27
-20
-8
54
-11
7
7
-42
-75
-95
-18
7
11
-44
5
52
-5
49
-32
-16
-25
-92
26
-7
-33
20
-90
-79
38
33
85
63
41
33
21
51
48
61
-7
8
34
-21
11
19
-18
4
-21
-57
4
76
96
48
-9
14
61
17
-59
-48
-38
-54
-49
-28
34
-17
-27
45
18
10
-14
2
-8
-75
-16
-39
-12
-10
-20
60
-76
-102
1
-31
-27
-14
-39
-25
-80
-47
55
10
4
83
79
33
2
-24
0
49
63
27
-14
26
50
51
115
42
-75
-64
-33
-20
-1
-4
-74
-89
-28
40
47
25
25
-9
15
28
-29
-19
-31
-46
-11
-10
21
1
-29
-7
-2
0
-28
-10
11
-23
-27
13
49
-37
-97
-73
-50
-21
-4
71
33
-13
22
5
4
-34
-6
66
-33
-86
13
65
20
-33
-43
-83
-59
10
-48
-55
9
21
33
-11
-80
13
79
26
21
-13
-48
-5
41
-15
-1
64
-11
-52
-47
15
33
35
86
0
-25
19
47
39
2
74
42
-12
48
-32
-42
42
8
31
35
1
4
9
17
-32
-100
-93
27
82
34
50
37
-33
-40
-20
15
5
6
70
-11
17
51
-83
-20
-29
-84
-17
-32
23
-8
-80
-6
-28
-39
26
-14
-65
-51
-92
-82
-20
-5
9
-15
-59
-66
-32
21
7
-6
27
21
-21
-44
30
-10
-3
54
-9
28
7
-31
-4
16
56
3
-18
60
35
19
46
42
-2
-7
30
-34
-38
30
5
-4
91
10
-57
45
16
41
19
-99
-69
32
33
-6
9
-25
-30
-4
9
53
23
-36
-48
-23
13
-14
-9
25
7
-9
-4
-17
-5
9
-6
-27
-49
-2
-14
2
53
11
22
-22
-104
-14
10
-78
-21
48
62
58
21
8
7
35
13
19
31
-7
-20
-68
-93
-1
21
0
47
-46
-66
0
-18
31
43
-2
18
30
27
11
-26
34
42
-16
21
20
-7
16
4
36
92
46
47
16
-15
-23
-47
85
35
-32
7
-67
-7
46
47
81
37
-16
-1
-27
-108
-76
-52
-49
51
85
77
-19
-35
41
0
75
52
-31
-16
-92
-101
-46
-38
-80
-86
-51
-47
-42
-45
-25
-17
-30
-52
-54
3
-3
-27
-31
-16
27
20
36
80
60
5
22
-1
0
-35
-36
31
-18
34
7
-49
-31
-53
-4
57
78
40
11
5
-18
-56
29
67
-4
37
0
3
64
17
10
-29
-67
4
51
-17
33
142
87
69
45
-28
0
28
-19
-34
11
-10
-44
-2
31
12
-44
-25
23
14
23
54
50
60
28
-39
-39
-41
-49
-50
2
56
40
0
-4
43
-1
-78
-79
-33
-51
-52
-29
59
119
11
20
-3
-77
30
11
-36
33
-2
3
-34
-69
24
64
43
51
29
1
-4
-27
8
14
37
7
-23
-28
-54
-13
-50
-26
3
-41
-49
-105
-78
29
13
-47
-50
54
129
10
-60
-84
-57
77
80
-30
17
111
29
-6
-24
-14
37
-8
15
-3
-40
32
9
14
40
-2
27
42
42
43
-75
-36
69
42
67
-5
-56
118
133
-15
27
0
-43
23
21
87
93
2
-62
-71
-71
-22
-22
-34
33
-29
37
17
-76
60
50
17
3
-58
-42
-26
-3
-1
-15
-42
-46
-42
-49
-16
20
13
-48
-58
-29
28
46
17
-10
-17
51
0
19
60
-6
33
59
6
-47
-41
-19
61
67
-65
-31
80
35
-15
1
10
-29
-39
0
38
60
27
45
5
-59
-22
-59
-24
86
-4
-74
3
6
-31
-47
-28
-44
-28
24
-59
-48
21
-13
0
-9
-28
13
-11
-9
3
-11
92
93
77
119
38
-20
21
38
-18
-32
-45
-16
34
-9
-58
24
42
-56
-6
-1
-1
70
15
-33
0
-8
13
32
-26
-58
-131
-108
-20
-10
-21
-32
14
45
2
-6
62
46
-65
-1
40
-104
-71
-74
-81
39
43
-30
-36
37
60
34
42
129
96
16
65
-3
-32
27
-11
-9
6
3
0
-5
11
35
27
-5
0
-27
5
-6
-3
130
60
58
90
-4
47
-24
-64
17
-22
-35
-57
-47
-11
-40
-80
-62
15
12
-43
-18
-17
-69
-70
-16
54
-15
-90
33
47
11
35
9
0
17
28
-57
-88
-41
-51
-33
22
-10
-39
-46
-42
45
53
10
-39
-41
26
-16
-58
24
92
39
18
-20
14
34
-54
33
49
-5
-32
6
79
117
107
-28
-43
40
0
-61
-67
-34
47
30
-18
35
53
30
4
13
34
-57
-36
83
22
-37
-64
0
71
-24
-14
34
0
-16
0
-61
-43
-11
-77
-22
-121
-145
15
64
78
7
-45
10
-30
-122
-88
-56
-45
-22
-2
-65
-40
34
-18
-21
17
32
0
-16
0
-4
0
-17
-27
-19
-10
54
72
41
49
20
30
121
95
53
28
-4
37
-46
-105
-70
-21
40
-12
-1
23
15
49
-23
-46
26
-4
1
51
-3
-26
19
26
7
38
33
5
-25
-3
59
27
38
23
17
29
-3
26
-10
-37
-34
-72
-37
-37
-47
8
23
40
-13
-44
24
15
11
-34
-81
-58
-50
-42
-77
-45
5
-53
-24
-3
-24
-8
-24
65
51
-37
-9
12
26
7
24
30
7
12
-9
14
33
-23
-40
11
65
82
60
20
3
22
-12
-67
-10
61
42
-8
3
-1
-16
0
-49
-53
-42
-3
41
-19
12
54
41
63
4
31
-7
-84
-29
-60
-59
-20
16
0
-31
31
-19
-50
22
-15
-16
-22
-69
36
54
-2
22
43
69
52
26
22
48
41
-2
-34
-60
28
56
29
43
80
64
-50
38
55
-26
46
55
18
-18
-37
-53
-9
35
20
14
-48
-15
42
22
11
33
75
24
-22
-38
-8
61
15
-16
9
-9
-43
-9
1
-26
-11
-31
-29
-61
-29
53
-10
-57
-23
62
96
51
0
-10
22
-33
-29
86
26
-48
-22
-25
10
-61
-15
61
-60
-8
43
31
68
-22
-25
48
11
9
15
-71
-85
-30
-90
-35
55
12
42
51
11
2
33
3
-33
-16
13
51
36
42
-16
-19
-2
-58
-11
34
105
143
88
0
-51
-45
-46
20
17
-81
-75
-58
-14
58
59
54
77
53
-76
-54
-33
-28
44
2
52
17
7
14
-73
36
99
51
18
-41
-66
9
-49
-91
-18
-7
67
33
8
60
19
5
-13
-31
-55
-35
30
60
36
37
74
56
47
-1
-61
-39
-26
-22
-9
27
88
88
48
4
-6
-7
-16
5
-12
-32
0
-63
-69
7
-86
-11
96
-14
-5
5
-10
5
-37
-39
-31
-42
-54
-67
16
24
-58
-20
-40
-79
-31
10
58
9
-18
56
46
44
41
40
16
-62
-45
41
79
32
21
90
74
7
-17
-59
-17
88
73
56
17
-83
-88
-90
-7
45
-4
19
0
9
2
4
24
-25
-15
-6
-3
-21
-50
5
53
28
0
-14
-9
8
-57
-70
-34
-111
-105
-49
-4
72
24
-6
34
-33
-66
0
40
5
40
73
31
81
41
66
76
-20
-10
-89
-59
9
-59
1
45
-3
-21
-58
-23
0
16
75
9
-11
46
10
-17
-10
26
54
14
30
66
22
16
5
-38
-2
6
-22
3
-10
22
47
-51
-43
-39
-19
2
-41
-44
-78
-75
3
37
25
32
-35
-98
-71
-76
-37
20
-23
-42
7
-1
-6
49
81
50
-50
-53
13
31
27
32
4
-42
-8
-37
-63
-68
-7
107
46
62
73
-27
-29
-22
-42
-18
-3
44
83
7
15
55
80
78
-8
-69
-89
-62
-41
-3
-8
-76
13
59
-32
-16
17
22
-36
-109
-62
-26
0
82
75
2
-42
-45
-28
-40
-26
-46
-40
29
81
67
-2
22
12
-25
53
72
14
20
24
-30
-29
-97
-111
-16
32
22
6
84
57
-27
-47
-66
-51
-30
8
65
72
-14
-89
-83
-22
57
33
-61
-124
-29
75
29
-7
-47
-46
-14
-34
-26
-32
-66
-100
-55
60
98
55
9
54
27
-73
-48
-9
25
40
29
71
52
-25
-19
25
31
-10
-35
61
80
4
5
-5
30
37
-45
-21
23
38
43
-23
-20
10
-22
-4
-18
-16
12
76
62
-90
-14
83
21
-22
-36
13
-10
-120
-120
-48
7
76
93
126
126
81
75
42
85
26
1
43
20
50
-26
-49
33
-18
-75
-15
37
-3
-23
77
29
-82
-28
46
80
-5
-84
-41
28
22
-11
-8
-31
-17
-23
-38
-52
-124
-74
-29
-69
-42
-36
-26
-9
51
52
-20
4
0
-11
2
15
6
-51
-36
-21
27
112
58
94
125
-2
-22
-46
-69
-3
30
58
31
19
-23
-91
-42
-53
-80
-34
-51
-73
-48
18
57
15
21
22
-30
-44
-15
19
23
40
28
-11
-9
-3
-32
-38
57
49
19
51
-13
16
86
0
-102
-134
-71
6
-32
-39
-47
-21
41
-10
55
24
-48
-23
-18
42
7
39
50
-36
7
53
-1
12
66
-27
4
67
25
62
12
-50
-13
-1
-32
-40
-23
-36
21
53
-10
23
23
34
5
-27
91
66
60
19
-62
77
120
-4
-44
11
-22
17
102
20
-18
-1
27
36
11
-3
-46
-55
-88
-76
-52
-94
-54
21
43
15
9
-1
23
-32
-29
87
-50
-52
-27
-101
-37
-92
-74
-6
60
79
10
25
32
66
5
-4
84
23
-4
24
56
42
-34
-48
-15
-37
-77
-2
81
85
5
-34
4
-6
-61
-52
28
42
-1
-16
-1
25
-9
-4
54
-39
-4
76
48
86
52
37
3
11
0
-85
-6
-24
-61
8
60
31
-10
37
9
-38
-50
-38
-69
-53
-76
-83
-28
-63
-44
-46
24
76
-3
-9
18
55
10
-54
-54
-58
-50
-19
28
51
74
42
-6
-3
17
112
81
-34
13
14
-17
27
31
-15
-21
-53
-5
24
-31
-15
-43
-45
12
67
1
1
60
6
42
27
22
32
32
32
0
14
-24
-26
-22
-21
36
114
49
-21
55
12
-27
-16
-92
-82
-48
-61
-31
-18
-31
-24
28
46
21
2
33
6
28
43
-36
-15
7
61
49
26
-40
-133
-2
-16
6
67
-115
-132
-41
23
68
-5
-62
-39
-20
-7
-29
-43
51
61
1
6
25
79
64
13
81
104
37
3
13
-7
-51
4
44
-18
-16
-68
-101
14
31
63
130
86
64
21
-90
-118
-46
-15
-37
20
3
-50
20
51
-7
-32
-8
85
104
20
13
-52
-11
62
-19
-2
4
2
40
44
-17
-25
55
7
14
17
-38
4
-43
-22
7
-32
-9
-3
-20
-54
-23
-1
21
-45
-134
-74
-19
30
9
30
149
100
-67
-132
-73
-51
-74
-41
9
-12
-53
-46
7
70
73
80
6
-66
-26
5
54
38
-29
-10
94
106
69
124
68
25
63
35
0
-35
-103
-50
-16
-101
-56
4
30
67
60
81
28
-52
-27
-60
-117
-80
-16
-43
-2
108
12
-1
104
29
18
23
11
28
-54
-81
-43
30
-28
-62
41
23
72
13
-45
87
9
-72
-66
-57
45
25
8
107
89
61
69
48
-2
-39
-40
-90
-98
-77
-71
-30
56
50
34
86
92
73
-71
-117
-84
-81
-1
6
39
109
109
88
64
19
-34
-37
-25
-96
-122
-92
-73
-30
2
24
35
89
99
23
-12
-2
0
-53
-102
-93
-30
34
31
24
52
24
28
7
-11
52
26
7
-2
-23
-71
-77
-14
43
60
39
75
72
72
0
-17
31
-63
-148
-189
-63
69
59
101
85
30
-24
-44
0
-57
-73
-25
-17
-51
-44
-46
10
64
23
125
153
105
1
-81
6
25
-66
-124
-54
-30
51
127
73
92
13
-37
17
-41
-24
27
-46
0
7
-29
106
140
64
4
-39
-26
-56
-106
-23
9
-60
-33
-1
-54
-27
7
5
109
116
-41
-31
-52
-89
-37
-50
-3
-42
-46
12
21
32
36
76
3
-126
-84
-46
29
72
-53
13
65
-1
59
98
51
58
57
-6
-6
-35
-74
-7
38
-2
-26
-26
-69
-34
-16
-79
-28
-26
-47
4
26
28
46
4
-78
40
51
-16
2
-42
-46
-74
-1
11
-33
-51
-18
84
-75
-75
32
15
55
9
13
47
39
70
87
60
45
-18
-19
76
109
112
121
71
24
82
27
-30
15
-28
-51
-115
-150
-82
-60
37
16
-9
85
88
54
20
14
11
-93
-215
-182
-96
-42
19
50
39
72
82
-8
-69
-72
-61
-74
-119
-139
-111
-30
47
35
62
100
74
47
-5
3
-23
-123
-122
-95
-58
45
111
68
45
88
80
22
-32
-18
-63
-202
-183
-60
-18
53
110
78
127
128
104
90
41
-45
-177
-170
-195
-180
49
172
148
139
178
111
19
-4
-77
-114
-155
-108
-74
-112
-3
86
98
131
133
82
70
59
-54
-118
-87
-132
-158
-48
49
57
115
188
87
20
66
18
-51
-76
-153
-133
-29
-43
-17
62
162
150
106
94
73
63
-97
-146
-107
-84
6
-5
11
146
165
125
149
72
28
17
-129
-161
-104
-74
-41
-13
27
19
61
144
127
77
-14
-20
-74
-217
-169
-88
-18
45
57
91
132
117
19
10
-82
-234
-207
-229
-163
-76
-37
60
61
55
109
92
-4
3
-34
-135
-146
-184
-89
-5
31
108
126
208
152
80
62
-54
-131
-179
-167
-185
-164
-35
34
78
140
189
124
0
-100
-124
-92
-190
-204
-130
-88
-27
78
239
273
226
155
124
13
-174
-196
-133
-107
-104
-4
99
168
191
165
193
105
40
13
-118
-106
-85
-170
-138
-81
3
138
161
181
158
100
11
-74
-21
-39
-94
-98
-72
-20
56
157
190
195
160
89
3
-75
-35
-54
-159
-146
-81
-62
-22
121
201
117
135
113
-23
-38
-17
-14
-82
-84
23
43
52
40
34
29
37
111
56
0
-120
-196
-131
-158
-104
-42
4
59
54
89
35
-38
-57
-76
-72
-144
-109
-64
-160
-103
-73
-70
66
76
50
107
70
15
-64
-83
26
11
-93
-82
-11
-32
-85
-83
18
97
86
59
-4
7
-3
-87
-143
-140
-71
-110
-144
-37
39
112
96
66
97
80
37
-82
-62
4
-25
47
135
61
70
164
73
0
32
24
-50
-19
44
1
65
83
16
0
86
212
95
-8
80
27
-51
-96
-115
-35
36
48
33
25
54
118
101
115
122
9
-49
-40
-21
17
40
-44
-33
80
6
9
42
60
99
-10
-37
-101
-126
-54
-9
87
60
10
0
-29
0
-17
-77
-84
-17
14
-60
-54
19
115
79
53
72
12
60
2
13
66
16
11
-23
4
-13
-4
27
-4
41
18
-29
22
15
-93
-67
-7
-33
-47
-71
-26
28
3
-15
66
75
-2
-26
-40
-9
-38
-94
-110
-124
-75
-32
-36
-32
-22
-34
-7
-47
-46
14
-79
-40
-23
-167
-99
5
2
40
119
20
-86
35
7
-161
-201
-125
-66
-71
-84
4
44
24
136
110
16
1
-77
-100
-57
-60
-62
-38
-2
62
70
84
93
27
79
76
20
5
-170
-229
-17
67
41
144
156
188
184
91
164
45
-70
37
38
-11
-26
7
79
153
233
226
271
258
111
72
66
-5
-66
14
78
88
195
230
210
207
186
176
116
72
26
6
36
-25
-81
-18
43
28
49
63
26
18
9
-68
-176
-259
-213
-219
-322
-187
-173
-239
-111
-78
-96
-128
-202
-262
-265
-259
-283
-269
-321
-348
-304
-306
-245
-244
-323
-299
-288
-247
-163
-172
-177
-137
-189
-254
-261
-295
-343
-429
-431
-275
-213
-142
-15
37
23
-46
-22
-45
-105
-160
-303
-326
-314
-344
-302
-181
-78
16
76
144
234
195
178
110
45
68
-6
12
101
168
343
438
519
626
646
677
690
651
586
562
585
540
475
539
628
730
860
876
874
854
784
741
697
687
624
614
657
623
713
697
610
624
543
470
385
252
238
203
134
206
234
237
264
219
210
211
172
76
-23
-198
-267
-82
-85
-59
50
33
138
208
83
-114
-379
-734
-945
-1078
-1366
-1691
-1868
-1927
-1992
-1967
-1976
-1973
-1867
-1884
-1934
-2039
-2218
-2255
-2277
-2401
-2437
-2316
-2095
-1811
-1455
-1135
-764
-337
27
338
439
464
524
494
405
251
97
86
102
183
371
424
553
702
735
780
763
704
519
262
52
-81
-216
-307
-252
-167
-15
147
302
498
724
942
1001
985
956
924
794
686
649
561
558
492
422
532
622
673
791
909
1037
1104
1094
1146
1212
1169
1089
1050
1045
1137
1163
1184
1406
1533
1624
1838
1909
1938
1970
1937
1905
1760
1550
1274
954
734
542
330
148
44
18
-36
8
69
1
-19
-52
-33
-63
-153
-125
-134
-85
54
206
398
515
679
921
949
879
708
308
-141
-538
-1026
-1480
-1928
-2467
-2803
-3069
-3323
-3556
-3707
-3723
-3828
-4035
-4273
-4448
-4612
-4682
-4666
-4685
-4499
-4097
-3621
-3069
-2403
-1670
-960
-319
165
550
827
1028
1019
781
607
443
217
81
73
9
71
161
210
386
499
536
426
196
-61
-276
-474
-703
-853
-921
-866
-680
-346
151
714
1206
1589
1934
2226
2337
2254
2119
1880
1603
1273
907
642
502
476
460
629
884
1061
1215
1339
1459
1502
1480
1428
1388
1354
1306
1278
1388
1685
1987
2207
2402
2709
2966
3126
3247
3268
3235
3081
2919
2736
2434
2079
1738
1432
1075
789
597
349
100
-105
-222
-258
-346
-314
-193
-71
120
325
532
679
782
922
1020
1051
1182
1368
1500
1741
1994
2200
2488
2706
2778
2724
2495
2065
1419
447
-574
-1516
-2470
-3365
-4299
-5090
-5637
-5965
-6157
-6351
-6478
-6562
-6581
-6683
-6891
-6996
-7024
-6998
-6894
-6678
-6260
-5522
-4567
-3596
-2556
-1477
-548
258
876
1274
1462
1349
1123
718
211
-201
-661
-1000
-1128
-1213
-1201
-1165
-1106
-1004
-933
-875
-956
-993
-918
-964
-922
-832
-677
-302
12
397
927
1515
2183
2828
3399
3828
4151
4313
4252
4061
3753
3348
2793
2069
1311
706
243
-206
-600
-878
-764
-486
-228
132
502
1024
1366
1501
1644
1694
1765
1784
1768
1898
2198
2648
3166
3643
4221
4933
5422
5657
5707
5465
5036
4429
3500
2482
1552
728
27
-581
-915
-984
-888
-767
-532
-44
388
705
811
912
1135
1166
1168
1284
1418
1622
1919
2167
2482
2805
3045
3316
3463
3446
3428
3346
3111
2750
2297
1750
1047
187
-864
-2032
-3241
-4451
-5481
-6417
-7279
-7880
-8198
-8281
-8165
-8027
-7767
-7476
-7375
-7296
-7332
-7430
-7453
-7447
-7446
-7264
-6724
-5891
-4792
-3581
-2366
-1099
90
1011
1554
1778
1709
1309
654
-232
-1056
-1739
-2317
-2613
-2641
-2397
-2029
-1690
-1212
-631
-235
7
208
358
347
307
345
376
571
746
1001
1491
1938
2446
3031
3501
3799
3990
4121
4215
4060
3655
3268
2798
2241
1710
1140
682
321
-33
-180
-141
-6
276
696
1124
1596
2054
2388
2735
3051
3246
3347
3392
3456
3524
3597
3685
3803
4173
4521
4678
4953
5079
5163
5150
4718
4143
3266
2249
1320
313
-575
-1322
-1854
-2109
-2209
-2038
-1606
-1176
-723
-205
267
715
1143
1395
1458
1643
1870
2094
2404
2702
3070
3376
3632
3760
3743
3764
3601
3300
2899
2490
2096
1570
1119
638
59
-508
-1136
-1984
-3010
-4088
-5266
-6254
-7008
-7858
-8532
-8879
-8947
-8658
-8477
-8241
-7782
-7480
-7413
-7577
-7798
-7983
-8019
-8108
-8287
-8049
-7279
-6236
-5115
-3867
-2533
-1134
111
965
1539
1728
1567
1113
447
-305
-1077
-1618
-1923
-1981
-1919
-1638
-1132
-565
108
654
1221
1610
1690
1729
1643
1500
1250
1041
954
898
996
1163
1460
2049
2713
3204
3627
4105
4490
4612
4521
4219
3815
3376
2741
2049
1460
1033
703
491
484
609
1028
1550
1951
2425
2985
3475
3718
3817
3851
3813
3751
3560
3410
3322
3311
3508
3599
3832
4232
4423
4597
4684
4618
4431
3916
3208
2421
1532
607
-300
-1142
-1701
-1976
-2161
-2031
-1675
-1124
-444
207
860
1495
2139
2470
2569
2755
3005
3201
3221
3124
3089
3150
3129
2846
2561
2388
2092
1518
814
370
-17
-539
-1040
-1474
-1695
-1758
-1862
-2085
-2205
-2314
-2744
-3492
-4476
-5160
-5650
-6413
-7285
-8060
-8417
-8447
-8552
-8732
-8795
-8543
-8256
-8499
-8884
-8952
-8870
-8886
-9156
-9174
-8604
-7670
-6652
-5681
-4550
-3027
-1404
-259
571
1339
1878
2025
1579
933
461
-20
-554
-1089
-1221
-883
-482
-154
226
988
1803
2280
2419
2332
2349
2333
1922
1370
1043
985
1015
950
1059
1691
2636
3427
3961
4576
5439
6179
6481
6357
6187
6026
5598
4824
3904
3292
2872
2414
1939
1606
1653
2075
2378
2468
2789
3120
3296
3272
3008
2851
2810
2634
2275
1992
2140
2523
2782
3087
3504
4070
4689
5043
5179
5151
4935
4483
3729
2722
1767
949
47
-772
-1518
-1988
-2031
-2056
-1877
-1474
-930
-240
305
773
1259
1649
1892
1879
1806
1833
1733
1573
1322
1117
1088
1067
970
762
638
681
643
302
-159
-555
-830
-1133
-1622
-2083
-2270
-2281
-2464
-2785
-3049
-3235
-3478
-4126
-5152
-5915
-6368
-6948
-7802
-8674
-9096
-9124
-9142
-9340
-9459
-9150
-8609
-8529
-8811
-8844
-8533
-8126
-8040
-8077
-7600
-6619
-5619
-4720
-3689
-2441
-1034
127
743
1255
1792
2097
2038
1487
974
794
433
36
-169
-59
331
627
914
1377
2118
2723
2892
3009
3268
3408
3288
2910
2555
2587
2659
2678
2603
2779
3703
4540
5057
5459
6160
7207
7603
7470
7145
6919
6704
5831
4646
3660
3010
2458
1728
1066
811
1050
1347
1573
1834
2211
2822
3189
3269
3328
3414
3532
3420
3041
2894
3071
3073
2900
2809
3002
3395
3620
3681
3691
3706
3591
3071
2328
1614
870
-112
-1287
-2176
-2770
-3162
-3443
-3618
-3264
-2635
-2007
-1317
-638
205
1004
1374
1483
1512
1559
1457
1123
688
399
460
467
323
282
409
528
452
92
-300
-649
-1115
-1692
-2424
-3011
-3494
-3891
-4144
-4365
-4296
-4156
-4141
-3973
-3852
-3949
-4274
-4825
-5101
-5270
-5792
-6535
-7153
-7195
-7104
-7371
-7670
-7792
-7619
-7512
-7865
-8349
-8584
-8458
-8426
-8810
-9055
-8559
-7454
-6373
-5463
-4319
-2644
-780
540
1489
2398
3364
4052
3958
3607
3360
3208
3003
2646
2355
2439
2831
3156
3546
4062
4599
5024
5226
5277
5274
5092
4564
3907
3350
3097
2868
2494
2407
2860
3676
4316
4826
5452
6237
7026
7092
6653
6333
6085
5549
4310
2995
2384
2055
1529
973
799
1266
2108
2728
2992
3407
4172
4742
4703
4134
3551
3319
2908
1970
976
527
567
712
705
618
976
1719
2302
2528
2589
2552
2463
2080
1077
31
-772
-1589
-2447
-3311
-4026
-4380
-4353
-4154
-3862
-3447
-2773
-1948
-1287
-750
-302
3
232
358
339
179
13
-86
-91
-24
6
-11
26
179
268
89
-256
-577
-1021
-1494
-2162
-3057
-3701
-4118
-4341
-4588
-4889
-4755
-4138
-3413
-2907
-2587
-2201
-1659
-1324
-1703
-2535
-3203
-3530
-4007
-5155
-6396
-7072
-7214
-7376
-7985
-8575
-8584
-8175
-8042
-8455
-8767
-8444
-7887
-7608
-7611
-7262
-5956
-4386
-3208
-2095
-673
1137
2900
3887
4444
5209
5894
6156
5802
5288
5021
4848
4643
4213
3941
4183
4468
4522
4585
4789
5027
5001
4703
4391
4201
3929
3349
2845
2662
2605
2517
2409
2603
3216
3847
4267
4589
5066
5745
6146
6033
5807
5646
5527
4969
3951
3241
2955
2954
2635
2090
2071
2504
3042
3140
2935
3039
3302
3279
2765
2165
1911
1611
1054
387
-68
-86
-13
-46
-136
-70
318
669
662
528
461
297
-66
-662
-1265
-1732
-2267
-2918
-3595
-3983
-4123
-4423
-4605
-4455
-4073
-3638
-3446
-3102
-2318
-1593
-1204
-963
-618
-69
255
171
31
-49
-37
-92
-431
-787
-815
-658
-807
-1274
-1532
-1475
-1462
-1821
-2398
-2785
-2995
-3279
-3797
-4301
-4382
-4219
-4118
-4033
-3697
-3021
-2360
-1909
-1495
-975
-602
-790
-1375
-1822
-1957
-2289
-3199
-4131
-4508
-4577
-4915
-5570
-5971
-5757
-5408
-5543
-5995
-6028
-5391
-4696
-4667
-4788
-4159
-3018
-1966
-1383
-902
177
1625
2613
3039
3567
4497
5369
5604
5429
5452
5865
6218
6034
5708
5713
5984
6023
5711
5455
5508
5705
5456
4865
4561
4467
4228
3693
3047
2793
2750
2518
2196
2145
2611
2999
3132
3329
3798
4535
4988
4969
4818
4961
4968
4372
3590
3017
2687
2250
1495
750
570
871
1005
747
468
672
1173
1214
597
-69
-323
-471
-1128
-2160
-2833
-2853
-2675
-2885
-3157
-2832
-2027
-1221
-797
-824
-675
-220
-109
-524
-1319
-2065
-2428
-2819
-3572
-4280
-4476
-4297
-4015
-3814
-3605
-3017
-2231
-1580
-1245
-1214
-1053
-761
-804
-1130
-1478
-1785
-1869
-2018
-2229
-2261
-2199
-2003
-1810
-1514
-1166
-968
-823
-668
-540
-536
-692
-1070
-1379
-1474
-1586
-1909
-2260
-2157
-1848
-1678
-1546
-1316
-639
352
938
1054
1234
1777
2209
1902
1053
328
54
-142
-887
-2066
-2776
-2768
-2628
-3008
-3717
-3824
-3366
-3190
-3755
-4536
-4724
-4459
-4436
-4853
-5102
-4527
-3431
-2592
-1994
-986
732
2466
3591
4353
5145
6092
6835
6954
6729
6702
6751
6603
6263
5974
6004
6012
5688
5263
4972
4764
4400
3745
2977
2349
1693
905
237
-211
-415
-462
-645
-571
76
795
1338
1758
2298
3030
3588
3676
3473
3400
3467
3127
2325
1580
1113
929
632
49
-276
-96
205
235
54
42
183
142
-275
-953
-1523
-1946
-2440
-3113
-3739
-3966
-3777
-3499
-3286
-2877
-2098
-1224
-600
-177
131
352
389
82
-387
-963
-1657
-2329
-3051
-3544
-3706
-3807
-3803
-3676
-3387
-3004
-2656
-2394
-2049
-1782
-1814
-1849
-1887
-1924
-1834
-1717
-1643
-1479
-1165
-753
-270
102
456
1003
1453
1679
1866
2040
2146
2074
1794
1489
1235
860
410
-33
-434
-751
-1132
-1420
-1482
-1442
-1382
-1125
-641
-90
587
1153
1590
2117
2555
2682
2449
2036
1725
1457
828
-60
-873
-1345
-1556
-2036
-2644
-3055
-3187
-3282
-3685
-4245
-4604
-4646
-4710
-4923
-5143
-4898
-4017
-3134
-2403
-1496
-160
1395
2745
3754
4624
5610
6442
6777
6796
6752
6697
6537
6004
5380
4907
4331
3683
3016
2343
1729
1147
469
-225
-693
-921
-1211
-1534
-1533
-1269
-935
-740
-531
-17
689
1213
1300
1434
1752
1981
2008
1694
1364
1416
1446
991
463
226
270
306
-18
-347
-311
-104
-184
-696
-1179
-1319
-1421
-1842
-2463
-2886
-2916
-2852
-2984
-3195
-2936
-2267
-1692
-1265
-908
-324
400
728
709
704
782
753
386
-121
-586
-871
-1098
-1500
-1757
-1759
-1591
-1410
-1422
-1412
-1210
-1013
-1056
-1296
-1463
-1547
-1645
-1822
-1993
-1884
-1465
-991
-548
98
1030
1883
2509
3017
3432
3896
3910
3472
3043
2619
2220
1585
799
121
-216
-416
-767
-1104
-1250
-1127
-1018
-1013
-951
-721
-283
102
312
732
1399
2119
2762
3067
3338
3753
3987
3841
3249
2706
2459
2026
1124
-51
-799
-1128
-1748
-2778
-3749
-4338
-4690
-5324
-6384
-7171
-7403
-7390
-7574
-7864
-7614
-6548
-5136
-4022
-2961
-1484
430
2195
3320
4134
5124
6006
6277
6006
5409
5001
4727
4075
3237
2520
2105
1772
1283
764
394
329
177
-288
-679
-934
-1241
-1548
-1904
-2011
-1784
-1686
-1501
-1095
-598
61
626
1012
1578
2268
2723
2722
2522
2531
2632
2398
1648
955
687
543
154
-501
-870
-841
-716
-899
-1329
-1378
-1103
-906
-1122
-1504
-1554
-1341
-1193
-1369
-1553
-1320
-739
-270
-136
184
813
1463
1790
1778
1897
2064
2068
1859
1428
973
685
381
-75
-512
-800
-970
-1113
-1384
-1702
-1777
-1781
-1853
-1957
-1930
-1766
-1629
-1395
-1006
-462
130
645
1132
1676
2228
2654
2890
2986
3035
2898
2619
2298
1942
1617
1258
934
538
206
7
-268
-453
-660
-904
-1057
-1093
-1015
-1027
-1009
-775
-307
198
707
1313
1906
2564
3206
3621
3793
3997
4132
3890
3327
2543
1680
899
-27
-1275
-2498
-3547
-4339
-5120
-6045
-6810
-7337
-7660
-8116
-8564
-8700
-8622
-8358
-8114
-7785
-7100
-6066
-4925
-3776
-2469
-969
576
1926
3024
4036
4986
5566
5729
5609
5353
5021
4451
3644
2934
2574
2103
1484
1024
748
684
607
393
101
-46
-59
-209
-508
-740
-718
-550
-438
-412
-210
244
819
1237
1458
1884
2461
2825
2789
2590
2521
2550
2229
1574
999
623
436
114
-244
-413
-288
-16
40
119
310
536
757
695
506
457
471
387
243
202
309
610
848
942
1197
1593
1837
1861
1770
1677
1536
1249
778
182
-254
-568
-1007
-1491
-1891
-2083
-2078
-2150
-2231
-2224
-2100
-1895
-1904
-1971
-1934
-1729
-1428
-1391
-1291
-907
-399
85
436
888
1485
2143
2597
2755
2898
3014
2977
2771
2349
1821
1475
1110
468
-51
-353
-508
-666
-985
-1107
-950
-763
-692
-678
-607
-357
-195
-319
-318
17
544
935
1135
1491
2081
2661
2905
2852
2751
2688
2339
1322
-3
-1153
-2102
-3203
-4669
-5979
-6748
-7172
-7428
-7870
-8237
-8001
-7544
-7365
-7417
-7222
-6617
-6092
-5749
-5512
-4952
-3735
-2491
-1378
-332
949
2570
3930
4804
5407
6032
6464
6388
5877
5343
4838
4252
3647
2968
2509
2234
2055
1901
1530
1353
1295
927
551
268
-95
-506
-963
-1273
-1248
-1061
-1022
-891
-316
455
1190
1701
2104
2668
3249
3471
3300
3044
2939
2941
2569
1910
1519
1411
1416
1235
942
990
1400
1743
1640
1519
1624
1682
1507
972
507
331
251
92
-159
-158
243
761
1062
1297
1603
1858
1997
1725
1239
746
143
-510
-1361
-2122
-2597
-2965
-3209
-3406
-3490
-3380
-3242
-3225
-3317
-3360
-3414
-3533
-3619
-3589
-3426
-3125
-2599
-2025
-1263
-280
630
1422
2076
2755
3168
3162
3033
2836
2584
2188
1613
1168
953
761
644
520
383
279
149
-33
-359
-665
-857
-1092
-1377
-1706
-1916
-1775
-1507
-1273
-1054
-696
-173
343
675
828
1062
1335
1423
1396
1367
1346
1305
1161
921
600
266
-146
-930
-1837
-2558
-3273
-3884
-4537
-5339
-5713
-5756
-5857
-5938
-5973
-5776
-5369
-5166
-5030
-4734
-4219
-3550
-2940
-2304
-1425
-168
1249
2502
3612
4845
5993
6676
6899
6782
6542
6196
5496
4571
3746
3080
2520
1951
1465
1249
1294
1182
833
520
253
-68
-602
-1255
-1752
-1887
-1820
-1663
-1420
-922
9
947
1814
2721
3531
4265
4614
4549
4504
4397
4150
3698
3093
2699
2391
2053
1840
1550
1345
1309
984
554
270
73
-269
-809
-1386
-1841
-1996
-2055
-2166
-2164
-1863
-1397
-989
-556
-141
251
586
633
567
353
-33
-434
-1039
-1655
-2212
-2777
-3188
-3549
-3847
-4026
-4042
-3931
-3869
-3833
-3704
-3500
-3289
-3075
-2862
-2578
-2227
-1725
-1163
-566
137
866
1562
2144
2733
3140
3438
3689
3639
3445
3157
2828
2480
2073
1614
1217
934
714
523
229
20
-74
-286
-567
-755
-943
-1210
-1371
-1471
-1490
-1393
-1175
-888
-602
-92
409
739
1061
1393
1720
1894
1929
1873
1848
1849
1747
1587
1434
1305
1121
863
456
-115
-575
-1050
-1849
-2763
-3551
-4080
-4448
-4847
-5107
-4958
-4534
-4177
-3853
-3526
-3065
-2543
-2414
-2348
-2116
-1809
-1385
-1006
-576
113
1078
2060
2931
3655
4269
4781
4884
4591
3996
3382
2826
1914
998
401
32
-92
-105
-62
130
480
616
567
435
187
-39
-442
-900
-1160
-1071
-795
-534
-43
752
1689
2442
2899
3262
3594
3688
3472
3067
2602
2266
1906
1479
1109
870
850
725
456
113
-209
-393
-757
-1331
-1926
-2246
-2253
-2318
-2399
-2223
-1837
-1412
-940
-624
-432
-109
11
-92
-237
-445
-494
-572
-844
-984
-970
-836
-705
-758
-722
-756
-983
-1157
-1326
-1602
-1745
-1796
-1981
-2017
-1879
-1581
-1176
-841
-437
-8
376
689
820
993
1254
1351
1419
1563
1830
2136
2365
2703
2968
3096
3158
3046
2772
2373
1719
961
263
-473
-1074
-1504
-1832
-1943
-1847
-1609
-1304
-1084
-856
-582
-340
-243
-334
-420
-455
-381
-248
-8
357
771
1247
1736
2084
2176
2221
2133
1773
1120
446
-57
-573
-941
-1299
-1364
-1115
-893
-622
-534
-406
-388
-541
-835
-1620
-2276
-2671
-3003
-3156
-3255
-3091
-2500
-1838
-1305
-886
-533
-132
-74
-349
-682
-1057
-1230
-1286
-1271
-1061
-628
115
861
1452
1902
2194
2274
1860
1283
626
-54
-538
-1073
-1338
-1328
-1137
-680
-123
451
827
1028
1015
813
520
106
-279
-718
-920
-693
-482
-117
562
1362
2041
2418
2629
2618
2452
2179
1766
1263
706
392
220
26
53
233
388
475
369
173
55
-209
-553
-886
-1186
-1231
-1093
-895
-563
-80
357
740
970
1113
1228
1203
1055
779
637
620
514
473
593
699
774
728
615
653
571
318
82
-130
-230
-362
-507
-500
-468
-368
-395
-484
-483
-601
-573
-547
-645
-623
-468
-214
7
206
367
507
629
576
424
154
-155
-319
-574
-797
-878
-780
-591
-493
-269
-54
80
199
169
35
-122
-281
-478
-681
-625
-326
-132
25
253
465
617
637
528
308
42
-104
-226
-432
-464
-400
-416
-378
-245
-251
-356
-518
-859
-1129
-1334
-1591
-1676
-1536
-1250
-837
-348
124
556
936
1100
1073
918
531
62
-412
-737
-833
-786
-615
-412
-86
164
226
191
-106
-530
-1121
-1836
-2371
-2697
-2798
-2803
-2601
-2032
-1277
-557
-20
410
725
817
718
394
34
-71
-80
-1
317
813
1406
1962
2296
2426
2424
2181
1640
948
308
-189
-582
-819
-777
-410
119
603
1020
1383
1650
1703
1497
1011
486
225
45
-96
-64
186
730
1337
1683
1930
2016
1916
1590
1000
519
22
-397
-622
-806
-726
-295
119
444
730
861
951
889
544
187
-4
-134
-219
-208
19
506
1020
1448
1662
1734
1764
1561
1156
626
34
-534
-977
-1351
-1609
-1608
-1622
-1596
-1524
-1517
-1468
-1408
-1468
-1568
-1617
-1600
-1353
-1139
-938
-509
-82
187
277
311
399
460
358
171
72
99
185
238
362
501
697
782
676
600
352
78
-233
-624
-877
-987
-918
-965
-885
-589
-383
-169
-136
-257
-228
-236
-461
-733
-1060
-1191
-1176
-1152
-1025
-854
-482
-123
43
89
144
213
138
-2
-168
-220
-233
-204
-180
-112
181
288
299
344
294
265
100
-38
-136
-325
-360
-378
-509
-473
-282
-161
-74
-65
-76
-66
-208
-403
-563
-715
-763
-723
-753
-740
-501
-202
24
206
344
609
778
778
856
811
768
763
678
626
679
736
731
738
695
691
672
551
512
508
443
367
315
253
276
389
472
520
560
574
470
436
444
404
407
400
376
382
432
517
585
548
551
535
419
392
316
119
-47
-149
-198
-226
-213
-220
-234
-247
-235
-183
-156
-110
9
83
67
195
389
540
708
819
835
807
716
553
429
288
142
72
-73
-166
-178
-219
-224
-280
-388
-471
-598
-672
-794
-940
-947
-1014
-998
-852
-729
-538
-329
-183
-7
125
152
138
139
123
72
89
76
-37
-5
68
-15
5
-28
-122
-97
-228
-394
-481
-589
-650
-629
-629
-589
-438
-372
-315
-194
-154
-160
-213
-268
-302
-356
-370
-352
-353
-276
-212
-150
-5
19
24
6
-177
-284
-328
-463
-614
-667
-678
-587
-381
-323
-208
-46
13
61
16
-72
-258
-436
-519
-549
-502
-412
-196
-22
102
367
592
672
695
716
683
581
437
331
305
290
309
383
450
537
596
443
413
407
135
-60
-230
-292
-297
-416
-431
-335
-277
-195
-23
125
172
236
369
448
458
480
528
523
546
667
705
625
564
499
399
285
147
96
61
-5
-2
-29
-95
-53
-56
-70
-151
-304
-262
-293
-267
-278
-303
-62
134
281
351
419
575
566
540
548
508
542
527
491
569
660
675
660
658
631
528
366
209
57
-45
-119
-276
-358
-332
-271
-249
-267
-197
-132
-108
-98
-89
-88
-120
-122
-115
-103
-31
-79
-100
-29
-44
-14
-64
-125
-201
-398
-561
-661
-631
-588
-570
-589
-566
-437
-444
-434
-394
-464
-557
-602
-572
-609
-579
-493
-433
-258
-161
-48
43
84
140
62
60
-11
-137
-191
-359
-491
-431
-368
-357
-274
-262
-225
-194
-259
-239
-274
-401
-465
-603
-653
-563
-583
-481
-281
-106
74
179
253
376
454
514
551
544
590
588
588
592
600
621
581
552
509
454
444
353
204
122
1
-41
0
-75
-89
11
63
126
140
103
150
70
-36
-39
-93
-118
-102
-21
109
164
233
306
297
264
317
357
315
227
95
17
-2
12
-8
28
62
114
292
368
462
567
544
521
534
567
570
494
403
397
413
396
254
128
91
17
-50
-119
-191
-239
-205
-166
-186
-131
-31
33
11
-42
-36
-65
-156
-266
-261
-222
-233
-189
-133
-18
112
197
274
217
159
172
96
38
-77
-142
-139
-208
-196
-220
-193
-53
-62
-114
-97
-135
-224
-330
-439
-466
-447
-481
-380
-242
-254
-243
-197
-144
-182
-274
-267
-306
-425
-472
-467
-433
-403
-380
-284
-152
34
56
0
67
42
16
-62
-178
-183
-205
-214
-281
-256
-192
-158
-25
4
69
95
105
139
73
96
107
61
-15
-55
-31
-25
54
27
1
144
143
89
139
197
262
245
166
164
169
196
169
110
131
146
178
110
52
146
213
170
127
174
279
369
352
227
119
150
106
10
35
80
83
68
29
39
106
104
155
133
-11
-104
-145
-205
-279
-331
-305
-183
-147
-121
-6
130
245
314
413
396
339
369
294
265
205
77
172
223
213
341
419
398
328
242
131
5
-88
-175
-292
-322
-296
-309
-259
-229
-232
-151
-176
-258
-280
-291
-324
-427
-435
-455
-435
-367
-350
-202
-63
53
97
90
133
188
203
101
15
18
44
34
93
60
32
161
151
123
24
-121
-157
-206
-209
-258
-349
-272
-192
-130
-41
-38
91
112
55
131
93
-23
-89
-104
-159
-129
-146
-174
-106
-167
-197
-115
-129
-190
-175
-209
-290
-335
-305
-249
-221
-193
-147
-93
-64
-49
-45
-50
-1
83
153
192
272
344
307
303
361
400
399
330
314
319
163
96
133
136
173
142
103
143
149
163
231
195
143
182
254
155
20
96
155
205
195
154
170
79
61
74
-17
-30
-19
27
37
-34
-10
11
18
38
-13
52
99
77
138
109
94
128
146
126
104
55
10
-23
-187
-262
-250
-259
-290
-297
-255
-266
-271
-251
-256
-282
-318
-312
-309
-352
-329
-252
-224
-188
-59
127
114
130
258
192
141
94
-34
-115
-103
-106
-121
-100
-61
8
-10
-56
-55
-137
-128
-87
-186
-238
-255
-197
-81
-25
49
179
262
246
269
306
243
123
97
76
45
-2
-88
-45
33
89
81
84
56
-11
-33
-90
-106
-134
-238
-234
-162
-179
-163
-46
31
115
187
129
117
150
179
142
140
195
140
218
276
293
338
209
190
148
12
-36
-138
-213
-187
-162
-199
-111
-50
-72
7
33
55
18
-106
-132
-161
-138
-87
-121
-72
22
129
226
221
309
366
286
306
289
259
205
76
47
75
127
152
88
54
125
103
-5
5
-65
-233
-196
-141
-174
-245
-209
-132
-174
-148
-103
-118
-130
-181
-176
-59
-51
-13
72
66
197
216
99
90
7
-68
-29
-61
-66
-85
-164
-107
-81
-15
17
2
63
66
71
76
39
45
38
-20
9
59
47
75
54
-38
-41
-30
-30
-52
-131
-144
-177
-218
-230
-178
-122
-165
-112
-40
-43
3
23
13
34
-3
-38
-22
-59
-181
-206
-121
-37
18
-25
-11
50
75
140
177
185
141
83
93
78
115
113
74
185
225
202
162
145
210
184
141
148
116
23
-34
-41
-15
14
7
63
80
36
49
41
-19
-59
-82
-51
-61
-84
-36
-68
-48
12
42
40
10
66
93
38
0
0
5
-21
-23
7
71
99
0
-95
-40
-45
-221
-276
-214
-163
-164
-134
-8
-28
-76
-85
-141
-113
-41
27
102
90
9
73
135
99
83
49
79
80
-4
-57
-75
-32
-24
-77
-151
-97
-75
-158
-105
-132
-134
-92
-155
-207
-315
-375
-314
-333
-321
-240
-156
-41
4
124
181
146
184
181
171
102
122
201
114
53
42
49
59
82
50
76
76
6
7
-78
3
-55
-98
93
17
57
114
126
185
115
149
141
111
114
60
38
45
118
128
119
187
121
-6
-30
-3
-65
-105
-121
-128
-87
-173
-117
-16
63
183
102
97
182
151
140
68
-11
23
23
29
102
144
163
184
149
97
58
-4
-35
-45
-68
-59
-110
-101
-47
-25
39
-38
-62
-20
-72
-51
-81
-110
-72
-66
17
43
18
44
28
39
51
60
103
22
-33
-28
-71
-87
-39
-23
-91
-91
-51
4
43
14
-47
-1
16
-51
-27
-38
-63
-90
-94
-70
-122
-161
-109
-36
-75
-146
-119
-104
-149
-229
-234
-178
-169
-121
-90
-47
27
0
36
73
16
107
165
123
106
27
-29
21
96
91
17
87
161
84
110
48
-13
9
-115
-104
-73
-125
-87
-121
-151
-145
-114
-40
-53
-17
90
130
119
92
23
-15
-5
-68
-3
124
137
162
165
133
131
153
201
174
94
78
16
-27
2
41
43
31
57
78
84
5
-45
-25
-19
25
-26
-109
-45
18
60
99
74
2
21
71
45
52
-22
-141
-116
-71
-77
-83
-98
-15
17
-112
-130
-74
-29
-67
-165
-152
-131
-70
-31
5
44
71
160
65
28
111
150
177
107
52
25
92
88
1
105
48
-25
33
-42
-13
-46
-91
-36
-81
-177
-146
-77
-134
-103
-161
-143
-79
-134
-91
-121
-91
-74
-104
-2
-42
22
103
11
67
60
76
60
-8
-3
-13
15
-34
-19
52
19
-13
-3
12
11
-7
-48
-22
18
-22
3
42
70
150
130
87
82
114
80
0
17
-58
-28
31
8
44
40
101
104
122
192
74
26
53
31
-8
-94
-5
53
68
151
163
175
180
202
172
54
-44
-69
-74
-115
-179
-195
-103
-46
20
100
55
20
81
61
-71
-95
-136
-183
-137
-123
-84
-39
4
26
15
72
122
67
-12
-20
42
68
62
37
-11
41
46
1
20
-40
-31
-3
-17
10
-39
-77
-120
-62
128
74
18
111
35
-26
-51
-71
1
-15
-18
36
-3
-69
-112
-80
-79
-95
-75
-127
-114
-27
42
56
50
90
125
110
139
141
51
6
-28
0
-6
-85
-46
-50
-97
-87
-82
-65
-29
-36
-55
-58
-79
-123
-124
-121
-100
14
37
36
36
84
106
-9
16
-6
-39
30
-7
-30
29
67
101
102
63
112
7
-46
31
-79
-115
-100
-94
-5
10
14
127
167
221
271
135
83
127
91
64
58
33
25
28
8
57
85
69
114
125
75
-46
-102
-20
-28
-67
-47
-136
-51
28
-75
4
24
-17
-13
-65
-22
54
10
33
76
52
70
56
83
111
92
80
28
-37
-81
-81
-33
-20
-62
-90
-89
-120
-160
-119
-97
-111
-95
-89
-99
-80
-30
-56
-75
-75
-58
-32
-110
-76
-55
-108
-78
-43
77
113
68
73
93
97
14
-17
-7
28
-76
-179
-55
-46
-28
17
14
45
51
57
97
75
-38
-64
-34
-30
-42
1
50
95
125
77
41
57
72
-65
-110
-73
-132
-43
-102
-124
1
-20
36
33
60
110
37
36
31
-37
-72
-108
-89
0
-14
-34
-57
-58
77
117
46
34
25
46
85
25
-67
-8
89
106
106
84
98
48
-19
21
54
93
115
44
40
11
-12
157
123
65
125
43
89
75
48
28
-105
-94
-104
-72
-70
-130
-110
-111
-90
-101
-28
-13
-11
66
30
93
98
28
-5
-98
-44
66
39
-12
-12
69
104
-1
-43
31
25
-42
-78
-87
-65
-50
-33
13
49
-20
-84
-81
-103
-53
-55
-42
-32
-84
-37
-26
29
126
83
44
65
24
-3
-33
-79
-39
-12
-13
7
-34
-50
-18
-39
-47
-15
-64
-126
-63
-17
-35
-5
0
-37
22
48
34
-6
-51
-59
-70
-33
-98
-162
-93
23
79
139
125
65
115
73
-14
-35
-11
-54
-49
-21
-32
-19
-24
10
-52
-62
-31
13
115
84
42
8
14
77
56
70
108
58
72
107
65
0
-25
-26
-42
-53
-27
-20
-16
43
-26
-49
15
9
11
26
115
61
-39
44
27
-1
24
-20
-27
-47
-65
-36
10
56
54
71
110
146
145
170
184
62
27
-35
-145
-106
-124
-85
-69
-103
-13
1
30
66
28
88
72
-85
-89
-59
-87
-47
-37
-35
-56
-78
-24
21
-10
-26
14
-49
-107
-113
-132
-97
-33
64
88
44
132
166
50
102
85
-11
19
-110
-102
6
-95
-123
-42
12
20
42
37
55
65
-30
-35
-51
-109
-121
-136
-78
-80
-56
3
-36
42
118
42
24
10
13
40
-25
-52
-42
-37
18
80
89
97
72
84
69
-13
14
-19
-74
-74
-38
-63
-59
95
64
45
70
46
109
108
84
61
4
3
29
27
-13
-105
-53
45
39
72
78
-5
-6
13
-16
-38
-103
-55
21
-32
-74
-64
-30
38
-5
-29
48
9
26
65
29
11
-9
-13
-48
-84
-34
9
0
34
80
62
28
23
10
20
39
-31
-73
-40
4
28
15
-19
29
90
76
70
65
-19
-116
-27
40
11
1
-20
-70
-83
-1
22
37
64
76
61
-7
-56
-57
-35
-74
-78
-73
-90
-23
37
39
51
48
66
26
-67
4
-30
-116
-20
-15
-29
13
43
80
14
-4
79
35
-52
-53
3
-60
-162
-120
-102
-88
-5
7
23
33
7
59
46
-1
-28
-21
-26
-75
-55
-107
-95
-19
13
12
-12
39
29
-4
17
36
2
-5
25
46
73
2
-28
27
67
117
46
-31
16
-55
-28
51
-21
-5
38
100
132
79
122
180
99
4
-22
-44
-39
-24
-10
40
40
-28
-23
18
-27
-61
-31
-2
19
11
-10
-44
-53
-1
30
8
70
84
-11
-1
-57
-51
-18
-58
30
89
88
74
61
88
97
87
28
-6
-49
-90
-66
-70
-30
-8
7
2
-72
-48
-54
-70
-13
-31
-1
63
75
104
88
98
9
-35
28
-23
-33
-59
-64
-8
-30
18
-2
21
105
-17
-45
-34
-24
40
33
-18
-74
-34
0
-24
-5
4
-19
-68
-64
-20
-26
-7
-50
-116
-77
57
35
-61
-6
31
15
-55
-53
-30
-11
-14
-63
-62
-55
-73
-47
37
17
62
90
70
104
-21
-41
41
41
15
-39
-49
-36
-61
-34
-28
-60
-11
-11
-12
49
23
19
54
-6
-5
35
-1
-11
33
9
-55
-27
47
13
-33
-10
-14
-1
-32
-41
-9
-9
-42
11
91
52
76
42
14
11
-48
29
10
-67
-3
-36
-89
-50
-10
41
20
75
119
0
10
88
65
-5
-85
-68
14
-13
-50
-39
-41
-10
94
123
46
-10
-46
-54
-23
47
58
18
-13
-13
17
-20
-43
-33
8
39
8
-12
-93
-96
-44
-52
-33
-10
44
88
31
-32
8
73
18
-11
29
7
32
0
-77
-24
5
2
15
17
51
102
122
86
1
7
74
123
59
6
28
-69
-51
-59
-72
11
-36
-59
-45
-66
-34
34
-28
-53
-17
26
64
29
0
-34
-16
-2
78
102
11
25
38
-19
-81
-51
-50
-62
-37
-30
-16
-45
-24
85
93
9
-14
-24
-10
-13
-72
-68
6
29
-46
-9
104
62
7
-3
-17
10
-30
-123
-51
29
38
-6
-103
-61
20
59
54
29
-42
-87
-20
-94
-85
-24
-32
92
51
29
96
37
3
-13
22
12
15
8
-11
8
-46
-17
-21
2
25
-47
-1
32
35
71
-4
-73
-19
-37
-23
86
38
-42
-11
30
50
-6
-31
-9
-42
-66
-95
-67
-13
-56
-61
-2
26
29
70
97
133
107
-19
29
52
-23
-18
5
-1
-80
-29
53
37
63
24
-2
24
34
-4
-37
28
2
44
113
42
28
53
26
-68
-76
-30
-32
-36
-51
-27
13
7
-27
7
47
81
92
29
43
-51
-95
43
3
2
-27
-98
24
-6
-64
-13
-55
-13
76
43
26
47
84
76
-25
-45
-16
-60
-67
-62
-112
-94
-31
-37
-50
23
22
3
23
-17
-16
-52
9
75
-3
36
88
-27
-89
-44
3
13
-25
-28
-63
-73
14
40
15
11
1
-11
53
92
17
27
35
1
53
108
-8
-102
-92
-62
-21
-71
-78
-59
5
31
17
64
69
34
41
50
14
78
-15
-80
20
0
16
70
50
-31
-4
20
9
40
-13
-31
-54
-79
-28
0
40
74
38
22
37
39
43
3
-9
-40
-40
34
-45
-67
-36
-11
57
2
23
98
42
19
63
-15
-86
-87
-96
-35
9
6
-49
-44
-12
-15
46
26
4
35
8
-84
-83
9
-20
8
92
105
115
62
-24
-20
-45
-54
-19
-68
-66
-42
-25
-17
-45
-1
41
-24
-35
50
69
69
56
-72
-35
-4
-59
11
9
-11
-47
-8
54
11
-30
-35
-17
-66
-23
23
-15
17
15
52
22
-15
49
-2
-42
-47
-26
5
68
79
-53
-19
24
-52
-36
-10
-5
12
-12
21
12
-39
28
56
73
42
-7
3
8
21
-51
-15
37
4
32
-21
-8
17
-17
1
9
-20
-48
15
-11
-30
31
18
26
47
55
15
-39
-48
-3
11
26
31
-16
-20
-77
-119
-35
-27
-2
79
31
30
28
-6
43
41
66
40
-19
30
-39
-82
-10
-18
31
83
21
-27
-46
6
29
24
28
-42
43
89
58
69
-11
20
-31
-44
25
-21
33
31
20
-7
-41
18
17
105
105
-58
-1
50
20
44
-10
-54
-38
-63
-57
-36
-58
-54
-34
21
-5
-47
9
53
0
-3
66
58
47
-18
-20
72
58
-8
-80
-142
-111
-42
-53
-19
48
-18
-4
4
-22
25
-40
-50
0
53
69
9
-39
-109
-67
-4
-5
-29
-68
-85
-37
45
35
7
0
-37
-22
25
8
21
35
-35
-26
44
10
36
59
-60
-47
-58
-68
48
56
56
40
50
56
-17
49
65
-13
-28
-32
38
104
8
-72
-10
-1
18
72
65
81
55
35
51
43
27
37
32
-5
6
43
-16
-72
8
7
-34
13
81
66
30
19
25
81
39
-56
-54
-9
19
8
-38
23
47
-2
-36
-54
-48
-52
-4
-40
-30
30
51
26
-49
14
57
21
-8
-37
-7
-33
-86
-112
-117
-27
38
22
14
18
9
73
47
-52
-10
-1
-65
-84
-44
-31
-24
1
-18
-7
3
-56
32
44
-26
27
2
29
32
-25
37
30
18
116
60
-58
-70
-53
20
10
-56
22
43
-18
9
8
61
116
32
25
88
75
25
21
-28
-48
-20
-51
-29
2
38
80
36
-1
-12
-19
-4
73
59
-25
43
25
-10
14
9
16
-43
-74
-91
-56
-35
-86
-8
63
18
19
4
-17
52
43
3
-19
-27
-77
-129
-43
23
16
-68
-34
-1
-68
-63
-23
6
-54
-71
-75
-42
47
81
76
-33
-92
-30
49
41
-36
-44
-33
-76
-67
-38
-40
7
11
3
90
74
27
42
52
-50
-150
-27
34
31
58
18
73
54
7
82
62
-47
-47
22
51
62
3
14
53
70
75
33
-33
-43
13
4
42
11
-21
48
28
17
18
0
51
25
-27
0
12
53
49
33
23
-1
-17
-67
-40
-45
-16
16
-33
-18
-21
-20
25
0
-107
-80
21
-14
-37
-20
-42
-1
27
-1
-32
-19
-53
-45
-14
-66
-28
-16
-26
0
-15
-2
-25
-105
-52
32
2
-56
-46
44
42
-29
-59
-49
85
29
-81
-57
-86
5
15
-30
3
-21
40
57
11
11
-17
0
16
22
22
-2
13
51
63
86
73
36
54
-20
-48
-15
-49
-60
-28
92
123
53
34
59
48
-33
-5
-1
-19
2
-38
12
72
29
-2
8
24
48
-29
-87
-56
-30
-17
-58
-19
-9
-32
38
42
-7
-59
-41
-7
-13
-20
-29
-32
-21
-49
-88
1
-6
-48
34
-16
-37
3
-47
-7
-7
-72
-63
10
47
0
-28
-13
-7
-80
-12
15
-93
-64
35
102
39
-14
-26
-29
1
77
91
8
5
-64
-44
30
29
82
23
-55
-14
35
32
30
29
-13
14
42
4
22
48
85
80
13
2
-1
44
16
-65
-33
-23
14
13
9
68
11
27
45
-10
21
71
51
4
-5
-34
-40
10
0
-42
-41
-27
3
-31
-83
-20
38
34
-27
-15
-18
-65
9
-27
-23
84
44
-27
-71
-84
1
17
-7
-45
-120
-81
-6
33
8
6
33
-7
-20
29
10
-6
47
-16
-80
-103
-48
111
48
-48
25
15
-20
-25
4
78
16
-5
70
4
-6
38
-16
24
28
-7
54
-10
-51
14
17
-17
21
63
78
59
-30
-47
-20
-13
-4
69
73
6
31
21
-21
-26
-46
-55
-21
7
20
-15
67
90
6
-23
-52
7
8
-22
-19
-35
-94
-51
-9
-13
89
80
-72
-81
-21
-27
-15
0
4
17
14
-10
-46
-18
45
-10
-2
0
-38
-46
-63
-23
-3
21
30
42
20
-42
-26
6
10
5
4
1
-10
4
23
37
64
7
-3
-3
-59
24
74
30
46
40
-9
-17
47
76
-5
-41
-80
4
98
-8
7
34
2
24
22
6
23
68
27
61
34
-30
15
-22
34
22
-45
7
1
16
16
34
78
-64
-103
-3
-5
11
10
25
19
-19
-12
2
10
-35
-25
18
-34
-29
37
-13
1
-4
-90
-41
0
52
48
-15
-22
-39
-60
-41
66
44
-2
23
-67
-76
-9
39
36
9
37
52
40
7
-47
-50
-7
-18
-49
-6
82
44
12
37
21
21
-9
-1
68
19
-30
-5
-14
30
23
-4
69
58
-18
0
4
-76
-70
17
0
62
102
-42
-1
26
18
67
-25
-17
1
-35
-16
-59
-30
62
8
3
6
-70
-25
26
18
23
14
-54
-78
-77
-18
61
69
94
-7
-75
-45
-88
-65
-27
-9
75
30
18
31
-62
-21
-22
-30
49
-6
-6
29
-58
-51
-32
-42
-14
6
66
39
-6
-4
-34
14
22
-10
40
51
24
-9
13
16
-65
-30
28
43
15
12
5
-40
-15
-52
-26
82
73
51
45
-30
-79
27
83
10
-30
-25
28
9
7
-1
-43
17
25
-16
-62
-30
31
57
74
-22
-65
19
-2
-71
-45
8
16
-11
0
57
30
-37
-40
-77
15
79
-25
9
37
-3
-24
8
2
-68
-52
-29
30
51
-7
-32
-56
-31
22
63
32
-23
19
22
34
105
33
-16
-9
-95
-21
18
16
54
26
18
-52
-74
-77
-18
67
41
68
37
-30
55
33
-31
41
36
12
28
-44
-66
-40
6
40
-3
-7
-45
-8
4
-15
-4
-55
16
53
-21
14
32
-37
4
-29
-29
59
-33
-66
-23
15
42
-39
-49
-42
-29
43
-14
-51
2
14
1
36
8
-33
-39
-84
-54
-9
36
89
13
-63
-23
52
78
-36
-43
36
-40
-50
51
38
0
28
-14
-46
9
-13
-80
52
107
-16
5
13
7
31
6
48
35
-14
21
38
-7
19
12
-22
20
-17
-12
-9
-16
34
10
-23
17
74
20
-59
-31
20
20
21
21
-1
15
37
-23
-30
-69
-102
32
30
0
53
-50
-69
-6
-26
1
-85
-82
57
17
1
-27
-65
-38
-12
51
-8
-44
9
27
-10
-83
-52
-38
-39
30
-32
-36
-2
-55
-18
-18
-30
8
12
-33
-8
39
-7
17
42
-1
33
6
-41
-32
-24
0
53
61
3
-20
-45
-39
-4
-13
-22
47
59
6
31
54
75
86
-9
12
32
-76
-51
-1
41
72
38
11
17
34
26
45
-4
-83
-43
-61
-26
74
39
77
94
-15
-1
26
18
-14
-68
-60
-16
39
39
41
12
1
20
-11
-59
-60
-7
-41
-47
-1
-48
-39
28
18
-3
-5
-25
-12
49
29
-18
-26
-80
-76
-12
45
63
-12
-4
20
-54
-99
-119
-22
13
-41
28
-2
11
68
-25
-30
59
13
-34
-42
7
65
-34
9
105
-6
-60
-39
32
67
-34
45
45
-48
-10
-23
-23
-5
46
46
51
44
12
-7
-94
2
27
54
130
39
12
-17
-39
0
64
72
101
73
-76
-66
-47
-13
39
-29
-25
1
-27
34
66
-11
-32
-50
28
87
6
47
98
-15
-67
1
26
15
7
11
11
-57
-37
8
-34
-17
-14
-44
-50
-9
-40
-22
62
18
64
37
-53
-21
-94
-59
80
11
-3
59
37
41
-7
-51
-22
-5
17
-36
-80
-36
-9
22
27
-46
-32
2
-38
19
-39
-71
31
14
68
67
26
74
63
25
-26
-7
8
5
41
-22
-83
-37
-28
-31
28
-16
-46
35
33
-32
-46
15
34
64
58
30
70
3
30
79
10
7
-30
-54
9
-41
-21
38
14
16
-63
-10
-23
-59
22
-23
50
38
-33
6
-52
0
66
61
20
-21
28
22
19
0
0
-40
-52
14
18
48
-16
-35
-19
-34
-32
-104
-70
-19
-38
17
52
37
29
3
14
51
0
-7
50
38
34
65
1
-76
-46
-33
-65
-60
-18
0
-26
-51
-57
-25
40
58
-10
-19
47
32
73
122
0
-75
-4
70
49
-22
-44
-15
-23
-42
-40
-66
-4
49
18
-35
-65
-1
24
42
32
10
23
31
39
-1
-21
-24
15
10
-19
-16
-30
37
26
6
56
-49
-84
-26
-18
57
31
-13
-16
-41
-8
-34
-7
34
-13
-1
-14
27
69
0
53
52
-10
2
27
-10
-81
-77
-14
17
26
56
-27
-56
-48
-22
14
-12
17
-24
10
103
29
-3
24
45
74
25
-5
-52
-76
12
19
-49
-37
39
40
-40
-62
-44
-32
-2
41
26
-29
34
74
20
9
-6
-18
-23
11
0
-10
-10
9
52
-26
-25
-8
2
15
-84
-76
-34
-37
-4
-24
-30
-16
0
37
31
41
22
-31
-20
2
39
43
8
43
-4
-37
8
-54
-56
-51
-91
-18
-14
-70
-7
19
67
38
-51
2
11
17
8
48
104
55
32
-25
40
23
-31
37
-63
-18
-37
-87
12
-61
-32
-18
39
128
1
-5
8
-10
21
-31
15
94
37
22
-7
-31
14
35
-8
-4
68
75
7
-77
-43
-26
-36
-27
-33
-15
-45
-76
30
99
-19
-48
-29
-29
48
51
43
58
-11
5
36
-35
-30
-25
50
73
-57
-83
-108
-91
-8
0
-9
-57
-60
7
9
5
4
-4
32
13
-18
48
44
27
58
-10
13
-4
-73
-38
-94
-62
15
39
44
23
43
-15
-37
-41
-10
3
-84
-22
-30
0
82
25
47
27
41
92
70
53
0
-16
-4
-39
-50
14
22
-4
-6
-14
26
-43
-89
-55
-41
19
39
10
17
81
77
40
68
56
23
47
16
-79
-50
26
28
-25
-86
-52
-42
-33
6
-18
-14
-27
-35
-4
35
67
36
11
19
19
-24
-29
6
7
-5
1
29
43
-6
-67
-54
-27
-28
-39
-8
23
-27
-69
-6
-16
-45
6
-35
-15
45
21
59
64
-35
-1
72
64
72
-41
-75
-16
-21
-6
-21
-25
-40
-74
-46
-52
-23
25
-11
47
68
95
79
-39
-12
36
3
-23
52
65
20
23
-38
-84
-11
-24
-45
62
33
32
-8
-77
10
-57
-40
47
2
35
50
47
66
55
-8
-106
-110
0
38
23
65
44
21
-2
36
57
-51
-48
-20
-4
-38
-43
-35
-79
-13
-11
-14
17
12
31
70
30
-19
30
22
37
31
-69
-66
8
7
1
-1
-25
-23
-20
29
-23
-72
-3
-40
-28
16
0
-37
-12
78
35
3
33
-8
-2
9
1
24
-8
32
16
-76
-19
14
-2
-13
13
32
-45
-30
14
-43
6
29
-46
21
34
-22
21
69
67
53
30
-22
-21
-31
-19
42
19
-26
-18
26
5
-46
9
-2
-51
31
-5
2
116
39
-26
-25
-17
32
55
32
-3
-30
-48
-7
7
-26
32
52
-19
-27
18
-5
4
26
-14
28
-5
-54
-23
23
4
-36
-7
-11
35
23
-6
30
-23
5
84
-10
-45
-39
-45
9
-21
-4
-30
-47
61
8
11
37
-19
39
15
-14
27
-5
-49
-49
-8
-17
4
27
-88
-45
27
30
76
14
12
0
-3
66
14
32
31
-51
-29
-62
-45
-1
-14
8
0
7
-4
-39
-14
57
56
52
90
-6
-102
-33
75
77
3
-24
-1
-35
-27
5
-4
69
67
-39
-59
-54
-53
-47
45
135
47
17
12
-36
-21
-15
-2
0
-2
7
-3
20
15
4
10
-11
70
90
-16
-22
-2
-27
-36
-35
-96
-76
9
5
-21
-16
49
55
37
26
-2
65
44
-10
18
-49
-28
47
-42
-51
10
-22
-42
-49
-20
27
12
-28
-20
80
43
-26
-15
-41
-37
-47
-18
-6
3
74
70
79
63
-41
-24
49
27
-52
-70
-17
-19
-32
1
25
0
24
23
-18
-48
-43
28
17
10
30
-7
5
35
7
24
19
-2
10
-47
17
89
39
-44
-68
25
-4
-39
-17
10
44
21
-32
-45
16
14
10
31
9
-51
-6
30
61
115
42
43
-9
-44
-35
-41
-11
-56
-7
-8
-17
-1
8
-21
-104
-26
0
22
42
10
-15
-35
68
96
0
-14
20
34
16
-19
-39
-14
-36
-13
29
-45
-50
-54
-38
-4
24
88
38
-18
-35
16
-9
-87
-64
-24
21
-27
-13
60
43
61
90
65
32
-16
-86
-48
6
-57
-50
-3
-18
5
-5
17
69
1
-22
36
39
28
56
40
38
-23
-34
25
-55
-29
11
-27
-44
-71
-57
-14
21
36
43
0
-11
11
-11
0
32
54
-8
-9
1
-5
40
-16
-13
-27
0
106
3
6
64
-20
-39
-13
-3
-12
8
-24
-54
-20
-48
23
75
-22
-31
-5
-57
-41
53
13
14
66
-59
0
43
-62
-46
-2
28
-35
-26
35
53
25
-22
0
-78
-43
11
-46
39
56
18
63
37
-11
-46
-63
-17
-13
-17
13
-27
17
57
-36
39
14
-69
-26
-49
-12
67
48
-40
-29
-23
-3
49
13
14
-14
-29
71
119
89
18
-47
-37
0
43
8
-29
-14
-77
-87
-24
-1
12
7
0
44
21
-31
34
-6
-57
-60
-38
70
36
-24
-27
3
112
43
-27
40
3
12
22
-42
-9
-7
-75
-19
44
-50
5
32
-92
54
70
23
74
-43
-1
62
-7
-55
-33
-10
8
59
-19
-105
-85
-40
-20
-98
-66
13
27
67
72
46
-4
4
9
-21
4
43
28
-4
37
66
35
5
-72
-95
-60
-6
24
-35
20
80
-5
-44
-13
-50
34
105
26
-11
-74
-52
1
-9
-23
-23
6
20
0
56
36
-14
49
12
-30
14
45
33
23
3
-34
-52
-39
-47
-17
100
55
-28
26
24
-11
-12
-29
-25
0
17
-10
-42
-7
13
-5
9
-4
0
-3
-9
62
21
-15
20
-52
-38
9
-23
-33
-64
-30
37
29
40
91
73
60
42
-16
6
-46
-84
1
-8
29
21
-62
-72
-70
-26
-50
-34
29
-20
-29
32
21
18
44
6
9
51
78
29
-15
-19
-58
13
26
-64
-40
17
-21
-11
69
-4
-33
60
36
34
0
-37
62
18
-69
-29
-2
17
-14
-39
-2
-17
7
0
34
28
-8
26
-15
76
68
-66
-64
-72
-60
-20
-6
5
0
19
28
20
90
70
23
63
14
-32
4
8
14
-13
-23
40
-50
-149
-66
-51
-66
-3
33
54
74
98
60
-25
-20
11
-7
-5
12
0
-13
14
-29
-41
-4
-55
-62
-31
27
43
31
46
8
41
90
0
-43
22
-19
-46
13
-45
-71
17
25
-8
-56
-127
-38
50
42
50
40
63
-30
-29
51
37
22
-45
-27
-8
-3
-13
-19
49
23
-18
-32
-17
31
22
53
66
-4
-5
4
-15
-24
-20
9
-29
-21
-4
1
18
6
0
-1
30
-30
-51
-30
-61
-34
1
43
25
37
5
-45
23
45
43
-5
-15
29
16
26
-2
18
18
-75
-13
14
-42
-36
14
28
-22
5
39
31
17
-24
-41
-7
24
10
-21
12
28
-44
-54
-57
-13
26
-3
49
47
19
-16
-16
-9
-2
61
-30
-57
18
60
52
-53
-51
80
60
-67
-62
-61
-57
27
73
44
-3
-19
2
-7
-13
-6
-43
-45
-7
-3
3
32
0
-9
21
-10
12
72
33
37
20
-40
-58
-26
58
20
-38
-37
-28
-57
-26
17
8
94
70
-1
36
20
-54
-48
-20
21
58
0
-25
-40
-74
-108
-65
30
8
5
31
23
63
39
-5
40
10
-4
39
