-113
-165
-101
-149
-213
-222
-186
-94
-131
-138
-107
-198
-236
-190
-143
-36
-51
-56
38
19
30
60
73
86
96
137
152
153
157
183
173
97
60
78
121
97
13
0
-30
-92
-96
-110
-96
-85
-97
-25
13
-26
2
56
12
-15
7
5
55
123
88
9
-61
19
77
-40
-63
1
0
-11
-21
-80
-70
-98
-160
-191
-243
-199
-173
-104
-83
-145
-117
-150
-180
-125
-104
-121
-110
-9
38
17
64
50
22
20
19
66
97
66
41
69
-6
-8
12
-61
-27
-1
-63
-107
14
15
-51
4
-3
101
161
62
95
166
193
218
226
239
239
284
312
278
259
238
286
309
241
260
267
263
268
235
230
229
251
196
78
-11
-43
-23
-56
-87
-177
-226
-194
-247
-189
-101
-158
-214
-208
-179
-120
-110
-129
-88
-43
-47
-120
-72
-16
-96
-82
-57
-117
-190
-216
-178
-194
-216
-114
-11
86
106
47
75
89
97
106
75
-23
-80
-74
-189
-235
-165
-187
-168
-66
-75
-112
-126
-105
-117
-125
-74
-89
-118
-140
-126
-152
-232
-242
-157
-219
-276
-221
-219
-160
-174
-133
-41
-24
-49
-74
-3
107
149
201
335
352
346
302
244
306
256
205
156
65
22
38
118
155
158
197
266
256
271
284
168
72
35
0
-138
-197
-129
-62
-62
-98
23
105
103
142
143
176
183
134
156
91
1
79
138
93
88
93
123
188
186
185
183
108
87
70
4
-3
-65
-108
-83
-114
-186
-183
-124
-152
-163
-168
-205
-201
-214
-255
-307
-308
-275
-272
-170
-97
-78
-46
-72
-70
-108
-96
-24
-54
-112
-87
-55
-79
-16
6
18
111
204
287
266
263
302
251
176
148
64
-63
-75
-64
-72
8
20
-44
-25
-19
17
0
-15
56
25
3
-53
-82
-122
-142
-95
-107
-104
-104
-43
-31
-45
-27
-19
39
42
5
-1
11
65
103
62
70
174
174
128
228
257
188
153
137
172
116
45
24
-21
-22
-21
-28
-51
-33
35
-28
-115
-132
-176
-200
-231
-225
-215
-249
-240
-201
-171
-224
-259
-227
-121
-78
-87
-58
-68
-81
-92
-16
19
-1
100
206
185
199
202
195
229
272
341
229
155
181
158
177
129
69
82
41
66
103
29
58
72
50
21
-55
-23
-51
-128
-135
-122
-150
-155
-92
-139
-144
-41
44
6
-27
27
-5
36
84
84
130
67
-9
-18
-65
-122
-112
-74
-39
-81
-93
13
17
18
48
85
136
61
-32
-46
8
14
-37
-54
-56
-109
-165
-113
-82
-115
-135
-103
-98
-136
-168
-184
-189
-136
-58
-83
26
172
117
104
102
109
142
103
72
73
34
3
20
-39
-71
-46
-3
22
39
50
75
126
27
19
41
-15
-21
-60
-48
-126
-203
-116
-108
-152
-186
-157
-52
-108
-118
-38
-96
-93
-16
10
27
-71
-116
9
45
49
143
203
253
293
259
334
438
422
405
380
328
297
299
273
251
233
247
248
163
143
96
52
53
56
97
61
29
-23
-63
-29
-36
24
50
-38
23
104
68
-3
-80
-75
-102
-144
-171
-167
-104
-108
-100
-106
-51
11
56
117
116
60
-88
-65
-34
-174
-273
-233
-157
-201
-203
-129
-30
-45
-142
-62
-22
-93
-194
-261
-276
-327
-386
-411
-367
-312
-203
-201
-204
-106
-75
-54
-80
-145
-230
-291
-315
-297
-324
-403
-331
-246
-241
-263
-257
-107
-71
-127
-8
56
-57
-106
-68
-13
83
123
169
218
266
260
171
164
135
20
5
-32
-114
-76
-50
-28
-28
35
139
178
254
321
364
390
356
334
305
243
250
216
202
245
303
405
395
400
419
419
490
461
450
422
335
312
219
167
158
175
262
257
234
270
344
352
269
249
179
32
-12
-2
-83
-161
-176
-158
-183
-240
-175
-173
-208
-190
-215
-163
-228
-313
-242
-203
-169
-184
-166
-65
-38
-42
2
14
-61
-107
-162
-232
-318
-431
-452
-456
-455
-409
-361
-284
-180
-126
-112
-82
-51
-82
-83
-109
-222
-209
-252
-342
-296
-241
-201
-203
-217
-223
-192
-149
-190
-216
-293
-391
-410
-374
-343
-349
-303
-365
-260
-39
-72
19
81
63
165
168
179
186
154
159
229
307
270
317
357
314
318
286
330
383
289
251
309
241
238
226
142
255
261
274
326
259
262
193
181
187
93
105
48
-11
60
51
56
98
118
167
214
220
240
207
166
187
57
-14
32
28
17
4
-2
73
126
89
132
138
90
76
67
111
122
150
86
-51
22
24
0
51
-5
-54
-65
7
46
2
-43
-31
-5
-57
-57
-13
-11
-71
-78
-10
-77
-101
-16
-54
-67
-98
-185
-120
-101
-82
-11
-24
1
-25
-43
-6
-50
-124
-160
-182
-249
-291
-329
-326
-251
-227
-172
-190
-265
-260
-234
-204
-232
-223
-236
-179
-161
-252
-137
-167
-213
-175
-217
-156
-172
-214
-246
-220
-180
-202
-182
-224
-170
-127
-175
-110
-82
-44
22
8
4
30
45
46
17
-38
-58
18
48
43
71
-3
25
63
65
159
126
95
135
147
238
250
198
230
205
183
213
280
301
263
336
309
302
380
314
339
382
379
378
357
373
319
293
256
154
149
145
186
194
158
192
168
173
190
172
178
212
248
221
247
277
242
193
109
97
111
106
24
-136
-82
-83
-135
-59
-85
-76
-69
-67
37
1
-154
-122
-86
-115
-104
-131
-147
-178
-226
-253
-268
-282
-323
-396
-377
-334
-324
-314
-277
-242
-236
-164
-136
-138
-116
-122
-109
-144
-201
-153
-137
-152
-126
-58
-18
-133
-165
-158
-172
-139
-146
-113
-125
-137
-155
-186
-149
-177
-162
-77
-57
-46
-28
-1
20
74
133
98
87
41
48
163
99
31
73
99
141
129
118
113
76
124
151
127
94
105
192
184
129
131
137
99
60
12
28
4
-72
-48
-67
-54
-18
-27
-10
-22
-40
-66
-110
-79
-3
-3
45
49
-33
-16
-24
-39
13
-18
-56
-9
9
46
30
18
74
8
-15
5
-39
-35
-53
-34
8
-1
41
126
153
136
165
135
138
148
67
62
62
73
35
-26
-23
-2
67
45
0
9
24
46
26
18
22
86
142
58
73
147
87
110
187
205
227
175
119
99
89
11
-24
7
-60
-43
-54
-121
-72
-29
-38
27
126
46
15
47
-22
-24
-74
-135
-120
-164
-119
-36
-44
3
48
8
10
-9
-88
-102
-161
-188
-193
-250
-234
-220
-295
-293
-232
-207
-186
-180
-101
-94
-111
-87
-118
-60
-76
-122
-60
-103
-51
-27
-22
110
118
162
110
46
87
81
80
70
16
-50
-2
0
-46
-40
-30
-30
-43
1
9
17
2
-82
-108
-116
-71
-49
-144
-190
-147
-121
-50
0
-4
0
-26
3
52
13
-21
-1
23
57
135
166
168
244
216
175
256
302
246
178
214
211
275
288
217
216
94
53
24
-6
-20
-88
-119
-117
-98
-127
-99
-78
-58
-56
-31
-6
21
70
-8
-16
-3
6
-48
-142
-110
-47
29
-3
-49
-32
-8
50
7
-26
71
48
-10
47
30
9
1
-34
-10
28
62
62
99
154
216
207
159
136
79
96
85
120
115
75
75
52
55
7
73
121
65
94
17
-62
-33
-105
-96
-73
-71
-77
-151
-135
-154
-129
-149
-199
-183
-187
-153
-189
-225
-211
-221
-233
-268
-317
-215
-129
-50
50
-26
6
62
1
0
-39
-49
-16
-85
-70
-85
-93
-9
5
-19
-69
6
43
9
49
3
3
-22
-82
27
26
0
3
3
74
26
38
95
29
-17
-1
41
29
99
110
51
128
116
103
72
49
130
78
42
46
-7
21
56
98
128
146
201
174
92
120
179
145
177
150
70
152
153
112
133
84
95
176
232
233
178
195
184
77
120
102
-77
-137
-90
-5
30
-3
-71
-83
-56
-67
-44
-100
-116
-25
-64
-74
-76
-145
-143
-130
-112
-149
-154
-147
-168
-96
-48
-84
-67
-21
-86
-102
-41
-53
-73
-67
-100
-52
14
-22
-12
-40
-49
-23
-59
-56
-143
-145
-96
-113
-144
-148
-60
-112
-99
-72
-157
-126
-63
-5
7
-51
-56
-1
-40
-90
-101
-95
-57
-22
-10
-3
36
30
29
12
75
154
83
90
125
149
161
132
137
163
198
217
269
244
130
187
183
120
177
144
119
78
50
55
30
-10
-46
-18
-88
-93
-85
-144
-63
-70
-56
-87
-162
-112
-177
-155
-100
-125
-93
-104
-119
-44
-7
23
90
54
56
25
62
187
118
49
89
178
201
186
213
194
164
103
104
196
205
99
82
89
28
50
43
58
40
-46
-37
-33
-36
-23
-51
-52
-40
-94
-101
-98
-87
-92
-108
-63
-68
-94
-91
-104
-193
-219
-140
-47
-13
-72
-154
-195
-130
-72
-31
-32
-41
-11
-49
7
25
-5
22
-20
0
11
-18
32
90
75
26
24
47
43
34
13
-3
13
6
-35
-60
-57
-49
-32
-41
-73
-98
-161
-140
-116
-210
-164
-157
-177
-115
-192
-191
-120
-146
-117
-101
-109
-46
-39
40
102
74
159
194
176
211
196
165
174
148
130
128
105
169
211
174
105
91
176
214
171
79
30
66
104
28
26
20
-53
58
49
-33
-53
-73
41
-11
-30
22
-76
31
90
57
50
18
38
-16
-8
115
108
72
67
25
23
-34
-46
-41
-140
-135
-80
-68
-45
-36
53
95
28
1
-20
-79
-78
-37
-133
-128
-74
-112
-36
11
5
69
114
43
28
59
4
20
66
43
-34
-156
-139
-111
-128
-65
-88
-38
22
-34
-3
32
-34
-61
-36
-63
-14
-3
-36
-14
1
78
2
-59
47
55
52
32
-62
-43
23
9
40
63
54
85
130
135
16
-4
60
65
37
54
111
21
48
90
48
120
137
162
211
176
97
97
47
68
128
-58
-9
75
-27
-47
-30
-6
-6
-47
-90
-79
-103
-163
-157
-184
-234
-133
-83
-90
-94
-96
-102
-116
-79
-46
0
-83
-59
-13
-73
-27
-17
-23
15
38
52
57
75
138
92
48
10
-27
66
50
-30
-51
-7
-58
-140
-102
-79
-69
-127
-147
-158
-204
-191
-133
-113
-81
-56
-123
-59
-79
-109
-50
-39
0
-23
6
-4
-4
109
73
86
180
168
173
196
204
190
157
136
141
148
143
124
98
75
55
61
26
62
92
-36
-13
50
88
121
51
43
-30
9
43
-76
-44
-17
-19
-47
-18
0
-57
-17
-39
-31
6
23
43
-36
-42
21
37
22
-51
-41
34
71
60
49
86
56
-3
-24
-7
39
60
77
77
43
63
34
-48
34
42
-12
30
-17
8
-33
-66
-26
-154
-135
-87
-110
-70
-95
-152
-121
-155
-211
-157
-124
-74
-91
-93
-98
-136
-78
-83
-70
-16
-73
-87
-43
-45
27
96
134
136
110
68
43
38
-5
8
-11
-6
8
5
-22
-55
-29
-41
-33
-59
-51
-46
-41
13
-93
-130
-98
-162
-161
-146
-93
-41
-80
-67
-64
-39
23
-11
-47
-82
-69
29
84
84
127
96
40
100
82
49
101
144
85
44
43
-28
-19
8
-5
48
108
104
116
105
85
162
165
95
95
118
122
36
14
131
159
97
100
115
87
93
151
121
33
82
20
-12
46
-15
-52
-60
-53
-99
-73
-81
-126
-85
-125
-122
-114
-108
-110
-87
-2
-77
-156
-35
62
38
50
73
88
65
78
225
238
142
87
73
79
69
99
73
98
157
41
-25
-48
-48
9
-62
-148
-148
-144
-173
-167
-159
-224
-237
-213
-139
-88
-116
-129
-191
-162
-103
-133
-103
-98
-175
-137
-69
-75
-26
-16
29
73
13
45
17
-13
84
52
76
103
47
83
22
6
110
118
42
54
85
-10
32
57
28
65
-2
-38
-76
-154
-126
-118
-118
-95
-109
-102
-122
-145
-153
-132
-89
-78
-106
-138
-115
-114
-110
-70
-63
-31
8
33
54
37
53
115
149
153
158
194
195
131
203
253
174
199
261
258
242
244
207
223
260
200
188
105
13
76
48
-51
-73
-12
-1
-45
-50
-27
29
-59
-125
-53
-57
-67
-83
-73
41
64
-40
-17
67
13
-4
83
129
100
43
20
31
66
111
121
66
60
34
-43
39
110
65
26
50
82
23
-41
-81
-118
-129
-136
-214
-218
-114
-214
-201
-181
-326
-278
-290
-306
-285
-319
-309
-334
-362
-265
-246
-310
-279
-318
-316
-293
-333
-287
-226
-247
-176
-112
-127
-58
-86
-126
-86
-42
-26
71
190
193
228
229
215
216
216
215
239
261
233
246
256
276
194
181
311
265
186
154
120
128
64
69
122
87
66
7
28
85
113
99
30
64
17
28
127
106
87
59
138
263
241
280
265
190
167
168
268
244
191
193
207
262
231
176
129
116
137
120
101
74
25
-17
-95
-116
-140
-184
-105
-81
-79
-96
-115
-54
-106
-152
-188
-186
-117
-110
-91
-162
-250
-250
-186
-47
-87
-148
-112
-198
-150
-133
-207
-168
-160
-142
-155
-169
-159
-107
-11
-28
-30
3
-66
-80
-26
-49
-57
-11
0
35
68
10
10
7
7
13
-94
-32
33
7
15
-9
-36
-85
-99
-93
-95
-95
-137
-218
-227
-257
-275
-201
-250
-193
-122
-245
-202
-160
-185
-147
-181
-143
-120
-115
16
46
46
41
-14
71
181
210
158
126
149
120
164
197
165
213
170
120
215
190
133
149
165
189
153
142
135
89
102
92
83
58
-21
35
38
31
135
74
15
59
91
136
91
58
64
69
110
35
59
161
149
166
112
81
87
57
85
88
93
108
89
89
143
140
91
117
129
75
30
95
135
77
53
70
73
79
28
-80
-14
36
-23
-59
-121
-133
-197
-188
-179
-251
-209
-266
-271
-219
-283
-277
-296
-294
-200
-222
-276
-254
-222
-179
-179
-234
-200
-199
-210
-91
-41
-45
-42
-18
40
69
35
14
95
112
45
46
43
-10
31
45
-8
-3
-28
24
-31
-103
-64
-172
-115
-75
-127
-80
-124
-97
-86
-115
-71
-124
-148
-93
-99
-130
-93
-10
-43
-45
-9
-7
91
109
88
100
93
119
78
101
214
199
219
173
114
139
103
144
138
150
179
147
164
174
217
216
101
59
68
84
102
117
118
98
106
99
146
125
89
132
134
84
38
87
54
31
105
82
32
57
79
101
129
113
136
131
136
160
91
92
107
39
48
87
55
-1
25
118
95
58
43
-44
-63
-79
-131
-143
-154
-159
-171
-187
-240
-294
-309
-375
-399
-338
-314
-297
-318
-293
-246
-326
-326
-270
-298
-275
-199
-190
-172
-171
-106
33
97
146
169
170
178
244
279
268
264
261
298
306
246
173
205
196
205
275
185
189
182
125
146
8
-103
-62
-39
-120
-165
-155
-190
-195
-229
-237
-276
-285
-234
-304
-280
-214
-183
-184
-180
-142
-149
-144
-240
-172
-33
-23
57
21
24
43
0
0
16
98
109
86
112
107
66
116
178
155
166
148
144
198
193
160
220
202
125
186
101
29
73
63
15
-36
8
16
-11
-18
-28
4
13
-20
-90
-89
-34
-124
-155
-145
-101
30
-80
-162
-143
-161
-91
-148
-131
7
-9
49
80
43
155
202
168
181
126
104
181
188
185
150
96
74
82
86
96
221
174
64
93
80
38
34
50
39
-17
-9
8
-54
-108
-217
-263
-242
-246
-234
-245
-191
-144
-198
-185
-61
-27
-73
-15
5
-5
61
101
110
167
248
239
213
259
274
297
335
269
320
366
255
309
313
215
224
235
195
84
26
95
71
-11
-54
-108
-122
-147
-202
-248
-309
-326
-314
-351
-362
-336
-360
-352
-331
-278
-177
-189
-116
-55
-88
-8
-26
-58
13
-29
-103
-31
-26
-80
-44
-3
-25
-48
2
17
57
161
145
137
272
317
297
215
128
175
127
2
-24
-13
-66
-110
-99
-71
-62
-102
-106
-109
-99
-69
-168
-182
-71
-44
-83
-173
-224
-203
-152
-172
-260
-259
-204
-152
-158
-258
-274
-149
-80
-96
-30
76
139
198
185
93
47
243
469
471
419
383
443
360
168
258
495
532
342
193
240
360
270
166
183
165
187
47
-92
-67
-134
-147
-254
-322
-269
-328
-320
-222
-231
-312
-354
-447
-311
2
118
-69
-272
-189
-137
-99
-98
-41
192
178
119
165
158
252
349
301
253
300
350
235
15
-69
36
101
-68
-144
-36
-41
-122
-189
-148
-114
-195
-237
-210
-118
-117
-216
-261
-209
-124
-161
-215
-196
-219
-231
-276
-283
-188
-211
-229
-148
-61
41
-44
-162
-60
82
146
58
23
125
211
183
40
161
317
211
166
203
276
365
338
293
231
267
425
338
233
170
195
280
89
20
139
116
-60
-281
-246
-31
-104
-302
-339
-146
1
-252
-321
-87
15
-45
-170
-107
31
173
145
-92
-28
70
174
189
-158
-55
269
202
-43
-59
268
431
170
-8
199
350
256
101
37
117
183
26
-203
-210
-34
-13
-267
-408
-185
132
82
-262
-204
203
176
-140
-166
25
133
-57
-255
-168
17
140
3
-255
-347
-222
-32
-268
-458
-168
154
83
-247
-229
41
166
11
-285
-213
150
103
-263
-372
-35
289
15
-337
-235
9
52
-257
-396
-57
252
143
-167
-158
31
120
-63
-316
-136
228
254
-98
-246
69
269
63
-211
-161
174
267
43
-98
67
464
393
-51
-78
254
493
251
-106
-63
272
403
73
-139
53
270
175
-202
-243
194
350
101
-140
-11
257
138
-121
-188
28
197
102
-73
-91
210
383
108
-196
-14
292
214
-89
-233
-12
245
119
-155
-72
234
283
-27
-127
103
303
242
-59
-68
179
197
-30
-284
-234
5
11
-178
-266
-56
196
105
-208
-163
113
98
-141
-306
-179
19
-15
-206
-216
-60
79
-87
-345
-178
41
36
-169
-169
140
216
-35
-279
-241
-113
-195
-323
-239
-137
-22
39
-113
-241
-133
5
-176
-332
-226
48
147
-79
-107
71
168
-2
-97
63
142
125
50
99
136
132
159
34
2
36
43
16
-96
56
293
212
110
98
18
30
-23
-149
-146
-171
-150
-78
-178
-199
-18
-33
-103
-108
-76
90
142
188
266
236
332
352
232
134
39
70
110
71
75
160
152
68
2
-30
80
111
46
-10
18
246
354
268
255
318
297
176
32
78
260
241
150
104
98
126
-25
-182
-145
-95
-32
-90
-199
-94
99
148
-107
-312
-338
-311
-326
-482
-446
-206
-89
-246
-349
-268
-150
-115
-254
-301
-130
178
287
219
235
339
404
226
25
62
199
187
1
-70
89
158
1
-125
-91
0
-62
-255
-324
-167
37
-53
-234
-163
-15
-52
-286
-350
-240
-151
-22
-132
-205
-61
-44
-106
-320
-302
0
62
-64
-107
133
272
169
74
-38
58
162
-49
-155
10
207
319
163
-45
79
272
183
-46
-124
131
268
12
-28
190
239
93
-35
-23
41
22
-6
-52
-59
92
134
-6
-69
-6
9
-68
-218
-216
-129
-155
-108
-154
-78
41
-69
-70
-21
83
195
146
163
232
190
201
190
123
166
59
5
77
101
248
270
164
100
37
-22
-25
-66
-221
-177
-130
-165
-200
-236
-192
-261
-281
-266
-321
-290
-180
-141
-147
-32
-66
-131
-44
-44
36
49
63
206
138
159
284
378
347
193
167
156
238
243
167
164
94
-22
-55
-137
-235
-153
-148
-170
-168
-143
-21
95
104
24
14
16
28
38
2
110
159
68
26
-36
7
116
106
-2
-39
-25
-58
-94
-191
-132
-112
-271
-350
-306
-164
-108
-152
-199
-91
41
78
95
90
108
126
56
-57
56
226
252
152
62
175
249
156
53
66
177
274
179
101
186
222
225
42
-112
-101
-83
-104
-241
-158
-52
-33
1
-125
-142
-67
-80
-107
-192
-127
85
185
157
140
329
375
176
125
154
163
123
3
-58
15
29
-136
-258
-296
-326
-353
-400
-440
-281
-98
-136
-134
-75
19
31
-70
-142
-71
121
129
46
-5
103
150
-14
7
6
73
83
-113
-91
-5
67
39
-188
-302
-193
-141
-261
-331
-252
-184
-180
-214
-218
-121
-63
-87
-111
-58
116
134
29
49
185
340
290
223
230
384
543
375
300
371
403
350
130
24
78
101
115
13
-39
59
-21
-228
-333
-296
-150
-121
-213
-183
-66
-32
-108
-137
-46
49
21
-18
-68
-18
179
202
129
104
141
166
22
-63
67
131
-1
-124
-17
34
-68
-135
-293
-260
-90
-30
62
53
95
289
317
217
183
238
325
293
160
224
406
356
225
174
167
101
-80
-170
-175
-152
-128
-167
-178
-163
-79
-142
-317
-387
-382
-314
-359
-301
-234
-226
-120
-186
-194
-160
-177
-211
-240
-116
-7
115
143
38
103
258
285
304
270
266
323
230
172
119
77
59
-65
-138
-264
-403
-480
-556
-488
-432
-439
-438
-388
-316
-255
-200
-230
-270
-217
-176
-188
-182
-99
25
6
43
77
108
202
162
198
169
154
240
123
173
306
295
285
204
224
216
175
265
331
297
298
403
462
529
551
496
488
449
422
376
337
339
331
362
333
302
252
180
173
4
-158
-136
-125
-168
-168
-140
-193
-165
-201
-353
-309
-298
-385
-364
-329
-295
-204
-149
-118
-124
-215
-265
-241
-206
-153
-123
-97
-25
28
102
51
-59
-74
-177
-239
-192
-199
-232
-186
-136
-101
-46
-91
-161
-166
-230
-224
-176
-152
-61
19
-19
-42
-58
-206
-186
-145
-142
-149
-161
1
2
-34
37
23
34
10
-44
-97
-80
109
179
160
177
161
135
16
-55
9
-68
-144
-23
63
194
264
226
254
302
239
148
178
206
284
346
369
447
393
330
331
254
224
163
32
-17
-8
-38
-28
58
5
-18
-6
-135
-194
-226
-165
-99
-96
-14
-45
-124
-147
-144
-181
-270
-225
-136
-215
-254
-182
-133
-62
-57
-168
-272
-246
-247
-231
-121
-108
-102
-152
-228
-189
-173
-165
-154
-200
-265
-365
-369
-223
-91
-50
-26
-3
-8
-42
-4
152
253
285
295
308
307
272
269
224
230
139
-48
-115
-263
-278
-131
-42
16
19
7
52
96
110
176
198
179
195
180
286
448
582
720
711
720
704
611
614
659
723
712
655
593
540
627
675
665
640
447
272
150
0
-19
-55
-151
-190
-260
-418
-538
-461
-338
-324
-309
-315
-343
-323
-249
-105
19
51
-55
-77
-105
-125
-4
44
97
110
-1
-110
-149
-166
-45
56
-15
3
60
74
211
340
381
447
469
418
363
416
533
539
370
-5
-586
-1114
-1346
-1532
-1689
-1789
-2016
-2263
-2514
-2669
-2696
-2772
-2904
-3114
-3279
-3365
-3324
-3012
-2525
-1976
-1433
-1063
-770
-382
-36
359
811
1194
1441
1615
1797
2000
2225
2433
2575
2479
2265
2048
1906
1782
1595
1428
1219
940
583
146
-188
-261
-334
-446
-435
-485
-527
-442
-255
8
202
231
238
284
350
659
1002
1249
1437
1470
1411
1406
1398
1307
1292
1115
914
719
522
585
739
1017
1220
1218
1183
965
684
555
653
772
725
732
779
882
1170
1535
1765
1832
1713
1445
1148
911
939
1065
1159
1106
783
536
297
-32
-134
-251
-564
-972
-1408
-1472
-1330
-1044
-553
-254
-154
-286
-452
-457
-360
-91
228
461
619
877
1126
1365
1742
1690
1235
486
-740
-1844
-2411
-2544
-2570
-2754
-3254
-3876
-4385
-4705
-4809
-5006
-5270
-5653
-6242
-6739
-6822
-6324
-5472
-4538
-3810
-3347
-2907
-2345
-1432
-296
665
1382
1687
1700
1766
2051
2496
2870
3122
3060
2739
2377
2174
2249
2239
1990
1424
593
-195
-847
-1153
-1092
-986
-883
-928
-1145
-1239
-1091
-583
-89
66
106
63
145
472
950
1618
2181
2360
2424
2344
2189
2347
2467
2449
2282
1857
1530
1354
1375
1615
1959
2176
2157
1925
1567
1461
1511
1579
1579
1366
1131
1081
1292
1590
2052
2548
2586
2389
1973
1605
1662
1697
1817
1843
1628
1520
1352
1314
1400
1368
1132
485
-239
-865
-1205
-1049
-844
-601
-483
-573
-619
-656
-534
-345
-183
-128
-233
-272
-31
428
960
1436
1698
1764
1671
1544
1651
1949
2077
1981
1637
1148
835
601
511
605
578
208
-479
-1164
-1689
-2030
-2338
-2850
-3654
-4692
-5512
-5849
-5678
-5272
-5147
-5494
-6163
-6801
-7172
-7201
-6960
-6635
-6491
-6515
-6488
-6311
-5852
-5058
-4342
-3943
-3863
-3826
-3465
-2619
-1384
-102
857
1177
1133
807
606
937
1377
1726
1895
2017
2339
2897
3732
4488
4614
4145
3220
2137
1409
1179
1414
1798
2127
2343
2321
2249
2298
2353
2155
1506
642
-186
-825
-693
68
932
1704
2135
2214
1999
1679
1535
1555
1371
1033
835
799
1150
1891
2787
3602
4039
4026
3691
3288
2910
2788
2987
3180
3378
3490
3557
3659
3749
3801
3414
2714
1900
1148
838
894
1243
1530
1651
1591
1255
880
344
-151
-547
-962
-1309
-1447
-1228
-655
80
581
680
334
-327
-964
-1280
-1277
-1040
-635
-359
-195
-71
-88
-45
-116
-543
-1138
-1692
-1972
-1733
-1068
-389
101
102
-315
-806
-1251
-1398
-1401
-1477
-1549
-1584
-1632
-1429
-1183
-1336
-1839
-2999
-4826
-6485
-7234
-6872
-6001
-5371
-5181
-5707
-6459
-6896
-7072
-6905
-6870
-7140
-7420
-7579
-7197
-5938
-4150
-2565
-1671
-1662
-2107
-2209
-1553
-173
1496
2798
3463
3442
3145
3305
3725
4142
4198
3653
2875
2276
2366
3117
4048
4462
3873
2631
1289
385
371
927
1591
1953
1810
1428
1164
1534
2086
2383
2289
1544
872
811
1412
2598
3858
4450
4060
3192
2263
1577
1640
1960
2049
1969
1585
1380
1522
1863
2304
2330
1855
1100
495
351
735
1572
2311
2537
2279
1853
1608
1584
1730
1902
1819
1572
1289
1168
1518
2066
2537
2634
2139
1418
854
696
883
1093
1183
1030
619
228
123
274
600
813
684
312
-264
-479
-286
12
456
695
634
372
146
-52
-176
-163
-362
-652
-1027
-1362
-1339
-982
-454
-260
-646
-1492
-2476
-3155
-3239
-2980
-2648
-2369
-2427
-2549
-2637
-2675
-2595
-2758
-3292
-4374
-5855
-7054
-7261
-6179
-4664
-3864
-4176
-5376
-6744
-7630
-7888
-7519
-6853
-6506
-6590
-6853
-6893
-6184
-4994
-4045
-3821
-4410
-5082
-4972
-3605
-1238
1125
2662
3056
2498
1713
1345
1685
2520
3254
3523
3442
3543
4222
5614
6872
6838
5428
3233
1481
994
1805
3284
4586
5142
4757
3863
2927
2581
2875
3167
2891
2002
1314
1539
2834
4603
5703
5529
4276
2540
1149
764
1450
2747
3765
3837
3259
2532
2257
2509
2506
2143
1548
913
952
1849
3242
4503
4884
4328
3072
1746
1050
1172
1837
2309
2375
2131
1744
1588
1533
1314
816
-85
-963
-1464
-1455
-921
-334
-153
-470
-1274
-2251
-2834
-2872
-2582
-2419
-2323
-2109
-1824
-1463
-1210
-1071
-1135
-1381
-1614
-1712
-1427
-803
-213
10
-46
-228
-365
-343
-388
-418
-279
-118
-49
-252
-635
-1012
-1332
-1266
-1099
-1107
-1149
-1216
-1205
-1451
-1782
-1995
-2278
-2727
-3708
-5104
-6218
-6349
-5254
-3682
-3172
-4272
-6219
-7937
-8862
-8850
-7928
-6547
-5352
-5026
-5500
-6092
-6130
-5388
-4712
-4933
-5676
-5921
-4708
-2074
918
3247
4229
3818
2308
739
269
1071
2911
4688
5385
5231
4999
5299
6099
6515
5706
3909
2172
1599
2506
4226
5838
6545
5842
3915
1623
40
-35
1271
2820
3459
2987
2359
2493
3283
3845
3542
2564
1453
695
731
1896
3705
5309
5918
5080
3505
2080
1470
1766
2292
2593
2661
2814
3273
3997
4531
4460
3837
2686
1528
1036
1257
1970
2666
2809
2184
1167
266
-87
23
37
-149
-565
-963
-1076
-1152
-1171
-1273
-1651
-2172
-2650
-2830
-2695
-2288
-2055
-2101
-2117
-2072
-1873
-1688
-1612
-1598
-1563
-1516
-1543
-1428
-949
-497
-485
-707
-984
-1086
-895
-837
-1191
-1569
-1541
-1262
-1086
-1285
-1806
-2095
-1998
-1777
-1492
-1395
-1337
-1352
-1595
-1847
-2220
-2253
-1948
-2228
-3501
-5237
-6134
-5150
-3003
-1787
-2571
-4763
-6803
-7747
-7841
-7270
-6069
-4591
-3871
-4971
-6956
-7688
-6464
-4384
-3398
-4120
-4891
-4096
-1791
831
2465
2871
2419
1352
267
139
1850
4927
7492
7893
6082
3904
3156
4182
5843
6416
5443
3973
3351
3748
4371
4865
5165
4916
3661
1538
-3
476
2794
4972
4988
2903
730
326
1293
2326
2632
2459
2395
2027
1434
1266
2203
4002
4832
3888
2119
1124
1673
2791
3307
3009
2585
2556
2779
3083
3276
3322
3187
2578
1699
1202
1493
2396
3012
2603
1475
425
-104
-6
216
60
-258
-503
-677
-786
-703
-559
-663
-1315
-2342
-2943
-2698
-1942
-1489
-1690
-1958
-2002
-2028
-2117
-2222
-2116
-1756
-1524
-1664
-1812
-1465
-644
-124
-539
-1400
-1915
-1941
-1730
-1525
-1361
-1033
-535
-383
-988
-1902
-2347
-1944
-1139
-801
-1240
-1972
-2247
-1986
-1591
-1385
-1372
-1486
-2153
-3858
-6095
-6874
-5014
-2092
-845
-2593
-5780
-7999
-8207
-7046
-5658
-4065
-2692
-2969
-5257
-7979
-8640
-6508
-3809
-2792
-3539
-4371
-3673
-1771
-122
596
523
-23
-694
-886
298
2991
5897
7227
6200
3734
2131
2849
5326
7740
8354
7140
5389
4448
4609
5253
5902
6483
6589
5616
4003
2974
3673
5397
5983
4539
2247
1237
1926
2849
2962
2423
2001
1632
716
-295
-421
628
1789
1624
301
-734
-467
731
1518
1284
719
659
1292
2003
2391
2612
2849
2859
2127
1161
915
1761
3071
3551
2830
1650
963
1011
1106
562
-124
-368
-343
-347
-795
-1007
-550
-285
-946
-2270
-2925
-2419
-1479
-1173
-1777
-2264
-2171
-2011
-2180
-2493
-2262
-1477
-1055
-1355
-1717
-1461
-766
-470
-913
-1453
-1456
-1000
-638
-824
-1161
-1044
-627
-393
-853
-1672
-1873
-1191
-181
0
-696
-1185
-1060
-614
-356
-372
-269
-143
-1230
-3927
-6317
-5799
-2241
1004
663
-3161
-7422
-9576
-9200
-7421
-5039
-2551
-1862
-4301
-8810
-11830
-10514
-6151
-2318
-1771
-3850
-5588
-5395
-3580
-1636
-572
-180
-329
-591
-467
693
3089
5321
5641
3641
1327
1286
4191
7808
9014
6947
3833
2546
3528
5507
7127
7918
7746
6051
3189
1053
1726
5010
7799
7410
4401
1576
894
1940
2969
3207
3117
2983
2475
1353
567
738
1393
1659
973
135
279
1562
2704
2262
610
-741
-563
952
2493
3433
3752
3457
2656
1545
939
1676
3297
4513
4145
2487
1207
1120
1588
1725
1378
1132
1296
1126
79
-1122
-1506
-1115
-1173
-2059
-2746
-2592
-1938
-1819
-2598
-3278
-3079
-2433
-2290
-2936
-3496
-3047
-2131
-1778
-1970
-2237
-2009
-1624
-1777
-2090
-2110
-1519
-865
-1182
-1983
-2117
-1229
-13
202
-808
-1953
-2160
-1276
-431
-419
-917
-1280
-1324
-1407
-1327
-745
100
-13
-2274
-5418
-6721
-4448
-360
1646
-212
-4503
-8011
-9000
-7527
-4589
-1651
-276
-2221
-6877
-11109
-11571
-7476
-2076
438
-1404
-5176
-7512
-6965
-4196
-1098
954
1478
641
-707
-1339
-190
2542
4946
5126
3510
2517
3872
6917
8860
7789
4868
2846
3419
5814
8036
8877
8351
6558
3834
1769
2109
5059
8361
8835
5665
1393
-516
769
3185
4632
4617
3779
2747
1366
-128
-655
254
1786
2270
1301
291
211
697
647
-192
-793
-268
1125
2150
2011
1241
814
1040
1291
1215
1310
1820
2427
2414
1641
867
645
950
1099
590
116
192
398
78
-899
-1654
-1739
-1446
-1153
-1276
-1722
-2217
-2601
-2937
-3129
-2697
-1964
-1530
-1615
-2165
-2573
-2443
-1936
-1500
-1436
-1549
-1526
-1305
-1105
-1036
-957
-915
-1169
-1578
-1711
-1247
-298
180
-204
-880
-1008
-320
221
55
-440
-490
-52
323
715
1023
890
-388
-2958
-5066
-4539
-1246
2093
2312
-1149
-5677
-8563
-8575
-5717
-1993
293
-601
-4884
-9989
-12382
-10041
-4734
-344
256
-2982
-7303
-9668
-8226
-3916
268
2129
1389
-537
-2089
-2009
-79
2532
4332
4448
3437
2882
3864
5669
6425
5457
4085
3752
4950
6648
7202
6421
4865
3328
2601
3122
4947
6881
7101
4951
1662
-296
450
2825
4880
5211
3920
1922
167
-431
30
1066
1960
1926
914
-342
-891
-476
229
598
493
173
15
-11
227
644
1206
1958
2307
2103
1627
1263
1213
1361
1735
2175
2502
2420
1642
598
-171
-280
248
854
1007
533
-337
-1237
-1632
-1404
-703
47
173
-473
-1645
-2631
-2889
-2318
-1270
-465
-301
-992
-1967
-2487
-2504
-1832
-898
-421
-388
-669
-1212
-1654
-1809
-1543
-915
-319
198
314
-148
-781
-1095
-810
-264
-18
-243
-760
-1107
-911
-337
369
842
249
-1790
-4202
-4992
-2912
552
2182
343
-3895
-7714
-8916
-7077
-3504
-316
170
-3216
-8615
-12467
-11744
-6842
-1692
-22
-2655
-7114
-9998
-9356
-5716
-1416
1418
1442
-781
-3070
-3335
-894
2770
5271
5174
3600
2638
3185
4779
5992
6111
5445
4777
5018
6016
6877
6661
5270
3658
3010
3987
5926
7524
7405
5274
2485
775
1476
4060
6157
6083
3717
794
-424
608
2739
4086
3656
1534
-1119
-2549
-1732
822
2947
2988
938
-1461
-2434
-1886
-323
1266
2055
1710
409
-606
-542
309
1024
1126
1061
1197
1451
1316
710
-112
-671
-401
483
1190
1215
518
-695
-1771
-2139
-1489
-160
751
427
-1138
-3131
-4144
-3425
-2020
-1197
-1281
-1923
-2522
-3024
-3305
-3051
-2291
-1354
-1022
-1413
-1773
-1541
-816
-266
-227
-328
-99
425
842
781
403
60
78
630
1190
1376
959
240
-83
-49
430
1215
1612
1000
-878
-3034
-3453
-1122
2100
3198
1004
-2845
-5766
-6260
-4236
-1054
1383
1029
-2778
-7963
-10830
-9129
-4666
-944
-589
-3630
-7479
-9639
-8933
-5817
-2137
-52
-557
-2799
-4737
-4466
-1850
1391
3237
3201
2293
1628
2017
3007
3897
4550
4641
4573
4684
4784
4767
4413
3691
3173
3482
4513
5459
5516
4280
2424
1156
1329
2807
4366
4738
3348
1029
-604
-400
1365
3228
3641
2123
-450
-2604
-2842
-965
1610
3046
2167
-297
-2400
-2710
-1276
713
2423
3023
2200
734
-273
67
1516
2961
3650
3503
2884
2306
1824
1511
1577
2069
2781
2955
2444
1442
189
-559
-516
57
499
433
29
-675
-1474
-2141
-2328
-1901
-1413
-1211
-1511
-2132
-2397
-2409
-2514
-2590
-2351
-1756
-1182
-1040
-1401
-1782
-1834
-1528
-1048
-727
-518
-395
-366
-268
-271
-434
-489
-377
-183
93
297
86
-223
-397
-605
-360
226
667
455
-937
-2635
-3200
-1885
331
1461
220
-2713
-5303
-6149
-4709
-2006
44
-256
-3336
-7272
-9375
-8126
-4489
-1312
-951
-3729
-7349
-9120
-7931
-4290
-529
1032
-189
-2882
-4706
-4085
-1171
2253
4239
4055
2449
1134
1296
2680
4382
5339
5026
4247
3871
4115
4431
4271
3872
3549
3672
4161
4670
4840
4266
3240
2434
2584
3706
4792
4721
3355
1764
1068
1647
2741
3301
2659
859
-998
-1823
-1112
565
1610
1031
-909
-2938
-3560
-2428
-500
949
1217
273
-1072
-1814
-1296
272
1831
2568
2252
1466
827
889
1519
2088
2358
2257
2047
1675
1058
565
510
710
1002
1151
878
447
-120
-634
-797
-753
-520
-307
-547
-1054
-1381
-1411
-1208
-1047
-1134
-1443
-1615
-1280
-700
-354
-532
-975
-1241
-1186
-718
-23
604
731
230
-430
-731
-266
478
718
179
-711
-1106
-784
-201
34
-344
-1134
-1746
-1667
-1035
-315
-106
-1081
-2671
-3476
-2723
-828
634
183
-2102
-4546
-5528
-4378
-2025
-483
-1188
-4144
-7504
-8912
-7383
-4126
-1745
-2230
-5209
-8272
-8998
-6646
-2790
4
201
-1762
-4015
-4552
-2493
1264
4374
4787
2791
492
-45
1655
4230
5874
5773
4358
2785
2337
3264
4681
5494
5067
3976
3375
3658
4460
4899
4539
3828
3298
3420
4099
4837
4827
3610
2143
1445
1972
3117
3463
2467
754
-515
-614
282
1302
1584
669
-1208
-2598
-2145
-176
1597
1624
7
-1820
-2502
-1512
535
2276
2657
1265
-824
-1894
-1097
968
2452
2514
1403
-278
-1251
-989
53
1302
1825
1371
489
-233
-280
70
348
408
287
149
-92
-436
-780
-1185
-1408
-1335
-1095
-816
-901
-1409
-2041
-2358
-1997
-1208
-618
-637
-1142
-1640
-1689
-1195
-327
388
616
313
-418
-768
-500
148
903
825
-127
-1096
-1226
-331
716
1007
318
-871
-1761
-1701
-749
548
1413
766
-1311
-3217
-3430
-1687
555
1198
-503
-3461
-5660
-5680
-3823
-1353
-215
-1562
-4752
-7721
-8279
-6230
-3091
-1240
-2095
-4780
-7134
-7159
-4785
-1635
453
313
-1453
-3205
-3442
-1725
813
2731
2952
1665
348
251
1518
3004
3750
3585
3000
2892
3494
4239
4560
4337
3893
3848
4323
4995
5479
5438
4727
3882
3684
4275
5153
5278
4196
2480
1351
1639
2842
3704
3228
1642
-141
-981
-417
845
1881
1744
379
-1269
-1992
-1178
507
1673
1404
29
-1397
-1596
-439
961
1762
1515
459
-523
-669
45
1050
1659
1320
328
-463
-510
159
900
999
391
-439
-889
-635
-25
366
187
-502
-1270
-1798
-1811
-1450
-1071
-945
-1287
-1899
-2348
-2419
-2241
-1927
-1754
-1804
-1904
-2134
-2362
-2365
-2099
-1689
-1345
-1109
-1027
-1096
-1215
-1175
-792
-289
154
237
-183
-581
-582
-78
603
914
806
306
-128
-69
280
721
873
599
82
-387
-343
-20
58
-339
-1257
-2136
-2113
-1169
-393
-585
-1870
-3377
-3974
-3389
-1974
-897
-1036
-2346
-4171
-5044
-4129
-2042
-270
-118
-1664
-3670
-4378
-3096
-656
1272
1384
-135
-1961
-2699
-1721
487
2417
2907
1842
67
-771
71
2120
3991
4369
3384
1963
1275
1985
3520
4600
4758
4266
3447
2936
3068
3537
3931
3918
3489
2968
2675
2615
2503
2092
1607
1442
1701
2056
1868
1176
339
-103
156
604
876
581
-280
-1172
-1527
-903
100
619
352
-507
-1324
-1376
-576
442
929
475
-520
-1192
-948
-136
635
947
535
-125
-441
-136
572
1179
1182
540
-226
-582
-351
43
235
123
-34
-174
-409
-563
-624
-457
-241
-280
-228
-172
-403
-877
-1396
-1350
-738
-110
-47
-710
-1531
-1887
-1566
-912
-331
-320
-869
-1686
-2278
-1936
-1178
-383
-37
-656
-1519
-2017
-1688
-762
14
298
-7
-537
-897
-889
-559
-111
248
151
-398
-1019
-1249
-991
-595
-218
-27
-97
-398
-1003
-1593
-1606
-756
449
957
236
-1189
-2243
-2283
-1259
207
961
344
-1428
-3436
-4245
-3298
-1384
-23
-460
-2521
-4800
-5513
-4153
-1678
339
578
-797
-2573
-3427
-2496
-183
1991
2738
1752
129
-562
242
2033
3559
4033
3562
2896
2687
2889
3455
4084
4301
4209
3960
3778
3952
4138
4029
3773
3617
3801
4140
4111
3560
2748
2305
2451
2657
2706
2324
1489
670
89
39
382
566
247
-563
-1205
-1310
-1066
-692
-684
-1107
-1591
-1772
-1612
-1305
-1025
-1010
-1249
-1436
-1313
-969
-472
-125
-298
-598
-659
-550
-130
345
536
400
9
-254
-150
233
473
449
205
-113
-309
-556
-771
-848
-907
-1055
-1357
-1723
-1996
-2052
-1977
-1874
-1830
-1774
-1678
-1768
-1966
-2181
-2201
-1934
-1672
-1520
-1361
-1005
-760
-834
-916
-966
-770
-323
-39
2
-82
-293
-477
-561
-562
-287
58
186
134
73
143
375
716
966
996
944
928
842
741
727
744
841
1091
1316
1366
1280
1048
651
139
-58
303
969
1417
1047
-58
-1124
-1444
-935
-111
412
185
-833
-1997
-2633
-2257
-1009
-58
-221
-1512
-3113
-3697
-2864
-1167
197
233
-865
-2128
-2539
-1728
-4
1561
2056
1379
49
-635
51
1747
3296
3542
2501
1187
669
1165
2325
3449
3835
3287
2158
1200
1127
2018
3040
3354
2789
1882
1158
818
924
1227
1473
1361
807
59
-465
-593
-563
-513
-771
-1248
-1492
-1763
-2126
-2300
-2310
-2074
-1796
-1715
-1788
-1917
-1956
-1862
-1499
-1038
-710
-585
-683
-783
-592
-86
547
920
858
527
255
349
767
1257
1515
1491
1210
830
701
961
1296
1454
1334
1040
703
464
578
571
242
-104
-365
-531
-546
-484
-582
-892
-1175
-1179
-1116
-1033
-863
-854
-996
-1080
-1059
-839
-544
-279
-244
-413
-309
-191
-125
21
1
54
109
131
230
133
69
86
72
143
294
575
663
468
320
343
575
889
1116
1191
1075
818
584
565
722
860
841
613
235
-163
-365
-290
-138
-11
-81
-519
-1132
-1592
-1631
-1246
-755
-620
-1120
-2019
-2631
-2601
-1993
-1218
-915
-1275
-2124
-2926
-3112
-2447
-1325
-637
-821
-1721
-2529
-2412
-1396
-125
732
779
94
-640
-772
-1
1246
2186
2305
1517
661
593
1319
2428
3078
2875
2315
1640
1521
2084
2646
3068
2900
2136
1475
1307
1609
2112
2240
1825
1251
746
678
901
991
809
253
-341
-572
-427
-339
-598
-1033
-1530
-1863
-1786
-1513
-1269
-1259
-1735
-2135
-2007
-1463
-769
-359
-447
-818
-925
-543
210
970
1349
1320
1093
982
1200
1664
2086
2243
2048
1661
1300
1232
1471
1688
1648
1240
760
327
66
193
315
297
87
-305
-736
-1024
-1038
-1050
-986
-971
-1188
-1482
-1749
-1788
-1702
-1484
-1343
-1454
-1577
-1706
-1657
-1538
-1408
-1108
-925
-920
-849
-641
-410
-168
0
2
186
435
560
778
839
697
537
430
500
728
1021
1180
1188
1037
742
706
790
822
912
767
477
205
-117
-213
-72
-35
-139
-368
-670
-844
-932
-957
-893
-833
-822
-887
-1072
-1199
-1134
-877
-674
-680
-617
-565
-565
-407
-219
-86
37
70
-35
-189
-184
102
315
282
210
21
-148
-183
-185
-9
217
292
227
35
-87
-34
219
510
541
438
375
357
437
611
787
874
814
636
476
472
630
731
542
181
-34
-37
117
283
269
10
-487
-835
-813
-532
-135
-57
-374
-932
-1473
-1410
-796
-117
225
-100
-853
-1299
-1063
-410
228
440
163
-451
-1012
-819
91
951
1183
703
-85
-379
119
990
1753
1830
1341
667
199
555
1365
1927
1955
1568
1047
813
1146
1613
1912
1789
1100
481
479
934
1269
1197
802
240
-64
-65
185
439
373
120
-358
-662
-424
9
141
4
-208
-425
-385
-246
-74
169
310
266
179
208
259
376
511
501
419
377
294
225
159
-39
-167
-162
-127
-95
-223
-407
-525
-598
-573
-719
-969
-1167
-1331
-1363
-1473
-1601
-1771
-2012
-2213
-2314
-2085
-1885
-1915
-2091
-2428
-2580
-2405
-1997
-1634
-1582
-1766
-2003
-1993
-1582
-1049
-575
-411
-668
-834
-873
-685
-165
274
463
270
82
189
428
860
1179
1190
1146
1046
958
1061
1212
1250
1210
1042
917
1020
1103
1050
772
443
337
334
412
440
255
-33
-285
-497
-514
-252
-102
-120
-265
-413
-414
-365
-167
137
259
136
1
-47
-23
108
322
542
741
762
662
638
763
1066
1350
1501
1430
1300
1312
1331
1492
1861
2084
2028
1721
1212
952
1107
1478
1718
1556
1070
356
-118
-97
256
545
336
-236
-835
-1178
-1153
-725
-359
-331
-664
-1306
-1596
-1362
-811
-331
-306
-517
-674
-758
-635
-261
91
222
169
43
131
455
732
958
1025
940
860
843
898
996
1013
884
846
899
905
856
762
600
491
440
209
-12
-232
-603
-882
-1130
-1313
-1397
-1465
-1696
-2050
-2128
-2077
-2119
-2272
-2435
-2465
-2454
-2504
-2463
-2357
-2216
-2043
-2055
-1929
-1596
-1365
-1137
-994
-919
-783
-658
-363
-29
100
237
253
256
472
788
1044
1151
1120
936
779
766
849
895
816
641
459
435
512
576
569
470
364
221
125
138
291
385
265
162
51
78
309
473
575
567
436
335
378
547
694
765
729
616
514
635
909
1082
1122
906
737
762
842
1056
1130
1017
845
581
408
517
793
852
671
407
56
-90
-5
112
166
-27
-307
-585
-784
-720
-598
-524
-588
-839
-1096
-1231
-1136
-951
-827
-818
-1005
-1130
-1101
-828
-471
-270
-205
-403
-555
-456
-158
266
418
239
1
-94
125
477
743
790
576
303
46
129
579
859
773
408
89
50
230
536
697
550
236
39
100
407
706
647
426
186
-10
104
363
564
614
418
97
-10
140
299
311
86
-152
-327
-406
-357
-257
-45
-15
-155
-241
-281
-149
-105
-153
-135
-131
-62
-47
-203
-256
-156
-84
34
122
136
91
-65
-116
-19
151
266
157
-47
-358
-517
-400
-197
-26
-181
-491
-855
-985
-823
-798
-696
-640
-684
-865
-1129
-1026
-715
-430
-287
-362
-426
-427
-460
-309
-185
-201
-78
-39
-121
-137
-89
16
123
163
254
355
432
385
265
348
429
508
647
708
589
485
472
452
564
561
498
494
361
217
112
47
96
131
38
-165
-334
-410
-539
-594
-513
-462
-498
-612
-777
-858
-772
-649
-508
-472
-548
-554
-570
-491
-271
-84
-50
-204
-399
-457
-275
-11
243
287
107
-1
-43
102
375
568
634
587
591
659
832
1081
1136
1092
976
832
851
901
896
767
598
425
214
245
286
274
322
220
75
-10
92
254
332
267
34
-53
-27
52
156
156
213
157
-24
-42
67
210
230
249
253
163
131
231
323
372
426
371
392
360
431
585
623
623
404
214
144
154
262
337
307
160
40
-46
-118
-115
-100
-158
-278
-422
-516
-545
-638
-666
-629
-680
-688
-647
-757
-862
-902
-958
-839
-780
-724
-665
-756
-793
-783
-640
-497
-348
-313
-361
-250
-215
-200
-118
-23
36
60
67
90
113
116
176
170
141
66
-58
-68
-104
-234
-353
-438
-436
-439
-531
-612
-717
-758
-667
-680
-704
-674
-776
-925
-891
-616
-476
-443
-443
-551
-571
-494
-276
-135
-68
-13
-206
-253
-68
98
248
274
254
205
103
122
260
398
402
379
387
338
446
554
612
669
554
617
768
758
844
862
714
642
626
610
592
596
546
397
295
280
275
307
285
161
119
63
68
78
148
334
288
269
256
197
197
218
364
399
321
205
108
130
185
275
390
425
295
150
153
195
340
502
447
361
184
-10
35
168
320
335
83
-100
-90
66
256
371
341
188
43
41
194
317
409
283
44
-68
-84
70
219
267
181
2
-67
-52
8
209
336
195
77
-34
-76
46
102
92
-68
-256
-300
-322
-379
-400
-382
-429
-470
-586
-657
-541
-488
-480
-581
-598
-506
-526
-536
-635
-704
-688
-680
-745
-882
-901
-917
-1001
-976
-860
-886
-933
-878
-856
-891
-907
-808
-687
-712
-765
-751
-810
-836
-707
-566
-504
-564
-644
-662
-609
-491
-418
-353
-405
-504
-531
-370
-154
-60
15
107
248
307
460
623
716
843
787
722
808
900
956
932
846
852
855
924
1026
1022
990
829
799
892
1022
1177
1127
979
904
868
825
900
905
817
656
453
393
462
511
464
329
160
51
-65
-20
95
95
79
-39
-131
-48
58
112
160
193
212
261
342
460
543
529
578
585
504
500
405
285
252
241
206
111
-6
-83
-98
-160
-134
-67
-115
-181
-178
-202
-252
-179
-142
-185
-220
-289
-322
-337
-376
-373
-301
-239
-326
-368
-315
-274
-186
-153
-144
-85
-4
55
136
111
-32
34
169
162
94
45
78
18
-21
77
132
111
-50
-129
-140
-223
-213
-179
-224
-295
-437
-632
-671
-548
-534
-614
-666
-824
-931
-967
-941
-881
-960
-1009
-1056
-1159
-1209
-1194
-1151
-1114
-1081
-1102
-1097
-995
-890
-719
-620
-581
-448
-379
-238
-176
-157
12
95
72
24
74
201
323
298
287
275
142
176
203
290
559
553
468
462
455
585
687
798
803
671
602
535
506
543
621
629
572
483
375
409
527
580
594
541
502
541
608
639
638
683
649
579
613
713
741
702
691
617
568
616
609
577
538
538
545
514
623
615
546
593
497
419
394
460
483
343
293
131
33
113
123
167
121
39
21
-84
-41
66
43
118
80
-15
-1
-28
80
162
61
-31
-102
-63
-13
-40
-117
-208
-283
-350
-329
-320
-382
-471
-576
-630
-572
-550
-481
-402
-504
-602
-653
-594
-551
-549
-562
-648
-665
-733
-763
-764
-748
-691
-827
-927
-891
-876
-858
-795
-790
-762
-652
-632
-607
-494
-393
-348
-346
-284
-202
-195
-111
-119
-163
-89
-90
-80
-75
-146
-223
-231
-154
-81
-39
-33
-54
-44
-40
-10
11
-30
36
3
-72
-2
-13
36
55
5
-32
-82
-20
-46
-29
73
64
48
75
210
266
293
380
350
307
359
446
419
354
411
503
481
423
403
421
444
467
510
535
497
376
428
503
484
556
550
451
369
346
386
415
416
391
351
324
299
316
372
392
374
314
272
333
424
472
425
390
413
428
426
324
347
421
366
428
485
521
556
537
543
446
414
334
244
263
158
165
119
-22
-12
37
8
-108
-181
-245
-245
-236
-265
-253
-372
-375
-331
-429
-390
-422
-527
-587
-615
-623
-648
-588
-597
-691
-769
-750
-748
-852
-859
-859
-898
-894
-937
-951
-959
-968
-898
-910
-908
-890
-957
-979
-930
-839
-753
-678
-627
-633
-629
-580
-508
-478
-402
-340
-385
-370
-318
-229
-70
-8
9
47
25
20
48
89
151
102
42
153
272
297
381
453
456
541
514
477
624
691
737
722
560
587
595
535
531
415
351
365
315
258
270
375
451
459
483
494
488
526
654
714
700
755
738
688
744
768
712
647
582
536
528
476
438
471
386
360
408
375
391
309
241
214
90
-26
-33
49
22
-138
-257
-274
-313
-335
-315
-320
-381
-460
-435
-384
-359
-352
-356
-356
-365
-332
-352
-382
-339
-301
-242
-199
-179
-132
-110
-68
61
76
85
143
99
114
175
193
208
231
172
96
3
-38
6
-43
-51
-117
-239
-233
-225
-239
-193
-188
-280
-282
-341
-466
-396
-386
-419
-371
-404
-422
-482
-469
-393
-472
-450
-475
-543
-457
-503
-403
-276
-336
-288
-303
-239
-141
-169
-118
-155
-169
-114
-118
-118
-59
28
-11
-71
-88
-104
-91
-68
-40
-70
-69
-86
-109
-28
18
75
117
135
29
22
190
160
167
235
213
116
24
38
43
96
22
-105
-20
5
-8
112
190
179
185
208
295
364
393
439
420
483
595
619
660
675
626
614
633
678
719
696
714
665
563
612
609
647
740
670
501
423
427
410
440
364
286
204
32
2
0
14
-19
-133
-219
-312
-283
-270
-331
-325
-366
-407
-397
-426
-396
-285
-289
-375
-335
-258
-223
-225
-221
-197
-272
-266
-155
-135
-167
-185
-160
-112
-91
-85
-77
-133
-149
-174
-243
-226
-261
-241
-215
-253
-281
-330
-306
-317
-305
-267
-386
-400
-269
-268
-335
-313
-288
-378
-386
-347
-330
-357
-455
-371
-320
-298
-219
-273
-257
-244
-199
-112
-109
-110
-88
-11
10
73
164
212
278
266
297
395
408
474
515
465
533
573
510
491
518
550
572
518
445
412
350
413
382
286
347
258
247
180
81
216
144
109
155
20
-53
-36
-4
15
15
-22
-48
-54
-27
22
31
120
185
146
113
162
179
162
241
233
229
283
242
270
321
302
309
261
273
322
267
225
235
186
71
154
231
85
-18
-66
-84
-145
-163
-93
-154
-233
-310
-343
-292
-290
-324
-378
-431
-518
-460
-357
-402
-359
-309
-290
-198
-184
-174
-133
-92
-81
-66
-47
-69
1
-3
-2
-8
-59
-27
-168
-177
-84
-123
-88
-59
-31
-55
-63
-39
-18
-28
-139
-201
-246
-331
-385
-393
-391
-420
-517
-582
-577
-611
-606
-576
-588
-617
-670
-630
-529
-502
-410
-350
-390
-370
-381
-266
-177
-255
-159
-101
-130
-43
-17
16
125
149
120
157
258
311
378
431
431
470
503
527
562
577
582
608
616
625
637
657
707
739
683
653
683
643
681
683
600
633
700
664
658
669
615
587
555
580
559
474
497
484
447
520
534
415
353
344
335
344
291
213
135
84
103
83
41
20
-54
-134
-165
-170
-163
-196
-207
-203
-258
-280
-311
-295
-295
-419
-414
-416
-453
-473
-529
-554
-561
-563
-597
-610
-589
-603
-692
-663
-624
-693
-665
-651
-690
-677
-639
-650
-665
-635
-604
-593
-562
-457
-455
-510
-409
-351
-368
-362
-301
-250
-269
-220
-163
-80
-69
-82
-11
9
46
65
85
97
34
66
148
175
140
109
152
173
224
188
114
181
192
226
255
298
336
295
358
342
329
425
371
304
372
418
327
324
381
374
347
313
310
241
165
112
162
184
120
69
-11
-3
-50
-56
-12
-65
-92
-103
-105
-66
36
80
92
161
113
94
226
244
206
212
208
252
267
266
323
372
368
343
322
300
344
365
278
255
273
240
230
203
154
108
99
39
-30
25
-58
-146
-71
-138
-183
-122
-148
-115
-186
-258
-156
-148
-124
-157
-202
-163
-183
-216
-200
-215
-292
-274
-317
-419
-392
-353
-383
-418
-412
-430
-409
-396
-457
-399
-320
-278
-286
-335
-251
-216
-294
-303
-264
-213
-169
-224
-204
-212
-283
-138
-106
-166
-197
-171
-115
-197
-175
-141
-172
-158
-209
-240
-229
-257
-204
-152
-208
-280
-306
-234
-179
-153
-71
-29
-4
7
102
215
175
222
322
385
425
508
598
573
595
594
560
591
599
548
536
582
485
399
392
388
377
268
248
241
212
255
243
229
255
329
290
235
310
329
389
414
362
411
428
383
414
419
419
403
326
299
207
101
76
8
-6
-93
-224
-226
-314
-347
-362
-442
-440
-422
-481
-514
-400
-422
-470
-469
-512
-444
-411
-405
-313
-243
-238
-207
-139
-84
-103
-177
-160
-145
-176
-207
-197
-175
-278
-331
-312
-329
-392
-436
-451
-480
-431
-426
-411
-394
-394
-312
-343
-381
-326
-254
-226
-225
-62
42
97
188
195
297
371
375
422
418
473
494
470
514
470
424
443
426
313
207
144
90
23
4
24
-63
-89
-85
-7
77
-6
-90
-114
-56
-15
-2
101
154
129
96
74
131
120
74
44
-4
53
49
9
-8
-36
-101
-188
-170
-166
-218
-211
-152
-141
-122
-166
-177
-114
-190
-201
-77
-85
-98
14
-6
36
108
75
107
168
216
254
252
173
270
329
292
377
422
437
382
339
383
271
203
239
137
142
100
61
64
30
77
35
-24
-45
13
52
108
174
180
271
257
268
309
271
341
404
406
409
462
441
324
324
324
219
97
69
41
-44
-75
-113
-145
-297
-378
-293
-343
-420
-469
-455
-431
-521
-511
-447
-508
-502
-506
-569
-544
-549
-530
-575
-599
-533
-508
-491
-545
-503
-467
-455
-430
-491
-476
-443
-429
-331
-354
-415
-315
-276
-282
-297
-277
-221
-216
-182
-122
-70
-108
-77
-36
-101
-38
28
63
74
100
279
367
347
322
365
444
401
380
427
495
537
479
479
477
424
417
385
349
311
339
386
314
280
292
311
311
324
328
316
342
376
419
406
403
380
367
381
407
425
362
354
315
270
314
279
169
197
270
259
209
136
138
147
112
29
18
119
114
94
83
57
76
32
-18
-36
-6
-25
-131
-70
-69
-156
-180
-252
-265
-227
-264
-297
-218
-252
-257
-250
-318
-269
-340
-430
-378
-371
-382
-397
-404
-380
-446
-495
-508
-486
-454
-493
-423
-402
-445
-374
-343
-277
-199
-299
-302
-215
-215
-77
-43
-73
16
-24
13
66
-25
-30
55
29
-56
-41
13
26
2
4
-11
20
-3
-46
20
-16
-25
35
56
59
73
104
96
147
204
158
151
224
212
163
179
230
247
181
193
242
225
217
248
258
261
269
209
203
234
196
147
97
127
173
141
155
157
97
108
117
98
79
29
86
187
183
169
219
253
293
256
182
170
225
214
125
137
107
77
89
79
79
37
-31
-49
-69
-126
-139
-160
-171
-150
-109
-45
-21
-45
-139
-102
-85
-186
-126
-65
-73
-39
28
1
-34
-82
-139
-141
-212
-148
-98
-184
-187
-169
-127
-161
-263
-294
-337
-334
-268
-305
-305
-273
-353
-348
-274
-287
-360
-367
-278
-215
-228
-234
-209
-184
-150
-187
-136
-60
-28
36
-4
46
102
71
132
131
68
87
100
50
35
27
72
93
9
70
149
147
106
159
187
56
103
120
159
220
132
216
244
259
326
263
297
295
273
322
242
272
280
251
337
199
140
170
162
208
130
90
146
177
173
101
161
179
66
149
139
121
102
49
160
117
60
68
14
-55
-95
-78
-100
-93
-165
-179
-49
-82
-120
-94
-123
-120
-89
-133
-173
-172
-168
-144
-212
-198
-234
-325
-242
-279
-339
-360
-392
-329
-229
-217
-307
-240
-124
-178
-202
-150
-100
-99
-53
11
4
-11
-42
-41
-40
-64
-68
-82
-62
-22
-21
-52
-7
96
9
-30
7
25
66
44
86
76
32
58
100
86
101
97
94
191
149
108
69
94
157
167
194
143
150
197
193
161
175
117
111
150
31
8
76
33
-39
-43
-79
-103
-153
-82
-54
-163
-49
-81
-125
-89
-115
-21
-32
-58
33
-7
-30
40
8
-40
-58
-50
-35
-53
-67
-41
-51
-49
-28
-80
-95
-41
-12
-38
-44
53
77
36
87
82
78
64
74
120
58
91
84
57
136
138
120
99
76
84
100
90
51
34
83
134
86
96
117
83
132
113
74
66
34
-22
-56
4
-40
-129
-183
-180
-205
-222
-181
-226
-199
-195
-144
-125
-76
72
-49
-1
146
74
114
154
188
228
208
271
182
78
178
174
58
-28
-24
-20
-87
-120
-143
-143
-105
-101
-174
-172
-123
-136
-115
-116
-83
-68
-72
-14
23
93
112
69
90
101
68
30
59
124
37
11
44
-18
-28
-16
-38
-84
-89
-23
-9
-69
-25
54
43
11
10
80
83
51
49
53
89
66
38
-23
-37
30
13
42
45
-6
23
1
-20
-33
-37
-38
-62
-52
-79
-45
-44
-65
-48
-75
-66
-80
-87
-66
-93
-126
-170
-194
-165
-166
-195
-219
-200
-136
-110
-152
-164
-117
-107
-16
42
30
102
131
175
211
194
198
190
177
180
167
161
214
203
133
112
102
123
62
3
17
5
10
-20
-20
-20
-41
-15
22
8
-32
38
116
93
69
86
180
190
141
189
160
96
100
128
110
52
-1
-19
7
-14
-24
-57
-85
-84
-110
-71
-76
-133
-89
-67
-88
-87
-83
10
-1
-35
14
12
70
73
51
39
-32
-3
10
-24
-21
-88
-109
-26
-25
-96
-89
-111
-123
-138
-143
-78
-117
-201
-147
-75
-99
-10
-29
-157
-120
-115
-134
-64
-59
-123
-94
-36
-39
-72
-63
-85
-128
-125
-135
-145
-113
-52
-23
0
9
57
68
36
56
45
31
18
39
59
21
-18
-60
-50
-62
-122
-161
-188
-156
-187
-219
-131
-54
-26
-1
52
153
173
218
272
278
304
267
298
332
359
344
257
271
294
280
289
220
125
104
108
162
164
184
216
233
272
304
379
325
298
277
274
365
278
180
191
242
229
143
114
42
-13
-13
-38
-77
-121
-144
-150
-216
-207
-234
-325
-266
-254
-306
-358
-370
-407
-435
-373
-366
-395
-409
-372
-411
-466
-436
-457
-453
-387
-342
-319
-316
-293
-257
-272
-219
-218
-291
-269
-286
-268
-152
-125
-188
-132
-67
-92
-49
12
46
38
50
81
25
35
83
9
-62
36
157
148
128
160
159
119
138
164
197
286
280
298
345
360
419
462
466
367
413
437
354
410
379
362
373
358
403
365
258
203
253
286
241
231
195
116
120
201
216
123
39
59
16
-31
-90
-143
-123
-195
-126
-91
-233
-290
-288
-247
-239
-218
-145
-188
-281
-273
-280
-302
-282
-340
-396
-388
-374
-342
-323
-298
-268
-276
-255
-218
-219
-190
-159
-90
-48
-93
9
71
12
-38
-73
13
63
39
16
-11
1
22
43
97
72
80
174
207
217
205
205
315
377
333
267
181
178
142
124
125
52
50
26
-24
-60
-68
-46
-74
-78
-25
18
64
73
80
132
136
155
184
159
118
67
53
68
73
46
3
-38
-50
-50
-131
-131
-85
-52
-25
-86
-79
-54
-27
52
72
62
42
0
-34
-1
29
-14
-5
17
-27
-70
-113
-65
-1
-44
-29
-11
53
24
-49
23
-47
-79
14
15
32
3
-72
-50
-105
-84
-47
-159
-118
-108
-142
-114
-92
-46
-96
-147
-79
-124
-161
-41
0
41
60
32
78
46
22
47
16
30
69
41
6
32
31
16
2
-45
-45
9
-57
-167
-212
-216
-185
-178
-166
-126
-160
-238
-224
-166
-115
-103
-106
-63
7
31
-45
-12
86
18
15
21
7
31
14
37
45
42
25
0
4
4
-39
37
135
99
106
118
129
150
127
92
131
202
195
183
184
141
182
213
172
232
212
160
192
159
155
205
250
265
253
232
187
211
225
199
213
167
163
216
129
91
70
-16
28
-32
-104
-125
-144
-122
-188
-185
-142
-79
-75
-86
-5
-66
-72
-6
-8
-14
-144
-148
-91
-129
-144
-173
-147
-97
-94
-185
-151
-148
-200
-163
-237
-206
-240
-314
-296
-326
-268
-282
-335
-329
-328
-299
-313
-357
-328
-224
-192
-134
-105
-132
-66
-101
-105
-28
-11
0
38
17
40
137
78
75
161
159
170
166
133
162
191
200
231
235
251
235
257
327
339
318
224
217
285
242
246
257
225
220
171
207
216
140
145
86
88
168
126
92
54
90
105
39
109
145
140
64
42
126
41
5
-23
-50
25
-35
-122
-96
-99
-192
-282
-253
-223
-258
-196
-208
-231
-182
-183
-174
-207
-226
-127
-112
-148
-115
-141
-133
-135
-126
-79
-104
-123
-162
-124
-72
-100
-116
-163
-95
-71
-130
-80
-79
-40
-15
-44
-20
-33
-50
-37
-5
-26
-110
-72
-12
-81
-82
-24
-11
-23
-55
-13
-47
-117
-82
-86
-41
-32
-14
86
102
46
-15
47
154
117
100
168
123
147
184
119
159
181
162
153
218
275
212
148
133
207
202
191
184
161
241
206
182
160
136
152
97
109
90
161
214
143
172
132
139
111
-23
-21
-20
-3
-38
-113
-81
-111
-84
3
-65
-51
-15
-82
-119
-154
-147
-204
-216
-144
-123
-124
-160
-148
-177
-201
-178
-207
-210
-227
-229
-195
-195
-208
-202
-185
-189
-167
-87
-98
-122
-96
-11
30
-48
-2
6
30
45
50
94
36
24
-13
-7
-49
-79
-26
-20
-8
-37
-26
-5
22
24
3
11
-2
57
132
112
57
82
170
188
184
222
206
229
256
278
299
221
245
239
178
194
225
145
173
248
132
146
88
71
76
-25
2
-9
-12
58
9
-32
56
-20
-2
55
-20
-15
-17
2
-67
-80
-27
-122
-161
-86
-62
-124
-186
-172
-146
-188
-222
-254
-223
-200
-213
-99
-99
-146
-64
-94
-121
-81
-78
-12
9
-46
-68
6
29
-76
-150
-174
-121
-86
-143
-161
-114
-29
-9
3
25
7
52
41
56
109
71
83
123
89
112
142
113
60
30
75
68
58
59
44
-2
-30
21
-7
-48
-56
-95
-53
4
20
31
41
25
-35
-22
53
11
-52
-28
-2
-30
-25
31
11
-40
-71
-59
7
-18
-68
-22
-49
-16
35
-36
38
98
4
34
90
80
128
118
104
167
169
147
110
109
100
76
84
47
69
97
123
105
79
114
48
18
42
17
50
52
43
161
159
76
73
38
27
-47
-68
20
-2
10
72
47
89
89
2
-14
-12
-3
-29
-12
-20
-35
48
57
-60
-115
-108
-138
-121
-142
-167
-150
-155
-104
-155
-202
-174
-161
-204
-282
-228
-244
-274
-231
-188
-194
-172
-123
-141
-111
-146
-160
-97
-77
-90
-81
-11
-2
9
20
30
68
-1
69
148
43
78
76
62
139
95
40
47
91
135
164
165
194
212
192
197
162
170
211
181
198
212
234
300
233
242
261
170
198
212
138
85
60
107
162
115
100
93
79
84
-13
-32
-21
-29
-18
41
126
30
-8
62
29
15
-80
-112
-5
-111
-48
-18
-123
-44
-109
-182
-147
-199
-221
-153
-124
-113
-136
-153
-157
-135
-170
-218
-185
-203
-209
-206
-181
-174
-196
-201
-181
-84
-142
-182
-164
-268
-164
-120
-184
-107
-43
-61
-55
6
-21
34
66
27
61
70
127
143
78
80
124
170
142
45
99
171
143
167
131
115
182
150
107
62
79
121
87
177
169
62
137
131
103
83
24
102
114
67
39
34
103
68
24
4
8
30
-28
-83
-77
-8
-94
-75
17
-48
-48
-87
-31
-49
-124
-35
-67
-64
-8
3
21
2
-12
13
10
-33
5
16
16
-1
-21
19
-3
-72
-120
-48
-2
-1
-16
3
60
3
-35
17
29
4
-17
-39
61
39
-79
-10
42
32
39
5
-45
-52
-34
-28
-18
-40
-41
-32
-14
-12
-103
-118
-128
-131
-55
-54
-77
-62
-73
-82
-73
-79
-18
-67
-159
-99
-70
-64
-24
16
-25
0
117
69
84
68
31
100
73
129
128
60
58
84
107
87
68
25
96
108
76
113
101
170
201
201
143
46
95
41
-11
-20
45
114
60
81
39
51
19
-107
-49
-22
-57
0
57
54
35
20
-26
-3
4
-73
-37
-36
-84
-14
-7
-111
-95
-92
-100
-42
-81
-83
-124
-136
-104
-174
-117
-75
-170
-159
-141
-98
-101
-212
-185
-123
-39
-19
-93
-103
-148
-137
-89
-117
-111
-69
-13
40
83
28
-32
-15
-60
-95
-69
-57
-32
-7
28
62
14
15
7
-43
-23
23
29
55
141
121
134
139
110
200
149
102
183
225
253
204
160
143
118
125
116
114
110
89
89
76
63
18
-53
41
72
18
55
70
58
-31
-21
30
13
-5
-94
-69
-17
-82
-62
-97
-143
-50
-19
-55
-54
-11
-87
-112
-29
-58
-29
-25
-56
24
-7
-49
-35
-85
-72
-57
-30
-35
-71
-26
-111
-132
-59
-84
-25
-8
-13
-40
-59
16
4
-48
-42
-17
16
59
73
2
-9
46
-14
-3
64
45
26
108
122
116
120
79
76
41
70
73
24
-29
-5
58
-6
-31
-5
46
39
-49
-46
-2
-21
-62
39
53
-19
33
43
35
27
-62
-25
38
-89
-50
-1
-72
-30
-110
-145
-90
-85
-46
-54
2
39
6
22
-35
-71
8
-48
-86
-64
-73
-14
-29
-17
-11
-66
48
120
12
-51
-22
21
97
105
58
126
123
107
150
93
75
112
49
29
69
96
117
54
21
31
33
-3
-8
39
9
-9
67
106
74
83
72
42
52
17
8
-4
-43
-42
-54
-29
2
-37
-78
-96
-143
-129
-61
-134
-200
-118
-45
-98
-84
-18
-98
-41
-57
-144
-37
-87
-124
-93
-76
-63
-102
-89
-130
-95
-68
-126
-125
-118
-38
-15
-9
23
-62
-63
-34
-13
-16
-42
74
147
138
107
86
26
-21
82
70
-25
58
94
111
136
102
184
168
125
128
110
104
86
53
48
119
129
149
71
13
114
105
103
72
65
145
166
173
155
176
156
130
106
55
69
40
16
29
12
-15
-54
-69
-98
-147
-172
-154
-96
-150
-147
-19
-35
-69
15
-81
-118
-84
-172
-96
-137
-180
-129
-153
-125
-94
-47
-78
-143
-147
-93
-59
-95
-94
-33
-2
-28
2
2
-23
7
-28
-40
11
3
12
93
136
61
70
81
-8
61
52
0
86
101
79
82
95
64
10
16
52
83
79
39
-2
-5
36
73
40
37
74
46
-31
7
80
14
39
61
-4
42
27
3
-61
-125
-66
-119
-168
-121
-136
-200
-139
-71
-24
-70
-117
-49
-76
-28
34
-15
-36
-29
29
57
104
90
58
77
10
56
109
53
-11
-58
-46
26
15
-49
-12
45
21
34
123
136
105
46
9
12
48
31
17
123
61
21
56
16
59
22
-17
-18
-6
94
113
39
1
16
20
38
6
-39
-55
-55
38
9
-22
70
20
7
47
-28
-58
-9
-8
-6
0
-56
-26
9
0
-38
-17
-12
-54
-27
-122
-69
-75
-138
4
0
-35
-50
10
10
39
101
-29
-24
1
-2
28
-26
-3
8
8
30
-22
-12
-23
-54
-61
-56
-30
-74
-54
-44
-86
-51
-27
-31
-46
-35
16
1
-49
-20
-23
-23
42
15
-13
-4
42
17
-71
-29
-20
-50
-65
-52
-57
-82
-27
-20
-104
-116
-58
-55
-41
-49
-72
-64
-82
-61
-17
27
49
1
5
77
80
26
-9
-26
6
19
40
86
61
54
102
83
41
89
150
126
87
113
108
86
98
115
91
36
52
93
79
35
81
78
44
116
145
74
11
105
109
104
118
31
54
88
77
50
-8
-18
49
6
-20
75
24
-17
61
44
25
18
20
76
4
-71
-25
-6
-23
-28
-67
-95
-13
-37
-84
-3
-55
-62
-77
-147
-79
-32
-74
-121
-42
-37
-88
-21
-19
-58
-58
-44
-53
-54
-88
-144
-64
-58
-135
-122
-91
-56
-97
-111
-145
-165
-39
-60
-92
-43
-73
-75
-43
-74
-57
-30
-47
-55
-47
27
11
-21
-5
-7
42
60
92
108
65
128
176
151
89
74
130
78
129
187
133
119
50
77
63
-47
-38
-23
-72
-111
-39
23
-20
-122
-131
-14
9
-93
-86
-26
-58
-43
-55
-102
-61
-28
-106
-120
-103
-157
-120
-97
-115
-116
-118
-161
-116
-42
-105
-46
-37
-22
82
73
81
96
103
119
164
143
57
112
132
62
74
99
137
127
63
98
122
128
140
149
163
139
183
217
187
197
159
174
192
180
179
104
38
17
66
21
-64
-77
-83
-75
-86
-57
-101
-201
-177
-151
-172
-120
-79
-108
-141
-145
-112
-60
-84
-166
-96
12
21
-30
-65
-15
8
32
18
23
89
83
94
93
45
26
0
9
56
80
58
52
82
101
132
138
73
66
127
78
82
121
31
0
41
73
33
-50
-54
-17
-78
-65
-47
-177
-154
-111
-114
-147
-180
-148
-155
-112
-106
-103
-129
-124
-83
-95
-92
-92
-45
-146
-165
6
-74
-102
0
-90
-83
-14
-21
-3
-2
8
42
43
24
99
118
95
141
75
91
148
121
136
89
62
120
153
95
56
75
50
87
65
21
39
-27
-11
-4
-69
-23
-56
-105
-88
-99
-107
-109
-114
-150
-141
-138
-99
-75
-116
-130
-91
-10
-23
-16
-41
-64
12
24
25
-11
-22
100
72
41
110
66
116
101
53
167
121
88
153
81
91
105
88
91
60
89
63
5
-11
74
33
-46
55
58
26
27
47
46
33
33
-5
-3
-5
-9
-43
-27
23
-39
-31
-33
-100
-99
-81
-107
-99
-60
-89
-102
-38
-1
-56
-86
-51
-22
52
65
29
35
60
145
98
22
87
84
73
88
87
79
2
14
30
6
17
28
43
44
104
70
15
13
17
65
34
43
66
8
-7
-56
-105
-129
-192
-244
-225
-145
-172
-205
-139
-124
-97
-102
-133
4
0
-76
6
-19
19
44
40
57
49
87
69
65
41
51
18
3
25
-43
15
38
7
26
35
86
71
130
160
81
129
165
44
-30
29
25
58
66
74
143
49
43
37
-80
-43
-104
-143
-73
-100
-49
-83
-131
-82
-68
-30
-5
-49
-50
-53
-67
-46
-89
-96
-96
-92
-42
-30
-25
11
-33
-23
7
-20
-29
-33
71
39
-32
0
7
8
-3
23
5
23
62
16
31
16
-16
-16
-35
7
44
48
11
37
63
70
100
-22
-40
40
-8
-6
7
30
66
51
79
55
15
22
19
32
-28
0
176
120
31
64
51
145
78
-28
28
-5
15
43
-9
-61
3
32
-17
-8
-50
-43
-9
-30
-81
-76
-10
25
-17
-61
6
-2
-68
-118
-122
-71
-135
-157
-84
-104
-57
-72
-66
2
-125
-85
5
-42
-53
-19
-4
-1
-16
15
84
19
43
110
83
68
63
85
59
28
-31
-64
-44
-76
0
-2
-65
25
73
66
50
10
6
15
29
48
12
-35
-10
24
-5
-47
-64
-56
-76
-166
-170
-147
-157
-151
-170
-178
-158
-84
-41
-86
-96
-28
24
1
18
49
-14
10
97
71
86
98
-4
8
18
11
11
-26
49
38
30
73
118
152
133
123
152
253
275
211
197
200
144
134
129
128
149
45
47
70
1
42
0
-27
-49
-72
18
-29
-46
-42
-65
-29
-29
9
-16
-55
-64
-82
-50
-97
-125
-114
-90
-49
-70
-64
-80
-108
-79
-72
-119
-181
-130
-31
-67
-89
-26
-28
-4
18
-53
-39
1
-12
-44
-67
-7
30
-18
-67
-9
69
95
76
77
135
104
31
38
24
18
-15
-68
23
54
46
49
31
-11
-59
21
27
-56
-91
-144
-45
86
31
-8
-92
-81
-17
-82
-118
-189
-156
-64
-101
-78
12
-36
-35
-12
-52
12
24
38
46
17
31
48
30
37
64
-10
-6
13
10
52
-1
-76
-67
-32
-65
-93
-62
-71
-93
-20
8
10
65
34
4
42
49
76
113
105
53
30
89
98
93
30
-50
47
89
15
-17
-11
-60
-73
-4
34
51
-9
16
101
32
-1
17
8
37
-8
-4
48
-20
-53
-23
-9
-25
-18
12
44
114
102
79
58
28
101
97
73
45
-5
77
91
66
65
-34
-78
-52
-93
-126
-165
-213
-167
-122
-128
-70
-69
-85
-14
14
-12
-64
-33
45
12
-47
-15
18
-35
-81
-4
12
-74
-95
-78
-68
-46
-107
-174
-104
-16
-14
-11
-17
-30
43
35
-34
-43
7
54
-18
-38
6
-20
-13
-23
-24
-6
-5
52
57
43
-13
-23
38
44
60
85
101
57
72
58
7
26
-21
-4
35
72
87
1
-54
-42
-37
-40
24
-16
-23
105
45
-7
-10
-83
-11
43
25
59
73
122
95
18
34
30
37
80
81
144
145
75
69
40
47
41
4
22
-2
-3
-20
-88
-80
-114
-81
-15
2
18
18
55
47
48
14
1
49
42
14
26
19
-4
13
-8
39
141
51
-64
-2
-2
-40
-59
-31
-4
-39
2
53
33
-50
-63
-41
-16
17
21
-7
-49
-39
-45
7
13
-30
-3
-21
4
47
-69
-82
-4
-52
-18
-7
9
77
-12
-55
-13
-63
-90
-68
-64
-74
-98
-14
3
-57
-32
-123
-126
-52
-58
-34
-99
-56
46
51
68
-11
-87
9
44
-48
-18
-17
-11
43
-2
41
89
60
54
16
11
19
-17
-33
-86
-104
-31
-35
-41
-37
-63
-47
0
58
41
-3
9
32
1
-29
25
0
8
93
63
39
15
1
52
64
38
70
89
83
122
87
-10
36
99
78
113
103
105
51
-41
7
70
81
0
15
99
95
64
-42
-26
63
30
9
68
38
4
6
-71
-28
28
-35
-33
38
3
13
21
-17
23
53
95
34
-11
23
9
-10
-48
-50
-51
-10
14
-15
31
-13
-78
-66
33
15
-86
3
-25
0
59
25
37
-3
5
82
92
32
-9
8
47
-45
-67
-21
-128
-144
-129
-130
-140
-196
-129
-82
-114
-95
-63
-65
-73
-67
-38
-36
2
37
14
-31
-59
-21
-96
-107
-91
-147
-55
-11
-31
-33
-7
55
64
61
82
81
81
54
-18
26
83
90
115
104
72
59
49
8
38
75
62
69
108
130
51
-17
-56
-82
-64
-10
-5
-26
13
-11
-22
-26
-39
17
6
-40
2
-41
-84
14
-5
-86
-74
-62
-14
3
-64
-26
-17
-79
-8
40
3
-48
-59
-8
21
14
32
19
-3
4
14
20
27
96
88
77
86
63
94
73
40
45
82
108
89
86
102
56
39
45
19
110
113
-27
33
117
-5
-84
-63
-32
-27
-75
-60
-30
-46
-44
-79
-155
-154
-79
-111
-120
-119
-149
-88
-118
-105
-56
-104
-114
-65
-11
-106
-147
-55
-31
-18
-58
-42
-14
-8
22
19
27
-20
21
90
34
48
62
60
13
-7
8
-63
-28
-66
-84
93
113
29
1
15
34
-10
-42
-43
5
44
29
39
24
12
67
110
44
-7
27
-5
-17
56
44
6
61
81
41
23
-24
-45
37
54
74
124
49
30
74
107
72
-24
-12
16
20
24
-12
-18
37
25
35
24
-81
-89
-52
-125
-74
107
39
-45
8
2
43
14
-47
-7
-5
-58
-72
-2
-28
-84
20
69
8
51
17
14
64
-72
-23
23
-4
75
-1
-44
15
74
108
32
4
49
37
-24
-56
-23
-3
-7
-25
-67
-25
-15
-45
-19
-33
-47
-28
-23
-70
-116
-29
17
-38
-27
-15
17
33
-60
-117
-73
-52
-42
-39
-27
-50
-122
-68
-25
-53
-79
-51
9
-12
41
106
42
18
34
-30
9
71
-6
-19
20
69
126
35
-22
21
-5
1
-21
-13
-23
-33
63
85
60
15
54
69
26
64
57
1
80
150
139
105
51
61
21
31
53
21
37
44
34
1
-6
3
5
-56
-78
-26
-47
-63
-57
-125
-177
-103
-12
-70
-131
-44
-47
-14
92
32
29
29
-29
71
76
4
38
49
68
47
36
66
5
34
94
100
137
124
73
100
114
20
54
82
36
70
58
-11
-3
0
5
-7
-71
-51
-45
-76
-103
-101
-65
-82
-86
9
44
24
0
48
89
16
53
24
-25
32
20
3
-28
-37
29
49
0
-35
7
-50
-93
-83
-114
-41
-55
-60
-11
-4
6
-83
-35
77
75
57
49
77
72
8
23
98
57
44
60
40
-21
-55
-2
16
9
24
43
24
-71
-153
-40
30
-25
45
85
72
99
-8
-6
86
29
44
40
-23
-45
-69
-10
-36
-72
-9
-16
-28
-62
-87
-88
-13
1
-90
-35
25
22
14
-10
27
107
58
-15
40
58
55
64
77
107
89
93
5
-55
-12
-23
38
-21
-56
-42
-79
15
-13
11
26
-20
46
6
31
57
-27
-19
117
148
75
115
105
63
41
28
47
36
-4
6
48
11
24
45
-27
-37
1
-2
58
19
-34
40
51
91
55
-22
54
85
25
3
66
85
11
-8
11
0
-56
-42
0
-51
-4
34
1
7
-18
-5
-41
-39
-7
-62
-47
-15
-41
-60
-38
-41
6
54
-48
-49
-2
-26
-79
-134
-119
-160
-154
-66
-72
-46
-46
-61
16
-11
-29
36
53
53
87
93
53
-2
-48
-5
36
47
42
5
-36
52
143
7
-47
46
71
-9
-68
-1
-16
-57
-9
15
81
3
-87
33
-15
-21
21
-14
86
26
-27
42
2
-40
-50
-14
19
24
-20
-63
7
16
-22
6
-2
0
25
0
14
22
-40
-36
42
82
-5
-4
71
59
-12
-109
-51
17
65
67
-23
-25
28
12
-36
7
0
-3
64
60
48
44
37
17
34
84
41
33
57
-17
-19
19
31
4
-40
-9
-4
-5
-14
-57
-27
3
-6
2
-7
-7
9
53
81
29
48
48
45
24
30
122
109
102
85
78
66
45
49
-36
-30
-11
-16
27
-33
-24
8
-47
-48
-34
-63
-84
-63
-77
-105
-79
-7
32
-19
-8
-7
-45
-68
-64
7
-18
-24
72
105
80
-9
-48
8
-20
0
-12
-51
43
-16
-4
60
-60
-78
-86
-135
-93
-74
-139
-141
-11
4
-23
-4
-55
-79
-88
-55
-33
-7
-38
-107
-74
-52
10
7
-15
23
24
63
12
-95
-64
19
42
23
23
34
11
-6
19
37
20
24
22
19
32
15
73
65
-21
65
91
109
79
-42
34
27
11
96
54
73
80
61
128
111
88
18
15
72
60
104
48
44
38
-22
45
-34
-83
1
5
-6
-1
36
33
2
-66
-67
-9
-57
-68
-98
-174
-115
-72
-106
-107
-148
-129
-68
-7
-3
-56
-21
-14
-18
-50
-24
-23
-68
19
2
-15
-19
-72
-23
-34
-43
0
-6
-39
-83
-38
10
-70
-125
-15
65
125
94
10
39
24
73
97
45
61
53
0
53
73
12
48
13
-36
-64
-63
7
-46
-87
-38
-58
-49
-14
-35
-51
-69
-79
-45
-5
18
-34
-56
5
-1
68
83
1
-25
-65
0
-8
-48
19
3
-25
-17
38
20
-78
-75
-64
-44
-10
33
37
31
39
34
55
7
-23
-12
31
65
0
15
56
23
-23
-61
6
14
-64
-42
-16
10
-9
18
104
22
17
0
-51
-9
-23
34
112
102
50
43
67
45
53
-16
-74
-18
-65
-62
-5
-83
-112
-73
-14
-3
-22
-39
27
25
-90
-55
-56
-63
-30
-28
9
-4
-26
3
72
64
-72
-52
41
35
44
28
-43
-40
79
77
-22
6
-17
-15
-17
-101
-100
-60
-16
-63
-47
-41
-51
-19
-79
-50
-11
2
0
-1
34
66
73
8
22
12
-33
-8
10
-28
-17
50
23
0
44
96
82
63
27
-5
48
-33
-38
48
2
8
-3
-62
-32
20
-42
-58
-88
-145
-78
-46
-42
-107
-121
-40
3
31
12
-7
9
-55
-90
-42
-89
-134
-77
15
27
-35
-67
-71
-4
25
-7
37
68
26
9
38
15
31
33
-40
25
11
-68
8
5
-9
75
91
71
69
63
67
128
127
55
118
125
66
35
-9
2
19
21
30
35
-8
-13
-68
-34
91
13
-7
-23
-26
15
-34
-26
-39
-66
-95
-136
-88
-80
-63
-53
-91
-47
-23
12
29
-2
-15
14
1
-59
20
60
21
47
113
126
55
52
76
58
43
73
106
25
4
40
27
43
69
106
75
29
-20
-32
6
-50
-41
-8
-9
-44
-116
-91
-16
31
-1
-42
16
35
-24
-71
-94
-22
-63
-159
-98
-58
-23
-41
-92
-33
-13
-25
-53
-132
-116
-51
-38
-48
-25
-48
-17
42
0
46
28
-8
60
-3
-47
-2
58
76
-24
29
91
25
26
52
36
60
138
88
49
20
-34
-26
-56
12
61
-47
-55
-41
-58
-48
-90
-46
-10
-51
-5
26
-10
3
17
41
31
-35
-11
-45
-113
-94
-17
2
2
5
-9
41
5
68
90
71
151
108
74
8
44
112
108
109
18
85
106
2
90
88
14
82
41
34
88
27
-35
-93
-66
-82
-81
-25
-49
-67
-39
30
-13
-92
-65
-64
-67
-32
2
8
-48
-49
-32
-86
-94
-39
-46
-61
-14
0
-80
-27
38
-69
18
76
-27
-29
35
116
111
62
18
49
72
-18
20
59
55
97
70
69
23
0
42
68
94
91
93
82
90
59
44
53
5
-2
-14
0
64
24
-49
-30
-42
-123
-112
-74
-156
-148
-117
-189
-75
-45
-70
22
-48
-87
-118
-110
-44
-61
-64
-56
-39
-59
-74
-51
23
-8
-52
-14
5
72
59
21
-18
7
92
103
59
11
101
113
55
80
37
29
21
-20
8
66
39
-38
-19
1
8
34
23
58
1
-116
-54
46
0
-117
-72
25
-3
-71
-31
-1
-46
1
50
84
79
-20
-52
16
20
25
68
0
46
32
-68
14
-20
-10
18
-29
9
-35
-14
71
83
47
-4
7
35
24
-23
10
91
78
40
-18
7
35
20
53
-35
-8
48
-13
-16
-27
11
33
-2
-77
-153
-91
-23
-81
-129
-22
-14
-43
44
42
-18
-29
7
15
-20
-48
-14
-70
-59
47
58
59
-18
-50
-36
-32
38
-31
-56
13
-45
-4
-11
-88
89
179
100
86
84
94
127
95
25
62
55
-5
-58
-73
-5
-67
-106
-32
-31
-36
-29
-46
-22
-45
-85
-36
-13
-42
-8
22
-12
13
49
100
66
35
101
68
12
-27
-40
12
27
-78
-104
-8
-11
-39
-62
-41
32
9
-6
14
0
45
112
96
39
31
41
42
64
-7
3
76
-20
-93
-66
-20
-64
-163
-103
-82
-117
-71
-101
-76
-61
-68
-21
-110
-113
-83
-64
32
33
7
26
49
28
21
42
58
17
-45
-27
-25
-11
65
100
90
64
81
86
73
110
102
139
43
34
114
5
77
139
94
65
18
89
111
27
64
42
-32
28
53
4
-48
-46
-83
-22
57
20
-58
-95
-19
-58
-102
-80
-32
-29
-79
-69
-62
-65
-79
-37
-1
-41
-48
-33
-44
-38
-18
-17
14
-25
-73
2
6
38
96
41
74
118
101
87
35
15
27
2
49
49
66
161
56
-30
-12
-10
-7
-23
-55
-41
10
-58
-52
-24
-115
-77
-62
-87
-52
-65
-31
-13
-34
-6
-10
-8
-29
-49
-15
17
-8
-51
14
78
-8
-18
23
-52
-42
-1
17
18
-22
-11
24
75
135
93
7
24
27
28
70
43
67
105
53
87
116
81
0
31
126
14
-36
-34
-57
-28
-8
-7
-57
-67
-25
-37
-35
18
0
-81
-4
39
-12
-5
-85
-103
-60
-36
-64
-123
-32
-1
-92
-86
-51
-26
-47
-27
66
75
19
11
60
21
-20
-4
-10
15
103
126
98
64
24
84
105
94
90
113
135
40
-27
-38
38
40
19
60
29
45
61
87
39
17
10
-50
-16
-6
19
64
-27
-119
-98
-127
-59
-36
-110
-106
-99
-37
-56
-100
-58
-39
-36
-20
-25
-33
-21
-4
14
-73
-111
-69
-19
89
67
10
57
113
134
89
9
31
75
39
21
69
57
-20
17
87
45
48
78
58
46
52
34
31
0
-16
49
33
28
-25
-40
36
11
19
-39
-73
-49
-105
-9
28
-25
-59
-30
5
-65
-27
-21
-32
-35
-19
31
-34
-66
-74
-81
-28
-38
-76
-16
-25
-27
57
70
89
39
-40
-8
-41
-22
52
-32
3
17
33
141
42
22
64
56
77
35
34
46
56
95
38
-22
-3
-34
-23
5
-75
-40
15
-8
-6
-5
1
36
28
-18
6
-32
-29
-14
-45
20
68
45
10
-22
-58
-11
8
-71
-68
-52
-38
-4
-60
-37
-17
-53
-26
-33
-89
-73
64
93
15
-3
-7
-23
-27
-29
18
62
35
-9
-16
5
2
7
-10
24
18
-40
65
72
-10
12
-4
8
61
48
35
-37
-74
-19
13
12
47
75
30
109
66
-23
25
-8
-3
-5
-28
0
8
28
-6
-41
-43
0
55
-39
-50
-41
-48
38
75
53
-31
-31
-30
-3
71
10
1
-1
-22
-23
-44
31
57
-14
-59
-29
-5
-44
36
-1
-42
57
-29
-94
-86
-32
-14
-44
-3
-60
-72
49
-9
-37
55
53
37
40
145
74
-47
13
37
50
56
53
-3
45
154
91
97
75
10
60
33
-12
11
55
110
103
87
88
34
-47
-89
-140
-166
-19
50
0
3
35
48
32
31
26
25
-49
-102
-44
-19
-75
-38
11
-33
-22
-45
-22
0
-82
-87
-73
-65
-116
-80
20
-27
2
66
88
17
-24
46
-16
-7
63
18
11
-26
-13
11
-38
20
-22
-31
3
-43
39
37
-10
-63
-88
-40
-75
-99
-96
-78
-109
-67
34
-75
-102
-48
-55
-42
-83
-58
8
-5
-45
-54
-43
-47
-21
21
43
-1
70
126
1
-14
23
40
53
71
22
37
125
77
85
97
83
97
34
60
79
79
113
23
-23
66
64
25
26
-4
-12
-43
-20
19
-2
7
20
-8
-58
-90
-54
-77
-55
19
-38
-23
-53
-72
30
36
4
-23
5
23
1
0
-22
10
68
49
43
99
113
58
31
51
10
52
128
73
62
105
104
62
21
24
73
8
-47
-22
-7
24
-30
-74
-29
19
40
-19
-61
-27
-2
-27
-124
-127
-79
-140
-133
-45
-108
-149
-152
-216
-111
-62
-91
-37
-70
-37
14
-18
2
3
-11
-75
-59
-20
-5
6
-15
61
29
0
30
32
51
10
17
20
15
24
75
123
52
82
65
-11
13
13
21
44
40
26
44
1
-12
17
-22
5
59
47
-6
-79
-93
-35
-33
-43
-16
-7
-38
-73
-47
-75
-49
21
23
64
42
14
69
60
35
94
65
15
26
-1
20
38
85
93
-26
-20
53
66
56
-12
-14
22
11
28
37
42
2
-20
19
-36
-45
-37
-9
44
-21
-47
-51
-63
-72
-64
-19
-13
-39
-76
-58
-2
13
-24
-2
15
-67
-113
-99
-32
-7
9
24
-9
33
6
-70
-28
5
-6
33
21
-13
86
110
24
28
54
-2
-23
15
18
43
12
-32
-16
-4
23
35
54
37
60
85
26
-14
-85
-49
-20
-50
-34
-64
-21
-37
-72
4
10
-8
-50
-101
-81
-55
-16
-29
-36
-23
0
72
54
0
3
-2
-34
8
24
0
32
90
59
11
68
85
33
35
50
55
120
74
15
