1
7
8
43
54
6
-24
16
45
75
51
-24
28
41
54
130
38
-5
-12
-102
-81
-136
-164
-14
7
47
124
6
-47
-61
-91
-55
-93
-127
-73
25
14
-54
-42
1
46
-11
-106
-82
-56
-119
-93
-78
-41
62
-22
-7
104
89
23
-44
-86
-79
-15
18
4
-4
9
-11
29
32
-7
65
102
73
19
25
79
19
-85
-38
31
-12
-11
34
16
19
58
-25
-58
24
47
-6
-4
59
31
37
71
76
98
57
72
74
31
58
82
31
-5
10
-13
5
24
27
28
16
22
-1
25
100
64
28
18
-62
-18
-16
-48
2
-2
17
-22
-60
-56
-51
-26
-10
-24
25
76
-27
-66
-60
6
86
52
46
1
-34
-62
-54
1
-39
6
-30
-88
9
10
-4
-21
-85
-93
-58
-55
-28
-49
-38
28
-43
-20
33
25
18
18
53
7
30
52
9
72
93
15
12
53
37
41
-2
-42
-16
-18
-14
-13
-1
2
-48
-89
-52
32
14
-39
-54
-17
-21
-28
-19
-58
33
31
-31
-15
-50
-56
-31
20
34
-14
-54
-6
-14
-40
39
71
36
-36
3
8
-6
48
26
9
-65
-64
14
28
17
-33
-14
44
70
24
-33
0
-23
-24
33
20
39
60
-1
7
37
35
30
-1
36
39
-43
-4
133
150
67
44
6
-31
31
69
27
-13
-33
-18
-5
40
44
-35
-25
-10
-45
-64
-50
18
41
-9
-49
-55
-35
-10
-42
-2
-16
-37
79
-36
-66
4
-31
16
9
2
12
-33
11
98
57
53
58
-45
-51
34
62
56
14
-86
-84
5
26
33
36
23
-21
-1
36
15
11
-2
-4
-62
-36
-13
1
12
-68
-50
-20
25
16
-18
1
16
-17
-44
-15
-22
-38
-30
-4
1
-56
-62
-8
-27
-7
-1
-9
26
-33
-46
-24
-31
17
-6
6
69
77
106
84
76
68
23
30
-11
-33
24
24
12
-10
-3
-3
-61
9
98
92
36
-40
-23
-12
-8
40
9
-3
-32
-63
-38
-32
-40
-41
-37
-60
-79
-83
-87
-41
42
33
-3
5
12
44
57
-18
-81
-63
-45
-11
-31
-93
-130
-46
27
-61
-2
4
-47
58
-5
-43
30
34
70
26
-40
-23
4
-2
46
30
4
3
-41
61
87
56
23
7
24
-8
-10
-17
-42
-32
3
-60
-63
0
-14
2
46
97
76
-50
-18
0
-5
85
49
59
91
56
10
-15
-22
-47
-62
-41
-8
-25
15
23
-55
-6
77
87
9
-62
5
5
47
51
-22
41
26
13
-19
-95
-9
24
-69
-104
-141
-110
-47
-8
111
31
-61
-18
30
7
-99
-27
73
48
-9
-18
-30
-37
0
-11
-53
16
87
53
14
24
8
-17
9
-24
-29
37
10
7
46
41
42
5
-47
-50
-10
4
-7
25
36
24
3
-30
-10
10
107
114
-3
-86
-105
43
57
-73
-53
-8
-103
-96
-24
-53
-29
-6
63
79
-12
0
4
-52
-99
-49
6
-44
-52
-60
-69
-1
-19
-32
28
25
23
42
26
-44
-56
-10
23
24
35
46
80
157
50
-18
8
-35
14
1
-29
17
-1
66
72
35
65
45
81
41
-36
-68
-24
6
5
101
72
37
18
-12
82
50
21
42
36
72
28
5
-30
-33
49
23
-16
-34
9
65
34
46
-17
-19
69
29
-37
-90
-61
4
-34
-53
-21
29
81
16
-7
-15
-21
12
-6
47
25
-13
-16
-34
11
-28
-89
-86
-62
-42
-16
69
38
-39
-32
-55
-59
-41
-11
45
28
-29
18
34
-52
-21
-3
-21
4
-62
-91
-49
-31
-79
-24
43
-32
-58
-32
-83
-107
-99
-104
-35
21
37
50
40
50
45
21
9
-15
11
41
-65
-79
107
78
-6
91
86
70
17
-12
69
-8
-84
-30
-2
0
-4
-16
2
18
2
2
13
-8
-2
17
23
59
13
-27
23
7
-31
-3
-21
-11
67
46
-13
-5
22
9
-11
37
86
55
-13
-61
-36
-11
44
45
-34
-41
-50
-7
11
-32
-13
33
65
69
48
34
38
48
59
51
60
11
-40
39
71
45
16
-62
-41
7
-17
12
-4
-28
35
23
-3
0
13
64
-9
-54
-17
16
81
27
-63
-82
-66
-23
-3
27
23
0
11
-40
30
99
82
70
0
-7
-3
-10
-11
-49
-46
-18
0
23
10
19
-34
-67
-36
-86
-46
-24
-44
7
-11
13
40
60
85
61
84
-10
-69
-1
39
-30
-6
90
20
24
15
-60
-88
-105
-61
-49
-60
-31
6
-7
2
63
30
-30
-21
-24
-46
-29
-20
-49
-16
13
11
-31
-40
46
-14
-38
14
20
46
0
-10
22
-21
5
47
44
-4
-28
2
-29
9
18
17
-23
-46
19
-83
-71
24
5
7
0
37
7
-56
-13
-22
-8
-46
-85
-28
-28
0
20
41
22
-47
-61
-5
62
-16
8
53
-36
16
10
-42
11
47
48
47
52
26
-4
-36
-34
-10
-34
-23
25
0
-6
63
16
-11
59
74
0
-19
46
-91
-70
51
-44
-7
48
-8
-11
25
7
17
40
52
11
7
27
-41
4
-17
-15
13
-39
10
-18
-25
38
17
6
-2
-29
8
-26
-48
17
-7
30
114
118
81
21
18
68
-20
-108
-62
30
41
-59
11
55
-41
-72
-69
-39
-65
-45
61
45
-5
41
26
-53
-56
-56
-11
27
18
19
-3
-36
-77
9
49
-33
0
10
15
33
10
69
68
18
11
29
9
-74
-63
-14
2
49
52
14
-31
-23
-10
26
80
-8
-14
28
-45
-19
-13
-100
0
15
-76
-33
-66
-84
10
86
27
-9
38
43
33
-4
-30
-30
-33
13
26
-16
16
0
-48
18
13
-105
-33
49
-25
18
27
-65
-53
-28
-29
42
34
10
34
-20
-14
-2
-52
-1
38
-15
1
-21
0
6
-56
-22
-15
8
-1
-8
39
-17
-63
-17
-36
-75
-36
-13
46
43
-13
11
9
5
17
-39
-54
-38
-46
-64
-36
11
-56
-43
10
-22
-14
9
-32
-23
45
33
72
59
34
151
56
4
38
-42
47
81
52
63
-24
-33
12
-60
-47
52
27
27
61
45
-4
-62
-93
-26
33
-3
10
35
-15
-41
15
13
-3
-6
47
86
-25
-72
-87
-109
-46
-76
-82
-8
-94
-43
30
-59
-44
-3
44
33
-37
29
121
77
39
2
-79
-39
9
20
25
-57
34
119
35
-14
0
63
-6
18
88
-70
-43
65
14
10
-16
20
66
63
112
24
22
78
23
4
28
16
-22
-17
-23
17
22
-56
-78
-33
18
10
-20
-30
-4
3
56
108
93
48
-3
-32
-46
-32
-66
3
7
0
101
-21
-3
23
-99
-74
-101
-54
34
3
-23
-70
-43
-48
-88
-16
-17
-11
43
61
19
14
24
-20
9
-4
-40
-51
-81
-59
7
38
70
36
-80
-51
-71
-54
26
9
33
38
83
16
-18
49
13
87
80
-33
-19
-44
29
99
7
64
93
29
16
54
76
46
23
-20
-18
-68
-86
-17
4
51
123
77
-17
-49
-127
-87
28
46
72
10
-44
4
-32
4
87
72
51
-13
-15
20
9
-35
-54
0
4
-13
-10
20
42
0
15
57
85
81
32
29
-4
-33
26
9
-75
-8
73
-5
-37
-54
-23
-15
-74
-17
-12
26
31
-60
-45
-20
-23
-63
-91
-59
-10
56
10
-13
-13
-57
17
15
-20
-49
-29
8
-55
-13
-45
-49
22
-21
-62
-37
72
-8
-23
2
-69
-14
-30
36
84
30
46
21
12
5
-17
-13
-22
-4
-17
-70
-24
72
44
-51
-63
-27
-83
-85
-5
-16
2
0
-30
42
10
29
88
-19
-10
19
0
55
42
47
96
40
9
10
3
84
-21
-66
31
-24
4
-11
43
103
-24
-30
-46
-58
14
4
-38
-16
-20
-34
28
24
-15
3
-11
-69
-13
86
92
48
26
13
33
49
-19
-2
-1
-38
-46
-28
13
-8
14
2
0
35
1
16
3
2
3
-21
57
51
-3
-23
-96
-69
-1
8
2
61
86
50
4
-39
-1
-8
-2
0
45
116
34
23
10
-32
-7
-19
21
7
-51
0
51
66
7
-22
14
-54
-63
30
0
-51
-50
-47
-35
-46
-12
5
0
5
-25
-25
-44
-74
-65
-43
-80
-59
29
29
45
4
38
90
-18
19
98
48
-13
2
21
-17
27
26
22
18
-37
5
39
50
69
17
-56
-80
-89
-40
-33
-48
97
118
43
57
17
2
-40
-36
4
-53
-16
-17
-46
4
3
-4
25
-8
-74
-16
32
7
-5
-4
-63
-111
-16
13
-57
-24
45
51
83
35
-6
17
48
22
-10
61
18
18
43
1
26
26
2
-7
-36
-23
-2
-17
37
0
-76
-74
-15
35
12
42
7
-7
-42
-110
-6
-33
-59
1
17
28
31
57
2
25
38
27
44
-38
-40
9
-10
-60
-12
-5
-31
11
-10
-48
-8
34
-6
-14
-33
-46
-48
-65
-16
-8
-4
45
54
1
-20
14
21
-5
-39
-32
18
0
-14
-33
-55
-17
-39
33
114
-18
-14
43
13
20
-10
-38
-45
26
98
145
83
4
48
48
54
16
-28
-21
41
103
26
-58
-49
24
47
11
46
99
16
-43
1
-9
-27
-49
-11
0
-74
-74
-25
-14
-35
-14
-53
-50
-1
-11
-36
-115
-84
-44
-10
42
7
50
106
64
-8
-10
-5
-58
-26
14
-19
-42
19
50
-17
9
25
34
19
-48
18
52
17
-17
-77
-90
-48
72
62
-11
38
19
-9
21
66
80
2
-60
-31
12
6
9
72
35
11
43
-25
-13
9
19
5
11
50
18
-2
-49
-11
25
7
69
63
9
-39
-60
-49
-69
35
15
-26
63
26
3
-56
-42
21
-15
-25
33
67
22
-23
-37
16
-21
-96
-1
18
-9
-10
-4
69
-7
-36
2
-38
-10
-5
29
96
93
95
48
-5
28
-15
-35
35
-26
-63
-24
-45
-17
-63
-70
38
-40
-46
29
-30
-22
-26
-56
62
83
24
10
9
36
-33
-54
-5
30
0
-73
-19
-29
-32
6
-13
22
-34
3
40
-80
-74
-31
56
101
40
29
-18
-46
-12
-53
-30
22
7
5
-30
28
44
15
70
13
34
57
-22
39
-18
-121
-12
50
48
-19
-49
-2
11
55
44
-15
-83
-86
-4
47
31
20
46
14
-46
-28
66
43
-27
-10
-1
-54
-18
76
27
3
53
14
-66
-93
-65
31
56
-39
-34
14
1
-26
-37
-37
-22
13
24
25
68
37
-20
34
4
-3
-10
-25
35
-26
-57
23
1
16
29
82
105
12
64
26
33
30
-10
-40
-99
-69
-98
32
50
-37
25
35
15
10
10
-10
2
-2
22
51
41
-48
-119
-20
-5
-47
-47
-36
24
-3
-104
-19
46
15
72
21
-70
-59
-4
1
42
42
-53
32
-36
-101
-30
-61
5
-1
-62
-21
81
69
-6
30
20
-48
-93
6
117
110
46
-67
-42
11
2
38
76
73
38
10
-56
-101
0
69
49
16
-15
-15
-22
19
85
-32
-116
-14
-10
0
6
69
154
62
16
-74
-140
-31
55
57
53
59
28
-31
-77
-109
-85
6
56
81
76
0
-100
-80
-8
-22
-7
21
-34
-50
-6
-65
-83
25
11
13
-37
-124
21
41
-33
-20
-36
-24
91
72
-57
-27
0
-2
42
74
59
48
128
138
-14
-75
-3
-14
-60
3
30
4
31
-3
-56
-32
16
-1
-70
-13
8
-34
-59
-100
21
63
33
15
-38
35
17
-45
-21
-2
4
-16
10
61
24
-17
-40
-19
16
6
17
11
34
42
53
82
35
-19
-48
-22
-7
-4
-11
6
50
76
58
-13
-55
-63
-60
-113
-27
33
-75
-37
22
4
10
19
42
24
-12
-13
-46
-37
-31
24
30
-45
16
-16
-44
-6
34
125
29
-56
-3
55
28
-22
-22
-78
-12
17
-24
-21
-41
-6
53
75
35
9
-4
-36
-41
-20
-24
-8
23
-9
-19
15
3
-35
-56
-45
9
52
53
-5
-74
-55
10
-17
2
29
-4
69
40
12
19
-7
30
26
46
53
34
34
48
39
-57
-28
70
22
-1
8
1
66
34
-3
0
1
15
-91
-136
-54
28
10
-19
-81
-122
-62
-140
-122
-62
-62
8
-29
-3
-6
-31
33
-15
10
51
61
89
4
0
-8
-111
-25
72
44
7
-17
19
-16
6
113
58
31
57
0
-23
-7
-1
4
11
-14
-26
50
104
30
-63
-44
18
21
-9
69
75
-12
46
13
-26
51
47
101
144
12
-31
55
27
-12
-34
-57
-44
-49
-33
-60
-44
21
13
19
82
52
-16
-15
-46
17
-12
-96
-1
-33
-53
-29
-92
-5
33
35
28
-31
71
48
-49
60
113
22
-4
-7
16
11
-64
-57
-31
-12
22
2
-14
0
-75
-27
50
1
79
140
87
16
-16
1
-4
-40
-36
-33
47
98
16
1
-32
36
90
24
20
-91
-118
-18
1
16
0
25
64
-34
-73
-70
-67
-37
-40
-58
-70
-87
-161
-108
7
0
30
68
34
-7
-51
-2
-35
-73
11
-80
-71
5
-26
40
66
57
5
-55
-44
-61
-16
39
20
-3
42
-30
-102
-3
1
29
16
5
134
119
-46
-81
13
29
77
110
38
32
16
23
44
-10
33
40
38
10
-50
15
-76
-126
17
72
53
16
-33
-26
-13
-18
69
71
36
48
-18
64
99
-23
-26
3
6
-33
-16
-17
-48
-59
-104
-86
-133
-112
-24
-4
-30
-46
1
-18
84
129
20
-4
-21
13
49
42
26
28
25
-16
-2
-26
-128
-119
-5
-36
-23
81
59
64
54
93
78
0
37
8
5
51
25
69
24
-77
25
-4
2
132
139
151
46
-50
-7
31
51
-58
-131
-26
-45
-57
1
-35
0
62
-6
-119
-107
6
16
9
23
-6
-84
-136
-45
-47
-56
8
-44
-79
-7
44
39
2
-53
-20
-46
-66
4
-81
-63
51
41
35
64
91
18
-18
16
-13
16
76
-49
-206
-29
49
-86
-54
-33
-4
-19
-30
58
88
35
34
84
66
23
-55
-13
60
22
4
79
146
26
-80
-26
3
35
48
-15
-7
14
8
9
44
48
11
32
-2
9
5
-109
-108
-13
-18
-53
29
23
-5
-19
-77
-21
22
-10
-26
-54
5
85
36
45
61
-24
-23
54
43
-8
19
45
39
-1
-77
-61
23
16
-18
48
65
108
137
56
-31
7
109
-4
-106
-68
-3
0
-100
-139
-51
49
-9
-82
-52
-68
-83
-78
35
51
-69
-70
-60
-21
35
23
-50
-64
-118
-102
33
56
63
-23
-75
45
101
88
65
24
-11
2
24
12
-30
-57
-8
14
-24
-9
29
-40
-29
41
17
15
49
79
-11
-33
83
82
61
48
20
21
105
163
49
3
5
3
71
58
39
40
74
51
-70
-21
13
-32
-14
58
17
-100
-63
8
17
-22
-36
-33
-24
-45
-58
-66
-49
63
-12
-133
-39
62
34
-29
-45
28
19
-96
-17
45
80
86
36
11
-84
-58
0
36
58
70
134
17
-67
-26
-103
-41
39
-53
-43
-35
39
71
-66
-50
-41
-89
-3
27
-24
24
83
99
68
-52
-4
47
-100
-18
89
9
-53
-31
62
53
26
18
1
38
-59
-147
0
0
-60
-40
-24
1
-47
-23
-8
17
41
-43
-23
-28
-11
55
28
64
43
-25
-76
-65
35
56
25
11
20
31
26
7
51
31
-57
-17
56
50
-32
2
47
24
46
50
23
6
-15
-23
48
81
85
24
-29
-2
4
-38
-38
34
-20
-27
36
42
57
46
24
-103
-102
-62
-127
-48
-2
4
27
40
28
-13
0
-28
-81
-41
1
94
90
-56
13
115
7
-86
-126
-62
6
-38
10
51
-57
-86
-44
-69
-23
-10
-75
-51
13
70
34
-43
-7
33
1
2
15
17
4
33
48
46
118
83
9
-33
-34
17
-78
3
94
-9
53
14
-27
18
64
73
17
73
123
80
18
43
11
-23
83
-5
-105
-29
-25
-34
-100
-92
25
20
51
62
4
-36
-116
-84
6
-27
8
45
13
100
51
-102
-128
-121
-91
-68
-64
23
38
-15
-5
12
1
-98
-75
17
0
49
85
87
77
6
-2
-13
-6
3
-29
50
87
168
187
60
74
-19
-94
-83
-101
-27
-82
-89
59
77
26
-14
-52
-63
-59
-77
-108
-51
-3
74
181
118
30
-38
-104
-163
-109
-16
-1
68
76
81
115
14
-33
14
-90
-148
2
63
42
123
169
69
34
-30
-126
-100
-105
-37
-4
8
101
112
121
38
-62
-159
-178
19
38
64
188
121
91
59
-50
-60
-86
-137
-116
-68
32
96
68
50
10
-29
-64
-159
-152
-124
-75
58
82
83
84
64
-41
-120
-145
-136
4
9
25
139
149
148
113
19
-73
-109
-26
41
3
-27
5
60
86
19
-45
-43
-138
-186
-158
-68
64
108
233
256
99
-4
-42
-45
13
39
39
63
44
100
132
68
-29
-107
-112
-115
-73
-51
26
145
195
131
21
-4
-48
-125
-118
-49
-4
38
97
70
16
19
-77
-177
-189
-164
-41
8
25
142
141
83
80
-74
-140
-24
0
48
0
12
148
110
97
27
-97
-134
-174
-181
-123
96
194
82
103
23
-80
-53
-193
-240
-137
-20
165
177
139
104
3
-47
-88
-62
-81
-114
0
128
189
151
108
7
-124
-157
-232
-187
-35
0
30
5
63
194
92
-61
-65
-130
-164
-69
11
94
137
141
172
116
4
-29
-120
-119
8
85
110
60
13
37
25
-68
-117
-126
-71
-4
17
68
31
70
108
29
-5
-80
-21
-42
-112
23
52
86
125
-13
-57
-3
-85
-104
-107
-110
-24
11
33
32
24
-13
-29
-68
-109
-6
-15
-24
89
63
23
35
-34
-31
-10
-32
55
97
55
9
6
39
36
-31
-97
-96
-146
-89
-29
5
144
87
42
39
-87
-90
-42
-11
66
62
46
50
18
40
-20
-93
-70
-112
-118
-7
35
46
68
99
69
-42
23
-2
-74
-13
19
61
45
24
-5
-22
-68
-135
-76
-86
-80
-28
7
71
76
100
49
-5
-43
-36
14
22
79
4
-36
41
30
64
35
-74
-59
-47
-28
39
75
122
95
-12
30
60
-151
-217
-111
-65
-1
23
79
84
60
72
54
69
-4
-8
7
79
140
141
160
40
58
-25
-65
4
6
128
130
133
104
55
97
-13
-111
-128
-93
-46
-85
-67
-8
47
39
-30
-73
-107
-99
-73
-60
30
112
62
56
55
35
50
-8
-22
81
115
42
4
-71
-103
-45
-66
-12
2
-133
-62
31
28
81
-21
-65
27
-29
-41
37
132
189
129
79
60
88
22
-61
-53
-97
-135
-160
-68
-11
38
149
121
94
0
-82
-22
86
134
150
143
81
58
-53
-69
-78
-138
-18
-4
-4
5
-44
18
77
90
22
-73
-126
-143
-147
-88
33
20
-38
-134
-225
-221
-295
-300
-197
-214
-168
-83
-176
-205
-190
-256
-261
-299
-353
-285
-229
-162
-18
28
13
-56
-108
-38
-12
-64
42
268
299
290
346
381
399
332
282
372
388
388
402
369
457
478
412
301
280
372
308
389
561
567
590
565
460
385
325
311
250
138
93
181
340
359
437
520
469
437
219
121
163
118
273
350
278
171
39
2
-41
-91
-68
-4
-64
-182
-254
-269
-178
-101
-166
-329
-398
-407
-363
-222
-146
-15
29
-88
-212
-343
-406
-319
-168
-19
90
77
117
170
154
184
134
-209
-659
-1091
-1359
-1390
-1368
-1225
-1347
-1702
-1941
-2124
-2035
-1877
-1839
-1864
-2001
-2085
-2195
-2318
-2301
-2110
-1783
-1529
-1353
-1156
-949
-564
-8
509
903
991
819
672
735
1019
1322
1548
1662
1626
1529
1433
1489
1659
1621
1450
1186
713
428
472
541
563
526
362
102
-219
-529
-540
-198
94
119
-71
-324
-395
-189
358
882
1042
970
742
509
548
739
884
1007
872
631
435
419
835
1355
1790
2051
1897
1425
1028
888
1093
1389
1497
1322
909
610
654
1023
1347
1604
1562
1165
831
633
754
979
1076
1052
763
275
-108
-206
-127
69
240
-3
-464
-853
-1110
-889
-392
-55
35
-244
-803
-1101
-959
-521
-35
175
145
-78
-175
56
430
941
1347
1375
1157
873
608
553
735
826
567
-187
-1358
-2514
-3181
-3141
-2795
-2715
-3208
-4169
-5076
-5599
-5514
-5027
-4809
-5023
-5493
-5938
-6057
-5739
-5145
-4476
-3835
-3370
-2975
-2626
-2000
-1051
31
1084
1474
1441
1142
865
1237
1926
2640
2991
2804
2349
1880
1837
2141
2291
2092
1585
834
261
101
171
420
667
673
500
220
-68
-66
265
764
1181
1188
893
792
1060
1699
2627
3296
3368
2854
2175
1845
1732
1858
2082
1844
1389
1071
939
1163
1473
1776
1951
1730
1280
748
392
373
567
908
1146
1041
811
719
941
1520
2102
2245
1943
1520
1244
1215
1405
1611
1623
1310
811
305
40
-8
-26
24
-192
-549
-865
-1061
-939
-671
-330
-171
-324
-578
-793
-781
-411
133
541
748
779
616
660
1128
1553
1750
1545
1055
709
440
466
732
822
639
166
-272
-613
-899
-956
-878
-778
-754
-870
-1048
-1079
-1051
-1293
-1808
-2741
-4066
-5186
-5614
-5264
-4520
-3995
-4030
-4713
-5465
-5711
-5694
-5594
-5750
-6164
-6480
-6669
-6496
-6013
-5366
-4655
-4126
-3647
-3238
-2998
-2486
-1587
-511
674
1575
1802
1560
1416
1889
2798
3569
4028
3964
3559
3455
3683
4130
4406
3970
3125
2307
1726
1569
1715
1925
1987
1718
1260
810
514
475
702
1009
1061
810
396
364
961
1884
2932
3685
3719
3249
2758
2387
2299
2313
2095
1830
1636
1603
2112
2915
3575
3993
3809
3164
2235
1321
931
1021
1402
1816
1930
1663
1332
1151
1265
1607
1775
1650
1211
737
546
612
882
1057
934
560
34
-406
-603
-508
-285
-113
-90
-265
-557
-836
-982
-1101
-1063
-836
-737
-797
-886
-952
-755
-222
336
662
540
119
-278
-359
-56
352
608
645
499
365
395
385
361
203
-126
-537
-1030
-1388
-1450
-1092
-359
340
445
-548
-2673
-5102
-6739
-6922
-5933
-4833
-4646
-5635
-6989
-7803
-7738
-7146
-6886
-7204
-7893
-8475
-8351
-7565
-6380
-5165
-4417
-4217
-4305
-4545
-4432
-3430
-1664
482
2214
2835
2344
1518
1325
2127
3361
4145
3932
3052
2421
2651
3837
5099
5529
4769
3062
1413
538
571
1308
2155
2558
2391
1883
1545
1751
2387
3287
3828
3451
2391
1283
915
1710
3394
5030
5648
5149
4074
3108
2820
3014
3240
3048
2289
1465
1035
1208
1988
2851
3137
2547
1242
-81
-677
-323
677
1874
2513
2372
1900
1413
1418
1851
2144
2292
2048
1558
1399
1717
2458
3075
3266
2813
1706
554
-347
-699
-554
-359
-327
-730
-1207
-1369
-1208
-675
-299
-483
-1055
-1789
-2370
-2329
-1803
-1134
-434
99
407
364
211
86
-48
-17
-7
-12
-48
-283
-426
-342
-160
-66
-271
-741
-1280
-1756
-2139
-2163
-1767
-1158
-426
27
-342
-1942
-4451
-6606
-7417
-6446
-4472
-3176
-3335
-4931
-6845
-7687
-7441
-6758
-6582
-7424
-8564
-9126
-8615
-7256
-5864
-5070
-5163
-5752
-6312
-6397
-5438
-3470
-806
1791
3146
3007
1806
873
1246
2551
4126
4864
4371
3516
3468
4758
6796
8127
7476
4978
1744
-445
-602
899
3152
4755
4911
3768
2118
825
563
1229
1970
2289
1855
1087
968
2071
4285
6372
6865
5621
3217
916
371
1589
3543
5178
5579
4811
3649
2644
2188
2135
2107
1894
1332
791
682
1166
2135
3083
3508
3010
1750
589
136
565
1512
2172
2159
1597
971
907
1356
1975
2162
1576
489
-740
-1463
-1507
-1020
-483
-409
-784
-1436
-1925
-1964
-1574
-1265
-1391
-1774
-2216
-2214
-1580
-637
259
806
854
682
466
126
-235
-550
-661
-246
481
1066
1331
1153
739
316
-122
-678
-1392
-2000
-2219
-2013
-1562
-1097
-726
-277
216
231
-860
-3380
-6683
-9160
-9170
-6590
-3232
-1565
-2823
-6040
-9130
-10353
-9620
-8335
-7766
-8175
-8854
-8880
-7961
-6535
-5362
-5156
-5866
-6806
-7259
-6532
-4273
-753
2754
4903
4808
2634
186
-810
545
3450
5906
6761
6095
5318
5653
6926
8004
7584
5309
2045
-363
-589
1272
4167
6363
6492
4478
1271
-1397
-2115
-717
1803
3806
4220
3223
1977
1727
2892
4733
5795
4989
2737
524
34
1826
4680
6856
7056
5339
2917
1181
806
1512
2539
3135
2853
1889
1052
831
1303
2195
2656
1977
600
-370
-46
1508
2955
3279
2141
261
-695
-303
928
2091
2272
1590
589
-341
-846
-975
-909
-607
-249
-100
-376
-931
-1398
-1525
-1553
-1822
-2413
-3135
-3230
-2281
-732
530
723
-56
-863
-1106
-629
-24
14
-442
-864
-559
423
1400
1716
1173
53
-1124
-1762
-1671
-1184
-873
-942
-1090
-1086
-851
-685
-621
-465
-461
-1456
-4103
-7571
-9968
-9177
-5232
-883
643
-2352
-7827
-12077
-12777
-10284
-7242
-5594
-5771
-6859
-7587
-7663
-7326
-7046
-7308
-8069
-8613
-7972
-5559
-1454
2799
5296
5156
2395
-953
-2617
-1609
2016
6282
9074
9342
7523
5462
4649
5409
6650
6793
5234
2764
1265
2157
4947
7610
8089
5684
1487
-2138
-3143
-1147
2482
5573
6479
4926
2118
-45
-227
1603
4207
5727
5178
3091
1166
1155
3054
5174
5782
4322
1977
445
549
2080
3796
4746
4381
2579
493
-672
-298
1380
2916
2936
1432
-292
-683
522
2151
2763
1868
126
-1221
-1110
250
1864
2591
1928
266
-1575
-2509
-2140
-934
244
603
-112
-1357
-2434
-2948
-2589
-1666
-985
-1160
-2004
-2734
-2595
-1566
-357
125
-484
-1273
-1341
-426
834
1444
1100
-43
-1150
-1329
-412
958
1894
1684
447
-963
-1687
-1377
-759
-506
-893
-1629
-1869
-1504
-858
-278
-94
-345
-1661
-4589
-8044
-9606
-7324
-2248
1758
1062
-4276
-10417
-13531
-12327
-8589
-5016
-3221
-3478
-5169
-7377
-8823
-8860
-7831
-6874
-6971
-7336
-6066
-2543
1555
3783
2922
-8
-2667
-3411
-1820
1622
5764
9108
9957
7781
3965
1253
1817
4937
7931
8506
6563
3988
2844
3813
5586
6391
5360
2998
600
-545
382
2913
5527
6404
4709
1519
-967
-1045
1381
4551
6365
5999
3825
1418
388
1116
3046
4798
5219
4273
2745
1903
2094
2612
2752
2300
1715
1501
1864
2456
2771
2544
1391
-393
-1746
-1657
190
2437
3363
2270
-168
-2212
-2700
-1754
-182
1085
1299
542
-629
-1631
-1919
-1558
-1137
-1114
-1594
-1844
-1424
-903
-524
-764
-1350
-1681
-2011
-2079
-1988
-1619
-760
-191
-213
-719
-1019
-470
408
736
108
-1049
-1741
-1345
-196
874
1296
1075
265
-796
-1635
-1886
-1453
-609
95
-38
-707
-1054
-879
-555
-644
-1147
-1299
-784
-591
-1922
-4534
-6257
-5104
-1928
178
-1357
-5568
-9159
-9824
-7790
-5257
-3799
-3645
-4554
-6557
-9043
-10447
-9697
-7282
-5111
-4355
-4335
-3555
-1595
-53
-201
-1555
-2626
-2130
-273
2336
5293
7716
8324
6323
2835
517
1330
4803
8454
9821
8563
6120
3808
2462
2496
3834
5513
6156
4826
1969
-207
14
2126
4010
4108
2817
1583
1395
1979
2559
2962
3128
2910
2361
1957
2495
3853
4967
4532
2592
878
728
2164
3723
4154
3540
2520
1771
1514
1703
2009
2098
1761
749
-351
-837
-548
391
1276
1344
411
-1009
-2038
-2172
-1506
-662
-291
-495
-1040
-1342
-1284
-1266
-1468
-1960
-2348
-2220
-1722
-1062
-646
-632
-870
-1411
-1955
-2173
-1665
-343
851
867
-307
-1652
-1827
-606
640
989
517
-194
-602
-682
-499
78
822
899
-113
-1585
-2027
-789
686
801
-575
-2274
-2754
-1835
-767
-326
-366
-591
-847
-1365
-1576
-649
525
91
-2827
-6308
-6875
-3480
831
1785
-1700
-6602
-9458
-9312
-7147
-4399
-2061
-1515
-3956
-8504
-11914
-10979
-6346
-2145
-1815
-4454
-6091
-4876
-2369
-951
-1038
-996
51
1511
2342
2978
4566
6192
5992
3522
1355
2567
6662
10068
10058
7165
3941
2280
2166
3172
5329
7960
9046
6802
2056
-1735
-1588
1846
5276
6244
4860
2762
1145
62
-364
385
2018
3384
3275
1981
1367
2064
2663
1948
226
-713
300
2366
3742
3373
1852
397
-443
-540
253
1617
2834
3036
1838
196
-836
-802
-26
505
557
460
222
-219
-905
-1550
-1449
-441
654
772
-390
-1802
-2515
-2489
-1821
-1123
-589
-76
-174
-1230
-2746
-3646
-2986
-1106
526
1137
788
-257
-1537
-2669
-3076
-2082
-40
1711
1736
54
-1714
-2173
-1403
-468
198
657
787
286
-914
-1937
-1548
-127
864
560
-526
-748
270
1054
356
-1149
-1805
-1143
-13
771
1496
2453
2379
-366
-5158
-8365
-6548
-644
4021
3034
-2802
-8652
-10744
-8910
-5256
-2093
-815
-2364
-6211
-10180
-11300
-8273
-3592
-1212
-2702
-5809
-7041
-5039
-1736
263
282
-817
-1411
-713
1053
3485
5360
5359
3452
1264
1331
4391
8081
9489
7656
4200
1628
1277
3219
6418
9100
9351
6470
2166
-899
-732
2476
6061
7208
5550
2733
415
-329
122
1096
2131
2341
1912
1285
931
1336
1666
1253
44
-1073
-721
957
2747
3069
1516
-666
-1991
-1318
1012
3231
3989
2869
410
-1770
-2357
-1299
734
2312
2308
893
-1120
-2387
-2159
-989
276
873
595
-246
-1314
-2060
-2098
-1488
-631
-104
-329
-1090
-1827
-2069
-1839
-1584
-1146
-525
67
377
-30
-1012
-2117
-2599
-2159
-1125
242
1268
1562
976
-474
-1972
-2469
-1644
-206
988
1361
1073
497
-315
-1079
-1372
-795
428
1351
1223
216
-727
-928
-529
-78
275
776
1209
750
-710
-1751
-1304
188
919
-609
-3003
-3618
-1724
380
-251
-3377
-6182
-6634
-5059
-3451
-3033
-3196
-3696
-4881
-6403
-7287
-6272
-3984
-2841
-3684
-5163
-5173
-3199
-1182
-828
-1867
-2608
-1923
-420
925
1823
2464
2686
2191
1513
1786
3436
5249
5690
4701
3515
3399
4290
5055
5349
5370
5223
4744
3765
3024
3348
4600
5391
4660
3031
1892
1886
2364
2265
1569
1218
1449
1796
1627
994
380
-112
-490
-736
-294
841
1771
1452
-209
-1842
-2143
-772
1181
2200
1699
392
-602
-889
-282
874
1967
2517
2078
728
-581
-837
-174
645
868
418
-170
-318
-111
-330
-985
-1544
-1663
-1329
-1028
-974
-825
-720
-1072
-1846
-2640
-2608
-1562
-323
-2
-780
-1640
-1890
-1521
-978
-516
-57
148
-139
-976
-1609
-1021
270
1083
834
-116
-755
-597
-214
-96
39
612
1324
1317
510
-393
-462
202
378
-7
-351
-123
632
758
-48
-904
-987
-230
528
827
731
258
-868
-2855
-4351
-3641
-743
1957
1917
-1022
-4848
-6655
-5703
-3233
-923
-334
-1379
-3603
-6139
-7051
-5768
-3317
-1593
-1947
-3307
-4054
-3579
-2470
-2019
-2172
-1999
-1055
141
734
656
443
509
687
1241
2543
4386
5699
5296
3659
2208
2164
3524
5139
6139
6419
6206
5457
4062
2549
2009
2939
4461
5126
4370
2945
1618
638
177
209
860
1823
2028
1018
-735
-2171
-2273
-1364
-400
55
-265
-958
-1554
-1718
-1341
-689
-6
385
531
510
431
439
425
452
556
862
1490
2277
2624
2052
799
-386
-602
275
1422
1778
1140
155
-773
-1117
-861
-393
191
291
-357
-1276
-1695
-1324
-427
-56
-907
-1895
-2238
-1672
-746
-386
-467
-800
-1104
-1148
-963
-647
-301
-181
-552
-1108
-1323
-803
61
502
363
12
-205
-247
-152
70
592
1089
1007
347
-519
-715
28
928
1133
513
-255
-519
-126
427
625
406
-130
-769
-1148
-697
654
1909
1663
-751
-3853
-5077
-3034
886
3165
1953
-1620
-4889
-5809
-4461
-2411
-1007
-951
-2346
-4407
-5864
-5589
-3938
-2522
-2702
-4286
-5355
-4684
-3067
-1877
-1890
-2464
-2391
-1551
-371
652
1243
1412
1065
596
997
2764
4967
6023
5270
3743
3051
3707
5032
6019
6460
6506
5914
4673
3184
2542
3463
5001
5606
4661
2932
1665
1069
619
159
88
670
1314
1169
-87
-1727
-2690
-2762
-2296
-1556
-726
-197
-395
-1350
-2386
-2583
-1785
-631
198
451
306
69
-97
-32
176
511
827
925
985
1062
978
661
163
-107
375
1145
1522
1184
321
-291
-374
-161
95
242
118
-201
-599
-908
-895
-688
-550
-701
-922
-774
-364
-133
-488
-1253
-1666
-1289
-349
455
580
-50
-980
-1406
-1008
-143
617
871
481
-146
-563
-627
-346
21
348
509
363
-26
-451
-635
-387
50
286
263
129
24
-130
-303
-451
-333
49
214
90
-17
224
693
920
363
-952
-2036
-1910
-406
1254
1583
166
-2234
-3960
-3984
-2459
-559
272
-692
-3187
-5403
-5854
-4509
-2528
-1734
-2606
-4346
-5596
-5364
-4069
-2783
-2201
-2302
-2553
-2516
-1965
-1068
-223
242
230
353
1026
2224
3386
3650
3093
2471
2652
3727
5129
6096
5963
5023
3936
3284
3384
4178
5173
5609
5099
3792
2329
1434
1524
2277
2889
2747
1846
604
-292
-525
-424
-302
-417
-610
-855
-1200
-1461
-1541
-1420
-1272
-1269
-1319
-1101
-705
-431
-626
-1223
-1320
-678
200
758
633
210
-132
-188
65
602
1326
1496
854
-129
-596
61
1107
1572
1133
242
-222
-120
103
54
-170
-136
54
21
-196
-315
-82
113
-276
-908
-1255
-933
-180
186
-44
-563
-847
-842
-831
-635
-182
135
148
-236
-780
-890
-484
64
123
-243
-476
-447
-394
-445
-392
-113
183
75
-268
-451
-387
-193
-235
-574
-805
-512
34
373
433
165
-112
-225
-397
-424
180
1185
1699
1157
-368
-1943
-2286
-959
785
1291
174
-1845
-3423
-3642
-2709
-1233
-402
-1060
-2906
-4932
-5690
-4703
-2968
-2003
-2452
-3804
-4739
-4321
-3212
-2206
-1691
-1835
-2157
-2145
-1515
-608
324
983
933
741
1033
1980
3172
3723
3462
3078
3243
4028
4823
5194
5218
5025
4814
4595
4345
4286
4507
4691
4424
3711
3080
2758
2405
1936
1452
1277
1425
1257
523
-532
-1160
-1055
-663
-615
-1208
-2025
-2658
-2839
-2593
-1953
-1165
-935
-1378
-2284
-2831
-2245
-953
82
131
-546
-1241
-1157
-324
399
883
1029
869
633
356
532
1232
1770
1812
1258
698
718
875
962
854
713
648
516
376
-32
-382
-535
-667
-728
-802
-669
-498
-692
-1200
-1595
-1426
-840
-361
-488
-1090
-1605
-1650
-1347
-1013
-750
-672
-633
-702
-864
-922
-726
-294
-179
-375
-748
-1070
-877
-421
98
466
443
100
-350
-537
-324
182
664
929
1034
907
706
557
405
439
640
947
1352
1736
2040
2023
1367
109
-1024
-1040
281
1980
2435
879
-1532
-3308
-3474
-1950
-300
362
-405
-2515
-4731
-5804
-5090
-3226
-1707
-1839
-3572
-5432
-6018
-4943
-3231
-2180
-1931
-2232
-2612
-2545
-2134
-1244
-201
369
674
935
1400
2142
2748
2919
2871
3197
3938
4647
5192
5366
5149
4724
4236
4149
4574
5222
5417
4681
3527
2636
2533
2919
2962
2484
1729
973
337
-223
-637
-778
-775
-943
-1480
-2095
-2415
-2496
-2493
-2549
-2636
-2629
-2527
-2422
-2394
-2265
-1816
-1174
-669
-454
-527
-548
-384
50
783
1378
1681
1539
1079
821
985
1591
2234
2481
2202
1495
771
445
664
1249
1678
1424
527
-499
-943
-741
-393
-231
-388
-827
-1365
-1744
-1970
-1937
-1704
-1559
-1546
-1539
-1504
-1633
-1848
-2133
-2189
-1789
-1206
-772
-807
-1145
-1531
-1658
-1345
-711
57
581
453
-52
-415
-376
347
1179
1464
1291
855
492
512
950
1644
2140
2106
1647
1191
1093
1493
2123
2301
2033
1624
1403
1437
1471
1438
1212
933
764
798
990
1059
527
-545
-1385
-1397
-562
82
-382
-1937
-3702
-4453
-3860
-2655
-1918
-2280
-3635
-5200
-6026
-5568
-4214
-2962
-2544
-3135
-4219
-4840
-4467
-3362
-2056
-1260
-1013
-1034
-1239
-1144
-640
208
1217
2060
2735
3151
3258
3235
3214
3449
4165
5063
5603
5615
5138
4467
4147
4241
4534
4679
4477
4100
3579
2889
2189
1597
1221
1067
907
397
-497
-1440
-2059
-2264
-2138
-1912
-1835
-1951
-2566
-3250
-3618
-3584
-2736
-1703
-1077
-1225
-1851
-2018
-1761
-1033
32
730
1057
1028
740
726
1050
1680
2359
2564
2341
2158
2087
2175
2284
2323
2295
2019
1609
1027
550
433
555
654
309
-447
-1365
-1952
-2012
-1771
-1556
-1644
-2055
-2729
-3265
-3391
-3040
-2473
-2222
-2289
-2432
-2500
-2395
-2142
-1773
-1273
-876
-665
-453
-262
-62
194
414
539
846
1424
1969
2109
1750
1356
1273
1614
2194
2732
2986
2675
2066
1508
1341
1773
2425
2845
2652
1830
897
484
844
1507
1741
1355
594
-184
-430
-318
-257
-260
-386
-555
-746
-936
-1392
-2154
-2728
-2850
-2270
-1489
-1340
-2043
-3367
-4411
-4458
-3619
-2509
-1877
-2139
-3248
-4534
-4929
-4046
-2577
-1453
-1362
-2298
-3244
-3411
-2577
-1221
-239
211
234
239
420
627
1161
1901
2541
2976
3172
3273
3366
3414
3420
3512
3707
3948
4090
3861
3375
2878
2516
2407
2433
2578
2508
1962
1262
576
189
219
239
70
-245
-557
-724
-991
-1334
-1574
-1578
-1309
-1022
-1026
-1244
-1414
-1500
-1317
-1020
-780
-439
-274
-400
-585
-611
-181
603
1137
1105
726
515
673
950
1330
1617
1600
1126
606
431
435
872
1152
782
123
-550
-848
-751
-595
-652
-1036
-1509
-2002
-2382
-2287
-1961
-1744
-1682
-1837
-2119
-2255
-2119
-1863
-1614
-1416
-1250
-1036
-891
-754
-547
-321
-39
353
799
1144
1380
1425
1275
1372
1773
2125
2349
2372
2200
1964
1901
1997
2157
2325
2375
2360
2161
1750
1389
1130
1197
1358
1196
861
474
187
-42
-191
-272
-382
-403
-491
-640
-901
-1206
-1327
-1403
-1388
-1357
-1279
-1148
-1371
-1991
-2623
-2849
-2407
-1512
-934
-1278
-2256
-3148
-3440
-2938
-1946
-1134
-1120
-1988
-3040
-3501
-2990
-1765
-772
-592
-1108
-1820
-2061
-1647
-926
-88
526
680
352
-129
0
577
1357
2067
2256
2232
2261
2331
2470
2628
2869
3207
3334
3128
2798
2578
2502
2578
2637
2545
2499
2361
2078
1663
1153
833
826
988
903
550
146
-344
-848
-1014
-928
-697
-321
-264
-620
-1156
-1594
-1627
-1217
-687
-320
-316
-571
-950
-1238
-1032
-401
285
623
565
345
142
119
261
460
583
455
230
27
-37
23
85
152
-37
-274
-373
-557
-706
-826
-946
-1019
-1059
-1164
-1321
-1360
-1483
-1524
-1353
-1198
-898
-632
-585
-581
-637
-587
-332
-19
188
273
287
236
342
566
887
1233
1338
1316
1160
1151
1405
1482
1548
1521
1266
1068
823
621
631
733
816
789
515
159
-63
-112
-49
-119
-189
-173
-267
-454
-777
-1007
-932
-722
-457
-396
-449
-534
-702
-790
-857
-744
-434
-177
-116
-344
-769
-1119
-1178
-990
-654
-295
-300
-766
-1385
-1898
-1950
-1478
-943
-760
-1103
-1712
-2237
-2420
-2047
-1383
-805
-646
-1127
-1713
-1836
-1479
-705
-17
199
72
-159
-149
89
603
1270
1673
1893
1982
1972
2045
2297
2586
2755
2856
2935
2878
2683
2564
2422
2264
2165
2099
2139
2046
1813
1449
1017
729
544
558
502
94
-420
-854
-990
-891
-907
-924
-959
-1046
-1157
-1408
-1429
-1229
-1022
-885
-1083
-1286
-1215
-978
-713
-453
-288
-255
-212
-273
-288
-50
236
526
663
475
305
93
44
310
485
600
500
312
119
-62
52
120
44
-147
-460
-597
-628
-521
-317
-379
-532
-675
-776
-726
-594
-438
-322
-357
-442
-402
-319
-137
81
166
95
41
92
251
388
428
522
547
474
383
298
247
291
414
432
259
177
253
296
288
186
128
146
193
211
133
133
182
109
44
126
208
234
232
183
143
185
142
-104
-264
-269
-148
146
245
-119
-672
-1078
-1218
-982
-511
-243
-469
-1170
-1850
-2107
-1885
-1316
-857
-969
-1518
-2047
-2238
-2059
-1670
-1217
-972
-1024
-1226
-1386
-1226
-833
-342
106
261
333
487
618
829
1044
1205
1471
1718
1938
2031
1932
1969
2096
2171
2188
2075
2017
1976
1942
1887
1601
1337
1161
1049
1023
893
682
560
350
-1
-270
-431
-522
-478
-396
-573
-912
-1091
-1037
-871
-776
-693
-758
-956
-1008
-1009
-916
-773
-617
-424
-293
-296
-343
-309
-235
-64
131
290
339
254
130
-11
40
180
295
226
33
-17
20
230
232
108
60
-165
-287
-339
-252
-106
-138
-237
-416
-389
-188
-42
-45
-121
-124
-92
-6
-67
-42
47
153
329
297
289
172
93
158
246
448
457
447
391
186
125
83
162
291
195
266
315
161
165
140
184
319
389
425
308
193
92
59
184
281
380
345
133
30
-38
28
225
340
374
225
-22
-232
-395
-333
-178
-156
-216
-496
-871
-1097
-1078
-889
-823
-943
-1076
-1231
-1436
-1536
-1519
-1389
-1322
-1388
-1511
-1648
-1662
-1574
-1340
-1033
-793
-685
-639
-625
-622
-464
-137
217
438
556
568
553
582
670
991
1298
1469
1530
1424
1392
1428
1467
1644
1728
1553
1364
1278
1290
1286
1179
1103
972
812
804
845
909
869
543
134
-107
-78
144
272
112
-212
-481
-588
-553
-399
-273
-266
-376
-525
-643
-613
-387
-210
-210
-345
-365
-331
-262
-70
100
191
109
29
-62
-129
10
83
174
182
27
43
116
245
254
84
-19
-37
-5
-16
12
43
12
-49
-202
-252
-169
-70
-10
-46
-95
-89
-70
-31
13
66
84
-4
-74
-150
-97
114
221
248
157
63
57
38
190
368
242
97
140
161
206
224
153
113
-4
-82
-24
26
75
46
-54
-92
-174
-235
-130
-118
-143
-130
-207
-314
-404
-357
-186
-148
-228
-323
-507
-689
-684
-555
-501
-522
-553
-654
-675
-748
-842
-712
-650
-621
-630
-719
-766
-890
-888
-764
-613
-481
-563
-696
-757
-668
-336
-46
34
101
-18
-190
-62
159
400
540
523
499
581
677
764
990
1077
1091
1188
1242
1338
1368
1320
1252
1160
1180
1208
1102
1007
912
825
800
710
676
551
420
337
177
152
73
-86
-178
-295
-363
-335
-274
-375
-536
-597
-725
-658
-573
-496
-327
-429
-519
-561
-599
-469
-226
1
-11
-169
-227
-205
-146
6
179
250
226
193
106
73
131
268
356
298
253
176
78
-6
53
163
139
124
138
99
46
-43
-84
-61
-120
-130
-44
-7
-13
-75
-239
-201
-124
-94
-12
20
36
-80
-64
0
-67
-49
-24
-43
-19
51
138
161
63
-47
-178
-197
-73
-1
-29
-58
-119
-232
-227
-174
-103
-72
-43
-38
-151
-304
-315
-184
-203
-202
-193
-354
-448
-416
-402
-372
-397
-453
-505
-649
-616
-519
-545
-641
-686
-575
-518
-534
-609
-675
-692
-684
-630
-593
-462
-304
-283
-322
-376
-363
-203
68
243
237
129
64
104
137
305
487
629
722
631
539
602
779
922
1091
1137
993
891
861
837
839
932
982
876
717
584
563
746
850
741
664
549
370
287
234
219
200
89
-47
-142
-103
-121
-182
-190
-263
-190
-66
-45
-74
-151
-210
-197
-76
28
66
36
-35
-138
-101
53
143
205
149
83
-18
-92
-59
-6
115
102
-8
-106
-144
-197
-240
-119
-67
-34
-58
-199
-367
-458
-389
-353
-276
-185
-224
-320
-443
-457
-416
-426
-335
-203
-186
-244
-266
-296
-256
-72
-84
-62
33
-34
-17
7
40
-2
-80
-4
-29
-51
-8
-35
-80
-135
-147
-137
-138
-162
-217
-252
-291
-309
-265
-276
-407
-527
-496
-422
-488
-534
-514
-531
-452
-419
-406
-349
-311
-290
-305
-280
-258
-184
-126
-125
-99
-67
-35
57
81
140
279
243
281
255
206
350
343
385
438
334
391
429
389
413
396
386
443
481
496
552
507
414
339
349
467
474
494
520
435
296
272
378
398
535
584
451
377
315
376
468
534
542
467
366
208
207
293
362
376
268
193
23
-54
8
35
86
38
-108
-105
-26
-106
-61
-54
-125
-127
-136
-16
-43
-82
-104
-149
-163
-229
-210
-267
-289
-269
-237
-221
-237
-202
-245
-296
-326
-443
-504
-424
-417
-439
-411
-330
-331
-444
-467
-443
-463
-472
-471
-521
-466
-442
-533
-580
-594
-497
-413
-408
-400
-406
-366
-347
-351
-234
-35
-4
-39
-55
-85
-27
15
19
69
169
167
162
115
13
23
19
109
183
109
46
1
55
121
135
185
124
59
127
57
64
167
126
72
2
-23
-80
-61
-15
-19
-8
-82
-58
19
81
104
132
241
221
142
166
247
360
374
369
403
344
264
213
268
418
564
602
530
498
420
380
452
457
436
465
425
376
349
368
505
572
508
357
299
342
256
240
287
245
164
96
84
72
63
79
96
29
-10
49
42
53
54
1
-51
-110
-179
-209
-140
-132
-204
-214
-232
-307
-261
-224
-336
-395
-445
-385
-247
-257
-298
-327
-415
-527
-504
-419
-360
-355
-414
-419
-491
-507
-421
-364
-341
-420
-434
-453
-526
-442
-335
-326
-275
-295
-434
-479
-469
-369
-264
-262
-305
-375
-364
-435
-457
-242
-204
-315
-359
-391
-322
-220
-241
-220
-206
-281
-265
-246
-184
-157
-153
-19
50
109
120
101
106
125
203
246
304
343
317
343
421
432
368
443
520
483
575
598
527
554
548
574
675
665
572
466
419
468
507
436
376
380
371
403
430
379
282
214
202
271
326
356
374
242
129
186
298
448
552
411
315
300
266
351
422
462
387
237
177
198
296
330
305
244
167
188
145
75
41
2
20
31
2
-140
-237
-284
-370
-381
-389
-423
-468
-471
-509
-547
-534
-554
-556
-547
-450
-354
-375
-401
-441
-473
-438
-371
-350
-389
-377
-296
-282
-269
-234
-252
-288
-253
-205
-197
-260
-359
-362
-409
-365
-285
-344
-318
-350
-341
-314
-392
-251
-227
-281
-267
-392
-408
-335
-289
-209
-262
-405
-356
-269
-303
-359
-329
-189
-117
-91
-127
-142
-72
-53
30
76
35
0
53
203
199
208
249
173
153
242
281
279
383
297
219
240
113
211
327
308
347
358
361
376
380
419
460
452
496
574
558
512
536
560
615
643
631
630
602
608
613
610
632
625
504
430
430
457
492
433
382
406
402
340
321
276
260
243
150
155
165
156
119
75
50
-24
-62
-78
-115
-111
-50
-78
-142
-210
-260
-208
-218
-257
-273
-324
-289
-311
-373
-372
-400
-365
-400
-434
-380
-408
-356
-319
-384
-397
-472
-510
-527
-564
-480
-495
-518
-436
-530
-608
-605
-659
-592
-522
-558
-574
-534
-528
-566
-526
-450
-385
-378
-376
-356
-370
-332
-343
-297
-182
-177
-188
-187
-164
-272
-274
-111
-104
-32
-18
-81
-76
-110
-85
54
142
125
99
59
80
175
258
303
324
330
367
365
333
366
365
393
409
429
542
458
323
354
358
383
442
443
463
475
467
435
381
413
455
478
439
397
419
360
354
387
367
407
323
236
253
174
154
190
266
241
182
234
193
215
149
115
257
227
262
316
280
287
204
198
289
261
203
200
254
238
194
175
95
2
-39
15
-1
-53
-57
-84
-123
-216
-232
-183
-267
-384
-383
-441
-476
-360
-397
-419
-425
-524
-448
-485
-537
-441
-422
-406
-444
-513
-532
-567
-587
-534
-516
-502
-505
-494
-438
-516
-481
-382
-421
-357
-314
-368
-374
-352
-292
-237
-216
-189
-197
-189
-156
-196
-174
-159
-144
-28
-75
-99
-69
-123
-80
-49
-30
-6
-50
-60
-14
31
78
110
142
238
261
200
230
309
334
267
271
333
327
317
253
202
166
211
275
286
363
304
251
270
324
363
284
251
237
293
362
422
461
397
410
418
400
438
415
467
478
408
401
352
355
348
325
349
338
208
147
251
300
260
156
157
137
76
107
123
146
131
88
39
-6
-53
-52
-62
-140
-147
-161
-209
-170
-206
-270
-231
-268
-318
-274
-279
-312
-308
-346
-326
-257
-240
-261
-280
-196
-220
-311
-267
-246
-241
-252
-285
-226
-285
-343
-242
-321
-291
-207
-338
-385
-359
-252
-254
-407
-348
-280
-335
-311
-327
-305
-210
-231
-258
-238
-191
-200
-216
-159
-133
-116
-118
-70
-5
-59
-27
-31
-63
49
55
0
36
28
-24
54
6
8
117
76
180
98
44
150
97
206
260
244
217
91
111
118
142
200
159
164
160
105
87
102
151
246
216
185
195
162
142
142
217
213
217
314
290
185
212
326
309
300
285
230
212
160
288
417
278
185
217
207
225
206
189
243
153
59
96
76
113
165
54
86
146
116
172
94
57
122
108
40
67
49
-30
33
-11
-64
-81
-127
-125
-137
-57
-74
-179
-171
-166
-80
-85
-158
-112
-163
-224
-232
-268
-279
-308
-256
-211
-321
-310
-245
-262
-262
-294
-286
-302
-343
-330
-327
-339
-362
-306
-225
-210
-257
-283
-193
-233
-283
-222
-207
-189
-183
-190
-169
-83
-59
-104
-85
-9
-24
-50
-13
-57
-40
20
-22
0
15
-12
28
10
76
127
108
160
54
53
135
68
125
120
138
193
112
145
195
180
192
224
222
295
376
274
188
137
98
148
126
124
176
127
213
290
204
158
163
177
151
182
199
153
136
153
185
129
121
191
214
245
208
222
247
194
230
275
246
194
121
91
215
260
142
71
113
125
71
121
116
90
112
44
29
29
13
2
-12
-12
-35
-88
-163
-172
-164
-191
-193
-222
-206
-182
-243
-271
-306
-224
-203
-318
-294
-293
-252
-216
-212
-202
-215
-185
-194
-191
-199
-200
-150
-130
-128
-115
-130
-196
-225
-231
-205
-197
-245
-256
-195
-181
-229
-155
-108
-116
-55
-97
-127
-108
-117
-122
-192
-204
-167
-124
-98
-152
-130
-71
-84
3
101
102
40
1
144
105
-22
72
78
74
42
9
64
31
23
160
207
159
277
264
257
348
278
244
257
238
230
250
241
170
168
175
146
137
96
103
142
169
130
87
202
196
151
210
251
274
127
55
117
85
87
44
-26
73
95
17
54
112
158
113
42
96
47
-33
-41
-64
-39
-21
-111
-199
-150
-75
-20
18
33
99
39
-45
11
12
36
0
-73
-88
-58
-29
-96
-99
-126
-123
-118
-77
19
-53
-69
-48
-21
-38
-124
-104
-85
-131
-178
-165
-202
-195
-94
-100
-131
-122
-133
-132
-184
-165
-106
-199
-196
-123
-157
-151
-118
-189
-146
-102
-223
-221
-163
-164
-82
-12
-48
-9
14
-59
-29
-49
-76
-4
-17
-2
49
-20
-11
43
-48
-32
74
70
26
-15
28
12
-60
-37
-4
0
-28
34
40
33
73
69
118
138
103
90
126
116
117
180
175
174
210
192
181
152
108
184
160
130
200
158
185
194
214
302
249
238
254
193
186
180
117
94
125
196
130
0
46
44
62
79
59
165
139
27
47
21
-38
-7
-15
-29
-22
-1
-6
-27
-92
-112
-26
-85
-82
-32
-88
-66
-84
-31
48
-16
-33
-64
-140
-193
-143
-152
-213
-144
-100
-104
-107
-122
-111
-107
-129
-119
-83
-95
-158
-162
-135
-142
-164
-174
-187
-217
-163
-86
-115
-90
-45
-62
-26
-120
-166
-78
-64
-53
-32
0
-100
-130
-89
-141
-106
-145
-171
-97
-68
-13
6
-9
43
100
56
-12
7
45
51
36
17
52
97
88
69
31
17
69
110
149
166
151
137
171
217
239
196
84
56
103
132
50
84
191
172
212
220
187
195
184
115
85
135
184
147
86
68
33
36
19
-17
2
60
93
18
86
142
25
21
2
1
32
-117
-130
-31
-6
28
-68
-69
-2
-40
-74
-125
-89
-29
-85
-86
-51
-43
-61
-146
-123
-97
-159
-179
-145
-92
-122
-94
-40
-108
-53
-35
-79
-50
-114
-79
11
-29
-34
-52
-122
-166
-184
-159
-86
-70
-98
-103
-87
-2
-5
-100
-130
-134
-110
-78
-75
-71
-82
-25
0
13
36
-35
-12
20
28
31
14
43
73
80
27
53
53
-12
21
47
-1
-21
31
39
100
58
1
132
82
112
185
98
33
2
128
140
68
45
-39
-36
-35
11
43
2
115
127
7
53
102
-11
2
80
77
127
86
107
143
91
103
70
69
91
93
128
65
77
130
61
143
177
71
35
46
32
22
65
74
57
31
-2
-9
30
21
-8
13
4
79
63
-37
-13
-24
-41
-31
-14
-58
-71
10
22
-33
-13
1
-44
-75
-88
-87
-74
-78
-88
-45
-28
-45
-38
-6
-13
-59
-22
-61
-103
-26
-45
-77
-81
-35
-72
-147
-95
-101
-85
-84
-98
-34
-61
-74
-11
-36
-73
-75
-77
-89
-62
-47
-58
-24
-32
-74
-91
-79
-104
-98
-43
-56
-70
-80
-15
23
-43
-23
-6
-62
-83
-81
-63
12
-39
-91
-10
-36
-78
-56
-53
-44
-1
111
121
86
107
111
94
44
121
85
7
-3
-42
58
96
119
79
66
166
143
162
198
146
166
163
89
122
120
65
-17
-25
80
46
75
135
89
72
103
188
109
-36
0
21
0
11
-1
37
40
35
32
-18
21
-17
-33
18
7
43
46
8
77
149
44
-56
26
61
34
-12
-21
-36
-81
-28
-68
-81
-103
-111
-21
10
-10
-72
17
64
-40
-61
-86
-137
-107
-52
-74
-122
-162
-172
-84
-76
-180
-163
-161
-98
20
-55
-61
-17
-67
-102
-91
-46
-148
-199
-119
-96
-87
-45
-3
-38
-8
0
-17
-9
-66
-89
-88
-17
-22
-35
-16
-71
-37
-16
-26
5
4
0
46
50
24
30
28
27
-68
-24
55
-9
53
98
96
130
103
72
99
62
19
80
90
84
123
61
16
0
38
127
46
-12
32
118
150
110
123
60
80
95
15
43
11
43
63
58
136
113
97
41
36
63
63
48
15
41
23
29
-12
8
89
32
10
19
52
24
-21
28
5
50
4
-26
113
-30
-68
22
-24
0
30
26
-15
-58
-98
-112
-113
-85
-34
-68
-94
-61
-105
-51
6
-59
38
23
-38
-6
-83
-61
-42
-77
-74
-63
-65
-65
-121
-160
-81
-100
-84
-64
-83
-33
-95
-93
-42
-45
-27
-40
-37
-58
-120
-76
-93
-108
-12
-27
36
52
-37
11
-43
-118
-102
-72
-17
-111
-99
-9
-47
3
75
66
17
13
58
38
-7
17
78
106
74
65
71
5
-16
33
38
5
-26
-10
25
4
-19
-2
49
115
117
106
137
86
30
36
1
77
87
13
140
89
-11
41
-55
-40
36
-6
28
1
-23
67
115
121
108
122
114
-8
-42
6
-3
16
31
80
150
90
55
35
1
64
84
11
-50
1
41
-20
-4
41
-17
-45
-37
2
19
-68
0
63
73
118
70
47
31
5
-44
-37
-40
-61
44
2
-59
-85
-122
-116
-114
-23
-56
-118
-10
18
-61
-2
8
-24
-3
-31
-41
-80
-91
-102
-79
-52
-113
-85
-49
-84
-60
-76
-51
10
-54
-22
-1
-63
-83
-134
-99
-21
27
54
24
35
97
42
-36
4
93
53
4
84
98
57
4
-46
-45
-31
-44
-27
-27
-43
14
68
83
68
101
61
16
76
51
35
7
-23
13
27
54
59
-4
2
23
0
50
41
2
38
66
101
34
28
119
75
14
-17
-11
3
0
0
58
107
43
54
94
40
21
19
27
19
-32
-43
-60
-51
-72
-101
-77
-53
-8
13
-18
-14
18
-27
-17
23
15
32
-27
-42
-83
-156
-97
-164
-180
-46
-24
4
6
-42
-10
13
-59
-42
8
-46
-18
-17
-65
-22
-19
-74
-95
-57
10
-10
-41
-5
-12
10
33
-46
-5
25
-43
-14
-7
-15
44
82
28
58
65
6
33
26
36
31
13
1
5
-9
-3
106
48
20
92
47
2
-32
-30
-22
14
20
-5
-16
36
130
71
74
116
154
148
61
70
32
-75
-86
-25
-55
0
75
-14
29
43
6
52
-6
106
168
37
108
52
-16
9
-53
-13
-33
-83
0
11
-46
0
19
31
-1
-57
-9
-78
-93
-60
-102
-105
-80
-57
-62
-81
-15
52
-41
14
73
-19
-22
-80
-36
0
-114
-50
-65
-73
10
-36
-27
-18
-30
-47
14
30
-83
-96
-71
-56
-42
-25
-30
-17
39
27
8
18
-25
23
45
-4
51
-22
-119
-80
-83
-136
-121
-94
-35
76
110
80
64
30
-37
-22
-22
-54
-71
-81
58
62
-10
65
23
-5
62
95
53
-15
-10
8
0
24
-7
-33
-7
-9
5
-2
27
3
5
108
90
124
140
88
88
81
4
-99
-40
-46
-66
38
29
33
68
107
160
28
-55
46
6
-58
19
30
15
-3
-75
-8
59
-32
5
66
24
51
46
-37
-45
14
-11
-27
-11
-21
-19
-46
-32
-84
-76
101
65
12
71
41
-13
-61
-70
-67
-107
-86
10
53
7
-30
-12
-49
-41
-27
-53
-18
-58
-6
45
11
54
41
6
-25
-10
-30
-37
-20
-49
17
16
-28
22
33
-18
-14
6
17
27
-43
-77
-20
78
81
56
97
75
58
76
63
-73
-109
0
4
21
-27
-46
15
-32
3
42
18
28
39
39
-7
-44
-37
-9
25
46
87
65
-1
19
-30
-27
-11
-74
9
27
-41
2
0
3
-24
-108
-46
-54
-100
-50
-37
-42
-9
30
47
45
7
7
11
-63
-53
-9
-58
-39
-64
-80
-7
-16
-1
-28
21
54
-26
7
50
43
-15
4
75
7
-58
-41
-83
-51
24
44
125
131
129
127
76
59
-2
-20
-9
-85
-73
-11
-24
-9
41
29
62
127
65
54
58
-36
-41
11
-2
9
25
49
116
41
9
65
22
13
12
-8
-10
27
30
-30
-24
-37
-37
-84
-88
36
17
18
86
111
129
98
6
-60
-46
-85
-123
-59
-69
-56
12
26
28
10
10
-42
-22
44
-19
-109
-96
-6
-60
-115
-37
-12
-48
-84
-26
-13
-28
3
21
79
49
16
-2
-52
-51
-110
-135
-106
-107
-69
-40
-55
-7
88
44
35
70
-16
-37
-22
-49
-39
-50
-47
11
47
21
31
55
-13
-70
-46
1
-33
-89
-67
-8
-16
25
97
71
67
-4
-30
10
-16
-80
-77
71
96
21
44
88
74
-20
-29
62
22
-64
16
95
65
59
46
22
-17
-8
23
-78
-23
121
124
154
145
72
79
55
-80
-105
-58
-19
12
29
108
143
93
72
75
14
-23
-39
-58
-86
-100
-6
27
46
63
80
128
58
15
-19
-62
-8
-40
-98
2
-6
-29
29
-32
-7
8
9
0
-30
9
-4
16
22
-31
-71
-46
-45
-33
-30
-26
45
28
45
102
57
-62
-116
-66
-73
-107
-72
-29
-12
-9
-3
56
91
27
-13
-15
-13
-105
-171
-79
-88
-127
-84
-2
54
45
43
16
-20
-31
29
-38
-78
-38
-131
-31
3
-34
25
-33
0
64
50
42
24
-3
-28
30
29
-34
-39
-28
68
75
-24
22
125
96
31
-31
-15
36
31
59
55
54
80
56
64
80
0
-47
-14
-22
-24
-34
-30
33
6
43
81
33
40
94
94
-18
10
22
8
9
-45
-61
-122
-29
0
-14
71
3
-20
16
10
18
-42
-61
-11
-48
-36
35
27
-13
-71
5
102
35
-9
-45
-79
-41
-21
-51
-21
-9
-34
73
92
37
69
-8
-59
-39
-44
-50
-30
2
-25
-33
-15
0
31
73
53
10
14
55
93
22
-28
-59
-59
-31
-30
-34
-30
-10
-61
60
99
-34
-71
-63
14
-3
-1
53
11
-32
-49
-2
6
27
87
48
19
9
-39
-18
-55
-137
-37
10
47
91
0
-11
-46
-34
53
29
28
56
93
34
3
40
-39
-11
19
-40
-53
-5
65
70
14
15
83
-20
-16
63
-36
-22
-14
-13
-7
-108
-73
2
37
139
66
18
88
-2
-1
-18
-108
-41
39
20
4
19
-43
8
28
-32
14
-15
-42
-38
-18
19
33
44
7
-7
51
76
26
-43
-36
-12
-23
6
-18
11
35
25
-5
-56
-30
-62
-58
-15
-5
-30
60
120
42
-20
-59
-17
-22
-24
-12
-42
-70
-47
19
32
8
-2
-32
-85
-76
-72
-69
-58
3
81
107
75
-31
-30
-11
-11
-83
-87
-8
-65
-23
0
-9
7
10
54
54
20
-33
30
87
10
-4
-29
21
42
-12
0
18
66
8
-16
-1
-31
56
113
55
55
35
14
21
-46
-33
22
42
73
33
15
62
36
-7
-61
0
84
-2
18
-2
-24
44
-17
0
69
21
25
61
19
39
-1
-50
22
16
-80
-73
29
19
-6
-23
-59
-15
27
76
39
-2
65
54
-23
-46
-26
-14
-29
13
44
-17
-61
-78
-60
-15
-26
-26
29
9
-19
61
47
-33
-36
36
61
-52
-51
-49
-46
0
-16
-23
-12
47
28
10
72
19
-22
-19
-63
18
10
-56
-58
-141
-34
30
-67
-26
-7
36
71
32
21
-63
-94
-15
0
27
-5
-26
77
44
-12
-1
23
-5
-70
-14
-30
-81
-43
-85
-44
24
34
67
11
8
29
-4
37
-12
-65
-63
-42
39
4
29
64
33
49
4
-16
-25
-19
12
-20
-15
8
-57
-55
13
25
20
16
78
85
7
54
17
14
39
-48
24
-27
-101
-39
-1
19
38
45
0
76
60
1
31
-10
0
22
-13
-2
-28
-21
74
27
-19
-15
8
40
-10
-46
-18
61
50
-24
13
9
-19
-11
-45
25
83
-49
-33
42
1
45
24
-13
7
50
73
19
72
54
3
-3
-106
-129
-99
-34
7
9
47
32
103
87
16
23
-28
51
37
-61
-18
-34
-47
-26
-17
47
28
-15
-23
16
54
-16
17
52
-8
16
32
-26
-30
-31
-19
-15
-96
-37
8
50
41
-74
34
81
23
-19
-74
-44
-51
-22
34
-1
-33
-33
27
45
-23
-14
35
-4
-18
3
-18
33
33
-35
-23
31
4
-61
-68
-48
1
-38
-26
-10
-43
49
36
12
17
-38
-13
-36
-89
-104
1
126
22
33
120
44
32
-21
-93
-41
-66
-48
2
-34
-18
-13
-17
-7
-17
-66
-60
51
66
19
0
3
47
32
34
70
42
24
2
35
-11
-59
-15
-50
-2
47
77
24
5
47
-51
-29
-44
-69
2
-11
0
-13
-21
33
32
53
84
55
89
68
-5
15
18
-26
-70
2
73
13
-3
-25
-72
-11
29
-12
-19
-48
16
62
-36
-42
-20
-12
-35
-26
69
86
26
-22
73
62
-11
23
-4
67
19
-19
53
-27
-23
39
-19
-119
-101
-52
-46
-24
-71
-96
-4
73
72
54
90
72
51
91
63
83
24
-42
14
5
-27
-72
-120
-118
-16
63
-4
1
42
-18
6
15
-34
-15
52
16
-32
24
24
38
13
-48
-8
60
61
-1
-22
37
34
9
21
-44
-16
57
2
-49
-66
0
21
-50
-43
-47
-16
-10
-50
-12
-18
0
31
52
91
79
85
53
-14
-26
-40
-45
19
0
-60
-24
0
17
-20
-54
-40
-80
-17
-10
-18
16
-97
-34
103
86
63
29
52
2
-9
86
18
-10
-36
-98
-49
-10
-43
-29
-41
-82
25
45
13
-25
-39
16
-21
-29
-64
-72
-58
-73
3
20
38
55
-19
43
99
3
22
21
-13
-52
-113
-68
-111
-117
-35
-17
-3
-15
15
6
-8
30
-20
-3
35
-2
-37
35
22
-91
12
57
75
77
-16
27
14
58
2
-128
-44
-38
-43
-48
-14
3
-66
9
39
10
32
13
12
27
39
25
10
66
23
45
137
85
25
-10
-34
-77
-80
-76
-75
-30
-38
-37
-7
37
60
44
22
25
29
-13
21
67
44
5
5
81
56
24
-51
-93
30
38
-14
-62
-21
-16
0
6
-23
42
-26
7
32
-30
22
20
2
19
9
-34
-52
0
37
-8
-52
-49
55
125
-40
-86
2
-13
-5
63
40
-93
-20
25
-12
24
-48
-51
-14
-43
6
-21
-96
-60
-26
-8
-1
-13
-9
8
38
69
42
69
113
81
56
19
-5
-48
-86
-100
-122
-50
-36
-25
10
-65
-7
12
-17
45
-13
41
80
8
62
14
0
60
19
33
46
9
0
-25
17
-1
-57
-15
-49
-49
-7
-38
-21
-18
-32
20
21
-37
-26
44
5
-14
41
57
31
6
39
46
43
56
30
13
-48
-33
57
-56
-110
-38
-34
-2
-6
-4
14
-47
-4
22
8
25
-70
-54
12
31
28
6
36
84
83
17
33
41
0
-73
-41
23
-51
-23
-50
-81
-15
-23
-14
-47
-101
7
12
-45
-8
-16
7
4
57
62
48
83
-47
-12
84
43
76
19
-22
-24
-63
-52
-57
-108
-93
3
-11
2
8
-27
-2
-19
15
76
50
24
41
37
-1
21
59
45
7
-2
14
-25
6
33
-55
-18
39
-15
-4
48
21
-11
-14
-28
-29
-40
-18
-62
-68
18
1
48
98
44
28
53
31
81
95
-19
18
60
-16
9
-29
-52
47
-20
-105
-62
-35
-14
-36
-64
-23
11
44
57
53
40
26
38
66
40
20
80
35
23
33
-34
3
0
-36
-2
-17
-21
51
5
-67
26
-1
-97
0
-2
-49
-26
-34
-16
24
63
79
72
28
31
44
96
87
10
64
22
11
56
-56
-59
-23
-95
-112
-68
-48
-103
-89
-15
-20
7
60
39
70
83
37
81
98
73
81
130
58
-63
-2
13
-5
-64
-149
-93
-82
-122
-141
-94
-33
-18
57
54
69
108
67
95
65
1
9
31
36
20
-22
-69
-25
-13
-30
-20
-57
-61
-63
-46
9
-32
-34
27
37
44
43
48
2
-39
-39
0
31
-28
-59
-17
41
-2
-12
-17
-10
56
21
22
-10
4
34
-4
25
-15
-24
-28
-75
-20
38
-33
-87
14
20
32
53
-37
25
86
37
20
2
-35
-59
-5
41
-48
-55
23
31
14
-6
45
18
-7
45
87
29
-49
-2
-12
-14
-5
-35
-29
-85
-86
-45
-68
-2
7
19
112
106
55
90
132
69
28
-16
-78
-11
6
-33
-50
-105
-68
12
2
-90
-102
-72
-88
-39
-9
-28
41
123
77
109
127
115
101
68
69
6
44
-13
-78
-83
-193
-183
-166
-140
-97
-95
32
26
8
103
42
87
114
51
59
61
83
44
10
66
19
-42
-15
-33
-45
-55
-91
-53
-59
-103
-92
-91
-22
-53
-75
53
86
81
94
23
34
125
122
56
41
86
52
27
-41
-102
-43
-62
-79
-118
-118
-78
-132
-87
-58
-24
44
20
50
83
138
169
107
120
117
87
62
-15
-29
-74
-132
-100
-95
-118
-142
-74
-52
-58
-58
-96
10
63
18
40
121
173
133
160
175
69
45
34
-35
-64
-101
-154
-100
-85
-203
-145
-70
-49
21
-64
-31
112
55
51
112
101
67
59
84
156
121
5
52
-17
-78
-35
-143
-117
-127
-150
-25
-67
-81
-46
-8
-10
18
107
56
91
122
56
64
61
55
83
11
-64
-13
15
-50
-49
-79
-128
-6
-36
-109
-1
-20
-7
59
54
50
2
0
-6
-22
23
37
-14
12
58
25
63
44
-33
36
35
-73
-61
-79
-80
-32
-57
-16
51
14
39
63
13
6
-27
13
-3
-8
46
22
42
-22
-5
77
-53
-56
-2
-78
-40
-23
2
21
0
10
-23
52
112
46
20
20
-14
-18
-43
-26
62
-57
-97
8
37
71
-25
-94
-33
-11
-11
3
7
-42
11
76
69
40
34
58
-2
-15
0
20
1
-57
-36
-14
-10
4
-50
-37
12
-59
-26
-22
-14
-22
-26
108
22
-55
33
67
58
25
32
15
41
51
-18
-11
-64
-129
-16
93
21
-73
-94
-45
-17
-55
-59
-73
-76
48
116
89
75
55
45
63
90
-19
-14
61
-10
-40
-37
13
2
-77
-134
-129
-71
-34
-8
-60
-31
30
29
52
76
73
65
75
88
88
72
14
-19
-33
-68
-9
-37
-101
-61
-75
-111
-52
7
-51
-26
71
49
22
11
55
46
27
81
-3
37
93
43
62
-15
-30
-14
-49
-49
-114
-75
-22
-44
-26
-17
-4
-11
-4
-43
20
105
14
8
53
80
86
52
44
36
32
19
-8
-33
-96
-113
-19
-52
-102
18
18
-86
-49
17
-4
-9
33
55
35
91
102
32
11
3
48
-8
-15
46
38
9
-24
-14
-27
-93
-137
-46
-23
-98
-69
-19
26
51
-19
-18
87
105
81
47
52
86
43
8
29
21
-3
-36
-68
-39
-56
-77
-53
-83
-82
-17
-10
-22
-25
-19
21
-9
40
114
65
42
62
71
79
45
-5
-48
-5
56
-28
-44
-57
-89
-59
-96
-104
-58
-24
7
-2
50
45
26
97
3
15
48
54
62
-24
45
29
-22
-28
-60
-13
-17
-2
-36
-80
6
5
-28
-40
-62
-11
22
14
6
0
28
78
33
-13
95
67
-53
-40
-4
-2
-33
-19
-20
-5
20
-33
-72
-88
-35
11
17
37
6
64
25
-51
43
40
-15
-8
53
40
-3
38
-17
-50
-50
-45
-27
-96
-64
-44
-24
46
13
22
96
85
-34
0
73
19
-16
-63
26
2
12
84
-44
32
28
-54
-59
-155
-78
-28
-79
1
35
53
13
-29
85
62
36
86
67
49
8
-18
-50
-17
40
-81
-63
67
29
-19
-74
-107
-46
5
-45
-49
-11
-4
9
26
48
76
77
68
68
9
32
52
33
-12
-62
-3
-34
-56
2
-14
-91
-93
-56
-68
3
49
-21
-24
31
47
56
64
15
-16
71
89
41
6
17
23
-17
24
-17
-59
-7
-11
-80
-135
-92
-38
2
0
-30
19
36
22
41
63
30
47
70
21
48
22
19
33
5
-23
-47
3
-38
-93
-65
-78
-50
-36
-59
65
47
-24
56
46
5
45
85
0
11
28
-14
46
-17
-28
-10
-74
8
21
-13
-5
-19
-22
-10
14
-15
-7
0
-33
-31
7
-5
-12
50
52
52
27
10
21
-30
-33
-5
-37
-24
14
33
31
-13
-10
-14
2
-15
-49
-19
-2
19
-11
-30
0
-10
1
14
6
47
33
66
53
-6
8
-35
-22
-17
-57
-65
-27
-18
-21
-6
11
45
20
81
0
-118
33
49
-23
-26
-35
54
108
46
-12
-9
44
2
-74
-53
-43
-75
-94
-45
15
59
37
-7
26
45
56
68
38
16
39
33
8
-35
-104
-65
-23
-51
-28
6
-15
4
40
24
6
-7
29
49
12
-7
14
-3
-38
-38
-22
11
15
46
98
69
16
13
-32
-39
-61
-107
-20
-17
-19
-11
-16
21
0
4
17
47
69
44
40
0
-26
51
51
6
23
-28
-60
-54
-34
-35
-34
4
-17
14
10
3
23
-26
11
13
-28
23
56
47
34
3
1
11
42
24
-52
-47
-14
0
-16
-1
41
8
-63
-70
29
50
-58
-22
-9
-15
68
50
47
27
41
23
-28
-13
-51
13
30
-51
14
22
-39
26
-5
-64
-11
2
23
6
-21
15
29
25
-3
-23
30
77
13
-38
-43
-23
21
5
5
-9
-27
-8
42
19
-77
-38
0
32
68
2
-17
32
25
-51
-18
46
-2
2
21
23
21
-58
-40
3
-21
14
-25
-29
70
23
-53
-26
-9
42
33
-80
-7
88
18
0
22
30
48
-27
-50
0
0
27
1
-39
13
-17
-76
-15
-10
-29
-10
-13
4
52
79
26
10
47
52
-4
-56
-26
16
23
16
24
9
-38
-50
-50
-52
-52
-22
18
71
45
-46
-10
-5
16
45
29
50
0
12
10
6
23
-5
43
0
-21
-17
-85
-35
22
-25
-39
0
3
-30
8
-11
-37
27
42
47
6
23
96
11
39
118
-8
-29
-38
-67
-41
-72
-53
63
35
-96
-26
-22
-35
10
24
44
18
73
26
-26
57
7
-10
-3
-35
54
43
33
47
-17
22
-22
-35
-28
-121
-107
-52
16
71
45
-2
-68
-49
46
42
22
64
129
99
37
35
-75
-74
-30
-68
2
12
-15
16
3
-39
-59
-66
-32
19
39
53
63
17
-9
43
7
-46
2
24
-23
-14
45
-6
-31
-32
18
63
-1
47
22
-23
-23
-40
-14
-48
-64
3
49
-20
0
16
-24
9
-25
20
17
-7
52
53
119
72
-47
-21
-31
-75
-71
-24
2
-38
-23
14
23
21
-32
-10
16
-2
-5
37
61
7
-10
2
10
7
7
-25
-21
-5
-5
29
19
14
-28
-42
-25
-31
5
39
13
-44
-27
-19
-35
17
45
9
29
37
44
43
19
19
-13
-53
-49
-29
-4
-28
-31
-3
-22
0
24
12
10
-57
-51
61
51
48
47
37
29
-89
-37
50
-20
-11
-10
-13
25
-25
-6
-19
-95
-28
29
0
46
83
42
30
-25
0
-44
-57
42
-2
25
19
0
28
-33
-17
-15
-28
47
46
8
-34
-43
-42
-73
-26
20
69
86
62
-13
-13
28
-76
-37
-2
28
77
41
6
-61
-21
1
-55
-68
-43
-2
28
12
-7
34
-14
6
26
-32
49
8
-25
73
21
2
14
-13
-49
-48
60
-15
-101
-2
-13
-76
-32
-3
24
34
34
21
30
42
-60
39
59
-50
23
66
11
-42
-18
13
1
-55
-13
27
-17
-36
-54
-31
35
34
14
-20
-65
13
29
41
121
47
23
76
52
15
-78
-72
1
-42
-62
-46
23
18
-67
-28
35
49
52
16
-24
-13
39
57
38
13
-40
-11
9
-6
-12
-49
-6
60
18
-10
-11
-60
-7
28
-72
-101
11
73
26
-25
-16
66
80
38
-30
-33
-23
-83
-66
-8
55
7
-17
55
20
-67
-59
-4
-17
-31
20
21
43
95
12
4
-44
-62
0
-73
-46
-25
-7
87
79
8
21
39
-27
-64
-85
-65
44
74
53
44
22
17
-12
-60
-17
-33
-6
51
-29
18
0
53
97
-31
-21
-9
-22
0
53
-20
-55
46
8
11
-15
-65
19
-26
11
76
22
83
19
-34
13
-37
-14
31
2
-30
-48
-5
6
-64
-5
32
-36
12
51
23
-27
-14
1
-21
19
-37
-27
42
30
24
7
33
18
-19
-39
-55
-44
-87
-84
-41
48
78
60
49
-39
13
40
-23
-34
-86
-56
67
86
26
-56
-58
14
6
2
4
-10
44
48
7
21
-25
-53
-1
29
-51
-58
33
-9
10
33
24
38
-8
5
65
39
-42
-27
11
22
11
2
44
40
-10
-38
-15
-16
-14
29
-27
-20
83
86
49
-19
-68
-33
-52
-41
-24
-53
16
86
105
73
20
-29
-50
47
51
-24
-51
-44
12
4
-13
-27
-32
-59
-35
37
1
-7
-34
-61
8
29
2
37
36
6
44
27
24
63
-9
-55
-24
-91
-51
-1
-63
-19
-42
-34
49
3
-7
57
33
-17
-2
33
17
-50
8
25
7
42
-3
-7
6
66
19
-37
13
-44
-8
-33
-101
29
51
-22
-19
-4
-40
-3
51
47
77
28
11
84
93
-10
-51
-4
1
11
-17
-64
-64
-1
-29
-33
13
-28
30
14
-23
41
19
45
87
43
5
-12
-22
-30
46
5
-98
2
35
-17
-19
-22
-39
-19
5
-16
-22
-4
17
38
43
-22
-50
-26
-25
12
32
30
39
56
16
-24
-18
5
16
-39
-48
-2
-67
-74
-25
-64
29
34
30
81
15
6
-41
-54
-20
-3
94
106
55
28
-1
-22
-30
-5
-61
-47
26
-14
1
14
-91
-106
-6
-20
5
90
43
23
72
97
43
-13
0
37
64
6
-27
8
-16
-58
-53
-65
-24
-16
-55
3
17
0
10
-3
12
41
13
63
96
44
38
19
40
-2
-69
-54
-80
-42
20
-41
-14
19
-22
34
-9
-76
-24
14
-7
10
42
7
36
44
-12
-9
21
68
50
-35
-15
-92
-110
7
-42
-47
1
40
34
-13
33
25
-39
2
14
-40
-17
22
39
-17
-21
10
-23
14
21
9
3
-6
-13
15
23
-13
30
3
-13
32
-32
-36
23
-30
-52
-40
-33
66
6
6
88
10
39
24
34
38
-12
-39
-66
8
8
19
57
17
-27
-30
-54
-32
41
-51
-46
22
11
76
14
-34
69
35
-3
19
-3
-27
4
39
-8
-44
-63
-4
4
-50
-10
27
43
-2
15
6
-39
-22
-55
29
24
-16
42
-13
-31
-14
-22
-10
18
45
14
-4
17
10
-23
-37
-77
-53
64
68
-42
-30
14
-14
8
-15
-25
-49
-50
47
7
41
83
19
4
-5
11
-11
-6
22
-27
-14
-4
-46
-4
-3
-39
-40
-13
15
13
4
22
41
13
77
77
7
39
5
-44
-92
-58
9
-68
-30
38
10
24
15
52
41
-30
18
14
-11
22
-36
-25
-11
-11
8
-62
0
64
22
45
38
-13
-8
7
-3
-30
-26
11
-9
-51
-122
-91
58
88
20
-10
57
112
68
5
-16
-48
-68
-69
-33
22
-8
-45
-12
65
25
-49
-60
-48
-9
52
72
31
25
-28
0
28
-51
0
41
35
-49
-79
8
-15
-5
30
11
14
42
-9
-16
-7
-96
-55
-14
15
16
-29
43
65
87
43
-17
-4
-44
-1
-33
1
65
-13
33
25
-48
-73
-56
-10
-17
5
43
-43
-42
21
-5
27
27
42
45
2
33
41
1
5
34
-11
-46
-82
6
34
-49
-29
-35
11
-24
-50
-48
27
86
5
33
21
-14
4
0
11
-5
-4
88
60
-11
-5
-33
-10
3
-70
-109
-95
-9
85
-11
-60
52
103
74
24
-27
-95
-16
11
-72
13
72
61
58
9
0
-31
-97
-51
9
-20
-15
34
38
42
-14
-75
-26
-15
1
37
17
-2
6
-1
-48
8
55
41
16
-34
2
11
-8
0
-23
-8
-5
-83
-27
7
-7
55
-1
1
10
4
23
-18
25
70
8
-21
-7
-58
-38
3
0
15
7
12
7
-23
-15
37
36
0
-32
-53
1
18
-56
-7
46
53
35
4
6
-37
22
73
52
16
-25
-58
-57
-40
-51
-43
-4
43
59
2
-50
12
4
-12
37
3
16
61
28
11
33
45
60
11
-75
-62
-43
-57
-41
-20
-28
-35
2
-14
-89
18
52
-11
65
9
-4
104
99
34
19
-3
-39
15
36
-38
-107
-21
11
-81
-11
-45
-60
8
-88
-45
54
42
29
31
37
16
-29
0
65
41
48
88
44
26
15
-28
-56
-48
0
-36
-73
-117
-43
3
-138
-20
19
16
123
44
28
8
11
98
79
28
3
15
42
38
29
-8
-16
-25
-46
-91
-119
-56
-18
23
19
-28
-95
-74
36
1
-3
72
104
93
45
34
-12
40
102
69
90
1
-43
-58
-106
-136
-129
-48
-79
-46
14
-19
-58
-68
50
107
50
54
19
45
157
74
-14
-7
44
33
-78
-69
-33
11
43
-59
-78
-18
-29
-36
-67
-71
-53
-62
12
60
11
15
29
90
148
84
63
36
15
11
-42
2
32
-38
-38
-29
-75
-71
-60
-63
-83
-74
5
22
42
40
41
31
32
76
80
111
60
-7
0
3
-20
0
13
-41
-3
-30
-93
-95
-68
13
-42
-29
0
-50
-6
-32
20
99
45
105
123
59
70
19
16
13
-33
-64
-94
-50
-67
-68
-7
0
-25
-79
-12
25
-12
15
-14
0
40
32
50
45
47
57
12
28
79
3
-37
-7
-78
-20
1
-123
-24
-19
-72
-23
-30
-18
45
81
-93
-133
44
89
96
124
114
94
47
33
0
-28
-10
-30
-59
-137
-118
-87
-76
-59
-42
49
62
37
28
54
48
9
45
66
49
47
67
26
-10
0
-8
-17
-19
-12
-85
-132
-100
-73
5
18
-18
-29
-22
71
61
26
22
23
94
4
66
171
-18
-13
4
-48
3
-36
-81
-116
-56
-34
-56
-22
-49
18
-11
-54
20
-19
22
77
76
143
65
30
81
34
47
-47
-142
33
-5
-76
-87
-101
74
-28
-91
-61
-126
-48
-14
24
96
87
87
127
80
78
76
-41
-53
52
63
-26
-35
19
-60
-154
-170
-140
-40
14
14
0
25
75
115
66
5
28
38
27
18
81
63
-51
-50
-63
-38
54
6
-29
-29
-88
-67
-24
-68
-27
19
-16
34
54
17
22
52
86
42
23
68
6
-69
-47
-78
-50
18
-27
3
-10
-33
26
-6
-18
-29
-69
-71
6
57
46
47
38
59
26
-40
-10
39
37
-17
-40
-34
-5
6
-78
-22
-9
-56
23
-46
-42
29
12
49
33
35
45
-10
8
-10
-39
15
45
67
38
-12
12
29
-80
-135
-74
-81
-31
24
-19
-32
-2
-1
72
124
43
23
66
59
32
-6
-5
66
51
-53
-144
-131
-47
-8
-24
-81
-55
-57
-55
41
47
41
49
62
59
30
123
102
42
30
-72
-16
-44
-78
-16
-46
-43
-87
-41
6
-54
-6
-40
-87
-28
0
71
73
68
88
45
23
15
56
60
-15
-8
-8
-86
5
29
-58
-34
-71
-79
-41
-57
-7
-8
-19
33
18
-8
-11
63
64
9
53
62
25
0
104
128
-36
-62
-87
-94
-72
-42
36
-12
-16
-27
-65
-42
-29
24
2
-22
12
-20
72
151
71
41
48
47
-12
-58
-21
-11
3
12
-26
-13
-77
-107
-52
-5
-8
-82
-29
42
30
39
48
-8
15
102
48
20
90
31
-10
1
-30
-7
-96
-100
0
-13
-21
-52
0
40
16
25
-33
-50
5
6
0
56
22
-27
18
41
52
20
1
-6
-5
51
2
-52
-29
20
7
-51
-19
6
-2
-48
-80
19
28
-41
10
21
4
68
46
-6
30
-24
-33
10
4
107
58
-7
33
-42
-42
17
-6
-41
-54
-78
-53
-45
-28
17
12
62
55
-8
14
61
12
13
73
16
1
26
18
-2
-39
-68
-25
35
9
14
-4
-74
-30
-1
-65
-56
-76
-73
63
77
99
106
56
92
2
-33
16
33
53
17
20
-5
-55
-113
-168
-39
5
-34
33
-30
-37
15
11
70
49
2
52
92
65
15
-25
37
74
10
-5
-20
-42
-37
-41
-56
-17
-9
-33
-70
-59
-18
-37
31
97
46
13
26
46
73
61
29
28
-34
-52
43
37
6
-8
-54
-86
-54
34
-17
-49
-51
-22
39
-37
-39
13
65
85
72
51
4
-36
-48
34
80
56
-31
-74
6
34
13
-3
-51
-53
-22
-34
-30
-9
-39
-22
4
-2
86
110
83
78
21
3
-41
-29
-26
-68
10
33
-19
-31
-29
-17
-12
-15
-23
15
72
-22
-27
32
67
82
12
49
9
-14
-17
-55
-8
-22
-10
24
-15
-27
0
-44
-58
9
34
22
72
27
-74
-27
27
61
19
7
20
22
39
-37
-19
-12
-25
-15
0
12
3
22
-61
-33
54
-47
-93
0
58
18
23
15
14
56
18
35
43
-30
-68
-46
11
19
63
33
-97
-41
-8
-12
0
-65
-32
-13
59
125
21
42
13
-32
24
-14
-1
-15
-21
63
-12
-33
43
-23
-41
-66
-71
8
14
92
103
-48
-72
-56
-11
59
39
40
43
37
13
-15
-8
25
36
23
24
-20
-49
-64
-60
-42
-75
-57
38
27
-70
32
115
33
37
-21
28
90
-12
60
26
-26
-29
-19
91
11
-85
-97
-37
15
0
-38
-37
-24
-55
21
39
-8
17
67
68
21
6
43
12
-19
36
31
-3
-43
-77
33
22
-101
-23
-2
-38
9
-19
3
39
34
62
23
11
10
-20
15
-35
-63
37
50
-13
-15
13
24
16
-30
-24
14
37
-31
-104
39
68
-13
10
15
4
3
-11
-96
-22
29
27
146
58
34
25
-57
7
-68
-130
-38
19
29
28
3
-49
-14
42
63
0
-45
53
22
-30
-25
37
111
12
-13
-57
-45
71
30
-16
-95
-80
57
31
-23
-19
3
19
-13
-13
-19
-25
26
56
60
34
0
0
-15
41
77
-16
-83
-55
-8
-6
11
-37
-28
-1
-16
39
20
35
-13
-3
20
-49
23
-14
16
86
-5
9
16
-14
-19
-10
8
22
10
32
1
-92
-47
0
-71
-87
1
49
23
-12
60
117
84
62
43
14
-44
-33
-39
-43
-28
-56
-21
29
-10
-29
-25
-62
1
51
-8
-54
36
109
82
13
-43
19
16
26
28
-36
-6
-16
30
41
-28
-38
-99
-76
21
-11
-10
30
35
24
-16
-13
-1
15
-13
15
37
4
58
5
-29
49
46
19
-10
-84
-72
4
32
25
7
1
-54
-99
-9
51
-39
-23
53
-3
-14
17
30
13
27
94
75
-6
-26
3
-38
-48
-15
0
-41
-8
78
-39
-115
-71
14
49
1
-62
-45
75
59
77
123
39
-26
-38
0
0
40
39
-73
-107
-69
10
-27
-76
1
-13
-32
4
9
99
128
81
35
-68
-43
-62
-88
50
136
85
-23
-12
0
-50
-35
-59
-58
-51
-34
3
-69
32
86
-18
59
-5
-49
32
38
92
25
18
119
24
-14
-16
-20
2
-73
-137
-119
-58
-18
30
-16
-70
13
50
16
42
84
80
47
7
48
79
-14
-37
32
13
-49
-98
-64
-19
-76
-42
27
14
-22
-48
-62
0
85
26
-9
87
43
-18
54
-5
-32
42
54
42
-40
-20
8
-57
-38
-47
-37
-60
-38
23
-43
12
26
17
51
27
70
-30
-89
-28
6
61
36
49
44
21
46
-8
-50
-75
-113
-30
-7
-58
-15
0
21
26
33
8
-2
37
34
28
6
31
-2
-4
74
3
-98
-107
-78
-87
49
89
-8
92
10
-74
-23
23
50
-37
4
27
-62
14
62
-22
-13
11
35
60
-37
-112
-40
10
17
32
-9
-21
-22
-44
-2
27
10
37
22
-21
22
50
39
5
-71
-19
61
-9
-48
0
-23
-47
-15
-61
-68
-24
30
123
21
-30
39
20
40
-4
-5
1
5
43
-26
24
18
-78
11
-44
-87
38
-21
-51
-46
-55
11
53
81
29
-53
-8
78
84
35
-32
-36
5
-27
-7
56
25
40
20
-41
-25
-90
-83
-66
-109
-51
18
56
45
35
25
29
51
53
95
46
-25
22
-6
-12
-61
-55
35
-21
-22
-40
-46
-55
-2
56
3
-18
-49
14
-28
-41
72
59
1
-53
49
85
20
79
27
6
19
-41
-49
-99
-66
24
-19
-53
-41
14
60
8
8
27
27
22
-47
-37
37
43
13
-7
-39
-5
34
-45
-27
-54
-26
82
31
94
112
-3
-17
-71
-90
-47
-64
38
66
-48
-63
-24
-5
46
61
33
-31
-42
61
40
-23
-8
48
50
-10
-28
13
-24
-79
-18
8
25
19
-26
-41
-72
-8
81
-18
22
110
1
63
58
-68
-41
-16
-30
-43
-38
-26
-21
-10
5
-2
51
39
-39
10
14
36
67
34
7
-24
34
62
1
-68
-58
-5
-17
-84
-52
22
1
-35
-65
-12
-5
-3
44
31
95
84
69
29
-42
33
4
-15
-26
12
45
-8
15
-81
-124
-26
1
-69
-94
-21
23
77
24
-9
74
11
-10
30
53
54
-46
-53
7
42
30
14
55
46
-28
-31
45
-15
-96
-72
-83
-40
14
-24
-59
-57
-3
58
56
34
48
77
23
26
101
-16
-60
65
-24
-26
33
-84
-53
-29
-28
-12
-62
11
33
15
36
5
-4
27
17
-62
-48
32
59
10
-53
34
120
25
-96
-57
-49
-70
15
31
44
57
-10
-27
0
-18
-7
-24
-21
81
33
11
52
4
25
2
-6
-46
-52
3
-123
-93
21
3
-1
-18
8
16
-8
27
60
32
78
25
-9
71
-10
4
31
-27
4
-6
-17
-39
-105
-56
-5
-25
13
-8
-39
-15
-61
-27
18
22
87
71
-8
8
62
79
59
14
27
12
-3
12
-59
-73
-78
-75
-75
-107
4
16
-1
4
-70
-17
46
117
113
56
88
