-85
-17
50
-13
-67
0
32
1
1
-6
-13
33
8
-50
-50
-23
-20
-32
-16
26
-13
-82
-32
61
87
48
-2
-80
-88
-54
-30
30
3
-70
-16
12
13
19
8
-8
-58
-35
0
-19
-34
-15
-43
-20
26
-25
66
64
-100
-23
17
-18
48
-1
41
50
1
-4
-41
15
-9
-22
3
18
30
-16
10
56
15
-45
-12
54
-32
-72
-17
-38
-5
30
56
83
49
37
4
-26
-9
6
-46
-56
14
-21
-4
3
-50
22
12
-32
34
-10
-49
27
-41
-31
41
-7
12
42
69
46
84
73
-39
-91
-116
-37
-9
-51
-65
-26
38
44
61
59
4
50
84
49
16
-109
-98
-16
59
64
4
61
26
-3
10
-13
-46
-60
-52
-71
-119
-111
-33
-66
-14
19
-46
36
-18
-87
-20
-35
-42
-47
-105
-54
-9
-47
-13
30
7
-15
19
-55
-115
-79
-104
-102
-14
37
34
20
10
32
-1
-38
-74
17
59
-46
-35
-53
-14
32
-2
-10
22
74
18
13
9
-36
-20
-9
-20
-66
-69
-43
-12
-6
-37
-2
46
78
71
2
49
122
139
118
56
87
96
48
68
68
21
-15
42
95
30
-3
-40
-11
31
-32
21
-12
-56
61
49
62
101
91
69
14
41
23
42
92
0
22
23
-27
61
36
-6
32
-2
-55
-69
19
70
0
-7
-6
-4
0
-31
-29
-35
-52
-54
-28
75
81
24
78
115
91
36
-6
-31
-82
-65
-72
-128
-110
-116
-46
-59
-103
12
-56
-51
18
-36
-23
-55
-95
-37
73
76
11
42
-20
-56
17
41
66
-10
-54
-41
-44
-56
-125
-100
-71
-101
-116
-70
-63
-122
-78
-108
-141
-55
-65
-49
-76
-139
-82
-56
-99
-104
-56
-82
-70
-80
-47
-5
-8
74
0
-85
-23
-18
-36
-66
-86
-57
-91
-22
62
12
-1
5
40
-4
-43
41
96
93
54
55
4
-10
33
14
4
13
-18
-31
5
28
120
189
129
39
49
47
-35
-45
2
33
-14
-10
61
101
123
125
148
116
95
85
37
64
53
49
88
64
65
12
-21
50
45
-49
-66
-44
-2
-10
-72
-40
33
84
-1
-2
79
68
70
20
5
26
6
36
56
72
102
68
-11
-41
19
-5
0
53
11
-36
-26
32
20
-19
33
93
14
65
147
88
93
129
93
100
106
-6
47
82
71
56
-10
44
8
-28
37
96
50
-110
-91
-28
-48
-69
-71
19
10
-17
-33
-22
20
-78
-45
-4
-60
-50
-52
55
48
-16
9
-45
-29
-18
31
35
-58
-78
-110
-86
-35
2
-9
-50
-20
42
-47
-125
-68
-27
-19
-76
-16
20
27
4
-38
35
17
-58
-55
13
10
-14
-88
-120
-62
-132
-134
-123
-92
-14
42
90
-19
-12
29
42
145
150
88
78
105
78
52
-4
-58
-31
-27
-57
-82
-14
-7
-82
-28
-8
-7
-47
-76
-55
-100
-39
-69
-74
-1
-20
37
20
-79
-67
14
-13
-38
23
47
69
64
15
-51
-45
24
14
-12
-41
-17
-12
-159
-145
-93
-111
-47
1
58
25
46
125
94
77
14
45
79
22
82
72
48
32
-16
-1
-35
-21
-22
-60
-14
-34
-14
38
9
-67
-94
4
12
32
120
135
136
142
80
-5
12
90
90
67
55
-28
-24
13
-22
-47
-26
-15
-18
-4
-9
56
9
-95
-74
-71
-28
-17
-10
39
70
74
46
29
-15
-32
-43
-21
13
27
37
-84
-64
12
-56
2
15
-17
-18
-84
-88
-70
-19
13
-2
30
42
35
50
-19
-64
4
-4
21
46
46
99
-11
-63
-23
-30
2
17
-3
-14
-45
-3
69
42
86
96
57
77
75
68
62
65
-16
-75
-32
-26
72
50
-32
46
-22
-98
-83
1
28
-33
-11
-53
3
19
-39
30
-12
-34
50
0
-89
-73
-58
-7
-29
-63
-16
-55
-69
-111
-121
-36
-11
-11
-13
-18
11
20
0
42
65
-30
-69
-25
-41
-53
-86
-55
-1
-30
-42
-31
32
2
-22
12
-62
-45
39
41
27
5
45
58
0
51
68
-67
-80
-13
-48
-53
-23
-20
-52
-21
-36
-31
37
-12
20
10
-30
-68
-51
-13
-61
14
37
41
46
-9
-75
-40
29
-18
21
22
5
18
-39
15
21
3
30
-26
-51
-19
51
78
34
-7
-9
-38
-20
51
57
90
61
32
23
-10
49
44
-29
-18
10
-18
-24
-15
-49
-48
-36
-70
19
59
-45
3
48
62
50
-36
6
25
-58
-64
-15
14
46
62
59
46
-30
-77
50
135
39
-24
37
66
-3
-22
14
-9
-68
-86
-23
14
-48
-32
6
1
2
43
23
-10
25
42
97
86
55
41
78
67
-13
27
14
-34
-46
4
12
4
20
24
70
-56
-173
-93
2
44
53
-30
-74
14
40
-37
-24
21
11
3
-40
8
-16
-63
19
-45
-28
5
-80
-56
-122
-68
-7
-103
-12
71
70
61
22
5
-8
-5
-10
11
39
59
132
82
35
97
99
97
44
-63
-53
-43
-46
-15
-22
-12
-13
58
145
93
75
51
54
100
78
43
72
62
-15
-11
22
96
65
25
81
53
47
-29
-86
-66
-61
24
0
-46
-20
-26
18
43
-10
-43
9
-8
-12
-5
-101
-40
-23
-1
91
13
-37
-21
2
39
-27
-81
8
16
-45
-43
-23
-47
-40
-28
-35
-19
-50
-58
-72
-79
22
32
-11
31
27
-25
-82
-76
-61
-32
29
-29
-43
-28
-58
40
-6
-94
-29
-52
-48
-12
-26
0
59
-9
-78
11
34
2
36
-40
-124
-22
44
77
48
-30
-3
-8
2
40
14
4
-74
-124
-35
74
75
-20
6
11
-28
-3
42
54
21
42
38
7
-6
-11
8
30
-44
-86
-15
-41
-2
54
40
48
-4
-4
2
47
60
-31
-19
23
54
46
-66
-30
43
15
-20
-44
32
-41
-82
41
49
45
0
-82
-26
63
-14
-51
81
38
-18
47
37
36
4
-5
70
84
48
19
-7
23
44
-8
-10
5
-15
23
0
-42
15
-20
-31
35
10
52
47
22
79
5
-95
-98
-14
20
-1
-11
-49
-70
-97
-94
-32
-7
-34
-26
-5
0
-19
-105
-74
-48
-101
-103
-71
42
36
4
-30
-38
53
66
139
93
-19
-14
-1
-61
-66
47
-9
-26
39
-48
-110
-122
-63
19
-11
-57
-61
-55
-26
0
13
-19
44
138
17
15
46
77
134
36
28
34
38
12
-37
36
6
-22
-7
-15
0
-12
14
6
9
7
-13
42
35
44
92
17
19
60
42
49
39
76
63
68
22
-110
-90
-73
-68
-16
77
61
-49
-43
-64
-2
120
89
53
99
136
100
9
28
86
-16
-49
-23
-29
3
-13
16
80
83
49
-15
0
48
7
-36
-46
1
11
-33
7
-21
-76
-43
-37
-1
21
39
56
15
-7
-59
-31
-3
-104
-54
5
2
12
20
34
-42
-92
-31
23
13
59
66
51
73
8
-17
22
-28
-46
-6
-35
-6
-14
-66
-43
-100
-131
-47
-39
-44
-28
-38
-57
-85
-77
-73
-39
-41
-90
-56
-27
-16
5
-26
-36
-10
-44
-33
2
-1
-58
-18
43
-3
-37
-75
-35
-38
10
54
9
46
50
62
-2
-7
35
-16
28
18
-40
-21
8
15
42
39
18
36
34
5
-49
-16
47
87
66
0
1
20
11
8
25
-4
-5
1
29
64
14
-6
10
-31
-16
37
-64
-44
35
18
55
0
-42
-15
-48
-53
8
40
37
68
8
-104
-22
55
52
63
43
85
83
2
25
-2
-65
30
46
20
63
28
7
-13
-90
-43
-45
-71
20
31
24
12
-14
20
16
-37
17
100
40
12
47
-23
-25
0
12
-8
-98
-74
-47
51
101
-36
-54
-76
-79
-32
-32
0
-8
18
43
-6
-23
-31
-30
-2
-16
2
-34
-44
-3
-43
-32
-21
-1
-45
-61
12
-9
28
57
-4
-70
-69
-30
-51
34
37
26
122
66
74
54
6
25
-20
-32
35
87
30
-26
20
26
-10
-1
16
27
-52
-28
40
-26
-17
9
-34
-69
-103
-46
19
1
7
40
68
61
33
-10
-42
-39
-81
-16
75
47
81
39
-21
33
19
12
35
20
5
-9
6
56
17
-11
29
-20
47
67
-54
-33
-23
-19
1
-34
9
56
37
-9
-21
-21
-41
-24
-41
8
42
-16
-41
8
114
41
-44
-53
-120
-63
29
-96
-94
39
-14
39
23
-60
5
-36
-37
2
12
-14
-103
-26
77
50
50
-55
-108
32
-20
-72
-18
-32
11
-54
-101
44
48
-24
-39
-25
6
-18
13
20
-32
22
58
-4
5
-1
-52
-40
10
50
24
9
-22
-43
6
-3
-43
-59
-12
65
52
-28
-97
-30
25
11
26
20
31
40
-27
-93
4
62
25
20
20
39
37
102
91
74
107
24
-16
-9
59
75
82
89
68
81
16
-14
13
38
8
-6
-2
33
58
-34
-46
-19
29
43
-13
-9
2
23
30
92
60
-2
8
-23
-10
32
-5
-76
-26
48
43
-4
-37
-12
49
14
-39
10
41
55
38
-24
-15
-45
-89
-47
-49
-64
-13
48
-2
13
18
-33
27
0
-24
3
-24
6
1
-43
-1
-118
-181
-50
-44
-40
-6
-58
-45
22
25
-6
15
-15
-33
-18
-96
-33
-31
-65
-39
-68
3
9
-9
-14
-58
-5
-35
-66
-4
7
13
-48
17
79
-7
0
25
66
-4
-71
11
-50
-78
-7
-28
6
54
63
44
73
61
-56
2
108
63
-18
-48
-11
-1
41
115
64
13
33
14
-28
-28
-9
2
41
27
-19
-4
-7
10
80
101
37
40
41
-39
-7
34
62
20
6
84
60
95
61
-8
59
3
-16
16
-37
-3
24
-4
-39
-72
-53
-9
72
32
-4
73
5
-30
-8
-35
-38
0
51
29
-13
-25
-90
-98
-1
23
49
33
-4
-4
-5
36
39
31
3
-43
-28
-57
-107
-4
60
9
59
91
57
1
-88
1
67
-42
-34
21
17
-10
-66
-17
9
-37
36
73
25
41
48
15
3
-53
-76
-2
-13
-40
2
-9
-28
-18
-26
-73
-61
38
5
-95
-65
-11
-12
-59
-49
-18
-43
-21
-25
-5
0
-51
-42
-56
-79
-82
-53
-14
-10
9
-16
-19
-48
-111
-9
15
-30
-8
4
58
45
28
85
66
36
26
16
75
51
30
67
56
25
-13
-5
30
38
45
72
18
-9
103
104
-11
-20
41
-8
-76
-37
21
29
0
73
133
77
30
27
-2
-6
-6
-15
-15
-23
43
-19
-73
-16
13
26
-28
19
19
-52
-12
-22
-24
-22
-31
18
53
63
14
-46
-45
-22
-34
0
-20
-66
4
-18
-13
-29
-33
16
-12
85
113
47
74
31
-47
-80
-65
14
-10
-52
33
92
121
55
-51
-73
-64
-36
-5
26
26
-60
-65
27
-20
-29
55
-13
-34
-9
-94
-92
-5
54
58
31
-17
-43
-125
-169
-91
-25
40
34
23
-17
-20
-8
-21
-3
-71
-43
-9
-29
30
58
26
31
18
-30
-79
-82
8
32
-27
24
76
34
-11
-50
36
56
-27
-14
-20
-5
13
6
0
-1
55
75
42
-4
20
74
13
31
81
70
139
31
-11
53
-39
16
25
3
53
-21
9
99
92
77
14
21
16
-50
29
40
71
93
-13
32
71
22
-2
16
-16
0
75
-2
-5
29
-38
-72
-45
11
-28
-70
-29
38
43
-23
-1
-18
7
59
-37
-63
-54
-39
-42
-46
-22
-81
-90
-78
-5
3
-49
-2
-18
-31
-73
-121
-60
-34
2
36
-72
-135
-29
-16
-4
29
-59
-62
14
84
16
-54
28
52
-11
-44
19
23
-52
-82
-62
-85
-52
12
-73
-69
16
38
11
-8
-37
-35
48
52
12
-3
-8
-22
-8
24
26
63
56
35
10
-27
9
21
65
77
21
-14
-54
-9
12
46
80
64
79
94
76
-13
-32
30
30
11
25
34
44
6
26
56
-7
5
53
101
86
57
47
17
18
-14
-3
-17
27
122
-3
7
47
-35
38
7
-6
39
55
125
53
25
85
43
44
-2
-16
70
33
-23
-29
52
42
-59
13
-14
-34
-56
-52
71
-36
-66
-20
-37
5
-24
-62
-46
-48
-44
-16
-42
-90
-65
-50
-23
-38
-107
-98
-89
-85
-139
-151
-33
-72
-45
33
-21
-58
-101
-38
-6
-40
-40
-32
-16
-41
-45
-61
-30
30
-17
-100
-82
36
106
105
41
36
30
0
31
-1
15
80
110
41
-57
0
27
43
84
-32
-65
-27
3
36
3
50
86
44
-26
-13
-21
-73
34
82
6
-21
0
18
-25
21
26
-40
30
83
40
-12
34
19
20
91
49
51
38
30
54
43
60
56
52
27
33
97
3
-22
73
51
63
53
-6
31
-9
-34
31
-48
-34
42
3
-27
-103
-80
-31
-69
27
63
-21
-39
-9
-39
-48
-11
-41
2
16
-32
-38
-48
-92
-129
-34
40
-17
-52
-30
1
-11
-16
17
-33
-64
-53
-29
42
-39
-66
2
-35
35
36
-63
-65
-67
-73
-66
-37
-89
-102
-30
-49
-57
-34
-41
-40
-20
-8
9
-5
-27
-46
-22
6
-19
-23
-24
15
70
38
-20
7
3
33
34
-49
34
28
-31
2
-25
-21
-6
47
57
47
72
8
5
-15
-38
100
106
57
59
-14
63
67
1
67
59
6
10
23
99
124
-17
36
99
88
95
11
63
53
71
144
53
48
-1
-2
139
135
128
71
8
18
9
52
7
-13
50
42
37
42
23
-9
-11
6
-32
-31
9
53
66
59
-19
-109
-41
-45
-27
-3
-84
-73
-78
-90
-57
-12
10
-40
-66
-71
-113
-96
-48
-34
-88
-57
-65
-155
-57
-59
-86
2
-84
-121
-52
-119
-130
-105
-53
32
-10
-22
-11
-58
-78
-68
-58
-99
-95
-24
-34
-30
-63
-80
-45
-47
-41
-7
56
30
22
51
6
-54
-44
9
21
48
13
52
130
15
-19
60
76
18
-43
4
119
111
16
22
28
0
63
49
35
73
18
50
69
40
118
85
-12
-26
9
71
69
38
8
3
52
-6
44
96
1
9
-23
-27
27
77
143
46
25
68
2
12
-21
-40
36
48
25
49
40
1
-77
-66
36
-37
-19
47
-60
-51
29
6
-29
-32
12
30
27
10
-56
46
21
-97
-55
-124
-83
-56
-81
4
-13
2
-22
-59
-45
-31
-14
-51
-18
-52
-69
-124
-171
-7
-32
-28
8
-51
-55
-15
61
-15
0
74
38
6
-59
-88
-73
-12
-31
-48
-48
-38
14
-65
6
39
-16
46
-10
0
11
37
99
46
36
39
33
-21
-31
34
10
-32
12
70
7
-7
10
-52
25
52
-24
0
9
2
55
50
12
12
-27
12
55
45
41
25
52
35
50
43
34
76
42
8
-27
0
96
15
53
165
125
121
32
25
49
28
33
12
89
80
31
15
13
20
0
94
105
14
22
54
57
67
63
0
-48
-60
-29
-3
-19
-48
-62
-37
-52
-91
-60
-29
-98
-63
-11
-92
-53
-64
-111
-38
-68
-75
-47
-70
-32
-87
-125
-7
-40
-102
-68
-68
-31
-1
-24
-36
-70
-28
59
81
25
-19
18
11
-26
-25
-34
-54
-30
-36
-12
66
94
-4
-79
-5
-22
-23
-13
-5
16
-43
15
81
54
45
-11
-102
-103
-65
-45
17
11
-108
-87
-25
-42
-8
23
3
-36
-27
-58
-49
-13
-53
-47
-38
-23
-26
-7
1
-19
-15
-52
-4
2
-21
94
67
-35
13
45
54
104
54
-12
-38
-52
15
70
59
48
48
41
-12
-1
75
40
31
72
56
113
40
14
74
-39
32
95
31
31
35
13
-1
75
36
-3
2
20
78
50
29
45
124
123
64
78
73
72
30
71
49
-35
62
-10
-82
-8
-37
-5
1
-10
46
8
41
66
-10
-26
0
20
-12
58
67
-22
15
63
17
-39
-17
-42
8
21
-54
-33
-34
-8
-4
-6
-14
-28
-11
-77
-40
-41
-149
-57
-27
-51
22
-46
-91
-16
-6
-26
-21
-48
-70
-55
-36
-60
-101
-55
-38
-55
-55
-65
-55
-76
-18
4
-86
-90
-62
-68
-17
35
15
33
-40
-87
-6
-15
-29
-47
-48
-6
25
43
3
48
-16
-106
-12
12
23
23
22
109
75
4
91
75
-13
35
87
71
26
7
28
15
18
47
14
44
94
80
61
8
17
35
-35
-52
-10
-9
15
69
44
6
58
89
96
121
81
63
29
-10
75
53
-14
-16
-55
-18
-26
-15
9
-41
-18
5
75
63
5
5
-54
-69
-70
-47
4
-27
-47
26
50
35
34
-23
6
-26
-89
18
-21
-57
-20
-89
-96
-88
-72
-18
-32
-90
-138
-82
-42
-29
-20
-28
-56
-101
-37
-23
-38
-33
-4
-13
-75
-14
65
74
-28
-14
108
49
-32
-89
-43
2
-41
22
90
45
-22
11
57
14
-4
-75
-86
68
36
21
27
-93
-46
-39
-23
-13
-93
-17
24
24
44
-1
-12
1
-13
49
157
29
-17
60
-19
51
89
33
55
18
47
24
-21
15
36
4
12
72
20
62
33
-5
81
79
101
61
18
111
78
24
58
33
91
24
-8
72
-10
-24
3
-34
-33
7
42
70
16
-39
35
72
45
0
-62
-24
4
35
43
17
44
-17
-58
-29
-50
-60
-23
-34
-38
-24
-26
-10
-7
26
-6
-33
11
-3
0
-21
-70
-22
0
-24
-24
-12
-2
82
129
-36
-88
-49
-129
-128
-52
-16
-23
-26
28
10
-65
-94
-116
-58
-36
-89
-25
13
-34
16
49
-30
-71
-67
-111
-97
-72
-91
-32
10
-36
-39
57
14
-47
-36
-95
0
4
-63
16
-35
-40
8
16
49
19
8
59
58
20
51
0
-12
46
29
73
0
-12
40
-69
-28
22
17
98
91
47
74
70
79
54
7
84
-1
-66
43
-12
22
92
14
71
121
33
11
18
17
-4
31
50
-12
60
41
-27
-13
-46
12
54
14
-3
-6
-8
11
53
32
-54
-36
17
-25
-56
-25
-23
-22
53
75
20
-35
-10
24
4
33
17
-65
-46
-33
-27
-13
-40
-11
-44
-31
5
73
136
19
-22
19
19
-33
20
33
-39
-51
-84
21
56
-32
-45
-110
-126
-38
-45
-40
0
-49
-71
-74
-79
-85
-73
2
49
6
28
110
58
-9
-27
-77
-66
-85
-93
-26
-46
19
115
32
14
80
39
4
46
73
52
12
11
30
29
9
32
49
15
32
16
-34
-59
-73
-33
-20
1
117
38
-5
29
-33
0
-64
-43
45
32
30
13
13
23
10
-3
45
33
27
19
-40
19
50
53
39
22
102
124
70
59
6
-59
-9
4
9
16
-53
-16
67
28
-72
-34
21
1
28
20
35
62
1
-9
-31
-51
12
26
41
12
-21
-1
-48
-25
68
71
55
-13
-69
-62
-44
-11
-71
-80
-50
-59
-62
-100
-82
-72
-62
-15
-28
-62
-60
-1
-37
-129
-101
-40
-32
0
17
38
39
-8
-13
-26
7
0
-35
6
7
-51
-43
31
25
15
32
-17
-14
22
63
141
51
-59
12
29
-23
8
12
28
61
34
18
-32
-33
5
34
32
13
55
32
9
-30
-41
0
-16
10
32
4
70
57
-22
40
24
77
78
-17
13
-40
-42
-22
-33
17
12
-44
-20
14
-23
3
22
-6
-1
-31
-16
-15
-39
60
78
25
43
44
-14
-4
31
-43
-45
-1
57
46
-53
17
37
-48
-63
-7
43
-18
-49
-21
-37
2
14
-36
-27
-11
33
45
29
75
23
69
110
1
33
41
-5
-13
11
44
50
91
65
-37
-16
85
77
31
60
49
26
40
75
75
-19
-42
21
6
-66
-33
-32
-89
-80
-22
5
-29
-6
3
34
5
-27
-11
-37
-26
-43
19
31
-24
-76
-119
-94
-98
-20
46
31
19
40
22
-12
4
-48
-47
-37
-18
15
-18
-20
-10
-2
-66
-44
18
-17
-28
-100
-114
-119
-115
-8
28
24
-26
-37
6
5
-10
-24
8
40
-61
-79
-13
-18
-23
-84
25
85
-31
-2
21
21
2
-29
-12
-44
22
-42
-103
39
-21
41
66
-17
25
-6
32
45
67
-10
-40
67
-58
-26
40
1
65
41
97
140
48
32
-6
-22
21
8
-10
64
80
-29
-41
56
93
-83
-125
40
22
47
59
7
-8
-97
-104
-85
14
23
-65
84
156
107
35
-6
-4
-198
-296
-151
76
291
260
75
-84
-25
172
126
83
43
-93
-49
128
371
349
14
-232
-230
-103
99
317
322
174
-35
-161
-135
-210
-315
-270
-176
-2
85
66
-18
-191
-307
-347
-134
-28
-148
-80
64
166
78
-184
-297
-199
-14
119
97
79
181
221
155
41
12
73
169
178
162
308
284
293
332
194
182
96
-7
71
152
194
212
79
-18
25
-49
-113
-101
-9
20
-13
46
-7
7
-55
-203
-164
-101
6
23
-17
41
93
8
-93
-94
-36
60
50
16
-17
-32
-14
-105
-90
-112
-258
-253
-197
-169
-137
-127
-139
-156
-165
-171
-258
-233
-97
-45
-14
-62
-99
-125
-120
3
-33
-76
23
-11
-88
-40
-29
-81
-102
-216
-174
28
44
-15
23
68
-50
-106
-82
-71
-32
-70
-9
34
2
54
64
20
-42
-94
-51
22
-35
-98
-7
4
7
21
-89
-163
-152
-36
58
71
49
44
31
-62
-55
-46
2
153
173
255
353
408
330
222
357
419
474
547
563
551
535
545
475
536
470
289
384
452
435
399
333
276
243
153
79
161
133
178
257
244
317
250
218
229
214
291
312
270
267
313
301
306
208
23
-109
-162
-194
-259
-342
-623
-782
-879
-1071
-1262
-1483
-1447
-1518
-1690
-1725
-1717
-1667
-1805
-1764
-1653
-1636
-1495
-1385
-1181
-931
-688
-500
-450
-294
-79
101
300
441
624
777
864
999
1037
1028
1043
969
957
1000
873
758
724
665
553
396
222
89
103
4
-137
-179
-244
-269
-337
-477
-517
-510
-485
-395
-428
-342
-165
-111
-97
-105
-23
84
214
342
459
565
659
774
811
896
989
1021
1140
1266
1296
1304
1316
1313
1313
1304
1198
1106
1107
1020
908
810
781
829
774
649
522
458
413
397
356
340
404
424
418
471
534
497
519
568
661
845
939
1016
1103
1136
1116
1087
1138
1099
986
909
710
520
280
-110
-461
-881
-1262
-1483
-1778
-2176
-2674
-3086
-3416
-3841
-4119
-4263
-4391
-4415
-4414
-4403
-4297
-4124
-3907
-3663
-3370
-3007
-2587
-2101
-1575
-1076
-636
-255
100
459
844
1208
1471
1701
1861
1952
1943
1826
1774
1650
1431
1297
1177
1030
798
436
109
-228
-569
-718
-852
-954
-961
-1033
-1072
-1135
-1220
-1200
-1145
-983
-714
-426
-132
43
244
462
641
873
1055
1282
1569
1733
1863
2022
2095
2124
2125
2127
2124
2150
2203
2203
2273
2267
2049
1951
1830
1680
1594
1459
1487
1481
1337
1193
1060
874
698
503
376
342
239
177
144
134
35
-124
-308
-443
-430
-326
-160
-6
70
94
206
329
488
653
813
1132
1472
1747
1985
2178
2414
2578
2622
2710
2773
2751
2753
2609
2243
1867
1444
977
367
-378
-972
-1534
-2138
-2757
-3481
-4207
-4904
-5608
-6161
-6539
-6782
-6784
-6780
-6911
-6857
-6779
-6599
-6131
-5741
-5163
-4554
-3993
-3184
-2462
-1789
-1139
-665
-243
179
570
956
1436
1762
1915
1958
1850
1794
1493
1184
1090
877
767
706
620
481
141
-78
-254
-443
-508
-507
-400
-321
-58
281
355
422
422
481
672
770
969
1322
1572
1695
1826
1893
1850
1753
1676
1692
1790
1851
1884
1867
1734
1608
1540
1434
1242
1144
1102
1131
1318
1374
1290
1194
1117
1163
1244
1324
1513
1655
1704
1846
1919
1816
1743
1726
1616
1563
1615
1638
1659
1508
1350
1233
1011
881
740
721
881
981
1073
1162
1300
1466
1599
1740
1915
2145
2416
2689
2926
3083
3177
3212
3049
2844
2573
2058
1456
845
235
-424
-1189
-1937
-2589
-3396
-4387
-5289
-6116
-6851
-7455
-7961
-8290
-8452
-8495
-8409
-8233
-8021
-7807
-7456
-6936
-6365
-5642
-4808
-3829
-2855
-2055
-1318
-742
-257
209
648
1093
1485
1765
1930
2031
2096
1985
1704
1401
1061
653
362
153
-96
-253
-423
-556
-719
-967
-1022
-1064
-1084
-985
-899
-787
-660
-415
-115
156
483
632
791
1066
1131
1165
1337
1495
1691
1836
1827
1960
2099
2153
2180
2127
2100
2115
2234
2236
2229
2400
2534
2655
2754
2756
2771
2817
2825
2809
2783
2873
2949
2935
2995
2976
2948
2853
2588
2336
2074
1859
1542
1262
1177
936
698
532
344
185
-36
-255
-412
-472
-304
-103
48
385
691
923
1227
1483
1756
2088
2347
2656
3037
3309
3558
3756
3802
3742
3549
3143
2541
1841
1146
501
-289
-1127
-1853
-2615
-3459
-4364
-5293
-6201
-7070
-7788
-8349
-8831
-9046
-9044
-8996
-8804
-8518
-8184
-7810
-7440
-6985
-6391
-5657
-4769
-3895
-3063
-2211
-1514
-904
-441
-140
139
370
549
727
961
1206
1308
1296
1183
887
589
286
45
-41
-104
-89
74
159
165
216
248
246
238
272
314
411
648
1008
1250
1406
1567
1620
1675
1646
1574
1573
1502
1501
1572
1560
1562
1608
1723
1816
1829
1779
1689
1687
1687
1728
1888
2013
2151
2370
2554
2662
2742
2773
2738
2743
2710
2752
2830
2853
2978
2996
2934
2801
2570
2340
2014
1757
1566
1264
1067
996
886
722
579
558
428
233
269
354
394
539
765
1096
1531
1875
2219
2631
2948
3150
3343
3474
3579
3768
3857
3923
3971
3823
3462
2887
2158
1228
225
-740
-1591
-2334
-3069
-3779
-4603
-5620
-6560
-7402
-8313
-9100
-9580
-9841
-9915
-9834
-9660
-9319
-9036
-8707
-8266
-7910
-7364
-6608
-5707
-4806
-3922
-2947
-2117
-1447
-835
-232
205
561
1016
1347
1653
1832
1944
2082
2038
1993
1958
1796
1589
1447
1289
1021
789
604
435
334
250
271
194
83
27
-98
-180
-270
-256
-189
-53
131
192
275
358
374
408
475
564
716
930
1103
1353
1690
1927
2108
2270
2443
2625
2730
2864
3100
3290
3438
3600
3665
3692
3773
3858
3757
3572
3505
3356
3263
3226
3082
2943
2741
2490
2223
1970
1725
1457
1149
841
628
435
307
209
125
183
201
227
316
356
432
570
833
1097
1361
1860
2319
2666
3008
3299
3554
3695
3833
3969
4078
4119
4001
3830
3515
3005
2435
1746
905
5
-947
-1870
-2749
-3617
-4487
-5425
-6346
-7207
-8007
-8680
-9205
-9688
-10006
-10142
-10163
-9984
-9749
-9333
-8866
-8475
-7897
-7243
-6497
-5720
-5004
-4185
-3397
-2640
-1913
-1265
-710
-201
317
658
953
1273
1535
1742
1910
2005
1967
1899
1850
1768
1606
1469
1328
1176
1087
1020
913
748
579
449
332
108
-64
-132
-270
-337
-326
-354
-319
-220
-116
17
204
321
444
563
659
896
1179
1586
1937
2207
2569
2861
3144
3374
3527
3632
3664
3803
3904
4048
4246
4275
4359
4330
4177
4055
3780
3524
3391
3210
3068
2948
2722
2549
2274
1957
1689
1387
1190
874
669
583
572
567
400
371
309
255
277
364
527
732
1024
1227
1483
1794
1986
2218
2313
2427
2726
2857
2955
3071
3106
3140
3051
2826
2581
2265
1814
1217
602
-23
-803
-1614
-2445
-3311
-4006
-4647
-5423
-6201
-6929
-7500
-7983
-8547
-9047
-9383
-9517
-9509
-9459
-9304
-8908
-8493
-8131
-7606
-7073
-6452
-5704
-4958
-4191
-3478
-2715
-2048
-1523
-996
-515
-3
471
845
1139
1416
1671
1873
2010
1968
1862
1748
1637
1533
1368
1202
1136
1028
867
760
608
506
375
262
176
27
-59
-153
-134
15
142
209
281
409
624
729
651
728
910
1038
1264
1598
1864
2188
2508
2807
3065
3216
3483
3642
3775
3919
3967
4181
4380
4511
4600
4571
4581
4575
4400
4227
4061
3877
3665
3272
3005
2767
2357
2056
1733
1490
1243
924
790
556
294
127
-24
-46
-25
-8
161
256
291
521
702
890
1174
1375
1593
1943
2259
2580
2834
2943
3112
3202
3098
3040
3074
2934
2793
2634
2333
2001
1498
1027
514
-102
-779
-1619
-2361
-3041
-3806
-4564
-5357
-6147
-6814
-7431
-7961
-8460
-8904
-9192
-9447
-9604
-9695
-9770
-9643
-9438
-9156
-8714
-8225
-7560
-6764
-6078
-5323
-4474
-3675
-2951
-2405
-1800
-1130
-518
30
550
1056
1506
1902
2221
2474
2552
2576
2540
2331
2138
1939
1705
1562
1428
1310
1286
1202
1192
1224
1027
804
590
313
147
99
9
42
215
361
530
683
854
1001
1099
1194
1296
1431
1591
1945
2305
2558
2928
3294
3654
3923
4194
4473
4574
4699
4838
4973
5083
5110
5110
5096
5010
4771
4597
4355
3958
3560
3097
2709
2279
1901
1601
1305
1084
806
594
307
41
-128
-248
-328
-487
-468
-413
-331
-187
-99
188
527
766
1005
1291
1600
1785
1936
2125
2286
2375
2461
2536
2614
2763
2807
2750
2639
2436
2182
1931
1553
1163
781
268
-141
-674
-1332
-1968
-2702
-3468
-4264
-5017
-5729
-6449
-7124
-7704
-8118
-8382
-8712
-9036
-9228
-9437
-9546
-9527
-9471
-9276
-8977
-8573
-7990
-7255
-6429
-5599
-4703
-3889
-3167
-2455
-1891
-1387
-871
-350
92
578
1039
1465
1832
2056
2330
2410
2462
2449
2273
2121
1873
1659
1469
1276
1187
1096
995
985
917
745
580
445
302
186
180
136
240
462
620
946
1242
1530
1842
1981
2226
2562
2707
2842
3113
3450
3786
4055
4305
4499
4635
4808
4865
4817
4792
4699
4562
4462
4375
4286
4195
4137
4110
3911
3641
3343
2927
2501
2028
1648
1422
1229
1062
932
965
908
740
666
471
281
181
61
139
172
217
493
630
871
1255
1467
1540
1589
1639
1737
1847
1825
1733
1662
1710
1684
1538
1469
1306
1199
1094
836
566
309
122
-95
-322
-637
-978
-1189
-1627
-2183
-2695
-3362
-3993
-4654
-5386
-5940
-6513
-6978
-7386
-7837
-8052
-8300
-8550
-8836
-9112
-9188
-9255
-9224
-8973
-8635
-8298
-7699
-6816
-5920
-5074
-4162
-3233
-2545
-2061
-1501
-949
-604
-236
139
567
1073
1485
1950
2300
2501
2660
2522
2283
2062
1785
1557
1364
1238
1118
1016
1047
1054
983
975
985
964
964
981
1005
1065
1211
1425
1613
1861
2162
2398
2662
2867
2980
3201
3427
3616
3751
3860
4051
4241
4338
4363
4425
4434
4383
4284
4107
3963
3773
3557
3370
3236
3245
3213
3079
2946
2852
2678
2347
2096
1870
1572
1411
1300
1205
1116
1052
1143
1166
1067
938
879
888
787
654
605
689
835
880
972
1162
1251
1332
1386
1348
1258
1132
1144
1180
1111
1051
1027
986
912
839
680
382
126
-33
-166
-249
-339
-389
-460
-574
-659
-894
-1190
-1605
-2192
-2818
-3586
-4304
-4946
-5586
-6182
-6686
-7121
-7592
-7925
-8245
-8631
-8980
-9304
-9480
-9608
-9625
-9474
-9163
-8631
-8046
-7334
-6479
-5663
-4852
-4007
-3263
-2694
-2185
-1595
-1170
-856
-393
27
480
891
1245
1633
1929
2173
2318
2202
2058
1960
1829
1776
1666
1729
1858
1871
2061
2283
2432
2605
2638
2612
2686
2675
2693
2721
2778
2978
3132
3286
3466
3623
3683
3740
3754
3731
3814
3810
3794
3813
3765
3800
3848
3794
3791
3740
3612
3579
3508
3351
3298
3315
3298
3261
3203
3130
3086
3029
2954
2828
2589
2390
2260
2093
1900
1766
1601
1398
1212
1017
928
838
762
559
341
293
176
134
90
58
67
43
67
47
50
38
64
134
85
78
132
131
139
160
116
-45
-226
-276
-332
-415
-417
-473
-535
-518
-498
-544
-565
-608
-835
-1082
-1522
-2092
-2618
-3306
-3982
-4536
-5135
-5689
-6057
-6494
-7076
-7441
-7745
-8121
-8480
-8861
-9035
-9094
-9050
-8785
-8499
-8096
-7579
-6957
-6270
-5636
-4907
-4194
-3591
-3062
-2499
-1924
-1490
-1053
-664
-230
263
583
1021
1462
1733
2085
2374
2500
2541
2623
2711
2720
2785
2896
2967
3109
3341
3526
3680
3705
3742
3819
3783
3774
3666
3567
3489
3372
3355
3353
3465
3547
3510
3462
3453
3461
3378
3327
3210
3051
2953
2857
2831
2836
2823
2772
2778
2816
2922
3017
3055
3195
3219
3278
3286
3241
3309
3241
3167
3056
2928
2809
2666
2517
2283
2096
1922
1679
1489
1239
1032
918
645
335
126
0
-127
-279
-425
-575
-673
-763
-807
-811
-842
-838
-839
-754
-656
-581
-521
-557
-586
-669
-682
-708
-751
-684
-656
-669
-665
-626
-633
-669
-726
-726
-701
-841
-1039
-1282
-1554
-1894
-2344
-2830
-3474
-4128
-4689
-5254
-5801
-6342
-6779
-7159
-7433
-7603
-7939
-8164
-8314
-8496
-8640
-8765
-8681
-8519
-8188
-7708
-7184
-6495
-5778
-5046
-4287
-3553
-2822
-2157
-1615
-1032
-482
-62
524
1070
1484
2024
2580
3084
3507
3849
4091
4277
4341
4318
4354
4320
4195
4171
4201
4221
4374
4464
4477
4484
4443
4350
4186
4003
3809
3673
3516
3397
3301
3241
3260
3194
3217
3225
3113
3119
3035
2768
2614
2476
2349
2312
2309
2320
2260
2327
2450
2524
2578
2633
2747
2701
2627
2634
2644
2693
2650
2556
2525
2537
2435
2241
2068
1839
1597
1435
1234
1025
914
705
421
173
4
-172
-361
-486
-625
-752
-980
-1086
-1078
-1187
-1246
-1285
-1183
-1080
-1089
-1065
-1072
-1055
-1044
-1070
-1018
-965
-932
-821
-839
-817
-706
-665
-610
-583
-567
-594
-760
-879
-933
-1127
-1365
-1686
-1995
-2366
-2850
-3324
-3908
-4460
-4991
-5503
-6008
-6486
-6826
-7110
-7419
-7747
-7930
-8083
-8249
-8244
-8180
-8036
-7869
-7724
-7376
-6961
-6354
-5623
-4996
-4196
-3439
-2719
-1887
-1239
-654
-71
415
942
1481
1933
2417
2993
3503
3951
4285
4496
4654
4785
4853
4753
4688
4685
4618
4594
4648
4774
4844
4835
4918
4868
4736
4600
4381
4104
3836
3638
3391
3205
3129
3092
3195
3206
3077
3107
3005
2832
2743
2518
2341
2179
2044
2059
2063
2122
2267
2421
2614
2752
2828
2926
2920
2817
2686
2552
2451
2263
2141
2169
2141
2118
2173
2032
1823
1669
1383
1133
802
409
115
-251
-539
-773
-984
-1160
-1304
-1402
-1562
-1667
-1835
-1940
-1932
-1996
-2096
-2135
-2018
-1978
-2006
-1948
-1778
-1620
-1548
-1342
-1174
-1026
-919
-971
-985
-1062
-1095
-1153
-1280
-1350
-1391
-1343
-1294
-1303
-1323
-1290
-1382
-1548
-1729
-2171
-2728
-3223
-3760
-4321
-4820
-5277
-5662
-5918
-6032
-6090
-6130
-6287
-6456
-6605
-6964
-7238
-7418
-7612
-7648
-7384
-7006
-6599
-5886
-5104
-4254
-3381
-2622
-1936
-1347
-725
-183
250
707
1362
1989
2540
3242
3921
4588
5134
5479
5711
5858
5938
5909
5750
5532
5445
5368
5322
5378
5425
5473
5422
5351
5182
4821
4430
4001
3518
3115
2871
2649
2443
2375
2357
2410
2426
2362
2309
2205
1964
1655
1454
1265
1093
1020
1050
1157
1350
1570
1836
2131
2356
2568
2576
2610
2687
2528
2344
2163
2013
1950
1783
1715
1750
1612
1500
1363
1162
843
444
151
-204
-662
-1072
-1447
-1701
-1841
-1927
-1897
-1893
-1901
-1935
-1891
-1718
-1653
-1659
-1683
-1708
-1618
-1473
-1423
-1278
-1098
-1001
-880
-754
-658
-659
-634
-651
-740
-860
-987
-1048
-1147
-1221
-1194
-1154
-1074
-1012
-1071
-1010
-1043
-1254
-1557
-2041
-2526
-3114
-3721
-4256
-4732
-5129
-5447
-5717
-5960
-6099
-6370
-6672
-6885
-7119
-7318
-7580
-7796
-7763
-7637
-7429
-6974
-6357
-5641
-4771
-3826
-2997
-2181
-1402
-691
37
628
1279
1881
2377
2987
3542
4164
4826
5408
5854
6154
6355
6404
6366
6227
6050
5829
5539
5310
5104
4953
4861
4714
4612
4454
4194
4000
3666
3339
3019
2652
2437
2209
2117
2004
1850
1909
1921
1867
1828
1744
1674
1586
1388
1250
1268
1315
1396
1507
1724
1999
2266
2591
2769
2874
2894
2788
2776
2592
2290
2126
1960
1854
1718
1585
1510
1318
1137
946
691
377
6
-368
-777
-1195
-1578
-1884
-2165
-2342
-2355
-2408
-2463
-2409
-2359
-2276
-2222
-2165
-2055
-1972
-1875
-1799
-1622
-1441
-1304
-1145
-1050
-873
-718
-612
-527
-516
-583
-660
-680
-746
-712
-654
-611
-539
-413
-314
-450
-518
-555
-757
-1073
-1460
-1875
-2361
-2920
-3472
-3940
-4418
-4801
-5187
-5570
-5875
-6224
-6413
-6625
-6867
-7033
-7337
-7546
-7549
-7481
-7220
-6813
-6439
-5953
-5229
-4358
-3512
-2625
-1779
-1019
-239
553
1279
1840
2408
3024
3613
4180
4679
5112
5567
5977
6260
6439
6450
6301
6243
6089
5809
5563
5185
4973
4899
4746
4637
4473
4267
4170
3948
3653
3429
3049
2681
2388
2111
1877
1739
1618
1535
1616
1640
1661
1629
1515
1433
1312
1280
1265
1187
1180
1271
1422
1585
1802
2094
2350
2411
2372
2406
2181
1859
1719
1439
1177
1016
867
787
733
624
435
339
171
-126
-420
-856
-1247
-1613
-2019
-2415
-2745
-2840
-2907
-2932
-2830
-2731
-2583
-2374
-2170
-2096
-2050
-1930
-1920
-1844
-1619
-1496
-1327
-1166
-1046
-775
-623
-500
-332
-253
-189
-164
-186
-256
-332
-333
-268
-251
-307
-288
-226
-198
-203
-273
-459
-826
-1172
-1597
-2196
-2752
-3344
-3913
-4388
-4744
-5078
-5527
-5840
-5932
-6066
-6275
-6456
-6578
-6649
-6682
-6658
-6570
-6313
-5980
-5518
-4840
-4112
-3251
-2356
-1418
-540
220
1035
1731
2289
2735
3235
3704
4121
4574
4905
5277
5637
5881
6119
6185
6072
5976
5742
5476
5133
4655
4331
4106
3909
3760
3716
3704
3594
3529
3396
3153
2860
2444
2089
1814
1552
1316
1228
1279
1307
1346
1450
1516
1518
1446
1334
1259
1111
927
850
849
882
911
1056
1335
1532
1732
1789
1725
1604
1428
1319
1128
973
821
648
551
472
442
460
458
389
251
-31
-314
-558
-880
-1207
-1505
-1855
-2050
-2056
-2199
-2282
-2331
-2364
-2276
-2333
-2287
-2162
-2105
-2027
-1976
-1849
-1712
-1526
-1391
-1275
-1062
-969
-892
-814
-769
-699
-620
-496
-426
-350
-251
-167
-66
5
94
125
78
17
-10
-71
-263
-515
-806
-1154
-1605
-2082
-2463
-2927
-3420
-3810
-4226
-4568
-4870
-5137
-5341
-5605
-5841
-6028
-6140
-6215
-6263
-6181
-5991
-5721
-5217
-4616
-4083
-3319
-2499
-1706
-966
-244
568
1183
1741
2328
2805
3288
3811
4237
4649
5055
5365
5638
5723
5724
5690
5456
5257
5054
4876
4591
4208
4112
3967
3848
3802
3709
3715
3534
3270
3049
2757
2533
2218
1906
1715
1609
1717
1660
1528
1549
1588
1587
1462
1341
1118
844
720
676
604
621
772
920
1159
1350
1455
1547
1568
1509
1388
1306
1208
1045
843
658
541
479
417
419
367
182
67
-139
-462
-753
-1169
-1487
-1760
-2074
-2263
-2480
-2563
-2594
-2592
-2516
-2494
-2494
-2428
-2244
-2198
-2162
-1989
-1826
-1692
-1581
-1450
-1362
-1214
-1042
-992
-958
-918
-891
-863
-769
-729
-706
-553
-445
-233
-18
24
212
323
263
213
107
-2
-135
-292
-444
-629
-950
-1272
-1504
-1830
-2224
-2636
-3057
-3457
-3792
-4108
-4476
-4740
-4985
-5272
-5439
-5490
-5502
-5468
-5310
-5056
-4782
-4461
-4006
-3508
-3008
-2384
-1667
-905
-184
490
1189
1874
2508
3017
3454
3850
4189
4530
4806
5000
5225
5455
5468
5395
5428
5317
5150
5024
4747
4517
4327
4086
3901
3701
3487
3221
2986
2804
2631
2450
2207
1946
1657
1358
1083
957
794
543
409
292
211
152
120
85
9
2
6
60
85
163
324
422
627
821
1006
1220
1286
1304
1291
1307
1304
1170
1081
1051
952
807
680
609
474
232
119
-110
-488
-734
-1026
-1314
-1503
-1674
-1851
-2051
-2140
-2114
-2120
-2205
-2171
-2016
-1941
-1803
-1717
-1621
-1510
-1487
-1353
-1360
-1312
-1185
-1184
-1081
-978
-840
-756
-667
-487
-392
-273
-74
60
118
267
283
270
347
274
195
123
10
-98
-234
-315
-401
-679
-973
-1244
-1619
-2031
-2464
-2887
-3308
-3744
-4150
-4539
-4764
-4927
-5150
-5292
-5417
-5423
-5348
-5255
-5130
-4931
-4642
-4318
-3827
-3229
-2595
-1891
-1178
-454
282
920
1540
2107
2587
3039
3370
3696
4075
4386
4620
4882
5091
5224
5307
5252
5205
5033
4863
4618
4208
4037
3850
3614
3385
3179
3062
2847
2710
2582
2413
2187
1775
1468
1277
1015
771
611
515
446
359
354
376
340
266
123
164
271
237
224
341
495
646
761
831
1017
1179
1245
1134
1066
1056
934
884
715
554
430
264
260
147
-6
-105
-308
-460
-683
-879
-1025
-1206
-1312
-1472
-1525
-1502
-1569
-1575
-1497
-1425
-1444
-1431
-1324
-1272
-1237
-1163
-1019
-958
-966
-845
-798
-790
-687
-650
-705
-700
-641
-591
-542
-449
-350
-240
-97
-10
125
252
253
242
215
219
253
272
246
196
156
47
-126
-396
-700
-1050
-1493
-1865
-2355
-2842
-3194
-3576
-3870
-4256
-4595
-4678
-4843
-5103
-5260
-5291
-5252
-5191
-5104
-4909
-4563
-4212
-3787
-3234
-2640
-1973
-1308
-640
47
676
1230
1741
2167
2637
3103
3418
3734
3996
4314
4568
4579
4685
4779
4728
4631
4520
4401
4218
4101
3958
3842
3698
3470
3320
3093
2830
2591
2389
2151
1813
1523
1374
1260
1019
771
602
486
351
194
89
3
-71
-169
-363
-410
-266
-196
-87
69
140
223
369
511
586
653
738
806
853
897
949
988
967
909
890
875
819
606
430
373
203
-23
-202
-336
-520
-703
-808
-876
-966
-1102
-1149
-1115
-1096
-1051
-1061
-1082
-1068
-1160
-1192
-1234
-1364
-1269
-1216
-1339
-1352
-1327
-1318
-1255
-1162
-1055
-811
-691
-663
-412
-216
-117
-27
20
97
143
155
249
320
355
430
546
629
678
742
678
594
369
22
-295
-746
-1217
-1728
-2315
-2858
-3292
-3697
-4101
-4357
-4590
-4783
-4848
-4867
-4855
-4740
-4589
-4456
-4171
-3932
-3641
-3197
-2863
-2372
-1769
-1202
-612
-51
439
904
1393
1766
2095
2465
2801
3140
3417
3641
3914
4122
4242
4260
4311
4282
4005
3739
3516
3335
2945
2570
2375
2068
1971
1976
1980
2037
2040
2108
2067
1916
1715
1405
1044
550
54
-338
-725
-1002
-1207
-1302
-1161
-1077
-893
-593
-375
-22
258
474
659
690
736
772
754
690
679
630
568
607
573
644
737
770
976
1140
1252
1456
1536
1579
1644
1466
1305
1134
821
544
171
-205
-520
-757
-934
-1048
-922
-765
-630
-280
80
334
526
629
561
426
216
-112
-489
-936
-1295
-1646
-1976
-2227
-2247
-2115
-2013
-1687
-1240
-845
-475
-94
238
463
570
524
480
402
229
47
-73
-143
-231
-254
-274
-314
-413
-631
-859
-1302
-1790
-2198
-2786
-3353
-3908
-4343
-4690
-5035
-5191
-5311
-5299
-5204
-5086
-4805
-4518
-4208
-3883
-3528
-3052
-2481
-1883
-1219
-463
207
924
1619
2139
2642
2988
3145
3218
3157
3083
2970
2824
2712
2653
2663
2633
2668
2794
2798
2690
2714
2646
2331
2047
1720
1367
1069
820
702
649
587
649
824
936
1048
1140
1231
1200
1025
800
424
112
-159
-483
-750
-876
-851
-722
-435
-84
301
763
1166
1516
1875
2132
2279
2359
2242
2076
1867
1656
1518
1316
1216
1046
956
956
787
744
641
548
429
184
94
-179
-431
-601
-872
-986
-1109
-1203
-1199
-1143
-986
-735
-443
-77
340
626
955
1289
1455
1652
1770
1662
1519
1315
1022
694
374
89
-150
-325
-436
-492
-469
-398
-399
-360
-259
-264
-295
-331
-386
-464
-565
-567
-575
-614
-571
-569
-597
-599
-801
-1019
-1342
-1871
-2377
-2978
-3525
-4109
-4784
-5308
-5722
-5968
-5962
-6013
-6090
-5903
-5678
-5416
-5032
-4641
-4300
-3932
-3542
-3191
-2716
-2189
-1729
-1169
-500
129
763
1387
2002
2524
2928
3260
3433
3498
3458
3371
3280
3137
2979
2799
2766
2855
2923
3107
3325
3547
3787
3829
3835
3815
3645
3412
3114
2808
2480
2213
2018
1887
1742
1600
1580
1489
1352
1255
1039
656
367
76
-338
-750
-1037
-1196
-1312
-1290
-1060
-777
-451
40
468
944
1404
1752
2124
2307
2450
2556
2534
2437
2195
1912
1653
1364
1102
809
446
148
-195
-586
-879
-1158
-1334
-1553
-1926
-2101
-2228
-2397
-2380
-2338
-2257
-2040
-1827
-1532
-1171
-847
-546
-317
-180
-92
-74
-192
-322
-407
-544
-593
-633
-652
-536
-468
-317
-128
16
256
418
560
749
829
919
1044
1135
1239
1319
1276
1282
1222
1037
945
674
233
-121
-659
-1183
-1594
-2172
-2535
-2927
-3324
-3556
-3916
-4153
-4335
-4518
-4710
-4929
-5020
-5051
-5033
-5034
-4937
-4755
-4519
-4087
-3647
-3164
-2584
-1934
-1199
-453
271
1013
1799
2471
3066
3561
3871
4136
4212
4102
3929
3593
3185
2844
2495
2191
2014
1840
1684
1643
1631
1631
1679
1658
1677
1652
1557
1505
1393
1322
1242
1122
1058
1023
933
849
760
621
517
382
222
132
42
19
22
42
293
525
664
820
1019
1275
1394
1378
1398
1395
1296
1179
1029
825
663
623
561
546
660
728
883
986
1018
1179
1193
1192
1315
1313
1263
1220
1170
1147
1053
854
614
434
278
37
-251
-468
-601
-776
-918
-1009
-1081
-1046
-1010
-1001
-913
-798
-723
-621
-515
-465
-462
-473
-477
-487
-469
-523
-559
-444
-436
-512
-572
-683
-731
-689
-650
-686
-716
-633
-616
-644
-709
-849
-1064
-1463
-1872
-2279
-2804
-3313
-3741
-4158
-4630
-5015
-5248
-5389
-5502
-5640
-5670
-5714
-5779
-5757
-5661
-5424
-5116
-4684
-4103
-3413
-2569
-1649
-679
367
1403
2333
3171
3880
4484
4883
5109
5330
5425
5389
5267
5194
5119
4973
4880
4712
4537
4258
3869
3603
3289
3000
2726
2468
2229
1927
1720
1596
1455
1300
1094
838
650
488
286
37
-188
-342
-441
-498
-544
-551
-503
-427
-320
-205
-36
157
284
396
437
413
428
472
556
611
565
515
444
443
473
426
393
354
375
388
317
316
310
292
358
247
113
31
-194
-409
-717
-1008
-1247
-1455
-1588
-1717
-1654
-1542
-1334
-942
-569
-195
245
716
1068
1290
1421
1557
1604
1344
1149
1050
734
509
296
46
-82
-246
-272
-190
-166
-29
115
97
216
435
517
609
680
755
833
729
516
255
-75
-547
-1110
-1600
-2196
-2841
-3365
-3952
-4542
-5023
-5377
-5671
-5963
-6159
-6289
-6349
-6295
-6188
-6003
-5715
-5371
-4928
-4362
-3758
-3079
-2354
-1642
-820
-62
572
1219
1735
2178
2577
2876
3195
3452
3540
3638
3784
3775
3776
3814
3797
3741
3590
3478
3258
2979
2769
2533
2367
2230
2064
1892
1799
1854
1937
1978
1984
1945
1967
2012
1836
1626
1527
1339
1073
818
479
206
81
-42
-83
-110
-33
219
416
652
1007
1344
1537
1781
2012
2065
2116
2039
1909
1762
1451
1106
725
316
-31
-404
-790
-1091
-1324
-1488
-1543
-1568
-1629
-1713
-1729
-1722
-1783
-1785
-1811
-1854
-1827
-1783
-1675
-1483
-1265
-998
-606
-288
-53
371
768
1075
1338
1461
1683
1887
2024
2122
2105
2125
2141
2097
2025
1978
1889
1754
1617
1447
1274
1084
907
768
618
364
137
-134
-478
-781
-1131
-1549
-1933
-2229
-2627
-3086
-3578
-4075
-4528
-5052
-5498
-5909
-6303
-6614
-6945
-7186
-7263
-7207
-7130
-6924
-6465
-5965
-5284
-4520
-3744
-2807
-1962
-1150
-287
474
1176
1836
2408
2876
3160
3386
3598
3610
3599
3589
3414
3295
3182
2922
2761
2724
2669
2651
2623
2619
2643
2592
2582
2529
2354
2134
1856
1534
1200
826
487
197
-109
-265
-359
-429
-319
17
295
430
775
1079
1337
1658
1787
1888
1960
1924
1982
2028
1970
1937
1855
1790
1784
1805
1884
1937
1963
2002
2046
2063
2091
2034
1878
1750
1523
1180
870
552
132
-324
-699
-1010
-1331
-1607
-1714
-1645
-1591
-1513
-1304
-994
-652
-379
-92
129
329
567
748
880
949
997
1089
1203
1235
1406
1584
1610
1788
1890
1902
1901
1872
1874
1688
1490
1277
848
458
0
-491
-992
-1670
-2251
-2790
-3383
-3950
-4434
-4761
-5062
-5391
-5676
-5987
-6261
-6423
-6541
-6673
-6887
-7000
-6884
-6789
-6690
-6404
-6015
-5491
-4968
-4413
-3806
-3217
-2589
-2112
-1630
-1204
-890
-474
-158
164
589
980
1489
1980
2414
2861
3260
3661
3838
3914
3936
3844
3746
3456
3146
2910
2698
2522
2320
2230
2160
2004
1895
1871
1844
1855
1908
1902
1822
1751
1800
1836
1840
1879
1990
2191
2291
2390
2607
2740
2800
2910
2958
2943
2912
2822
2655
2485
2368
2199
2023
1840
1558
1345
1117
771
550
384
164
54
-8
-46
20
88
196
348
508
749
894
873
830
835
796
630
435
193
-55
-247
-494
-647
-761
-821
-740
-585
-366
-226
-10
258
483
751
902
956
1059
1081
1007
871
607
305
-121
-676
-1161
-1552
-1986
-2436
-2882
-3296
-3633
-4043
-4415
-4707
-5047
-5279
-5566
-5851
-5902
-5919
-5842
-5685
-5549
-5326
-4981
-4656
-4253
-3817
-3416
-2960
-2679
-2417
-2063
-1717
-1480
-1357
-1102
-851
-543
-149
143
574
998
1347
1729
2040
2368
2610
2712
2721
2631
2537
2425
2272
2062
1874
1808
1750
1650
1628
1639
1619
1623
1586
1575
1530
1447
1422
1382
1401
1356
1326
1384
1313
1227
1202
1279
1348
1324
1372
1367
1392
1533
1550
1560
1618
1646
1689
1749
1869
1915
1896
1890
1890
1893
1853
1792
1686
1574
1492
1399
1215
1039
954
841
738
659
591
525
569
544
368
313
203
107
118
4
-75
-94
-113
-56
8
111
229
410
642
757
926
1178
1264
1426
1764
1937
2110
2245
2243
2293
2201
2052
1907
1660
1337
850
309
-269
-867
-1510
-2210
-2838
-3416
-4015
-4770
-5381
-5758
-6143
-6482
-6725
-6751
-6620
-6453
-6241
-5959
-5523
-5062
-4562
-4211
-3928
-3631
-3516
-3418
-3437
-3359
-3216
-3243
-3056
-2655
-2283
-1835
-1331
-732
-169
296
802
1186
1597
1783
1730
1780
1695
1565
1456
1335
1292
1223
1178
1126
1087
1059
943
793
663
557
371
198
30
-107
-93
-89
27
262
499
815
1144
1490
1771
2152
2530
2721
3009
3294
3507
3739
4020
4165
4170
4217
4187
4085
3938
3724
3496
3278
3058
2880
2756
2569
2365
2242
2114
2031
1984
1835
1686
1499
1257
1005
623
322
114
-153
-373
-473
-422
-273
-18
298
747
1277
1812
2340
2777
3210
3538
3748
3844
3720
3431
3121
2756
2263
1727
1152
506
-189
-904
-1617
-2332
-2982
-3627
-4265
-4803
-5347
-5766
-6102
-6475
-6767
-7056
-7315
-7457
-7444
-7345
-7241
-6967
-6650
-6313
-5825
-5244
-4559
-3892
-3283
-2710
-2196
-1592
-1109
-873
-609
-419
-385
-328
-293
-277
-322
-488
-595
-649
-589
-501
-513
-411
-211
-77
-22
-38
-13
-52
-219
-319
-467
-664
-786
-915
-1020
-960
-849
-577
-232
97
607
1047
1544
2110
2505
2747
2916
3103
3167
3140
3036
2978
2986
2942
2970
3026
3095
3227
3428
3482
3590
3782
3709
3646
3549
3369
3279
3127
2953
2797
2606
2472
2392
2238
1979
1809
1676
1416
1291
1238
1140
1077
1028
1029
1041
1204
1434
1630
1880
2159
2478
2756
2969
3171
3272
3292
3347
3267
3012
2653
2161
1636
1123
646
154
-397
-945
-1430
-1842
-2343
-2831
-3239
-3715
-4136
-4520
-4853
-5015
-5146
-5223
-5189
-5082
-4845
-4486
-4021
-3574
-3109
-2590
-2260
-2045
-1872
-1798
-1738
-1760
-1836
-1984
-2150
-2151
-2164
-2164
-2049
-1887
-1744
-1569
-1379
-1331
-1328
-1392
-1543
-1715
-1995
-2309
-2560
-2828
-3115
-3287
-3409
-3417
-3371
-3432
-3357
-3284
-3254
-3087
-2993
-2915
-2733
-2664
-2624
-2422
-2189
-1953
-1635
-1242
-853
-499
-66
454
984
1462
1936
2453
2916
3432
4013
4474
4811
5160
5379
5479
5594
5490
5258
5085
4853
4491
4095
3801
3553
3254
3048
2888
2851
2949
2974
3105
3317
3419
3481
3595
3723
3799
3867
4001
4235
4447
4694
5025
5259
5363
5496
5484
5203
4934
4439
3770
3174
2460
1720
1065
467
-178
-711
-1107
-1537
-2004
-2434
-2835
-3258
-3613
-4043
-4442
-4819
-5305
-5633
-5759
-5868
-5928
-5856
-5713
-5490
-5259
-4943
-4567
-4240
-3929
-3677
-3399
-3189
-2974
-2759
-2616
-2517
-2421
-2196
-2103
-2043
-1943
-1915
-1828
-1737
-1673
-1634
-1619
-1568
-1547
-1522
-1403
-1314
-1175
-1087
-1124
-1024
-874
-723
-607
-553
-448
-448
-482
-505
-697
-907
-1136
-1459
-1663
-1826
-1975
-2008
-1951
-1664
-1211
-719
-248
326
1136
1951
2619
3236
3881
4277
4467
4683
4608
4430
4275
3931
3602
3241
2865
2438
2091
1782
1388
1173
894
744
790
667
656
725
954
1273
1486
1851
2145
2454
2909
3251
3525
3794
4000
4173
4312
4242
4086
3923
3676
3457
3224
2890
2451
2093
1667
1078
582
-4
-647
-1245
-1793
-2371
-2901
-3278
-3676
-3916
-4215
-4432
-4444
-4608
-4666
-4692
-4654
-4540
-4519
-4387
-4118
-3923
-3780
-3631
-3530
-3292
-3033
-2750
-2278
-1872
-1437
-909
-517
-113
261
536
810
1016
1191
1420
1560
1664
1787
1791
1723
1566
1452
1248
876
607
367
269
256
155
159
172
109
53
-34
-131
-305
-495
-664
-747
-706
-743
-678
-545
-355
-57
172
427
708
985
1227
1428
1560
1661
1726
1709
1672
1559
1451
1387
1375
1461
1535
1558
1539
1515
1426
1216
932
632
188
-297
-689
-935
-903
-796
-623
-419
-178
90
184
188
47
-221
-547
-928
-1199
-1447
-1659
-1804
-1872
-1900
-1971
-1918
-1897
-1940
-1990
-2197
-2460
-2755
-3089
-3386
-3616
-3781
-3903
-3764
-3374
-2897
-2251
-1530
-803
-101
632
1206
1584
1965
2203
2257
2287
2469
2602
2740
3012
3219
3367
3392
3407
3382
3179
2885
2518
2192
1746
1373
1134
846
887
995
1144
1381
1576
1930
2227
2397
2462
2598
2629
2442
2284
2035
1760
1358
947
628
225
-115
-417
-820
-1213
-1521
-1883
-2182
-2450
-2735
-2851
-2958
-2983
-2829
-2601
-2353
-2093
-1844
-1665
-1473
-1289
-1196
-1147
-1104
-1094
-1008
-947
-884
-723
-650
-492
-315
-311
-318
-402
-587
-701
-809
-918
-991
-1041
-912
-653
-401
-108
129
293
510
663
745
750
726
726
606
506
505
514
527
529
588
750
856
958
1060
1071
1051
1001
908
688
507
356
170
-16
-211
-309
-421
-492
-589
-678
-623
-652
-794
-968
-1115
-1207
-1328
-1454
-1365
-1152
-867
-370
59
440
872
1064
1084
941
534
0
-569
-1134
-1546
-1834
-2072
-2177
-2145
-1902
-1651
-1395
-1043
-759
-425
-3
400
776
1168
1530
1864
2132
2296
2494
2635
2707
2774
2829
2940
2895
2785
2734
2618
2383
2132
1973
1747
1601
1510
1426
1444
1485
1615
1753
1910
2048
2179
2362
2469
2650
2742
2662
2522
2160
1747
1195
433
-393
-1282
-2076
-2871
-3596
-4145
-4543
-4729
-4834
-4721
-4557
-4420
-4201
-4097
-3945
-3759
-3673
-3617
-3519
-3413
-3290
-3251
-3205
-3040
-2892
-2521
-2078
-1799
-1430
-1169
-967
-705
-686
-739
-901
-1148
-1317
-1493
-1557
-1440
-1184
-825
-360
74
676
1358
1842
2321
2678
2862
2917
2839
2741
2591
2442
2243
1995
1893
1780
1621
1562
1498
1373
1266
1198
1167
1124
1035
960
922
911
861
867
964
957
1083
1342
1481
1658
1802
1918
2068
2094
2067
2065
2051
2015
1911
1812
1815
1752
1667
1684
1608
1506
1451
1256
979
721
394
-16
-394
-776
-1156
-1574
-1969
-2123
-2227
-2269
-2150
-2134
-2125
-2023
-1967
-1931
-1935
-2053
-2164
-2254
-2472
-2634
-2668
-2702
-2662
-2507
-2356
-2171
-1927
-1703
-1502
-1291
-1137
-1061
-978
-868
-710
-566
-433
-243
-51
211
527
741
1001
1296
1645
2037
2291
2467
2503
2457
2441
2351
2205
2101
2013
1954
1976
1941
1903
1806
1566
1469
1327
1048
851
560
278
74
-136
-232
-395
-540
-676
-814
-902
-1090
-1230
-1466
-1690
-1883
-2129
-2246
-2369
-2531
-2550
-2398
-2246
-1961
-1635
-1336
-1024
-860
-580
-329
-164
21
68
198
415
622
818
1049
1263
1360
1434
1383
1332
1261
1058
897
791
714
754
912
1031
1214
1320
1294
1296
1164
854
412
-34
-427
-906
-1371
-1702
-2005
-2226
-2301
-2333
-2278
-2219
-2197
-2182
-2232
-2321
-2561
-2828
-3102
-3430
-3596
-3644
-3463
-3162
-2757
-2061
-1318
-533
217
891
1522
2032
2314
2378
2399
2358
2341
2371
2366
2405
2403
2376
2458
2562
2576
2649
2690
2617
2695
2766
2761
2769
2744
2754
2797
2809
2881
2914
2941
3046
2945
2753
2568
2227
1838
1480
1071
696
372
105
12
-9
30
54
-29
-29
-11
13
34
-8
1
32
19
-60
-93
-206
-431
-558
-675
-884
-1085
-1262
-1480
-1590
-1770
-2018
-2142
-2290
-2424
-2489
-2561
-2546
-2422
-2354
-2302
-2359
-2563
-2882
-3331
-3853
-4394
-4858
-5198
-5348
-5303
-5160
-4867
-4402
-3869
-3296
-2794
-2330
-1916
-1661
-1459
-1353
-1233
-925
-721
-486
-172
16
431
895
1155
1474
1838
2145
2366
2541
2804
2985
3136
3336
3538
3785
3975
4172
4362
4533
4673
4799
4914
4902
4717
4370
3913
3379
2866
2269
1657
1151
616
251
15
-205
-294
-484
-578
-536
-640
-680
-732
-781
-798
-937
-1092
-1163
-1259
-1430
-1452
-1526
-1635
-1630
-1720
-1801
-1858
-1867
-1829
-1780
-1665
-1492
-1320
-1114
-813
-480
-128
242
711
1092
1361
1711
2013
2127
2162
2136
2050
2008
1931
1875
1804
1680
1558
1412
1258
1037
839
575
260
71
-100
-297
-502
-646
-797
-1025
-1130
-1231
-1398
-1548
-1750
-1949
-2098
-2208
-2289
-2346
-2384
-2370
-2258
-2120
-2024
-1900
-1656
-1423
-1205
-969
-778
-580
-431
-327
-250
-134
-13
6
-52
-103
-137
-168
-146
-62
21
35
83
144
216
322
438
566
597
631
694
772
911
937
903
850
746
694
602
555
596
618
675
686
710
727
649
642
539
426
363
262
252
150
141
149
74
8
-155
-200
-370
-545
-496
-489
-458
-416
-351
-301
-132
102
235
475
597
649
698
581
507
413
337
237
92
48
-109
-227
-247
-361
-506
-655
-723
-687
-680
-659
-536
-444
-377
-235
-42
116
298
494
596
695
741
648
545
538
410
199
134
95
118
164
214
375
515
674
802
794
729
631
615
518
342
207
2
-71
-134
-218
-183
-169
-80
-27
69
270
276
318
455
458
394
348
384
342
206
172
135
59
-69
-355
-538
-694
-1007
-1208
-1404
-1559
-1612
-1591
-1456
-1376
-1316
-1232
-1019
-796
-649
-499
-379
-347
-416
-472
-566
-665
-784
-892
-862
-664
-357
-144
93
340
465
454
365
209
-7
-181
-460
-676
-722
-780
-636
-343
-100
227
502
805
1038
1057
1121
1052
947
845
673
502
282
204
217
250
448
678
923
1156
1273
1391
1376
1341
1256
1063
967
808
586
423
398
375
291
184
199
287
234
249
316
264
120
76
127
126
100
75
123
218
293
379
352
340
449
391
270
182
12
-156
-288
-393
-538
-636
-620
-589
-543
-504
-551
-589
-495
-578
-598
-522
-637
-565
-489
-344
-157
-69
108
36
-85
-185
-522
-832
-1229
-1585
-1754
-1988
-2106
-1996
-1731
-1425
-1151
-814
-450
-50
301
451
421
413
392
191
69
-171
-453
-543
-677
-654
-629
-621
-427
-252
-150
-102
-24
56
107
110
101
139
28
-88
-88
-90
-108
-205
-328
-400
-477
-617
-784
-904
-925
-977
-990
-901
-823
-617
-358
-112
201
398
560
737
883
957
841
820
896
879
1030
1274
1436
1595
1847
2194
2399
2605
2838
2997
3065
3036
3037
3016
2963
2844
2790
2790
2691
2597
2531
2425
2218
2035
1836
1487
1084
772
449
111
-121
-305
-401
-432
-337
-256
-252
-251
-356
-577
-820
-1079
-1432
-1771
-2100
-2351
-2498
-2629
-2659
-2570
-2509
-2520
-2493
-2382
-2344
-2427
-2444
-2504
-2568
-2600
-2580
-2501
-2433
-2288
-2148
-1977
-1856
-1752
-1632
-1587
-1592
-1707
-1806
-1916
-2119
-2267
-2341
-2393
-2399
-2265
-2108
-1906
-1596
-1303
-1049
-800
-632
-561
-485
-403
-310
-207
-42
140
313
567
821
1015
1222
1408
1551
1702
1847
1915
2038
2224
2370
2574
2761
2980
3139
3280
3555
3794
3946
4038
4158
4132
4022
3975
3748
3486
3215
2883
2629
2391
2215
2035
1881
1804
1662
1478
1316
1217
1043
787
633
574
442
205
16
-154
-355
-621
-907
-1195
-1453
-1707
-2017
-2315
-2564
-2727
-2887
-2973
-2988
-2920
-2831
-2712
-2480
-2379
-2252
-2109
-2066
-1886
-1819
-1834
-1788
-1717
-1628
-1624
-1581
-1473
-1339
-1294
-1213
-987
-768
-647
-604
-525
-479
-483
-473
-386
-281
-125
70
142
246
333
391
497
565
605
646
585
481
536
580
623
691
680
737
799
864
929
881
716
549
419
250
145
-27
-267
-401
-495
-460
-396
-389
-318
-213
-78
64
208
343
458
482
447
496
495
533
667
781
806
822
939
974
1030
968
862
838
626
521
413
194
148
95
-63
-116
-76
-87
-64
-52
43
205
177
231
299
217
231
310
319
251
303
430
467
572
643
683
717
687
629
470
321
84
-93
-187
-363
-471
-655
-787
-782
-886
-964
-994
-1061
-1087
-1127
-1167
-1216
-1176
-1203
-1352
-1330
-1303
-1339
-1388
-1492
-1535
-1532
-1518
-1456
-1432
-1425
-1353
-1250
-1061
-802
-664
-497
-176
163
506
701
864
1041
1095
1090
1014
927
836
710
678
677
670
806
1032
1264
1452
1701
1933
2063
2217
2171
2110
2121
2026
1972
1839
1730
1710
1625
1564
1643
1616
1501
1480
1368
1218
1036
779
616
487
289
133
75
99
7
-18
13
-104
-157
-195
-344
-610
-887
-1161
-1367
-1543
-1764
-1950
-2048
-2046
-2090
-2078
-2058
-2079
-2023
-2035
-2121
-2174
-2120
-2046
-2004
-1963
-1888
-1759
-1682
-1497
-1335
-1287
-1250
-1272
-1270
-1360
-1459
-1590
-1701
-1694
-1690
-1662
-1673
-1596
-1469
-1358
-1110
-852
-656
-405
-166
26
276
432
553
687
786
923
1102
1299
1424
1608
1856
2014
2174
2347
2502
2567
2537
2459
2265
2124
2062
2008
1993
1954
2027
2150
2243
2388
2490
2568
2558
2451
2497
2493
2364
2291
2236
2269
2185
2073
2056
1926
1775
1506
1186
898
508
22
-471
-888
-1168
-1494
-1908
-2156
-2388
-2574
-2735
-2926
-3084
-3232
-3257
-3229
-3183
-3180
-3063
-2774
-2528
-2282
-2084
-1751
-1486
-1424
-1213
-1088
-1106
-1061
-1127
-1220
-1220
-1339
-1405
-1406
-1499
-1486
-1340
-1263
-1101
-871
-697
-290
137
462
860
1262
1621
1974
2288
2524
2701
2803
2834
2764
2682
2548
2367
2134
1831
1534
1226
965
667
433
180
-23
-20
-81
-171
-215
-260
-281
-281
-166
10
46
83
112
211
317
290
357
427
431
366
258
206
134
-49
-221
-393
-558
-657
-810
-861
-833
-847
-861
-823
-679
-538
-468
-389
-278
-224
-209
-72
56
92
140
218
283
267
291
290
222
157
76
26
-35
-100
-155
-252
-288
-317
-402
-553
-691
-785
-868
-864
-852
-707
-511
-350
-97
109
349
581
744
965
1100
1156
1199
1109
1002
853
578
318
68
-221
-506
-737
-867
-918
-1035
-1078
-980
-915
-847
-776
-671
-524
-442
-433
-320
-217
-216
-77
-51
-52
34
20
74
65
-23
-91
-215
-293
-377
-553
-661
-797
-871
-824
-809
-747
-685
-532
-425
-331
-125
-92
9
224
363
519
648
840
1043
1225
1326
1310
1322
1286
1254
1186
1082
988
901
844
763
759
820
862
958
1113
1152
1164
1149
1094
1109
1077
1013
876
793
846
795
735
713
551
411
281
114
-38
-201
-363
-453
-492
-612
-636
-672
-695
-637
-720
-793
-840
-849
-947
-1204
-1354
-1455
-1544
-1615
-1710
-1774
-1761
-1689
-1555
-1448
-1355
-1179
-1090
-954
-907
-983
-903
-901
-950
-1025
-1152
-1186
-1162
-1168
-1038
-853
-729
-423
-213
-90
79
215
388
432
449
544
613
689
772
842
1031
1297
1464
1586
1663
1753
1892
1867
1796
1740
1561
1481
1438
1450
1536
1529
1596
1646
1653
1649
1668
1690
1493
1289
1103
880
737
520
325
226
117
49
-36
-82
-155
-355
-472
-637
-752
-850
-967
-999
-1067
-1009
-1004
-941
-832
-856
-810
-803
-898
-1021
-1115
-1250
-1464
-1665
-1779
-1807
-1813
-1855
-1851
-1702
-1541
-1368
-1264
-1194
-1020
-929
-824
-792
-745
-607
-498
-231
-64
-17
83
192
359
510
476
401
406
272
9
-109
-236
-340
-342
-385
-313
-258
-131
15
122
195
196
289
270
222
231
252
306
420
565
663
837
1003
1098
1200
1239
1205
1121
933
840
785
583
473
421
394
396
455
601
571
638
779
831
910
888
956
1005
989
1050
1055
1080
1167
1236
1363
1439
1410
1437
1443
1289
1084
949
733
521
350
101
-89
-226
-362
-403
-429
-483
-466
-537
-626
-632
-743
-776
-801
-917
-885
-894
-950
-916
-905
-870
-822
-866
-967
-1044
-1156
-1367
-1587
-1744
-1851
-1921
-1964
-1995
-1912
-1738
-1519
-1333
-1239
-1100
-934
-873
-816
-749
-750
-749
-699
-692
-698
-526
-419
-321
-110
-15
128
263
273
284
338
277
231
309
329
430
539
656
868
1018
1191
1402
1605
1745
1821
1947
2067
2154
2181
2098
1989
1870
1813
1743
1574
1506
1363
1180
1065
892
735
474
279
97
-131
-208
-393
-595
-779
-960
-1067
-1113
-1180
-1202
-1175
-1252
-1190
-1049
-1011
-1050
-1009
-998
-999
-955
-1043
-1049
-1062
-1159
-1185
-1178
-1229
-1234
-1250
-1335
-1265
-1187
-1135
-1027
-949
-864
-593
-353
-288
-59
148
395
615
696
930
1054
1183
1305
1388
1535
1585
1667
1643
1641
1641
1508
1540
1434
1259
1260
1134
1098
1156
1122
1142
1139
1097
1036
961
858
735
615
591
611
518
432
362
331
224
49
37
-10
-163
-278
-438
-601
-699
-792
-917
-1056
-1114
-1077
-1033
-1003
-1037
-1065
-1070
-1147
-1120
-1158
-1237
-1221
-1285
-1276
-1201
-1060
-1031
-1065
-974
-966
-939
-913
-843
-813
-850
-799
-746
-678
-595
-494
-380
-248
-140
-44
90
75
81
206
189
189
167
195
334
289
296
359
336
408
431
429
455
389
419
397
233
180
137
134
149
138
245
288
345
472
506
668
772
731
733
676
686
658
564
510
497
511
476
453
441
442
424
440
442
365
363
370
351
387
413
402
422
512
664
745
744
754
784
824
745
646
583
501
480
445
373
293
227
151
83
56
-5
-88
-240
-379
-529
-632
-704
-854
-835
-787
-814
-803
-778
-685
-583
-489
-367
-374
-380
-329
-400
-414
-527
-663
-669
-753
-815
-869
-893
-910
-931
-930
-933
-872
-896
-930
-896
-896
-840
-772
-668
-481
-312
-113
0
72
200
285
330
302
237
99
-26
-181
-331
-392
-466
-455
-453
-381
-242
-114
79
169
236
302
318
332
323
326
345
427
519
604
716
749
784
773
733
753
689
634
527
403
334
220
169
198
243
286
318
412
657
721
668
806
897
833
761
780
770
631
536
594
576
487
541
564
454
353
305
188
-41
-201
-335
-479
-580
-706
-703
-701
-734
-618
-459
-301
-237
-144
-40
-73
31
56
0
48
-109
-165
-168
-238
-144
-186
-242
-325
-433
-422
-616
-827
-924
-1028
-1122
-1083
-972
-1004
-981
-869
-703
-582
-575
-541
-480
-383
-305
-280
-268
-236
-137
-74
24
116
178
272
303
310
236
166
171
135
-14
-235
-363
-361
-313
-258
-231
-183
-67
40
204
357
418
478
478
491
488
422
387
385
405
429
464
503
554
498
367
378
341
193
36
-81
-174
-252
-269
-237
-162
-157
-51
88
160
377
512
530
596
573
526
525
436
332
287
307
351
368
385
417
399
381
400
412
334
294
341
312
282
284
359
482
612
667
677
726
727
673
585
506
420
291
192
151
71
41
23
-105
-83
-68
-85
-35
-151
-280
-404
-491
-566
-759
-839
-815
-818
-841
-880
-863
-882
-940
-980
-980
-897
-861
-951
-999
-914
-891
-900
-872
-878
-901
-853
-821
-818
-785
-817
-800
-746
-733
-658
-661
-582
-452
-422
-205
-67
6
111
254
365
357
425
485
566
583
600
612
513
426
471
508
433
462
536
625
683
760
781
777
820
830
910
906
918
938
887
865
842
900
918
805
756
662
512
481
376
240
141
24
-49
-185
-293
-305
-351
-381
-350
-314
-305
-301
-281
-314
-293
-252
-256
-267
-335
-340
-358
-357
-372
-446
-433
-464
-507
-563
-636
-711
-795
-750
-676
-617
-594
-608
-531
-369
-279
-196
-38
54
166
272
289
341
503
547
514
589
582
591
620
596
656
710
696
652
601
568
499
388
330
256
241
260
206
194
194
257
295
306
304
237
279
269
243
245
121
38
0
-8
-76
-144
-85
-163
-241
-311
-416
-495
-684
-787
-846
-904
-917
-977
-906
-891
-935
-799
-763
-723
-580
-563
-531
-500
-522
-441
-429
-405
-330
-347
-288
-214
-114
-66
-75
-2
6
2
40
37
4
25
114
82
19
107
235
292
381
550
625
665
696
693
746
756
705
666
589
509
442
432
381
281
247
342
333
270
349
291
296
279
237
340
342
368
398
384
345
326
290
239
217
178
97
-11
-11
-53
-147
-206
-245
-273
-336
-380
-376
-360
-403
-476
-519
-505
-472
-475
-541
-542
-499
-467
-416
-421
-350
-336
-368
-338
-325
-291
-306
-296
-307
-308
-244
-242
-277
-232
-99
-125
-147
-71
-69
-43
-15
-17
27
110
133
169
241
314
427
434
394
434
432
460
511
501
440
437
465
461
452
412
406
400
391
354
298
186
125
197
102
62
154
88
41
55
127
224
226
239
236
209
167
76
12
-64
-141
-222
-285
-299
-270
-312
-426
-469
-522
-532
-543
-555
-511
-528
-536
-563
-534
-475
-431
-362
-378
-366
-272
-226
-221
-242
-303
-345
-429
-495
-514
-554
-502
-502
-516
-439
-367
-308
-227
-67
-36
1
34
17
53
34
116
160
137
133
146
224
228
166
223
256
227
346
386
319
404
447
493
533
527
595
601
646
693
642
616
685
721
642
670
660
575
565
527
540
543
532
500
432
422
377
312
312
283
206
163
119
47
18
-17
21
81
-13
-33
-18
-32
-44
-89
-103
-182
-221
-163
-188
-320
-458
-504
-517
-536
-604
-628
-623
-697
-724
-727
-697
-644
-679
-716
-717
-725
-686
-636
-534
-436
-388
-318
-267
-195
-146
-188
-204
-205
-185
-86
-165
-267
-235
-223
-146
-97
-24
-7
-120
-87
-23
21
16
52
204
256
304
369
418
487
539
601
687
734
727
712
697
625
601
578
444
433
447
410
391
265
141
120
85
73
137
125
53
68
28
-53
-9
3
-87
-76
6
13
39
59
58
39
9
-65
-168
-218
-254
-277
-327
-337
-350
-361
-304
-248
-263
-330
-295
-242
-270
-218
-154
-164
-85
0
14
43
-5
25
175
263
279
197
173
130
37
38
55
49
-14
-6
65
81
124
135
155
188
204
208
131
117
96
-3
-7
20
-7
-19
14
56
39
4
37
121
70
-69
-83
-178
-361
-413
-410
-401
-407
-455
-456
-362
-303
-285
-227
-230
-232
-160
-137
-136
-169
-179
-144
-163
-244
-228
-112
-194
-223
-103
-96
-120
-107
-57
-58
-91
-31
11
70
133
186
270
308
349
335
351
438
367
291
269
206
235
248
235
164
108
190
196
121
86
143
204
237
144
68
149
185
236
264
220
270
385
331
334
392
312
322
342
206
112
64
-35
-4
-21
-51
-56
-138
-74
-66
-75
-20
-64
-57
-25
70
114
-2
-4
-47
-169
-146
-62
-88
-150
-181
-195
-179
-219
-222
-181
-199
-212
-211
-229
-221
-220
-254
-274
-296
-275
-288
-285
-251
-275
-236
-216
-216
-246
-275
-274
-250
-208
-218
-159
-121
-119
-54
-115
-135
-77
-72
-74
-131
-133
-35
67
1
-19
34
29
166
121
25
99
68
24
125
172
177
307
245
130
126
168
187
169
249
208
142
184
159
157
135
27
66
148
134
147
134
170
185
147
129
104
237
312
209
220
231
228
288
242
190
126
70
115
12
-108
-106
-151
-171
-187
-225
-270
-211
-96
-81
-30
38
125
128
83
58
-17
-1
-46
-69
-42
-178
-220
-234
-323
-317
-241
-217
-230
-150
-137
-167
-136
-162
-152
-98
-121
-192
-196
-175
-199
-167
-49
7
-26
23
81
82
129
135
82
40
103
86
1
55
10
-33
-2
-38
-40
-40
-57
-40
-28
0
-15
37
160
135
163
189
204
214
178
147
41
47
72
53
70
13
-45
-50
-69
-134
-67
69
42
24
37
18
37
8
-119
-85
14
12
68
20
64
152
58
84
114
73
96
112
44
-32
-12
6
-47
-61
-29
-43
-9
38
22
27
31
63
91
50
99
156
80
22
-27
2
79
99
103
85
89
64
89
120
133
95
55
84
44
12
-47
-28
22
-21
4
3
7
5
-90
-114
-125
-103
-81
-175
-184
-178
-158
-99
-117
-95
-95
-94
-100
-111
-109
-192
-121
-108
-147
-172
-216
-133
-162
-138
-156
-119
-11
-131
-124
-73
-44
-47
-83
-76
-149
-139
-65
-28
9
-15
-48
3
71
188
227
174
189
207
232
238
235
295
336
281
236
273
298
306
292
252
275
247
183
148
166
212
192
202
222
197
137
147
149
84
31
-7
3
-47
-58
-61
-147
-114
-106
-124
-53
-86
-95
-14
-38
-113
-133
-149
-184
-181
-226
-257
-240
-327
-350
-338
-420
-416
-348
-304
-236
-218
-212
-217
-210
-193
-231
-174
-169
-169
-154
-243
-175
-129
-175
-85
-47
-96
-138
-57
69
-9
-67
6
16
-11
-9
-68
-156
-54
-1
4
67
126
228
195
203
221
257
349
282
316
368
293
291
334
323
308
284
212
254
346
355
366
421
422
347
325
255
246
201
157
195
116
213
242
93
106
116
165
259
142
44
76
74
76
36
20
-9
-41
-24
-106
-151
-173
-323
-392
-400
-438
-460
-487
-447
-411
-394
-395
-376
-266
-207
-220
-268
-298
-285
-268
-245
-219
-258
-340
-346
-307
-263
-233
-238
-214
-164
-190
-216
-100
-14
12
67
36
6
-27
-19
80
109
108
140
178
179
170
231
263
227
255
304
319
299
235
215
208
187
243
270
248
211
149
161
177
175
142
105
157
149
127
206
251
265
203
179
283
249
142
115
143
71
-81
-101
-46
-40
-107
-40
-31
-118
-16
-70
-135
-121
-204
-196
-225
-274
-273
-274
-281
-270
-201
-240
-271
-203
-163
-53
-60
-142
-158
-157
-54
-100
-165
-183
-235
-205
-257
-243
-252
-257
-194
-210
-156
-102
-67
-31
-31
38
92
88
128
124
132
199
179
183
229
246
259
217
177
226
302
276
219
230
238
240
258
291
302
235
210
262
189
105
136
135
61
93
150
72
137
217
173
153
121
110
73
-16
-44
-49
-147
-244
-301
-261
-152
-145
-167
-181
-137
-91
-86
-74
-116
-128
-95
-121
-166
-208
-274
-260
-310
-382
-257
-189
-254
-185
-50
-33
-34
-8
-27
30
52
-23
-27
-62
-81
-32
-50
-87
-69
-10
39
85
52
41
81
64
63
48
48
-16
-37
21
55
92
70
-10
-26
14
31
6
2
71
58
46
34
16
100
135
172
130
53
74
79
74
9
16
-5
-142
-100
-64
-149
-88
-18
-14
28
86
137
150
124
89
107
74
70
55
-49
-70
-87
-69
-21
-45
-41
-23
-7
74
83
32
76
95
-13
-9
60
-67
-120
-48
-101
-128
-98
-54
-32
36
123
146
180
161
173
205
179
127
111
87
13
-20
-34
2
-8
-81
-21
36
0
63
103
40
-18
-17
90
140
63
-28
48
56
-47
39
-40
-114
-58
-103
-74
-49
-43
-61
-59
-25
-81
-102
-119
-221
-207
-279
-385
-397
-461
-326
-277
-306
-271
-216
-93
-114
-104
-49
-43
-74
-92
-59
-130
-161
-156
-204
-138
-121
-130
-96
-52
18
18
5
84
211
157
83
104
127
148
106
117
140
139
199
163
148
243
285
302
239
246
330
319
287
254
293
280
293
370
270
190
208
171
170
138
44
91
110
33
85
73
16
106
79
48
109
69
40
25
25
-12
-69
-94
-202
-239
-181
-243
-307
-240
-205
-160
-170
-250
-237
-278
-302
-330
-332
-279
-372
-414
-344
-299
-329
-317
-263
-220
-159
-106
-64
-59
2
-6
-42
-44
-106
-133
-106
-110
-126
-77
-70
-22
5
43
63
50
109
178
247
216
292
348
313
318
266
264
300
318
285
282
257
223
229
170
207
251
221
267
254
291
323
181
222
239
172
151
110
124
1
5
70
-4
1
-29
-4
43
-23
-25
-8
-10
24
-46
-67
-9
-107
-107
-89
-223
-324
-356
-235
-220
-325
-245
-182
-157
-168
-183
-98
-132
-139
-95
-186
-215
-249
-269
-220
-269
-228
-155
-168
-170
-145
-51
-78
-102
-89
-174
-88
18
-69
-110
-42
-105
-141
-118
-157
-127
-127
-63
27
58
139
171
211
230
267
269
139
172
172
59
91
140
143
159
132
80
149
202
209
245
260
276
236
233
226
238
273
194
138
118
78
35
45
81
77
91
122
89
99
141
113
59
71
132
76
4
-33
-55
-49
-105
-121
-75
-99
-76
-42
-48
-14
-60
-32
47
-66
-99
-115
-166
-81
-114
-133
-162
-256
-196
-165
-177
-120
-89
-101
-89
5
50
-44
-50
-11
-40
-50
-67
-94
-101
-179
-147
-54
-127
-117
-79
-89
-138
-141
-58
-80
-70
-3
40
77
65
34
42
37
-22
-77
-93
-56
-54
-120
-64
-57
-47
-32
-3
89
89
148
112
81
160
163
137
119
68
-8
-19
0
-42
-7
59
31
56
151
191
157
112
131
203
153
145
127
39
16
-30
15
65
109
80
67
89
72
168
115
119
140
58
96
34
-46
-50
-113
-124
-36
-93
-158
-99
-105
-84
-55
-27
50
84
51
30
58
-26
-111
-59
-81
-147
-115
-55
-8
-67
-152
-125
-133
-147
-151
-164
-138
-97
-33
-71
-115
-77
-50
-30
-106
-100
-50
-104
-100
-86
23
14
-57
11
3
19
-34
9
92
48
77
80
69
0
-91
-89
-71
-40
3
53
17
-25
35
67
133
134
53
105
162
152
119
116
147
142
94
54
54
52
51
75
136
224
218
86
56
103
114
88
67
10
37
106
-63
-57
25
-74
7
27
1
75
13
6
87
-1
-40
51
-2
-87
-81
-72
-147
-118
-65
-165
-149
-131
-209
-208
-204
-169
-124
-112
-84
-79
-40
-70
-114
-49
-57
-61
-70
-158
-112
-71
-91
-36
-9
-2
-92
-136
-13
75
29
13
69
-3
-21
54
84
87
-10
3
98
92
105
113
117
138
115
47
70
118
85
53
38
66
22
-27
24
63
92
56
42
64
44
51
61
32
-23
-39
-54
-40
61
90
61
55
12
-35
4
-5
-62
-33
-39
-76
-72
-38
-84
-159
-162
-75
-9
-48
-21
-11
-29
-15
11
69
26
-52
-50
-51
-63
-44
-32
-28
26
96
66
39
19
5
105
76
-13
-39
-9
28
-1
29
1
13
60
32
88
130
114
73
67
85
111
95
111
163
156
108
20
-18
3
92
69
22
15
-2
-44
-85
-71
-83
-24
-25
-57
-50
-66
-37
-41
-90
-72
-39
-77
-83
-69
-44
-88
-208
-155
-119
-169
-91
-82
-117
-136
-135
-89
-106
-135
-171
-130
-155
-172
-112
-168
-140
-137
-86
26
41
61
5
70
127
106
123
45
51
65
85
83
-9
-10
16
59
54
62
86
64
132
146
169
239
244
241
186
189
203
159
78
30
61
40
86
77
-2
38
93
87
42
114
204
153
125
124
98
63
-2
16
7
-106
-93
-61
-169
-189
-156
-124
-111
-106
13
15
3
-93
-172
-31
-113
-154
-120
-170
-143
-239
-259
-214
-243
-169
-124
-108
-95
-131
-98
-62
-105
-117
-119
-176
-147
-149
-157
-96
-125
-134
-69
-34
-49
-13
7
30
133
114
102
85
84
142
81
53
98
72
5
27
94
175
147
84
160
203
159
175
306
301
307
335
227
181
135
170
141
-14
-15
24
68
104
48
38
87
102
68
112
162
103
130
157
74
-7
-103
-104
-76
-152
-131
-97
-145
-144
-142
-183
-160
-89
-54
-102
-92
-54
-131
-154
-190
-211
-187
-178
-174
-199
-114
-100
-204
-164
-109
-83
-38
-46
-21
-44
-89
-28
-40
-41
-17
-53
-7
52
35
20
39
-20
-45
-5
24
86
81
76
106
89
42
46
61
104
174
102
22
43
89
108
109
148
110
79
152
116
121
123
67
121
86
13
18
-28
-78
-46
-31
-85
-61
65
74
-12
-21
-17
-5
31
-23
15
62
2
-13
-24
-49
-100
-65
-74
-115
-37
-23
-19
-76
-92
-22
-17
-26
-54
-44
-88
-102
-15
-17
-55
-25
-16
-21
8
52
56
14
33
45
49
47
56
102
58
31
37
11
37
81
85
48
59
41
-8
75
75
10
50
12
25
64
3
38
70
8
-21
1
-66
-52
55
24
56
92
23
39
23
-65
-92
-94
-100
-61
-39
-122
-163
-147
-148
-154
-121
-94
-129
-146
-138
-86
-47
-54
-38
-50
-55
-27
-19
-56
-80
-56
-87
-35
15
-58
-41
-15
2
35
36
17
-28
-67
-42
43
82
95
61
58
99
107
145
155
118
104
116
138
156
186
220
104
65
133
143
106
13
48
93
95
75
35
27
11
80
122
69
88
70
-8
33
36
11
53
-23
-29
45
-13
-70
-56
-79
-111
-113
-195
-141
-33
-52
-61
-125
-84
-60
-185
-161
-94
-164
-181
-85
-117
-186
-175
-106
-70
-156
-113
-2
-44
-118
-82
-5
0
-69
-78
-15
-28
-31
-26
-76
-36
34
16
-9
-49
-39
32
42
128
199
134
105
112
133
55
47
116
66
70
120
138
182
215
157
191
219
121
74
141
172
128
85
67
50
-20
-21
19
44
16
-63
-23
59
58
-24
-23
43
50
86
64
-6
-3
-48
-164
-145
-91
-138
-127
-62
-101
-173
-131
-80
-99
-93
-161
-143
-27
-104
-106
-75
-135
-154
-172
-97
-66
-97
-56
-37
-14
-15
-38
8
7
-16
44
33
0
23
-4
-2
-32
-46
14
-2
37
38
1
84
52
-6
69
128
168
90
71
105
23
54
77
61
33
1
0
12
56
85
98
59
44
40
16
61
92
48
37
-35
-112
-53
-58
-78
-32
-39
-7
-52
-79
60
21
-12
24
-17
33
20
-39
-20
-23
-31
-43
-62
-65
-105
-119
-36
27
-22
-58
-32
-25
-13
36
67
22
-28
39
41
-29
-24
-30
55
87
-10
27
76
2
12
67
105
98
50
90
35
-2
32
3
-22
-76
-34
-7
6
59
61
21
-5
7
6
36
32
145
129
20
73
-4
-86
-70
-58
-86
-114
-91
-40
-36
-74
-64
-16
14
-31
-52
12
-17
-79
-102
-89
-41
-5
-59
-136
-80
-46
-31
32
39
-2
-14
-73
-79
7
-12
11
-16
-74
36
-20
-104
13
17
-23
-23
-34
48
58
30
56
17
36
94
58
29
84
132
98
62
46
56
116
111
100
78
59
105
57
-10
-41
-11
55
21
-18
29
74
58
-9
-42
44
98
74
103
137
101
75
18
-83
-52
-53
-118
-39
-19
-72
-16
-15
-103
-40
-58
-121
-35
-21
-13
3
-10
6
-24
-117
-133
-101
-87
-67
-128
-166
-52
24
-33
13
103
49
-22
-10
71
48
36
0
-114
-134
-94
4
-54
-65
4
-71
-56
-14
19
69
96
106
84
68
72
110
63
50
60
26
10
16
58
-21
-37
28
11
-45
1
80
23
28
32
-15
32
35
-10
-23
-20
20
22
8
7
-26
-4
2
-9
28
-7
-22
-19
-98
-84
29
54
25
-2
-23
-41
-67
-56
-54
-54
-33
-6
-16
-35
-57
-31
40
-26
-15
-7
-25
39
13
21
48
55
29
7
13
-27
-10
11
-30
-55
-18
20
43
41
16
50
69
37
47
61
92
118
51
-29
-10
71
37
4
-8
-129
-79
-36
-37
87
69
57
94
54
84
76
13
49
30
2
-61
-167
-78
-29
-118
-145
-68
-17
-44
5
18
27
13
1
98
49
-36
-23
-28
-45
-98
-148
-142
-127
-48
-97
-139
-10
8
65
48
-20
71
39
13
43
40
7
-66
3
-50
-97
11
-5
-7
3
60
69
64
112
135
85
-31
91
119
77
50
-56
-18
-26
84
95
10
57
41
60
31
103
149
48
61
35
38
56
-25
-38
-41
-62
-57
-18
29
9
-17
-22
-17
29
0
-15
28
-35
-17
-7
-58
-51
-78
-83
-63
-121
-138
-77
-62
-72
-79
-36
-3
-48
-38
-15
-17
-2
-52
-31
0
0
4
-109
-134
-116
-86
0
15
72
54
-27
-18
4
11
-52
-14
64
39
32
42
76
-6
6
98
24
50
78
-12
-3
50
41
36
55
100
88
44
-26
-47
49
68
89
95
78
117
110
72
31
8
-20
6
16
-2
46
48
8
-23
14
37
-50
-52
19
-2
-43
-26
35
17
-20
23
17
0
-22
-45
-44
-91
-120
-41
39
20
-62
-157
-89
-32
-90
-4
38
-30
-54
-57
-43
-35
-42
-12
-7
-39
-18
-2
-38
-24
23
-5
-12
-24
-43
-33
-34
38
74
59
77
81
49
-23
-5
23
52
83
16
39
65
80
75
-14
-48
-47
14
39
18
32
58
56
39
51
-4
-12
31
26
40
62
35
52
36
-23
15
-25
7
58
7
-1
-121
-124
-73
-110
-72
-74
-4
16
-1
-9
-68
12
1
-55
49
39
-12
19
-17
-39
-54
-19
-8
-61
-61
-84
-64
-33
-64
-83
-56
54
127
60
32
86
60
-26
5
19
-22
20
-27
-73
14
29
8
40
14
53
117
116
103
29
0
-16
16
32
-4
49
42
23
92
95
5
-69
-26
-43
-77
-44
-32
6
-19
19
-2
-18
74
1
21
42
-16
-6
-108
-85
33
-25
-20
10
-64
-74
-88
-114
-37
-42
-129
-76
-26
-79
-58
12
-26
-23
-21
-21
45
38
57
18
-9
-6
22
30
-80
-36
-3
-6
34
-26
0
46
57
38
-35
12
54
3
31
106
108
66
61
64
43
54
9
26
99
-9
19
56
-55
49
55
-10
57
41
-2
-18
-11
54
83
27
20
9
5
13
-56
-45
-16
-33
-18
-52
-23
-11
-65
-50
-84
-46
26
20
10
22
-2
-75
-65
-19
-22
-37
-54
-61
-4
-39
-79
-36
-60
-38
-46
-90
-12
16
21
50
-26
-29
-4
25
31
-57
-2
51
62
84
33
17
45
9
-33
4
-2
-57
-12
73
21
-41
47
132
129
97
112
109
28
-20
-15
42
78
132
103
12
31
-40
-82
-20
15
29
15
45
117
69
16
87
34
-57
-64
-70
-26
-32
-49
-18
-1
-20
-22
-5
-29
-77
-85
-26
-33
-29
-29
-41
7
-53
-69
-32
-44
-63
-146
-93
-45
-94
-64
-51
-16
-43
-57
23
55
1
-67
-12
-19
-93
-29
9
-10
24
-32
-52
-39
-81
61
45
2
128
97
119
84
-9
41
-12
-33
-6
-34
16
38
15
3
-15
54
128
20
-10
49
98
110
63
74
77
33
14
-8
-100
-71
-36
-40
-36
-14
45
-32
12
50
-25
32
29
-39
0
46
-16
-64
-64
-58
-18
-10
-82
-85
-19
-61
-4
63
-25
-18
-14
-7
36
17
-18
-41
2
5
-1
1
21
67
89
54
12
43
49
36
59
61
-30
17
82
6
15
73
81
14
13
67
76
119
166
149
70
13
60
99
131
96
-14
-63
-71
-31
-55
-60
4
59
89
81
35
-13
43
19
-14
38
-22
-77
-89
-104
-66
-84
-65
-23
-46
-25
-83
-80
59
-30
-72
-69
-104
-39
-84
-59
-34
-51
-10
-66
-84
-51
-33
-26
-99
-83
-25
-73
-75
9
68
17
-22
-8
-49
-40
21
55
30
13
36
24
26
-2
8
100
32
-21
5
-25
-9
-19
26
67
53
30
-30
3
22
52
83
82
112
60
-33
-55
-25
19
17
-36
-32
-18
-45
-2
14
25
39
-37
-26
-9
-33
-60
-99
-36
-84
-67
26
16
40
-80
-97
13
-14
-56
-2
19
-26
-16
-60
-76
-36
12
-34
-103
7
73
58
-61
-25
91
-10
66
72
-15
27
-16
6
27
-7
73
83
43
48
78
95
64
42
10
58
90
93
74
2
46
49
20
91
86
67
85
48
67
44
-44
-36
-5
60
58
-21
-1
37
-6
4
89
21
-83
-37
31
-8
-49
-9
23
-12
-33
-74
-96
-65
-88
-7
2
-108
-134
-81
-53
-20
15
10
4
-61
-41
-40
6
-2
-82
-58
-111
-79
-51
-48
-72
-49
17
-34
-10
34
44
-20
-48
82
39
-16
14
-23
3
-5
-16
-49
-10
57
-12
-3
49
102
64
-10
-27
-26
31
11
-13
-25
-12
79
100
0
-15
-12
-40
12
-35
-14
62
25
19
1
-13
9
-7
-51
-60
-82
-42
46
-34
-69
11
11
-48
-13
28
-84
-51
-1
0
20
-46
-51
-57
-33
12
-9
-35
-34
23
129
46
-39
-28
-77
-49
-62
11
63
22
76
71
52
35
-40
-56
25
64
49
88
47
27
39
-44
-3
-4
0
82
39
66
117
80
80
88
39
-19
-13
21
15
1
10
9
-39
-33
0
-5
20
13
10
34
6
9
-11
0
34
40
57
-12
-19
-26
-64
-25
-17
-55
-91
-56
-9
-15
-2
-25
-17
-30
-27
56
15
0
27
-17
-21
9
-19
-21
0
-41
-31
-22
-9
-42
-10
81
34
4
-15
42
32
-7
30
-10
-3
-3
23
33
-26
17
21
41
45
-44
-3
-9
-25
3
-24
36
45
24
45
25
-11
-29
-16
-46
-12
-6
10
40
-28
-7
23
40
5
-11
0
-85
-72
-32
-10
-56
-101
31
44
-9
12
-13
25
15
-47
-39
-3
18
-20
0
16
-16
-27
-36
-70
-108
-40
9
40
32
-66
-16
59
27
21
17
34
21
-55
-23
30
-13
-10
30
-10
-18
0
