66
-31
-33
35
23
-35
-72
-37
28
23
-4
-60
-89
-93
-110
-73
0
-22
-80
-10
41
44
29
22
-4
23
12
-33
3
-28
-21
28
52
6
-47
8
-4
-2
67
48
-33
-86
-40
-61
-86
-56
-84
-53
-71
-103
2
98
108
97
131
95
-2
-17
-32
-39
-89
-105
-48
-54
2
48
-27
9
39
57
164
61
-16
-6
-141
-166
-162
-81
59
9
-35
50
150
128
65
68
83
25
-21
-20
10
35
18
47
45
-51
-32
85
109
67
88
60
-36
-32
-82
-124
-166
-175
-41
-34
-18
30
21
115
166
131
113
122
80
10
-51
-128
-109
-118
-59
47
12
44
111
55
74
137
70
16
-32
-35
-2
-65
-27
46
41
122
187
160
137
146
99
-32
-66
-50
-97
-152
-196
-183
-142
-82
-11
41
111
128
44
-16
10
19
-20
-84
-134
-157
-138
-41
-8
-40
-26
-58
-44
39
98
67
-2
44
0
-110
-111
-87
-32
47
86
-47
-96
-34
-87
-58
-12
-14
-29
-44
2
-69
-127
-46
-43
-15
51
126
142
51
52
54
92
96
-10
26
-60
-193
-236
-305
-97
-9
-34
74
53
41
67
74
28
-40
-134
-149
-4
62
82
76
84
117
51
38
129
138
42
-63
-25
5
-139
-128
-93
-93
-23
-68
-65
2
68
61
25
58
80
128
83
36
36
-76
-39
100
47
-4
34
50
101
121
60
75
116
70
17
-79
-72
-18
-130
-137
7
44
30
29
22
1
-40
19
50
136
178
80
12
-64
47
104
71
124
113
52
-39
-64
-91
-52
103
165
122
6
-10
-19
-56
-18
3
92
72
36
60
35
95
93
94
88
18
0
-24
-59
-65
7
18
31
123
73
-10
-22
-12
83
131
22
-47
-94
-150
-112
-104
-127
-59
-41
-129
-136
-124
-121
0
-23
-72
36
47
14
-26
-62
-54
-11
26
10
2
5
-31
-89
-66
-38
-69
-88
-50
-53
-113
-76
-34
-85
-108
-82
-108
-184
-176
-45
-12
-25
-47
-46
16
-20
0
-3
-89
-125
-195
-148
-130
-187
-46
-49
-99
9
43
50
41
-40
-76
-41
-54
-55
-107
-166
-112
-83
-73
-28
18
-75
-42
102
41
61
83
67
67
23
14
27
54
11
49
68
31
53
43
75
50
39
49
-11
-26
-23
-28
-65
-67
-1
22
92
141
179
235
203
181
162
114
47
55
23
-43
-53
-76
-60
-17
40
33
46
117
97
116
93
63
39
19
87
1
-65
-47
8
124
118
95
133
176
150
112
128
107
36
-35
-16
-20
-14
114
51
-20
83
81
73
135
63
-7
78
60
-15
-22
-32
-51
-55
-8
39
84
81
114
171
149
183
183
158
118
25
-28
-86
-120
-59
-13
-78
-59
21
-34
-76
-85
-80
-38
-68
-92
-48
-47
-139
-121
-116
-155
1
32
30
94
49
-3
-79
-92
-147
-142
-101
-189
-202
-164
-161
-122
-90
-108
-87
-50
-85
-127
-49
-110
-269
-145
-82
-124
-79
-131
-120
-36
-57
11
91
38
-32
-86
-81
-78
-54
-45
-88
-97
-31
13
-26
-31
0
-4
24
46
50
-12
-69
-18
-6
25
93
79
36
111
173
155
100
69
79
66
79
60
33
0
-6
-2
25
49
10
71
83
79
89
30
43
35
36
-27
-85
61
150
106
68
46
39
67
114
172
116
46
26
31
59
29
53
80
63
42
101
120
87
87
50
60
55
67
64
9
-43
-43
40
50
103
128
79
166
131
33
28
2
45
59
34
-23
-9
73
81
77
3
46
76
41
80
-31
-63
-34
-119
-151
-139
-43
-16
-53
-47
-59
-25
-50
-56
-29
15
3
-101
-85
-86
-130
-143
-144
-159
-156
-63
-60
-48
-55
-38
-16
-99
-44
-30
-61
-63
-122
-118
-72
-96
-111
-87
-44
2
45
5
-80
6
6
-131
-80
-40
-66
-84
-69
22
-18
-14
32
-42
-57
-84
-56
13
-99
-81
-29
-180
-163
-105
-63
20
11
68
144
119
97
68
57
72
-23
-26
56
43
55
63
-14
-82
-35
77
76
6
14
22
40
21
28
100
81
79
30
102
175
78
162
187
83
60
82
70
47
113
140
97
83
71
51
30
60
76
54
76
87
95
152
168
75
3
20
57
82
59
15
33
58
5
-1
6
60
115
56
29
18
29
34
-2
-59
-63
56
43
-45
-10
1
-78
-118
-122
-135
-78
-116
-76
-30
-99
-37
-34
-59
-59
-81
-51
-48
-1
68
45
5
-55
-100
-127
-142
-137
-85
-51
-181
-160
-33
-128
-167
-121
-85
-28
-60
-81
-63
-60
-8
-20
-64
-90
-128
-67
-34
-14
46
32
0
-54
-77
-54
-68
-18
-43
-81
-44
-29
-4
-71
-79
-25
-41
-36
-64
-89
-8
17
27
44
0
8
-42
-82
-11
28
36
31
57
48
34
69
53
16
-7
32
47
31
32
-45
16
80
0
19
24
39
118
68
38
97
63
19
20
50
39
-18
80
165
47
20
6
-18
70
60
19
-5
41
74
95
140
44
19
15
25
77
17
73
87
14
53
43
64
72
-7
22
113
77
81
72
19
68
-1
-2
-5
-30
84
50
18
17
-27
27
63
20
-58
-46
10
24
63
11
9
24
-15
23
36
58
35
-48
-14
-6
-52
-25
-35
-34
-48
-135
-42
31
-61
-103
-102
-83
-124
-49
-6
-32
36
0
26
23
-75
-125
-153
-68
-68
-70
-22
-98
-73
-60
-76
-62
-80
-77
-84
-69
-84
-38
-34
-101
-41
-37
-43
8
-9
15
24
-79
-107
-82
-38
36
-49
-55
0
-32
-20
-23
-21
-59
-39
28
38
43
1
14
21
-26
-27
5
-12
-27
86
66
-5
-27
-83
-3
25
7
77
38
19
39
17
21
32
49
87
50
0
-11
-86
3
52
-3
45
-3
-23
37
3
4
15
12
41
7
36
58
-36
-3
92
53
54
39
28
58
-3
20
9
-7
78
92
58
24
-9
27
51
-18
-14
16
56
39
0
53
80
38
45
70
-11
41
106
-23
-56
-9
17
46
39
19
3
26
41
53
50
6
-12
-43
4
30
-22
0
-28
-10
31
11
62
83
-2
-63
13
56
31
39
53
75
8
-27
20
-63
-56
9
-45
-100
-140
-27
38
-5
10
-34
-32
-21
-12
18
-69
-98
-47
-51
-51
-37
-4
-62
-59
21
-54
-10
36
-67
-69
-9
5
20
90
14
-70
-21
1
-10
-106
-75
-78
-94
4
-33
16
44
-41
-33
-70
-61
29
22
46
51
35
-2
-71
-59
-1
35
-3
-18
36
44
26
40
79
33
-70
-97
-44
-7
-13
70
101
-37
-61
18
-53
-34
64
-36
-18
66
14
-33
-52
11
30
36
74
61
-23
-45
-7
-53
-18
-2
45
25
-51
42
17
-44
-9
47
53
-14
4
38
-3
30
48
65
104
34
-30
6
57
77
41
16
67
63
70
66
-12
26
82
29
29
67
75
-7
-21
41
-56
-64
-61
-136
-29
1
-59
17
52
59
11
-32
-24
-53
54
56
5
41
-27
-66
-60
-92
-26
20
-73
-73
-85
-130
-110
-101
-33
9
30
12
-52
-25
-13
19
1
-42
-49
-65
49
34
-58
-5
62
20
-31
13
-54
-47
-24
-48
23
8
55
53
100
122
22
66
80
44
-15
11
38
21
70
59
-4
-46
13
-3
-40
-7
-7
110
131
58
83
63
50
-3
-54
7
21
-23
-54
-22
24
6
0
32
36
8
31
16
7
0
16
-10
-47
25
23
77
58
-35
-30
0
19
-32
-56
-82
-103
-82
-31
-2
-71
-37
-9
-98
-61
-3
-4
3
-27
-77
-72
-120
-199
-114
-39
-17
23
32
38
11
-45
-15
74
83
41
81
86
24
-4
-30
-16
-37
-84
-65
-75
-92
-25
20
-7
-3
-14
-73
-72
-43
-62
-41
-16
-70
-39
-5
-45
-23
46
48
21
34
26
-9
-85
-132
-74
15
63
49
20
47
60
28
5
32
40
0
-38
-40
-18
-15
35
-2
-18
18
-7
4
0
27
93
45
73
161
85
58
72
128
166
82
18
47
82
-4
12
-6
3
65
7
38
-7
-36
39
46
20
-13
22
58
-32
-41
34
-13
-10
-3
-62
-8
-40
-97
-43
-27
-29
-74
-68
-30
-29
11
30
12
23
41
39
-60
-46
-15
-30
27
-61
-26
5
-40
2
-47
9
68
16
48
43
9
38
98
52
-17
-33
-41
-10
-45
-64
-45
-9
18
-86
-80
19
-16
-30
-20
7
30
-43
-61
-60
-45
58
70
24
9
-32
-86
-29
-28
-76
22
40
53
40
-62
-64
-59
-6
68
22
52
39
-52
0
-7
1
53
-1
-54
-46
3
16
-15
7
-5
2
11
-9
104
108
25
24
34
33
27
-1
-55
-36
25
-17
-63
1
-6
0
30
53
133
78
5
-10
-45
-10
-6
57
155
67
15
44
14
-28
15
25
-22
11
0
32
29
-51
-24
-18
-25
7
15
-11
-13
52
14
-60
-103
-23
35
-43
20
92
25
-23
-1
-43
-50
-23
-15
38
60
36
0
-44
19
46
-30
38
107
95
4
-81
-68
-21
76
13
-54
81
35
-57
-22
-38
-34
-37
-49
-17
2
-17
16
64
-40
-129
-6
36
-43
-68
-4
32
-23
-36
-71
-46
18
-13
-30
-53
-31
76
-24
-92
-35
-2
20
-58
-47
-89
-62
45
-8
16
-17
-8
27
-104
-99
-10
13
22
32
92
120
21
-16
24
58
41
-8
-19
-68
15
11
-24
69
7
-6
21
17
110
59
-22
16
47
27
-38
19
50
34
35
-40
-9
31
-31
-4
68
47
19
0
64
87
38
39
0
-41
-59
-22
-16
-43
-35
-37
-23
2
9
-4
67
34
-106
-50
-4
-37
-2
55
55
20
-15
21
33
-15
-22
-96
-11
85
11
55
28
-49
-1
0
-66
-123
-89
16
-11
-61
-14
-3
11
-16
-67
17
25
4
55
-9
-41
-37
0
58
49
47
15
26
72
36
1
-13
-1
-3
46
58
-48
-46
-19
-34
-60
-46
-21
-24
36
-16
-75
-45
-72
35
63
-1
22
-55
-37
-34
-71
-26
-6
5
-20
9
28
32
17
-17
0
-24
14
37
-8
-98
-108
28
-18
-4
5
-3
94
-6
14
64
-18
-16
-16
-4
7
36
16
-39
-25
-9
-18
-37
-42
27
60
5
-40
-57
-21
51
72
5
-18
-10
-97
-104
48
19
-49
25
48
55
44
33
62
73
74
22
-22
20
45
-1
3
16
1
33
6
-55
-7
1
-42
30
118
35
-25
9
-11
-41
-67
-20
-24
-40
54
58
22
6
16
87
98
54
-10
4
26
21
74
54
57
29
-58
-41
23
45
59
80
53
12
-17
9
30
-78
-155
-96
-77
-9
19
-59
-37
-94
-93
-51
-117
-42
-16
-64
-7
-23
-39
14
2
20
9
-24
57
32
-36
-38
-75
-21
-24
0
62
-44
-13
18
-19
-25
-53
9
-3
-66
-42
-61
-70
24
11
-4
12
-29
-5
-44
-69
-30
-11
24
6
-77
-62
21
-11
14
-18
-48
46
-20
-84
-24
68
18
-19
50
17
-4
16
61
68
32
103
109
19
0
28
53
10
-5
15
49
69
39
81
90
26
79
92
21
6
-31
22
11
-37
67
36
-15
-33
-77
-5
47
49
6
18
8
-9
89
19
-72
-4
-39
-47
37
28
18
-8
-21
-20
-63
-32
-11
-6
-52
-105
-3
-9
-47
53
16
-48
-15
34
70
16
22
33
10
47
49
77
56
13
10
-3
-1
-2
39
75
29
-60
-76
-24
-13
6
21
-53
-56
11
28
26
-11
32
84
30
-9
-21
32
-20
-59
-12
-92
-67
-7
-17
21
39
12
3
-39
-46
7
-33
2
68
14
21
56
-33
-46
-5
-70
-9
78
-7
-21
41
-14
15
39
-36
-1
2
43
101
91
25
-90
-88
-17
21
-49
-52
-27
-52
-53
-61
7
-5
-88
-25
41
3
28
25
-47
-37
-24
-2
34
40
97
46
-51
-12
-5
9
40
-15
-10
1
-38
-4
41
32
-17
-39
-15
-33
-49
15
44
4
2
6
22
67
40
26
-19
-136
-82
58
66
-26
-29
64
60
-36
-51
60
106
-6
-47
34
59
23
13
29
46
-28
-83
7
0
-56
0
1
-26
-22
-35
87
71
-51
43
41
20
11
-75
-75
-76
-67
0
16
-67
-34
15
-27
31
4
8
40
-24
1
-35
1
52
16
35
16
31
7
33
50
-19
3
-9
-44
-42
-55
-8
16
-36
-39
-27
-53
-31
-21
-49
-58
-76
-67
-50
-9
56
38
96
129
8
-10
29
55
79
36
9
13
64
60
2
95
86
27
55
-3
-69
-35
28
11
1
-43
-49
-15
-58
-89
-51
-70
-93
-65
-59
-64
-39
13
-78
-66
15
-8
39
46
49
77
61
108
154
140
125
101
54
3
42
135
123
76
49
30
95
98
16
-24
-37
-55
-56
-53
-133
-116
-42
-34
-33
-92
-118
-156
-135
-49
-39
-17
-54
-17
27
-37
29
7
-16
44
30
40
41
38
16
30
20
-17
-17
-18
33
24
35
77
26
6
-3
-66
-47
36
-48
-139
-99
-42
-35
-80
-57
-39
-60
-15
0
-60
-107
-63
10
0
40
33
-26
28
43
4
58
109
131
143
45
13
77
84
68
90
108
10
-34
-13
-22
-2
56
74
-24
-19
-27
-145
-89
-67
-75
-96
-181
-139
-100
-62
-52
-119
-87
-50
-34
56
54
34
32
-27
-14
-12
-49
43
76
54
110
111
124
109
94
84
27
70
94
47
37
37
4
-11
50
21
1
0
-4
28
-35
22
25
-17
-26
-42
8
-64
-27
48
56
5
-26
108
93
-3
-7
-9
-88
-66
30
30
56
5
0
29
-31
12
-9
-39
77
63
10
39
8
-32
2
32
2
-60
-138
-47
-7
-65
-3
0
-6
-25
-89
-103
-65
-24
-34
-72
-60
-36
-68
-70
-41
-5
17
85
70
5
24
11
20
-21
-20
53
61
74
33
74
110
90
101
-8
-15
70
48
19
-29
-54
-21
-58
-61
-5
-52
-24
2
-67
-24
-102
-122
-43
-54
-5
-51
-39
-69
-90
41
-14
-60
-13
-5
93
113
34
21
77
103
57
115
125
79
78
43
36
44
9
15
55
7
12
25
-85
-105
-135
-138
-74
-109
-39
-72
-129
-26
-25
-67
-111
-46
-1
0
57
-41
-44
-44
-36
89
15
-13
97
151
55
-14
56
83
119
138
79
139
120
17
89
90
37
28
45
3
-55
-18
-48
-55
-41
-65
-39
-45
-63
1
12
-18
-48
-141
-85
-16
31
73
20
32
14
-54
-53
-30
-10
41
53
33
39
54
104
80
57
66
-10
-13
-14
-8
32
-1
-63
-72
-11
3
-43
-95
-81
-65
-49
-37
-63
-17
-35
-118
-156
-58
47
-57
-108
-53
-20
12
8
25
33
19
39
53
96
139
116
81
70
47
53
70
21
65
100
28
67
52
-6
-33
-91
-48
-25
-63
-147
-146
15
-30
-89
-87
-144
-92
-59
-46
-67
-44
26
-43
-26
-18
-71
27
28
33
67
85
144
90
65
112
172
157
72
40
-2
11
48
-18
70
93
-32
8
-54
-62
-27
-43
4
-22
-5
-79
-72
-5
-131
-81
-61
-139
-101
-32
46
24
36
46
-13
1
-34
-32
21
20
3
-31
5
27
28
52
47
117
126
66
109
69
24
0
-33
-35
-131
-131
-51
-40
-37
-50
-45
-33
-43
-35
-79
-97
-65
-52
12
80
96
38
17
60
-19
-17
54
49
107
83
82
61
-40
24
5
-31
29
29
19
-20
-7
89
64
29
119
-31
-113
10
-32
-34
-79
-61
22
-64
-131
-123
-69
15
73
-11
-47
31
2
-17
-69
-71
15
-60
-43
36
17
11
8
38
12
50
126
74
88
86
-10
-65
-18
24
20
4
-3
85
106
17
-53
-82
17
18
-55
48
76
15
-22
-22
4
-31
35
-9
-77
-88
-153
-69
-63
-24
11
-21
0
-73
-37
13
63
98
43
100
73
68
57
-24
33
37
-1
5
23
49
38
-54
-88
-39
-16
12
4
-4
47
14
-15
-14
-127
-122
-64
-97
-67
-45
-13
31
0
-54
-41
7
-31
-49
-10
-11
-67
-49
63
7
-32
-4
-27
24
31
61
96
36
34
74
105
98
21
-26
-7
64
92
71
64
28
-20
-55
35
89
30
56
66
3
-14
2
-30
-59
-49
-52
-99
-75
0
-25
18
21
-58
-27
-16
47
83
7
46
40
27
108
94
132
79
-81
-14
54
124
169
52
62
75
61
98
29
-60
-109
-91
-1
51
-1
-41
-97
-126
-103
-118
-75
-92
-80
-78
-151
-118
-34
12
-73
-142
-79
-20
-6
-6
10
9
-18
-7
58
116
58
25
78
89
50
89
120
55
5
-27
-30
9
-2
-56
-42
-4
3
-42
-25
18
-69
-118
-96
-88
-69
-13
34
-37
-106
-64
-30
-16
9
2
24
14
16
47
68
134
90
92
85
28
89
95
132
68
11
17
-74
-68
-39
-7
-30
-22
83
38
-51
-31
13
-17
-38
53
20
-37
-14
-93
-41
-31
-123
-46
8
-4
5
-23
-27
24
-5
18
79
44
-15
-38
-3
59
101
69
40
35
30
75
57
69
123
68
70
107
9
-61
-26
-4
0
-60
-65
-27
-84
-62
-35
-63
-42
-68
-78
-81
-93
-55
-13
9
5
-44
-22
10
-29
26
26
-37
-28
29
11
-18
60
26
36
60
-32
-5
-18
-45
-24
-21
-6
-55
11
30
-31
13
-105
-131
-52
-36
59
32
-22
-12
-49
-15
66
93
106
49
-42
-12
10
13
75
53
-20
11
47
25
22
-20
-38
-74
-102
-42
-18
46
18
-42
36
-18
-110
-76
-52
-84
-66
19
19
3
13
10
11
10
18
-29
15
149
128
47
-27
0
88
64
35
55
30
17
82
81
43
4
23
23
5
23
-62
-92
-22
-23
-62
-92
-112
-20
7
-29
4
10
18
-18
5
65
41
52
-13
-40
66
6
-13
86
28
-19
-65
-5
36
-9
74
37
24
28
10
-42
-62
110
58
-19
34
-68
-73
44
48
26
68
39
-28
-16
-32
-12
-46
-110
-20
-1
-29
-14
-15
-13
-27
-41
-43
-54
-47
13
84
54
40
69
34
20
39
54
38
-16
8
43
-35
-49
-57
-67
31
-14
-46
73
43
-25
-8
-35
-49
-107
-153
-40
-5
-55
-93
-71
-28
-54
-25
-28
-21
3
-43
-75
-79
-55
37
35
-69
-25
25
46
90
49
49
8
3
71
24
-32
-15
56
18
-16
-1
6
89
64
35
31
8
31
47
74
19
-36
21
25
20
50
-6
-32
-30
24
96
49
54
50
35
7
-48
7
-24
-53
14
25
96
68
44
65
-15
-7
-42
2
66
-7
-38
-43
-8
7
31
28
-57
16
79
-7
21
-21
-72
-24
-23
-60
-122
-67
-47
-35
0
-41
-39
-29
-19
-30
-52
-85
-47
77
73
50
-7
-35
15
-48
-7
42
35
76
13
0
-17
27
119
89
79
43
22
-13
-53
-15
10
-6
19
22
-26
-8
-46
-44
6
-64
-72
-23
-18
-6
-74
-96
-63
-46
15
-7
-58
7
73
14
-36
-21
31
53
-13
14
47
13
64
46
-6
18
30
0
-6
10
51
92
50
30
37
35
-19
-19
19
0
5
-34
-5
-35
-129
-98
-28
-24
-81
-40
3
-30
-48
-19
-25
-78
-39
27
14
19
82
43
31
88
56
106
111
17
3
7
-14
-37
-19
31
-10
-50
-15
-24
11
-15
-56
4
-59
-50
-4
-117
-100
-33
-56
-13
-12
-31
20
40
17
-19
-2
25
37
44
49
51
66
115
115
78
43
54
-2
-17
47
26
32
48
39
-16
-31
17
-2
-59
-115
-80
-3
-1
34
-17
-25
25
-88
-25
-41
-154
-62
-57
-51
-44
-53
-17
-26
25
21
4
73
49
39
55
83
103
45
82
110
21
2
23
-23
24
28
26
98
10
10
21
19
24
-79
-85
-6
19
-70
-93
-25
-43
-101
-62
-15
-36
-72
-90
-1
82
50
-44
-40
8
-2
25
28
58
47
26
73
-10
-74
-49
13
22
-28
0
40
42
15
-21
-57
-39
4
5
-14
-38
-71
-35
-68
-136
-69
-29
-57
-179
-211
-131
0
86
34
102
143
145
124
68
99
134
179
153
65
68
121
120
99
65
73
72
67
87
28
-29
-81
-74
-66
-85
-121
-157
-78
-74
-104
-76
-90
-113
-150
-58
-47
-130
-33
-61
-141
-101
-35
-3
-39
-8
34
-9
-11
-10
17
40
-44
-3
51
47
125
89
58
103
120
89
41
73
69
74
17
-10
82
81
113
142
114
89
30
-1
-15
-68
-35
-5
-54
-24
-48
-45
52
-14
-51
89
61
61
107
23
44
46
4
6
18
48
4
-37
-15
26
76
22
-126
-115
-66
-149
-121
-102
-171
-144
-192
-264
-263
-206
-96
-141
-145
-133
-165
-26
8
-20
5
-68
-43
47
77
133
133
146
178
192
151
118
157
102
149
241
196
163
183
170
131
174
163
124
152
93
58
16
-46
-47
-80
-101
-107
-102
-97
-134
-163
-235
-229
-145
-170
-218
-215
-153
-105
-109
-71
-16
-14
-30
-46
-27
18
34
79
85
106
147
66
107
136
145
189
130
101
-1
-42
55
108
75
-17
-19
-59
-83
4
-21
-65
-83
-22
31
4
36
34
74
91
46
21
-11
-6
49
81
93
97
73
53
-30
-37
-13
-16
-12
-52
-20
-78
-114
-38
-77
-71
-61
-104
-112
-144
-97
-66
-123
-110
-83
-66
-132
-164
-149
-175
-121
-66
-50
-77
-86
-36
-37
-83
-6
72
90
141
128
178
201
144
170
242
316
275
203
255
251
244
232
246
226
107
111
74
-76
-183
-109
-118
-205
-166
-213
-212
-204
-241
-182
-241
-275
-184
-70
-63
-120
-126
-149
-51
4
24
65
44
45
30
103
159
96
86
112
79
96
119
61
36
22
40
79
25
32
56
48
48
17
89
82
-54
-49
-17
-32
10
-10
-44
-35
-63
-11
43
-30
-60
0
30
55
3
-9
47
57
73
103
174
114
69
77
58
149
87
0
-3
-8
21
-81
-136
-148
-160
-173
-211
-207
-323
-326
-261
-267
-232
-240
-205
-138
-164
-154
-77
-62
-29
-38
-18
90
128
165
156
241
302
216
255
281
281
274
256
301
298
255
212
218
234
183
154
114
81
114
60
-29
-40
-1
-2
-85
-117
-97
-196
-249
-248
-282
-300
-353
-255
-190
-248
-214
-223
-203
-191
-208
-132
-88
-93
-69
-1
57
49
83
105
132
167
142
140
188
204
145
204
207
177
210
72
10
31
-30
-46
-25
-4
22
-8
-84
-66
-85
-116
-91
-80
-24
-11
54
66
20
23
-23
90
151
98
149
98
36
20
19
78
91
60
15
-36
10
65
-14
-65
-46
-20
-31
-46
-53
-102
-117
-106
-188
-233
-169
-101
-140
-197
-130
-190
-186
-117
-225
-190
-211
-222
-92
-145
-132
7
92
156
140
160
264
330
342
346
371
329
379
401
338
283
254
242
96
124
134
-1
-40
-94
-83
-155
-339
-346
-280
-270
-300
-337
-338
-316
-340
-333
-259
-204
-139
-84
-33
-15
-23
-4
4
31
44
40
115
175
182
226
185
138
140
126
136
91
130
139
96
125
80
81
58
63
73
37
134
115
12
-8
-26
-14
18
-21
-48
-50
-65
-78
-107
-113
-156
-105
-51
-94
-59
-46
27
74
63
102
124
178
154
139
169
187
176
151
150
90
0
-58
-40
-82
-160
-236
-224
-215
-343
-264
-199
-218
-191
-235
-185
-190
-243
-154
-117
-152
-31
83
111
150
123
144
185
217
211
205
250
256
281
302
218
163
154
81
83
109
65
14
9
47
89
74
26
65
18
-20
40
-29
-119
-131
-97
-121
-200
-218
-276
-209
-197
-277
-250
-266
-230
-231
-264
-254
-257
-247
-93
-76
-144
-21
-6
65
108
58
170
154
121
228
237
264
244
187
159
130
136
81
64
-14
-64
-54
-130
-22
-5
-109
-34
-25
-69
-52
-100
-72
6
23
112
128
146
165
121
122
115
156
140
44
26
16
-3
16
88
33
-87
-19
-35
-2
135
63
-29
-21
-49
-26
42
-44
-19
-12
-69
16
-27
-94
-73
-70
-108
-63
-137
-230
-188
-230
-120
-89
-170
-148
-124
-111
-59
57
28
96
218
163
222
244
280
349
328
324
283
328
260
162
108
-17
35
23
-86
-124
-143
-257
-269
-245
-334
-255
-272
-272
-182
-237
-189
-151
-96
26
-13
2
66
77
47
26
102
85
97
134
61
43
10
-71
-93
-57
-56
-53
-38
-70
-14
53
47
129
123
53
130
131
133
149
104
109
100
165
169
62
25
-95
-178
-158
-271
-314
-285
-291
-240
-238
-187
-124
-131
-72
-1
33
77
145
233
274
340
371
325
344
332
254
237
183
63
17
-21
-77
-98
-184
-213
-214
-222
-196
-296
-329
-213
-131
-155
-168
-82
36
67
141
163
135
265
245
192
229
204
150
99
24
-34
-61
-103
-58
-69
-164
-275
-329
-245
-180
-217
-215
-105
-53
-74
-43
72
201
230
188
216
227
233
237
239
132
25
64
45
55
21
-5
-45
-122
-141
-187
-259
-223
-156
-172
-95
-105
-67
57
70
138
215
221
246
293
264
252
188
141
130
-10
-39
-48
-184
-197
-203
-339
-319
-329
-360
-258
-300
-308
-199
-163
-153
-165
-86
73
135
115
93
206
308
255
241
222
156
134
112
108
48
-74
-146
-210
-192
-116
-156
-204
-165
-130
-107
39
66
58
133
127
256
314
234
211
261
325
246
212
173
27
16
-21
-95
-131
-146
-158
-262
-273
-262
-316
-348
-249
-203
-226
-126
-102
-61
83
178
143
54
113
263
356
382
258
142
158
163
93
-18
-41
-154
-214
-71
-51
-125
-162
-182
-159
-97
-93
-120
-51
20
36
48
-22
31
142
221
254
125
141
166
182
231
118
39
31
-69
-146
-143
-110
-55
-110
-260
-305
-165
-14
88
74
-41
-17
194
316
124
55
98
46
17
-74
-129
-72
89
29
-175
-255
-188
48
-10
-267
-377
-362
-171
2
-30
-106
-121
4
222
186
43
28
111
343
414
290
238
221
296
256
-90
-357
-208
115
264
69
-303
-360
-152
-38
-126
-325
-378
-315
-151
-2
-29
-6
-53
-141
-123
16
286
415
409
275
-34
-178
-95
-16
97
169
43
-108
-267
-356
-159
-18
169
422
329
68
-144
18
391
289
-441
-1167
-925
403
1655
1429
16
-1099
-825
409
824
121
-422
-117
537
199
-1127
-1682
-553
1089
1256
-260
-1378
-569
1093
1712
493
-1072
-1023
170
985
515
-347
-511
-452
-791
-996
-42
1589
2311
1011
-1112
-1789
-688
646
438
-728
-1036
-208
772
710
-230
-676
-214
269
196
0
475
1491
1748
617
-1160
-1977
-1150
305
1186
913
171
-181
-105
320
679
362
-391
-904
-811
-54
568
509
-58
-809
-735
-16
402
418
128
-2
1
-73
-45
76
148
-18
-159
-224
-324
-416
-539
-483
-239
116
332
372
300
23
-270
-431
-323
-129
112
466
825
1016
623
57
-99
91
351
234
-127
-128
304
801
646
-153
-762
-774
-181
124
-217
-513
-376
208
391
-216
-795
-767
-179
254
-43
-276
189
610
350
-484
-732
72
589
115
-656
-474
710
1405
451
-1276
-1513
5
1432
1203
-270
-929
-96
780
345
-872
-1120
85
1334
1127
132
-13
679
963
-212
-1869
-1982
-334
1165
937
-284
-911
-458
14
-624
-1281
-746
392
903
315
-284
210
1133
961
-369
-1314
-482
1282
2147
1641
733
659
1352
1430
389
-419
-220
464
678
59
-382
-136
235
23
-868
-1441
-998
-312
-219
-693
-1040
-618
-179
-396
-1059
-1486
-1060
-329
-77
-259
-418
-205
152
31
-436
-616
-276
292
454
53
-422
-575
-217
158
102
-158
-214
244
624
360
-220
-402
177
920
1179
959
645
679
739
412
-10
-122
280
712
597
143
-222
-56
331
149
-337
-531
-153
349
210
-354
-745
-761
-641
-768
-846
-279
566
762
86
-826
-1015
-249
465
474
284
261
196
-176
-839
-1231
-945
-430
-192
-170
161
763
871
82
-821
-860
-241
355
424
276
652
1307
1345
660
26
241
1050
1489
1482
1536
2044
2540
2038
689
-473
-522
125
518
497
269
167
90
-316
-909
-1411
-1857
-2150
-2233
-1981
-1579
-1570
-2107
-2707
-2813
-2804
-3040
-3243
-2900
-1909
-1000
-953
-1469
-1530
-993
-652
-887
-1096
-335
1207
1858
826
-347
-52
1644
2905
2328
1212
1327
2502
2595
923
-456
199
2213
2788
1136
-278
367
1919
1716
-700
-2532
-1456
1233
2472
1369
125
611
1720
1354
-429
-1344
91
2456
3366
2436
1528
1914
2548
1892
200
-563
665
2504
2950
2018
1253
1523
2044
1471
179
-278
528
1563
1806
1504
1674
2489
2830
2162
1279
1185
1967
2492
2236
1911
2239
3210
3599
2830
1695
739
-118
-1530
-3306
-4027
-2970
-1205
-438
-1354
-3354
-5432
-7308
-9072
-10308
-9975
-7787
-5531
-5139
-6520
-7809
-7874
-7621
-8230
-9343
-9168
-6729
-3390
-1381
-1076
-1031
-405
-127
-1212
-2953
-3082
-426
3254
5491
5651
5029
4845
4771
3821
2358
1936
3240
5078
5562
4658
3922
4252
4732
4020
2378
854
341
621
811
931
1281
1910
2196
1200
-763
-2331
-2591
-1883
-1052
-590
-459
-292
-19
98
-186
-752
-1180
-1088
-542
16
661
1649
2816
3779
3932
3013
1594
606
734
1784
3023
4063
4834
5178
4587
3132
1707
1080
1291
1602
1523
1146
1197
1737
1828
1058
-319
-1413
-1872
-2340
-2982
-3138
-2079
-367
323
-634
-2322
-3342
-3259
-2800
-2616
-2391
-1263
409
1309
996
392
443
1080
1343
712
195
824
2421
3782
4094
4009
4183
4266
3797
2838
2100
2392
3262
3692
3513
3134
3150
3280
2791
1804
700
263
502
737
903
1038
1361
1655
1239
-546
-3599
-6410
-7393
-6197
-3832
-2091
-2138
-3372
-4942
-6842
-8974
-10927
-11459
-10060
-8355
-8023
-9022
-9520
-8473
-7099
-7510
-9619
-10956
-9896
-7144
-4965
-3859
-2350
-182
1178
296
-1971
-2948
-1301
1526
3535
4526
5758
7562
8419
7404
5536
4731
5236
5433
4552
3338
3230
4631
6187
6625
5752
4098
2194
147
-1632
-2297
-1376
373
1827
2296
1534
147
-1246
-2240
-2537
-2390
-2180
-1941
-1271
116
1683
2429
2057
1273
682
32
-911
-1282
-45
2666
5136
5822
5170
4419
4163
3873
3004
2384
2835
4053
5002
4800
4347
4830
5492
5047
3125
984
290
794
1301
1268
1297
2055
2650
1842
-216
-2170
-2707
-2140
-1820
-2012
-1666
-223
1386
1846
903
-402
-941
-855
-966
-1225
-689
1115
3361
4569
4159
3006
2032
1574
1399
1287
1858
3301
4727
5134
4228
2912
2194
1980
1499
285
-802
-695
344
1444
1884
1543
772
-826
-3859
-7603
-10356
-10424
-8146
-5841
-5046
-5509
-6279
-7493
-9658
-12351
-14223
-14146
-12808
-11656
-11250
-10851
-9517
-7848
-7259
-8329
-10093
-10973
-10504
-9139
-7166
-4375
-1016
1489
1865
274
-1707
-2657
-2242
-981
499
2405
4606
6452
7294
7054
6574
6120
5359
4118
2728
1939
2459
4261
6418
7969
8323
7423
5620
3392
1428
452
744
1945
3269
3884
3554
3055
2945
2969
2670
1631
360
-162
155
900
1818
2894
4189
5046
4705
3403
1873
1209
1725
2446
2914
3581
4788
6167
6617
5761
4642
4225
4429
4127
2930
1944
2326
3909
5015
4585
3369
2565
2298
1762
421
-682
-310
901
1282
-2
-1736
-2281
-1564
-1075
-1777
-2780
-2918
-2216
-1765
-2181
-2751
-2413
-1282
-736
-1336
-1990
-1457
-81
591
107
-497
-132
1082
1856
1733
1582
2181
3189
3361
2423
1487
1486
2014
1957
1014
31
-98
475
971
997
843
766
104
-2021
-5299
-8091
-8942
-8095
-6871
-6168
-5883
-5735
-6329
-8203
-10696
-12480
-12752
-12180
-12158
-12661
-12447
-10956
-8842
-7752
-8245
-8944
-8999
-8712
-8463
-8016
-6376
-3376
-444
906
595
26
277
960
1218
1189
1782
3384
5198
6356
7010
7803
8756
8893
7534
5175
3173
2554
3000
3909
5124
6393
7161
6908
5664
4067
2814
2043
1544
1171
947
1026
1491
2117
2719
3133
2828
1889
917
299
209
352
594
1311
2523
3797
4345
3990
3563
3512
3636
3485
3129
3273
4203
5403
6002
6015
6248
6876
7141
6428
5069
3884
3581
3683
3325
2740
2489
2707
2832
2193
1078
232
-109
-515
-1549
-2766
-3471
-3362
-2833
-2596
-2615
-2552
-2228
-1976
-2169
-2540
-2711
-2460
-1946
-1492
-1096
-544
304
1172
1643
1590
1369
1267
1109
1021
1089
1404
2138
2954
3319
2964
2391
1956
1370
458
-567
-1257
-1418
-1166
-998
-919
-595
-279
-633
-2319
-4916
-7268
-8584
-8940
-8911
-8707
-8332
-7702
-7307
-7900
-9105
-10245
-10923
-11345
-12207
-13123
-13196
-12099
-10364
-9007
-8411
-8091
-7803
-7654
-7478
-7022
-5945
-4243
-2324
-914
-266
157
759
1476
2018
2487
3033
3640
4409
5208
5918
6680
7534
8242
8336
7587
6328
5209
4706
4860
5263
5507
5655
5854
5895
5678
5316
4929
4726
4449
3566
2157
992
787
1505
2349
2707
2767
2820
2804
2541
1937
1447
1605
2129
2554
2565
2417
2881
3879
4675
4799
4467
4305
4363
4173
3837
3848
4557
5772
6591
6413
5569
4941
4606
3940
2844
1749
1376
1833
2210
1952
1615
1611
1612
1012
-600
-2452
-3507
-3732
-3615
-3643
-3691
-3309
-2714
-2554
-2890
-3280
-3110
-2343
-1880
-2037
-2485
-2676
-2187
-1436
-917
-336
392
918
1106
890
748
991
1421
1687
1594
1366
1332
1660
1898
1556
742
-77
-588
-915
-1288
-1589
-1535
-1163
-972
-1511
-2927
-4585
-5876
-6944
-7961
-8859
-9253
-8819
-8112
-7947
-8463
-9152
-9400
-9486
-10251
-11538
-12610
-12713
-12000
-11313
-10689
-9847
-8597
-7306
-6547
-6299
-5929
-4963
-3651
-2558
-1773
-838
515
1948
3047
3649
4069
4804
5540
6117
6579
7211
8188
9020
9385
9081
8406
7743
7197
6756
6371
6193
6117
6178
6413
6555
6517
6307
5994
5451
4453
3194
2044
1306
1423
1871
2092
2218
2137
2070
1782
1201
745
673
1061
1397
1446
1567
2067
2853
3500
3692
3641
3612
3585
3488
3319
3465
4312
5436
6135
6235
5985
5681
5405
4888
4002
3156
2576
2135
1685
1205
887
944
1215
999
123
-1041
-2215
-3108
-3973
-4832
-5309
-5507
-5428
-5126
-4894
-4632
-4136
-3555
-3101
-3076
-3497
-3877
-3825
-3378
-2821
-2172
-1388
-533
162
503
563
623
861
1071
1134
1125
1278
1723
2090
2064
1728
1301
855
341
-222
-644
-731
-628
-457
-410
-582
-837
-1512
-2753
-4278
-5733
-6652
-7232
-7626
-7719
-7594
-7181
-7080
-7492
-8062
-8629
-9162
-10054
-11009
-11565
-11477
-10902
-10497
-10241
-9751
-8803
-7635
-6721
-5946
-4981
-3750
-2568
-1939
-1592
-839
248
1223
2032
2816
3913
5324
6582
7458
8138
8812
9224
9163
8724
8158
7841
7675
7388
7303
7482
7876
8433
8611
8268
7828
7413
6672
5564
4470
3745
3426
3264
3010
2698
2584
2545
2274
1827
1389
1045
846
580
204
-20
124
756
1570
2192
2501
2783
3027
2865
2600
2465
2675
3199
3595
3919
4230
4578
4867
4905
4643
4002
3267
2510
1754
1146
602
310
249
205
88
-157
-490
-863
-1328
-2065
-3032
-3984
-4842
-5515
-5726
-5665
-5377
-4758
-4053
-3450
-3165
-3086
-3060
-3028
-2958
-3020
-3051
-2799
-2303
-1657
-1039
-554
-121
360
644
663
638
565
638
718
610
485
427
448
384
104
-340
-557
-555
-593
-748
-962
-785
-468
-486
-989
-1996
-3135
-4289
-5423
-6415
-7028
-6989
-6621
-6414
-6602
-6959
-7101
-7012
-7252
-8095
-9007
-9634
-9860
-10012
-10056
-9623
-8674
-7347
-6249
-5450
-4663
-3608
-2278
-1301
-889
-730
-261
240
586
1294
2381
3802
5312
6514
7341
7969
8568
9012
9111
9049
8845
8482
7999
7473
7230
7337
7786
8295
8589
8596
8185
7518
6650
5691
4834
3979
3062
2405
2060
1968
2185
2227
2190
2195
1872
1302
656
111
-161
-138
-46
170
596
1200
1743
1959
2060
2064
2087
2109
1966
1860
2010
2434
2792
2996
3094
2998
2912
2668
2226
1762
1201
600
-12
-609
-1147
-1385
-1315
-1200
-1161
-1388
-1926
-2596
-3361
-4191
-5000
-5658
-5920
-5873
-5553
-5096
-4561
-3774
-2949
-2473
-2515
-2853
-3098
-3009
-2921
-2774
-2450
-1733
-587
150
429
484
626
1008
1173
1017
744
738
974
879
459
124
194
541
517
0
-379
-245
284
784
890
852
654
137
-832
-2292
-3469
-4025
-4141
-4260
-4688
-4994
-4969
-4919
-5090
-5401
-5826
-6231
-6779
-7573
-8232
-8684
-8718
-8389
-7920
-7302
-6584
-5793
-4980
-4155
-3304
-2452
-1672
-1028
-477
24
465
819
1301
2051
3041
4151
5286
6446
7487
8399
8909
8939
8859
8570
8045
7354
6657
6299
6233
6394
6764
7079
7286
7446
7209
6374
5216
3987
2932
2096
1314
817
693
775
939
984
962
1004
974
680
33
-726
-1178
-1310
-1173
-867
-471
87
630
1134
1391
1456
1656
1806
1819
1727
1651
1788
2170
2685
3113
3395
3446
3097
2510
1696
753
37
-530
-901
-1014
-1111
-1102
-967
-938
-1156
-1574
-2206
-3039
-3851
-4596
-5260
-5648
-5571
-5085
-4407
-3738
-3139
-2540
-2070
-1978
-2055
-2197
-2218
-1973
-1807
-1642
-1256
-666
120
964
1623
2126
2409
2409
2334
2048
1705
1572
1401
1152
926
860
953
1005
925
847
949
971
819
611
510
441
64
-595
-1622
-2580
-3242
-3840
-4401
-4922
-5006
-4949
-5176
-5528
-5952
-6113
-6090
-6319
-6728
-7108
-7344
-7505
-7695
-7875
-7764
-7135
-6293
-5611
-4999
-4130
-2964
-1758
-853
-385
17
348
395
433
738
1587
2823
4057
5219
6280
7470
8568
9158
9265
9018
8631
7972
7143
6465
6074
6167
6479
6723
6898
7030
7011
6486
5581
4537
3354
2259
1120
31
-555
-764
-636
-375
-101
300
607
566
92
-442
-892
-1433
-1910
-2144
-2010
-1521
-849
-112
575
1313
1884
2000
1884
1836
2007
2140
2141
2303
2533
2838
2992
2728
2439
2210
1854
1259
542
-142
-530
-650
-904
-1255
-1546
-1640
-1803
-2134
-2620
-3334
-3767
-4065
-4485
-4816
-4941
-4591
-4052
-3599
-3143
-2742
-2261
-1863
-1771
-1758
-1703
-1345
-925
-661
-262
195
907
1674
2148
2533
2906
3198
3261
3055
2754
2354
1904
1609
1335
1206
1177
1220
1513
1684
1807
1899
1710
1465
1087
418
-444
-1449
-2399
-3285
-4054
-4582
-4854
-4766
-4596
-4567
-4536
-4610
-4893
-5184
-5686
-6445
-7118
-7651
-7927
-8110
-8126
-7769
-6994
-5927
-5074
-4331
-3549
-2824
-2226
-1810
-1440
-1025
-612
-283
-22
333
1139
2153
3216
4365
5377
6475
7342
7807
8007
7864
7567
6970
6251
5701
5306
5269
5496
5786
6088
6277
6234
5906
5227
4294
3187
1924
849
111
-392
-580
-581
-334
13
227
415
268
-92
-605
-1261
-1811
-2291
-2340
-1895
-1355
-761
-104
546
1113
1348
1180
1072
1126
1208
1356
1412
1679
2215
2784
3244
3257
3052
2823
2388
1451
247
-558
-1022
-1270
-1549
-1827
-1693
-1323
-989
-970
-1235
-1583
-1985
-2595
-3463
-4156
-4467
-4396
-3970
-3303
-2546
-1770
-975
-293
118
273
337
317
102
-165
-377
-336
123
683
1307
2086
2768
3224
3291
2971
2530
2031
1530
1178
899
614
563
696
777
968
1214
1349
1415
1255
975
602
102
-497
-1301
-2132
-2864
-3550
-4176
-4422
-4368
-4200
-4001
-4099
-4298
-4518
-4848
-5217
-5790
-6381
-6855
-7235
-7527
-7806
-7746
-7199
-6500
-5927
-5334
-4616
-3836
-3092
-2640
-2242
-1851
-1507
-1099
-798
-401
371
1462
2517
3479
4570
5677
6612
7228
7559
7620
7445
7148
6710
6203
5850
5708
5823
6014
6021
6041
6015
5708
5030
4108
3139
2192
1304
472
-166
-549
-808
-878
-736
-566
-432
-493
-749
-1022
-1304
-1629
-1910
-1958
-1796
-1515
-1031
-545
-52
632
1209
1653
1941
2066
2211
2311
2290
2231
2299
2527
2667
2592
2455
2173
1944
1650
1087
524
-187
-731
-976
-1409
-1774
-1862
-1740
-1715
-2045
-2289
-2513
-2801
-2993
-3170
-3296
-3277
-3038
-2749
-2407
-1893
-1200
-537
7
406
571
703
815
998
1236
1431
1696
1957
2214
2445
2602
2772
2805
2724
2621
2294
1969
1761
1517
1343
1147
945
682
432
282
-1
-258
-417
-518
-603
-777
-958
-1206
-1469
-1814
-2411
-3016
-3535
-4022
-4349
-4605
-4739
-4624
-4432
-4253
-4094
-4082
-4264
-4673
-5359
-6085
-6832
-7359
-7553
-7596
-7358
-7039
-6515
-5846
-5089
-4113
-3194
-2555
-2115
-1756
-1551
-1244
-1010
-632
212
1136
2074
3053
4144
5319
6403
7149
7526
7603
7460
7247
6760
6159
5684
5427
5349
5210
5050
4960
5034
5011
4749
4294
3575
2802
1839
757
-118
-815
-1102
-1139
-1111
-943
-704
-423
-295
-284
-375
-542
-732
-964
-1049
-1008
-915
-651
-317
89
669
1295
1920
2422
2628
2738
2807
2657
2427
2174
1957
1821
1710
1652
1487
1300
1252
1215
996
625
375
98
-260
-616
-1031
-1308
-1615
-1910
-1993
-2086
-2155
-2086
-1926
-1840
-1752
-1486
-1154
-918
-660
-330
-74
155
344
545
761
1009
1239
1253
1248
1289
1294
1327
1273
1145
1144
1175
1208
1251
1256
1291
1242
1014
620
272
-54
-411
-700
-983
-1037
-1017
-992
-884
-857
-840
-956
-1279
-1903
-2669
-3358
-4039
-4576
-4849
-4857
-4771
-4619
-4362
-4226
-4223
-4269
-4517
-4996
-5595
-6280
-6907
-7355
-7514
-7353
-7043
-6552
-5946
-5113
-3991
-2963
-2178
-1641
-1127
-764
-685
-667
-522
-54
582
1328
2278
3304
4516
5809
6757
7519
7935
7884
7624
6861
5916
5231
4670
4368
4169
4023
4232
4532
4738
4814
4692
4340
3655
2769
1723
739
-41
-674
-1059
-1200
-1054
-696
-328
85
478
555
427
195
-220
-628
-876
-948
-844
-428
198
784
1395
2055
2604
3020
3157
3022
2857
2613
2348
2055
1764
1690
1700
1686
1657
1511
1407
1282
1068
745
177
-256
-586
-1027
-1455
-1772
-1936
-1932
-1863
-1903
-1881
-1813
-1631
-1520
-1519
-1324
-1209
-972
-736
-656
-366
-8
360
757
1034
1166
1292
1194
1049
967
754
632
498
516
662
708
815
885
896
914
784
410
-102
-659
-1153
-1595
-1987
-2122
-1932
-1666
-1432
-1255
-1145
-921
-836
-1082
-1651
-2359
-2883
-3473
-4107
-4417
-4418
-4186
-3883
-3805
-3746
-3520
-3387
-3492
-3896
-4420
-4975
-5632
-6348
-6837
-6974
-6774
-6328
-5867
-5167
-4224
-3309
-2409
-1731
-1263
-822
-464
-286
-339
-93
568
1407
2340
3271
4431
5751
6918
7724
8127
8210
7982
7417
6506
5539
4894
4578
4440
4401
4537
4826
5079
5120
4964
4568
3909
3012
1901
798
-68
-620
-934
-1126
-1089
-698
-247
14
127
241
275
12
-402
-983
-1428
-1417
-1328
-1044
-463
255
1120
1795
2272
2701
2948
2922
2639
2232
1870
1569
1333
1238
1232
1358
1532
1659
1598
1456
1325
979
423
-186
-718
-1246
-1650
-1974
-2150
-2102
-1996
-1850
-1781
-1641
-1430
-1345
-1319
-1441
-1493
-1335
-1229
-1094
-877
-482
14
373
657
862
1063
1251
1229
1036
822
619
438
247
147
278
375
422
448
364
320
203
-73
-441
-881
-1299
-1577
-1890
-2181
-2234
-2161
-1997
-1816
-1537
-1155
-817
-543
-531
-762
-1116
-1603
-2265
-2849
-3156
-3336
-3266
-3118
-2999
-2675
-2328
-2196
-2282
-2635
-3172
-3834
-4730
-5657
-6381
-6677
-6522
-6230
-5856
-5195
-4239
-3210
-2363
-1738
-1222
-921
-881
-1001
-1066
-842
-310
411
1278
2378
3615
4855
6049
6956
7511
7761
7687
7221
6359
5500
4813
4391
4176
4044
4221
4452
4719
4991
4983
4762
4224
3423
2328
1049
-28
-831
-1418
-1754
-1735
-1515
-1236
-817
-414
-96
48
-65
-365
-693
-926
-1159
-1236
-969
-515
106
769
1375
2018
2540
2855
2936
2852
2644
2233
1880
1607
1308
1251
1369
1460
1622
1791
1808
1707
1507
1053
461
0
-561
-1189
-1635
-1962
-2069
-2034
-1879
-1688
-1526
-1181
-982
-983
-1065
-1231
-1377
-1537
-1587
-1564
-1510
-1255
-883
-462
19
422
711
794
671
438
66
-280
-506
-670
-650
-467
-232
34
277
426
410
244
-53
-524
-1135
-1814
-2362
-2570
-2544
-2277
-1760
-1273
-684
-115
215
334
161
-183
-789
-1537
-2114
-2659
-2939
-2899
-2844
-2680
-2331
-1893
-1649
-1615
-1876
-2408
-3036
-3962
-4976
-5845
-6479
-6720
-6677
-6351
-5782
-5011
-4066
-3062
-2254
-1748
-1329
-1097
-999
-1049
-1063
-825
-396
364
1379
2572
3837
5102
6212
7089
7631
7670
7494
6955
6101
5317
4725
4316
4086
4084
4208
4411
4609
4758
4743
4402
3753
2898
1867
775
-246
-1118
-1591
-1719
-1648
-1411
-925
-304
48
261
278
77
-238
-760
-1233
-1605
-1797
-1634
-1184
-576
146
897
1554
2149
2555
2680
2617
2343
1882
1476
1124
871
905
1088
1373
1658
1963
2204
2224
2164
1867
1351
717
-63
-696
-1192
-1559
-1602
-1482
-1259
-1122
-965
-792
-812
-829
-970
-1345
-1758
-2046
-2232
-2242
-2093
-1837
-1433
-982
-604
-409
-170
27
-34
-223
-581
-904
-1066
-1202
-1220
-1146
-929
-614
-355
-216
-175
-68
-38
-189
-445
-775
-1049
-1249
-1386
-1296
-1030
-619
-149
276
661
940
1347
1617
1503
1170
639
51
-565
-1102
-1432
-1556
-1589
-1651
-1636
-1618
-1679
-1726
-1911
-2385
-3211
-4180
-5141
-6112
-6834
-7254
-7346
-7127
-6688
-5976
-5043
-4064
-3139
-2345
-1706
-1294
-1212
-1265
-1165
-882
-320
516
1458
2653
3998
5352
6561
7481
8113
8336
8081
7426
6651
5808
5122
4626
4224
4167
4287
4377
4448
4507
4448
4145
3568
2710
1690
686
-286
-1060
-1579
-1877
-1949
-1915
-1601
-1215
-893
-588
-472
-511
-752
-1090
-1408
-1623
-1696
-1627
-1285
-795
-223
398
970
1543
1979
2216
2295
2159
1954
1771
1491
1305
1383
1573
1752
1878
2101
2278
2345
2260
1834
1401
895
263
-353
-892
-1185
-1314
-1413
-1462
-1357
-1244
-1058
-972
-1020
-1094
-1385
-1559
-1769
-2070
-2074
-1962
-1877
-1778
-1572
-1245
-924
-762
-684
-577
-540
-544
-698
-960
-1081
-1085
-1117
-1106
-1023
-904
-703
-459
-220
-65
16
-32
-217
-476
-781
-903
-902
-791
-333
233
874
1586
2238
2901
3302
3395
3124
2459
1721
896
95
-428
-832
-1115
-1111
-1012
-914
-809
-810
-1077
-1755
-2745
-3984
-5360
-6656
-7708
-8396
-8789
-8846
-8448
-7703
-6725
-5579
-4516
-3575
-2841
-2386
-2081
-2027
-1943
-1691
-1290
-647
258
1508
2872
4355
5854
7044
7869
8289
8306
7931
7276
6461
5667
4956
4461
4307
4262
4461
4792
4961
5017
4783
4217
3326
2171
1003
-13
-978
-1806
-2279
-2446
-2269
-1875
-1389
-860
-542
-407
-424
-701
-1076
-1390
-1628
-1830
-1740
-1431
-1032
-415
294
1000
1603
2106
2456
2586
2538
2444
2312
2130
2030
1936
1954
2033
2063
2117
2053
2033
1905
1510
1033
463
-57
-417
-711
-930
-1038
-1173
-1223
-1186
-1086
-1020
-1221
-1379
-1543
-1879
-2158
-2292
-2307
-2262
-2155
-1991
-1808
-1600
-1304
-1069
-1048
-1024
-982
-956
-964
-1010
-963
-959
-840
-694
-665
-488
-344
-270
-185
-195
-123
-66
-55
-11
-59
28
164
204
351
509
728
1005
1236
1530
1851
2157
2405
2463
2318
2004
1563
1025
454
-90
-649
-1081
-1391
-1650
-1749
-1905
-2099
-2404
-2962
-3666
-4556
-5547
-6697
-7655
-8224
-8537
-8632
-8401
-7660
-6652
-5545
-4495
-3458
-2588
-2018
-1670
-1538
-1419
-1228
-821
-209
598
1822
3264
4768
6287
7408
8241
8843
8878
8433
7628
6682
5779
4918
4298
3988
3961
4216
4513
4736
4763
4506
4050
3185
2050
819
-425
-1460
-2317
-2810
-2933
-2738
-2275
-1816
-1410
-1048
-833
-899
-1191
-1520
-1859
-2113
-2135
-1929
-1521
-887
-73
784
1606
2282
2785
3046
3146
3167
2957
2635
2308
2051
1939
2002
2104
2213
2386
2480
2487
2244
1847
1452
969
359
-380
-1103
-1582
-1801
-1944
-2055
-2093
-2070
-1994
-1904
-1938
-2007
-2156
-2417
-2569
-2769
-2930
-2906
-2809
-2655
-2452
-2175
-1794
-1435
-1238
-1050
-792
-643
-551
-429
-357
-326
-167
131
327
562
903
1168
1398
1527
1577
1585
1439
1271
1007
626
338
135
146
258
551
1075
1589
2180
2715
3100
3241
3180
2865
2108
1158
180
-788
-1543
-2010
-2305
-2414
-2377
-2291
-2192
-2266
-2601
-3137
-4012
-5133
-6390
-7751
-8868
-9508
-9756
-9696
-9250
-8348
-7109
-5732
-4474
-3364
-2385
-1714
-1265
-1037
-883
-612
-151
549
1405
2583
3997
5527
6996
8160
9018
9459
9502
9043
8156
7132
6069
5164
4501
4014
3807
3852
4044
4259
4278
4123
3658
2863
1826
466
-867
-2007
-2986
-3617
-3906
-3871
-3572
-3146
-2655
-2145
-1726
-1447
-1311
-1314
-1461
-1519
-1366
-1248
-903
-385
143
831
1531
2222
2900
3321
3504
3647
3733
3773
3685
3529
3389
3276
3168
2920
2585
2282
2077
1699
1083
576
131
-285
-690
-1081
-1404
-1654
-1814
-2123
-2348
-2517
-2783
-2906
-3129
-3349
-3414
-3402
-3337
-3256
-3116
-2910
-2708
-2508
-2261
-2146
-1943
-1591
-1384
-1077
-829
-632
-204
167
492
852
1148
1434
1670
1784
1809
1749
1698
1764
1834
1721
1613
1626
1616
1532
1376
1342
1333
1268
1317
1410
1685
2005
2148
2309
2359
2246
1892
1407
947
207
-552
-1233
-1852
-2242
-2516
-2763
-2911
-2859
-3028
-3417
-3849
-4524
-5367
-6404
-7547
-8546
-9250
-9635
-9688
-9444
-8945
-8063
-6871
-5552
-4373
-3413
-2499
-1748
-1254
-804
-428
-58
616
1340
2230
3456
4716
6072
7267
8149
8819
9121
9111
8700
7927
7117
6306
5540
5005
4654
4427
4378
4464
4495
4356
4083
3475
2525
1478
318
-839
-1873
-2710
-3252
-3524
-3533
-3295
-2776
-2214
-1704
-1289
-1169
-1064
-1020
-1163
-1296
-1404
-1296
-1007
-611
-17
657
1426
2234
2987
3608
4020
4226
4267
4150
3814
3430
3075
2679
2288
1968
1750
1610
1444
1196
814
476
258
-134
-616
-1063
-1536
-1894
-2190
-2557
-2861
-3091
-3202
-3245
-3399
-3430
-3478
-3699
-3721
-3602
-3511
-3340
-3037
-2618
-2251
-1934
-1498
-1047
-610
-259
117
418
599
869
1121
1384
1495
1579
1745
1828
1943
2046
2150
2146
2036
2048
1913
1760
1624
1363
1175
1020
908
840
796
931
1162
1319
1482
1630
1606
1387
1172
895
430
-113
-835
-1487
-1865
-2205
-2513
-2793
-2968
-3101
-3352
-3768
-4344
-4943
-5600
-6383
-7165
-7842
-8381
-8606
-8632
-8428
-7821
-7098
-6267
-5211
-4204
-3262
-2340
-1505
-795
-280
223
726
1351
2162
2996
3928
4911
5995
6960
7712
8323
8627
8737
8525
7980
7339
6526
5655
4939
4284
3792
3458
3221
3082
2832
2652
2314
1760
1211
379
-446
-1289
-2147
-2773
-3255
-3518
-3514
-3260
-2894
-2432
-1855
-1361
-1033
-718
-573
-601
-586
-565
-387
-87
331
950
1656
2461
3197
3751
4303
4619
4609
4397
3983
3487
2851
2367
1977
1556
1325
1142
1057
945
755
598
276
-210
-712
-1351
-2087
-2686
-3212
-3591
-3790
-3949
-3974
-3843
-3703
-3577
-3514
-3574
-3596
-3553
-3574
-3619
-3525
-3251
-2805
-2213
-1581
-890
-216
370
933
1395
1689
1801
1816
1886
2027
2131
2224
2332
2436
2632
2815
2882
2856
2749
2549
2277
1927
1551
1232
943
774
753
755
798
959
1144
1291
1408
1409
1305
1134
818
381
-151
-742
-1359
-1910
-2322
-2708
-3013
-3319
-3599
-3795
-4074
-4371
-4735
-5176
-5577
-6122
-6807
-7331
-7708
-7975
-8056
-7811
-7371
-6733
-5770
-4751
-3717
-2716
-1745
-830
-194
293
736
1153
1597
2088
2757
3516
4393
5479
6569
7506
8180
8538
8659
8501
8061
7333
6401
5433
4478
3765
3234
2801
2603
2543
2454
2263
1894
1403
889
102
-823
-1662
-2479
-3083
-3546
-3839
-3708
-3430
-3068
-2529
-2055
-1626
-1254
-1017
-801
-634
-490
-280
57
523
1088
1661
2198
2692
3074
3370
3522
3554
3492
3286
3044
2809
2607
2467
2331
2087
1822
1579
1256
811
279
-290
-842
-1287
-1716
-2069
-2354
-2581
-2703
-2778
-2823
-2973
-3138
-3239
-3433
-3570
-3678
-3839
-3710
-3420
-3068
-2617
-2120
-1548
-996
-465
8
488
739
764
874
1010
1176
1331
1584
2009
2333
2659
2938
3045
3099
2889
2608
2324
1955
1664
1372
1141
1070
1056
999
987
967
852
733
532
351
202
47
62
87
56
42
95
170
54
-310
-840
-1276
-1790
-2402
-2827
-3265
-3572
-3736
-3893
-3932
-4053
-4230
-4427
-4838
-5471
-6171
-6687
-7068
-7457
-7651
-7602
-7194
-6413
-5499
-4361
-3101
-2004
-971
-192
250
693
1013
1299
1693
2032
2707
3765
4816
5921
7031
7914
8506
8731
8527
7921
6976
5954
4954
3958
3181
2698
2481
2484
2617
2745
2833
2709
2302
1670
735
-218
-1239
-2206
-2909
-3431
-3588
-3488
-3098
-2440
-1852
-1307
-758
-387
-207
-244
-303
-272
-382
-301
56
502
1085
1760
2445
3109
3561
3795
3955
3859
3511
3109
2723
2301
2020
1795
1485
1333
1182
996
835
452
28
-394
-944
-1471
-1988
-2405
-2693
-2831
-2873
-2986
-2981
-2865
-2840
-2754
-2711
-2747
-2803
-2864
-2784
-2702
-2490
-2085
-1706
-1328
-846
-234
351
788
1095
1324
1510
1649
1781
1829
1833
1896
2063
2179
2174
2227
2259
2280
2120
1889
1636
1259
1044
791
467
191
16
-25
-213
-342
-333
-429
-404
-321
-317
-238
-134
-51
-9
-48
-89
-217
-508
-784
-1091
-1437
-1754
-2052
-2283
-2504
-2660
-2776
-2985
-3214
-3513
-3896
-4340
-4882
-5564
-6232
-6554
-6788
-6826
-6678
-6469
-5852
-5033
-4062
-3099
-2209
-1279
-564
14
511
852
1157
1550
2061
2683
3399
4235
5125
5889
6585
7172
7478
7429
7012
6418
5676
4869
4068
3300
2771
2435
2265
2264
2235
2265
2322
2050
1579
960
162
-607
-1368
-2121
-2725
-2958
-2964
-2737
-2273
-1711
-966
-387
36
442
650
771
728
479
347
346
410
700
1149
1615
2180
2710
3204
3651
3786
3727
3438
2989
2533
1956
1368
870
503
201
-32
-114
-185
-274
-380
-459
-655
-977
-1246
-1670
-2037
-2340
-2636
-2863
-3103
-3139
-3062
-2905
-2758
-2752
-2603
-2330
-2112
-1955
-1821
-1542
-1212
-972
-662
-328
109
509
770
1126
1436
1669
1774
1823
1870
1838
1839
1806
1685
1663
1672
1608
1504
1354
1266
1206
1096
937
768
611
466
309
11
-245
-376
-464
-566
-593
-422
-239
-40
216
517
660
652
647
423
-50
-657
-1199
-1623
-2020
-2387
-2638
-2771
-2806
-2801
-2957
-3150
-3384
-3911
-4569
-5297
-6082
-6642
-7080
-7358
-7439
-7107
-6399
-5673
-4648
-3570
-2618
-1661
-890
-396
-53
309
600
960
1442
1904
2655
3729
4807
5849
6782
7552
8118
8199
7895
7222
6339
5393
4314
3417
2828
2505
2326
2398
2665
2806
2811
2675
2287
1603
645
-394
-1455
-2554
-3294
-3717
-3840
-3501
-3009
-2345
-1524
-802
-250
45
141
123
-82
-298
-488
-579
-392
19
648
1374
2280
3157
3781
4215
4342
4166
3756
3123
2423
1802
1258
867
588
524
553
521
589
469
200
-104
-633
-1232
-1866
-2547
-3028
-3309
-3561
-3576
-3409
-3160
-2848
-2644
-2377
-2179
-2005
-1869
-1970
-1865
-1676
-1530
-1239
-912
-502
-57
466
1036
1482
1819
2025
2158
2189
2110
1957
1801
1688
1519
1414
1342
1377
1454
1378
1241
1105
934
679
543
223
-202
-372
-517
-688
-815
-883
-819
-666
-538
-363
-155
108
349
558
706
762
761
508
80
-459
-890
-1248
-1709
-2061
-2354
-2497
-2584
-2719
-2928
-3287
-3592
-4064
-4764
-5503
-6302
-6898
-7283
-7530
-7564
-7292
-6603
-5675
-4702
-3689
-2679
-1742
-935
-370
99
472
779
1212
1565
2038
2837
3883
4935
5851
6835
7592
8172
8395
8113
7703
6931
6056
5153
4242
3611
3155
2980
2942
2919
2968
2922
2742
2283
1469
627
-236
-1200
-2094
-2759
-3101
-3128
-2927
-2542
-2046
-1576
-1104
-722
-425
-343
-480
-586
-657
-602
-510
-218
278
844
1528
2227
2970
3434
3656
3808
3600
3231
2732
2183
1709
1244
951
711
593
643
631
567
426
148
-217
-729
-1310
-1889
-2442
-2904
-3273
-3514
-3537
-3368
-3141
-3009
-2846
-2592
-2422
-2345
-2249
-2119
-2050
-1915
-1692
-1306
-868
-569
-80
443
819
1217
1489
1787
1991
2079
2134
2046
2111
2132
2041
1941
1773
1677
1556
1394
1236
916
655
609
405
136
-57
-186
-286
-441
-545
-764
-834
-822
-897
-832
-733
-407
-16
306
669
903
1073
1125
882
429
-98
-645
-1179
-1702
-2146
-2383
-2536
-2576
-2593
-2791
-3035
-3314
-3710
-4438
-5441
-6302
-6880
-7367
-7748
-7828
-7546
-6779
-5804
-4760
-3687
-2617
-1561
-741
-102
282
624
1011
1378
1846
2400
3316
4478
5533
6549
7480
8226
8740
8893
8603
7839
6942
6035
4945
4039
3328
2804
2607
2516
2466
2377
2308
2093
1548
773
-196
-1223
-2122
-2971
-3644
-3945
-3952
-3679
-3231
-2568
-1882
-1326
-756
-365
-248
-200
-209
-236
-172
-77
231
728
1243
1941
2703
3288
3792
4152
4268
4048
3515
2948
2425
1908
1344
870
607
567
529
392
340
162
-41
-406
-1069
-1621
-2142
-2616
-2988
-3322
-3459
-3405
-3268
-2995
-2673
-2387
-2142
-1992
-1821
-1683
-1625
-1570
-1508
-1210
-892
-614
-150
238
662
1089
1378
1670
1840
1970
2026
1962
1891
1803
1724
1656
1607
1537
1430
1291
1147
977
816
557
268
39
-330
-576
-665
-758
-744
-726
-713
-693
-666
-678
-637
-522
-412
-149
120
440
732
977
1280
1355
1172
801
290
-330
-889
-1468
-2158
-2744
-3139
-3344
-3510
-3679
-3826
-3992
-4279
-4750
-5381
-6076
-6663
-7079
-7304
-7361
-7154
-6518
-5546
-4488
-3401
-2265
-1061
-16
628
1061
1418
1761
2093
2449
3008
3811
4785
5748
6688
7559
8260
8741
8706
8189
7373
6402
5421
4417
3441
2567
2033
1901
1833
1769
1669
1529
1203
556
-301
-1277
-2307
-3276
-3936
-4333
-4434
-4150
-3663
-2997
-2212
-1458
-780
-275
69
180
123
113
85
161
418
870
1499
2118
2828
3496
3912
4152
4177
3964
3623
3068
2343
1813
1445
1162
918
749
640
519
404
88
-429
-968
-1486
-2057
-2734
-3298
-3544
-3680
-3669
-3416
-3260
-3051
-2653
-2394
-2194
-2058
-2028
-1943
-1857
-1802
-1530
-1151
-689
-5
479
913
1462
1860
2114
2128
2001
1897
1881
1810
1597
1539
1598
1701
1826
1878
1799
1582
1347
922
440
-2
-427
-678
-920
-1038
-1052
-879
-530
-360
-209
-106
-153
-259
-399
-523
-577
-481
-209
170
623
1097
1451
1766
1856
1572
1115
444
-230
-913
-1768
-2558
-3064
-3237
-3399
-3559
-3633
-3632
-3692
-4013
-4456
-5287
-6189
-6778
-7264
-7635
-7847
-7610
-6887
-5820
-4645
-3412
-2139
-912
159
790
1157
1493
1778
2065
2453
2938
3686
4760
5943
6986
7843
8579
9022
9012
8538
7698
6681
5566
4426
3323
2481
2008
1771
1663
1611
1585
1432
1125
643
-50
-998
-1968
-2786
-3564
-4095
-4318
-4152
-3623
-2952
-2161
-1366
-674
-16
463
593
613
542
452
489
518
710
1184
1754
2379
3028
3484
3747
3910
3767
3247
2573
1901
1202
557
169
-151
-351
-378
-350
-258
-346
-506
-699
-1084
-1529
-2035
-2556
-2919
-3148
-3284
-3214
-2979
-2686
-2298
-1978
-1649
-1378
-1274
-1072
-1032
-1116
-1012
-870
-595
-265
20
387
811
1213
1470
1622
1728
1745
1706
1689
1615
1533
1488
1575
1661
1541
1470
1350
1169
880
498
250
-129
-412
-611
-756
-668
-633
-506
-396
-339
-299
-300
-333
-446
-451
-456
-349
-137
165
551
814
1169
1494
1565
1366
978
491
-126
-685
-1326
-1965
-2320
-2634
-2870
-2997
-3168
-3267
-3420
-3723
-4159
-4874
-5620
-6121
-6562
-6933
-7027
-6814
-6155
-5164
-4200
-3147
-2053
-1050
-115
447
748
1029
1415
1793
2079
2597
3341
4279
5244
6148
6892
7381
7758
7687
7251
6536
5549
4688
3807
2871
2204
1835
1662
1637
1624
1562
1491
1254
708
-124
-1036
-1905
-2744
-3391
-3812
-3957
-3638
-3040
-2388
-1602
-800
-109
477
758
759
599
323
254
327
420
904
1478
2104
2919
3502
3985
4262
4146
3712
3019
2244
1537
968
447
119
-35
6
220
270
240
249
60
-462
-1174
-1918
-2575
-3118
-3592
-3812
-3725
-3469
-3006
-2544
-2181
-1648
-1297
-1215
-1192
-1340
-1463
-1509
-1478
-1358
-1018
-507
55
726
1212
1666
2033
2143
2087
1739
1424
1222
1048
982
919
993
1289
1508
1558
1529
1464
1361
1030
424
-100
-411
-696
-837
-912
-872
-634
-396
-178
-148
-124
31
25
-79
-222
-251
-29
273
522
691
983
1400
1576
1415
952
353
-68
-693
-1453
-2051
-2615
-2841
-3009
-3290
-3395
-3424
-3398
-3631
-4350
-5050
-5511
-6013
-6569
-7065
-7246
-6821
-6053
-5186
-4185
-3072
-1857
-722
6
409
857
1309
1655
1889
2189
2893
3846
4791
5640
6474
7364
7886
8038
7839
7198
6425
5556
4581
3518
2661
2195
1942
1807
1694
1698
1710
1536
1053
303
-496
-1353
-2220
-3135
-3770
-3916
-3808
-3425
-2931
-2236
-1307
-483
166
401
437
546
449
149
-83
4
301
735
1249
1765
2380
3017
3408
3360
3041
2710
2340
1798
1104
514
222
111
13
-35
-43
17
97
-123
-645
-1079
-1463
-1987
-2503
-2962
-3226
-3119
-2925
-2884
-2749
-2354
-1889
-1552
-1421
-1459
-1352
-1153
-1134
-1147
-959
-508
-66
354
707
1017
1463
1717
1831
1894
1727
1760
1867
1615
1481
1511
1597
1731
1701
1530
1362
1273
978
531
84
-234
-375
-594
-808
-874
-784
-559
-399
-437
-416
-292
-202
-150
-199
-213
-55
187
393
550
767
973
1005
884
602
275
-27
-511
-1131
-1679
-2059
-2325
-2623
-2935
-3151
-3269
-3465
-3849
-4407
-4934
-5276
-5670
-6143
-6436
-6461
-6138
-5535
-4853
-4047
-3109
-2129
-1210
-534
-31
514
1070
1429
1686
2155
2902
3771
4581
5258
6039
6873
7405
7618
7522
7136
6635
5956
5031
4169
3526
3092
2792
2490
2238
2076
1934
1584
988
345
-341
-1122
-1943
-2698
-3337
-3598
-3445
-3311
-3011
-2443
-1857
-1252
-881
-697
-528
-438
-382
-427
-538
-434
-61
418
924
1451
2026
2526
2825
2994
2909
2628
2378
2026
1549
1026
652
537
474
380
281
282
331
259
17
-350
-789
-1282
-1687
-2086
-2399
-2466
-2527
-2545
-2431
-2208
-1924
-1742
-1663
-1563
-1480
-1421
-1366
-1323
-1215
-931
-636
-305
176
526
983
1344
1458
1647
1688
1718
1694
1525
1436
1324
1232
1224
1255
1238
1183
1181
1189
1042
788
612
430
171
-78
-276
-390
-457
-524
-445
-228
-8
126
261
369
318
318
281
-1
-245
-433
-675
-839
-1086
-1346
-1437
-1541
-1699
-1913
-2129
-2391
-2805
-3281
-3878
-4372
-4718
-5116
-5360
-5519
-5591
-5381
-5026
-4570
-4064
-3572
-2943
-2289
-1870
-1624
-1244
-697
-281
119
659
1286
2179
3071
3890
4743
5399
5970
6387
6526
6474
6250
5966
5571
5096
4651
4383
4270
3970
3619
3358
3021
2600
1993
1311
634
-82
-793
-1501
-1949
-2302
-2514
-2464
-2430
-2270
-2075
-1950
-1862
-1834
-1852
-1841
-1685
-1590
-1455
-1223
-860
-210
334
845
1412
1826
2066
2123
2130
2098
1949
1690
1479
1351
1404
1578
1705
1753
1689
1562
1341
1059
534
-43
-559
-1120
-1580
-1971
-1991
-1787
-1648
-1422
-1185
-1040
-939
-983
-1238
-1597
-2003
-2266
-2428
-2474
-2318
-1957
-1425
-797
-121
458
986
1301
1433
1429
1227
1047
883
708
650
730
986
1404
1736
1990
2278
2417
2327
2054
1559
959
449
14
-293
-479
-584
-341
-36
88
300
437
378
77
-485
-1128
-1658
-2077
-2535
-2830
-2855
-2681
-2310
-2026
-1695
-1463
-1409
-1436
-1845
-2388
-3048
-3612
-3992
-4391
-4588
-4432
-3924
-3420
-2930
-2349
-1781
-1304
-1120
-1114
-1148
-1202
-1270
-1314
-1215
-855
-194
564
1277
1999
2811
3551
3970
4066
3963
3858
3669
3415
3170
2943
2979
3208
3390
3556
3794
4001
4067
3855
3453
2901
2178
1556
815
80
-347
-659
-838
-883
-837
-693
-540
-513
-606
-760
-890
-1100
-1414
-1670
-1775
-1746
-1694
-1496
-1201
-829
-380
10
357
629
792
901
953
922
913
854
904
1058
1124
1271
1449
1604
1719
1689
1567
1456
1322
1078
770
508
262
5
-241
-447
-555
-723
-899
-965
-1166
-1346
-1412
-1604
-1746
-1831
-1913
-1970
-1989
-1986
-1959
-1882
-1710
-1420
-1235
-935
-511
-175
133
368
635
945
1046
1130
1343
1413
1570
1739
1764
1927
2066
2175
2203
2113
2007
1810
1589
1135
550
41
-456
-786
-1197
-1616
-1797
-1952
-2009
-2095
-2324
-2477
-2620
-2886
-3243
-3641
-3930
-4071
-4222
-4384
-4382
-4092
-3640
-3273
-2874
-2428
-2098
-1715
-1485
-1458
-1353
-1240
-1158
-1003
-738
-386
171
779
1392
2003
2487
2963
3240
3283
3200
3000
2824
2606
2260
2055
2099
2193
2284
2360
2433
2604
2652
2478
2220
1919
1542
1068
622
256
-12
-129
-177
-197
-101
59
245
312
318
347
250
90
-141
-407
-561
-560
-494
-364
-185
51
400
661
889
1070
1072
1094
1127
936
797
780
649
525
368
319
482
661
750
892
1009
952
1000
964
781
610
413
327
216
18
-63
-66
-50
-58
-92
-13
112
112
84
49
37
-34
-158
-246
-400
-406
-380
-469
-508
-520
-485
-354
-322
-431
-461
-388
-374
-447
-385
-348
-385
-423
-423
-377
-396
-451
-635
-834
-1002
-1157
-1300
-1405
-1562
-1778
-1835
-1936
-2055
-2109
-2221
-2251
-2237
-2344
-2502
-2611
-2604
-2640
-2700
-2735
-2721
-2503
-2323
-2188
-1925
-1727
-1555
-1311
-1195
-1066
-856
-714
-600
-424
-168
143
471
750
1061
1314
1542
1771
1805
1798
1832
1786
1792
1761
1671
1705
1791
1981
2124
2224
2389
2477
2516
2498
2337
2171
2106
1855
1478
1347
1239
1099
1048
916
767
668
639
530
293
147
0
-152
-299
-461
-530
-542
-506
-496
-502
-426
-243
-101
-14
167
305
420
567
617
694
877
1059
1152
1172
1203
1181
1116
1052
980
863
806
834
709
619
636
585
536
441
363
175
-65
-74
-146
-208
-202
-84
120
214
474
779
995
1114
1197
1260
1262
1127
892
813
656
526
535
556
665
812
918
947
823
530
253
-268
-948
-1554
-2225
-2781
-3230
-3642
-3890
-3984
-3985
-3896
-3827
-3775
-3700
-3765
-4003
-4220
-4493
-4726
-4760
-4848
-4805
-4540
-4032
-3348
-2828
-2251
-1645
-1092
-626
-435
-361
-307
-296
-361
-402
-272
8
244
583
1066
1454
1846
2153
2297
2297
2121
2001
1805
1469
1288
1256
1209
1248
1537
1827
2128
2489
2702
2766
2727
2589
2287
2008
1732
1333
1059
914
808
733
747
856
995
1181
1151
1080
1054
965
988
761
612
705
732
843
960
1187
1409
1632
1845
1853
1811
1698
1564
1404
1151
981
874
807
741
729
814
859
892
817
779
783
593
385
230
21
-170
-273
-276
-173
10
148
224
350
397
461
530
418
226
20
-99
-191
-344
-389
-409
-365
-282
-326
-262
-204
-251
-385
-534
-598
-851
-1106
-1232
-1441
-1564
-1672
-1766
-1766
-1887
-1943
-1917
-1954
-2065
-2223
-2311
-2422
-2437
-2484
-2652
-2718
-2780
-2751
-2732
-2764
-2710
-2632
-2546
-2579
-2572
-2452
-2413
-2341
-2303
-2383
-2333
-2233
-2208
-2123
-2037
-1907
-1701
-1561
-1396
-1155
-900
-667
-420
-131
106
334
554
687
930
1191
1383
1664
1892
2137
2431
2696
2886
2944
3018
3012
2899
2783
2615
2432
2267
2207
2159
2025
2010
2049
2129
2197
2082
1957
1807
1709
1606
1326
1094
1117
1133
1082
1234
1392
1513
1682
1750
1773
1770
1555
1291
1054
755
550
377
334
467
631
876
1063
1256
1464
1557
1642
1623
1410
1144
923
707
517
396
441
633
835
1085
1348
1488
1581
1530
1379
1086
651
361
-56
-386
-597
-887
-909
-832
-775
-678
-520
-342
-381
-596
-830
-1080
-1402
-1869
-2337
-2655
-2851
-2977
-3040
-2963
-2762
-2622
-2541
-2384
-2342
-2419
-2509
-2720
-2948
-3212
-3496
-3601
-3622
-3576
-3395
-3101
-2779
-2546
-2344
-2164
-1998
-1873
-1967
-2100
-2152
-2197
-2236
-2241
-2113
-1933
-1681
-1397
-1150
-828
-550
-425
-336
-260
-230
-223
-238
-205
-92
52
310
579
851
1114
1362
1688
1841
1886
1964
1998
1968
1917
1802
1760
1779
1690
1639
1613
1723
1821
1838
1882
1909
2013
2007
2053
2211
2214
2260
2255
2265
2346
2398
2496
2472
2493
2519
2508
2488
2471
2459
2425
2451
2373
2327
2228
1990
1924
1866
1708
1550
1367
1209
1052
1005
1003
917
908
900
920
988
939
960
1040
946
782
607
410
313
174
11
-74
-140
-144
-181
-191
-193
-281
-288
-375
-582
-769
-1004
-1171
-1384
-1698
-1872
-2007
-2079
-2147
-2250
-2261
-2328
-2356
-2378
-2421
-2531
-2721
-2892
-3134
-3365
-3420
-3477
-3567
-3564
-3531
-3351
-3211
-3123
-2933
-2754
-2544
-2396
-2364
-2309
-2287
-2307
-2312
-2354
-2336
-2284
-2179
-1970
-1755
-1503
-1209
-899
-671
-503
-360
-295
-305
-318
-329
-380
-396
-315
-123
49
275
551
797
1081
1352
1503
1538
1501
1328
1220
1122
919
873
898
957
1115
1318
1616
1812
2013
2161
2194
2298
2218
2111
2063
1964
1907
1812
1836
2000
2036
2088
2287
2511
2680
2759
2777
2757
2670
2579
2531
2420
2325
2328
2318
2244
2288
2428
2487
2548
2625
2629
2612
2532
2368
2207
1959
1776
1582
1312
1165
975
906
860
754
724
617
527
362
192
-45
-354
-626
-867
-1094
-1366
-1473
-1596
-1708
-1683
-1623
-1527
-1609
-1744
-1818
-1946
-2051
-2213
-2395
-2498
-2616
-2725
-2691
-2692
-2792
-2717
-2669
-2668
-2618
-2649
-2640
-2675
-2676
-2693
-2749
-2756
-2806
-2814
-2797
-2717
-2644
-2579
-2511
-2377
-2191
-2195
-2098
-1877
-1801
-1669
-1512
-1432
-1300
-1241
-1155
-959
-881
-806
-651
-508
-396
-280
-145
-50
23
124
208
255
309
413
522
570
669
813
868
918
974
1032
1153
1236
1207
1249
1359
1389
1387
1413
1491
1525
1584
1532
1499
1671
1770
1864
1876
1907
2072
2049
2068
2190
2240
2325
2312
2362
2410
2365
2328
2201
2166
2165
2112
2031
1990
1951
1881
1837
1801
1867
1804
1705
1781
1700
1574
1552
1455
1395
1346
1267
1227
1216
1206
1245
1302
1236
1203
1128
955
729
450
194
-150
-527
-754
-943
-1163
-1207
-1192
-1242
-1191
-1162
-1137
-1213
-1324
-1407
-1721
-1923
-2079
-2330
-2512
-2630
-2615
-2558
-2419
-2250
-2069
-1886
-1890
-1907
-2003
-2227
-2474
-2782
-3045
-3230
-3317
-3297
-3175
-2951
-2598
-2227
-1925
-1663
-1479
-1305
-1310
-1389
-1448
-1586
-1629
-1722
-1728
-1520
-1288
-1016
-666
-335
-79
118
195
219
157
20
-159
-414
-583
-597
-602
-522
-234
31
338
662
867
1128
1246
1346
1408
1242
1180
1135
1010
947
1021
1125
1254
1552
1867
2038
2180
2311
2364
2312
2234
2167
2039
1919
1751
1692
1814
1941
2029
2179
2350
2383
2483
2455
2301
2236
2001
1805
1585
1276
1139
974
892
931
848
830
922
971
969
930
850
773
726
580
400
292
263
260
249
285
340
326
332
384
360
260
131
-20
-183
-266
-440
-618
-769
-834
-757
-759
-701
-721
-708
-621
-674
-680
-712
-828
-945
-1052
-1120
-1204
-1317
-1317
-1259
-1315
-1372
-1395
-1484
-1593
-1689
-1754
-1865
-2031
-2112
-2238
-2390
-2378
-2361
-2438
-2433
-2397
-2407
-2307
-2144
-2056
-1944
-1807
-1713
-1617
-1559
-1406
-1209
-1093
-942
-814
-717
-588
-489
-394
-267
-176
-61
28
71
160
273
392
446
556
674
753
824
889
998
1032
1113
1142
1110
1158
1141
1175
1192
1175
1201
1150
1158
1143
980
974
1025
957
889
892
928
942
1009
1042
1096
1163
1177
1222
1336
1354
1316
1352
1379
1410
1342
1302
1368
1418
1427
1375
1398
1426
1349
1340
1336
1241
1244
1213
1098
1160
1138
959
925
906
815
791
767
716
720
648
494
454
400
328
284
152
23
-154
-368
-502
-632
-821
-977
-1107
-1177
-1149
-1155
-1175
-1101
-1110
-1165
-1096
-1083
-1170
-1203
-1248
-1382
-1403
-1381
-1348
-1234
-1206
-1187
-1112
-1050
-1037
-1065
-1052
-1081
-1207
-1373
-1491
-1487
-1506
-1556
-1522
-1378
-1182
-1091
-1055
-929
-813
-789
-758
-767
-797
-845
-908
-874
-867
-831
-722
-679
-655
-632
-578
-459
-364
-378
-385
-349
-340
-294
-298
-253
-133
-9
164
293
483
638
707
737
749
818
819
808
806
701
690
770
697
757
948
993
1025
1035
1050
1089
1098
1081
1033
1035
1041
1034
1111
1171
1188
1293
1403
1436
1424
1394
1401
1353
1176
996
893
854
806
736
714
677
668
666
596
586
528
500
536
497
404
334
306
217
222
253
261
294
316
385
462
497
451
394
315
204
121
-50
-231
-254
-309
-439
-480
-514
-500
-393
-352
-361
-377
-392
-439
-494
-538
-641
-655
-635
-744
-758
-713
-691
-582
-562
-596
-617
-727
-890
-981
-1079
-1191
-1282
-1408
-1362
-1373
-1458
-1380
-1403
-1363
-1278
-1263
-1116
-1020
-962
-920
-914
-865
-876
-794
-683
-630
-531
-479
-421
-294
-193
-144
-145
-125
-48
-43
-55
-22
-53
-5
63
3
30
137
266
319
323
470
528
428
440
438
398
452
444
407
386
392
418
402
436
445
374
391
430
355
429
465
412
522
477
570
709
664
757
822
904
981
1011
1064
1115
1179
1243
1231
1116
1072
994
928
889
812
794
685
619
633
636
756
833
782
745
709
667
645
592
562
505
449
438
345
244
250
284
220
117
-2
-35
-83
-307
-322
-314
-442
-440
-471
-467
-436
-447
-417
-477
-494
-432
-437
-489
-525
-504
-513
-501
-461
-506
-596
-656
-657
-708
-759
-728
-741
-818
-904
-848
-803
-893
-886
-812
-777
-790
-775
-713
-754
-798
-789
-789
-709
-737
-775
-689
-671
-638
-558
-538
-520
-482
-502
-531
-533
-533
-588
-604
-553
-460
-415
-474
-406
-299
-142
69
85
92
125
140
186
168
147
176
229
273
309
381
467
450
460
512
553
546
464
446
347
347
458
392
371
448
441
416
524
639
715
741
680
704
705
656
687
686
619
566
519
532
528
443
473
505
509
623
673
695
743
723
715
686
717
677
547
631
600
503
507
507
553
502
556
558
456
419
253
153
80
26
-61
-154
-135
-245
-235
-221
-292
-236
-205
-145
-170
-185
-216
-365
-374
-357
-461
-543
-607
-689
-709
-726
-687
-655
-674
-749
-745
-636
-687
-679
-648
-681
-719
-775
-706
-626
-591
-527
-449
-328
-279
-261
-166
-158
-187
-231
-319
-296
-306
-346
-383
-459
-407
-397
-423
-378
-408
-414
-373
-499
-513
-458
-534
-520
-498
-391
-335
-361
-234
-185
-140
-26
-24
-50
-3
35
32
-9
-38
-35
-27
57
-7
-29
68
113
162
143
198
266
265
288
337
394
407
442
582
657
597
646
657
582
701
706
664
676
558
535
460
440
560
565
591
620
629
660
615
595
603
595
568
530
491
417
403
420
473
546
521
524
531
494
497
389
263
210
165
164
66
-7
10
-56
-50
-75
-43
42
-91
-120
-86
-111
-151
-239
-255
-275
-282
-292
-259
-199
-248
-192
-183
-235
-206
-288
-380
-359
-394
-479
-560
-637
-664
-598
-594
-675
-596
-544
-606
-616
-549
-518
-499
-511
-538
-423
-403
-410
-365
-413
-490
-493
-417
-396
-410
-476
-543
-567
-574
-548
-480
-422
-434
-373
-332
-360
-305
-230
-221
-255
-239
-142
-115
-128
-88
-71
-73
-42
34
34
87
129
68
111
82
46
-25
-23
60
46
96
75
42
88
160
232
328
356
349
475
497
518
573
637
647
613
648
544
558
577
566
623
548
554
567
560
586
597
625
573
535
493
471
489
450
441
322
326
404
406
500
452
423
485
482
442
418
361
214
155
82
6
22
-71
-120
-91
-119
-26
-51
-124
-137
-235
-128
-164
-235
-182
-326
-312
-278
-280
-210
-225
-149
-121
-140
-85
-146
-173
-195
-337
-368
-401
-415
-410
-510
-487
-463
-485
-471
-370
-263
-315
-329
-301
-310
-334
-391
-447
-441
-401
-379
-429
-447
-424
-458
-431
-420
-470
-509
-520
-470
-446
-407
-384
-404
-411
-347
-266
-326
-258
-162
-153
-76
-81
-90
-40
-57
-45
54
59
96
135
113
194
143
112
214
172
190
216
119
160
271
246
211
289
366
378
399
514
568
513
494
475
463
483
452
373
371
351
293
304
362
398
387
383
364
273
211
215
238
261
276
254
235
264
336
448
437
425
479
462
435
451
460
464
410
371
356
324
320
304
298
210
123
109
190
133
-35
-24
-56
-85
-30
-92
-160
-181
-243
-213
-210
-287
-285
-256
-267
-273
-251
-283
-324
-306
-297
-337
-368
-360
-345
-274
-262
-274
-296
-434
-453
-451
-508
-491
-523
-566
-505
-487
-471
-403
-367
-325
-335
-391
-341
-321
-341
-297
-307
-267
-230
-203
-165
-235
-248
-128
-82
-127
-165
-183
-176
-227
-231
-207
-222
-186
-118
-122
-187
-117
-62
-24
110
86
95
171
211
264
253
322
317
191
216
270
234
263
289
291
343
322
400
408
317
315
190
157
181
221
219
159
205
223
249
272
297
339
380
369
341
395
368
292
267
240
250
252
279
307
264
196
204
249
180
142
167
153
173
230
205
157
203
211
187
208
172
173
180
142
160
78
6
4
-82
-54
-42
-175
-153
-138
-132
-68
-160
-130
-83
-129
-139
-225
-221
-187
-189
-164
-171
-201
-230
-262
-255
-231
-275
-314
-317
-327
-372
-363
-244
-307
-394
-328
-358
-415
-433
-380
-326
-319
-346
-358
-333
-314
-266
-229
-204
-217
-196
-256
-272
-194
-297
-293
-260
-260
-172
-172
-225
-193
-177
-142
-76
-97
-77
-121
-52
-8
-87
-46
-49
-19
40
26
52
92
100
175
214
217
213
132
162
215
158
198
227
179
191
231
285
300
303
400
384
310
328
294
319
272
257
341
261
279
260
244
348
336
333
321
302
284
268
284
240
197
157
76
113
206
209
235
213
178
215
154
119
134
133
199
196
126
133
141
66
46
68
71
80
-10
-5
32
-51
-19
-12
-60
-43
-36
-47
-64
-48
-109
-226
-190
-228
-259
-163
-263
-317
-276
-315
-316
-372
-386
-275
-252
-254
-282
-310
-262
-347
-371
-295
-287
-203
-219
-332
-273
-230
-265
-251
-177
-151
-151
-213
-258
-123
-204
-211
-108
-192
-137
-139
-143
-107
-176
-87
-22
-42
29
47
-3
0
50
58
10
40
40
-41
-29
-15
6
63
126
137
107
91
62
105
112
63
85
56
69
123
127
118
119
203
209
199
261
266
231
260
251
167
202
226
265
233
142
177
157
130
140
124
152
215
203
202
187
122
165
223
276
259
187
208
226
216
155
88
86
46
-25
15
61
61
119
118
38
72
122
104
205
210
140
60
-14
12
-29
-50
-66
-45
-23
-64
-19
-66
-104
-85
-144
-96
-107
-245
-263
-233
-270
-282
-317
-334
-292
-312
-242
-150
-131
-72
-76
-113
-120
-185
-142
-103
-168
-251
-287
-176
-180
-220
-135
-87
-151
-220
-194
-147
-99
-147
-181
-174
-198
-157
-122
-160
-200
-98
-15
-31
-97
-101
-9
17
49
91
136
98
31
32
-10
-69
-90
-69
-57
-108
-98
-53
-67
-75
-41
53
47
-17
21
110
68
48
87
94
171
179
143
140
119
84
126
148
152
247
247
188
177
197
208
165
176
172
159
196
228
288
254
189
241
263
173
160
174
194
222
146
163
169
147
246
198
135
161
61
67
123
101
15
-8
113
84
6
39
87
25
-67
-105
-59
1
-68
-53
-21
-52
-27
27
29
5
24
-13
-28
-9
-71
-95
-67
-95
-146
-225
-229
-180
-252
-229
-167
-183
-152
-141
-87
-45
-89
-114
-117
-129
-170
-157
-181
-269
-228
-205
-188
-126
-182
-197
-175
-142
-86
-112
-139
-151
-139
-145
-165
-121
-62
-61
-89
-153
-198
-84
-70
-160
-152
-137
-96
-69
-73
17
78
46
104
7
-37
144
34
-4
28
-11
66
3
-19
18
-15
21
156
163
29
46
39
-4
117
160
110
136
142
102
102
122
117
114
97
93
108
81
94
134
137
144
100
131
232
222
174
172
213
282
267
212
199
123
62
76
59
0
24
99
136
105
80
68
56
142
133
97
108
124
90
53
118
29
2
31
-41
-46
-41
25
34
-68
-78
-90
-131
-106
-36
-23
-83
-132
-157
-225
-218
-96
-121
-187
-208
-189
-125
-173
-107
-62
-145
-116
-157
-100
-33
-77
-3
-44
-127
-103
-136
-130
-109
-166
-218
-255
-207
-159
-167
-193
-245
-203
-158
-167
-109
-41
-8
-19
-41
-5
23
29
8
-12
-75
-143
-117
-77
-93
-97
-110
-104
-9
-77
-91
-8
-34
45
69
55
149
111
38
118
125
72
78
107
129
115
126
140
167
200
176
196
175
154
133
99
154
135
114
106
73
121
143
157
187
74
77
153
24
5
59
134
180
86
143
155
148
225
130
20
42
97
59
41
36
63
83
1
3
35
88
110
-5
8
28
32
127
92
32
14
33
-11
-82
-22
-17
-27
-51
-53
-8
-28
-25
-56
-86
-103
-135
-144
-88
16
-4
-79
-124
-137
-134
-150
-169
-172
-231
-255
-219
-278
-219
-214
-181
8
-105
-141
-53
-94
-44
-54
-46
0
35
73
10
-46
-90
-125
-137
-109
-49
-48
-33
9
27
63
30
-105
-105
-32
-88
-157
-113
-22
-56
-62
28
-25
-68
-29
9
55
68
30
15
104
124
114
153
173
162
108
97
103
79
113
136
120
140
183
184
143
81
0
39
45
-8
1
7
58
23
28
-9
-115
-27
-4
2
18
55
114
74
115
199
230
169
49
41
136
141
92
142
196
190
169
147
110
23
-5
-31
-72
-14
-14
31
84
28
15
76
43
-80
-109
-215
-227
-165
-166
-67
-9
30
69
-13
-120
-113
-108
-121
-102
-76
51
39
-6
86
50
45
-20
-99
-75
-121
-182
-172
-135
-97
-8
-1
-67
-143
-207
-163
-124
-144
-177
-196
-136
-119
-127
-98
-108
-114
-92
-84
-81
-82
-69
-13
42
60
48
71
8
30
140
56
-10
12
16
-5
30
56
-13
-35
-40
-71
-41
-88
-45
60
28
118
137
94
98
11
-28
-33
-53
-7
33
-43
-41
56
81
115
91
29
64
96
126
98
143
232
182
263
296
224
204
134
39
-38
-18
26
-51
-73
-23
-19
27
82
56
43
46
-9
2
25
31
124
104
31
52
75
95
110
58
-29
-50
-54
-7
17
-23
-6
-2
-1
36
28
5
9
-6
-19
-34
-108
-120
-100
-68
-48
-76
-36
-21
-3
-22
-65
-54
-51
15
-6
-77
-64
-84
-11
35
-80
-101
-80
-103
-78
-136
-222
-222
-199
-122
-96
-76
-48
1
91
62
32
30
-4
1
24
47
36
-33
-49
-71
-94
-34
-49
-108
-63
-85
-61
-70
-137
-78
-39
-18
-60
-46
31
26
58
39
15
40
-1
-6
-9
2
1
-67
-47
39
60
49
54
38
18
52
108
80
13
-29
41
63
12
67
111
112
96
104
128
159
144
99
89
42
36
113
106
20
22
38
41
21
-78
-107
-113
-71
-42
-82
11
86
59
34
31
25
-8
53
78
84
107
62
103
130
129
135
92
62
23
-15
-28
-18
-51
-161
-235
-171
-45
-42
-104
-87
-42
-52
-88
-86
-7
75
55
69
77
46
21
-29
18
-10
-32
11
-21
-43
-63
-11
-40
-51
-36
-104
-64
-24
-83
-36
18
-74
-105
-81
-28
-17
-35
14
-14
7
-4
-101
-5
29
-85
-40
59
-22
-71
-56
-85
-52
-41
17
78
34
10
10
-10
-40
29
27
0
1
-119
-109
-62
-48
-21
-37
-37
-37
-61
-15
57
73
167
133
44
29
-24
37
45
-16
-15
-32
-24
-62
-59
32
-27
-50
-19
-19
34
-6
54
106
57
63
45
26
92
112
3
7
55
63
53
91
183
138
122
184
76
25
55
9
10
-47
-55
-1
-17
32
45
29
70
104
92
94
99
104
90
113
152
92
36
-19
-3
-10
-94
-103
-101
-80
-71
-81
-57
-30
-30
-18
-7
-46
18
68
43
68
43
-24
17
80
-7
-36
-15
-8
7
-53
-41
-13
-59
-56
-130
-176
-167
-232
-177
-134
-146
-144
-94
-67
-71
30
48
-10
-24
-12
-32
-1
6
-16
32
73
28
-8
-1
-6
66
-9
-69
-22
-87
-58
-21
14
55
-8
-33
-19
-120
-138
-93
-118
-62
-68
-29
7
-99
-42
73
33
88
90
4
59
-29
-110
-19
-55
-90
-2
-9
17
38
4
76
73
127
199
144
181
172
125
125
77
70
111
40
-77
-114
-126
-135
-100
-24
-2
-29
-25
23
134
175
162
194
145
142
146
62
51
93
60
68
112
64
32
5
5
10
-49
-42
-74
-40
-6
-93
-29
-7
28
69
12
-12
-18
-5
-9
16
14
8
66
25
-45
-37
-18
12
-4
-32
-52
-95
-105
-127
-165
-163
-27
50
-28
3
97
39
-37
18
66
19
-12
-9
-37
-92
-95
-30
-64
-128
-112
-90
-63
-131
-200
-204
-209
-154
-60
-6
-37
8
85
-21
-44
19
16
50
31
1
29
26
59
71
50
51
68
103
41
26
52
20
-10
-63
-50
0
12
-2
-38
-36
-39
-40
-36
-29
14
67
115
94
67
115
194
170
61
52
95
48
29
54
-24
-54
-58
-92
-43
-43
-69
41
76
25
53
56
41
-3
43
71
86
146
54
-5
0
-41
-90
-33
4
-21
-57
-22
17
54
122
86
110
67
42
75
40
72
100
43
40
45
-73
-18
32
-61
-102
-73
18
-61
-68
-34
-146
-82
-67
-112
4
-14
-34
16
-19
-4
-40
-50
1
17
51
27
0
-44
-67
-48
-52
-63
-45
21
-7
-43
-69
-108
-78
-104
-45
34
-43
-86
-157
-84
60
21
-17
-20
-88
-126
-38
-20
13
4
-37
21
-29
-36
10
-36
-31
10
21
-18
-37
17
63
55
-42
-29
48
45
36
48
36
-5
75
88
30
60
-3
-67
-54
-52
-40
-3
31
-33
-17
48
-21
16
11
9
63
32
80
43
3
28
27
32
34
60
55
59
56
96
114
65
99
70
75
179
117
67
38
-60
-42
-21
-38
-69
-81
-36
-46
-57
-43
5
15
-37
-28
25
0
-11
48
11
23
57
65
78
9
85
143
87
51
-1
65
41
-52
-76
-51
-4
-73
-120
-115
-59
-109
-146
-104
-92
-6
28
-24
-26
69
148
123
-26
-28
-24
-92
-59
-49
-57
-72
-45
-73
-82
-95
-77
31
-13
-32
0
31
69
-25
-80
-3
3
0
31
-31
12
40
-42
17
65
44
-1
-37
-24
-51
-27
-1
-55
-39
9
-5
-48
-29
-18
-86
-40
7
15
41
6
43
4
19
53
-38
-14
-33
-26
18
1
-20
-2
82
87
71
11
7
102
84
14
-39
-27
3
18
-75
-62
72
62
-6
-52
68
97
-21
-11
35
42
23
17
29
53
43
0
-4
32
72
21
-19
42
75
4
-26
42
50
70
144
105
-15
-90
-123
-116
-14
46
0
-7
-8
0
43
40
2
0
7
50
45
-4
6
-19
-24
-24
-44
-95
-91
-46
-105
-134
-109
-107
-135
-119
-69
-1
51
22
-17
-7
46
111
119
36
72
87
32
40
11
42
21
-38
23
27
-14
-18
-93
-54
40
-39
-3
9
-73
-58
-81
-42
-93
-123
-36
-49
-1
-53
-123
-86
-39
9
21
62
34
14
45
85
83
4
21
56
3
0
39
49
64
66
-23
-75
18
25
21
74
40
62
29
-58
7
28
16
26
-4
20
-17
-12
32
-12
26
54
37
35
6
-9
29
51
-73
-88
-1
-42
-37
-29
-37
18
39
31
50
85
54
21
68
35
30
-33
-76
75
-2
17
58
-10
37
-3
-16
-11
15
47
32
-36
-109
-42
-53
-51
44
-38
-57
16
-59
-45
51
6
33
87
45
90
71
46
43
-19
37
32
-5
13
18
-11
-87
-70
-69
-77
-72
-138
-151
-131
-121
-84
-56
-38
-74
-64
-8
12
18
-4
47
15
-31
72
127
48
-66
-23
-10
-26
35
-8
-12
11
-41
0
71
30
6
-37
-50
32
77
30
-3
-24
58
144
6
0
-9
-58
-18
-40
-3
-76
-57
33
-58
-24
-6
-66
-17
-45
-24
76
4
16
43
-4
16
40
54
33
104
127
49
83
94
18
17
83
91
15
-18
20
69
89
55
41
-32
-58
36
8
-13
54
17
-19
-13
-25
-32
-108
-74
49
56
-28
-57
0
-10
-2
-13
-4
61
-27
-36
4
-2
-17
-29
73
53
39
82
56
14
-38
37
104
28
1
0
-19
12
-21
-74
-92
-81
-87
-19
43
40
81
36
56
92
-59
-114
-48
-110
-82
-18
-63
-7
-55
-102
-90
-165
-137
-44
2
-65
-66
54
21
1
20
-28
10
46
35
57
-18
-51
60
29
9
86
83
44
69
14
-89
-18
8
15
76
47
-40
-34
-15
-54
-26
-71
-73
-23
-47
-26
-16
15
57
-20
-21
23
-20
27
82
55
35
26
5
-35
-4
32
29
60
43
-10
-13
24
-30
-59
30
76
14
-4
8
-41
-4
11
0
-18
-20
55
33
8
25
13
9
-9
-9
12
0
24
-3
-40
37
48
45
42
16
57
20
-36
-16
-28
26
2
-77
-64
-71
56
2
-102
26
-10
-32
10
-10
-24
-49
7
34
-7
10
-33
-136
-89
30
17
33
29
3
34
2
4
26
7
-13
23
50
-16
-45
-25
15
38
0
40
46
-60
-70
-64
-26
51
-3
1
5
11
63
-4
-60
-80
-36
27
26
38
-13
-58
-10
-49
-76
-47
-19
-2
18
30
14
36
-6
-1
75
92
46
40
104
28
-16
79
88
72
7
-47
8
-10
-49
-40
-54
-51
1
8
-34
-37
-83
-31
-42
-106
26
39
65
78
30
28
0
41
2
-28
0
6
49
-22
-34
6
15
4
-60
-42
-21
-16
-7
-13
-3
14
-3
-39
8
104
55
15
38
-4
9
19
-12
-35
-24
9
-2
14
-23
-120
-89
-53
-78
-73
-62
-6
52
-30
-51
-24
-35
33
31
51
78
-6
-13
27
37
4
-25
-21
-20
-48
-55
-19
-4
-11
4
-2
-59
8
34
12
103
86
14
-38
-14
-27
-95
-31
0
-14
53
72
-52
-71
3
37
50
-5
-23
22
8
2
-4
-24
-33
-81
-50
-33
