334
144
40
-86
-249
-204
-108
-40
-4
-40
32
153
228
143
-19
-153
-253
-275
-309
-232
16
147
235
350
411
423
223
133
128
13
0
58
15
-11
73
127
38
-96
-122
-222
-180
-169
-274
-157
-154
-283
-359
-386
-305
-239
-249
-182
33
179
180
197
196
264
273
284
355
317
344
313
253
266
187
36
9
0
-58
-30
-43
-16
-30
-101
-113
-153
-147
-268
-407
-443
-428
-237
-129
18
221
302
367
325
236
81
-109
-178
-227
-177
-36
67
160
164
131
94
17
1
-1
-41
-156
-249
-212
-135
-98
-19
38
5
-9
12
56
-1
-90
-34
40
119
250
197
118
127
17
-92
-203
-237
-186
-177
-79
67
144
125
127
101
0
-31
-18
8
10
-73
-194
-160
11
70
6
-13
31
73
215
235
68
-10
-50
-10
-26
-114
-57
19
-36
-140
-118
-89
-19
28
11
69
35
54
131
147
191
160
201
336
301
278
198
-3
19
18
50
99
-58
-44
73
25
26
-44
-306
-376
-401
-460
-485
-420
-217
-188
-218
-59
90
111
47
-51
-40
62
162
267
235
183
213
201
185
147
179
213
149
87
22
-7
79
148
11
-105
-156
-234
-253
-304
-373
-318
-247
-258
-189
-87
-18
56
78
100
101
-33
-83
-39
-18
-35
-35
118
172
275
436
360
337
354
190
-21
-140
-171
-171
-198
-238
-180
-104
-26
71
140
181
78
-38
-100
-45
114
133
127
177
278
383
261
149
173
108
-76
-187
-163
-249
-240
-66
-42
-144
-210
-245
-373
-482
-550
-575
-422
-256
-83
133
239
256
248
228
150
97
151
212
233
294
417
441
380
357
260
117
-47
-171
-73
-111
-309
-254
-137
-98
-65
-91
-167
-229
-255
-204
-117
-81
67
195
199
322
290
144
169
105
105
197
161
163
153
130
73
-58
-176
-302
-418
-470
-471
-455
-369
-265
-176
-51
26
7
14
29
36
60
94
170
190
263
318
250
253
326
346
239
99
-5
-31
-32
-20
0
-150
-255
-383
-506
-478
-511
-377
-209
-91
45
166
232
192
203
75
-31
114
241
213
131
114
124
28
-102
-41
63
-8
-124
-90
-32
-50
-91
-213
-175
-160
-259
-232
-246
-137
13
47
153
284
313
252
148
160
217
120
105
129
117
240
253
236
181
47
39
-39
-101
-107
-99
-49
-38
-35
-98
-101
-145
-287
-416
-428
-319
-243
-96
49
149
275
260
165
148
95
32
14
147
342
417
480
429
327
314
343
352
203
-16
-157
-139
-156
-268
-200
-62
-69
-183
-235
-296
-348
-382
-408
-357
-327
-200
-31
36
-17
-48
-50
-70
-54
-27
53
49
77
38
-22
64
-24
-37
65
72
124
52
13
-19
-141
-50
3
-18
0
-4
97
161
184
137
-77
-219
-243
-202
-43
129
122
81
94
47
-32
-94
-85
-37
36
33
0
55
2
-31
-20
-89
-88
-139
-314
-290
-270
-408
-442
-316
-127
-29
49
88
35
-30
-5
-9
-12
144
296
274
279
380
368
422
470
398
224
27
32
43
-23
-71
-110
-95
-132
-125
34
13
-100
-141
-116
30
57
41
92
128
215
230
187
167
209
238
124
29
-105
-228
-237
-268
-389
-441
-366
-334
-300
-309
-155
-74
-175
-132
-225
-159
88
192
311
369
438
435
343
315
234
213
231
288
378
410
324
161
111
60
11
-46
-147
-181
-309
-416
-326
-261
-249
-137
29
101
-6
-99
-102
-195
-282
-272
-164
62
105
72
138
43
25
-10
-148
-87
-55
38
120
19
-69
-130
-112
-192
-298
-208
-159
-92
57
46
140
356
396
255
208
341
284
239
225
186
214
168
71
35
78
78
-12
-77
-41
-114
-250
-398
-431
-338
-338
-280
-292
-316
-234
-137
-14
65
176
303
285
237
237
214
139
-50
-104
21
74
64
16
-3
42
66
52
-83
-212
-270
-276
-168
-32
124
235
339
445
433
323
205
236
317
261
284
305
307
391
376
184
-90
-275
-394
-538
-688
-739
-636
-480
-354
-296
-184
-83
-182
-279
-346
-391
-303
-215
-51
193
323
333
320
383
456
322
110
-3
-114
-201
-215
-146
-54
38
66
49
21
-57
-118
-146
-64
44
78
110
140
213
169
46
26
8
6
-13
-20
69
52
-74
-159
-137
-78
45
80
-52
-39
-148
-266
-269
-265
-160
-86
71
250
353
327
217
54
-217
-311
-291
-242
-127
-83
-48
42
90
96
105
56
19
75
169
213
115
28
2
44
128
185
324
402
433
382
273
137
-33
-54
19
69
142
215
144
1
-145
-269
-319
-284
-223
-110
14
72
84
62
47
-44
-139
-42
13
-13
-31
-47
53
166
161
125
201
216
165
58
-116
-127
-110
-105
-44
-24
25
64
27
-7
-83
-119
-83
-45
-47
13
148
162
101
86
106
46
-76
-86
-18
-36
-30
-25
-63
-43
-66
-119
-147
-199
-246
-288
-313
-219
-155
-168
-112
-85
-117
-80
-21
-37
2
24
0
21
0
-56
-141
-145
-128
-64
13
41
110
81
-14
-139
-168
-177
-175
-27
19
89
255
260
188
100
-30
-12
-59
-125
72
197
161
21
-148
-221
-220
-247
-250
-148
-74
34
13
-124
-204
-278
-259
-221
13
278
329
332
223
161
80
51
109
106
209
303
254
246
222
3
-82
-62
-78
-89
-70
-41
-133
-116
-110
-186
-123
7
94
183
268
203
218
267
234
312
348
381
387
292
232
116
-26
-141
-175
-84
22
90
112
160
102
-123
-259
-291
-407
-401
-268
-184
31
137
126
225
229
243
244
218
270
242
238
260
206
217
153
-16
-98
-186
-232
-254
-316
-309
-257
-120
-62
-13
15
-90
-123
-127
-136
-202
-272
-320
-322
-217
-98
41
117
235
255
76
13
-100
-209
-293
-475
-503
-398
-194
60
180
240
153
-39
-68
-125
-176
-127
-62
101
218
224
261
171
38
-51
-180
-169
-98
44
57
7
95
53
62
83
-74
-135
-199
-294
-268
-305
-240
-68
72
80
2
10
10
-52
-102
-80
-123
-21
155
171
199
71
31
57
-40
-65
-167
-130
49
88
87
147
160
212
298
222
234
293
301
250
101
-39
-159
-132
-72
-21
105
241
348
369
261
68
14
-86
-217
-200
-148
-56
-18
42
33
-55
-45
-93
-127
-86
-44
-61
-24
99
66
39
-49
-172
-102
-63
-35
-25
-58
0
94
128
59
59
100
90
145
195
153
8
-78
-90
-88
-68
-61
50
55
13
22
-2
-21
-32
50
113
122
53
-33
-41
-44
-111
-145
-93
-48
0
-38
-116
-82
-92
-97
-55
-59
-59
25
97
7
-32
-29
-33
-6
-78
-117
-132
-130
-39
-33
-50
0
29
52
108
112
101
165
186
167
136
17
-5
-22
-58
22
78
88
116
127
80
48
61
135
34
-89
-62
-109
-137
-174
-264
-219
-109
-97
-74
-8
68
179
226
194
219
234
115
45
-10
-42
58
17
-38
-3
-17
-50
-119
-55
0
-79
-114
-154
-149
-180
-201
-123
-68
-81
-109
-38
-9
-38
-6
112
206
238
236
148
144
128
75
42
-39
40
109
89
47
-36
-96
-179
-120
-104
-161
-73
9
56
40
-26
-1
-41
-187
-175
-100
-15
80
164
268
261
254
193
112
55
-135
-303
-333
-278
-186
-54
31
88
69
-24
-55
-71
-159
-257
-356
-464
-441
-352
-232
-55
92
182
241
273
320
306
208
157
83
38
-2
35
87
37
76
38
41
126
106
126
170
159
108
82
57
-4
-95
-135
-90
-115
-93
-4
102
228
166
182
255
173
123
23
-108
-219
-236
-134
-88
-27
130
199
155
137
93
26
-145
-220
-134
-139
-108
-57
-16
64
45
59
232
255
213
141
12
-5
-118
-122
-55
-80
20
71
156
279
270
256
200
113
60
-9
-143
-171
-143
-151
-212
-297
-279
-265
-219
-278
-274
-87
-105
-53
-38
-96
-3
-129
-116
-49
-136
-69
-79
-4
118
188
376
425
399
357
239
113
-43
-121
-163
-128
-138
-220
-184
-221
-244
-187
-211
-133
40
75
77
155
174
124
57
-29
-59
-109
-58
161
269
216
184
188
100
18
-125
-202
-171
-201
-266
-213
-49
-95
-147
-64
-66
-143
-159
-144
-155
-99
-42
-53
-108
-58
120
227
317
372
304
233
105
126
210
99
73
28
-79
-82
-67
-5
27
-42
-9
-53
-124
-72
-115
-126
-101
-5
55
20
56
96
98
34
10
-10
-45
81
195
158
184
166
68
80
-41
-81
25
-69
-7
90
41
112
112
45
-7
-89
-111
-83
-108
-100
-33
18
100
65
22
48
47
27
23
25
-12
5
39
-2
-2
41
-3
-118
-198
-115
-68
-98
-70
-4
111
54
48
24
-119
-117
-106
-92
-122
-128
-76
-105
-135
-158
-105
-31
-19
6
0
51
58
13
98
103
95
109
101
161
160
132
157
105
-84
-196
-181
-154
-58
10
88
179
119
112
101
-38
-77
-181
-342
-355
-334
-285
-268
-192
6
109
152
154
101
153
126
-48
-125
-186
-203
-120
-73
26
53
63
92
-28
-46
-2
56
56
1
87
153
149
24
1
-6
-43
63
82
181
202
166
172
63
32
28
48
27
-99
-137
-87
-22
9
77
164
165
163
115
148
166
-13
-97
-12
-66
-161
-110
-104
27
131
85
200
232
65
-4
19
42
37
-41
-3
108
150
204
162
206
204
36
60
41
-75
-107
-126
-35
-12
3
127
143
91
63
21
-83
-133
-169
-163
-161
-227
-185
-146
-182
-136
-16
-73
-124
-44
-43
15
57
63
124
56
-46
-66
-141
-271
-280
-302
-340
-235
-134
-9
47
137
229
225
207
163
121
32
18
6
-57
-71
-31
-19
52
159
119
80
48
67
31
-43
-7
1
59
-17
-62
0
-75
-129
-157
-66
-44
-147
-106
-76
-42
-13
-9
26
48
-14
-84
3
103
85
28
-26
22
102
50
6
1
-8
-70
-189
-177
-102
-111
-87
-47
-54
-56
-69
27
65
-8
-4
-3
-13
-27
-96
-83
-29
-24
46
26
10
83
69
86
150
116
108
140
120
115
99
119
132
74
31
30
35
9
-13
12
8
-76
-98
-57
-48
45
103
68
100
53
11
34
109
125
13
21
-12
-6
20
-88
-113
-163
-24
107
46
97
95
96
34
-34
-47
-153
-161
-161
-176
-130
-89
22
14
2
122
175
187
80
-20
-74
-59
20
32
57
68
41
82
102
5
21
-7
-37
27
-47
-69
2
52
36
49
140
130
70
55
11
-7
-72
-96
-121
-191
-151
-188
-101
-33
-48
2
-22
75
67
43
141
104
72
-22
-69
48
70
30
23
19
159
234
109
55
26
-52
-117
-175
-191
-179
-188
-75
-3
-25
24
75
82
77
40
-78
-133
-150
-173
-148
-129
-27
-11
26
160
160
158
97
12
28
-70
-150
-123
-144
-123
-94
-73
-51
-60
-96
-90
-26
-57
-21
62
7
24
98
97
21
-22
-18
-52
12
23
30
87
41
65
80
61
68
11
-47
-22
-25
-54
-13
-28
-7
-15
-16
44
20
46
1
4
59
-18
-59
-101
-52
0
-12
22
-47
10
138
115
49
-12
15
27
43
20
-18
-35
-71
29
80
123
140
89
130
90
68
80
46
12
-11
-11
-39
0
23
35
59
24
40
26
-27
-65
-92
-50
-46
-37
-64
-79
41
-4
-80
38
92
161
243
214
181
84
63
41
36
56
-55
-118
-134
-84
-6
0
-4
12
1
-18
-43
-55
-48
-95
-166
-191
-218
-167
1
79
60
65
55
75
64
-47
-17
38
-26
-62
-141
-187
-100
-50
-107
-121
-45
-41
-60
-53
-110
-100
-46
-28
62
93
85
77
22
-35
-44
90
130
-7
-31
21
8
-34
-73
-118
-106
-62
-8
-19
-67
19
36
10
28
-44
-79
-47
-30
-35
-57
-69
5
69
96
156
170
200
161
124
88
-5
1
-32
-85
-137
-108
-14
-78
-56
27
18
74
62
-8
-53
-41
13
40
53
-9
-49
-31
-63
-82
-44
-32
-11
27
44
-4
-21
4
-34
-48
-80
-64
35
68
-15
-74
21
82
115
107
-32
-50
83
124
27
23
39
18
13
-21
-8
24
101
95
110
180
104
85
145
171
118
15
81
123
8
-5
30
45
92
52
25
54
-26
-39
30
-28
-74
-56
-121
-160
-147
-103
-109
-164
-123
-78
-17
42
79
19
-28
86
-28
-107
-83
-103
20
-74
-82
88
26
15
31
-14
-2
-47
-127
-109
1
8
-69
-84
-68
-5
47
53
12
-43
-61
-83
3
43
-46
-66
-42
70
69
12
74
4
-10
70
66
55
18
-22
-63
-124
-144
-109
-141
-206
-159
-91
-41
46
73
50
47
73
100
70
72
37
-6
5
-3
45
65
29
18
15
59
87
71
92
2
-33
-12
-79
-91
-93
-7
48
116
122
40
61
-7
42
139
52
-11
-69
-142
-96
-30
-25
-48
-60
-31
-68
-73
5
52
51
36
-24
-19
37
2
-15
44
57
55
24
2
19
29
106
96
40
5
13
98
60
14
17
-12
40
50
13
105
97
68
168
113
52
40
-39
0
-3
-43
-40
-76
-40
-1
49
65
25
6
-63
-98
-126
-226
-169
-86
-127
-90
-25
-23
-19
77
79
-15
-92
-128
-35
-42
-107
-49
-55
-117
-103
-63
-87
-114
-46
-9
-30
-49
-5
8
-4
83
-4
-58
-2
-28
30
78
94
105
133
122
0
-35
2
-48
-30
25
-58
-46
62
38
32
29
6
30
-12
9
39
-33
-84
-92
-49
-24
14
51
24
59
93
104
85
54
31
-61
-19
117
113
159
195
112
108
134
91
76
74
34
27
-31
-51
13
20
29
0
-43
7
-3
26
34
-89
-80
-57
-68
0
29
-25
21
66
39
21
4
30
-36
-81
-55
-86
-69
-53
-76
-76
-90
-39
19
-10
1
21
59
117
10
-70
-29
-69
-46
1
-43
-54
-57
-65
-83
-90
-54
-116
-110
-45
-132
-116
-56
-88
-126
-65
32
51
43
-41
-16
-4
-17
12
-49
31
19
-93
-59
-99
-129
-24
-25
8
101
-15
-64
11
18
-39
-24
-3
-46
-38
-37
-7
10
61
115
128
136
56
88
140
72
86
103
85
93
97
111
140
119
36
76
107
49
63
-9
-15
50
-30
-41
-4
-1
-2
-32
-1
-12
2
46
-11
41
51
56
136
135
72
-15
-34
-72
38
135
95
99
36
-26
-15
51
52
42
19
-2
35
3
66
33
-49
30
30
39
1
-35
22
25
-20
-36
-11
12
-1
-55
3
10
-67
-48
-79
-119
-68
-33
-67
-63
10
-55
-97
15
2
-48
-58
-103
-93
-100
-140
-93
-106
-72
-14
-32
16
-24
-62
-118
-182
-150
-149
-98
-79
-50
-37
-5
71
-2
-13
-14
-75
-56
-42
13
19
-53
-32
40
70
-21
-60
22
58
67
-18
-76
-30
12
-9
-42
-45
-77
16
101
61
140
176
154
135
91
93
50
-11
-96
-107
-65
-44
-37
-11
49
52
74
116
116
99
89
99
165
86
-2
100
66
42
90
70
68
89
72
24
58
74
69
12
-49
30
78
59
27
-19
-5
-27
-29
-26
-81
27
53
-22
60
103
95
79
47
56
75
63
54
40
28
-18
-51
-57
-84
-97
-150
-132
-93
-119
-46
8
0
29
25
0
3
58
12
-134
-125
-115
-165
-126
-73
-11
67
80
60
33
-53
-37
15
-17
-65
-21
17
-66
-37
-21
-115
-172
-217
-146
-60
-52
-42
-79
-43
20
54
29
-19
14
-26
-39
-8
-68
-59
-33
-63
-55
-43
-37
-86
-22
69
-34
-14
110
125
114
58
-17
9
-14
-78
-58
-31
-23
-36
0
30
42
150
169
135
156
105
85
137
93
3
-9
-27
-16
61
23
-48
-26
-14
0
-44
-72
-79
-46
73
90
69
50
8
-32
39
68
50
30
-44
53
56
11
80
76
43
86
79
41
44
-43
-14
6
-30
-14
-21
57
40
-74
-107
-85
-33
-40
5
25
-3
63
76
80
102
117
69
-4
-3
-20
28
-2
-110
-49
0
-11
89
38
-101
-13
36
27
7
-58
-127
-144
-78
-105
-165
-184
-202
-139
-84
-27
15
0
91
74
29
129
68
27
41
-68
-26
18
-36
-24
-98
-76
18
30
3
-73
-87
-65
23
86
-17
-114
-66
-71
-128
-103
-116
-99
-104
-107
-25
8
18
-16
-14
76
15
-54
62
72
16
81
7
-90
-28
9
-10
2
65
65
30
-23
-46
-22
-19
13
35
81
91
77
115
122
111
80
33
33
52
3
41
133
125
115
122
136
123
104
56
0
30
70
78
50
-22
-28
-47
-21
27
-36
-26
6
60
100
42
61
14
-14
35
-32
-56
-47
-35
21
10
-30
40
61
-8
20
14
35
51
-63
-107
-139
-134
-84
-106
-58
-11
-40
-12
-9
-40
4
14
-16
-33
-16
6
0
30
23
-55
-124
-87
37
-3
-58
-25
-119
-101
21
46
19
-45
-15
12
-45
-31
-58
-106
-90
-54
-37
-15
11
61
155
112
48
21
21
1
30
84
-54
-68
0
-12
14
-6
-56
-70
-68
3
7
-37
33
33
41
53
57
67
-67
-70
-18
-63
-63
-54
17
18
-30
51
23
-32
66
70
7
-15
-3
31
21
66
27
-64
-92
-88
-24
-30
36
102
63
102
52
43
100
65
73
70
47
-22
-42
22
66
65
48
44
4
-11
-38
-42
4
-15
39
94
81
91
41
45
44
1
40
0
-118
-137
-103
-22
43
-29
-47
4
10
4
-34
-34
15
42
-13
-71
-43
-59
-89
-66
-68
-115
-47
-13
-75
-29
-10
31
97
103
58
13
58
7
30
41
-64
-39
-130
-120
-16
-41
-32
-5
90
96
9
1
-26
27
39
-32
-5
-8
-35
1
12
-68
-95
-11
46
-49
-16
113
101
61
-9
-19
11
71
67
32
64
42
-2
-100
-74
-7
-78
-55
-5
18
41
17
30
76
55
23
1
-31
9
16
-7
26
-1
21
50
37
72
59
70
96
101
108
35
-49
-13
37
14
-20
-84
-78
23
24
-16
-73
-61
30
50
67
42
-22
-56
-31
-16
-8
56
50
-23
-44
38
28
-36
1
-13
-49
-100
-42
66
4
-44
25
56
29
2
-19
15
-11
-95
-77
-8
23
-7
-12
-22
-99
-44
38
26
40
-34
-111
-43
7
7
4
-54
-70
-41
-92
-64
-33
-104
-102
-74
-60
-17
-43
-78
8
56
40
35
-53
-160
-81
2
-58
-9
62
52
-30
-28
55
18
-7
-64
-85
10
63
43
67
19
-46
6
11
-22
-16
-5
-7
29
17
66
121
28
57
49
19
64
31
35
37
18
67
89
69
61
21
24
44
-11
0
55
52
7
-32
-26
-23
-28
-24
0
10
8
29
44
37
8
27
53
45
55
104
136
67
97
148
40
35
5
1
17
-65
41
77
35
50
-8
-73
-60
24
18
63
65
-53
-39
-19
-46
-50
-47
-55
-85
-65
-18
8
-17
-24
7
-56
-59
0
-22
-43
-28
-5
-52
-61
-45
-26
-14
-50
-3
-54
-64
69
31
-38
-44
-25
41
19
-84
-63
-11
-48
-42
-77
-113
-93
-133
-97
-21
-34
-39
-42
-39
-15
16
-1
-46
-20
33
60
-26
1
59
-21
-33
6
18
-42
-41
-43
-85
-37
-83
-89
-69
-134
-39
22
-9
-11
5
-14
-57
-17
-7
-31
44
94
113
119
22
14
55
44
53
67
60
64
76
63
126
69
10
140
173
166
87
-18
5
-44
-49
10
40
-17
-10
72
-11
61
148
139
95
20
67
46
7
-27
25
98
-3
-3
32
39
58
32
101
52
49
27
-63
-22
-69
-25
-50
-76
-40
-58
-17
24
80
86
53
-4
5
-45
-121
-44
8
-49
-73
-47
14
65
-2
48
88
31
-13
-86
-113
-115
-158
-145
-100
-145
-98
-69
-78
-78
-140
-92
-65
-40
-30
-102
-79
-101
-106
-53
-86
-92
-51
-45
-10
55
53
22
9
12
28
-25
-57
-82
-96
-28
-14
-17
3
2
-28
-2
27
5
-41
-37
-4
-2
-14
-25
42
13
18
127
165
158
55
49
133
114
111
96
57
29
12
73
70
93
115
63
112
52
10
64
-9
-8
38
-57
-70
-2
-54
-49
25
43
52
88
91
70
53
58
60
77
119
45
69
43
-9
99
29
56
87
-41
-15
-62
-49
32
-12
38
39
-30
-77
-89
-48
-14
-33
-66
-39
-68
-93
-31
-73
-101
-28
-64
-55
7
0
33
37
47
51
14
15
-7
-31
-31
-88
-53
20
-21
-38
-32
-32
-67
-91
-34
-76
-157
-138
-131
-69
-48
-64
-7
-13
-73
-106
-33
1
-56
-50
1
-7
-3
11
-5
19
11
25
21
-22
-11
-35
2
25
-6
32
-3
-11
15
-39
-31
-17
-87
-47
-3
-40
15
38
-35
-36
62
114
74
-4
-73
12
81
27
39
5
4
77
14
80
140
59
171
108
-6
79
100
93
58
18
-24
41
67
-24
61
78
0
-24
-52
-57
33
73
1
30
50
89
66
35
63
-16
32
74
32
96
58
-16
17
26
63
105
99
79
25
41
34
-11
38
-8
-40
-12
-2
4
-17
-10
-61
-71
-34
-34
-22
1
-47
-136
-94
-23
-11
-66
-123
-49
48
42
-8
1
-21
-60
-87
-135
-88
-57
-46
-44
-78
-69
-138
-153
-110
-114
-76
-36
-33
-118
-70
-4
-70
-20
23
4
-7
23
21
-17
-27
-5
61
21
27
71
6
7
44
-7
-39
9
-40
-62
30
61
40
-12
-20
42
-12
-103
-68
0
8
8
20
-9
2
38
2
10
97
128
117
111
9
19
61
13
96
102
-12
-13
48
38
29
33
82
51
19
129
114
26
21
71
50
6
18
18
63
72
61
81
88
107
33
22
69
40
86
35
-55
4
20
43
67
41
29
-29
-19
8
15
21
30
13
-32
11
-30
-50
-37
-51
-9
-11
4
-37
-40
28
-8
-23
-59
-84
62
29
-42
48
0
-60
-56
41
30
-47
-28
-97
-57
24
-39
-98
-85
-67
-71
-34
-81
-129
-33
-75
-101
-15
-64
-99
-88
-68
-40
-113
-76
-9
-46
25
30
-45
-29
-30
15
56
-44
-45
-103
-157
-100
-120
-120
-168
-143
-92
-31
5
-59
-68
-103
7
56
-26
-38
-84
3
32
41
22
-94
-17
31
37
87
112
149
150
116
49
23
2
-24
12
40
58
57
-1
88
57
-29
58
76
150
158
132
104
76
136
88
83
100
102
95
86
152
127
136
205
157
67
75
89
57
92
53
4
58
64
86
47
17
68
12
-1
-1
8
17
-41
-25
26
20
-18
10
0
-62
-4
7
-120
-69
-1
-85
-125
-110
-46
-30
-46
-39
-9
14
-16
-4
-1
-45
-52
-46
-73
-39
33
-44
-110
-72
3
-23
-119
-64
-46
-94
-64
-74
-95
-30
-38
-83
-112
-97
-75
-138
-61
25
-59
-54
-15
-15
-10
-37
-80
-116
-90
-85
-62
-67
-124
-76
-24
-1
-35
-87
-30
-6
-40
-23
-23
-35
-10
-39
-33
24
47
18
-50
-28
-21
-38
41
77
82
68
41
78
106
142
144
144
77
21
121
124
116
76
15
55
51
1
18
33
12
21
29
71
96
50
51
137
104
20
-28
19
27
0
141
128
113
145
113
145
41
-78
-56
19
50
59
76
18
-6
88
64
-35
10
14
19
62
12
10
13
29
54
9
42
55
33
29
-12
-33
-39
-53
-74
-79
-42
-107
-171
-107
-149
-124
-59
-37
62
5
-100
-76
-47
-49
-68
-115
-128
-104
-67
-27
-60
-46
-8
-11
-5
-39
-83
-159
-187
-97
-58
-92
-80
-63
-48
-50
-88
-73
-67
-11
46
-14
-21
1
-44
-25
-36
-56
-34
-43
25
30
41
48
-39
-72
-82
-51
-43
-88
-94
3
39
-13
87
82
-12
66
102
50
50
97
77
65
70
90
119
63
70
69
83
126
153
163
118
83
49
39
41
29
31
58
50
52
16
34
98
112
178
117
31
34
66
42
13
90
139
191
150
65
49
46
129
111
36
70
-27
-42
40
-57
-33
-8
-21
27
-16
-8
9
-6
28
-13
-32
-4
-75
-11
-3
-109
-101
-124
-72
-26
-73
-73
-96
-57
-78
-164
-140
-161
-159
-102
-122
-82
-45
-46
-66
-144
-44
-46
-54
12
-75
-79
-137
-156
-151
-167
-106
-133
-136
-156
-100
-34
-115
-139
-63
-27
-70
-58
-3
-48
-84
-37
-1
-6
-24
9
43
-58
-73
63
48
10
15
37
126
62
-60
-12
4
-4
59
75
83
129
140
59
33
71
72
139
140
92
143
153
139
184
188
129
139
161
186
157
95
152
117
97
96
19
73
96
79
119
87
98
108
52
56
31
-21
-19
10
44
40
52
104
61
60
153
54
-5
96
17
-34
34
58
78
45
-49
-37
3
-26
-1
-41
-119
-68
-49
-89
-97
-129
-118
-162
-105
-92
-191
-118
-140
-62
-59
-141
-83
-105
-120
-135
-56
-50
-118
-121
-121
-110
-137
-78
-18
-96
-99
-101
-158
-35
-58
-91
16
-21
-22
-32
-58
8
8
-78
-52
-41
-62
-30
0
21
-26
-31
-10
17
34
-32
-6
78
31
-30
-16
-49
-66
7
44
-2
-35
-19
65
85
0
10
86
101
45
57
92
7
34
137
75
-10
7
-8
-48
-44
20
73
46
37
2
78
134
28
41
5
-25
37
3
102
132
76
95
87
150
73
37
87
17
-19
-10
38
27
-2
28
30
31
53
34
12
-3
-18
9
49
82
47
32
4
11
111
40
42
96
52
114
-14
-61
108
27
-43
-64
-79
-38
-125
-83
44
64
56
61
81
14
-57
-31
20
8
6
-13
-61
4
-4
-18
4
-57
-62
-83
-87
-33
-24
-76
-93
-52
-44
-36
-55
-49
-11
-47
-17
-24
-123
-110
-68
-49
-76
-91
-108
-162
-114
-78
-51
-38
-90
-29
-25
-94
-103
-140
-101
-63
-92
0
27
28
85
-53
-152
-86
-41
-31
-23
0
0
6
33
-14
-27
65
61
44
93
74
22
-44
-6
52
48
15
17
0
-38
53
76
112
133
109
144
168
150
91
107
88
92
100
91
139
112
64
25
77
116
57
86
89
13
8
-29
-34
39
52
35
51
55
71
103
27
-5
6
-18
32
73
75
38
47
23
-21
32
64
82
14
5
37
-44
-102
-39
21
-6
-40
-68
-9
11
-48
-49
-52
-78
-104
-109
-52
-89
-188
-147
-64
-4
-7
31
8
-47
52
61
5
-46
-26
-9
-54
-81
-101
-100
-132
-83
-86
-135
-133
-69
-19
-130
-157
-119
-74
3
29
7
-72
-92
-63
-93
-35
0
-22
0
30
40
-79
-117
-50
-42
-25
-113
-141
-9
-42
-88
-83
-94
-47
-57
-16
79
56
16
60
139
183
139
127
181
194
197
139
132
208
153
137
145
92
155
202
152
88
0
-20
12
-57
-91
-29
77
41
-33
69
89
3
-56
-58
-18
30
35
43
78
90
80
112
103
28
44
97
59
19
22
-3
15
-42
-115
-128
-172
-120
-99
-75
-27
-106
-114
-134
-103
-25
-31
-15
-86
-80
-1
-4
21
41
88
47
-36
56
41
-14
-17
-21
-3
29
30
-56
-91
-113
-96
-70
-94
-89
-104
-128
-98
-70
-38
1
-21
-1
53
6
-26
5
-8
36
21
-12
39
-35
-36
45
73
16
-15
-23
-37
30
35
25
-16
-9
18
4
-28
-54
41
72
64
59
-27
-55
-57
-63
2
-5
-37
-1
0
0
-39
-67
6
-1
-28
-26
-28
34
84
78
144
117
23
84
139
159
105
41
61
56
24
12
40
59
47
84
39
3
32
-30
-11
31
-22
-48
-24
51
86
10
-4
39
53
82
101
71
-2
-40
22
136
118
47
95
56
-24
-30
-27
-33
-44
-42
-58
-17
-80
-91
0
-62
-51
-55
-104
-71
-63
-81
-93
-25
10
-59
-49
-19
-108
-127
-80
-83
-149
-102
34
0
-40
-87
-150
-102
-24
60
18
-48
-28
-94
-44
-78
-124
24
-24
-75
-35
-43
5
32
-69
-97
-4
13
17
-50
-47
36
44
30
-50
-67
-24
24
25
13
-10
-15
82
99
108
105
83
75
-19
-54
42
140
121
34
51
89
40
61
52
13
15
27
-2
-81
-70
-38
5
-12
-108
-13
110
77
81
38
-18
0
46
79
23
52
77
115
186
129
166
139
59
93
90
21
45
119
49
5
-36
4
68
-44
-46
-18
-12
4
-6
22
-45
-104
-37
-20
-58
-40
-27
-60
-39
-28
22
57
-62
-118
-112
-63
3
-38
9
33
-13
6
-48
-60
-19
16
-63
-174
-71
-23
-98
-130
-147
-149
-131
-167
-186
-143
-138
-91
-60
-92
-52
-42
11
83
-24
-56
18
-13
30
99
39
78
119
41
93
101
15
19
-30
-7
-14
-6
65
-6
-31
-29
-51
-97
-69
-21
-106
-70
34
81
80
56
75
67
59
60
38
61
115
114
161
128
82
97
61
54
-28
8
68
32
82
57
41
-5
-123
-122
-126
-52
35
30
47
17
6
27
20
-8
-63
-52
34
115
152
81
67
82
42
32
29
28
-10
9
-54
-109
-41
13
64
11
-33
17
47
24
13
-23
-28
-49
-79
-63
-45
-2
21
-25
-41
3
-20
-74
-69
-7
8
-79
-25
57
50
31
-14
-21
-58
-26
-20
10
86
-39
-18
16
-10
76
21
-32
-80
-121
-6
29
-39
-81
-100
-95
-57
-54
-106
-105
-10
19
-89
-125
-64
-54
-67
-98
-77
9
-44
-31
63
161
257
148
47
-7
11
73
82
86
48
51
75
98
56
26
102
67
-17
-62
-85
-54
-25
-3
4
29
27
1
8
-53
-68
-1
35
102
83
87
184
171
154
90
-33
27
63
59
132
38
4
32
56
21
-39
46
-6
-96
-72
-60
-73
-123
-137
-64
-20
-60
-142
-122
-69
-99
-71
-38
3
22
28
29
-61
-105
-49
-15
10
-10
-48
-26
-27
-24
-22
28
101
26
-35
-7
-4
-63
-105
-111
-121
-81
-11
8
-25
-43
-37
31
79
5
44
123
74
43
19
48
45
55
102
75
48
38
109
37
-17
63
69
100
50
-29
-8
12
18
63
47
33
152
135
-10
2
3
-38
0
1
8
-8
-7
7
-48
-31
-125
-179
-66
-97
-70
-69
-126
-51
23
11
-32
20
2
-11
90
90
70
39
6
58
33
-19
-1
-11
-76
-88
-62
-93
-55
-21
-64
-22
-96
-132
12
-14
-8
45
37
108
74
55
104
76
73
147
215
152
108
135
103
190
213
13
-43
73
74
0
-47
-125
-89
-50
-100
-49
-51
-152
-123
-81
-150
-126
-39
-8
36
89
139
158
99
43
87
108
42
36
138
207
172
24
-55
-41
-63
-17
-48
-137
-164
-196
-153
-145
-227
-225
-230
-214
-164
-156
-142
-110
-47
-96
-21
116
14
53
103
92
179
151
43
11
31
7
47
40
-140
-167
-146
-164
-99
-148
-206
-127
-34
-45
-164
-172
-78
-21
27
29
48
141
145
129
236
243
186
238
180
76
202
276
190
136
77
77
125
43
-54
-34
-82
-87
-24
-41
-125
-201
-116
-18
-2
-52
-88
-42
-9
42
-23
-103
-56
10
97
119
155
161
161
167
111
85
62
74
51
42
68
39
11
-136
-184
-77
-164
-187
-131
-144
-12
95
68
50
32
33
86
150
126
113
115
101
119
69
17
-32
-74
-87
-131
-128
-187
-257
-219
-215
-180
-98
-116
-222
-255
-162
-59
19
46
-10
-23
93
182
135
62
46
157
213
148
84
57
52
32
69
33
-87
-78
-45
-72
-93
-55
-17
-71
-83
-32
-34
-94
-103
-98
-158
-121
-104
-95
-26
-6
57
44
23
17
31
91
88
127
150
148
185
226
192
101
-28
-96
-27
-25
-65
-45
-93
-133
-101
-93
-143
-94
-44
-166
-181
-126
-34
36
50
93
88
131
178
224
209
223
230
148
184
221
243
219
73
-59
-80
-136
-188
-245
-320
-255
-258
-224
-202
-206
-99
-154
-127
-25
-12
33
54
69
154
198
197
215
191
242
254
113
86
119
74
-22
-71
-10
12
-27
-34
-60
-137
-114
-98
-112
-49
-62
-68
24
3
-59
3
-7
-18
11
18
42
-109
-159
-57
-44
6
3
-1
-17
-14
-39
-96
-7
-1
20
73
-4
-24
-41
-99
-100
-64
-50
23
99
132
126
26
26
10
-40
11
117
134
54
147
178
144
188
124
57
57
31
-37
-175
-126
18
-72
-74
-66
-110
-146
-167
-128
-185
-139
-49
-69
-58
-54
-70
-24
38
31
58
112
60
8
101
160
18
-47
-21
-36
-12
-15
-21
-67
-81
-19
-41
-136
-198
-104
-47
-87
-64
-56
14
96
4
14
101
89
181
135
138
258
179
257
289
218
227
116
103
47
-94
-60
-31
-93
-126
-196
-198
-131
-162
-215
-242
-166
-125
-117
-115
-109
-50
8
105
212
226
155
153
183
133
114
194
174
126
118
83
57
-17
-64
-34
-79
-134
-87
-112
-153
-184
-185
-76
-78
-62
-55
-43
38
48
113
101
46
57
73
121
119
120
103
62
47
28
-28
-55
-46
-66
-70
-65
-19
-81
-136
-79
-113
-85
-134
-227
-96
9
-49
-15
76
54
48
13
6
119
142
129
136
66
30
56
-9
-98
-71
-32
26
62
21
39
-45
-78
19
34
-12
-72
-6
61
48
10
-74
-98
-15
-54
-91
2
-37
-57
-54
-105
-17
-33
-88
-87
-160
-165
-158
-69
-18
0
114
101
88
182
233
208
162
146
125
48
0
-25
72
150
49
55
-4
-92
-27
-70
-172
-226
-276
-210
-171
-174
-150
-141
-68
-15
47
71
79
86
62
31
7
43
57
93
110
101
118
45
20
26
-41
-99
-163
-158
-124
-72
79
158
163
186
145
200
239
215
269
204
270
381
230
151
190
228
171
81
102
130
40
-92
-176
-262
-274
-255
-340
-308
-195
-157
-134
-149
-101
11
-18
-113
-46
5
-32
-57
-82
-35
21
-7
-69
-25
-15
-65
-20
-50
-73
-91
-91
5
20
37
148
169
160
173
94
91
74
27
130
86
-22
-22
-18
-37
-78
-69
-73
-132
-147
-178
-205
-140
-160
-143
-21
68
48
-54
-103
-69
-42
-67
-49
-105
-135
-56
-15
-10
-100
-107
22
-34
-74
-10
-112
-119
-54
-75
17
29
54
230
245
202
256
258
158
80
99
263
319
205
249
295
247
238
122
92
184
118
94
108
18
-35
-50
19
16
-21
4
-155
-159
-93
-211
-124
-22
-60
-26
-18
-1
72
20
-118
-65
39
-22
-8
-3
-47
-47
-69
-123
-135
-82
-122
-94
-56
-91
-41
-64
-125
-106
-81
-5
50
0
18
45
56
118
82
52
76
76
50
20
-3
11
39
-41
-88
-109
-104
-80
-111
-151
-254
-244
-176
-177
-48
-60
-173
-129
-141
-93
-39
-136
-121
4
-24
-83
-77
-97
-73
-127
-123
-82
-38
108
69
119
199
109
225
280
176
126
132
263
210
149
215
162
187
195
177
181
136
76
75
39
-86
-26
-19
-113
-56
-27
-26
56
64
-46
-26
84
42
41
59
-1
54
55
107
175
157
121
-50
-74
-87
-172
-212
-232
-148
-149
-71
85
41
-36
-108
-91
-19
-97
-99
-36
-12
4
11
67
96
123
38
49
141
61
84
83
99
125
115
127
125
141
23
-110
-118
-94
-147
-191
-270
-289
-225
-297
-277
-195
-140
-114
-199
-155
-85
-66
-2
-13
-32
12
93
187
216
206
178
108
32
-30
-30
-30
-56
-71
-107
-103
-74
-62
-67
-45
-17
9
56
40
0
58
122
159
150
96
165
107
17
17
-19
-27
-96
-147
-228
-244
-195
-154
-14
34
-28
-60
-61
-71
-15
-15
-31
51
69
44
70
130
177
140
36
37
49
25
-4
-63
-78
-82
-49
-30
-8
-49
-39
88
54
-42
-69
-96
-65
-35
0
110
74
56
86
58
98
96
118
147
144
145
45
-24
33
75
71
13
-21
-13
-50
-68
-24
2
-87
-166
-130
-131
-134
-60
-36
54
129
133
212
157
119
154
145
97
42
155
169
98
87
19
-11
-138
-285
-262
-227
-279
-360
-348
-327
-285
-207
-123
-25
-1
7
28
87
196
199
120
188
170
177
163
-8
57
28
-75
-112
-174
-130
-119
-160
-156
-116
-39
16
55
70
58
130
158
135
91
28
104
33
-41
-8
-90
-136
-82
-15
-17
-102
-136
-44
1
-35
-51
-50
-82
-64
0
-8
42
143
191
214
164
93
76
35
-44
-65
-33
-103
-129
-48
-17
6
-40
-106
-8
43
47
135
156
221
290
295
210
149
137
118
201
98
-17
28
-20
-62
-29
44
34
-98
-231
-224
-158
-156
-168
-205
-134
-55
-69
-78
-79
-70
-16
18
-71
-61
39
108
46
48
150
102
141
191
179
122
30
5
3
-45
-45
-59
-131
-107
-149
-102
1
-100
-157
-122
-54
-28
-112
-163
-126
-24
-33
7
125
117
127
128
261
342
271
179
72
100
18
-82
-161
-260
-208
-231
-250
-184
-195
-156
-59
-50
5
76
99
66
-58
-47
-25
29
99
70
178
207
249
215
101
122
11
74
106
-3
4
-98
-154
-116
33
161
77
90
156
111
82
76
88
70
27
-31
-45
-22
-75
-17
17
-39
-33
-18
0
53
97
88
90
63
133
162
124
191
104
-9
-47
-62
-62
-93
-93
-130
-236
-255
-189
-172
-78
20
58
73
74
117
61
1
31
-62
-213
-293
-288
-282
-346
-288
-191
-115
-60
-12
130
233
296
353
342
237
167
132
67
63
111
69
-5
28
31
-35
-36
24
29
-58
-108
-143
-177
-134
-165
-126
-85
-87
80
124
71
79
62
80
101
109
36
-78
25
127
98
97
115
171
198
145
62
-16
-111
-193
-163
-123
-162
-123
-82
-10
87
111
159
208
311
336
198
85
-11
-132
-176
-151
-85
-42
-85
-46
60
161
135
104
100
-26
27
53
-76
-70
-158
-157
-69
-115
-76
-78
-78
-85
-120
-145
-214
-206
-124
-80
-74
-88
-131
-128
-86
-3
52
104
113
37
114
170
118
130
146
196
207
193
194
142
121
98
87
83
34
-15
-92
-141
-214
-229
-169
-275
-253
-116
-70
20
32
38
156
199
139
183
112
-16
-17
-77
-33
13
20
90
78
108
104
93
118
-50
-132
-126
-173
-154
-178
-140
-31
58
97
68
159
248
249
234
143
20
-88
-62
-34
-100
-108
-146
-137
-56
-14
39
59
48
37
-2
6
55
-60
-155
-93
-88
-54
-17
13
5
-67
-40
-30
-56
-60
-24
9
-2
-43
-70
-31
25
83
102
92
41
40
30
-34
-85
-179
-139
-46
-86
-121
-64
-9
8
-8
5
60
17
-18
-56
-129
-98
-108
-100
-43
-55
142
263
228
226
159
221
233
156
78
-43
-152
-211
-247
-229
-142
-129
-73
-31
-35
130
198
87
72
104
68
71
61
-46
-6
12
-27
17
-19
16
87
58
86
88
47
69
43
-5
13
-2
62
171
107
87
108
77
73
-14
-140
-182
-246
-231
-192
-183
-172
-283
-136
70
40
25
-6
-58
-179
-178
-127
-182
-109
-41
-24
88
168
205
211
239
334
296
213
146
58
20
20
3
-101
-174
-140
-70
-106
-96
-100
-163
-98
-134
-131
-30
-45
-60
0
48
119
174
208
263
208
152
123
48
-43
-52
-21
-97
-150
-177
-127
-52
-160
-213
-148
-101
-79
-119
-142
-159
-270
-263
-207
-154
-70
42
159
216
285
291
316
305
212
205
174
52
-31
-16
-74
-140
-94
-177
-131
-53
6
153
109
100
62
48
122
115
102
98
59
59
124
110
61
58
-10
-70
-105
-174
-135
-97
-152
-182
-210
-179
-121
-98
-92
-116
-65
-60
-89
-24
21
58
115
124
123
241
299
366
429
366
290
138
60
14
-113
-209
-324
-391
-352
-351
-305
-303
-312
-168
-134
-112
-43
-54
1
0
-5
-44
-7
138
117
89
120
140
108
107
86
66
148
114
-33
-114
-57
-37
-102
-151
-128
-30
-35
-8
16
12
70
159
119
26
103
123
150
155
104
90
112
200
151
87
13
-78
-117
-189
-145
-106
-181
-241
-196
-98
-3
66
54
89
3
-74
-1
-64
-29
-39
-81
79
74
-8
-3
111
206
153
185
235
220
146
91
22
-33
-20
-37
-70
-104
-127
-179
-153
-107
-155
-165
-120
-75
-85
-125
-127
-109
-60
88
119
40
96
102
61
63
30
10
53
10
-59
-61
-91
-40
-44
-85
-69
-51
62
38
32
139
113
145
222
166
71
92
89
41
40
60
66
30
64
62
-25
-65
-155
-174
-166
-178
-144
-198
-178
-95
-74
-6
69
88
80
95
85
20
-28
-95
-75
2
-9
-20
-67
-61
-50
-99
-27
-30
-86
-49
-112
-122
-34
-70
-101
-78
-63
-10
2
-44
-56
100
251
236
217
207
171
194
215
144
156
142
99
97
83
103
90
81
0
-78
-48
16
85
69
4
-13
-54
-54
-52
-102
-117
-126
-178
-174
-143
-241
-280
-213
-191
-106
-9
-34
-47
-19
10
-3
-23
16
-5
-27
-63
-142
-93
-28
-21
29
113
74
43
148
240
248
166
157
217
175
122
47
-24
52
100
39
67
70
-3
-2
-34
-69
-50
-67
-92
-92
-128
-90
-67
-82
-36
-85
-67
-38
-3
94
132
146
117
94
46
68
74
-10
13
29
0
-26
-86
-6
55
-48
-115
-110
-68
-88
-159
-99
2
1
9
18
97
163
134
103
80
67
80
96
-42
-122
-71
-28
3
-53
-36
-13
-78
-45
-37
-84
-100
-153
-164
-138
-157
-132
-86
-113
-75
-56
-52
37
106
183
222
233
227
177
161
254
252
144
148
181
194
148
73
48
-68
-162
-151
-137
-62
-81
-196
-177
-176
-221
-224
-196
-118
-111
-156
-133
-122
-145
-66
-38
-68
-140
-155
-42
-49
-68
-54
-34
31
116
128
86
112
121
81
90
178
234
249
288
278
249
180
204
282
238
228
110
-4
-37
-134
-105
-61
-54
-36
-122
-170
-139
-134
-74
-67
-108
-12
14
-52
-95
-134
-75
-27
1
67
34
-37
-28
55
43
-17
-81
-90
5
-18
-59
-47
-75
18
107
63
62
51
-3
-16
55
24
-30
0
-61
-45
-58
-107
-58
-7
25
-76
-78
42
-10
-30
6
12
-27
-80
-27
16
42
107
178
151
100
75
50
92
99
33
51
71
20
42
1
14
59
8
45
-43
-126
-46
20
59
-28
-4
-15
-95
-26
-31
7
11
-66
-17
-41
-109
-27
24
-57
-88
-42
-20
7
-19
-84
-117
-42
67
16
53
71
-3
-1
-17
-18
-1
31
18
0
46
115
86
30
99
119
169
61
-7
134
92
118
124
26
62
31
-1
-19
-99
-13
-44
-150
-158
-156
-102
-157
-164
-134
-134
-148
-153
-89
-107
-110
-84
-89
-100
-70
-9
53
-2
-41
11
3
23
69
105
56
101
145
100
113
88
127
134
101
148
146
97
97
94
54
26
32
0
1
13
-43
-23
-64
-127
-88
-58
-46
-87
-97
-137
-161
-30
18
29
79
49
25
-28
-13
134
132
90
171
178
153
116
107
115
40
53
81
29
-60
-84
-31
-94
-117
-140
-178
-128
-151
-107
-54
-57
-23
-68
-59
-65
-124
-25
-62
-128
-48
1
43
-26
-31
61
102
16
-65
-16
-26
-68
-57
-42
-89
-68
-79
-42
55
31
-20
7
88
133
239
253
223
190
169
194
127
218
201
52
87
25
-14
4
-80
-101
-73
-78
-20
-58
-108
28
28
-41
-14
-35
-79
-89
-149
-135
-101
-214
-117
-73
-182
-90
-61
-87
-19
-62
-157
-180
-136
-46
-13
-25
-92
-114
-51
-48
-47
0
-33
47
95
60
156
146
169
191
147
142
147
201
142
117
183
48
36
116
94
118
35
39
128
104
94
55
-32
6
29
-69
-93
-33
-71
-66
0
-64
-107
-77
-28
-77
-132
-21
35
-19
-25
-106
-165
-124
-81
-21
-79
-63
32
-16
-92
-116
-54
28
28
34
45
20
4
-59
-66
-43
-76
-4
67
42
104
94
26
110
-9
-13
63
-85
-12
-84
-92
62
1
52
35
2
69
16
0
47
-31
-50
23
-25
-4
48
23
80
13
-4
42
-31
34
32
7
33
-6
-47
-9
77
55
6
-15
19
39
-3
-17
-12
14
-39
-83
-8
-68
-60
45
-25
-50
-68
-58
-66
-63
18
-36
-55
-65
-103
-117
-135
-103
-77
-99
-36
53
7
-9
33
28
126
82
-37
105
71
11
95
97
109
51
62
165
98
9
67
75
-10
13
18
-14
19
-5
18
101
47
45
41
-56
30
7
-152
-151
-134
-191
-108
-37
-82
-14
-70
-126
-33
11
42
26
-121
-135
-12
-34
-16
94
153
91
167
283
244
192
105
129
75
-27
40
18
-16
-11
-44
50
27
-24
36
-43
-92
-63
-22
-22
-54
-79
-79
-28
-98
-100
-68
-125
-68
-43
-14
31
-4
3
-13
-55
-58
-41
16
26
2
21
119
82
-17
16
1
55
49
-55
5
23
-15
-47
-99
7
-29
-20
72
-12
86
60
-85
45
128
13
29
50
-17
26
17
-18
-29
-60
-29
37
6
2
12
-5
25
-71
-55
-9
-97
-93
-147
-67
-12
-69
64
3
26
71
-74
-27
-59
-92
32
10
-72
-65
-8
2
52
65
8
6
44
43
4
0
-91
-11
76
68
164
138
114
90
32
31
2
-32
-27
-19
-3
-29
3
77
20
-45
-21
31
-20
-56
52
-8
-41
58
-56
-81
-48
-93
23
22
-6
42
-74
62
157
34
84
83
88
53
31
70
45
5
-4
12
9
-16
-49
-56
4
25
-117
-105
-44
-143
-113
15
70
0
-64
-19
-11
-1
78
40
-78
-35
25
-71
-77
46
45
-26
33
102
14
-16
85
74
21
78
49
-24
-7
9
6
-46
-45
-94
-127
94
91
53
102
-2
63
14
-10
99
-90
-39
29
-161
-38
-69
-161
-69
-83
21
-102
-173
10
-81
-29
-41
-35
-41
-87
121
-95
-76
119
-46
-20
11
20
42
56
79
35
107
174
126
62
-34
58
87
7
131
47
-38
95
92
-30
-39
60
-50
-43
97
34
33
-6
12
36
-119
66
54
-83
82
-96
-39
88
-82
-87
-67
30
-28
-55
138
27
-78
-17
-49
-91
-13
93
-8
-9
111
83
90
116
134
25
-80
127
25
-58
197
8
-66
24
-10
-52
-116
102
4
-124
77
-63
-132
-111
-87
-50
-83
136
-88
-226
100
-91
-136
0
-21
-107
-210
118
-45
-230
96
-53
-50
-48
-43
70
-69
211
130
-108
125
45
6
-35
97
91
-96
203
-9
-109
105
-29
-97
-26
144
-54
-64
105
-121
-144
-99
34
-30
-222
177
105
-206
89
47
-155
-13
166
55
-200
158
85
-205
226
84
0
-113
-18
275
-237
204
255
-205
204
59
54
-43
79
218
-350
255
173
-290
228
-49
39
-2
-277
98
-209
-30
298
-142
-145
116
95
-249
122
188
-205
189
45
-76
-24
70
207
-248
115
155
-252
180
-1
-78
-93
-104
138
-297
11
150
-192
81
-98
39
34
-114
226
-239
-82
198
-173
23
53
91
-97
-68
196
-93
-29
41
65
-109
-136
194
-244
-83
117
-298
144
43
-86
37
-98
261
-118
34
290
-173
220
32
55
107
-205
341
-141
-330
242
-175
-119
135
-80
-103
56
35
-189
-108
-38
84
-115
-123
337
-112
84
274
-234
208
88
-18
26
-214
223
-145
-93
273
-193
35
-13
-18
49
-240
172
-104
-137
304
-115
33
105
-69
-72
-15
22
-180
68
65
101
75
7
312
-267
-76
314
-330
78
10
-224
116
-203
98
-132
-348
309
-18
-113
147
-41
-117
-12
101
-83
32
74
11
172
-48
4
-22
-3
191
-64
-32
-84
-33
4
-145
221
-97
-31
300
-342
74
137
-214
252
-126
-124
114
-102
153
-10
-134
183
-57
-206
128
-40
-117
11
-113
64
-12
-64
84
-122
-25
181
-51
-55
148
5
-5
125
113
54
15
63
-34
-51
-6
-71
54
-10
2
156
-91
102
26
-262
240
-10
-186
283
-91
-132
74
-128
135
-38
-43
367
-119
-75
215
-130
12
115
-24
-27
-8
162
-47
-196
138
-58
-292
5
-46
-91
43
-29
72
-59
-37
159
-238
-19
137
-251
167
97
-87
98
-18
262
-129
-208
358
-227
-84
250
-318
-20
67
-106
118
-85
17
-53
-276
112
56
-309
-55
108
-163
-25
42
47
95
-63
182
-111
-99
388
-173
34
355
52
161
-84
154
103
-171
379
-110
-190
320
-169
-119
56
-5
-27
-167
132
0
-266
113
98
-215
-18
62
-177
-143
-47
112
-2
-139
263
-108
-260
288
-228
-114
349
-145
35
9
-32
157
-239
167
52
-294
268
32
-112
4
-57
-50
-172
137
127
-116
154
144
-91
-36
147
55
-102
70
110
22
120
125
-37
-23
230
-58
-214
128
-106
-66
47
-6
119
-200
0
35
-408
132
119
-201
215
-29
-94
168
-17
37
-57
-92
78
-102
-49
229
-3
-135
186
58
12
199
71
66
30
-19
-62
-135
-27
-99
-74
-18
-82
82
-148
-144
47
-315
76
150
-267
227
129
-70
128
-121
65
87
-128
104
-14
-63
124
-35
-88
80
-71
-125
118
-72
-65
97
0
83
-117
-118
94
-93
15
56
-92
7
7
7
-43
81
137
-81
121
-6
-43
170
-136
59
46
-118
219
26
-4
119
-57
46
41
-115
-47
1
-59
11
82
7
82
-55
-118
102
-161
-111
-8
-163
40
-18
15
157
88
-17
-123
28
-27
15
113
-7
247
73
-131
81
-145
-103
11
-137
38
83
8
6
-50
50
51
-119
-103
-4
29
132
83
-93
37
-44
-143
91
-71
13
228
15
97
100
-18
-18
-48
64
-7
-86
29
14
-71
-124
-110
-181
-134
105
20
-2
87
-19
22
56
-30
-112
-30
86
127
38
-52
156
-33
-177
188
51
-24
101
-64
5
-66
-71
38
-175
31
96
-164
-9
58
-71
-90
0
25
49
69
-107
-91
62
81
74
-48
71
188
-69
41
131
-119
-90
-23
-160
-63
140
-27
-63
3
-10
-24
-250
-34
76
-127
203
140
-178
5
25
-65
75
198
188
192
245
137
73
-5
-54
100
-111
20
241
-103
67
4
-274
-113
-191
-208
-202
-120
119
12
-174
-60
-70
-229
36
85
-63
314
231
72
317
100
110
130
76
316
123
72
185
-11
-74
13
-50
-210
-114
-97
-141
19
-103
-235
-134
-167
-217
-220
-217
-72
-36
-144
19
55
-92
174
177
112
331
125
195
272
61
359
191
-75
174
-77
-98
136
-163
-173
28
-97
-130
-52
-97
-189
-195
-202
-136
-65
-42
87
29
-35
-7
-77
-25
68
98
210
327
156
103
207
-51
-49
100
-52
151
193
42
238
-38
-234
-45
-160
71
175
25
305
233
61
114
-72
-125
36
38
55
107
-13
-84
-234
-419
-339
-313
-308
-209
-295
-299
-246
-312
-369
-380
-203
-315
-304
-37
-68
59
-20
22
185
-70
138
268
99
403
383
220
412
299
160
127
56
111
114
83
140
104
39
184
68
-124
37
2
20
227
218
200
134
157
163
42
108
145
221
281
345
422
252
323
361
171
374
335
190
338
210
134
129
-20
-72
-182
-324
-237
-272
-381
-135
-141
-321
-34
-32
-158
49
73
226
410
591
905
966
1029
996
890
897
917
1022
1019
1047
988
614
99
-631
-1466
-1991
-1877
-1624
-1677
-1958
-2341
-2697
-3158
-3534
-3601
-3416
-2896
-2218
-1680
-1193
-1045
-1226
-1366
-1384
-834
64
984
1847
2077
1888
1664
1227
893
642
482
766
1248
1601
1440
873
157
-612
-973
-775
-218
246
585
924
954
761
454
200
161
621
1427
1990
2469
2483
1974
1516
1128
961
932
1040
1358
1534
1456
1209
739
172
-227
-388
-167
168
235
61
-87
85
227
146
-37
-36
266
673
1346
1763
1583
1280
1162
1457
1943
2022
1573
1264
1403
1920
2475
2396
2165
1878
1362
1222
1030
788
650
-102
-1050
-1519
-1567
-1723
-2926
-5067
-6761
-6701
-5257
-4288
-5005
-6321
-6685
-6424
-5979
-5697
-5511
-4868
-3849
-2551
-1146
255
1008
743
203
235
1460
3228
4364
4465
3435
2214
1713
1261
389
-878
-2131
-2343
-1524
-561
-368
-1572
-3278
-4199
-4058
-2848
-1612
-976
-121
925
1754
2254
2338
2124
1910
2026
2771
4126
5484
5760
4530
2622
1237
862
572
-32
-533
-855
-775
-649
-1206
-2415
-3724
-4546
-4569
-3697
-1881
-56
536
467
562
842
1378
1864
2311
3192
4395
5499
5967
5524
4526
3361
2438
2145
2309
2734
3038
2461
1366
345
-424
-994
-1825
-2354
-2180
-1521
-747
-429
-737
-1252
-1388
-1163
-588
281
1224
1930
2295
2464
2360
2168
2041
1783
1497
1418
1720
2243
2268
1834
1164
307
-73
-128
-215
-366
-706
-797
-491
-128
-117
-555
-662
-264
-81
2
376
1084
1912
1713
422
-752
-1194
-1135
-1941
-3720
-4764
-4474
-3573
-3341
-4626
-6194
-6932
-7118
-6969
-6734
-6086
-4581
-3405
-3147
-3258
-3245
-2533
-1933
-1929
-1704
-608
1268
2742
2673
1193
-618
-1672
-1714
-1536
-1662
-1971
-2010
-1575
-1272
-1604
-2645
-3673
-3675
-2660
-1101
467
1783
2925
3413
3145
2852
3120
3922
4616
5021
5330
5787
6161
5607
3991
1874
417
246
484
479
140
-330
-690
-1244
-1904
-2361
-2477
-2143
-1542
-625
721
2081
2880
2822
2617
3051
3832
4505
4785
4855
5110
5213
4784
3942
3032
2370
1549
523
-91
-232
28
5
-882
-1754
-1863
-1352
-838
-937
-1096
-661
189
927
1167
1208
1491
1947
2211
2402
2671
2975
3164
3026
2831
2940
3281
3105
2045
820
90
-150
-337
-900
-1643
-1798
-1254
-726
-982
-1952
-2573
-2360
-1425
-389
-252
-504
-161
639
1369
1469
1229
1264
1411
1504
1435
1701
2934
3584
1979
-1147
-3788
-4518
-4529
-6295
-9664
-11512
-9562
-6103
-5422
-8172
-11483
-12655
-11375
-9428
-8223
-6846
-4272
-1755
-834
-1261
-1669
-1544
-1396
-1336
-611
1913
5762
8038
6422
1833
-2539
-4216
-3644
-3132
-3794
-4520
-3665
-1577
-267
-1375
-4376
-6928
-6824
-3890
-129
2900
4907
6088
6496
6080
5295
4893
5272
6317
7366
8395
9666
10067
8406
4598
298
-1974
-1719
-337
358
-85
-445
-225
-231
-1095
-2318
-2950
-2199
-46
2526
4476
5440
5418
4753
4425
4811
5646
6188
5959
5743
5912
5857
4939
3067
1265
282
-198
-493
-615
-602
-671
-996
-1549
-1869
-1643
-1200
-1095
-1296
-1046
-130
729
909
456
119
648
1726
2492
2335
1740
1593
1719
1699
1340
809
422
349
378
-120
-1015
-1741
-2082
-2237
-2436
-2608
-2616
-2229
-1758
-1598
-1633
-1600
-1045
-238
99
-361
-833
-428
447
1212
1286
998
943
900
353
-725
-1232
-456
984
1442
227
-1682
-3308
-4658
-6985
-10494
-12787
-11321
-7126
-3973
-4360
-7286
-9675
-10090
-9416
-8693
-7673
-5309
-1917
761
1565
838
-389
-1609
-2611
-2786
-881
3503
8154
9564
6329
793
-3502
-5089
-5215
-5789
-6412
-5170
-1694
1859
2564
-162
-3957
-5618
-4141
-725
3298
7008
9986
11322
10425
8164
5968
4936
4692
4930
6093
8022
9754
9249
5590
202
-4274
-5728
-4538
-2560
-884
468
1546
1913
1115
-554
-2206
-2610
-1076
1810
5088
7661
8758
8160
6347
4417
3262
3342
4281
5492
6515
6701
5669
3553
923
-1478
-2996
-3119
-2269
-1014
86
263
-342
-1428
-2348
-2644
-2335
-1359
6
1557
2924
3225
2284
901
18
228
899
1385
1671
1756
1767
1319
168
-1347
-2628
-3197
-3127
-2645
-2093
-1716
-1796
-2323
-2892
-3233
-3027
-2435
-1866
-1333
-669
137
803
872
347
-119
-293
-464
-966
-1650
-1755
-922
281
714
-194
-1496
-2028
-2026
-2320
-2696
-2010
57
1941
1570
-1142
-3968
-5471
-7175
-10064
-12419
-11142
-5858
-1271
-1688
-6288
-10298
-10641
-8776
-7413
-6712
-4628
-583
3103
4025
2286
-127
-1376
-1574
-1325
211
3818
8056
9947
7425
1524
-3967
-6241
-5606
-4426
-4032
-3349
-695
3136
4916
2850
-1448
-4015
-2506
1556
5580
8529
10797
12343
11897
8846
5089
3130
3530
4790
5475
5910
6479
6468
4369
105
-4183
-6250
-5200
-2329
304
1839
2612
2962
2815
1923
500
-198
709
3179
6027
7855
8225
7250
5503
3447
1811
1298
1857
2586
2625
2116
1206
-87
-1787
-3843
-5237
-5037
-3586
-1678
25
890
700
-315
-1342
-1121
350
1760
2135
1790
1788
2315
2369
1092
-963
-2033
-1575
-848
-557
-771
-1372
-2155
-3062
-3615
-3440
-2751
-2225
-2243
-2289
-1839
-925
-177
-38
-503
-1006
-856
-74
929
1163
414
-465
-786
-447
-167
-501
-1273
-1913
-2198
-2476
-2886
-3058
-2651
-1971
-1901
-2698
-3290
-2827
-1910
-1576
-1937
-1864
-447
1237
1444
-241
-2506
-3648
-3926
-4960
-6694
-7071
-4856
-1722
-992
-3270
-5992
-6781
-5580
-4681
-5033
-4751
-2286
921
2099
783
-1055
-1478
-663
-39
239
1459
4080
6533
6535
3480
-533
-2726
-2420
-1260
-1041
-1447
-584
2063
4629
4803
2652
677
1040
3235
5119
6072
6915
7920
8102
6442
4012
2845
3176
3651
3155
2424
2999
4319
4540
2856
108
-1657
-1560
-188
1665
2948
3473
3404
2752
2177
1718
1183
846
995
1883
3033
3749
3469
2207
677
-733
-1658
-1715
-934
-76
76
-430
-1069
-1451
-1631
-1747
-1830
-1297
-58
1277
2184
2262
1763
920
-71
-913
-1173
-684
63
554
449
-109
-898
-1953
-3180
-4116
-4283
-3485
-2179
-1418
-1501
-2100
-2721
-3054
-2968
-2276
-1251
-256
476
964
1266
1210
764
-167
-1190
-1508
-1176
-650
-291
-271
-597
-1305
-2221
-2869
-3155
-3327
-3022
-2087
-611
835
1023
196
-531
-757
-541
4
1145
2918
4562
4674
2858
379
-2308
-5536
-8706
-9829
-6997
-1931
663
-1546
-6210
-9229
-9340
-8329
-7474
-6309
-3595
212
2869
3430
2435
853
-743
-2137
-2038
847
5906
10499
11474
7936
2232
-2206
-4034
-4371
-4953
-5516
-3926
244
4418
5288
2487
-1270
-3061
-2082
235
3046
6902
11092
13301
11723
7371
3581
2065
1763
1465
1824
3841
6519
7361
4929
655
-2907
-4561
-4586
-3588
-1555
1244
3782
4906
4318
2629
421
-1588
-2484
-1459
1338
4500
6492
6766
5606
3249
152
-2811
-4571
-4211
-2179
316
2180
2588
1415
-1049
-3806
-5577
-5650
-3845
-709
2534
4310
4016
2275
-37
-1985
-3414
-4206
-3461
-1070
1821
3419
2558
26
-2582
-4493
-5778
-6247
-5273
-2760
129
1775
1596
127
-1421
-2543
-3352
-3270
-1587
1402
3953
4540
3108
819
-1039
-2458
-3585
-3767
-2476
-99
1976
2288
814
-1161
-2656
-3628
-4258
-4068
-2631
-227
2141
3186
2488
595
-1400
-2313
-1743
-474
857
2255
3752
5024
5057
3257
422
-2315
-5009
-7558
-8332
-5597
-279
3274
1474
-4415
-9414
-10213
-8232
-6553
-5883
-4356
-996
2645
4442
3646
1556
-482
-2111
-2388
-260
4134
8939
10822
8309
3120
-1642
-3542
-3226
-3022
-3687
-3844
-1757
2144
4945
4164
694
-2240
-2550
-865
1185
3337
6191
8813
9196
6876
3523
1584
1460
1461
961
1304
3461
5964
6253
3838
428
-1972
-2633
-2357
-1517
-253
1029
2066
2495
2338
1528
22
-1419
-1986
-1488
-145
1669
3417
4207
3425
1565
-430
-1768
-2177
-2143
-1929
-1108
374
1624
1550
7
-2115
-3660
-3922
-2983
-1255
540
1609
1753
1076
214
-382
-1207
-2268
-2775
-1971
-228
1148
1391
789
-121
-1292
-2574
-3338
-2719
-907
528
850
759
948
1004
139
-1342
-1994
-847
1158
2166
1778
1106
807
379
-889
-2501
-3039
-2155
-875
-256
-219
74
365
-190
-1563
-2700
-2669
-1529
167
1527
1979
1460
331
-388
-215
150
125
297
1702
4009
5342
4675
2735
460
-2463
-6245
-8816
-7530
-2852
933
251
-3563
-6595
-7147
-6692
-6930
-7343
-6089
-2914
503
2933
3960
3649
2018
-624
-2584
-2270
535
4519
7318
7537
5365
2297
183
-742
-1926
-4189
-5949
-4802
-537
3757
4877
2897
302
-1016
-1565
-2112
-1971
-13
3041
4881
4798
4167
4257
4369
3110
806
-529
440
2942
5074
5497
4612
3367
2273
1347
139
-1216
-2138
-2079
-923
583
1415
1102
39
-1273
-2676
-3688
-3479
-1688
666
2289
2882
2826
2852
2498
1294
-334
-1627
-1479
-270
1085
2098
2326
1785
513
-974
-1843
-1957
-1584
-1184
-1010
-682
-19
628
870
404
-773
-2134
-2833
-2080
17
2077
2864
2327
1448
942
586
353
252
95
-201
-467
-263
457
1151
1041
56
-963
-1523
-1817
-1973
-1749
-1030
-260
63
59
320
888
1052
478
-301
-594
-385
-126
-233
-381
-212
-313
-807
-1354
-1679
-1692
-1625
-1424
-850
-133
279
688
1577
2752
3250
2321
729
-157
-584
-1863
-3906
-4858
-3414
-1212
-1182
-3656
-5804
-5689
-4637
-4952
-6414
-6739
-4967
-2594
-1525
-1371
-662
445
656
-399
-1394
-651
1625
4002
5338
5325
4563
3474
2574
1792
518
-941
-1791
-1201
458
1307
622
-562
-947
-761
-1568
-3024
-3272
-1497
851
1515
899
1165
2948
4744
4980
4077
3680
4331
5148
5403
5380
5462
5133
3916
2388
1274
644
-161
-1308
-1903
-1856
-2021
-2757
-3289
-2817
-2074
-2056
-2372
-1729
92
1682
1778
929
814
1607
2145
1859
1419
1764
2653
3161
2858
2193
1863
1617
942
60
-806
-1341
-1533
-1490
-1264
-1396
-2031
-2743
-3021
-2784
-2602
-2398
-1470
178
1593
1707
932
524
1056
1784
1543
717
517
1166
1822
1888
1874
1984
1565
304
-1367
-2201
-1878
-1300
-1085
-1359
-1381
-1105
-1214
-1665
-2060
-2256
-2418
-2582
-2475
-1759
-830
-358
-485
-711
-527
-297
-381
-385
110
1059
1924
2240
2287
2285
2160
2021
1995
2030
1726
1079
546
261
-78
-1208
-3139
-4543
-4438
-3572
-3257
-3658
-4087
-4040
-4123
-5072
-6118
-6169
-5034
-3792
-3607
-3803
-3074
-1272
292
419
-116
97
1422
3218
4186
4069
3822
3784
3799
3434
2327
974
4
-265
-142
-293
-681
-877
-729
-941
-2238
-3849
-4299
-2943
-788
421
542
1145
2959
4674
4796
3835
3527
4499
5659
5729
5101
5053
5720
5877
4743
2933
1767
1547
1147
81
-1146
-1817
-1864
-1977
-2451
-2890
-2926
-2570
-1999
-1488
-1163
-978
-752
-360
86
519
1010
1742
2627
3084
3042
2853
2710
2810
2658
2079
1584
1269
964
290
-735
-1585
-2069
-2408
-2651
-2551
-2144
-1639
-1229
-974
-669
-646
-978
-1251
-1302
-911
-477
-272
59
793
1655
2000
1645
841
123
-295
-479
-530
-462
-107
259
281
-128
-790
-1372
-1783
-2120
-2522
-2725
-2432
-1703
-1049
-1176
-1672
-1772
-1441
-1105
-1164
-1209
-669
373
1219
1321
948
638
684
850
1095
1671
2459
2955
2944
2844
2997
2979
2262
1231
633
655
482
-302
-1135
-1598
-1895
-2827
-4427
-5768
-6193
-5812
-5596
-5904
-6066
-6010
-5906
-5751
-5530
-4982
-4085
-2914
-1584
-259
1104
2373
3409
4176
4253
3514
2843
3045
3712
3721
2671
1274
850
1276
1014
-116
-1179
-1041
-24
357
52
-132
189
591
427
-2
124
1095
2174
2683
2992
3599
4188
4207
3616
2909
2629
2541
2458
2407
2239
2144
1878
1505
1443
1544
1465
965
209
-365
-515
-759
-1213
-1523
-1616
-1320
-796
-330
57
390
598
651
461
129
-73
-23
109
257
512
827
1206
1303
936
499
400
773
1370
1456
969
440
116
-63
-457
-1032
-1496
-1522
-1322
-1321
-1416
-1412
-1290
-1549
-2290
-2952
-2999
-2393
-1765
-1655
-1664
-1232
-548
71
87
-362
-419
-357
-299
-19
171
379
487
341
62
-466
-885
-875
-737
-693
-791
-979
-1045
-992
-999
-1286
-1603
-1327
-760
-376
-250
-254
100
728
1234
1498
1819
2472
3030
3197
3142
3143
3288
3363
3147
2735
2308
2039
1801
1247
461
-582
-1736
-2914
-3964
-4585
-5056
-5358
-5405
-5226
-4802
-4468
-4259
-3833
-3318
-3141
-3133
-2887
-2405
-1769
-1403
-1519
-1584
-1110
-302
360
811
1220
1817
2351
2567
2604
2507
2474
2239
1735
1528
1800
2325
2678
2488
2121
2195
2575
2768
2521
2132
1839
1406
708
-32
-437
-453
-286
-105
71
600
1289
1551
1368
958
696
648
603
612
677
841
1138
1329
1242
1097
1161
1352
1517
1407
983
606
423
293
85
-311
-596
-441
-157
-98
-322
-531
-371
-138
-214
-543
-573
-17
466
706
838
861
1013
1105
877
638
518
228
-349
-1290
-1973
-2025
-2062
-2350
-2992
-3557
-3803
-3886
-3698
-3436
-2887
-2341
-2120
-1905
-1751
-1472
-1179
-1032
-799
-320
510
1447
2089
2160
1995
1820
1516
1127
650
318
116
73
261
389
356
238
207
310
379
368
453
830
1327
1578
1503
1318
1299
1259
978
841
1106
1656
2096
1936
1448
1202
1040
738
273
-173
-252
-197
-236
-204
-185
-136
-74
-244
-326
-79
205
159
-269
-712
-1099
-1776
-2631
-3202
-3457
-3596
-3699
-3666
-3311
-2726
-2592
-2932
-3151
-3082
-2696
-2336
-2189
-1821
-962
-140
216
322
557
1216
1830
2025
2039
1951
1960
2025
1947
1683
1356
1159
1007
919
794
876
1267
1624
1838
1593
1157
988
1014
1053
737
140
-156
-8
310
462
425
549
756
961
1015
832
762
731
560
214
-174
-271
-37
313
556
681
708
723
823
867
856
730
484
214
63
26
-134
-271
-289
-225
-62
104
245
458
527
304
-111
-689
-1087
-1362
-1655
-1777
-1713
-1405
-1006
-706
-658
-856
-1013
-1268
-1499
-1358
-1102
-1062
-1269
-1316
-1133
-968
-905
-1006
-1028
-813
-553
-421
-311
-144
76
133
5
124
463
897
1263
1460
1734
2016
2275
2435
2486
2568
2403
2011
1760
1842
2042
1997
1657
1218
933
775
566
364
259
55
-458
-902
-940
-780
-662
-933
-1324
-1243
-865
-496
-447
-496
-310
-199
-239
-387
-315
-28
-26
-284
-528
-325
147
368
243
12
-53
-145
-316
-600
-1010
-1326
-1598
-1812
-1836
-1768
-1730
-1661
-1461
-1299
-1244
-1378
-1615
-1488
-1379
-1696
-1966
-2065
-1930
-1716
-1742
-1748
-1363
-688
43
646
1137
1654
1943
1969
1768
1522
1384
1159
870
679
770
1142
1419
1442
1529
1629
1567
1345
986
659
226
-337
-865
-1079
-835
-470
-192
60
521
1063
1368
1502
1580
1673
1665
1390
962
581
199
-81
-80
29
189
374
475
515
531
428
76
-403
-657
-750
-851
-872
-781
-441
62
433
694
1041
1297
1373
1243
860
576
339
57
-261
-677
-879
-734
-519
-413
-347
-228
-131
-159
-392
-694
-849
-954
-1031
-1160
-1204
-1158
-1053
-683
-416
-271
-63
0
74
93
-120
-295
-341
-56
477
689
710
873
1177
1428
1423
1188
906
791
612
236
-133
-459
-590
-624
-833
-897
-622
-74
462
683
523
369
478
464
385
90
-281
-372
-276
-101
6
14
-45
-43
-103
-284
-284
-56
214
302
95
-60
-75
87
354
486
624
892
1178
1147
1066
1064
835
314
-460
-1166
-1499
-1647
-1924
-2173
-2232
-2115
-2025
-2083
-2122
-2148
-2256
-2453
-2584
-2607
-2509
-2432
-2491
-2425
-2117
-1320
-234
644
1370
1908
2255
2417
2298
2007
1497
873
459
372
575
820
922
1058
1367
1605
1731
1721
1604
1416
959
449
42
-315
-588
-730
-682
-412
110
686
1176
1492
1549
1433
1026
559
184
-305
-665
-825
-653
-93
471
914
1172
1338
1494
1442
1131
638
157
-185
-430
-507
-420
-201
321
844
1103
1297
1416
1478
1381
949
304
-223
-599
-834
-973
-1081
-985
-819
-678
-561
-433
-191
-10
-87
-370
-598
-762
-984
-1309
-1630
-1601
-1329
-1186
-996
-796
-557
-292
-484
-806
-1040
-1173
-1136
-1110
-969
-694
-294
101
398
741
1067
1365
1534
1399
1202
1031
884
773
570
420
268
110
244
470
555
601
679
728
670
423
33
-232
-355
-447
-703
-899
-665
-259
86
221
288
439
473
354
100
38
132
33
-68
-125
41
298
468
620
651
788
905
841
657
480
100
-605
-1230
-1689
-1777
-1760
-1954
-2082
-2194
-2088
-1970
-2207
-2475
-2675
-2834
-3005
-3254
-3274
-2995
-2694
-2256
-1735
-1055
-121
842
1715
2342
2653
2697
2760
2865
2697
2229
1714
1344
1290
1481
1542
1423
1395
1573
1597
1321
872
365
-69
-629
-1336
-1855
-1875
-1531
-1024
-582
-222
467
1339
1936
2062
1852
1613
1490
1449
1324
1179
1099
1080
1177
1234
1278
1277
1154
985
765
549
264
-95
-478
-773
-1017
-1189
-1009
-488
122
647
1165
1341
1301
1368
969
356
-189
-655
-773
-822
-773
-489
-51
292
355
219
-51
-337
-711
-1195
-1775
-2273
-2555
-2686
-2680
-2530
-2237
-1811
-1331
-871
-401
-177
-103
-174
-458
-635
-657
-551
-337
23
460
965
1572
1945
2082
2058
1834
1524
1155
674
246
-9
-232
-281
-140
94
375
565
640
590
511
319
8
-305
-590
-738
-829
-798
-596
-272
64
286
444
489
464
460
420
260
84
-28
-72
68
264
554
849
1114
1509
1755
1697
1328
782
272
-407
-1250
-2104
-2754
-2981
-3076
-3162
-3162
-2987
-2678
-2507
-2680
-2967
-3073
-2970
-2814
-2677
-2403
-1957
-1352
-685
-103
502
1234
1911
2513
2901
3004
2938
2624
2211
1787
1349
950
693
691
758
778
774
849
926
792
522
92
-339
-511
-611
-663
-618
-340
251
854
1386
1718
1917
2136
2226
2073
1751
1463
1259
1020
843
790
770
809
766
704
615
362
72
-183
-564
-1022
-1289
-1299
-1135
-898
-593
-193
349
914
1341
1512
1444
1205
829
437
94
-108
-222
-206
14
268
413
547
642
432
-204
-978
-1593
-2047
-2275
-2399
-2515
-2369
-1959
-1531
-1236
-1094
-884
-775
-796
-831
-997
-812
-499
-370
-132
73
420
887
1214
1496
1644
1682
1713
1472
1272
1251
998
738
572
563
740
736
663
562
328
134
-180
-539
-705
-768
-740
-699
-653
-362
15
249
426
424
374
415
364
279
250
255
337
452
612
770
774
691
547
544
591
468
358
329
379
338
13
-377
-788
-1292
-1859
-2642
-3310
-3498
-3376
-3328
-3426
-3361
-2926
-2479
-2302
-2161
-2114
-1946
-1660
-1512
-1342
-1009
-546
-152
268
726
1125
1545
1865
2077
2026
1762
1307
726
292
-162
-580
-926
-1085
-848
-456
-77
198
391
726
1034
1044
968
1117
1509
1848
2065
2295
2668
3124
3086
2771
2408
1948
1711
1268
630
168
-151
-317
-436
-628
-770
-810
-852
-940
-1005
-895
-807
-745
-628
-512
-266
27
358
783
1318
1841
2219
2567
2710
2489
1953
1277
632
39
-458
-861
-1074
-1051
-896
-802
-747
-718
-849
-1075
-1329
-1469
-1551
-1607
-1633
-1516
-1251
-1118
-925
-715
-644
-643
-727
-798
-761
-655
-458
-143
95
211
272
427
585
522
373
146
10
38
82
341
552
615
683
630
552
533
481
405
422
394
377
479
548
597
635
649
703
794
943
1036
1015
1045
1017
929
790
635
547
496
471
384
364
296
175
35
-220
-419
-572
-658
-649
-604
-523
-357
-273
-395
-690
-1152
-1571
-2030
-2701
-3386
-3729
-3585
-3284
-3062
-2893
-2493
-1903
-1510
-1427
-1534
-1387
-1102
-931
-829
-706
-311
53
263
319
295
409
430
392
278
90
36
-48
-235
-478
-794
-1117
-1304
-1177
-821
-407
75
693
1573
2414
2880
3062
3079
3105
3177
3086
2816
2760
2970
3092
2877
2293
1793
1449
847
67
-658
-991
-932
-867
-877
-739
-308
20
152
161
123
269
303
248
302
416
709
891
909
1082
1318
1380
1257
1149
1157
1082
645
40
-316
-496
-832
-1405
-1829
-1646
-1146
-963
-1034
-834
-352
107
107
-196
-283
-189
-72
-308
-690
-819
-837
-921
-1201
-1390
-1327
-1048
-718
-561
-437
-215
13
12
-198
-391
-526
-648
-681
-489
-151
107
208
383
725
877
602
131
-53
77
174
58
31
387
901
1244
1173
1023
1169
1331
1271
907
657
892
1230
1260
1019
865
961
942
499
102
-22
-91
-228
-467
-647
-664
-648
-757
-829
-701
-364
-157
-127
209
655
675
81
-776
-1313
-1708
-2563
-3718
-4225
-3889
-3252
-2940
-3019
-2725
-1993
-1374
-1487
-1918
-1753
-1113
-533
-428
-551
-217
382
594
401
76
120
442
550
578
464
400
249
-193
-657
-1204
-1678
-1956
-1717
-933
-65
690
1310
2134
3003
3249
2936
2486
2550
3051
3070
2894
3022
3495
4000
3583
2478
1483
877
323
-645
-1452
-1546
-955
-200
135
249
437
573
435
33
-333
-515
-414
-109
236
671
1013
1209
1266
1226
1080
808
519
377
522
670
549
295
111
42
-103
-736
-1382
-1386
-1082
-891
-983
-992
-528
2
79
-381
-864
-957
-975
-1143
-1401
-1530
-1246
-941
-806
-710
-725
-630
-460
-449
-483
-346
-202
-137
-75
-7
-3
-161
-303
-288
-198
-142
-156
-162
108
455
526
370
241
384
559
611
558
470
603
829
847
775
857
1102
1310
1410
1359
1330
1460
1451
1171
714
343
14
-307
-468
-477
-410
-426
-359
-239
-188
-257
-477
-650
-572
-261
-20
124
256
629
992
716
82
-531
-997
-1345
-1944
-2844
-3281
-2906
-2423
-2260
-2343
-2364
-2029
-1676
-1787
-2082
-1976
-1523
-993
-646
-618
-450
-83
61
24
-140
-234
-145
88
364
444
277
-146
-578
-817
-1085
-1659
-2077
-1884
-966
172
758
1162
1841
2651
3053
2761
2333
2352
2787
3080
2898
2681
2859
3111
2715
1723
844
391
292
182
-149
-243
5
232
267
-15
-229
-496
-798
-723
-472
-58
278
540
913
1219
1171
843
487
381
678
737
630
831
1143
1442
1282
594
-39
-517
-953
-1426
-1818
-1733
-1337
-1000
-646
-433
-348
-309
-520
-816
-1033
-1113
-1034
-846
-529
-168
20
-69
-310
-493
-599
-842
-1155
-1272
-1028
-635
-566
-660
-706
-554
-247
-411
-714
-607
-207
271
579
749
927
1229
1437
1340
1080
897
823
738
639
530
511
490
512
547
426
448
513
658
1058
1385
1492
1478
1428
1494
1397
820
135
-297
-265
-269
-592
-765
-802
-586
-378
-548
-912
-1198
-1121
-869
-833
-939
-757
-294
96
193
-23
-381
-521
-398
-590
-1115
-1578
-1777
-1551
-1289
-1532
-2069
-2291
-2052
-1797
-1863
-2113
-2085
-1539
-1077
-1035
-1252
-1372
-1048
-614
-540
-735
-550
161
919
1202
727
145
35
-43
-456
-1183
-1671
-1368
-605
137
557
888
1430
2020
2384
2162
1774
1723
1942
2173
2078
1960
2061
2307
2407
2078
1494
965
759
754
534
181
-2
-9
135
176
-11
-245
-265
0
265
365
369
533
895
1122
1034
701
567
836
1069
1000
790
720
863
989
710
39
-534
-879
-1072
-1166
-1332
-1442
-1202
-688
-370
-331
-323
-240
-123
-65
-56
-91
-98
66
326
415
199
-211
-470
-459
-561
-937
-1271
-1267
-935
-734
-849
-991
-1021
-903
-787
-799
-742
-392
91
532
795
896
965
975
988
863
571
303
256
336
369
474
424
311
421
601
620
490
491
761
1257
1462
1314
1137
1091
1166
944
360
-137
-224
-206
-312
-455
-647
-751
-748
-899
-1206
-1403
-1361
-1129
-771
-410
-208
37
313
578
747
386
-37
-248
-308
-337
-837
-1401
-1543
-1249
-1081
-1477
-1926
-2093
-1970
-1980
-2490
-2816
-2573
-2142
-1860
-1946
-1952
-1561
-1026
-705
-582
-384
-18
573
988
1009
917
730
506
275
-52
-332
-604
-731
-463
-31
286
396
609
1014
1304
1312
1015
951
1371
1781
1863
1803
1928
2329
2569
2252
1729
1516
1608
1528
1245
1024
1058
1321
1282
1002
792
695
623
356
154
64
140
387
398
460
742
822
762
717
690
674
539
331
191
259
346
143
-174
-300
-314
-421
-684
-1064
-1182
-929
-757
-856
-905
-681
-344
-205
-366
-462
-294
-215
-401
-607
-687
-661
-588
-637
-714
-680
-638
-676
-846
-954
-969
-966
-912
-876
-683
-360
-187
7
340
601
693
605
582
730
783
643
403
324
442
489
235
-32
69
326
419
347
357
509
635
665
568
373
298
302
144
-34
92
303
348
308
252
312
218
-117
-395
-596
-686
-662
-688
-647
-355
-136
-106
-104
-112
16
193
131
-28
43
210
338
279
110
209
203
-138
-552
-865
-957
-1026
-1245
-1581
-1770
-1742
-1808
-1970
-2108
-2079
-1908
-1734
-1556
-1254
-939
-670
-328
-175
-48
105
91
93
84
21
-6
-77
-165
-89
-134
-401
-616
-660
-502
-460
-517
-360
-22
459
801
806
936
1289
1480
1478
1478
1597
1874
2161
2200
2163
2363
2616
2558
2283
1879
1505
1232
808
567
428
289
220
38
-85
-121
-143
-220
-217
-74
60
215
384
512
760
1049
1064
914
809
850
883
678
356
222
293
259
-3
-395
-566
-475
-463
-626
-739
-729
-697
-670
-760
-944
-901
-669
-755
-887
-905
-980
-929
-919
-967
-1074
-1258
-1214
-1036
-948
-842
-735
-626
-441
-271
-315
-526
-625
-500
-386
-418
-449
-367
-22
214
155
110
21
81
195
101
30
68
321
650
777
826
935
1079
1194
1124
888
712
636
606
538
425
349
318
317
224
114
11
-107
-77
-80
-103
-154
-268
-274
-230
-147
-218
-326
-249
-69
41
1
-91
-39
130
148
151
143
240
365
283
222
184
58
-156
-246
-390
-552
-534
-683
-771
-756
-786
-771
-698
-603
-618
-677
-762
-890
-998
-1007
-1021
-1211
-1411
-1497
-1517
-1492
-1508
-1452
-1165
-940
-853
-761
-671
-544
-565
-635
-657
-722
-592
-450
-330
-49
232
533
820
1044
1282
1431
1367
1328
1435
1588
1655
1544
1618
1758
1810
1747
1414
1245
1076
988
970
752
793
1010
1194
1173
1059
1063
1092
1090
840
587
609
698
725
806
841
728
651
505
286
89
-138
-275
-300
-298
-319
-279
-170
-180
-182
-314
-627
-797
-924
-893
-894
-928
-734
-610
-463
-431
-542
-550
-617
-667
-766
-894
-846
-718
-590
-584
-672
-629
-601
-702
-842
-955
-931
-906
-789
-560
-465
-432
-329
-191
-165
-270
-251
-109
68
285
441
602
744
858
835
717
639
494
432
383
341
407
421
509
654
694
691
629
552
467
327
129
-53
-92
-179
-246
-327
-476
-341
-213
-267
-269
-203
-75
93
134
25
13
151
334
400
341
322
448
657
686
584
549
599
632
473
227
14
-88
-147
-296
-441
-626
-754
-791
-856
-890
-1043
-1215
-1273
-1449
-1537
-1564
-1598
-1459
-1351
-1300
-1210
-1058
-903
-860
-796
-828
-936
-968
-893
-827
-876
-731
-496
-222
-13
20
213
484
696
785
736
800
932
1008
1078
1096
1147
1229
1313
1406
1460
1580
1660
1587
1536
1520
1485
1331
1176
1144
1169
1120
957
862
846
839
671
459
303
213
237
174
91
93
167
138
9
-61
-110
-74
-121
-176
-101
-106
-41
43
92
111
68
70
-14
9
111
94
114
119
145
143
58
-174
-403
-444
-597
-808
-1027
-1124
-1021
-1004
-1050
-1103
-1173
-1086
-1011
-1117
-1109
-974
-804
-652
-535
-405
-213
-22
-14
8
66
48
80
129
237
277
235
329
333
322
390
372
328
313
434
542
455
480
634
739
769
533
302
298
322
259
84
-21
89
204
107
32
-16
-87
-182
-363
-449
-463
-380
-338
-365
-318
-267
-164
-216
-340
-348
-291
-182
-118
-13
136
318
417
362
365
317
177
108
-65
-189
-156
-228
-301
-357
-391
-437
-549
-692
-769
-789
-858
-857
-916
-1001
-942
-953
-1003
-1012
-999
-896
-780
-667
-540
-388
-269
-215
-228
-269
-277
-331
-363
-346
-233
-2
196
318
444
647
785
867
881
901
969
953
1001
1112
1260
1459
1519
1528
1561
1531
1510
1410
1252
1116
1046
965
841
768
650
632
537
304
272
323
302
191
156
262
289
273
294
256
302
347
203
138
133
105
71
28
-57
-127
-102
-184
-243
-296
-290
-223
-335
-329
-317
-334
-398
-586
-645
-717
-752
-747
-814
-842
-823
-788
-740
-773
-781
-687
-661
-601
-535
-520
-488
-532
-611
-535
-518
-690
-674
-643
-619
-554
-542
-349
-175
-77
35
80
121
182
245
240
260
380
470
504
564
610
610
639
637
559
519
486
448
412
321
243
158
18
-42
-130
-260
-257
-310
-333
-266
-242
-244
-225
-148
-95
-43
-32
-23
105
185
278
368
356
434
489
352
268
288
219
168
102
-44
-188
-277
-293
-413
-504
-497
-521
-516
-560
-600
-641
-713
-653
-668
-699
-723
-765
-677
-606
-570
-661
-744
-654
-650
-790
-865
-827
-696
-597
-580
-522
-399
-268
-195
-200
-201
-201
-128
105
262
349
501
722
890
1034
1082
1031
1083
1169
1219
1183
1211
1354
1437
1434
1440
1386
1289
1247
1215
1151
1016
973
992
964
885
755
650
484
298
120
-7
-33
-184
-260
-246
-377
-441
-535
-606
-584
-687
-699
-674
-559
-388
-245
-150
-171
-46
-78
-191
-268
-433
-490
-499
-489
-546
-600
-507
-400
-382
-411
-483
-443
-371
-368
-350
-343
-289
-265
-281
-306
-361
-325
-264
-295
-298
-280
-237
-174
-161
-102
-39
-100
-148
-156
-162
-129
-117
-37
15
49
119
75
75
185
243
205
166
205
234
315
384
319
345
450
501
484
471
487
491
470
347
234
106
2
-27
-137
-198
-201
-244
-210
-101
-64
-28
1
-32
-24
-47
-103
-144
-193
-165
-185
-215
-205
-287
-283
-291
-384
-412
-499
-497
-432
-456
-502
-525
-427
-495
-611
-608
-708
-763
-825
-862
-894
-902
-787
-775
-737
-675
-682
-617
-641
-615
-498
-473
-388
-364
-287
-153
-122
-71
-7
128
282
390
498
681
859
951
1020
1066
1127
1128
1111
1143
1209
1272
1303
1376
1417
1419
1540
1486
1320
1263
1088
1000
885
707
622
573
559
440
380
344
281
171
64
88
32
-35
-121
-159
-113
-205
-233
-268
-345
-303
-333
-383
-473
-481
-376
-395
-371
-296
-234
-238
-210
-146
-257
-278
-249
-289
-253
-276
-261
-197
-147
-90
-132
-175
-115
-159
-223
-223
-290
-308
-283
-280
-280
-329
-364
-326
-441
-540
-511
-547
-519
-475
-438
-402
-367
-329
-359
-268
-116
-51
4
82
197
389
475
429
450
478
486
462
446
484
475
454
465
533
542
485
486
486
449
327
228
183
95
96
64
-19
-74
-122
-105
-159
-187
-205
-222
-146
-171
-258
-319
-376
-435
-460
-500
-540
-548
-626
-683
-703
-746
-703
-643
-652
-682
-671
-663
-656
-596
-626
-582
-569
-586
-489
-517
-418
-324
-305
-177
-123
-36
31
80
109
64
44
27
32
83
135
177
173
229
352
396
404
457
530
617
683
607
552
633
769
844
819
795
897
1013
1000
980
993
997
1021
1007
901
870
820
759
774
677
632
588
459
435
402
320
260
170
138
189
146
65
104
157
36
15
2
-140
-111
-198
-255
-232
-288
-209
-257
-292
-266
-329
-374
-430
-440
-525
-602
-595
-554
-494
-573
-532
-449
-480
-428
-409
-388
-356
-347
-289
-228
-228
-228
-219
-223
-286
-323
-294
-300
-244
-211
-224
-194
-148
-163
-218
-219
-223
-198
-183
-169
-116
-7
153
212
265
312
297
322
245
181
167
162
241
214
199
234
270
299
241
242
289
255
246
255
213
245
269
185
128
-4
-140
-122
-206
-281
-248
-291
-300
-331
-410
-384
-461
-624
-691
-710
-694
-700
-666
-549
-463
-378
-305
-303
-309
-300
-287
-347
-362
-314
-356
-345
-249
-205
-205
-145
-128
-93
-73
-21
118
79
103
205
203
206
201
192
218
261
318
406
446
457
591
665
615
665
714
666
621
601
588
583
546
525
486
486
508
422
389
389
388
339
280
315
249
176
193
100
100
115
19
19
27
99
163
114
108
167
108
51
108
85
25
-52
-72
11
-5
-123
-113
-64
-1
13
-58
-71
-110
-83
-61
-117
-168
-179
-163
-234
-277
-260
-287
-242
-222
-267
-242
-238
-305
-347
-306
-328
-356
-384
-424
-389
-354
-331
-339
-345
-319
-292
-343
-342
-251
-181
-219
-251
-137
-65
-26
-14
-6
55
18
43
42
12
121
88
114
198
120
157
199
194
260
226
240
300
225
213
248
166
126
77
43
43
-60
-49
-49
-123
-155
-228
-233
-257
-340
-351
-380
-496
-528
-465
-445
-425
-414
-434
-442
-466
-484
-445
-442
-414
-368
-405
-331
-322
-365
-222
-187
-211
-91
-121
-180
-26
57
56
29
59
150
111
100
185
265
287
334
391
470
511
502
529
508
555
478
481
560
494
494
481
486
412
353
318
202
154
118
92
64
67
45
56
74
22
38
0
-18
-30
-66
-64
-96
-140
-116
-91
-111
-119
-158
-155
-130
-129
-64
7
11
35
46
99
245
238
173
185
191
198
243
253
228
306
300
260
302
258
243
313
252
190
197
34
0
80
69
75
43
-50
-60
-7
-65
-78
-26
-108
-117
-43
-49
1
-45
-83
-6
-43
-100
-88
-81
-94
-134
-98
-65
-114
-96
-120
-101
-99
-94
-103
-199
-117
-66
-59
-40
-81
-58
3
0
-73
-47
-42
-107
-47
-29
-134
-179
-192
-212
-222
-219
-226
-218
-219
-237
-151
-142
-180
-97
-159
-208
-116
-167
-227
-193
-135
-81
-94
-81
-28
-12
48
56
-22
-44
-73
-93
-102
-169
-179
-158
-139
-99
-173
-138
-27
-30
33
57
61
66
122
136
138
262
224
245
302
258
296
239
248
313
284
316
280
266
237
237
246
199
221
171
182
239
241
241
176
164
214
149
95
75
8
-112
-157
-103
-126
-85
-123
-162
-104
-155
-224
-263
-178
-141
-200
-220
-220
-204
-183
-104
-117
-129
-85
-105
-75
-73
3
121
145
135
116
156
165
189
279
197
169
307
254
247
338
354
307
223
271
243
194
188
173
272
249
197
185
143
118
153
175
43
24
9
0
32
-26
21
-30
-102
-36
-92
-183
-198
-154
-117
-161
-211
-174
-169
-228
-196
-217
-217
-175
-212
-238
-223
-229
-240
-148
-173
-214
-149
-206
-191
-147
-195
-182
-174
-134
-125
-210
-189
-144
-190
-178
-114
-116
-171
-197
-187
-192
-223
-254
-233
-226
-188
-123
-145
-151
-87
-44
-22
-13
7
20
-33
-6
38
73
89
107
144
174
198
223
270
215
268
355
346
362
346
353
400
364
341
308
232
243
205
195
208
150
144
156
164
186
141
67
71
42
37
58
-63
-90
19
27
13
3
-21
-19
-21
-26
-47
-69
-35
-88
-133
-119
-185
-179
-201
-199
-146
-157
-138
-134
-95
-54
-31
51
25
36
30
-77
-2
-15
-12
-1
8
55
-8
104
57
-49
24
-17
-2
-29
-102
-77
-66
-45
-82
-92
-31
-45
-86
-104
-65
-33
-96
-99
8
0
22
121
35
-32
4
81
18
-28
79
5
-15
-27
-53
-30
-61
-8
-54
-147
-129
-91
-123
-151
-107
-47
-57
-47
-11
-89
-24
58
51
76
28
57
70
67
118
30
14
57
1
15
27
10
3
-54
-66
18
30
-49
-3
-13
-91
-35
-49
-82
-95
-153
-52
-75
-206
-171
-146
-105
-108
-131
-92
-103
-130
-72
-25
-59
-44
-12
5
25
81
121
108
167
203
176
233
295
312
321
307
311
337
364
382
381
357
358
280
206
241
200
152
82
65
148
41
-34
25
31
21
9
-9
-98
-107
-78
-103
-132
-195
-195
-203
-167
-133
-200
-176
-146
-135
-102
-131
-132
-140
-136
-80
-114
-165
-159
-116
-39
-73
-118
-15
-12
-45
-49
-119
-153
-155
-143
-125
-162
-232
-213
-148
-140
-137
-97
-79
-108
-146
-124
-116
-129
-81
-119
-50
29
-89
-32
48
-3
90
116
51
97
127
113
106
98
21
54
115
30
94
112
51
123
69
51
111
80
71
-3
-27
-18
-63
-19
24
32
-14
-29
61
71
-12
-12
70
71
124
168
94
135
118
122
165
102
171
213
133
148
150
135
152
130
126
90
38
50
10
-8
70
58
53
67
-22
-25
-10
-81
-78
-30
-11
-43
-57
-27
-4
-41
-81
-84
-100
-80
-65
-64
-21
-15
-25
51
94
43
38
72
52
27
45
99
123
87
120
108
37
45
55
15
4
28
57
44
-18
25
5
-125
-72
-72
-192
-183
-246
-195
-142
-219
-140
-154
-162
-153
-155
-135
-185
-188
-192
-159
