84
85
-17
-16
44
-43
-47
-14
-88
-33
55
54
64
-40
-66
5
-2
33
54
-19
-70
8
35
-70
-95
-38
-12
-29
-41
2
12
-56
-56
-45
-77
-6
26
1
-86
-91
-29
-76
-34
-7
25
28
-48
-40
-40
-27
0
-22
-31
-8
31
13
12
103
56
-13
36
42
16
-13
-7
4
18
-38
-37
50
59
79
30
47
-2
-67
34
4
23
45
23
-13
-69
-8
-75
-84
77
59
-56
-24
-21
-35
-42
-25
50
-6
65
96
-3
18
-16
-15
17
-4
-46
-77
-59
-28
71
75
31
93
55
-51
-11
39
-28
-4
18
5
12
-11
3
24
5
8
26
43
43
-8
0
38
40
46
-17
-129
-158
-130
-70
-22
44
23
10
83
37
32
2
-29
25
9
31
45
20
57
8
-32
-7
7
55
81
18
-11
33
-28
-37
-19
23
54
12
82
56
44
49
-6
57
21
-6
23
-24
16
12
0
21
-19
-46
-6
-3
-19
64
67
6
-49
-20
87
17
-26
34
26
3
-22
-95
-128
-90
-77
-72
-24
7
20
-20
-86
-96
-80
-43
-48
-92
-97
-99
-26
73
28
-9
-8
7
22
-3
1
55
58
-52
-68
-35
-7
4
-3
57
60
90
77
16
15
31
52
28
45
78
14
-36
-1
-13
20
20
-60
1
13
48
107
17
-12
-9
47
41
-37
-3
11
8
-19
-3
44
3
-45
-53
26
92
80
54
40
41
-49
-64
-45
-50
-7
-43
-140
-154
-55
-2
-17
-13
2
-15
38
-4
-117
-79
-85
-53
13
-15
-28
-64
-32
-46
-119
-24
37
34
-3
-18
25
14
-2
27
52
86
91
85
97
130
155
140
101
45
41
-40
-63
-9
-1
27
-21
-32
-31
-58
-45
-60
7
86
-1
17
9
-43
35
18
72
50
-34
11
25
73
73
-2
21
95
49
15
39
46
-14
-17
40
-39
-92
-45
3
-17
-48
-32
35
10
-19
6
-46
-19
-63
-25
12
-115
-70
-63
-91
-60
-97
-105
-42
8
41
74
58
63
49
108
45
-80
19
18
-10
29
-43
-13
73
-5
-39
-32
30
44
-21
-23
-18
32
-17
-58
-4
0
12
30
33
19
5
-3
-57
-114
-95
-73
-126
-124
-33
58
53
19
44
9
65
121
21
-1
34
1
15
41
38
59
53
71
60
64
60
26
91
57
-16
-56
-84
-101
-117
-133
-183
-142
-119
-118
-52
-49
-72
-121
-132
-38
-47
-45
-24
8
69
76
118
96
88
77
58
125
175
184
151
160
151
91
152
97
-41
-39
-75
-88
-64
-97
-151
-140
-83
-78
-108
-93
-59
-68
-6
2
-64
-3
15
-13
4
-28
76
133
91
120
58
31
13
45
69
0
-14
-38
-66
-37
-3
-30
16
12
9
103
66
54
27
28
-14
-137
-48
7
-55
-84
-24
12
10
-55
-103
-15
-27
-23
-26
-79
-78
-106
-83
-46
-50
-35
-21
8
56
81
46
59
96
23
57
83
47
113
147
145
212
159
92
78
8
3
-29
-57
-68
-37
-30
-65
-58
-96
-49
29
-89
-201
-112
-152
-224
-104
-84
-123
-81
-47
8
63
57
93
120
129
165
148
160
157
49
98
182
77
78
57
45
73
30
17
-44
-88
-139
-147
-107
-149
-149
-126
-161
-138
-111
-122
-79
-139
-199
-102
-26
-8
-19
59
152
139
143
148
117
165
211
181
184
143
150
184
120
46
-4
-52
-27
-11
-81
-31
-71
-154
-113
-139
-147
-115
-79
-115
-115
-50
-43
-60
-137
-106
4
-8
-3
3
64
84
14
4
6
127
169
36
83
116
28
28
31
30
22
20
-7
-44
-26
-17
-25
-34
-25
-42
-40
1
40
0
-55
-58
-99
-104
-108
-92
-23
-53
-109
-96
7
53
36
47
-15
-21
75
92
40
113
128
97
134
56
28
81
81
90
75
28
-14
-52
-6
-27
-131
-111
-49
-61
-97
-109
-86
-89
-109
-142
-61
40
17
55
49
48
80
43
43
81
101
105
106
68
71
74
97
86
54
82
5
2
-8
-128
-167
-161
-132
-119
-90
-28
-77
-99
-37
-7
76
52
22
99
49
6
22
58
38
4
27
8
21
-21
-26
-30
-92
-74
-117
-113
-29
-55
-48
72
163
172
148
177
203
200
230
208
101
77
86
22
1
-32
-115
-181
-197
-248
-251
-220
-253
-254
-220
-185
-166
-173
-184
-173
-165
-72
86
119
95
164
220
230
307
333
279
256
236
199
109
8
-17
-91
-135
-109
-85
-57
-128
-84
-44
-112
-50
-107
-94
-49
-109
-14
26
-11
7
12
38
19
-5
57
35
-7
-17
-36
14
68
0
6
45
29
82
69
112
154
129
186
132
88
84
41
73
-3
-27
-31
-114
-152
-185
-158
-156
-130
-119
-149
-97
-57
-70
-110
-43
-8
-8
85
90
109
127
180
238
116
96
129
69
63
26
16
56
-22
-99
-33
-42
-166
-213
-234
-214
-182
-190
-111
-24
-23
-34
-17
29
-3
-8
101
177
167
76
112
142
81
139
160
77
42
-5
-31
37
33
24
36
32
-40
-62
-8
-86
-78
-51
-75
-77
-45
-15
-70
-97
-88
-41
-6
12
53
80
9
66
149
159
158
100
129
155
179
75
63
104
-28
-80
-106
-122
-200
-219
-222
-247
-226
-282
-253
-255
-211
-143
-62
-12
-48
55
12
89
206
178
273
272
263
216
219
276
144
104
147
109
36
-89
-92
-69
-138
-190
-256
-211
-222
-241
-145
-184
-150
-6
25
50
73
50
61
37
26
80
76
74
50
16
37
104
93
32
68
66
87
59
-11
50
12
-27
4
14
37
27
33
71
137
102
-6
-68
-67
-32
-74
-84
-81
-86
-44
-45
-54
-96
-88
-13
-74
-62
11
0
42
56
39
60
41
22
69
85
118
116
95
104
56
51
67
20
-51
-25
20
-23
-88
-78
-64
-122
-155
-113
-152
-159
-105
-179
-133
-93
-72
-4
-41
65
67
24
127
48
69
176
153
90
33
23
74
152
71
-28
-12
-58
-56
-39
-104
-116
-153
-142
-105
-110
-115
-155
-108
-5
5
-43
25
163
134
74
137
115
29
12
54
35
31
90
54
47
-6
-96
-63
-66
-98
-122
-100
-107
-144
-85
-32
-2
50
79
65
99
141
163
212
227
204
228
217
125
158
192
125
86
38
31
-1
-76
-56
-110
-167
-209
-217
-176
-171
-182
-198
-137
-115
-97
-103
-73
-28
-86
11
55
55
143
128
151
173
140
98
83
109
116
102
25
-14
12
-13
-53
-85
-44
-61
-120
-75
-170
-258
-210
-202
-174
-94
-64
-80
-69
-12
44
44
84
131
130
184
167
119
143
96
77
102
31
105
223
122
108
59
-26
24
-31
-98
-95
-142
-259
-234
-170
-205
-144
-150
-144
-123
-199
-121
-99
-136
-64
-16
21
24
32
125
202
242
247
271
350
293
275
227
105
132
118
110
65
21
-11
-129
-194
-285
-318
-308
-358
-404
-447
-387
-323
-346
-315
-166
0
78
183
251
309
399
368
391
353
363
415
382
419
313
228
161
50
84
28
-145
-207
-170
-184
-315
-341
-294
-340
-316
-278
-256
-176
-240
-248
-67
-6
36
69
46
102
135
192
206
231
302
306
355
232
108
134
128
77
6
8
-13
-102
-162
-152
-135
-146
-188
-181
-176
-265
-265
-162
-80
-100
-130
-35
51
87
139
137
133
94
88
118
69
73
60
37
82
120
51
-2
29
5
-10
-2
-58
-141
-138
-114
-120
-82
-83
-92
-102
-152
-51
-31
-138
-36
61
64
26
2
68
48
66
137
123
68
33
85
152
136
62
19
65
144
119
70
68
20
17
3
-53
-77
-98
-55
-49
-141
-85
-103
-264
-202
-107
-40
-44
-136
-86
-36
0
48
35
3
-9
77
122
133
166
116
83
99
100
77
79
79
47
46
37
-28
-106
-70
-27
-43
-64
-78
-31
-68
-62
-13
-79
-86
-52
-68
-71
-28
25
78
61
75
183
171
151
191
180
159
123
118
146
146
116
57
-17
-63
-123
-194
-192
-278
-308
-286
-280
-155
-157
-161
-120
-129
-51
6
14
73
84
77
132
138
147
214
185
72
80
59
6
66
72
2
-18
-59
-128
-110
-172
-174
-90
-131
-72
-67
-96
9
-20
5
124
36
-1
43
21
101
176
105
95
143
77
33
-45
-82
-23
-68
-64
-17
-107
-165
-125
-98
-24
-24
0
98
78
49
72
101
43
49
100
106
173
113
35
81
116
64
-38
-67
10
67
-8
-39
12
-30
-79
-29
-55
-112
-93
-168
-187
-166
-181
-119
-77
-79
-36
30
0
-24
-2
-22
-72
-20
77
35
19
86
153
194
110
48
97
126
51
-15
60
22
-18
78
8
-31
-46
-62
-64
-131
-119
-141
-117
-103
-78
-28
-66
-11
-2
8
52
24
120
155
189
178
116
209
175
149
155
105
104
49
-22
24
56
-34
-101
-114
-136
-159
-180
-161
-200
-195
-141
-116
-17
-63
-94
8
75
60
36
51
-1
86
124
83
128
119
197
167
69
98
35
8
47
21
-26
-102
-106
-107
-134
-107
-91
-55
-128
-150
-65
-98
-148
-139
-53
0
37
31
35
37
26
103
93
72
135
86
42
39
41
96
73
77
43
-32
-7
-17
13
-12
-128
-98
-157
-186
-84
-96
-112
-85
-89
-81
-70
-62
-19
-30
7
104
95
91
108
92
129
167
134
114
93
87
96
36
-45
-13
11
-3
-59
-149
-124
-168
-175
-99
-139
-139
-64
-44
-62
-52
-26
-16
70
98
135
111
51
79
67
110
98
80
132
172
83
32
116
82
-27
-78
-130
-123
-44
-80
-119
-122
-69
-54
-106
-103
-58
0
32
32
-3
4
71
105
45
48
79
56
28
19
50
16
41
59
28
40
32
-58
-45
-58
-157
-94
-109
-91
-62
-118
-112
-39
18
18
25
-27
-50
-30
15
51
45
128
113
77
134
133
140
129
109
132
140
51
-14
-6
-55
-59
-24
-98
-117
-56
-76
-127
-136
-153
-130
-50
-58
-71
-77
-98
-36
27
45
8
23
80
96
112
58
65
139
123
14
1
72
29
48
33
-22
-11
-56
-60
-75
-101
-54
25
-28
-103
-116
-145
-108
-123
-99
-18
-21
20
25
41
61
-20
10
38
32
8
21
78
43
41
20
52
159
128
85
91
90
129
56
74
139
36
96
46
-78
9
-33
-105
-139
-117
-74
-177
-158
-85
-79
-67
-80
0
53
11
20
36
4
40
123
104
116
216
199
150
177
104
32
10
36
42
-13
6
-13
-98
-114
-111
-154
-164
-178
-105
-86
-156
-105
-105
-53
-55
-83
-3
-12
-13
-18
38
104
57
48
101
132
130
135
74
82
104
28
56
7
-66
-71
-77
-34
-33
-28
-19
-27
-48
-42
-29
14
43
-27
-12
9
-21
-29
-13
68
57
-3
-1
-30
-58
-10
23
-57
-69
-11
0
37
-14
-97
-28
0
-15
-7
22
35
-23
15
3
-76
-68
-62
-44
-1
41
35
-67
-102
-48
-28
-23
13
-45
-90
8
26
-1
-10
8
-29
-48
34
59
109
75
63
137
115
71
10
21
48
23
29
71
63
29
-14
-31
-3
-68
-37
56
24
38
73
31
52
87
125
130
66
95
81
77
35
-18
22
-25
-70
11
39
-69
-76
-76
-141
-157
-96
-37
-66
-101
-75
-14
50
31
-18
19
38
92
94
92
121
0
-3
35
13
42
-14
-36
10
-17
-81
-62
-84
-89
-78
-123
-53
-60
-97
-45
5
-8
-32
-29
-40
42
28
62
77
-8
51
-28
24
122
1
85
51
-73
7
-12
-44
-11
-68
-83
-77
-109
-99
-103
-64
-11
15
53
32
67
110
26
-5
67
123
70
-11
-27
-31
21
47
53
72
98
126
108
73
-21
3
7
-61
26
86
40
54
7
-99
-36
5
7
0
-30
-39
-96
-69
-48
-14
10
-20
32
71
94
76
78
45
-38
1
-6
-53
-36
-17
17
37
-25
-71
-43
-27
7
8
-18
-25
-45
-87
-83
-15
7
-37
-48
0
-31
-69
-32
-16
18
15
-14
2
56
66
45
11
-30
53
60
26
14
3
48
-5
38
120
10
-35
-12
-23
-8
22
22
14
-48
-94
-23
-58
-86
-30
-42
-70
-8
3
-76
49
85
-32
9
39
42
1
-9
10
-48
-15
56
83
86
29
-10
-20
-29
5
18
28
31
4
40
53
-15
-24
-22
-58
-20
7
-31
-45
-24
12
66
37
6
52
56
24
31
52
8
10
62
34
-47
-49
32
78
50
34
56
-3
-5
-21
-85
-4
37
0
-16
6
-25
-86
-22
11
-19
-30
10
63
31
19
69
63
51
39
4
77
122
23
-11
31
-11
-18
-17
-38
-34
-58
-2
-44
-63
-16
-60
-66
-78
-44
-57
-115
-84
-10
48
-16
-101
-2
17
-49
8
24
33
49
44
54
58
29
23
87
112
64
25
37
11
-25
-14
-41
-16
79
14
-60
-47
-46
1
8
-16
37
62
6
6
-19
-48
-21
-53
-9
57
8
7
40
69
62
41
90
39
30
34
-15
15
14
24
38
61
65
-3
-7
-30
-57
-32
-49
-7
-30
-41
46
20
-18
-30
-17
1
-54
-27
49
93
117
18
-62
-59
-24
38
35
-3
-52
-41
-11
-77
-37
-7
0
27
-57
-51
-29
25
83
70
65
24
3
-64
-57
52
61
90
44
-42
17
-34
-70
-68
-77
-14
-131
-147
-67
-84
-26
-25
-37
-116
-81
84
23
3
40
-31
-45
16
56
42
25
25
-15
16
73
22
54
108
35
-36
-75
-52
-23
-57
-25
-21
-12
8
-56
-38
12
48
51
44
52
25
74
57
51
60
30
86
11
24
35
5
86
1
-47
-16
14
78
27
41
77
28
23
-6
-26
-57
-67
-21
-3
-29
-72
-54
6
-28
-61
-74
-73
-20
-43
6
60
69
62
33
11
-66
-66
-59
-22
-9
-26
-18
-30
45
3
-55
4
0
-77
-117
-83
-17
-7
-46
-17
-49
-48
55
89
58
13
60
94
104
130
57
55
51
-13
37
53
29
63
28
-8
-32
-76
-78
-68
-33
-110
-72
-6
-53
26
-18
10
41
-40
-1
15
57
40
-4
26
45
13
33
80
28
83
120
83
6
-79
-39
-58
-74
-64
-2
16
-14
-63
-137
-82
-83
-21
46
-8
9
-49
-80
93
67
-94
-31
-10
-33
12
23
20
15
11
39
72
23
-31
-55
-40
-69
-65
21
-6
-16
-44
-25
-18
-96
2
2
-61
-55
-95
-42
32
58
12
-49
-75
-56
4
17
41
42
-5
-30
-9
27
-9
-35
-47
-61
-35
-3
27
60
4
-62
44
113
27
-37
-23
21
65
30
5
11
-1
40
63
21
15
20
-9
-58
-83
2
21
-15
17
-16
10
61
10
-19
37
79
53
26
41
79
32
5
58
-5
-73
-8
30
42
-20
-46
34
37
14
64
86
43
27
19
26
0
-110
-169
-67
33
1
-32
1
1
-28
-31
-62
-43
1
19
26
12
-24
-56
14
25
-19
25
10
-4
72
-14
-84
12
-4
-22
-26
-14
21
-56
-70
-8
-52
-126
-107
-74
-79
-125
-115
7
0
12
75
37
66
25
-13
12
7
100
159
110
73
27
0
-6
5
68
21
-50
26
67
1
-81
-106
-53
0
19
-28
-64
6
52
55
39
3
27
-44
-93
-31
-35
-31
17
7
-35
-4
50
60
28
36
42
19
-16
-73
-34
-47
0
60
-25
13
7
-3
48
49
77
-6
-51
71
89
29
-16
7
42
-42
-87
-27
-1
-27
-28
-37
-12
-29
-53
-8
-25
-2
23
-59
-45
24
27
7
-50
0
35
-39
-3
55
24
-5
7
15
-5
-48
-40
21
64
60
20
2
31
57
0
-25
2
7
19
-17
-28
19
13
4
-4
-52
-32
-18
-15
3
-20
18
29
-21
-17
0
-29
21
90
64
76
85
92
68
-34
-52
-46
-89
-30
34
-28
-69
-37
-55
-45
15
26
-17
-102
-82
4
-33
-83
-59
-23
-5
13
53
66
6
-38
19
26
34
58
77
89
54
118
81
14
52
45
37
-23
-69
-39
-17
-61
-58
-19
-22
-1
-57
-69
-90
-183
-89
14
43
97
50
-18
-11
-3
39
59
55
51
24
77
108
42
74
126
103
37
22
74
-75
-171
-101
-71
-13
-98
-149
-66
-18
-9
-86
-10
131
138
47
-43
2
70
27
-50
-66
67
124
39
26
-17
65
122
3
-26
-12
0
-17
-92
-66
-48
-94
-24
38
-21
-89
-41
16
-25
-16
26
28
-28
-57
-8
-74
-43
49
-11
-23
-45
-74
21
32
-38
32
50
6
-12
-38
-14
-2
65
23
-65
-30
18
81
34
-7
46
15
-20
36
15
-21
34
-5
8
42
-9
3
5
-23
-47
14
4
-69
17
40
-14
7
-2
-29
-2
17
12
14
29
54
44
-2
-52
-79
-74
-64
-55
-32
-73
-62
6
-16
-6
43
0
-11
71
40
14
-15
-35
7
-19
63
71
-30
-4
50
94
68
44
80
50
-8
-17
-45
-51
-47
-3
36
-29
-47
-17
-28
-44
-46
-30
22
-2
-49
17
97
77
-24
-2
68
52
15
47
85
6
-10
-3
19
-8
-84
-32
30
91
53
33
31
28
48
-24
-23
1
-47
-24
3
-75
-1
44
-50
61
50
-11
6
-32
-2
-25
14
84
37
47
18
-5
-3
-81
-69
-17
29
76
5
-54
-19
-38
-60
-7
25
-16
-82
-8
47
11
35
15
-23
-24
21
-49
-131
-55
11
-5
-69
-27
6
-26
-13
49
72
-1
-34
14
7
-3
41
-6
-32
31
19
-31
-31
-20
-91
-103
-87
-131
-74
-61
-59
-67
-52
5
-20
9
11
-11
-43
-84
12
90
95
78
24
45
82
57
41
13
-7
18
-23
-59
22
8
-65
-45
6
5
7
30
-1
14
-4
-21
27
45
162
188
107
129
70
64
77
88
134
54
48
39
-7
43
29
-20
-2
-29
-27
-13
-45
-49
-38
-42
-22
78
59
-51
-36
-83
-84
-2
10
-16
-12
-15
-60
20
-9
-86
-6
-6
-61
-22
13
19
34
-27
-113
-88
16
11
-22
-78
-79
23
-44
-71
9
46
44
-13
-3
19
52
32
-39
23
13
-31
-34
-98
-25
85
113
119
42
64
114
59
42
-5
28
26
-69
-21
-13
-31
-25
-70
-113
-116
-68
-75
-149
-107
-15
-15
32
-7
-48
-18
36
113
88
99
77
32
7
45
112
60
104
91
-55
27
95
36
-38
-72
-43
-61
-57
-53
-19
-29
-127
-149
-70
-91
-53
77
36
-95
-141
-22
59
56
27
19
85
99
67
19
31
76
45
14
25
91
113
11
-45
36
96
74
-2
-85
-23
-4
-54
5
-61
-79
-73
-120
34
99
-8
-22
51
24
-54
-28
42
78
87
74
110
114
62
-9
-76
-44
-6
26
-31
-26
-1
-46
-59
-135
-120
-120
-93
-11
-38
-14
66
50
-30
-43
-29
-20
-61
-3
42
10
8
-1
77
28
-12
44
95
85
15
-1
-20
26
-8
-59
-5
-31
-88
-81
-43
-4
24
-15
-74
-58
-28
-74
-35
55
64
22
-34
5
-5
0
63
26
71
99
15
-16
21
6
11
45
-35
-24
-43
-74
34
71
56
-1
18
62
-9
-25
-27
-23
37
-21
-49
3
-57
-25
-4
-2
106
46
39
37
-64
40
35
-55
-25
26
56
19
61
14
-19
61
12
31
64
28
-2
-51
-13
43
-6
-81
-43
-49
-133
-52
24
-24
90
67
-90
-25
44
25
-44
6
46
12
22
-10
-1
66
96
62
91
61
-6
5
-73
-145
-83
-31
-97
-99
-72
-68
-8
8
48
26
0
54
-3
30
61
37
58
31
28
22
77
76
43
54
19
-6
-5
-68
-105
-109
-190
-153
-112
-113
-115
-79
-64
-83
60
85
21
15
41
27
47
127
84
51
74
123
31
-29
-4
-68
-77
-101
-102
-95
-75
0
-63
-79
24
61
109
60
0
36
-33
36
135
28
40
100
25
17
17
-87
-108
-81
-39
-28
-50
14
27
14
-6
-40
21
93
148
88
58
77
67
147
72
-20
25
71
108
32
-49
-54
-100
-52
-18
-96
-78
-100
-109
17
25
27
73
-3
24
93
34
74
119
92
119
130
59
-30
-14
33
-32
-149
-124
-59
-107
-113
-55
0
-26
-86
-65
-119
-113
-8
-1
-8
-41
-21
81
86
102
81
61
75
5
-13
-93
-27
15
-90
-9
-39
-124
-70
-50
11
6
-121
-29
55
3
31
63
66
50
50
64
69
44
58
64
-4
-31
-6
23
6
9
-8
-88
-71
-28
39
40
0
45
30
69
80
0
13
7
0
38
0
-9
-1
-74
-63
-71
-88
-13
-1
63
38
-39
15
-90
-119
-79
-122
2
34
42
116
100
127
123
70
15
-26
29
150
81
-8
35
-11
-10
27
17
-18
-72
-6
-5
-86
4
-19
-98
-11
-85
-121
-8
-72
-35
46
9
34
7
-19
10
5
-54
-31
15
-10
-29
-37
-22
35
68
12
-1
31
7
-50
-71
-59
32
63
-50
-25
-9
-3
94
21
-16
72
87
70
70
81
90
48
16
15
-90
-60
26
-77
-68
-48
-77
85
47
-39
24
24
8
-82
18
162
35
58
95
-29
11
-14
-19
76
-17
5
81
-6
42
42
-25
2
-36
-16
-18
-41
47
30
22
111
-61
-83
58
-69
22
20
-21
119
-53
-64
-35
-153
-51
-79
-94
124
87
-36
16
38
14
-111
-149
-17
15
-17
23
7
-59
-22
-1
-20
-15
6
19
-10
-44
-14
-69
-85
-39
-51
3
47
90
56
-19
33
30
-11
-21
-42
-20
-32
-52
4
13
-27
27
-11
-42
104
7
-98
-6
2
33
-13
-101
-32
-30
-96
38
100
17
8
4
14
-78
-86
18
-19
-16
70
100
64
54
70
66
134
227
143
35
30
24
13
-33
38
54
-74
-18
22
-92
-95
-33
-48
-40
-11
-33
-114
-150
48
73
-91
82
96
23
94
39
110
32
23
218
24
-5
150
-84
-77
-20
-182
-137
-95
-98
-149
-79
16
-60
-95
-88
-7
-89
-60
139
80
57
108
142
20
-88
80
61
-56
19
44
16
24
4
-59
-66
-100
-66
15
-39
77
27
-179
59
84
-167
-66
34
-21
-96
-113
-67
-111
-73
-22
-122
-84
32
19
-37
17
51
-18
8
76
99
36
6
80
38
75
140
98
117
54
85
65
2
125
67
-54
11
-19
-98
-23
6
-67
-85
23
7
-170
-70
82
-78
-46
128
72
69
109
51
-2
-34
20
72
-12
39
29
11
62
-35
-43
-99
-46
-36
-144
-68
-115
-149
-75
-63
-68
-39
17
-38
-24
-39
-79
71
35
-61
-10
-72
61
232
76
96
149
86
28
6
42
-65
45
207
12
-78
25
42
-139
-115
53
-136
-207
-1
89
-88
-100
58
-11
17
1
5
73
-89
-21
92
-7
64
142
10
-22
122
89
-121
21
92
-142
-57
-32
-86
-37
-95
-38
-59
-147
-30
-86
-177
23
42
-150
-90
96
4
8
127
-18
19
181
206
105
28
153
134
44
-10
-39
-79
-136
53
103
-65
-56
-19
-69
-102
3
24
-46
29
-8
-126
-32
26
22
98
0
-67
25
37
-20
-72
27
104
-1
-52
47
102
-15
-83
-16
-56
-36
67
-38
-21
71
-45
-91
-4
19
10
-21
77
136
-13
67
81
-38
31
-38
34
65
16
80
-105
-9
132
-70
-72
44
40
-4
-68
19
46
-113
-3
2
-109
47
26
-118
-73
4
0
-39
-128
-92
-25
-74
64
92
4
29
59
145
22
139
261
-130
-10
132
-185
-6
121
-102
-80
69
28
-129
-33
57
-47
-110
8
39
-193
-19
145
-109
28
131
-24
64
37
42
65
-4
144
72
-94
9
95
66
-13
80
96
-226
-80
114
-171
-15
94
-144
-94
10
-16
-26
-50
4
-21
-144
126
226
-52
45
226
-79
-130
197
-6
-205
113
141
-85
42
50
-66
-49
38
201
59
-38
109
-1
-154
28
31
-254
-97
147
-45
-119
-9
27
-34
-71
170
53
-166
41
58
7
-61
-93
58
-95
-61
184
-140
-24
220
-204
8
166
-175
-37
-93
-96
66
-176
-30
48
-172
74
39
-125
97
45
-10
6
-73
104
57
-73
38
-8
-25
25
91
135
-39
-11
95
-106
8
140
-19
57
29
-64
75
-19
-74
54
-78
-59
95
-53
-8
142
-3
10
115
140
22
-37
135
-66
-78
191
-87
-50
125
-82
59
-48
-108
115
-194
-64
142
-160
-35
-43
-93
55
-7
91
-22
-81
17
-44
48
56
-5
-21
-94
-63
85
15
-7
141
0
31
165
-113
-101
109
11
77
29
14
193
-108
-133
81
-19
-18
0
-26
-149
-165
5
-137
-130
146
-69
-43
186
-106
17
124
-45
144
-18
-97
192
-29
-63
141
-19
16
52
-50
-7
-58
-71
-51
-79
-2
10
-36
-90
-16
17
-188
-48
189
6
101
156
-150
-8
75
45
118
-5
10
-21
-65
51
101
80
77
88
74
-16
53
68
-139
-31
-55
-208
-24
-86
-93
58
-156
-48
79
-179
62
132
-84
163
53
-65
104
19
81
48
37
166
-17
54
74
-57
50
-45
-24
-48
-121
54
-19
-7
145
-66
-156
-102
-132
62
65
-99
4
-94
-24
119
-98
126
176
-118
61
-55
19
182
-280
84
121
-376
199
29
-317
278
-134
-253
272
-199
-76
148
-125
218
-69
-214
204
-113
-7
169
-144
112
45
-74
144
-161
6
110
-96
206
32
-57
62
-173
8
-86
-152
278
-25
-104
100
-183
-47
-67
-128
78
-176
-22
127
-197
201
152
-230
181
-22
-143
157
-201
88
210
-322
279
110
-258
449
-66
-111
309
-287
94
99
-271
331
-117
-190
402
-155
14
285
-179
96
8
-121
110
-258
108
232
-327
117
172
-170
32
-23
44
43
-83
288
65
-125
228
-184
-161
96
-230
24
-75
-133
165
-205
36
150
-229
118
29
-16
184
-203
132
67
-314
478
98
-278
418
-34
-74
196
-175
127
-87
-222
302
-245
-148
304
-237
7
109
-195
154
-35
-114
196
-213
-108
100
-212
36
21
-28
172
-54
147
131
-162
219
44
-143
178
-43
-73
57
-21
68
-96
-43
-41
-276
150
138
-151
65
1
-50
2
-110
17
-43
-158
67
-73
-79
121
-88
-90
14
65
180
56
66
101
-162
-86
64
-84
-47
30
57
16
-144
-27
-1
-121
111
33
-191
45
-45
-164
-7
-40
9
-61
37
205
-106
27
204
-109
39
156
-68
60
117
-59
-41
-12
45
35
-53
82
114
7
13
6
49
80
-46
28
31
-79
22
-75
-60
107
44
72
4
-32
10
-145
89
143
-99
142
75
-121
49
13
66
-6
-120
177
-43
-95
207
-86
-40
59
-133
66
-30
-109
136
-98
-18
99
-172
84
96
-58
100
-57
-48
46
-132
68
115
-169
93
110
-122
-18
-161
-107
56
-89
32
22
-115
68
-96
-120
138
-50
-27
104
6
17
-45
32
62
-116
10
-7
-58
171
90
121
96
-61
135
20
37
205
-60
69
111
-172
79
-55
-187
185
-120
-34
218
-149
146
155
-226
43
-53
-63
139
-117
92
64
-228
178
110
-72
113
-44
-17
-22
-217
20
17
-108
139
4
-59
124
15
34
-49
-159
27
-69
-66
-1
-163
5
14
-93
-5
-54
86
80
-28
85
4
32
66
-9
115
-90
-185
71
-88
45
159
-178
-16
-54
-193
91
-104
-148
84
-47
65
10
-160
112
15
-156
51
-21
-30
152
53
69
45
-65
101
50
-9
40
-7
50
-11
-44
18
-24
2
51
31
49
46
-20
44
129
40
45
117
24
-11
67
25
61
144
-74
-85
19
-187
-46
15
-214
-16
-9
-49
70
-95
-39
-16
-140
-41
-51
-2
82
-27
-34
-96
-133
46
-69
-151
28
-80
-127
56
67
42
60
55
59
33
105
170
148
114
46
64
61
55
103
-4
-34
35
26
59
-23
-104
-39
-36
-79
-11
-62
-78
82
-55
-82
-25
-129
-17
52
135
167
43
125
97
26
195
65
-137
-12
-83
-194
-92
-100
-59
-98
-192
-92
-132
-136
-71
-101
-41
-1
69
176
94
35
128
65
84
261
218
267
287
155
221
131
19
88
26
85
82
-38
43
-50
-142
-106
-290
-225
-191
-283
-35
-173
-250
-73
-240
-116
-98
-265
-3
-17
-132
17
-62
-58
-17
-124
-47
53
76
174
97
35
22
-225
-195
-284
-468
-334
-469
-451
-381
-417
-220
-300
-415
-289
-320
-323
-198
-225
-112
-65
-212
-106
-80
-1
90
5
108
88
111
290
218
203
205
165
289
280
261
327
206
157
239
192
328
306
168
276
174
300
389
283
506
399
318
520
482
553
597
586
722
643
698
922
900
1014
1082
902
938
908
815
873
673
541
447
225
236
54
-104
-133
-385
-415
-323
-372
-294
-308
-340
-241
-297
-167
20
67
278
379
424
580
570
715
845
667
817
772
611
670
218
-161
-611
-1274
-1382
-1567
-1902
-2042
-2375
-2527
-2734
-3072
-2896
-2885
-3016
-2762
-2606
-2375
-1970
-1656
-1230
-988
-930
-530
-144
176
588
881
1134
1097
1008
1117
1011
834
646
229
-25
-65
-194
-283
-517
-787
-976
-1218
-1123
-961
-820
-465
-288
-113
213
449
825
1147
1266
1633
1811
1841
2199
2331
2404
2402
2097
1965
1661
1359
1408
1234
1072
841
316
-95
-519
-875
-1081
-1153
-1064
-982
-952
-818
-540
-274
182
443
342
362
480
966
1538
1711
1907
1876
1498
1459
1548
1659
1852
1664
1480
1359
1220
1309
1184
770
258
-242
-359
-155
56
324
256
-173
-421
-459
-114
244
332
494
484
657
1193
1456
1521
1311
780
684
891
1255
1836
1802
1365
1012
580
583
967
1047
988
741
481
519
238
-538
-2105
-4311
-5833
-6200
-5441
-4098
-3522
-3943
-5169
-6655
-6969
-6274
-5222
-4169
-3901
-3966
-3715
-2944
-1596
-750
-837
-1290
-1706
-1046
722
2485
3597
3334
1896
327
-785
-1007
-940
-1567
-2561
-3642
-4119
-3364
-2322
-1651
-2014
-3392
-4189
-3817
-2212
295
2130
2784
2603
2095
2326
3212
4233
5049
4999
4673
4753
5176
5915
6010
4863
3061
1177
106
109
517
874
522
-499
-1402
-1957
-2043
-1706
-1505
-1312
-764
226
1733
2987
3414
3014
2181
1816
2207
3233
4304
4617
4206
3431
2642
2194
2009
1667
1037
263
-248
-253
-85
-140
-654
-1549
-2384
-2741
-2482
-1687
-969
-724
-651
-523
-41
487
856
1231
1295
1673
2604
3425
3970
3857
3103
2268
1715
1765
2260
2635
2499
1899
1326
1081
948
687
151
-545
-939
-877
-236
527
624
86
-845
-1473
-1135
-114
969
1658
1759
1611
1570
1582
944
-1063
-3994
-6974
-8347
-7132
-4697
-2826
-2812
-4916
-7900
-10012
-10180
-8627
-6559
-5305
-5287
-5648
-5402
-4223
-2884
-2613
-3412
-4392
-4221
-2109
1014
3611
4272
2716
-31
-2457
-3209
-2605
-1864
-1935
-3015
-3795
-3159
-1416
392
762
-721
-2691
-3541
-2143
1085
4335
6047
5647
4105
2877
2705
3717
5184
5635
4870
3978
3837
4665
5340
4772
2726
-67
-2041
-2193
-654
1392
2543
2318
1152
-165
-535
136
1115
1945
2280
2657
3624
5099
6282
6175
4763
2898
1824
2148
3522
4736
4979
4029
2216
554
-500
-738
-631
-839
-1145
-1195
-737
192
890
768
-4
-887
-1084
-332
812
1826
2050
1575
1084
789
894
1163
1471
1768
1854
2066
2357
2396
1972
825
-393
-932
-734
74
692
638
157
-520
-889
-762
-727
-720
-221
374
872
1288
1316
859
82
-580
-822
-417
586
1709
2584
3148
3339
2913
959
-3195
-8469
-12646
-13425
-10263
-5518
-2456
-3031
-6961
-11767
-14775
-14607
-11501
-7720
-5452
-5140
-5714
-5209
-3092
-1115
-1158
-3439
-5956
-5800
-2140
3264
7335
7660
4387
-552
-4525
-5839
-4874
-3356
-3192
-4378
-5168
-4126
-1074
1755
1625
-1524
-5384
-6511
-3437
2188
7664
10444
9951
7570
5284
4761
6113
7964
8605
7494
5811
5231
6197
7233
6276
2851
-1334
-3976
-4064
-1930
956
2716
2732
1245
-554
-1352
-784
817
2211
2838
3301
4410
6328
7984
8010
6330
3999
2346
2345
3500
4838
5428
4542
2496
62
-1641
-2003
-1546
-1076
-1213
-1705
-1691
-958
58
557
90
-621
-840
-298
902
2078
2997
3334
2693
1672
775
412
949
1806
2237
2128
1666
1100
360
-623
-1531
-1864
-1479
-778
-486
-740
-1006
-1220
-1431
-1693
-1987
-1772
-890
444
1767
2143
1591
610
-526
-1160
-1077
-289
847
1547
1806
2012
2484
2645
736
-3939
-10213
-15066
-15463
-11412
-5662
-2105
-3017
-7431
-12547
-15465
-14560
-10452
-5899
-3478
-3806
-5084
-4698
-2355
-32
-232
-3372
-6382
-6307
-2452
3385
7579
8059
4734
-700
-5169
-6865
-5647
-3368
-2576
-3599
-4744
-3894
-833
1935
2009
-728
-4102
-4928
-1975
3258
8495
11560
11503
9241
6313
4734
5590
7557
8741
8061
6256
5223
5442
5840
4929
2197
-968
-3028
-3170
-1576
691
2665
3215
1910
-61
-1120
-426
1509
3135
3659
3725
4399
5977
7496
7679
6202
4069
2587
2511
3791
5377
6038
5073
2574
-440
-2319
-2304
-1211
-285
-423
-1265
-1906
-1876
-1479
-1184
-1019
-826
-219
556
1361
2018
2063
1884
1615
1215
1124
1185
1296
1525
1523
1497
1504
1264
799
-155
-1156
-1447
-1123
-492
-303
-871
-1659
-2257
-2354
-2105
-1889
-1520
-790
119
769
684
116
-423
-940
-1295
-1370
-991
-73
852
1289
867
-150
-1116
-1856
-2113
-1719
-916
-591
-2152
-6173
-11243
-14413
-13740
-9986
-6240
-5377
-7476
-10562
-12376
-11545
-8469
-4959
-3159
-4257
-7053
-8624
-6824
-2494
994
1233
-989
-2605
-1420
2115
5757
7060
5479
2050
-1354
-2786
-2066
-521
26
-1607
-4363
-5612
-3765
82
3053
3238
1594
522
1624
4764
8033
9843
9729
7976
5863
4735
5376
7503
9250
8903
6750
4455
3646
4304
4788
3956
1999
128
-730
-442
861
2555
3616
3303
1701
-125
-706
431
2436
3910
4336
4476
5004
5826
6418
6096
5124
4063
3115
2889
2958
2907
2527
1359
-168
-1603
-2414
-2263
-2021
-2567
-3468
-3924
-3185
-1422
285
1293
1364
1000
608
292
378
737
980
977
770
657
772
908
758
151
-601
-1172
-1507
-1698
-1966
-2480
-2857
-2845
-2273
-1265
-635
-617
-1394
-2310
-2181
-1092
180
706
340
-275
-629
-530
-173
-99
-698
-1741
-2522
-2356
-1257
7
485
-289
-1606
-1996
-740
731
53
-4109
-10505
-15169
-15018
-10287
-4297
-1081
-2341
-7085
-12245
-14442
-12245
-6904
-1999
-1112
-4154
-7460
-7459
-3818
172
1051
-1064
-3205
-2836
304
4585
7910
8710
6331
1649
-2602
-3953
-2433
-616
-1033
-3436
-5241
-4088
-495
3039
4324
3064
1084
159
1233
4099
7740
10801
11674
10060
7395
5741
6463
8610
9931
9266
7059
4960
4122
4035
3674
3015
1994
476
-917
-1573
-401
2174
3998
3775
1635
-353
-582
726
2610
4019
4663
4671
4537
4608
5176
6034
6104
4797
2782
1242
728
1107
1292
406
-1148
-2780
-4091
-4491
-3958
-3027
-2374
-2373
-2378
-1853
-781
425
1111
1246
892
150
-520
-605
-95
351
212
-621
-1450
-1592
-1235
-661
-392
-589
-1159
-2025
-2511
-2211
-1346
-652
-626
-1092
-1480
-1207
-582
-238
-471
-1092
-1618
-1758
-1319
-581
-178
-501
-1493
-2493
-3004
-2836
-1959
-897
-182
-97
-572
-1176
-1683
-1889
-1730
-1130
-308
-433
-2544
-6189
-9344
-10040
-8203
-5570
-4153
-4771
-6820
-9020
-9920
-8632
-5463
-2456
-2100
-4607
-7481
-7805
-4971
-1146
924
700
-246
-227
1078
3104
4986
5763
4798
2355
-105
-1178
-93
1660
1866
482
-1443
-2214
-1109
788
2293
2717
2655
2919
3662
4857
6074
7092
7490
6793
5575
4982
5906
8089
9798
9415
7172
4601
3041
2683
2863
2958
2811
2366
1553
987
1309
2502
3608
3360
1778
38
-405
719
2218
3062
2932
2356
2121
2438
3216
3984
4358
4030
3054
1983
1141
696
281
-431
-1590
-2859
-3338
-2883
-1967
-1375
-1484
-2002
-2263
-1897
-1185
-277
655
1355
1490
731
-578
-1790
-2443
-2506
-2378
-1976
-1298
-687
-346
-493
-897
-1357
-1942
-2475
-2962
-3365
-3360
-2952
-2287
-1457
-718
-418
-604
-1025
-1387
-1442
-1260
-943
-663
-552
-556
-864
-1468
-2002
-2251
-2252
-2144
-2182
-2194
-1998
-1872
-1826
-1913
-2061
-1946
-1517
-897
-335
380
1370
1814
814
-1600
-4209
-5585
-5389
-4454
-3737
-3572
-3830
-4267
-4797
-5149
-4871
-4373
-4518
-5621
-7064
-7282
-5418
-2659
-489
462
797
1420
2305
3300
3850
3974
3793
3137
2345
1800
2167
3197
3908
3615
2716
2178
2390
2916
2940
2597
2286
2409
2886
3010
2856
2996
3543
3876
3502
2841
2767
3495
4318
4529
4367
4433
4527
4329
3856
3478
3702
4110
4022
3362
2733
2830
3171
3016
2283
1257
380
-315
-829
-986
-542
496
1356
1491
1206
911
883
872
434
-509
-1845
-2880
-3160
-2544
-1233
174
1267
1404
487
-817
-1485
-1177
-446
54
-42
-231
-76
334
437
-189
-1310
-2513
-3455
-3980
-3817
-3087
-2310
-2043
-2376
-2668
-2527
-2099
-2080
-2901
-3975
-4504
-4115
-3017
-1608
-330
470
703
561
391
218
-120
-639
-1211
-1557
-1549
-1183
-595
-169
-174
-934
-2133
-2850
-2836
-2375
-1990
-1835
-1764
-1795
-1836
-1809
-1451
-524
552
1051
802
539
835
1610
2556
3143
2957
1938
410
-946
-1569
-1373
-759
-450
-766
-1401
-2043
-2325
-2202
-1984
-2281
-3398
-4581
-5201
-5032
-4355
-3724
-3209
-2633
-1831
-827
112
992
2153
3403
4255
4453
4230
4174
4212
3976
3691
3650
4039
4658
4964
5049
5064
4937
4524
3542
2122
703
-281
-697
-733
-649
-518
-156
529
1451
2260
2388
2049
1850
1726
1780
2227
2800
3411
3731
3334
2632
2300
2640
3016
2710
1859
910
221
-279
-798
-1144
-1283
-1390
-1739
-2357
-2710
-2590
-2092
-1565
-1300
-1238
-1301
-1301
-1151
-764
-138
594
1142
1306
1188
1087
1025
973
933
689
370
24
-96
-63
-359
-1094
-2244
-3386
-4121
-4234
-3976
-3523
-2920
-2625
-2643
-2824
-2810
-2360
-1831
-1478
-1203
-817
-256
411
800
731
474
172
-46
-291
-603
-561
-357
-136
201
311
231
-85
-820
-1832
-2754
-3032
-2522
-1563
-777
-456
-396
-314
-272
-331
-427
-641
-722
-597
-353
250
1349
2607
3491
3660
3374
3358
3813
4115
3541
2168
806
36
-270
-247
-91
-72
-352
-1349
-2600
-3345
-3284
-2727
-2816
-3901
-5256
-5715
-5073
-4085
-3318
-2925
-2622
-2231
-1447
-166
1581
3547
4800
4934
4207
3473
3497
3941
4088
3698
3231
3047
3144
3264
2986
2298
1354
262
-785
-1406
-1303
-680
-35
221
188
333
917
1634
2097
2213
2157
2187
2345
2603
2771
2840
2852
2577
2032
1546
1142
883
636
19
-722
-1296
-1710
-1942
-2022
-1964
-1852
-1911
-2150
-2306
-2159
-1656
-964
-371
-16
42
-73
-301
-419
-334
-282
-135
-46
14
199
430
582
377
-46
-431
-767
-979
-989
-959
-1000
-1078
-950
-700
-564
-432
-538
-987
-1568
-2052
-2234
-2015
-1533
-1110
-892
-846
-749
-664
-784
-959
-1148
-1280
-1188
-814
-265
295
1039
1771
2140
2257
2116
1759
1280
739
382
281
270
199
-79
-506
-722
-855
-928
-944
-1164
-1282
-1032
-492
266
987
1290
1280
1323
1503
1820
2448
3045
3277
3222
3050
3164
3485
3578
3098
2000
934
373
93
-227
-1019
-2201
-3436
-4543
-5033
-4900
-4323
-3696
-3712
-4325
-5105
-5378
-4806
-4012
-3441
-3167
-2703
-1690
-538
582
1504
2164
2462
2122
1409
946
1134
1676
1936
1752
1275
935
992
1186
1304
1250
1217
1106
812
552
419
473
496
233
-379
-651
-86
804
1624
2033
1832
1462
1206
1059
984
1010
1173
1122
781
344
109
358
700
718
362
-219
-677
-931
-1152
-1293
-1323
-1152
-854
-746
-728
-745
-648
-453
-302
-253
-195
164
595
933
1086
1068
1152
1244
1249
1423
1535
1551
1615
1386
1138
868
572
357
-60
-503
-847
-1061
-1146
-1187
-1196
-1189
-1237
-1282
-1306
-1290
-1193
-1033
-895
-849
-637
-276
14
133
109
66
8
-15
55
278
425
498
607
521
365
305
357
482
472
347
172
1
-9
123
418
749
890
856
646
322
90
165
405
633
892
1150
1305
1359
1459
1444
1366
1315
1253
1276
1260
1511
2099
2664
3025
2797
1993
855
-499
-1712
-2765
-3695
-4428
-4977
-5285
-5318
-4970
-4414
-3871
-3743
-4298
-5148
-5901
-6171
-5940
-5523
-4911
-4074
-2919
-1418
51
1413
2466
3013
3101
2751
2256
1814
1748
1882
1911
1844
1813
2025
2268
2398
2159
1496
816
281
-134
-425
-437
-190
68
310
672
1228
1935
2624
2888
2582
2055
1674
1620
1608
1424
1199
983
955
1079
1234
1434
1553
1301
573
-298
-842
-1052
-1141
-1170
-1336
-1351
-880
-122
638
1095
1245
1259
1158
859
414
37
-141
-162
-2
371
912
1553
1974
2053
1824
1411
1080
825
716
577
389
371
267
-1
-266
-614
-999
-1352
-1802
-2267
-2628
-2853
-2809
-2522
-2135
-1856
-1760
-1602
-1284
-859
-420
-145
-175
-332
-438
-423
-173
308
852
1183
1215
1076
1049
1046
920
636
143
-230
-381
-398
-361
-290
-60
197
418
527
531
665
810
869
924
941
1152
1459
1617
1656
1487
1365
1334
1296
1164
916
967
1158
1163
1159
1193
1420
1690
1408
494
-928
-2549
-3805
-4450
-4592
-4481
-4306
-4210
-4249
-4429
-4507
-4331
-4311
-4694
-5243
-5754
-5867
-5146
-3904
-2615
-1486
-612
259
1231
2015
2549
2995
3175
3071
2924
2798
2831
2926
2807
2353
1715
1185
1059
1214
1209
1129
847
231
-288
-593
-734
-464
-9
376
718
897
1208
1686
2109
2339
2246
1997
1801
1786
2017
2428
2734
2784
2766
2678
2433
2205
1847
1201
361
-501
-1227
-1849
-2074
-1984
-1708
-1201
-723
-349
-37
361
693
899
1082
1239
1375
1426
1496
1682
1851
2002
2115
1923
1634
1365
1093
851
528
72
-556
-1149
-1666
-2210
-2899
-3604
-4035
-4378
-4567
-4412
-4051
-3393
-2708
-2318
-2020
-1640
-1067
-507
-196
-39
-47
-36
168
451
705
925
1170
1214
1109
1016
856
896
1052
944
768
526
402
566
531
360
147
7
92
152
224
380
595
701
626
451
269
317
703
1165
1416
1578
1707
1719
1658
1396
1004
662
476
383
368
604
895
1163
1189
838
500
88
-558
-1424
-2582
-3836
-4900
-5476
-5634
-5489
-5206
-5018
-4849
-4704
-4435
-3936
-3327
-2895
-2758
-2718
-2596
-2104
-1286
-343
410
836
1209
1714
2369
3007
3554
3817
3741
3360
2751
2298
1957
1498
945
354
-112
-275
-44
326
509
477
270
6
-131
51
473
903
1347
1780
2125
2442
2837
3128
3191
3107
2866
2452
2081
2002
2023
1927
1698
1353
1033
740
451
172
-251
-724
-1042
-1307
-1581
-1667
-1565
-1413
-1160
-839
-370
377
1176
1731
2055
2221
2223
2062
1567
998
584
234
86
-71
-171
-118
-203
-510
-983
-1572
-2150
-2491
-2837
-3227
-3508
-3636
-3562
-3504
-3386
-3186
-2766
-2257
-1970
-1625
-1296
-821
-219
265
659
810
935
1045
1067
1027
1014
1161
1267
1269
1125
1079
1025
886
825
528
314
191
160
283
285
329
448
666
743
618
611
625
666
724
695
759
897
1104
1284
1406
1497
1394
1186
940
552
317
305
169
129
20
-97
8
10
125
232
179
141
65
-58
-219
-300
-414
-782
-1396
-2256
-3177
-3876
-4180
-4144
-4029
-3872
-3791
-3717
-3567
-3307
-2866
-2374
-1936
-1911
-1946
-1690
-1160
-274
573
1209
1601
2015
2599
3030
3365
3388
3060
2636
2016
1466
1091
715
298
-329
-1004
-1337
-1272
-1052
-877
-844
-1007
-1072
-956
-739
-380
36
487
1057
1592
2048
2670
3248
3621
3786
3688
3515
3350
3137
2805
2406
2005
1454
920
482
9
-368
-734
-1000
-1168
-1408
-1482
-1351
-1132
-835
-594
-358
-77
199
648
1164
1605
1930
2130
2350
2370
2170
1907
1337
605
-207
-1056
-1628
-1967
-2138
-2355
-2522
-2636
-2849
-2925
-3000
-3026
-2874
-2718
-2536
-2252
-1925
-1526
-1164
-855
-417
-87
175
598
1011
1328
1590
1729
1734
1670
1494
1269
1072
874
668
454
310
131
50
36
-52
-129
-419
-661
-766
-795
-702
-564
-337
-192
12
248
476
816
1087
1257
1349
1397
1338
1337
1519
1595
1543
1461
1380
1307
1150
942
676
398
133
-148
-351
-503
-601
-598
-404
-201
-85
60
168
298
288
254
286
136
-301
-1104
-2023
-2930
-3500
-3636
-3665
-3574
-3631
-3674
-3506
-3328
-2993
-2518
-2084
-1817
-1685
-1495
-1114
-591
-39
384
592
800
1156
1579
1971
2084
1999
1792
1242
658
112
-472
-855
-1286
-1738
-1896
-1825
-1509
-1122
-848
-573
-323
-102
288
834
1357
1846
2237
2506
2869
3270
3570
3821
3863
3585
3101
2667
2259
1861
1483
1012
590
155
-229
-491
-595
-709
-1004
-1281
-1547
-1535
-1267
-1021
-704
-249
263
873
1494
1971
2362
2586
2678
2580
2327
2043
1704
1342
880
469
55
-314
-749
-1350
-1797
-2197
-2415
-2466
-2457
-2216
-1912
-1612
-1336
-1025
-656
-460
-290
-15
171
252
354
369
218
227
317
259
228
272
121
-200
-438
-643
-778
-934
-1126
-1278
-1404
-1455
-1521
-1491
-1294
-1018
-574
-137
255
604
734
828
924
965
1022
1077
1084
1096
1220
1255
1206
1292
1354
1311
1206
1094
1030
958
786
602
362
202
254
199
-6
-273
-447
-550
-670
-659
-592
-561
-421
-221
-107
46
272
447
506
445
281
158
3
-328
-864
-1568
-2264
-2724
-2773
-2664
-2508
-2451
-2410
-2254
-2097
-1813
-1568
-1312
-1072
-1135
-1375
-1378
-957
-357
121
382
577
860
1112
1268
1314
1123
770
185
-501
-877
-979
-962
-993
-1159
-1289
-1185
-864
-396
-28
116
313
618
1099
1649
2126
2561
2825
2944
2964
2909
2771
2761
2726
2337
1809
1297
922
582
177
-127
-294
-382
-382
-446
-531
-390
-197
-135
-171
-179
-82
123
434
857
1283
1692
2035
2207
2290
2132
1882
1602
1116
593
180
-101
-450
-744
-927
-1266
-1546
-1780
-2058
-2211
-2275
-2083
-1708
-1312
-792
-265
78
310
443
399
303
181
45
-87
-230
-436
-595
-618
-484
-383
-461
-414
-477
-682
-874
-1018
-1032
-1093
-1106
-912
-624
-475
-277
11
279
554
664
680
763
894
892
823
749
670
685
686
636
535
484
513
506
482
385
269
206
142
82
108
219
314
418
279
-101
-360
-482
-623
-816
-885
-843
-752
-473
-174
4
211
409
513
508
539
627
721
766
688
646
528
368
85
-653
-1434
-2126
-2658
-2695
-2536
-2325
-2137
-2050
-1979
-1897
-1689
-1326
-977
-835
-888
-944
-866
-605
-278
25
250
307
347
500
605
595
608
554
311
-31
-303
-461
-517
-585
-676
-678
-624
-386
39
514
867
1211
1539
1734
2005
2161
2246
2381
2382
2307
2222
2158
2058
1967
1768
1302
756
313
-30
-322
-405
-426
-357
-142
-133
-56
127
253
262
169
215
248
396
637
873
1141
1350
1342
1234
1207
926
570
329
-35
-324
-588
-800
-875
-980
-1007
-1018
-1116
-1206
-1257
-1155
-931
-791
-582
-284
19
314
436
511
451
143
-219
-619
-915
-1147
-1294
-1400
-1552
-1512
-1331
-1118
-885
-724
-622
-634
-674
-514
-371
-250
-83
30
212
268
231
379
547
656
671
678
739
720
698
649
521
344
245
153
83
85
71
131
94
64
153
265
490
671
782
886
928
877
711
537
249
-104
-323
-565
-718
-683
-543
-270
2
168
245
359
475
504
508
430
456
627
678
768
804
743
736
618
293
-145
-679
-1358
-2030
-2500
-2569
-2383
-2209
-2102
-2133
-2090
-1815
-1582
-1263
-870
-742
-686
-674
-681
-651
-488
-286
-228
-111
-20
131
329
420
377
113
-245
-625
-1095
-1506
-1768
-1935
-1882
-1695
-1268
-686
-139
437
864
1265
1618
1904
2136
2192
2217
2202
2263
2394
2363
2233
2041
1832
1512
1083
742
495
324
127
-55
-83
-60
61
153
199
261
243
333
500
704
910
1132
1369
1550
1690
1723
1690
1537
1299
1006
671
448
253
72
-71
-140
-307
-588
-778
-979
-1083
-1099
-1021
-960
-955
-785
-674
-552
-318
-30
193
115
-15
-173
-472
-707
-834
-862
-951
-1095
-1071
-968
-882
-814
-753
-748
-835
-976
-1051
-1063
-1061
-871
-707
-561
-353
-223
-132
-41
121
293
492
634
673
667
574
474
356
202
151
72
-84
-146
-115
-45
-44
66
203
319
428
355
373
343
255
286
202
87
93
45
-51
-120
-81
107
233
441
660
863
1073
1043
917
582
238
179
137
150
271
368
355
301
316
286
261
171
-186
-692
-1243
-1669
-1789
-1607
-1417
-1267
-1054
-1011
-988
-849
-638
-416
-291
-320
-478
-699
-847
-877
-784
-779
-971
-964
-941
-896
-763
-677
-636
-741
-873
-1048
-1178
-1189
-1166
-991
-670
-342
107
509
858
1247
1402
1609
1846
1889
1981
1985
1919
1972
1996
1903
1725
1534
1205
911
717
482
397
320
291
282
228
295
354
411
456
454
493
599
775
983
1081
1158
1341
1399
1280
1116
906
734
623
551
466
407
379
263
186
51
-195
-421
-663
-831
-944
-998
-882
-785
-755
-561
-460
-486
-379
-319
-245
-209
-289
-347
-482
-727
-832
-761
-735
-737
-764
-817
-756
-743
-823
-767
-747
-892
-989
-1063
-1153
-1153
-1020
-770
-461
-210
-52
-17
-69
49
165
170
286
274
283
371
415
497
370
305
317
148
63
59
149
278
281
203
38
-67
-41
-14
44
92
55
-6
-35
-24
-21
85
238
271
321
307
325
453
508
534
558
599
602
559
497
378
335
384
323
311
288
140
107
75
58
121
124
24
-141
-377
-557
-511
-422
-350
-400
-591
-767
-1008
-1008
-850
-857
-838
-816
-879
-992
-1117
-1115
-1166
-1376
-1404
-1345
-1252
-997
-711
-446
-225
-122
-102
-47
-100
-191
-155
-156
-152
-95
12
110
158
248
407
576
595
646
773
841
953
1077
1143
1139
1204
1288
1270
1346
1383
1377
1403
1416
1400
1368
1311
1192
1063
915
803
639
523
412
236
135
64
109
119
82
87
107
172
270
471
647
699
642
504
374
161
-19
29
12
-60
-50
-47
-1
41
29
-36
-222
-492
-744
-837
-882
-899
-780
-723
-622
-554
-569
-529
-499
-399
-457
-512
-403
-388
-470
-551
-633
-763
-885
-1036
-1176
-1265
-1331
-1276
-1076
-861
-637
-416
-256
-164
-84
-100
-174
-162
-169
-93
-8
80
217
315
445
490
529
553
502
440
335
238
191
113
-84
-213
-222
-200
-176
-164
-53
102
312
526
608
645
642
628
566
476
488
604
721
780
717
567
493
403
199
-14
-100
-155
-218
-252
-213
-22
167
399
658
807
835
644
349
40
-265
-376
-257
-154
-160
-228
-279
-333
-488
-613
-686
-822
-1056
-1317
-1662
-1873
-1836
-1816
-1669
-1503
-1443
-1211
-972
-769
-494
-293
-127
-136
-276
-384
-480
-522
-577
-562
-447
-340
-194
8
198
441
614
699
721
723
884
920
856
757
681
749
841
955
1010
1012
1020
1101
1158
1145
1184
1184
1134
1101
984
863
782
691
694
692
655
711
780
760
697
651
628
579
532
552
496
443
398
349
327
191
191
150
-21
-92
-275
-402
-376
-337
-304
-341
-351
-395
-401
-447
-484
-382
-389
-378
-455
-612
-689
-734
-744
-763
-759
-784
-806
-855
-839
-790
-844
-891
-975
-1033
-1031
-1071
-1068
-992
-839
-708
-522
-242
-140
-25
107
129
206
188
121
124
74
83
131
93
111
86
122
176
92
83
72
121
112
82
169
135
141
206
235
347
455
502
563
596
569
561
523
515
485
402
423
396
401
447
385
314
167
87
87
82
158
158
136
84
63
140
252
315
161
176
207
47
-12
-135
-256
-211
-212
-240
-301
-447
-579
-770
-825
-689
-694
-753
-763
-944
-1087
-1010
-952
-887
-870
-922
-857
-821
-702
-510
-344
-160
-162
-292
-451
-456
-392
-458
-390
-313
-243
-84
-51
-46
22
80
147
217
210
295
465
536
596
677
723
776
786
856
1025
1070
1094
1262
1407
1370
1373
1377
1207
1040
819
590
496
456
498
575
651
700
682
603
463
423
413
355
291
253
343
394
442
482
468
555
517
369
201
70
61
-26
-37
-29
-253
-472
-550
-610
-688
-738
-777
-831
-881
-920
-878
-771
-649
-529
-467
-447
-489
-546
-609
-669
-660
-720
-740
-713
-869
-939
-876
-853
-703
-574
-505
-438
-461
-422
-475
-472
-414
-415
-299
-256
-145
24
159
316
371
405
326
255
297
256
247
248
236
260
302
251
205
252
134
62
120
127
179
271
348
397
418
387
362
347
291
367
446
535
613
607
567
495
530
475
362
319
193
68
73
62
108
156
131
125
54
-100
-266
-325
-324
-222
-102
-34
102
88
-89
-106
-133
-231
-364
-623
-801
-943
-1037
-1026
-1046
-1062
-1124
-1198
-1192
-1122
-986
-879
-802
-632
-419
-369
-399
-309
-367
-311
-121
-148
-102
-33
138
386
445
518
569
504
436
350
281
344
443
419
366
409
533
634
679
730
756
799
865
904
967
1030
996
1003
992
779
716
696
623
594
561
592
549
532
534
464
355
210
133
137
137
77
139
259
300
373
293
214
150
-1
-38
-129
-162
-110
-187
-223
-296
-397
-398
-472
-463
-425
-491
-554
-616
-570
-535
-570
-518
-477
-474
-440
-438
-363
-335
-371
-378
-503
-558
-604
-723
-762
-713
-680
-662
-497
-374
-298
-154
-13
41
-30
-126
-128
-117
-129
26
122
179
276
282
361
342
284
304
273
215
200
220
224
267
296
315
284
233
183
58
58
106
179
205
140
180
168
167
197
229
348
410
398
377
351
319
293
224
42
-15
-80
-262
-205
-165
-204
-194
-238
-231
-257
-320
-340
-374
-387
-343
-330
-329
-238
-161
-196
-256
-414
-564
-553
-634
-673
-596
-579
-570
-456
-314
-279
-223
-197
-221
-274
-347
-274
-181
-97
-14
6
50
113
224
301
330
425
547
590
545
561
559
514
573
560
570
686
659
600
570
541
581
551
470
392
266
210
185
211
297
384
393
360
340
270
209
113
64
50
122
181
102
110
66
22
71
-18
-114
-151
-229
-250
-274
-229
-139
-82
-29
-79
-20
34
-19
-4
-98
-133
-87
-76
-29
-102
-91
-155
-319
-289
-375
-490
-372
-237
-200
-203
-241
-223
-250
-286
-299
-309
-303
-322
-275
-298
-227
-94
-122
-106
-71
-76
-134
-136
6
53
-8
37
79
58
0
-66
-38
-18
35
126
147
233
297
350
446
385
371
391
287
189
196
290
286
259
327
317
257
204
96
97
47
-72
-94
-123
-86
-96
-121
-60
-18
-18
-84
-113
-96
-146
-80
30
-27
-19
2
-23
-129
-236
-202
-304
-377
-358
-413
-473
-548
-524
-525
-556
-518
-486
-423
-435
-501
-520
-491
-536
-573
-508
-475
-375
-222
-103
-24
83
185
295
352
244
247
258
196
140
22
7
101
202
260
284
300
297
321
341
354
449
522
518
611
781
823
812
848
819
777
675
612
665
608
533
500
459
423
306
243
202
62
8
-30
-57
-41
-17
-13
-79
-150
-233
-189
-194
-267
-154
-109
-141
-104
-72
-6
-1
-84
-103
-94
-104
-219
-264
-281
-328
-225
-251
-225
-135
-117
-79
-184
-206
-132
-110
-194
-238
-171
-226
-249
-231
-259
-213
-187
-225
-221
-162
-102
-152
-214
-162
-144
-240
-306
-197
-136
-111
-70
-52
24
-50
-114
-141
-183
-100
-36
33
95
98
131
153
109
48
0
23
41
56
163
212
215
264
336
365
366
350
263
155
112
128
115
89
47
34
-66
-171
-110
-195
-225
-214
-233
-197
-219
-112
-63
-74
-40
-88
-115
-160
-277
-318
-301
-299
-256
-195
-172
-241
-207
-132
-194
-157
-129
-163
-212
-203
-189
-265
-269
-323
-373
-437
-448
-368
-337
-223
-190
-192
-124
-85
-29
54
55
28
97
155
130
66
63
98
139
202
177
138
168
239
359
419
467
460
413
380
309
308
278
225
243
268
338
387
428
522
613
619
619
558
397
331
352
300
218
234
254
241
152
86
88
74
93
106
57
14
45
-47
-101
-79
-76
-26
-130
-111
-52
-196
-140
-104
-187
-200
-259
-304
-335
-253
-215
-208
-112
-81
-64
-46
0
-8
-71
-62
-65
-112
-128
-91
1
11
1
-1
-27
-13
-111
-166
-169
-207
-181
-320
-344
-240
-196
-112
-70
9
16
46
62
70
131
109
57
-4
6
-55
-142
-95
-112
-78
16
7
81
102
74
91
30
51
20
-60
-31
-36
-39
-23
-121
-142
-54
-145
-115
-5
-55
5
39
-4
5
-24
-95
-95
-91
-174
-165
-97
-169
-227
-245
-225
-149
-221
-276
-252
-318
-332
-319
-307
-219
-247
-255
-193
-210
-159
-178
-259
-230
-164
-133
-92
-78
-49
65
81
59
3
-58
-34
3
21
-4
28
121
153
167
258
203
119
235
238
222
238
184
267
328
278
299
271
267
291
269
340
320
284
365
363
284
249
280
247
211
200
217
244
190
206
234
211
138
123
162
137
100
42
50
70
19
43
55
19
80
55
-42
-31
-63
-69
-52
-35
58
-31
-131
-98
-98
-161
-183
-157
-158
-194
-267
-171
-166
-185
-103
-197
-114
-55
-70
28
21
17
86
84
3
15
-52
-163
-119
-160
-125
-71
-42
45
15
56
72
132
192
19
-34
31
23
4
-33
-21
-6
5
46
3
7
36
-46
-63
-28
-70
-65
-94
-99
12
14
-14
-37
-52
-54
-125
-113
-89
-115
-100
-127
-168
-109
-71
-91
-61
-66
-66
2
-38
-120
-107
-100
-134
-92
-86
-114
26
40
4
-13
-101
-34
-77
-128
-137
-206
-184
-231
-258
-278
-281
-255
-262
-211
-206
-190
-187
-175
-120
-77
-16
-5
0
66
115
31
40
109
119
145
127
181
212
190
196
182
197
126
94
141
86
41
53
60
70
144
188
216
234
262
336
298
231
267
306
214
156
167
131
165
160
146
128
109
80
-9
-26
-13
-36
-93
-11
49
-7
29
40
51
74
58
34
-21
-37
-69
-105
-50
-39
-41
53
99
102
24
-99
-97
-70
-124
-178
-200
-192
-107
-93
-69
20
-21
-87
-87
-87
-55
-38
-78
-64
25
44
56
77
38
51
115
117
23
22
11
-60
43
110
92
93
39
65
67
31
-5
-36
45
52
7
30
123
150
77
70
59
50
41
-102
-74
8
-78
-98
-108
-81
-89
-87
-26
-13
-92
-125
-127
-184
-195
-261
-237
-219
-215
-159
-171
-145
-163
-150
-107
-114
-128
-137
-142
-140
-70
-119
-149
-89
-154
-182
-193
-221
-195
-198
-196
-132
-119
-76
13
24
-11
25
-19
-139
-47
-140
-194
-59
-38
34
22
61
184
185
138
117
145
145
174
228
236
270
254
298
319
247
256
174
101
126
101
139
93
79
157
188
274
218
202
189
183
213
155
226
151
89
165
156
171
140
104
192
193
99
131
22
-14
35
-33
77
41
16
109
32
50
93
29
16
33
-1
-78
-112
-34
-19
-37
0
-41
-39
34
8
-52
-77
-47
-32
-51
-28
-26
0
58
-2
-51
-71
-154
-183
-188
-176
-152
-116
-73
-30
-37
-86
-71
-86
-81
-43
-52
-16
11
16
95
180
53
-59
55
64
15
-5
3
84
81
102
110
6
39
68
16
6
-89
-174
-139
-82
-69
-55
-56
18
64
-8
-35
-41
12
26
-79
-125
-50
1
-25
-49
-40
-3
-5
-65
-135
-133
-111
-70
-68
-165
-124
-76
-141
-151
-125
-19
-6
-100
-81
-117
-194
-156
-120
-97
-37
62
90
105
138
27
0
78
101
51
-68
5
86
82
111
1
33
42
5
46
-49
-76
-54
31
59
-7
31
62
115
129
112
63
-16
-41
19
62
21
59
127
142
109
53
9
7
26
53
60
30
58
118
102
67
71
63
36
22
53
54
-27
21
110
103
51
-12
34
27
3
-56
-77
-17
-46
-3
-6
-19
-17
-11
-12
-67
-51
-44
-35
-64
-103
-64
-75
-88
-87
-95
-55
12
18
-5
22
-11
18
76
56
61
10
-13
6
-3
-7
18
32
48
117
158
132
98
69
83
36
27
81
77
67
31
30
18
32
46
21
-4
-26
8
1
-38
-95
-118
-74
-46
-46
-98
-117
-83
-109
-110
-89
-101
-101
-129
-94
-116
-119
-55
-56
-2
-41
-77
-75
-77
-94
-174
-181
-167
-156
-140
-134
-120
-126
-128
-119
-52
-20
-113
-95
-57
-47
1
-23
-29
-4
47
96
57
27
38
46
-12
-13
14
69
182
152
126
133
70
106
98
35
75
109
154
153
100
137
191
126
111
202
166
75
53
44
90
99
70
48
56
105
84
100
43
-17
19
14
41
3
-1
48
7
32
-7
-54
-40
-102
-77
22
28
-68
-35
-27
-50
-21
-42
-52
-129
-72
-11
-131
-105
-52
-39
-29
-55
21
-14
-95
-73
-60
-9
-20
-121
-104
-26
-73
-134
-126
-53
-11
-35
-50
-48
5
-4
-27
-41
-65
-24
-18
5
-24
-27
-14
-43
32
79
60
13
1
33
79
43
-28
-23
21
71
57
23
0
-11
4
38
46
-22
-58
-37
-12
-36
-40
-29
-95
-35
41
37
22
12
37
1
-8
-9
-23
-26
-46
-14
52
109
118
80
39
20
-6
-34
-87
-172
-157
-114
-44
-14
-23
36
32
-12
-43
-63
-87
-109
-140
-77
3
12
-2
2
135
108
57
79
23
61
-59
-132
3
-7
-40
14
31
14
9
-32
-5
8
-55
-2
80
117
116
128
223
200
120
143
173
179
94
73
134
101
74
90
83
61
83
127
130
73
32
4
-69
-40
11
-66
-21
44
-31
-14
-2
16
11
-76
-3
48
-17
17
30
31
40
50
137
73
-28
-14
-24
-31
-31
-42
-34
-16
-45
33
51
-54
-22
30
26
9
-62
-104
-20
12
-2
14
20
46
56
-17
-35
-25
-93
-65
-29
-34
-37
-65
-45
-36
-29
-62
-97
-84
-82
-60
-102
-102
-32
-42
-65
-25
-40
-13
9
-75
-26
-23
-138
-106
-78
-68
11
-23
-24
-9
0
55
-24
-51
-13
-5
47
19
-22
3
2
-30
-28
21
29
-65
-62
18
39
37
-4
31
42
21
4
-59
-14
-32
-53
0
-23
2
27
32
34
-3
26
44
-4
-5
11
-12
-31
-16
62
47
-17
11
6
-19
15
-30
-71
-25
-50
58
78
-41
-21
7
61
-8
-56
-1
-29
39
0
-60
10
-14
-15
-10
-28
-7
3
-7
-5
-10
-55
-9
-8
-22
85
47
15
69
90
35
-15
24
-26
26
34
-1
60
21
43
60
79
98
47
44
3
23
66
-9
-53
43
106
33
30
1
-21
34
9
23
50
30
67
107
38
53
91
70
51
-46
-4
11
-40
31
20
-9
41
9
-37
-27
-52
-91
-88
-63
-32
4
-38
-10
-14
5
69
-34
-40
-60
-52
-8
-58
-27
-44
-100
-62
-88
-114
-92
-76
-36
-84
-67
-28
-59
-63
-54
-67
-51
-35
-82
-18
-23
-37
32
51
49
34
47
-8
-10
31
-28
3
51
12
22
2
20
48
10
20
10
-12
-9
18
13
13
71
53
14
13
18
39
29
-46
-8
43
49
81
20
1
55
92
74
29
44
65
14
-9
57
16
-36
8
-25
-46
38
88
25
7
-16
-38
5
-41
-79
-58
-2
47
19
-19
-12
22
-4
-34
-37
-55
-22
-19
-64
-43
-3
37
50
-11
22
59
-40
-63
-41
-29
-27
-26
8
11
54
70
35
20
22
53
62
28
27
91
88
60
57
-14
72
98
-47
36
64
76
146
56
45
101
63
41
-21
-89
0
-21
-51
23
-15
-29
78
69
10
33
-7
2
11
-8
-19
-104
-51
17
-3
54
15
-40
2
3
25
-3
-118
-60
10
-17
41
40
-27
30
75
16
40
21
-50
-41
0
4
11
-27
-49
44
46
47
9
-27
-17
-27
22
-25
-74
-7
85
102
45
-14
15
40
-24
-38
-64
-88
-8
24
-16
20
22
16
37
-5
-19
-59
-92
-95
-52
-34
-26
11
-8
13
43
-15
-11
57
-9
-52
6
-20
-82
-77
-82
-52
-28
-53
-2
10
-34
-13
-19
18
44
-25
-41
-42
-39
-89
-70
-94
-138
-14
36
21
-27
13
103
59
37
41
21
22
85
69
40
76
-22
-21
76
4
-14
54
-4
49
64
12
78
-50
-15
89
41
68
-10
-15
40
17
56
46
38
66
81
144
89
59
37
44
79
-17
-38
-23
45
19
-33
33
27
29
-5
-33
-3
18
-34
-12
70
-4
3
41
60
129
72
-63
-24
12
-44
-74
-152
-70
28
-19
15
7
-3
20
-30
-31
-50
-77
-92
-37
20
5
-4
-25
41
52
-10
-46
-10
7
-23
-1
-15
-38
39
79
-9
-3
70
29
-49
-14
41
20
14
9
35
84
15
-9
-3
-14
53
-10
-73
12
16
22
39
4
71
91
3
38
22
-41
2
-48
-54
-13
1
22
-32
-22
2
12
-24
-74
-8
-35
-80
-6
-49
-106
-13
36
33
32
29
56
13
-37
-5
-47
-101
-14
19
-50
-77
-46
-60
-28
1
-97
-59
30
-17
-24
-64
-87
-6
-38
-43
-12
-78
-30
14
-7
24
-36
-21
91
13
-25
4
-33
-43
-16
-10
-50
-8
17
4
37
10
-43
28
83
31
-21
39
137
90
7
-13
7
40
33
-52
-90
-43
-12
0
-8
37
55
42
66
58
34
-33
-49
-24
-41
-38
-15
11
-3
-14
7
-11
-9
0
-56
-52
-43
-87
-75
-46
-80
-48
0
-50
0
40
12
-49
-69
-12
-15
6
2
-7
14
-30
-5
21
-26
-20
-79
-81
-4
-33
-81
-53
-19
-49
30
64
15
50
6
-22
42
28
-19
15
-16
-11
61
48
49
12
4
-3
24
38
-48
-5
11
31
45
44
83
25
58
24
8
59
1
-28
37
83
-28
13
53
-11
33
0
-48
-31
-3
2
0
-35
-15
83
22
49
66
-54
76
75
-34
26
24
13
-9
26
35
-42
17
-1
-72
-21
-36
-36
16
20
-10
15
28
42
15
-52
21
39
5
12
12
10
-2
-30
-28
29
-19
-76
-61
-31
21
-12
-26
-40
-41
51
43
16
32
1
28
55
14
-24
-47
10
36
10
29
6
-1
-8
-51
-21
4
-7
-8
-28
-5
9
1
46
24
28
65
12
11
37
-31
-80
-50
-9
-5
-14
16
12
20
-3
-18
-19
-100
-79
-63
-47
11
0
32
16
5
61
3
-19
-24
-14
-40
-80
-42
-59
-46
22
27
-4
27
3
-48
-66
-58
-28
-71
-30
51
22
52
18
-59
11
33
-37
-95
-85
-18
-66
-74
49
22
-28
39
113
57
-26
13
-21
-28
44
7
1
34
15
81
83
-2
28
11
-44
-34
-31
-49
-51
-24
9
0
19
124
81
-14
17
40
19
-31
-62
-29
-3
20
74
20
4
38
-59
-25
37
-11
-28
-85
-14
0
-18
52
-36
-38
25
26
15
-51
-63
-27
24
51
56
63
96
2
-51
34
-2
-8
-77
-55
-2
13
59
16
48
26
8
50
72
-2
-37
-22
-66
12
38
-38
-78
4
52
0
22
12
10
7
-22
3
31
-23
-46
-2
24
-51
-77
63
14
3
21
-58
11
0
-34
0
-89
-59
91
35
-30
-46
7
36
-48
-45
-13
-3
-48
-90
-7
41
-28
8
48
-8
-26
-30
-26
-37
-56
-52
-36
-11
-2
6
-6
-3
28
-12
7
19
-92
-76
-9
-24
-25
-4
-29
-22
-1
-6
-4
1
38
50
-10
-24
19
-11
20
80
20
-4
39
40
-23
-70
-50
-12
5
-2
2
15
-6
24
53
29
48
35
11
25
73
25
-63
10
56
10
-44
-62
7
39
3
-47
-39
-29
19
77
-11
37
73
-22
-2
-36
-29
40
-3
0
75
70
3
-67
-101
-28
-18
-25
-8
-33
-12
1
47
30
25
44
24
29
-40
-58
-54
-42
-7
9
49
25
10
11
-11
-77
-86
-93
-91
-10
-24
-5
53
79
83
80
77
45
8
9
-6
10
-33
-99
-6
31
24
14
19
-21
-41
-47
-98
-19
13
-8
45
124
104
48
74
49
-1
6
17
15
-64
-94
-69
-32
51
24
3
-19
17
73
-57
-66
-97
-119
24
47
27
18
64
66
25
42
-19
-64
-66
-72
-62
-65
-99
-66
-6
0
-10
31
79
24
-12
-79
9
63
-57
8
45
16
2
-12
5
-52
-95
-42
-22
-11
-29
-32
-11
0
40
30
-23
-3
72
79
25
-7
40
29
9
12
-12
18
13
1
-2
9
9
-34
-1
28
34
26
2
0
7
66
78
12
6
50
35
-39
-61
-35
-23
-47
-46
0
-12
11
1
7
42
30
68
-2
-29
-11
-18
48
-12
-20
79
55
17
39
36
-50
-85
-77
-65
-58
-63
-22
23
37
55
52
26
2
-2
40
16
-24
9
-20
-35
33
29
73
75
-3
25
-17
-96
-83
-56
-26
-13
-15
67
113
14
3
67
58
31
-6
-24
2
-46
-88
-27
-9
41
29
23
79
32
64
22
-44
-39
-42
2
-27
35
74
34
69
25
-22
26
43
-57
-17
37
-33
-14
-20
-67
-22
20
-40
12
38
-40
-2
-5
7
58
34
36
-31
-58
-14
-31
-20
-41
-3
31
-5
29
37
-15
-35
12
70
-2
-87
-21
0
-5
11
-39
16
59
-4
-19
40
-13
-76
31
-1
-60
-42
-77
-22
47
31
14
-14
9
130
28
-48
61
-51
-19
57
-42
-24
25
27
-7
-3
12
-29
-25
-43
-73
13
28
-25
-5
-20
-65
-8
28
13
-4
-22
22
43
34
30
-21
0
46
8
37
33
-47
-54
-37
-2
-4
-62
-61
-21
-34
-39
17
-35
-57
34
14
22
41
23
72
-5
-10
45
-12
-30
-35
-27
-31
19
20
52
79
0
43
9
12
45
-99
-96
-16
-22
-27
-12
65
58
34
83
22
-17
-16
-19
-31
-51
-17
-26
-15
3
5
3
44
97
55
10
-53
-63
-43
-57
-11
3
-35
-7
46
55
33
-26
-20
20
-19
-27
-68
-109
-29
0
17
60
51
28
54
26
-51
-17
-34
-33
0
-40
27
12
0
60
44
5
-40
-5
23
3
-7
13
-37
-22
52
24
3
-21
-2
35
15
-8
-11
-62
-20
44
-34
5
54
4
-29
-8
71
19
-30
-24
-18
35
-30
41
91
-47
7
67
6
-23
-33
-9
16
-13
-1
-21
-54
12
-21
-51
28
13
-27
-15
-19
-52
-14
34
17
48
46
-1
-7
-2
-31
-50
-20
-10
-10
-9
-9
-3
17
-22
-18
67
-3
-63
-33
-94
-55
-23
-68
-6
14
77
92
23
40
4
21
-14
-83
0
-12
-34
36
17
0
33
25
22
34
4
-3
-10
-65
-52
-33
-43
11
53
53
43
35
27
-16
-6
11
-36
-32
-25
-47
-17
16
27
14
43
85
50
-9
-58
-79
-49
18
17
-10
-28
41
73
2
-3
-43
-54
-77
-32
-6
-80
12
50
73
86
-6
36
9
-35
-10
-40
-27
-74
0
22
-15
76
40
64
-16
-38
60
-88
-67
-48
-19
88
-17
34
69
14
54
73
29
-48
-103
-92
22
-3
-65
20
42
25
24
29
39
4
1
-39
-29
38
-18
-27
28
67
73
108
18
-105
-16
-49
-68
0
-39
1
-20
-38
69
65
43
35
-2
-10
19
-24
-50
-20
5
60
56
12
8
-6
13
66
-22
-47
-80
-87
-17
-45
2
41
62
51
12
3
-26
-37
2
16
-5
12
-15
-44
-37
5
63
0
-20
-17
-83
-39
-31
-8
74
52
27
59
51
1
28
16
15
21
-29
12
-21
-60
-44
-33
1
21
31
-35
-64
-7
76
57
-10
-11
-4
64
77
53
36
-23
-1
6
-18
-33
-37
-66
-46
25
-19
-64
-56
23
50
17
17
6
-29
-17
30
0
47
87
17
-1
-15
-30
-24
-44
-5
-7
-63
-14
-1
-36
-33
17
50
31
28
31
-25
-20
74
21
14
6
-30
73
0
-83
-26
-10
-23
-59
-57
13
-5
-40
36
29
-3
43
40
62
48
12
32
15
-48
-50
51
17
-17
17
11
-8
-44
-30
-15
-6
21
16
-11
5
-12
-29
51
91
66
26
51
65
0
-66
-75
-19
-9
-76
-100
21
55
-13
51
36
2
41
18
43
-2
-19
55
10
-3
13
-42
-47
9
4
-47
-30
-19
-106
-76
-31
-14
92
43
-12
6
13
85
57
9
12
37
88
62
-36
-113
-72
-44
-24
-15
-26
-2
-26
-14
-12
-9
44
23
5
4
61
45
-39
16
24
-17
15
15
16
15
-30
-42
-18
-4
24
4
-59
13
26
-35
52
32
-11
31
19
52
-11
-108
-4
0
-69
-6
-5
-9
25
55
59
-53
-60
24
7
-3
-43
-30
36
63
33
12
11
-34
-3
32
-11
-65
-50
0
-25
-12
2
-11
-2
14
28
-46
-26
-12
-7
50
-3
49
58
-30
-11
1
-42
-92
-55
25
4
5
21
-4
26
-7
-29
-28
-52
-38
-8
-11
17
59
7
91
98
-14
15
5
-29
-41
-75
-51
2
15
-18
-26
34
13
-10
-16
-29
-5
6
20
31
38
17
41
51
47
-6
-52
0
-12
-26
-44
-10
28
-50
-51
30
16
-19
16
16
1
22
24
-53
-17
33
-18
-6
-26
16
21
-11
32
-4
-24
12
-1
-12
-12
-28
0
60
84
0
7
-4
-71
-18
-8
20
-14
-78
0
16
6
9
-9
-17
-13
34
18
-16
3
6
4
23
29
47
46
-34
-78
-15
1
-23
20
-33
-81
23
101
44
-50
-46
22
50
-1
7
41
-13
-10
-25
-38
-9
-9
10
34
14
12
92
57
18
29
-21
-25
-39
2
-15
-84
-4
43
29
17
3
-36
-77
-16
4
-84
-47
-1
42
68
36
105
102
15
11
39
-38
-111
-37
25
-1
-53
-12
42
-40
-66
-4
-7
-61
-96
-28
33
55
86
70
6
13
103
11
-65
12
-27
-16
20
-19
-46
-53
5
-17
-40
37
-13
-53
19
44
4
17
43
25
1
-21
18
54
65
6
-25
-34
-44
0
-60
-75
-29
-34
-2
13
-60
-31
94
85
68
73
29
-22
-21
56
22
-2
39
15
5
-28
-89
-66
-58
-71
-87
-58
90
53
0
27
6
92
78
2
18
-28
-27
70
42
-55
-99
-59
12
22
-41
-48
-7
-59
-19
18
-25
8
57
91
72
46
78
19
-9
0
-56
-13
0
-47
-57
-30
-28
-100
-31
-5
-45
74
7
-57
27
4
46
38
4
142
154
62
75
18
-29
-22
-48
-57
-129
-91
-13
-35
-19
-26
47
69
-5
-11
-7
20
-27
-12
36
17
37
32
51
53
26
29
-13
-70
-65
-60
-9
13
16
38
2
28
22
-39
-8
10
-21
15
30
-4
8
41
53
38
-21
-81
-31
-29
-91
-67
-13
13
-11
-18
37
59
31
46
80
17
9
48
-22
-31
65
36
-38
-33
-67
-27
-19
-71
31
60
-66
-67
-18
-78
-15
51
23
67
17
-21
24
18
39
55
57
36
-10
-6
-46
-31
10
-57
14
51
-7
-43
-99
-38
72
98
58
33
30
52
7
-6
14
-2
-57
-99
0
-43
-106
-37
-10
-8
-4
40
46
58
-9
5
111
17
-17
-68
-66
45
16
-17
-40
-2
40
20
8
-41
21
1
-47
32
-26
-54
-46
-39
19
51
35
-10
2
10
32
0
-62
-33
23
93
61
31
0
-15
62
-2
-102
-20
48
31
66
8
-53
-20
21
19
-20
3
-68
-50
-48
-71
26
-23
-34
9
67
84
6
-54
-62
-19
-17
50
47
13
34
1
30
14
-2
7
-17
5
3
14
24
8
-9
-38
19
42
30
-31
-92
16
-13
-43
39
3
16
31
18
15
9
18
7
34
31
-19
-43
-53
-17
12
-26
-7
64
50
-3
17
-8
-52
-15
-22
-26
25
17
-53
-50
3
-12
-17
10
-8
-14
-25
-7
16
-2
48
39
23
73
85
24
3
19
-3
16
-27
13
-21
-75
47
-59
-27
54
-28
-27
-24
28
63
72
65
-6
-10
36
6
-16
-17
-50
-39
9
6
-35
-69
-90
-17
50
43
0
-22
31
56
43
60
5
-62
0
-22
-32
-1
-39
-12
-8
21
45
4
28
-13
14
10
-60
-26
-46
-10
6
-40
16
112
48
24
59
18
52
23
-22
27
63
-10
-52
-15
-22
-2
-50
-133
-98
7
-5
-8
58
4
-5
69
80
11
2
33
-6
-46
-51
-34
-24
-79
-55
13
-22
14
54
29
-25
-54
53
59
12
18
-6
63
64
-10
19
-6
-22
-5
-37
-19
-42
-72
-40
14
63
-12
-22
86
26
-9
47
12
-49
-23
46
31
46
24
-10
86
43
-37
-61
-111
-67
-53
-71
-3
23
5
1
-29
5
37
9
1
-42
20
64
-68
-26
34
10
0
-27
28
-17
-14
0
-39
-3
12
39
50
79
-6
0
21
-33
21
-37
-12
-16
-18
41
-20
-1
-4
-5
17
14
27
20
8
6
39
-12
-39
-9
-31
-62
-109
-37
67
51
65
37
9
37
15
-17
-24
7
9
-18
-39
-24
-54
-85
-41
18
42
-14
-18
-11
-19
-14
7
82
51
35
67
45
11
-24
1
-50
-40
53
-9
-10
42
-8
25
38
-35
-71
-4
15
-26
29
-31
-15
55
-14
-19
17
28
34
48
41
-19
-34
1
-65
-13
19
-113
-23
30
-35
34
54
24
-11
-29
-23
-7
1
16
47
29
45
1
-44
4
-18
-41
-11
-37
-9
4
-74
-30
17
53
128
32
-25
0
-8
-2
0
43
18
-6
45
67
70
1
0
-66
-133
-39
-31
-69
-47
83
86
41
76
-24
-85
-22
49
-4
-34
17
-37
-59
18
40
-6
16
27
-35
-86
-62
-8
8
29
2
14
69
35
8
33
40
26
-20
-7
24
-39
-35
22
37
17
-85
-44
30
-66
-35
6
27
54
5
13
-2
17
56
11
-8
12
17
-17
13
128
30
-83
-76
-112
1
26
-27
55
40
-17
21
19
-31
-40
-28
14
2
-55
-59
-49
-17
49
32
30
71
7
-42
-51
-13
37
48
27
34
30
-20
56
48
-51
-27
-31
-56
-29
11
57
54
-19
23
105
18
-39
-65
-47
-10
16
33
-72
-57
-1
27
60
20
-44
9
62
-30
-34
-26
4
4
-19
44
15
7
15
-39
46
32
-44
35
12
8
-22
-95
-9
10
-17
-28
-66
-26
0
58
-2
-70
71
58
-10
74
51
-27
24
28
56
52
-43
-57
-37
-15
-64
-24
2
-15
64
52
62
53
-23
-3
-33
-29
3
0
-17
-79
-23
15
6
-11
-8
-3
-25
-9
-2
-57
-68
34
13
25
96
63
1
24
63
-15
-39
-25
-13
-22
-6
9
13
68
-9
-51
-21
-58
-57
-37
-26
-15
-11
20
43
-26
9
104
88
42
30
37
36
-13
-69
-9
-25
-11
26
-5
-13
-78
-16
-36
-77
-30
-11
73
33
47
52
-25
46
35
1
4
-39
-65
-48
-39
-114
-99
-19
-27
3
82
76
53
65
31
66
100
24
2
-7
0
2
-56
-28
4
-17
-58
-38
16
-36
-74
-24
-2
-43
-19
25
49
62
61
32
-33
19
15
9
-10
-83
48
50
9
-2
-38
30
-18
-5
32
-13
-63
-92
-13
-14
-52
-10
46
63
46
2
-51
-2
12
-4
5
-21
-29
-22
-8
-1
20
-51
-73
31
68
93
33
-27
59
80
26
58
53
1
-35
-8
-6
-59
-28
-92
-95
-41
-47
-32
-46
-6
-10
9
49
93
85
-50
-9
25
-41
-59
-19
73
-8
10
39
17
116
39
29
31
-40
-54
-85
-56
-75
-110
-85
-2
77
94
56
-26
-9
-9
-7
7
-12
77
63
-39
33
39
-75
-61
-17
13
35
-12
-49
0
44
-11
20
143
130
54
-4
-30
-16
-56
-105
-92
-89
-80
-27
-31
-105
-72
44
46
49
51
54
67
-24
34
113
17
1
-9
18
52
-63
-46
2
-4
10
2
45
15
-61
-44
-28
-47
28
13
2
13
-54
-27
5
47
-12
-51
-22
-16
66
67
-11
-3
82
3
-12
78
13
-21
-35
-41
-39
-21
-35
-13
65
61
108
41
-72
-48
-87
-73
-54
-65
9
-13
-16
8
-10
14
43
39
34
32
12
34
14
-1
73
37
13
0
-26
96
37
-85
-56
-58
-38
-34
18
31
21
67
8
-22
-47
-38
-31
-84
-22
11
-39
-67
-12
34
27
67
132
52
-1
48
38
-34
-55
0
2
9
0
-12
9
-9
-4
-59
-25
41
-23
-25
-41
-5
33
2
28
53
5
-43
-9
8
-40
-58
4
10
-11
41
8
-17
49
81
68
20
1
-14
35
20
-65
-15
33
4
-95
-1
-13
-43
88
-49
18
36
-103
-22
-89
-66
22
-56
-51
-40
47
101
46
82
57
89
77
-25
13
24
7
-38
-20
17
-70
-92
-38
10
15
21
5
-36
12
81
0
-37
42
36
-25
-35
-5
-43
-70
-22
29
-28
-42
-18
-17
9
-35
11
67
98
97
65
97
0
-25
25
-55
-54
-22
-49
-36
-40
-17
11
-25
-35
-10
10
9
-60
-43
15
-2
5
51
46
-33
-17
65
19
-20
34
30
19
21
35
53
13
37
2
-74
-15
12
-51
-77
7
52
-44
-94
-40
-38
-12
39
30
46
9
-22
0
2
-46
-30
18
-43
0
35
-3
28
19
55
60
20
41
39
14
-35
-21
8
5
-26
-35
4
-40
-3
30
-70
-18
-39
-104
-32
-37
16
45
-9
-45
43
137
86
83
-6
-40
14
-46
4
33
-14
4
37
57
-12
-29
-18
-82
-16
-22
-50
-32
-50
66
39
-46
16
15
-18
-45
-65
-27
20
11
-14
28
43
31
60
54
14
9
26
3
8
-18
10
89
26
-5
-23
-78
-39
7
7
-18
-69
-43
-24
-36
-1
9
-8
-76
-23
27
-23
28
64
49
57
16
-18
4
-39
-20
58
53
26
-7
20
25
0
23
-19
-16
15
-36
-33
-11
-45
-77
-55
-31
54
-2
-90
25
0
22
30
-31
21
44
96
76
47
24
-90
-42
14
31
55
10
17
-15
-22
-30
-12
28
-3
11
-34
-67
-2
-19
-49
-49
-18
2
-81
-25
38
10
80
78
44
29
6
-18
-89
-62
-7
40
51
1
50
135
82
-3
4
-24
-16
-8
-78
-99
-39
-15
-9
-7
-43
-1
88
57
-50
-40
8
-20
-48
-1
75
39
0
54
10
-40
-6
5
-1
29
29
-6
39
32
7
-25
-51
-34
-12
46
13
-17
-89
-82
7
-12
33
45
-9
-8
38
8
-10
5
-51
-16
39
40
40
24
18
19
-24
-49
36
-15
-57
66
68
32
-8
-10
-45
-36
-9
-49
71
24
-36
3
-52
-29
-25
10
46
23
48
-54
-106
-38
-25
61
94
32
-13
-25
48
46
8
2
-8
6
-8
26
26
-72
-62
14
1
0
-21
-20
25
-29
9
31
-25
-10
-34
-4
53
17
15
6
-9
68
-4
-58
32
-10
13
29
-32
14
21
30
39
17
-6
-75
-71
-10
-30
-17
43
53
35
-3
-10
-15
-22
-23
-49
-47
-42
-26
32
41
23
34
9
14
35
8
-21
-17
23
30
58
42
43
59
-54
-83
-10
-3
-94
-57
29
49
66
-9
0
33
11
-27
-71
-44
-55
-62
23
19
13
9
28
129
29
7
38
-79
-28
-13
-46
-1
-29
-36
9
2
46
71
28
26
12
22
17
-33
-56
9
-12
-72
-32
29
49
-21
1
17
-37
29
38
-17
-11
7
60
29
-60
-45
6
-13
-2
32
27
29
38
30
-39
-54
-75
-88
-20
-20
17
41
11
59
-5
-23
5
-48
27
24
-5
51
61
56
45
-1
-26
22
33
-24
-53
-31
-6
-22
-43
-13
-46
22
55
-86
-49
29
59
34
-19
16
5
35
14
-107
-87
-57
-72
-9
63
61
83
117
77
37
-56
-45
34
-5
-13
14
61
67
-48
-56
7
12
-24
-112
-41
30
-12
-48
-45
-46
14
29
-23
79
34
-31
-25
-14
56
4
-18
30
4
35
38
-10
0
-2
16
40
34
-15
-10
-45
-135
-53
26
65
103
62
45
-14
-40
-15
-36
-10
9
-27
-92
-85
-45
0
65
86
89
-8
-109
-20
40
16
54
43
-30
-12
-27
-8
25
-20
19
16
8
-22
-99
-32
37
41
37
14
27
20
-41
-10
33
54
49
-39
-33
14
26
45
-34
-68
34
-17
-64
-21
-13
41
19
-3
-5
-19
-18
-34
-32
-23
-11
21
63
42
-38
-58
25
41
-16
0
-19
11
25
-26
44
48
39
73
78
24
-58
-52
-42
-47
-18
64
52
-13
10
4
-22
-25
-35
-75
-81
-15
14
-2
-11
34
45
-1
-24
-19
-74
-33
99
33
-1
76
58
29
35
-23
-50
-29
-17
27
16
9
5
3
34
46
-13
6
51
-18
-7
-46
-102
-12
-2
-43
-29
-25
23
57
15
-4
58
33
-50
-14
-41
-78
-31
-6
13
14
47
59
48
70
-3
-11
-20
-46
38
-26
-20
8
-15
120
65
-57
0
16
-5
-49
-55
-32
-16
16
13
40
-5
12
26
-47
26
-37
-81
-24
-74
30
101
54
-14
-42
4
38
2
-61
-5
-26
-16
46
13
20
45
107
84
-15
-42
14
0
-63
-83
-128
-25
36
32
91
33
27
13
-36
-5
-47
-36
-26
-47
13
55
70
-24
-14
63
3
17
0
-50
-25
-14
-17
-24
-17
-47
-23
29
10
81
91
44
69
6
-65
-114
-45
3
0
31
-30
-36
11
-4
-17
56
84
36
6
10
0
-48
-80
-22
58
28
-3
8
6
-20
-67
-41
0
-17
-60
-23
22
-18
63
49
15
40
-25
59
37
-66
15
34
-10
11
4
-10
50
27
11
16
-103
-66
63
8
-38
-43
-18
77
49
-11
-57
-5
28
-78
-98
-59
1
7
21
5
-35
62
88
47
-5
-28
53
73
-9
-55
1
36
58
43
-38
-45
-31
-39
10
-21
-36
51
1
23
17
-50
9
-3
4
-11
-64
-44
-14
-8
-39
-28
73
111
30
27
-25
-54
10
10
-16
-57
-7
54
36
19
18
21
30
-8
-81
-38
31
10
17
-8
-17
3
-44
-14
35
50
31
-14
-16
1
-7
-75
-71
-18
3
32
22
33
49
41
-17
-74
-22
-26
-3
107
48
-13
-28
-48
-2
49
49
-33
0
31
27
-30
-140
-35
32
-3
54
53
4
28
15
0
-37
-65
-20
-35
-25
0
15
0
24
97
-10
-18
50
41
10
-59
-42
-1
-3
-42
-72
40
87
-31
-41
-10
-25
16
62
20
13
-6
-28
13
6
10
66
54
-36
-43
-16
-17
10
30
-34
-35
-16
-40
39
12
-42
-37
4
31
-11
2
-27
-39
16
66
78
21
45
22
-84
-65
-26
-7
-21
-70
-19
78
107
95
50
26
-13
-92
-34
16
-21
-27
-82
-77
27
1
5
104
50
