-12
45
10
-79
39
95
5
-25
12
15
17
69
84
17
-68
-111
10
78
68
66
-81
-118
-58
-52
-52
11
14
-61
-20
0
-27
0
-34
-98
-69
-21
51
45
0
25
22
21
5
-11
43
4
-29
43
38
14
30
65
47
23
42
65
63
20
-33
-65
-45
-56
-38
57
68
-11
-59
-39
-60
-49
27
-5
-23
33
-7
-79
-101
-74
16
44
17
10
-10
-54
-17
55
7
-4
4
-23
4
-12
-10
-39
-109
-48
-66
-69
-23
-54
-6
25
18
7
11
-6
-30
35
44
17
77
60
-12
28
2
-42
-18
-19
0
22
41
49
91
56
13
53
28
52
60
11
42
55
0
-55
-73
0
83
60
2
-3
-25
-75
-90
-93
-70
50
80
42
59
18
8
-10
-44
-15
-52
-83
-50
-15
11
-16
-2
0
-53
-13
-42
-48
47
60
46
-35
-49
64
72
0
-11
-25
-89
-3
24
-20
46
25
-14
2
-43
-74
-11
17
-3
-23
-2
6
-13
18
14
-14
1
-51
-47
30
15
0
2
70
73
-12
-9
-33
17
37
-3
58
41
85
75
-25
0
-19
-6
10
-38
-7
1
-7
-10
-59
-47
4
9
24
44
35
-13
5
130
121
29
53
63
-61
-84
-20
-28
-1
-22
-73
-21
-1
-14
2
12
-5
-69
-18
39
-11
38
107
59
-5
-9
-7
-57
-74
-41
-65
-17
55
16
2
3
-4
35
27
-64
-105
-124
-86
-63
-48
53
54
-3
-57
-111
-68
3
-69
-72
-25
-15
23
-18
19
50
17
94
44
6
41
-18
39
52
47
131
47
-20
32
16
50
66
20
45
43
5
-90
-48
11
-51
-18
-16
-15
57
68
-26
-64
35
101
44
-21
-23
-7
17
102
88
30
59
-34
-72
26
18
-38
-62
-4
55
0
0
7
22
-1
-26
64
64
-27
-43
27
-27
-39
30
-8
7
27
14
-6
-18
16
12
0
16
25
23
-45
-75
63
106
61
32
-30
-13
88
54
26
58
18
78
39
-33
24
60
71
7
-26
-60
-78
-23
-20
-14
-8
55
96
51
-22
-107
-88
-47
-52
-43
0
-29
6
74
5
-16
-7
34
27
-32
-22
-63
-52
-19
-44
-9
-11
10
17
-80
-130
-60
9
-32
-26
-22
-14
-18
-85
14
15
-87
-64
-130
-59
68
-30
-25
31
61
49
-49
-47
-28
-20
28
37
30
45
119
75
-37
4
-2
0
52
41
25
12
12
-4
12
18
-9
9
60
67
-6
-61
-21
-58
-36
41
-33
-6
78
45
-33
-71
-33
25
-24
-10
67
15
16
34
-1
-8
-58
-63
-44
-4
51
-58
-8
89
3
10
-22
-91
-55
-40
-56
-98
-62
26
-26
-55
-39
-51
-23
-14
16
2
17
93
43
23
27
-13
2
-9
-32
44
78
15
-7
41
80
32
-38
16
38
31
98
23
1
47
44
71
-6
-39
15
28
52
17
16
28
-14
61
74
25
-46
-43
45
3
-31
-34
13
16
-11
44
52
-2
-55
-5
57
-31
-107
-32
-23
-52
-38
-34
12
-23
-26
-11
-64
-47
-48
-40
-36
-17
-13
-23
25
-2
7
20
-7
47
8
-42
-10
-24
44
47
-3
2
-56
-48
-15
8
13
-27
-35
-46
-32
5
52
72
24
-21
40
57
19
93
78
44
79
64
57
84
94
23
-44
-13
38
19
-28
-20
-4
6
8
-32
-53
-6
22
-3
-8
46
11
-38
-6
-16
-25
-54
-34
4
-1
15
-32
-25
-15
-23
78
63
6
3
-46
-106
-80
-21
7
17
-20
5
11
-80
-42
42
10
-22
-27
-28
-37
-58
-8
47
23
27
-16
-26
-14
-2
30
-16
12
33
-10
-23
3
68
79
31
41
53
-49
-95
-87
0
68
-3
28
60
39
-17
-58
-15
-27
-32
-52
-16
94
10
-30
-15
-91
-22
6
-2
46
24
53
-20
-76
12
21
-1
-44
-14
31
62
34
-3
114
20
-11
58
-67
24
52
-37
0
-14
-20
1
12
-4
49
50
17
89
7
-74
-5
41
28
-45
-59
-54
-69
26
0
-18
-9
-66
19
81
55
19
60
49
-15
28
14
-37
4
11
15
107
96
50
0
-43
36
8
26
103
17
-7
-1
-1
26
57
33
-25
-26
-21
20
44
-27
-89
-41
-25
25
44
-23
-15
-24
-21
-81
-93
-64
-149
-85
-26
23
29
-25
56
12
-21
-9
-48
-44
-13
6
39
14
-120
-91
-33
-72
-69
-1
17
-73
-59
53
25
-113
-49
105
67
15
11
-40
-17
-16
-49
38
3
-62
-2
20
44
67
61
-9
-7
41
-36
-37
-6
-3
1
-4
72
83
14
19
-1
-10
84
97
33
-40
-69
26
33
17
30
-1
49
2
-22
96
53
-17
-2
-38
-58
-30
-36
-5
72
95
111
32
15
100
38
21
16
26
6
0
55
10
50
6
-43
-24
-94
-49
-60
-69
35
29
35
14
-68
-70
-64
6
28
-3
9
-45
-27
-2
10
60
-38
-123
-93
-21
24
0
-11
7
38
20
-13
-15
21
69
38
-24
24
3
-78
-49
-47
35
75
66
95
1
-43
4
15
-6
-19
15
5
32
41
-100
-68
-19
-52
65
79
24
-22
-128
-93
2
98
63
-40
-31
-61
-75
11
26
-21
-38
-96
-67
-9
-47
-36
18
20
-24
-15
16
-2
9
11
16
-28
-70
-4
-27
-35
111
157
63
-2
4
23
-27
-76
-73
-8
-6
-35
9
22
32
-19
-60
-1
48
53
26
10
6
-10
-38
-43
5
67
48
47
65
18
-47
-60
12
22
-13
-7
22
16
-50
-57
-18
-27
-23
11
4
-38
-9
42
-12
-34
-87
-111
-36
24
22
-34
42
98
58
28
32
72
22
45
10
-12
75
-26
-57
-29
-12
-24
-68
-20
64
110
-12
-23
4
-26
-25
-8
-7
-44
32
15
-11
42
-26
-9
60
0
-17
12
62
78
0
20
87
-21
-57
31
10
-29
16
69
17
16
43
-12
5
17
-37
-61
-85
-39
-21
-33
40
60
47
42
-15
-11
0
10
5
-46
15
13
13
32
-65
-61
-11
-32
-16
16
-44
-28
44
16
52
12
-71
-28
-21
14
4
-76
20
138
92
37
5
49
66
-11
2
-33
-82
-94
-40
72
15
-17
-5
-7
49
22
25
88
37
-29
-32
-47
-32
-49
-62
0
-44
-123
-33
12
-69
-23
-17
-24
-23
-71
10
1
-25
-24
-61
41
67
-58
-34
32
-9
22
55
-5
4
36
12
-20
14
77
41
22
17
8
43
33
7
-29
-72
-73
-8
74
73
34
-7
35
32
-69
-7
111
128
29
-71
0
105
18
11
54
-30
0
-13
0
4
-40
-54
-66
-26
-18
-4
-2
-15
-1
43
42
34
-17
-86
-13
23
-41
-99
-72
-14
-30
13
47
-13
-26
-39
-14
83
42
-27
10
28
60
24
-23
-41
-73
2
49
-13
-58
-7
2
-16
-20
-14
2
-20
38
47
21
54
8
-1
24
35
20
-68
-114
-63
-41
23
37
-97
-19
109
58
10
-7
-1
-4
-21
16
45
23
45
31
50
31
-51
-36
-4
-39
-92
9
28
7
62
10
14
25
24
58
92
85
-11
-27
25
-26
-70
-46
-57
-37
35
55
32
70
38
5
21
-45
-15
10
6
0
4
44
-33
13
49
9
51
-19
-22
54
11
-5
-42
-60
49
29
-55
-45
-8
22
5
-2
-21
-41
-34
-31
-27
-8
15
-75
-147
-97
-42
6
2
0
75
1
-32
-44
-61
42
-9
-44
-19
13
21
-37
-81
-16
97
26
0
32
-3
-36
-30
38
36
2
5
-24
-32
31
10
-18
-23
-80
-60
-76
-47
28
-19
-22
-10
-38
56
25
-47
7
-27
-26
60
81
3
14
51
7
-35
-32
0
11
24
65
98
64
50
89
86
23
-82
-79
-54
-43
19
19
32
66
37
-38
-8
-10
-35
49
71
101
125
85
16
-49
-31
-28
-10
8
10
-12
-6
38
-52
-22
66
16
-7
-27
-71
-37
14
0
41
1
-47
-25
-66
-67
-45
-30
-34
-44
-41
-53
-45
4
78
46
41
74
39
77
40
-19
-19
-10
58
44
14
25
19
-36
-40
50
-16
-93
-48
-12
7
36
-32
-96
-58
-7
8
21
14
-49
-17
-11
-42
-8
-41
-28
49
22
-6
-11
16
44
18
17
38
2
-68
-39
-20
-55
-45
5
-19
-46
-17
38
93
0
-27
31
-11
-36
-36
-54
55
89
-2
-4
-10
8
-38
-74
38
63
-28
-35
24
36
105
75
10
112
5
-125
-62
-60
67
45
-108
-25
-29
-61
-61
-52
14
52
14
-26
61
-29
-76
62
24
55
45
-57
-22
41
72
2
19
5
33
120
8
-15
0
7
-9
2
46
11
-10
-21
15
2
-17
34
42
54
32
1
114
69
-68
-42
-11
4
-44
-116
-27
72
56
61
115
121
-21
-67
-26
-3
48
-57
-102
-78
-50
7
-29
-31
-6
-19
-21
-53
21
52
-56
45
39
-48
-21
-9
-19
-65
-40
29
78
16
-19
-13
-86
-74
-14
26
36
-45
-23
19
-55
25
69
-28
-24
-12
-8
6
1
6
-21
33
68
-40
-33
-35
-35
-67
-67
-15
-38
44
54
46
47
-33
13
24
-67
-24
38
29
35
43
10
16
-8
-16
88
-21
-87
22
5
0
-23
-43
-7
-13
-34
-13
22
-2
-40
-55
-13
24
4
16
-11
-41
-6
41
55
52
38
93
128
33
28
33
-42
23
32
-48
18
9
37
31
-58
10
-26
-44
-3
-22
28
-19
-77
6
-9
-7
4
-40
-74
-70
70
5
-101
-32
-25
17
16
-37
-26
-48
-28
-24
-91
-55
-10
43
34
-75
-45
-12
34
57
11
71
3
-31
103
63
4
-14
6
70
6
-11
0
36
56
23
26
-9
15
11
-19
113
98
-12
36
20
2
32
-53
-21
28
7
43
4
3
67
59
-23
-25
-27
-60
52
66
-5
17
16
32
46
18
30
7
10
47
-33
-29
60
16
-79
-74
4
18
-40
-27
-2
-11
-52
-89
-13
24
9
53
75
50
8
-35
6
49
70
2
-100
-24
-55
-138
-49
11
18
4
1
30
1
-6
50
16
-9
-10
-37
18
12
-35
-35
7
57
38
15
-20
-7
0
34
72
-49
-26
52
26
4
-53
-35
38
4
-27
38
-39
-92
-55
-35
0
-36
-34
-25
-9
16
-32
-36
-43
0
5
-46
97
133
-20
-56
-43
-39
-94
-143
-60
-48
-27
18
-44
-26
10
-13
18
2
-53
-28
9
-34
-35
22
-29
-13
58
19
-29
-40
-61
-80
9
-20
-120
30
77
13
-3
51
75
-30
2
23
42
53
26
29
-28
32
48
-9
-20
-43
54
63
14
29
-20
45
83
39
98
90
73
37
-10
24
8
21
105
40
-29
19
30
22
-21
-34
28
17
-35
-5
0
-55
-43
-2
109
115
-50
-36
-19
-93
-34
-5
-54
-100
-65
-35
-46
35
42
8
11
25
76
68
9
35
-2
-33
0
-22
44
57
31
36
-8
-17
16
68
-34
-56
27
-22
62
73
-29
34
33
-27
-6
-48
-107
-55
-20
-23
36
-28
-67
-14
-35
-116
-100
-7
-8
1
-47
-22
-8
-29
-3
-31
25
75
75
66
70
43
-18
-34
15
24
13
-7
-59
4
1
3
30
19
125
83
19
82
39
-24
-2
-16
-17
44
2
-8
16
-37
5
-10
-67
33
20
-67
-37
-8
40
16
-62
-25
-34
-27
-1
-43
12
2
-7
13
-26
32
0
-45
22
7
29
49
-15
11
-13
-8
27
0
16
-45
-44
8
-54
-81
-50
-55
-56
-63
-33
6
35
32
-6
2
-20
7
76
52
3
-54
-127
-6
67
10
74
31
-16
3
-27
-9
-47
-14
16
-64
-5
67
101
55
-12
42
36
10
-23
-55
60
29
-50
3
1
13
23
12
-11
-41
-12
9
39
43
33
40
-39
-60
-11
7
39
-29
-61
27
-55
-80
-10
5
41
14
48
47
12
2
-8
22
-12
-41
-7
5
16
58
6
-35
-28
-20
35
7
-44
7
85
48
-67
-81
-15
-14
-57
-37
12
22
41
23
-34
-57
-52
21
54
25
15
36
60
-21
-48
6
8
-10
-31
-15
-31
-6
-10
-119
-27
82
13
-37
-3
63
31
-27
-33
-21
21
22
38
77
99
61
-8
23
-20
-75
-41
-50
-20
-12
-2
40
41
84
41
-88
-83
-38
-3
-6
-36
10
71
115
109
81
67
30
85
72
-38
2
10
-46
-39
-28
-10
22
-35
-68
-63
-72
41
48
0
50
43
59
96
-13
-104
15
38
0
38
39
17
-57
-35
37
-8
25
5
-28
5
-47
-45
-59
-47
-14
5
85
37
-19
-8
-19
-59
-64
-38
-55
-23
30
26
-15
20
31
-18
12
-9
-27
92
64
23
61
31
5
-29
6
21
-5
6
6
-4
1
19
-7
-13
16
44
44
-17
-24
30
20
47
50
-54
-36
-44
-50
49
15
-75
-90
-106
-20
25
-30
0
5
-24
-32
7
-17
-75
-9
20
-12
-42
-21
49
-23
-65
-44
-51
19
-23
-94
20
81
25
77
47
-66
20
36
-25
6
25
3
-29
-86
-47
42
15
7
-58
-42
-36
-140
-81
10
35
68
59
-12
14
49
67
137
98
58
41
17
36
18
41
20
-5
11
-3
6
-21
-20
65
49
-15
3
-14
-86
-25
59
0
20
19
-23
-14
-8
21
49
43
-30
-24
7
-7
-10
-41
-39
-44
-69
-20
-8
-54
-50
-36
-2
39
2
3
-48
-88
22
66
32
-25
-39
-37
-38
-8
33
48
-7
-43
-5
9
-47
-42
52
9
-44
51
83
23
-10
40
37
-30
-39
-13
3
-36
44
117
18
-15
-44
-31
41
-15
-16
36
-51
3
86
54
38
-11
10
61
28
-2
75
44
-35
0
-33
21
80
83
67
17
49
34
26
68
54
1
-58
-64
-17
-21
-68
-58
9
12
-41
-72
-54
-15
-65
-61
36
67
28
-14
37
61
-32
-71
-18
6
-54
-56
-43
-94
-100
-28
35
-14
-56
-3
37
-9
-63
-5
35
-53
-91
-27
-44
-8
13
-52
23
36
-27
-57
-30
41
12
-50
-34
29
18
29
87
28
-10
18
0
-24
4
55
10
2
5
33
77
30
15
-27
-51
-56
-40
61
15
-52
-21
-38
50
64
32
85
57
121
114
9
-26
-1
65
-5
-57
21
-18
-22
17
15
-4
-28
39
-8
1
35
8
38
44
36
5
-6
-18
-49
-67
-46
-29
-30
-71
-33
17
-53
-12
12
37
45
2
51
-18
-6
30
-10
40
11
-47
-14
-36
-69
-42
-33
-16
-28
-71
0
37
-13
51
124
59
14
7
-1
41
-2
29
49
13
78
75
80
5
-39
4
-63
-47
11
23
-78
-152
-23
11
17
57
-7
-51
-69
-46
-35
-85
-18
45
-33
-46
8
1
-10
-34
-40
80
35
-67
-21
-41
39
76
-27
-20
33
-9
13
111
42
3
43
70
24
-34
-34
28
30
-60
-48
-49
24
94
57
-12
-34
69
46
10
50
-15
21
51
-61
-60
-54
-25
65
58
19
41
17
7
43
10
9
-3
48
44
-10
19
-7
27
19
37
48
-57
-38
-42
-75
-29
-85
-61
26
-29
-33
-10
17
-33
-55
21
-16
9
44
23
-8
-1
41
22
-3
-28
50
18
-75
15
26
-46
-69
-51
-23
-21
-12
-68
-86
39
35
19
21
-40
-27
-1
-50
-7
37
-10
30
-4
20
53
31
35
-22
-12
-45
-26
80
61
52
48
12
30
-7
-23
28
-4
-66
-70
-69
-20
38
-30
40
94
-6
-11
-81
-48
56
7
-11
11
2
11
48
38
-14
-32
-68
-92
-8
15
0
17
4
14
28
-47
-86
-14
18
-4
-31
7
9
-22
22
33
57
63
11
23
5
-36
-24
-15
70
119
67
63
17
-8
24
3
51
59
-26
37
45
-20
-1
-14
-58
-34
-15
-12
0
29
34
-52
-17
15
-30
-14
-19
-57
-16
14
-14
-16
-98
-111
-93
-126
-64
5
43
18
4
1
61
79
-32
-19
17
71
91
47
50
-62
-54
61
66
101
-21
-114
32
49
25
34
-61
-10
-79
-141
-49
-102
5
50
49
121
3
31
100
53
137
163
112
34
-22
-35
-60
-49
-14
25
-1
17
92
66
-20
-21
-22
-70
-30
-22
-15
17
-23
-9
-7
-3
16
-79
-56
28
-21
-33
-29
-13
4
3
-9
-74
1
11
-90
-43
-9
-16
-32
-25
-11
-44
-55
-81
-46
36
15
-31
-32
12
47
33
42
-9
-31
57
26
-9
53
76
17
-11
8
-66
-68
-6
5
-25
-48
-47
-51
43
71
-32
-58
-20
0
-9
-13
-7
1
53
49
-12
-9
-26
21
81
1
-6
-19
18
58
-30
-66
-55
-2
-15
-12
53
43
-25
-21
87
67
28
86
46
3
-11
-26
5
-2
41
105
-6
-50
46
-7
-46
-13
-42
-91
-89
-18
9
1
33
58
64
48
62
123
49
10
36
-48
-75
-26
48
64
-3
-1
35
3
15
18
-12
61
117
45
-49
-81
-37
21
-4
-128
-88
41
2
-22
-39
-20
41
45
50
16
-23
-40
20
51
0
18
18
-39
-92
-44
11
23
1
-14
37
19
-1
17
23
44
45
-21
-22
-25
-20
62
49
104
28
-102
-85
-104
-64
-34
-8
-15
-13
13
-65
-75
-63
-52
-37
-88
-26
62
66
42
-50
-83
21
40
23
58
3
44
69
-32
-9
25
-12
43
81
64
-12
-63
66
-8
-36
78
14
21
21
57
61
16
27
-7
5
-57
-80
24
26
-14
-55
-75
49
80
-14
-67
-58
14
-19
-37
5
-30
32
64
0
46
72
66
68
-42
-67
-15
-90
-117
-66
-60
-53
-19
-71
-32
50
-32
-29
12
-57
-56
-18
-10
-1
-42
-7
12
-11
56
77
40
1
-17
-8
13
21
-16
5
19
31
60
52
30
-23
39
67
-5
10
31
37
36
8
8
-37
-74
-24
-23
13
42
6
34
68
49
12
1
27
67
22
13
54
14
43
74
-14
-92
-52
17
13
-22
-25
15
18
-9
3
28
31
19
0
-9
-15
-32
15
39
28
40
-31
-60
-25
-7
-3
-44
-28
-18
31
58
-20
-32
-42
1
-7
-58
-45
-15
-8
-6
0
-70
-25
2
28
32
-76
-19
-11
-8
10
-23
-37
-43
11
-55
-27
4
-47
31
43
43
55
39
26
12
6
-38
-25
57
51
11
7
-88
-117
8
2
-22
-8
-30
-38
-86
-77
43
50
14
31
-24
9
44
52
36
-14
20
12
-52
13
63
-13
28
45
18
7
-50
-46
-6
18
-1
-42
-56
-53
-10
12
-27
-38
-53
-79
-51
54
44
-60
-11
1
0
68
5
4
18
-33
17
42
58
42
33
70
62
59
33
32
21
-55
-48
-20
-43
52
109
-6
-41
34
69
7
-41
15
88
78
18
62
19
-59
-32
-87
-46
32
49
25
0
-32
-58
12
-52
-109
-21
5
-4
0
-25
-48
16
26
-50
-9
57
61
60
-4
-28
-33
-46
-8
-12
17
-27
-40
75
34
-7
47
20
-21
68
40
-44
-2
-24
-39
-6
67
52
-12
16
7
-47
-67
-27
-74
-52
2
-62
-41
-11
15
24
-12
-37
-52
-13
12
-16
19
36
-18
-34
-30
23
-3
-88
-21
42
57
50
19
62
-20
-46
17
-29
37
-9
-88
-30
-38
-1
-10
14
57
-14
56
31
-13
54
-6
-42
-34
-71
-91
-26
-28
-25
79
35
-28
27
47
32
-3
23
36
-45
-24
49
70
89
10
-41
-10
4
-29
-56
3
5
6
25
12
16
92
154
123
55
-6
13
34
0
32
42
-32
-16
-17
-9
-3
-90
-27
60
33
-2
-1
-23
-10
47
5
8
-19
-55
-57
-62
-36
-74
-34
-19
-40
56
66
-50
-89
-26
-24
-22
-13
-19
-32
-15
0
-14
5
-7
-14
-56
-36
11
-42
-10
-9
-40
-44
-52
-15
9
1
5
14
-26
-47
-22
61
119
46
42
76
45
49
14
77
81
-25
42
73
19
26
10
3
-10
-48
-21
-47
-80
-27
24
61
-14
-23
34
-17
39
31
-47
0
33
40
39
-6
-69
-69
-9
-22
-8
17
22
74
64
31
-38
-56
23
13
-25
-58
-64
-10
-15
-29
44
78
38
43
-35
-89
-66
1
95
51
4
50
89
99
87
-7
-28
-25
-10
21
-12
-35
-36
0
-70
-73
-2
-50
-25
-13
10
36
31
33
-46
32
74
-19
-27
-18
41
46
19
37
-1
-79
-79
-90
-101
11
-16
-76
-81
-2
22
-45
38
27
7
29
26
38
-13
-28
-23
-56
29
66
23
14
-8
-21
-17
75
17
-11
85
2
-18
0
-43
-110
-138
-75
-48
-24
13
-7
-1
24
41
69
24
10
47
-54
-43
81
19
0
-5
12
70
26
16
-12
8
5
-40
-9
0
12
38
62
-5
-16
62
22
25
-16
-86
-34
-7
-7
-34
-24
9
34
62
19
-17
24
-41
-113
-56
-35
23
2
-20
43
7
21
23
44
66
31
-7
-9
-2
-43
20
-7
7
73
-3
39
5
-79
34
12
-80
-47
-27
2
-3
32
85
102
73
27
49
45
1
-77
-122
-11
44
-18
-31
-25
-5
-7
-38
-50
-31
49
72
32
16
-61
-68
-46
-107
-69
-24
-40
-46
1
104
70
-27
-30
-33
-21
-25
-17
45
4
-27
20
-52
-78
40
58
23
-17
-33
6
65
72
6
-7
36
38
38
-36
-173
-76
60
66
21
-5
-14
-31
-40
-77
3
19
14
21
-76
-3
117
146
63
-53
25
115
71
47
78
116
64
-10
11
18
41
-14
-88
-84
-54
115
147
13
-26
-39
11
56
-49
-20
87
32
32
-29
-119
-55
-16
-3
22
-82
-136
-57
-67
8
-14
-73
48
8
-10
56
75
66
-2
-14
-14
-24
23
-30
-62
27
30
0
0
5
0
40
71
32
35
-3
-55
-48
-44
-49
-4
45
10
-31
-11
61
23
-60
-20
61
37
-48
5
-8
-104
-35
-31
-20
-25
-97
10
13
-16
9
2
26
2
33
23
46
100
-2
-26
-20
-9
39
-1
10
-15
-39
48
6
-42
-35
-58
-55
-59
-53
-11
-23
-33
-3
-17
-50
-62
2
14
-11
27
3
6
0
-43
-16
68
50
-48
-46
-11
-23
0
40
-17
-13
49
30
58
87
-12
-5
69
2
-73
-13
46
7
66
32
-48
92
37
-3
68
-14
32
33
-27
48
76
91
48
14
108
38
-62
-6
-1
-22
0
-68
-135
-58
-5
-18
-60
-25
-35
-76
-16
-40
-57
6
56
43
16
28
85
86
-10
-46
-11
-14
-1
21
17
6
-12
14
23
0
-23
4
71
36
-39
0
13
-23
45
101
97
40
-9
-12
34
42
-16
-10
-18
-37
-57
-2
32
-16
35
12
-23
0
-27
-48
-69
-73
-20
81
37
0
-5
-76
10
23
34
67
22
93
50
-13
25
-11
-14
11
36
22
-33
-24
-19
-12
54
42
13
-21
-96
-46
-26
-30
24
9
-6
-30
-49
-22
-47
12
8
-101
-36
-8
36
44
-71
-32
-18
15
0
-52
-4
-4
10
-22
-58
-94
-79
-34
-3
20
-44
-42
-22
49
84
-49
-79
-23
-24
17
-3
10
92
-53
-70
-1
5
2
-19
32
-21
-17
6
17
38
-19
11
-8
-53
41
57
38
12
11
107
34
-21
12
-38
4
34
20
46
8
19
12
-63
-6
97
84
46
46
47
56
-44
-50
54
39
18
40
-8
-43
-5
-17
-9
-8
-25
30
4
-83
-97
-62
-56
1
43
-72
-81
4
67
33
16
58
55
138
74
-23
52
72
23
-21
-54
4
0
-119
-54
28
-10
-96
-64
91
98
-55
-49
136
60
-96
-86
-84
-3
55
-50
-45
-3
-85
-82
-5
81
89
-40
-48
36
73
27
-6
125
158
3
13
110
66
-73
-113
40
60
-52
-87
12
123
16
-74
67
97
46
35
-18
11
42
-23
-50
-25
-10
-70
-109
83
145
-129
-222
111
242
-30
-146
-50
80
-70
-301
-87
204
88
-145
-98
91
90
-81
-15
135
120
-31
-210
17
158
-120
-142
87
131
-69
-172
34
151
-38
-164
25
138
-81
-152
-13
89
26
-162
-47
145
4
-151
-35
116
71
-58
-45
138
106
-102
-118
10
40
-75
-146
35
214
45
-123
51
205
-4
-240
-85
149
18
-72
39
136
97
-151
-86
161
16
-178
-104
90
136
-53
-96
68
106
-62
-95
53
79
-8
-94
63
183
38
-43
57
133
-18
-190
-81
163
51
-184
-46
141
-25
-209
-30
118
46
-160
-126
162
107
-32
-71
-50
4
-102
-121
52
75
-85
-76
32
130
65
-104
18
102
-24
-63
32
125
89
-73
-114
45
4
-140
-22
149
87
-42
-14
119
81
-147
-109
125
110
-67
-120
38
107
-110
-102
90
55
-65
-89
44
60
-2
53
97
85
31
20
49
11
-83
-99
-21
56
67
-45
-118
12
31
-45
-5
32
25
-71
-51
72
80
-12
-53
13
-23
-57
1
38
52
-80
-37
148
18
-73
27
77
25
-71
-23
134
58
-68
31
96
-37
-119
59
84
-38
-114
-104
84
4
-145
-47
33
-31
-141
-119
82
108
-118
-63
32
19
-37
-225
-5
123
-68
-105
-96
166
89
-202
-40
72
93
-110
-209
98
152
4
-87
116
195
-128
-173
58
155
-53
-220
29
255
17
-209
-65
169
76
-174
-103
149
94
-206
-81
255
178
-241
-255
216
228
-182
-257
166
209
-190
-131
257
184
-203
-139
162
108
-174
-144
178
184
-89
-171
27
199
12
-199
-41
282
226
-146
-91
231
147
-260
-283
166
259
-210
-317
182
337
-139
-350
176
430
-142
-386
192
382
-158
-298
203
367
-116
-271
190
290
-119
-156
106
53
-43
-12
-70
-11
85
48
-20
-83
81
78
-255
-258
115
166
-243
-283
125
122
-304
-249
260
294
-161
-262
159
214
-209
-228
169
214
-145
-180
107
157
-47
-176
39
140
5
-25
-68
18
100
-75
-195
-81
58
-27
-264
-119
210
51
-284
-65
305
63
-310
-84
336
44
-335
-89
195
92
-215
-15
359
129
-174
23
269
91
-76
16
73
23
30
125
28
-131
57
124
-201
-173
229
180
-272
-194
312
199
-335
-268
313
279
-336
-220
355
236
-286
-202
387
368
-294
-357
253
353
-174
-351
194
400
-234
-466
113
322
-150
-370
59
340
-29
-338
-63
283
48
-312
-36
375
168
-260
-130
332
204
-325
-224
283
275
-218
-229
286
293
-85
-79
255
243
-162
-186
237
205
-198
-106
151
32
-265
-166
160
54
-159
-132
8
40
-90
-71
96
-21
-166
14
83
-71
-143
74
193
-132
-148
177
151
-113
-104
300
207
-274
-99
280
147
-223
-172
210
143
-286
-197
245
194
-299
-296
222
41
-384
-80
238
-99
-346
9
175
-72
-138
146
150
-51
135
107
-124
-4
77
-2
-32
9
48
-32
-47
147
157
115
58
-134
55
94
-237
-242
85
171
-233
-210
191
15
-161
8
1
-162
-42
224
-65
-192
268
140
-407
-57
546
117
-316
207
553
-113
-382
252
387
13
-188
47
396
72
-438
-93
422
20
-588
-249
490
107
-535
58
504
-108
-377
170
389
-90
-247
74
105
-114
-154
-53
8
85
-47
-263
31
306
-54
-230
94
249
23
-61
60
-6
22
-4
-205
20
255
-96
-257
125
194
-171
-232
120
153
-256
-309
90
111
-247
-194
55
0
-117
-80
-19
-30
-12
-31
-68
28
45
6
0
-32
-21
3
-37
-65
109
212
21
-93
148
248
-178
-207
216
164
-219
-151
308
172
-193
-69
139
57
-188
-2
265
96
-132
-108
185
86
-221
33
250
-20
-184
163
297
-125
-169
209
107
-292
-93
276
70
-167
53
227
-43
-232
99
244
-164
-243
97
271
62
-235
-18
151
-163
-235
92
222
-98
-179
123
116
-152
-22
280
63
-138
7
6
-66
44
102
-126
-156
181
105
-269
-41
299
99
-186
-75
235
-37
-257
40
165
96
0
51
207
90
-145
-10
94
-71
-166
-37
99
-109
-108
138
43
-190
-120
155
91
-138
-17
127
-23
-125
41
140
-27
-89
140
81
-222
-41
77
-53
-74
-111
70
75
-163
-7
67
-98
-84
41
96
-14
-39
-33
-112
-9
44
-84
-84
-12
-30
-69
10
84
-11
-60
54
-10
-133
-32
9
-26
-25
-25
-11
78
107
-74
-98
197
130
-183
109
338
-103
-297
162
217
-272
-124
325
88
-282
6
295
57
-208
-56
214
27
-185
-17
161
82
-56
-47
170
118
-139
46
201
48
-154
-71
185
-99
-336
34
35
-213
39
195
-86
-195
118
180
-185
-75
244
71
-136
-64
156
44
-140
22
164
30
-67
159
29
-175
47
20
-146
-49
133
115
-40
-105
-13
16
-18
-25
-29
98
-131
-270
134
251
-77
-155
373
373
-283
-242
300
209
-257
-83
341
129
-239
-29
258
38
-175
-23
101
78
-73
-175
8
180
-23
-243
52
255
-141
-173
239
95
-203
-66
38
-137
-153
77
13
-222
-93
85
-171
-181
198
44
-270
-71
206
10
-168
79
171
26
-107
-15
172
120
20
-128
-42
118
-182
-201
145
123
-73
-7
158
-68
-151
83
31
-125
-56
113
-73
-169
196
201
-176
-87
247
198
-146
-127
241
131
-177
-87
228
243
-154
-283
130
176
-344
-303
288
247
-363
-181
486
163
-311
-4
204
29
-185
-91
72
-60
-46
10
-6
65
-38
-123
-7
81
3
-53
114
103
-27
40
-32
-89
73
111
21
19
106
36
-169
-65
163
-28
-183
123
52
-234
-20
77
-67
-143
40
123
-154
-4
237
59
-91
31
165
-61
-82
-1
-86
49
-15
-138
2
97
-103
-177
168
147
-225
-34
331
-77
-293
164
102
-259
-66
281
-11
-230
166
152
-195
-111
136
17
-97
46
30
-92
33
28
-132
78
186
-91
-142
211
117
-208
46
216
-80
-196
131
146
-251
-77
213
-13
-21
161
24
-71
67
-35
-238
-74
141
-95
-259
94
159
-130
-36
189
71
-75
71
83
-109
-20
54
-121
-23
185
-89
-172
197
186
-122
-141
96
58
-162
2
88
-135
-36
130
76
44
89
35
-89
64
98
-129
-104
58
-36
-134
-2
68
-12
-51
83
95
-43
7
14
-105
29
72
-125
-103
48
44
-66
-34
70
-11
-139
-32
0
-40
92
17
-73
41
54
-30
-51
101
129
22
91
54
-50
50
65
14
31
91
47
-25
115
62
-128
-53
144
97
-121
-23
62
-49
-38
-28
-44
-55
-82
-123
-53
117
106
-57
-43
103
2
-107
-53
-61
-34
-59
-49
36
73
81
-174
-123
146
-31
-59
58
61
-87
-267
-54
58
-137
-152
7
6
-138
-50
16
-8
46
9
-23
25
118
32
-100
-45
-6
-14
25
12
32
110
3
-122
32
251
155
-5
172
369
42
-211
127
290
-21
-84
293
310
19
0
137
21
-119
8
52
46
66
48
-36
-56
16
-54
-101
-74
-71
-26
72
71
29
108
28
-53
125
293
147
-21
170
237
-5
-29
223
266
-81
-168
196
214
-1
51
118
51
-67
-55
103
114
-86
-184
-102
-89
-161
-26
250
129
-101
32
9
-181
-120
-2
-52
-184
-140
-77
-101
-41
-53
-141
-224
-212
-107
-4
14
-65
-108
-181
-217
-185
-35
-2
-266
-260
-100
-67
-79
-5
189
-16
-332
-237
-121
-189
-141
31
-92
-388
-350
-88
27
-18
-84
-126
-153
-121
-68
70
255
158
-13
1
101
166
205
331
243
55
131
200
163
188
295
250
40
94
281
182
100
184
200
160
249
467
520
489
357
189
257
231
182
389
576
514
338
337
370
135
104
398
519
454
537
679
502
162
55
-25
-251
-128
109
81
-85
-197
-260
-356
-144
195
312
227
61
-67
-45
138
320
454
506
435
237
441
880
856
702
688
646
595
848
1151
711
-502
-1669
-2485
-2732
-1913
-791
-656
-1502
-2602
-3518
-3811
-3228
-2289
-1901
-2205
-2620
-2617
-2034
-1137
-431
-611
-1207
-1272
-670
775
2378
2934
2327
1363
613
432
1108
1891
1757
737
-309
-725
-357
420
879
210
-1342
-2373
-2380
-1692
-579
202
0
-816
-1211
-793
68
975
1513
1389
980
1049
1732
2628
3064
2738
1841
1138
1083
1250
1524
1604
1068
167
-530
-722
-599
-563
-687
-1126
-1617
-1392
-827
-527
-282
-76
-170
-233
273
1031
1412
1399
1485
1684
1713
1883
2014
1770
1422
1231
1293
1376
1160
544
-189
-621
-718
-450
23
194
-141
-769
-1207
-1222
-963
-577
-350
-489
-532
-128
374
567
657
942
1325
1724
1981
1948
1802
1924
2299
2613
2625
2347
1989
1667
1492
1624
1818
1824
1617
1288
1752
3262
4210
2678
-1892
-7502
-10699
-9116
-3920
440
773
-2677
-7674
-11206
-10906
-7218
-3079
-1588
-3321
-5843
-6310
-3191
1297
2825
-294
-5196
-6951
-3220
3990
9614
10255
6032
-65
-3871
-3464
-118
2626
1640
-2744
-7052
-7624
-3604
1633
3011
-1403
-8049
-11367
-8863
-2447
3607
5778
3769
353
-1476
-305
3037
6170
7064
5375
3201
3437
6508
9917
10099
6108
729
-2739
-2547
244
2905
3269
1036
-1918
-4070
-4572
-3602
-2404
-2111
-3198
-4131
-3287
-559
2692
4450
3959
2256
1329
1987
3660
5261
5865
5666
5188
4619
3998
3354
2615
1500
20
-1093
-1276
-651
-16
-461
-1854
-3282
-3984
-3781
-3332
-2911
-2561
-2378
-2083
-1632
-1176
-642
26
931
1957
2635
2947
2948
2721
2505
2421
2812
3588
4182
3971
3037
2060
1181
396
-214
-717
-1203
-1314
-1129
-1032
-728
-321
-282
-991
-2337
-3228
-2938
-1265
1171
2862
3303
2826
1741
815
676
1194
2077
2641
2818
3628
5461
7400
7229
2577
-5932
-13874
-16380
-11668
-3557
1479
-2
-6644
-13917
-17347
-15170
-9538
-4716
-4270
-7732
-10519
-8653
-2153
4037
4274
-1532
-7836
-8396
-1864
7606
13956
13325
6976
-288
-3791
-1986
2469
4863
2153
-4101
-8726
-7263
-408
5650
4947
-2567
-10674
-12600
-7038
1643
7333
7320
3511
-376
-1316
1407
6147
9778
9647
6380
3379
3806
7702
11209
10157
4401
-1944
-4528
-2268
2005
4406
3448
-1
-3568
-5114
-4312
-2017
-41
174
-904
-1366
418
3873
6741
6935
4356
1442
886
3080
5971
7165
5934
3485
1529
861
869
611
-226
-1342
-1961
-1652
-500
517
406
-852
-2495
-2920
-1415
793
1814
1045
-367
-990
-293
1018
1828
1662
1165
1431
2314
3041
2912
1442
-928
-3038
-3344
-1619
708
1867
1146
-504
-1529
-1345
-736
-450
-808
-1040
-227
1407
3125
3659
2668
979
-445
-718
194
1584
2306
2262
2782
4533
6136
4067
-3983
-15138
-21894
-18487
-7436
2687
4853
-1688
-11784
-18879
-18900
-12246
-3994
-122
-2456
-7122
-7712
-1576
6611
9183
3001
-6824
-11336
-6276
4932
14302
15360
7951
-2457
-9347
-9792
-5581
-1427
-1790
-7235
-13321
-13929
-6802
3216
7494
2126
-7841
-12797
-7631
3604
12849
15239
11567
6431
3813
4709
8498
12719
13919
10664
5117
2167
4205
8481
9515
4341
-4180
-10331
-10287
-5309
-10
1859
-267
-3891
-6124
-5539
-2467
1525
4607
5489
4583
3893
5152
7887
9619
8456
5305
3290
4431
7227
8470
6853
3475
54
-2259
-3122
-2814
-2446
-3081
-4702
-6175
-6013
-4024
-1796
-842
-957
-1151
-449
1240
3082
4245
3917
2643
1798
1950
2751
3174
2986
2829
3068
3465
3121
1857
281
-1310
-2433
-2715
-1966
-383
804
311
-1677
-3706
-4306
-3149
-1388
-267
-83
-14
690
1848
2742
2306
677
-732
-1030
-40
1527
3009
4407
5155
4668
3835
4320
5727
3990
-4549
-16937
-24110
-19057
-5237
5859
5427
-5373
-18042
-25033
-23181
-14253
-3726
2249
643
-5354
-9079
-6201
717
4656
1399
-5832
-9303
-4062
7930
18462
19922
11047
-2265
-11536
-12621
-7402
-1410
442
-3165
-8955
-10991
-5987
2778
6887
1147
-9767
-15494
-9788
3450
14416
17137
12853
6570
2170
1257
4120
9088
12581
11552
6974
3448
4117
7200
7845
3118
-4749
-10247
-9611
-3687
2923
5701
3499
-1215
-4565
-4770
-2302
1402
4491
5615
4751
3979
5664
9421
11829
10152
6074
3475
4181
6325
6884
5615
3838
2077
101
-1908
-2980
-2929
-3141
-4460
-5483
-4540
-1969
13
-67
-1241
-1734
-1078
189
1439
2208
2255
1712
1522
2123
2814
2757
1917
1468
2172
3363
3915
3224
1685
-289
-2089
-2568
-1599
0
425
-1422
-4292
-5986
-5287
-3014
-833
44
-403
-1162
-905
923
2907
2954
754
-1625
-2004
-320
2333
4815
6243
5935
3759
1575
1482
2243
-1121
-11358
-23098
-26135
-16224
-1353
5999
473
-12552
-23415
-26006
-19777
-8594
1376
4574
82
-6542
-7592
-1421
5741
6033
-1620
-9419
-8963
1010
13760
20271
16122
4336
-7542
-13371
-11566
-5267
428
1492
-2998
-8997
-10025
-3420
5085
6290
-1902
-11650
-12057
-1113
12530
19873
18410
11997
5690
1936
2156
6732
12748
15206
11588
5060
1806
3919
7218
6297
-164
-7865
-11047
-7665
-505
5128
5691
1716
-3206
-5592
-4627
-1078
3333
6019
5724
3498
2566
5302
9756
11272
7725
2518
523
3205
7197
8635
7155
4021
804
-1523
-2633
-2704
-2707
-3405
-4604
-5057
-4016
-2155
-675
-417
-1263
-2192
-2004
-181
2284
3528
3165
2222
1730
1838
1344
88
-349
862
2618
3308
2628
1304
-284
-2440
-4427
-4723
-2780
-333
-106
-2599
-5534
-6013
-3904
-1364
-165
-580
-904
186
2334
4305
4287
1977
-962
-2359
-1230
1184
3291
4498
4617
3388
1381
440
1684
2593
-1473
-11337
-20889
-21696
-12168
-325
4182
-1300
-11597
-19665
-21539
-16513
-7263
1084
3494
-974
-6996
-8165
-3296
2219
1962
-3681
-8510
-6941
1434
11078
15770
12912
4288
-4925
-10150
-9548
-4349
1528
3646
59
-6012
-8380
-4102
2745
4592
-971
-7898
-8252
-719
8766
14085
14212
11514
7874
4464
3285
6130
11512
14585
12064
6164
2416
3376
6367
6901
3144
-2581
-6662
-6859
-3600
455
2688
2101
-418
-2696
-3043
-1006
2270
4255
3606
1673
1730
5413
10110
11490
8086
3114
1125
2960
5952
7277
6036
3281
230
-2099
-2821
-2325
-1965
-2683
-4407
-5765
-5679
-4438
-2946
-2098
-1745
-1086
297
2054
3004
2440
1232
934
1844
2733
2720
2106
1625
1401
1133
999
1101
859
-716
-3131
-4250
-3208
-1236
-430
-1756
-3949
-5309
-5242
-4082
-2597
-1351
-712
-642
-465
322
1431
1825
1015
-248
-1006
-747
293
1478
2429
2857
2655
1774
50
-1422
-1225
800
1952
-1611
-9410
-16152
-15989
-9272
-2658
-1650
-6154
-12022
-15394
-14701
-10166
-3658
1058
621
-4539
-9491
-8882
-2778
3115
3855
66
-3892
-3687
1160
7422
11168
9946
4523
-1859
-5310
-4077
273
3661
2017
-4390
-10384
-10231
-3245
4606
6378
1507
-3884
-4048
861
6602
9899
10813
10463
8690
6173
5417
7800
11384
12060
8260
3464
2128
4678
7741
7485
3230
-1978
-5080
-5094
-2867
-316
1308
1748
1004
-536
-1903
-1916
-193
1785
2065
1093
1258
3940
7711
9547
8203
5596
3980
3695
3889
3904
3575
2489
461
-1599
-2168
-1336
-1110
-2942
-6168
-8171
-7382
-4842
-2065
-5
830
636
85
113
1050
1899
1556
425
25
1192
3089
3920
2836
412
-1872
-2825
-2408
-1237
-434
-934
-2176
-3250
-3466
-2834
-2467
-2813
-3644
-4170
-3701
-2134
129
1920
2193
1001
-265
-500
-10
431
519
452
517
422
46
-102
-99
-440
-1395
-2492
-2684
-1883
-818
270
1676
2719
1063
-4214
-10490
-13149
-10204
-4847
-1424
-1684
-4713
-8299
-10234
-9028
-4917
-974
-1006
-5412
-10059
-10311
-5906
-714
1602
880
-699
-1201
24
2674
5863
7821
6656
2626
-1545
-3077
-1230
1782
2878
796
-2990
-4786
-2488
2025
4767
3743
1134
337
2185
4778
6563
7565
7754
6195
2981
1033
3383
9007
13039
11840
6704
1964
384
1279
2740
3601
3268
1745
128
65
2174
4612
4854
2368
-1429
-4016
-3835
-1176
2291
4087
3165
794
-209
1468
3919
4933
4095
2750
1970
1484
1493
2194
2841
1821
-1499
-4851
-5664
-3750
-1558
-1166
-2003
-2657
-2582
-2139
-1371
61
1562
1821
504
-893
-726
703
1561
708
-1338
-3066
-3036
-1212
949
1677
434
-1609
-2879
-2824
-2270
-2282
-2816
-3190
-2982
-2024
-461
988
1325
-112
-2451
-3331
-1876
431
1815
1354
18
-803
-1294
-1717
-1905
-1897
-1793
-1725
-1635
-1250
-638
-390
-1028
-2056
-2701
-2614
-1601
-238
695
1342
2362
3862
4740
2888
-1974
-6979
-8933
-7080
-3537
-1111
-878
-2422
-4716
-5921
-5159
-3104
-1940
-4018
-8226
-10872
-9374
-4804
-630
812
-1
-1300
-2000
-1440
348
2699
4129
3281
1134
57
1551
4669
6719
5991
3221
884
1038
3549
6409
7243
5488
2904
1359
1443
2428
3429
3927
3267
1220
-952
-1124
1480
5090
6552
4886
2240
1192
2217
3742
4443
4271
3900
3730
3840
4696
6231
7406
6892
4135
639
-1684
-2050
-719
918
1619
1155
265
92
873
1564
769
-1654
-4275
-5480
-5009
-3660
-2324
-1346
-394
313
451
526
485
71
-568
-1331
-1375
-151
1685
3006
2889
1545
-24
-840
-837
-903
-1677
-3015
-3804
-3503
-2866
-2822
-3409
-3728
-3478
-3178
-3336
-3749
-3722
-3202
-2661
-2298
-1537
-50
1416
1971
1408
603
368
445
411
167
-173
-395
-532
-819
-1105
-1022
-853
-971
-1577
-2684
-3439
-3107
-1904
-991
-1133
-1686
-1740
-1059
-527
-781
-1190
-880
261
1397
2018
2610
3795
5196
5800
4931
2702
158
-1355
-1124
99
978
704
-365
-1332
-2084
-2716
-3214
-3226
-2876
-3300
-4786
-6293
-6381
-4839
-3329
-3197
-4155
-5056
-4863
-3486
-1244
1650
4034
4730
3708
2214
1835
2655
3780
4143
3572
2655
2349
3617
5778
7451
7289
5290
3058
1610
958
408
-99
-300
-436
-731
-980
-340
1285
2780
3009
2000
1208
1729
3328
4877
4899
3489
1769
694
1023
2314
3666
4495
4466
3424
1758
280
-484
-854
-1815
-3718
-5635
-5815
-3974
-1683
-563
-928
-1628
-1861
-1688
-1479
-1268
-1022
-1052
-1508
-1819
-1074
678
2229
2331
1248
336
597
1594
1883
996
-447
-1547
-2042
-2489
-2811
-2644
-2190
-1844
-2122
-2742
-2780
-2299
-1948
-2057
-2312
-2033
-1241
-517
-244
-312
-310
-161
-130
-352
-730
-1092
-1173
-913
-318
484
1267
1850
1895
1399
465
-527
-1108
-1135
-811
-592
-387
-191
-77
16
-175
-462
-427
-83
305
507
346
72
13
199
729
1110
1373
1866
2398
2902
2969
2855
3263
4030
4428
3574
1302
-918
-1516
-518
1023
1383
111
-1616
-2951
-3232
-2624
-1956
-1702
-2336
-4025
-5971
-6814
-5941
-4379
-3660
-4036
-4407
-3420
-1272
437
959
727
512
471
515
871
1702
2860
3163
1893
-45
-1316
-908
662
1771
1868
1352
1156
1964
2924
2997
2174
1175
616
293
-35
271
1641
3357
4224
3816
3055
2956
3302
2979
1564
10
-668
-581
-368
-96
525
1314
1591
1006
173
-245
-156
-78
-500
-1200
-1700
-1647
-1081
-438
-84
67
418
1043
1454
1200
130
-1094
-1781
-2113
-2196
-1962
-1307
-454
-62
-173
-407
-293
256
615
447
14
-126
113
375
530
558
175
-590
-1260
-1601
-1552
-1284
-978
-937
-1257
-1701
-2104
-2137
-1957
-1972
-2084
-1972
-1308
-204
662
959
1042
1223
1277
973
586
339
331
362
272
410
692
914
903
357
-371
-718
-729
-517
-35
407
611
598
759
1239
1603
1666
1432
1346
1371
1171
975
1040
1569
2166
2204
1831
1626
1787
2026
2019
2177
2593
2499
1654
225
-813
-832
-839
-1485
-2673
-3633
-3828
-3712
-3293
-2419
-1296
-532
-764
-2064
-3735
-4856
-5339
-5567
-6059
-6775
-6945
-5874
-3552
-1096
123
-41
-576
-556
36
467
653
920
993
945
952
1417
2553
3384
3216
2398
1963
2546
3442
3466
2391
1077
77
-486
-584
-356
521
1596
1813
1626
1628
2088
2755
2603
1516
61
-831
-553
518
1393
1514
1464
1671
2003
2065
1473
506
-234
-751
-1218
-1460
-1301
-479
455
667
408
280
819
1546
1671
1287
577
28
-287
-433
-265
36
349
415
569
983
1227
1245
1010
647
253
-123
-341
-372
-83
153
-132
-601
-876
-723
-578
-1030
-1622
-1692
-1069
-442
-504
-1104
-1839
-2157
-2214
-2339
-2478
-2506
-2123
-1405
-795
-567
-425
-271
-71
-75
-347
-219
341
1101
1515
1220
626
323
620
1104
1279
1257
1280
1262
1063
938
934
904
771
123
-698
-956
-435
605
1411
1625
1633
1724
1914
2191
2337
2176
1858
1473
1075
876
1132
1832
2272
1939
658
-1031
-2097
-2296
-2133
-2577
-3617
-4476
-4760
-4317
-3506
-2820
-2549
-2798
-3463
-4158
-4419
-4115
-3685
-3799
-4386
-4744
-4286
-3028
-1509
-135
883
1336
1426
1379
1237
1140
1121
1080
901
554
336
510
892
1299
1634
1884
2337
2760
2807
2577
2048
1439
867
248
-347
-588
-234
578
1328
1588
1560
1469
1359
1150
914
959
1147
1283
1490
1677
1872
2274
2443
2247
1811
1163
521
83
-14
-1
54
292
683
1043
1179
1037
797
625
607
819
908
735
716
770
695
612
482
353
307
328
365
514
897
1131
836
-64
-1148
-1846
-2096
-2040
-2178
-2503
-2670
-2684
-2426
-2171
-1984
-1735
-1462
-1305
-1574
-1938
-2004
-1708
-1233
-985
-954
-854
-600
-44
579
988
1449
1576
1291
870
575
669
896
948
683
544
828
1325
1743
1806
1602
1314
1032
918
965
1040
986
660
250
-98
-215
91
449
706
773
532
361
497
791
896
600
132
-121
-103
236
620
805
892
712
422
242
-141
-1079
-2412
-3554
-4016
-3946
-3810
-3917
-4226
-4452
-4485
-4195
-3463
-2453
-1777
-1974
-2755
-3261
-3071
-2784
-2946
-3359
-3422
-2717
-1514
-84
1477
2804
3712
3859
3188
2476
2078
1830
1303
333
-481
-651
-124
822
1638
2163
2409
2369
2379
2343
2139
1841
1435
917
322
-131
-243
318
1265
1811
1944
1961
2216
2719
2847
2640
2328
1970
1609
1235
1232
1603
2105
2360
2092
1620
1265
1194
1069
682
149
-512
-1007
-1222
-1181
-943
-456
367
1154
1384
939
253
-347
-619
-813
-1250
-1613
-1653
-1301
-943
-545
-183
45
207
-171
-877
-1479
-1781
-1836
-1937
-2075
-2308
-2536
-2435
-2295
-2081
-1620
-1294
-1024
-818
-696
-439
-224
-209
-355
-496
-368
-3
358
633
948
1255
1381
1373
1343
1314
1233
1097
918
629
503
540
509
668
701
368
10
-152
69
491
653
425
97
2
233
495
486
467
534
557
677
880
1142
1288
1120
862
643
391
205
245
374
490
513
353
429
800
1106
1145
667
-479
-2045
-3551
-4574
-4951
-5185
-5525
-5679
-5530
-5003
-4052
-2908
-1817
-1122
-1155
-1944
-2944
-3397
-3393
-3285
-3202
-2939
-1955
-269
1406
2780
3891
4709
5011
4473
3372
2233
1457
863
18
-847
-1347
-1077
-280
667
1698
2339
2654
2817
2686
2321
1855
1301
757
384
248
451
1161
2343
3527
4248
4398
4176
3888
3504
2775
1912
1197
667
342
228
384
779
1246
1229
705
124
-376
-757
-1363
-2218
-2848
-3019
-2684
-1833
-882
-34
534
771
1020
979
726
378
29
-307
-895
-1343
-1532
-1176
-523
-205
-134
-178
-199
-268
-464
-874
-1212
-1458
-1934
-2496
-2851
-2604
-1878
-1192
-849
-728
-418
-21
245
289
93
-97
-326
-496
-333
64
603
984
1102
1144
1008
915
845
869
897
650
366
87
-37
-78
-158
-451
-678
-564
-434
-266
-254
-205
135
403
502
505
476
473
582
746
991
1360
1590
1618
1527
1323
1222
1326
1335
1057
538
-1
-217
-31
78
-24
-129
-60
307
632
798
710
181
-846
-2567
-4405
-5468
-5809
-5714
-5599
-5498
-4845
-3823
-2611
-1347
-344
383
392
-442
-1557
-2213
-2118
-1833
-1590
-1356
-829
279
1517
2675
3550
3758
3380
2451
1148
-95
-1030
-1648
-2164
-2601
-2659
-2090
-988
390
1538
2135
2443
2528
2386
2239
1991
1622
1448
1563
1867
2281
2876
3506
3900
3929
3424
2700
2062
1502
971
325
-173
-300
-177
-3
4
135
402
392
1
-636
-1153
-1435
-1453
-1205
-657
74
766
1449
1951
2301
2481
2328
1963
1372
593
-213
-900
-1089
-958
-885
-874
-954
-715
-259
-171
-284
-596
-1042
-1243
-1471
-1674
-1508
-1264
-1108
-1010
-890
-546
-168
-60
-228
-512
-606
-562
-643
-674
-540
-404
-403
-412
-341
-297
-265
-311
-423
-532
-399
-107
118
340
450
420
296
284
275
184
93
-128
-201
-123
-19
194
403
720
1068
1195
1164
1016
894
942
971
897
858
1026
1313
1453
1522
1613
1740
1648
1167
547
-23
-431
-707
-840
-837
-740
-504
-220
29
229
285
121
-293
-1104
-2279
-3473
-4365
-4602
-4282
-3992
-3781
-3376
-2744
-1914
-1129
-660
-254
-56
-536
-1424
-2105
-2104
-1758
-1558
-1507
-1354
-752
204
990
1248
1274
1187
691
-165
-972
-1428
-1566
-1692
-1879
-1926
-1510
-583
487
1538
2212
2543
2874
3298
3752
3863
3555
3045
2583
2178
1793
1508
1500
1745
1803
1507
1101
929
1019
1013
686
270
144
326
496
534
617
901
1246
1339
1236
1212
1312
1365
1196
1038
1054
1086
1010
879
816
783
840
820
697
484
43
-489
-1034
-1408
-1726
-1998
-2065
-1909
-1404
-913
-690
-519
-260
15
57
-138
-364
-423
-419
-551
-697
-761
-540
-428
-687
-817
-889
-857
-844
-1136
-1332
-1300
-1285
-1324
-1296
-1005
-531
-148
17
103
344
562
580
469
308
144
84
8
-179
-228
-103
40
130
119
76
209
536
903
1108
1070
937
938
1240
1578
1658
1610
1490
1262
966
672
440
320
249
20
-230
-298
-191
-49
-171
-383
-560
-759
-952
-1152
-1177
-1038
-750
-446
-131
342
585
613
470
-181
-1298
-2702
-3689
-3782
-3443
-3134
-2982
-2788
-2238
-1549
-1112
-983
-926
-889
-1395
-2263
-2891
-2806
-2013
-1355
-945
-229
733
1633
2140
1994
1551
1017
255
-734
-1542
-1839
-1772
-1565
-1433
-1172
-465
618
1593
2162
2468
2677
2811
2930
3096
2977
2762
2758
2789
2630
2185
1838
1667
1666
1617
1229
755
593
793
922
840
813
1100
1403
1334
1049
920
1138
1137
719
225
-70
142
324
360
619
886
1121
1288
1242
1216
1154
818
367
-269
-975
-1446
-1788
-1934
-1929
-1906
-1828
-1734
-1460
-1106
-816
-650
-447
-51
235
370
444
589
724
612
219
-199
-597
-1146
-1702
-2132
-2242
-2058
-1810
-1589
-1418
-998
-503
-369
-462
-581
-575
-613
-659
-604
-345
105
419
672
769
1010
1176
949
791
531
260
-43
-345
-319
15
439
640
868
1077
1114
1058
710
422
316
116
-59
-176
-63
393
811
1035
1196
1284
1210
871
413
-19
-396
-695
-880
-923
-811
-618
-580
-536
-408
-275
-161
-104
213
660
1012
1195
1281
1339
888
-67
-1341
-2509
-3021
-3127
-3286
-3555
-3474
-2888
-2213
-1686
-1359
-1027
-829
-1184
-1899
-2295
-1919
-1165
-626
-360
-56
445
905
1034
1021
887
474
-119
-847
-1355
-1539
-1457
-1213
-979
-793
-744
-579
2
821
1341
1524
1759
2204
2787
3048
2908
2723
2612
2368
1666
852
530
723
958
1035
1021
969
1175
1171
793
563
494
500
447
353
442
878
1336
1571
1563
1397
1201
885
733
650
484
512
438
353
337
103
-238
-577
-729
-990
-1423
-1569
-1398
-1059
-732
-621
-536
-248
-135
-185
-297
-195
267
501
612
781
954
987
707
117
-632
-1226
-1893
-2563
-2791
-2640
-2245
-1728
-1102
-354
385
780
780
639
382
38
-309
-477
-404
-112
165
236
443
809
969
688
163
-297
-570
-758
-822
-588
-126
363
643
875
1065
1155
961
508
117
-195
-231
-159
99
616
1059
1444
1636
1641
1493
1093
340
-473
-985
-1396
-1621
-1606
-1253
-423
219
382
287
144
127
-88
-508
-591
-349
102
673
1199
1851
2356
2470
2026
900
-639
-2338
-3725
-4487
-4502
-4113
-3634
-2901
-2061
-1229
-607
-215
56
110
-232
-888
-1238
-1077
-506
56
106
143
426
650
637
262
-99
-325
-673
-1109
-1532
-1625
-1277
-1049
-1263
-1520
-1468
-983
-265
367
972
1567
2017
2242
2367
2441
2415
2394
2250
1831
1447
1167
1114
1278
1169
904
592
187
-178
-527
-791
-738
-286
294
825
1359
1975
2501
2623
2247
1573
940
493
333
377
613
1063
1424
1539
1416
1064
416
-313
-1000
-1566
-1804
-1720
-1421
-854
-20
709
1123
1204
961
433
-44
-396
-667
-567
-133
403
815
1072
1105
719
2
-955
-1937
-2699
-3068
-3018
-2682
-2048
-1300
-505
149
522
777
704
395
2
-488
-776
-799
-723
-521
-251
-25
187
251
229
116
-77
-239
-339
-283
-232
-244
-222
-177
-176
-260
-387
-392
-197
51
241
415
623
911
1180
1163
1059
1001
826
684
504
123
-175
-393
-710
-885
-923
-824
-548
-266
69
301
495
764
931
930
761
576
373
166
119
187
444
892
1180
1227
1079
779
371
-327
-1314
-2320
-2934
-2903
-2401
-1789
-1219
-638
-156
139
289
271
130
-121
-610
-1159
-1605
-1814
-1748
-1632
-1453
-1026
-532
-278
-135
-89
-34
-72
-350
-687
-1139
-1522
-1807
-1938
-1817
-1468
-834
-43
758
1487
2020
2196
2282
2297
2022
1591
1209
1025
1083
1202
1173
1184
1213
1132
898
615
430
317
188
-23
1
355
866
1301
1507
1676
1822
1694
1290
865
670
778
946
947
890
1017
1166
1029
627
182
-234
-677
-987
-1024
-842
-554
-316
-158
-85
-164
-298
-425
-485
-594
-710
-619
-363
-11
371
693
753
587
204
-348
-954
-1399
-1570
-1555
-1363
-1213
-984
-641
-428
-440
-562
-687
-858
-938
-987
-978
-767
-522
-297
-116
18
140
124
38
-115
-226
-194
-174
-134
44
222
89
-94
-225
-404
-464
-568
-538
-152
384
766
935
1182
1381
1345
1150
818
506
292
172
3
-147
-128
-177
-296
-340
-300
-339
-288
-111
70
380
686
950
1096
1090
997
758
406
73
7
49
135
392
630
878
965
828
659
431
41
-652
-1308
-1645
-1716
-1464
-1146
-887
-640
-511
-401
-443
-561
-573
-615
-765
-1033
-1240
-1323
-1365
-1479
-1604
-1635
-1578
-1359
-991
-656
-346
-25
103
-58
-411
-711
-997
-1326
-1516
-1646
-1538
-1002
-189
583
1098
1437
1544
1598
1379
938
662
526
673
813
857
993
1221
1508
1580
1479
1290
1096
955
906
918
1003
1321
1557
1672
1582
1320
1163
960
633
203
-78
-68
60
189
317
418
475
541
467
244
128
218
419
676
747
721
736
545
276
-134
-504
-750
-956
-954
-983
-879
-685
-497
-173
37
69
32
-126
-365
-501
-630
-622
-468
-337
-294
-283
-291
-461
-688
-962
-1182
-1264
-1266
-1155
-1033
-964
-773
-615
-668
-735
-726
-632
-533
-468
-296
-71
135
277
334
425
377
194
-85
-331
-326
-256
-113
19
203
425
446
393
349
271
62
-211
-338
-353
-288
-8
319
515
829
1053
1117
1138
972
965
998
863
878
856
839
865
702
678
640
532
396
108
-12
-103
-158
-33
85
210
357
533
832
1056
1014
751
337
-98
-561
-897
-1056
-1120
-948
-931
-1161
-1279
-1263
-1175
-1229
-1401
-1659
-2004
-2236
-2344
-2320
-2143
-1754
-1405
-1195
-940
-753
-580
-470
-471
-451
-480
-582
-526
-404
-332
-299
-478
-650
-642
-553
-457
-256
102
552
913
1138
1386
1692
2030
2039
1815
1612
1444
1456
1419
1360
1544
1786
1841
1694
1507
1230
827
621
399
165
168
142
261
582
726
642
557
535
487
504
545
674
908
1116
1265
1251
1161
1018
744
379
25
-324
-554
-630
-688
-564
-320
-233
-311
-417
-524
-673
-788
-790
-624
-347
-106
77
225
271
210
-51
-381
-595
-832
-971
-1108
-1287
-1272
-1178
-1199
-1279
-1280
-1342
-1476
-1589
-1688
-1597
-1331
-1015
-726
-427
-70
124
220
225
97
14
-83
-119
-58
101
333
397
356
294
207
99
-26
-18
156
190
198
366
516
776
834
732
730
562
543
546
510
672
780
791
769
726
623
578
517
406
410
446
545
604
607
605
416
213
55
-159
-328
-328
-142
156
522
856
1126
1352
1429
1184
664
87
-358
-734
-1100
-1312
-1353
-1204
-1101
-1218
-1243
-1157
-1045
-972
-1033
-1189
-1400
-1500
-1467
-1472
-1420
-1235
-1045
-906
-870
-831
-756
-644
-527
-536
-591
-615
-615
-625
-740
-812
-772
-785
-684
-352
-18
266
554
809
964
1023
1090
1205
1269
1208
1222
1280
1285
1310
1323
1315
1350
1392
1418
1406
1271
1184
1158
1029
898
734
624
584
422
316
275
245
276
286
425
697
758
685
657
642
575
475
504
535
596
687
679
622
411
124
-88
-274
-430
-504
-553
-531
-469
-350
-156
-107
-73
-51
-160
-356
-624
-787
-937
-1037
-978
-869
-774
-648
-547
-573
-692
-925
-1062
-1209
-1347
-1345
-1435
-1438
-1390
-1398
-1227
-965
-787
-626
-402
-152
-36
71
282
307
356
431
398
403
438
482
418
378
471
497
474
565
602
572
607
490
297
132
98
187
161
197
242
215
213
218
217
239
304
293
423
600
605
757
808
705
568
304
164
-40
-222
-211
-283
-326
-251
-175
-168
-29
155
299
466
476
557
679
708
751
630
371
212
12
-222
-284
-336
-416
-494
-580
-640
-631
-631
-755
-910
-1138
-1332
-1556
-1831
-1888
-1843
-1692
-1469
-1286
-974
-766
-579
-265
-171
-173
-219
-288
-338
-474
-598
-622
-591
-529
-350
-127
115
289
484
639
544
556
654
688
721
676
613
703
888
1019
1155
1267
1391
1501
1442
1335
1261
1137
1038
962
913
886
710
638
613
425
316
220
134
160
233
322
477
679
811
929
996
947
1018
934
746
714
501
376
323
162
112
37
-97
-281
-544
-694
-790
-836
-779
-803
-775
-673
-632
-629
-556
-476
-518
-578
-583
-674
-798
-861
-1023
-1064
-1082
-1230
-1316
-1390
-1284
-1106
-1110
-1111
-1085
-1075
-1028
-979
-933
-807
-633
-458
-185
70
265
529
675
699
720
650
511
392
378
379
419
536
596
659
653
618
561
364
234
101
13
63
194
410
573
754
902
1005
979
796
652
561
450
296
267
330
396
452
436
353
220
85
-73
-184
-217
-158
77
309
435
544
719
835
745
566
304
91
-111
-281
-257
-230
-143
-71
-79
-145
-365
-607
-877
-1085
-1211
-1410
-1493
-1477
-1569
-1604
-1592
-1656
-1595
-1552
-1615
-1441
-1253
-1103
-809
-556
-438
-440
-398
-338
-340
-459
-581
-523
-427
-253
-77
8
194
358
427
486
515
489
463
518
597
703
906
1126
1219
1257
1267
1273
1251
1205
1217
1212
1234
1324
1401
1363
1265
1143
1030
790
485
371
220
243
353
258
343
480
579
683
696
727
668
597
659
644
579
581
548
542
439
295
192
-6
-154
-214
-343
-532
-619
-688
-661
-699
-883
-842
-885
-938
-845
-823
-755
-644
-578
-627
-634
-711
-893
-952
-1097
-1213
-1155
-1206
-1301
-1233
-1123
-1050
-980
-949
-907
-791
-702
-659
-516
-332
-198
13
112
210
399
415
491
438
386
461
325
278
208
164
253
264
270
327
413
366
328
386
392
402
420
454
503
587
679
663
689
764
851
851
770
796
695
624
613
498
457
372
365
405
347
387
420
379
308
266
299
266
200
201
178
13
-124
-179
-220
-197
-224
-312
-343
-360
-424
-443
-460
-548
-663
-819
-1112
-1432
-1649
-1755
-1797
-1728
-1628
-1530
-1215
-979
-854
-692
-640
-636
-703
-790
-834
-856
-733
-677
-649
-446
-327
-65
170
226
416
478
415
450
488
423
456
543
522
458
427
569
647
708
886
930
1027
1117
1111
1109
1056
1115
1134
960
935
943
852
806
680
601
460
310
327
297
274
266
333
409
417
432
425
474
474
443
431
362
306
300
315
405
472
464
468
361
161
-48
-299
-583
-698
-799
-858
-790
-768
-641
-566
-548
-498
-584
-674
-671
-740
-852
-857
-860
-847
-758
-741
-776
-792
-806
-862
-957
-1029
-1035
-967
-861
-715
-522
-344
-272
-226
-141
-66
-48
-63
-69
12
160
197
209
270
382
509
562
585
566
595
600
591
646
585
593
695
597
480
493
434
422
490
427
436
535
593
648
647
652
630
620
515
419
487
365
315
423
401
306
271
303
285
286
205
64
-26
-197
-276
-249
-362
-472
-490
-540
-589
-604
-610
-574
-517
-561
-659
-751
-882
-977
-1025
-1094
-1100
-1059
-1010
-929
-789
-630
-510
-438
-517
-584
-666
-759
-739
-735
-673
-704
-605
-362
-240
-47
121
299
366
363
415
393
468
484
484
644
705
735
795
825
879
868
811
702
668
685
652
724
785
797
840
896
930
908
834
770
698
630
528
450
473
434
504
586
553
577
549
447
328
257
195
70
-57
-146
-151
-69
-30
1
34
36
58
-19
-173
-301
-367
-431
-517
-540
-519
-557
-568
-513
-518
-536
-623
-765
-869
-957
-946
-868
-862
-815
-722
-661
-594
-608
-583
-561
-574
-504
-512
-533
-455
-366
-288
-193
-85
11
-31
-29
63
33
20
107
154
229
343
405
506
548
578
584
518
517
495
520
519
515
661
634
583
699
679
664
727
636
558
482
381
307
219
220
269
267
199
177
228
234
195
163
47
42
77
-93
-136
-120
-98
-65
-146
-143
-106
-116
-175
-243
-312
-429
-489
-642
-706
-657
-758
-708
-692
-823
-874
-966
-992
-992
-1041
-939
-925
-877
-628
-517
-400
-286
-305
-302
-359
-425
-437
-487
-463
-351
-232
-70
86
138
201
303
339
340
298
323
391
424
583
697
805
924
969
1127
1111
990
948
898
842
751
706
709
724
740
842
889
816
744
656
591
472
325
260
140
121
167
109
157
169
248
342
200
155
118
18
-38
-173
-192
-243
-322
-258
-303
-313
-296
-335
-351
-420
-506
-563
-584
-530
-495
-473
-447
-502
-463
-434
-429
-447
-529
-517
-573
-651
-648
-576
-495
-404
-323
-257
-211
-288
-387
-376
-355
-460
-462
-396
-391
-293
-128
-76
-11
114
151
209
223
194
275
282
239
308
335
373
428
492
587
552
553
539
485
523
548
550
510
535
490
415
491
416
334
383
321
331
358
334
435
471
495
513
463
442
321
197
52
-77
-98
-210
-300
-253
-188
-126
-90
-97
-150
-207
-208
-275
-387
-453
-493
-505
-474
-491
-526
-475
-543
-615
-674
-855
-917
-971
-1037
-990
-953
-908
-756
-673
-616
-537
-566
-555
-611
-656
-581
-530
-524
-447
-233
-41
8
110
261
254
236
227
181
199
214
251
362
469
584
673
768
853
949
965
964
1058
982
1031
1140
1011
966
964
957
913
752
681
674
562
485
407
332
344
250
179
160
149
99
20
23
16
3
-64
-135
-169
-230
-231
-252
-317
-308
-274
-303
-377
-369
-432
-503
-486
-539
-604
-563
-502
-554
-493
-400
-410
-374
-352
-391
-469
-505
-490
-488
-479
-421
-330
-258
-139
-147
-182
-125
-227
-287
-370
-439
-414
-417
-329
-208
-106
-89
15
69
36
43
-7
50
87
128
219
321
403
419
481
570
493
372
324
274
335
289
247
356
461
557
587
571
582
551
414
364
317
231
207
216
277
267
254
281
264
180
163
133
18
-65
-151
-156
-168
-229
-252
-255
-270
-320
-345
-401
-424
-407
-432
-421
-445
-502
-506
-479
-495
-584
-598
-637
-669
-644
-685
-606
-602
-623
-513
-517
-490
-431
-422
-381
-345
-318
-312
-323
-315
-274
-264
-264
-210
-157
-99
-5
112
215
242
323
375
385
390
363
457
471
517
544
574
714
662
624
668
657
620
660
607
580
740
744
757
826
802
795
709
557
456
336
217
144
123
184
180
154
246
249
176
129
20
-107
-203
-307
-372
-362
-379
-359
-276
-264
-241
-190
-185
-296
-313
-341
-507
-464
-453
-488
-412
-403
-400
-367
-386
-390
-358
-374
-343
-319
-326
-271
-328
-288
-171
-195
-96
-48
-65
9
-3
12
46
-18
0
14
-16
48
90
88
125
179
179
224
244
233
334
292
299
351
275
368
416
400
424
407
418
327
238
236
233
187
185
221
197
186
179
177
160
110
49
7
-46
-62
-53
-100
-69
-68
-140
-181
-204
-256
-326
-322
-375
-462
-424
-358
-362
-346
-259
-271
-320
-318
-397
-425
-421
-494
-457
-421
-489
-411
-406
-432
-360
-378
-394
-442
-395
-318
-296
-210
-125
-59
-26
-3
16
11
-45
-33
-7
-65
-44
-21
30
118
176
292
294
339
406
327
389
390
338
352
412
440
408
519
560
587
627
684
680
618
624
571
526
475
400
336
372
399
353
335
362
394
381
371
357
336
293
278
305
233
138
129
110
40
40
4
-118
-151
-192
-252
-280
-298
-295
-294
-304
-200
-172
-266
-294
-325
-299
-334
-407
-451
-479
-435
-493
-510
-410
-444
-452
-434
-451
-344
-355
-486
-453
-385
-409
-350
-318
-344
-242
-216
-156
-71
-122
-62
-5
49
147
138
162
157
156
247
261
252
262
237
243
303
287
239
258
276
316
394
410
400
396
407
453
424
363
317
331
285
287
355
208
151
204
164
157
114
75
111
30
-25
12
-38
-35
-16
-53
46
-13
-48
11
-69
-39
-95
-82
-97
-197
-112
-153
-167
-141
-183
-134
-140
-198
-204
-170
-208
-272
-316
-403
-435
-419
-496
-534
-455
-460
-422
-358
-412
-399
-285
-249
-350
-371
-312
-268
-358
-340
-257
-321
-250
-234
-220
-171
-192
-182
-141
-53
-72
-50
64
118
173
259
255
235
299
274
237
316
369
345
390
454
490
481
477
519
482
401
430
450
357
385
359
367
430
348
386
378
310
303
288
291
188
136
149
193
251
221
214
222
196
144
106
-8
-129
-95
-116
-207
-198
-174
-162
-159
-185
-148
-128
-195
-167
-219
-314
-268
-321
-371
-362
-371
-349
-286
-287
-270
-274
-383
-342
-305
-285
-299
-368
-282
-246
-303
-276
-246
-302
-239
-129
-152
-134
-133
-94
-60
-65
48
4
10
115
63
63
114
59
-1
64
71
28
94
115
100
87
78
131
108
101
138
140
149
166
125
117
107
71
135
161
148
96
77
100
67
39
28
33
52
95
97
98
66
26
72
49
-48
-42
46
40
33
55
51
70
44
60
48
-41
-59
-83
-156
-213
-240
-233
-246
-198
-101
-164
-219
-239
-262
-219
-288
-369
-294
-212
-218
-213
-153
-118
-170
-219
-121
-115
-173
-168
-124
-52
-83
-97
-47
38
66
85
144
187
223
196
156
240
289
238
306
318
243
269
297
226
167
224
285
241
239
325
285
262
216
162
224
150
105
159
161
109
72
57
-16
-45
-30
-67
-68
-58
-81
-41
-42
-61
-41
-8
3
-4
-32
-92
-97
-102
-150
-187
-103
-60
-73
-19
7
0
-46
-70
-79
-45
-51
-85
-58
-54
-62
-33
-26
-59
-22
9
10
56
63
0
37
67
36
79
36
39
33
1
35
3
-33
-39
14
37
69
110
80
74
61
83
83
72
97
68
74
100
83
73
4
-21
-38
-48
-10
-89
-100
-76
-71
-25
-37
-70
-74
-71
-39
-56
-120
-98
-131
-180
-139
-124
-108
-171
-160
-80
-146
-113
-123
-138
-106
-122
-93
-141
-162
-97
-103
-194
-155
-56
-44
-75
-92
3
6
15
23
-85
-48
10
1
-17
29
88
33
46
102
133
44
-16
40
51
147
76
8
171
225
202
207
242
236
215
219
237
228
187
208
229
238
232
203
204
205
165
107
106
148
102
129
150
144
196
133
110
96
53
31
17
12
10
-5
-72
-24
21
-26
-35
-51
-43
-26
-95
-119
-62
-110
-120
-72
-83
-41
-8
-41
-44
33
3
-33
-3
-31
-23
-24
-17
-41
-58
-27
-70
-34
-10
-46
-5
-79
-89
-24
-51
-31
-83
-87
41
-4
-33
6
-45
-3
-22
-90
-68
-79
-117
-78
-40
-50
-61
-42
-20
-26
-1
38
0
-19
73
38
-23
76
74
11
76
74
48
47
16
65
59
52
72
74
129
152
135
108
120
90
38
65
6
-45
-40
-9
10
-96
-58
18
-21
-1
10
3
-36
-87
-91
-116
-120
-89
-112
-106
-33
-23
-64
-72
-88
-95
-93
-118
-102
-87
-88
-82
-73
-59
-63
-55
-64
-57
-74
-29
-23
-93
-1
12
36
135
108
107
118
64
15
-25
-86
-93
-61
-105
-98
-59
-92
-65
-46
-49
-55
-6
40
-25
0
15
4
-34
-30
69
35
-35
-31
21
4
-63
-106
-101
-65
-21
-22
-21
7
6
56
47
86
130
103
110
130
188
137
78
148
157
129
173
182
96
66
96
36
7
25
-29
-6
35
36
92
74
74
108
68
88
84
19
-21
-17
-33
-79
-85
-111
-100
-96
-150
-135
-140
-128
-149
-161
-91
-110
-52
-47
-90
-35
-38
-19
-43
-61
-49
-99
-101
-96
-56
-55
-79
-69
-53
20
-52
-107
-56
-95
-23
-19
-54
17
-28
13
67
26
0
7
-1
-68
-44
-97
-118
-144
-155
-29
-43
-19
-4
2
68
-34
-50
40
-16
-12
52
46
97
83
41
81
53
72
105
34
17
43
27
14
41
78
85
125
156
141
134
113
82
33
89
107
40
83
49
16
26
-39
-49
-55
-88
-26
-24
-59
-3
-55
-89
-48
-49
-18
-33
-51
-62
-80
-59
-104
-107
-44
-74
-68
-18
-7
8
-91
-94
-12
3
-10
-66
-8
-40
-79
10
10
-30
-15
17
100
139
67
35
19
-1
60
67
19
9
44
110
40
27
39
-39
14
-7
2
60
-52
-34
38
45
87
89
36
36
100
66
-32
-36
1
-7
5
-5
-8
5
-18
-9
-50
-67
-38
-59
-35
-9
-23
-1
23
16
20
4
-10
14
-2
-61
-40
-42
-14
25
-58
4
108
9
-29
23
1
4
-2
-48
14
37
-24
5
87
88
62
74
76
95
87
18
-8
49
-8
-44
62
37
3
-16
26
120
63
-19
13
60
44
34
2
17
32
-26
23
77
28
-20
17
-22
-65
15
-9
-62
-53
10
54
18
13
40
0
-8
36
43
22
-72
-89
-31
-66
-44
-86
-164
-50
-28
-76
-48
-43
-45
-77
-45
40
26
-30
-21
17
-4
-21
-12
-59
-88
-73
-29
-4
-70
-49
-25
18
98
52
73
94
81
111
86
39
92
106
46
107
118
118
99
40
90
65
61
23
-11
54
43
50
42
33
30
56
56
4
26
-19
-13
13
-6
-42
-72
18
-30
-84
-62
-139
-114
-93
-126
-133
-111
-55
-73
-53
-12
-46
-18
-1
-53
-24
-44
-78
-32
-50
-47
-46
-72
-24
-35
-74
-26
-34
-35
27
-5
-5
40
24
60
44
-4
5
18
8
-36
-8
4
-118
-76
17
-55
-47
-59
-40
27
23
-10
-66
0
62
32
3
-17
17
49
-25
-36
60
-18
-9
29
-29
17
-16
-6
-4
4
50
11
84
108
53
80
94
91
77
61
23
77
125
29
-14
-20
-7
16
-30
-59
-45
-21
4
-3
-11
-15
22
49
66
71
-6
2
0
-24
10
-71
-45
-11
-80
5
14
-64
-85
-53
39
-26
-106
12
67
52
7
30
69
6
86
121
-10
-9
59
-3
-33
-28
-83
-34
16
3
-42
-25
-7
-43
-8
3
-29
-49
20
8
-74
-9
-2
-47
-40
-28
-23
-75
-60
-8
-60
-109
-92
-56
-9
-14
-59
-47
-6
32
-14
-87
-20
39
7
13
-6
2
50
21
14
9
39
37
-10
9
-10
2
-2
-3
89
4
-59
47
67
24
-35
10
34
-36
29
54
2
-2
3
59
77
-31
-31
44
-27
-10
25
-46
-21
-9
29
68
-15
9
50
13
-10
-7
26
12
16
-29
-24
48
31
38
37
40
30
47
45
-42
-75
-49
-5
-44
-42
-48
-69
-21
-35
11
0
-52
-26
-9
25
-23
-65
2
-44
-57
-14
-38
-21
-51
-83
-42
-59
-81
-22
-17
-18
29
44
59
51
0
17
30
46
84
20
-4
33
36
51
77
41
26
95
103
26
26
51
54
83
47
59
94
93
88
19
55
71
20
23
11
42
37
40
36
-20
-1
-1
-24
1
-11
-82
-38
43
-28
-54
1
11
-8
-9
8
-39
-114
-100
-8
-15
-79
-70
-59
-53
-23
-22
-108
-117
-56
-35
-24
-54
-19
23
29
42
23
9
2
45
-5
-47
-20
-46
2
-18
-71
-35
7
32
20
-2
11
47
75
109
54
65
52
-8
31
25
-39
-68
-28
-6
5
-19
-47
0
40
-1
-93
-36
44
-26
-36
-28
27
74
-10
1
8
27
51
-43
-8
-13
-49
22
0
7
23
-23
-1
45
-2
2
9
-13
113
147
48
43
44
31
102
54
-34
-60
-93
30
61
-44
-52
-23
79
71
-4
33
-8
4
26
-40
12
3
-37
-31
5
28
-42
-44
-31
-9
-55
-31
86
-6
1
33
6
44
20
52
16
12
17
-5
56
-3
-14
45
35
36
38
-26
-2
32
-42
12
16
-28
33
53
43
6
4
42
1
-33
-9
-59
-101
-12
-2
-61
-64
-48
-6
18
-27
-62
-20
-42
-46
-28
-39
-32
-46
14
-7
-63
22
-2
-79
13
28
-14
9
-20
-10
39
20
-40
10
8
-80
28
62
-15
11
55
77
67
45
8
15
29
13
-10
-10
51
0
-52
-18
41
32
-74
-52
1
-1
11
-22
-14
3
-17
10
9
-11
-42
-48
-4
-65
-46
54
-2
-20
43
-14
-47
3
-72
-122
-102
0
-1
-84
1
44
28
-25
-19
6
-6
-18
-64
-102
-45
-6
-30
-19
-46
-35
-8
-27
16
-25
-121
-46
31
45
65
42
25
49
43
28
28
-30
-51
29
43
2
35
57
-7
-11
64
37
9
-17
-53
25
20
-13
34
63
76
50
22
26
55
40
-59
-80
-14
10
2
-10
-5
2
35
55
39
51
50
56
57
50
88
31
-5
-30
-11
105
20
-71
-28
19
12
23
21
-68
-9
11
-30
-45
-81
-45
-66
-72
11
-1
-45
-36
-21
22
14
-41
-52
-64
-48
23
-30
-32
5
-53
7
17
-8
-10
-30
54
73
-30
12
85
67
40
-9
58
64
47
33
-49
30
66
41
62
37
36
46
2
36
45
-25
4
-38
14
108
48
65
5
7
65
66
48
-54
-4
36
10
7
-35
-29
-67
-60
1
-23
-59
-43
-33
-71
-3
94
11
-38
9
5
41
-61
-142
-15
-46
-61
5
-5
8
48
-1
-7
55
-8
0
15
-2
33
29
-14
-12
27
61
5
-41
44
28
-37
-48
-40
-36
-56
-46
5
-30
-80
-24
-4
-35
-19
8
9
23
16
-31
-6
35
-76
-87
12
49
20
-10
74
96
10
10
68
68
23
-4
57
75
24
27
23
17
40
68
-4
-45
6
-52
-70
-11
-11
-25
-36
-6
30
-14
-70
-47
-28
-66
-68
-53
-26
-23
-80
-16
41
-4
-24
-22
56
36
-28
-10
-9
-23
-69
-69
-7
25
-8
0
39
30
37
36
0
3
-12
-27
-23
-58
-53
-55
-17
35
19
45
53
17
45
-20
-33
46
-26
-44
-1
27
22
37
16
-17
46
2
-16
29
-1
26
2
-38
72
67
-9
-21
0
41
11
-10
-48
-63
-9
-7
-23
-12
11
28
51
46
58
23
-1
70
47
-7
8
6
27
-4
-7
62
4
56
131
70
2
-6
56
-38
-60
8
-70
-45
-1
0
38
26
12
-18
-19
14
-67
-112
-73
-93
-38
-36
-56
-14
-5
25
-8
-37
41
-16
-99
-23
-34
-18
35
41
63
1
43
36
-27
28
-47
-37
20
-29
9
9
4
70
48
14
38
55
47
-13
-66
-16
48
49
21
-28
11
47
35
51
-33
-63
18
-4
-30
31
27
-64
-25
83
48
22
-26
-1
75
-17
5
3
-100
-64
-36
-46
-57
-55
-10
-11
-21
-24
-33
-15
-2
-31
-6
-28
-82
31
26
-40
-17
10
79
64
-19
-58
-57
-37
-25
-30
-28
-10
62
61
45
69
38
21
-25
1
-39
-33
6
-78
10
33
69
26
-31
73
3
-3
21
-23
-54
-31
65
3
-38
90
111
22
12
11
-1
12
-11
15
13
19
32
-17
61
42
-30
48
-4
8
51
-37
-61
-71
25
53
-7
-38
-29
32
30
31
13
-2
-40
-31
26
-1
-56
-51
-1
32
99
21
3
52
22
63
30
-35
-64
-31
-31
-24
41
26
40
43
21
54
26
-55
-16
-8
-45
-31
-69
-28
0
-32
13
18
17
12
-64
-15
0
-79
0
26
-26
9
-11
19
50
-33
9
23
-64
-75
-11
15
-43
-47
46
86
31
34
46
43
67
51
54
-26
-63
-1
-48
-49
11
13
20
53
67
34
45
39
-12
25
3
0
-7
-80
0
50
-26
-25
19
-13
-3
-48
-79
-25
-54
-55
-53
-13
-2
-41
36
32
-36
-38
-43
-71
-72
-47
-64
-8
-9
-15
40
8
46
4
-27
37
-37
-39
3
-87
-90
43
26
14
48
6
85
82
-32
6
43
-5
-34
-26
-3
-3
-10
-43
-1
66
42
20
39
77
51
14
22
36
22
18
4
24
46
5
-5
27
36
-10
6
5
-4
11
19
26
-8
10
38
36
-14
-17
-9
-108
-50
1
-84
-63
-11
39
46
44
91
10
-19
23
-36
-58
-45
-91
-59
27
27
13
17
48
58
47
61
24
-18
26
22
-1
-17
-6
56
1
-26
9
-37
-61
-71
-9
15
-16
38
41
59
72
21
15
29
-15
6
4
-89
-45
-18
-18
14
-26
2
47
47
33
16
57
80
54
4
-30
-17
17
6
-66
-20
20
-28
10
8
6
24
-13
48
34
-29
42
-22
-2
77
3
44
11
-54
-58
-3
23
-63
-30
-20
29
69
7
41
69
68
0
-19
-33
-82
-85
-99
-8
-4
-55
-17
14
-11
-18
18
12
39
-3
-71
-51
-77
-51
-8
-46
-24
15
19
-18
-61
-8
5
-1
17
8
48
0
-53
2
28
27
-21
-5
-12
-66
-20
-24
-49
-45
-11
16
42
22
8
70
-36
-54
82
-28
-82
-27
-38
7
11
0
-18
-7
46
75
50
36
42
20
-1
-51
-16
35
-15
22
45
17
41
21
40
22
-2
36
14
-3
-37
-75
-76
-5
-7
5
72
-25
-50
-33
1
-6
-113
-12
33
-6
39
0
12
10
-65
-22
-31
-39
4
-86
-109
-8
17
46
67
35
26
80
38
-11
4
-112
-74
68
38
0
-31
-42
28
27
-11
15
13
33
50
1
-6
9
43
40
22
25
-3
-15
3
-2
-40
-47
26
66
-26
-72
0
35
23
-11
0
35
13
-12
-34
8
-36
-99
-33
-23
-67
-66
-1
51
52
50
-35
-38
62
15
5
-8
-34
6
-7
24
-5
-77
8
93
51
-30
-52
-35
-1
37
3
10
87
35
-27
-18
-17
-24
0
-6
-90
-80
-33
-27
-25
-20
7
39
64
68
10
-62
-29
43
21
-23
-29
-60
-35
-18
-10
63
16
59
58
-49
40
3
-48
-39
-32
30
-1
7
-2
-38
-34
-7
38
21
-6
-81
-58
0
-36
-17
-26
25
82
20
58
47
-51
-19
-33
-48
4
12
-12
-38
9
58
42
51
21
-28
32
37
-17
-73
-85
-28
31
16
-48
15
44
30
36
-64
-76
-27
-37
0
-9
-23
34
51
40
21
7
20
35
18
52
11
-91
-31
-5
14
47
41
45
20
32
17
-33
-75
-44
42
20
-39
-56
-21
32
0
-44
31
38
-18
-51
-75
-60
-52
-25
-15
14
41
-5
35
27
16
50
-3
21
3
-15
-26
-41
30
44
24
30
30
-15
-11
5
-40
-35
26
52
8
-14
17
26
18
-26
-38
24
36
-55
-83
9
-10
-31
15
-18
37
75
13
33
19
-11
-14
-3
18
-7
-4
20
8
-58
-69
19
-12
-15
34
-11
44
23
-86
-66
0
19
-26
-2
20
-9
1
-41
-93
-37
7
4
46
14
-14
10
66
76
-2
5
48
25
49
28
-90
-20
-19
-18
47
-30
52
86
9
3
-12
10
-4
-16
8
-29
-2
6
-67
-77
-85
-46
5
41
69
-30
-46
8
21
34
24
40
52
26
9
22
-31
-36
19
32
37
-1
14
58
-12
-39
76
105
35
13
8
-22
10
-22
-68
6
-33
-67
-24
14
7
16
45
0
-13
13
52
-1
-47
11
-26
-39
2
-6
5
14
31
59
60
74
-21
-87
41
63
-2
-22
8
26
-61
-56
7
-6
-23
-44
-51
-61
-23
-1
5
-3
14
48
-28
39
17
-142
-74
13
-28
-48
-18
-13
21
43
38
77
86
-43
-34
70
1
5
24
3
7
-6
27
4
-19
16
-43
3
33
-43
-21
-9
39
43
-3
18
8
-56
-52
4
-12
-75
-26
28
-17
12
8
-13
33
53
48
-35
-50
41
2
-38
-25
-69
5
0
-79
-4
12
31
5
-54
20
-6
-28
15
-52
-38
-7
-21
-23
-65
-58
-5
1
-19
13
-33
-23
94
8
3
64
5
46
37
-29
-30
-36
64
40
-125
-37
48
47
21
-8
73
22
37
55
-25
20
-38
-23
24
-39
-37
-52
-54
-54
10
43
12
54
10
10
32
35
29
-56
-17
48
28
-4
-45
-17
1
10
49
26
24
2
0
52
12
-31
41
59
17
16
-27
-2
-32
-69
-29
-29
21
-32
-55
31
7
14
69
36
5
27
25
-8
-86
-45
22
2
-27
-32
17
24
52
62
35
23
11
15
-10
-39
-17
-1
28
57
-12
0
14
-45
33
9
-54
-6
-26
-16
-23
-8
63
56
55
27
-9
44
-7
-56
9
-34
0
34
-43
29
73
-2
17
59
27
-8
-52
-28
-1
11
34
-44
-26
19
-25
-8
-26
-5
12
-30
15
-54
-35
47
-45
0
24
-5
30
-11
-5
11
-13
6
45
18
-12
19
21
21
45
-11
-25
11
-19
24
49
0
-28
-17
15
-16
-22
-13
-5
0
-46
-43
-26
-66
-67
-3
-12
42
64
-63
-36
1
-34
-7
-22
-60
-19
6
6
8
33
-8
-5
89
12
-14
-31
-35
52
9
-31
-9
22
20
21
52
35
7
-21
-21
8
-33
-40
5
27
43
3
25
12
-42
11
47
5
-36
22
-2
-50
-25
-24
20
-6
7
32
17
55
-16
-21
15
-66
-31
-36
-58
-9
-48
-14
10
10
46
8
6
57
17
-9
-10
-36
-38
-24
7
3
33
76
58
39
29
33
8
4
10
2
10
16
58
49
2
7
39
78
-2
-44
-6
-44
-42
-72
-61
-2
26
45
-5
21
87
6
-61
-27
-35
-57
-57
-51
-54
-73
-43
50
76
12
45
71
-4
43
38
-14
-12
-61
47
10
-35
34
-69
20
109
26
4
7
0
16
46
3
2
38
29
27
15
35
0
-56
25
37
-26
1
-1
-41
-32
15
43
47
26
54
85
25
14
-21
-58
-16
-15
-41
-37
-41
-23
-12
-1
53
19
11
102
2
-63
-25
-55
1
-43
-90
-10
-5
2
18
23
10
21
-6
-15
15
-43
-20
19
-19
-16
-32
-23
52
-6
-13
38
-2
-18
-69
-90
-71
-50
20
-2
-67
50
26
-83
-3
-22
-13
21
-46
-87
-89
-8
37
-53
-48
51
74
45
24
42
30
-21
-50
5
22
27
51
-20
28
135
80
4
19
36
64
102
15
-44
-36
-42
0
30
48
35
13
41
53
3
-35
7
39
37
-14
-79
-25
77
11
-65
4
17
34
25
-83
-58
26
0
-39
-27
14
0
11
-17
19
137
10
-90
-35
-9
-50
-70
-44
-41
-41
-49
14
40
-29
-26
48
68
1
13
14
-65
-44
-10
-47
-16
-5
-24
27
5
-43
-44
-38
-10
-20
52
74
-14
-12
-11
10
43
47
-41
-52
3
-13
-27
-79
-85
-33
91
120
-3
-19
15
62
100
92
58
-15
11
40
15
-5
-9
11
3
34
11
14
89
72
68
61
81
113
48
-53
-82
57
68
-45
-54
-28
2
-20
-7
37
5
-32
8
-1
-11
-22
-28
24
-16
-31
-13
2
-11
-61
-49
-20
-48
-81
-48
-6
-34
5
38
-30
11
-14
3
42
-42
-62
-60
-10
-25
-89
-93
-15
49
28
13
-27
-6
18
13
9
-48
-25
29
-14
-66
8
14
-26
61
22
18
28
14
74
23
-10
-27
13
82
32
-26
-48
-20
47
36
-3
3
49
45
-11
43
34
-11
25
-4
63
67
-60
-59
-4
68
1
-48
26
6
-10
-39
-50
75
79
91
81
-63
26
54
-56
-20
-52
1
-7
-140
-47
-69
-65
33
40
46
48
58
-23
-36
-18
-19
-34
-84
-38
-22
-61
-142
-84
47
-15
-30
-11
42
52
-10
27
-21
-18
61
0
-74
-10
48
8
-82
-120
-37
-27
32
47
-39
8
39
40
82
17
-20
60
26
9
15
-40
-74
-78
-18
27
6
17
11
-19
53
88
143
87
-28
36
41
53
3
-74
-13
-70
-73
49
19
-42
5
74
109
36
3
46
2
-23
-50
3
12
-57
-34
-88
-68
0
-18
-17
-36
-51
-11
10
23
25
-12
0
48
-3
7
4
-128
-110
-65
-85
-60
-32
-51
-43
24
61
60
44
19
42
67
5
0
-58
-125
-75
-54
-65
-45
-10
0
-7
-15
59
98
63
64
42
61
46
34
-23
-85
-40
-31
2
-39
-78
-35
-54
33
60
1
27
60
117
93
16
21
38
-47
-53
-19
-86
-55
-81
-70
-8
-74
0
59
36
84
103
74
89
66
-27
1
10
-46
-44
-48
-65
-47
-24
-42
-23
21
62
95
59
33
27
42
48
-36
-40
29
-14
-61
-79
-59
-51
-121
-28
21
-29
46
28
0
10
2
70
59
16
-18
-68
-9
-70
-88
-12
-47
-14
-7
-2
36
0
-14
29
74
61
43
39
-36
-73
16
26
-25
-9
-54
-70
37
2
-36
27
14
26
57
30
2
24
11
16
32
-17
0
-12
-45
-47
-47
2
58
-7
-27
14
0
56
17
-9
36
21
-23
-14
3
-86
-61
5
30
27
21
10
-56
-10
-12
-2
42
-36
44
113
8
-46
-76
5
85
36
28
-13
-23
36
-17
-36
21
68
74
2
-5
25
2
-80
-63
60
61
20
24
-50
-43
8
-8
50
19
-48
-7
28
21
24
-7
-47
-5
-27
-16
-16
-69
-13
-27
42
98
35
48
54
17
-19
49
26
-83
-86
-112
-27
51
-18
0
24
-8
30
100
45
-34
-25
8
44
15
-51
-72
-27
-18
-41
-13
-7
-35
-25
7
16
29
30
5
42
29
-8
49
1
-50
-26
-17
-25
-20
28
-49
-63
33
1
-4
63
60
44
83
60
23
4
-31
6
-12
-32
20
-32
-74
21
41
-23
44
58
41
61
19
80
19
-10
106
13
0
39
-29
-39
-72
-19
6
-62
-48
-20
-2
82
85
5
47
114
64
2
29
-30
-52
-2
-48
-60
-108
-118
-78
-43
14
6
72
125
43
95
140
25
-16
-4
44
4
-135
-100
-98
-111
-24
-33
15
35
58
62
34
102
39
36
37
20
63
-42
-53
-71
-105
-36
-50
-38
-75
-38
-4
2
100
21
-8
54
44
39
1
23
10
-50
-39
-48
-83
-107
-63
-10
-10
-8
24
8
-18
50
80
59
71
28
17
3
-80
-44
-30
-20
27
-5
1
-63
-28
64
-18
16
79
55
62
30
-20
-7
19
56
16
-53
-6
43
-22
-79
-60
-3
46
-25
-53
31
38
-20
-3
-16
19
68
18
4
-21
-7
-68
-84
-18
-54
-41
-22
42
43
-38
7
-20
7
51
-4
77
-1
-85
9
45
35
-25
-6
85
43
-30
21
26
12
12
-27
6
58
47
3
-37
0
95
56
-50
-23
41
47
15
23
-17
-16
-10
-78
-20
-21
-36
-10
-38
-61
