25
-15
-62
-84
-69
-6
33
-33
-14
41
61
8
22
77
17
12
17
54
45
-18
5
21
44
42
-35
-71
7
4
-58
0
-24
-34
8
-44
-18
-11
-59
-5
4
25
31
-42
-31
-28
-39
7
12
39
30
-45
-12
-23
3
47
-39
-1
0
-13
-1
-32
-7
-9
50
9
-14
88
56
-22
-1
69
11
-46
3
96
89
-31
-31
-29
24
93
-12
-155
-196
-49
-13
-75
10
98
56
-100
-150
-26
100
133
127
35
-97
-73
-5
-34
-3
127
78
-105
-141
-85
-23
-2
-11
-17
-92
-40
23
28
13
-114
-18
33
-91
-46
-41
-36
19
24
87
70
57
78
96
71
-90
-96
-54
-80
35
40
0
63
-22
-36
74
92
126
88
-9
-43
-45
1
-27
-30
12
62
-10
-71
37
7
11
71
23
0
8
0
-25
-32
22
62
6
-10
-53
-52
-1
-43
-9
12
-45
-31
-27
-12
63
43
22
-5
-28
-12
-5
-46
-22
67
6
-7
8
22
58
32
-35
-20
94
60
15
47
-19
-69
-11
32
26
40
53
22
-1
-18
-93
-44
15
-38
-20
-15
81
152
-34
-103
-89
-67
4
-21
-37
-46
-46
-30
-22
53
-17
-50
-12
-48
43
40
29
56
-6
-7
29
0
-11
-22
-61
-2
-18
-26
20
-15
-14
-1
-4
16
-8
-45
-47
-44
-53
-68
-31
-16
4
29
-25
-3
16
-29
-13
9
8
51
45
-21
5
28
16
29
-1
-22
23
-44
-39
73
-5
-33
-17
-24
31
52
75
55
11
20
12
-47
-64
-23
56
57
-11
9
32
53
32
-26
14
42
-28
-46
15
51
12
-37
-23
26
1
-25
30
2
-31
25
-25
-65
5
-23
-23
6
17
21
-61
-52
0
-1
-1
-25
13
47
-50
-72
-11
1
0
-33
-47
-41
9
48
-27
-19
0
-12
-4
-49
19
61
15
17
50
-12
-35
100
90
1
-21
-5
-23
-16
20
-4
19
49
6
-1
-37
-70
-35
-48
15
-20
-34
36
-24
20
43
-42
-18
-6
-104
-63
-22
-1
69
-14
-35
-60
-80
26
29
73
55
-31
11
39
13
14
94
96
111
97
34
42
30
41
17
-7
-32
-5
16
28
57
31
-1
-22
-15
-32
-4
33
31
-55
-133
-72
-106
-48
74
-29
-29
5
-5
48
-35
-119
-76
-39
-42
-21
-33
-42
15
22
-4
-15
-68
-31
86
8
-11
31
-39
-17
7
-5
-11
-27
11
-4
-23
-13
-35
-40
-50
-6
6
-6
70
100
84
88
26
40
56
-24
-25
9
5
19
59
60
73
58
59
95
13
10
68
39
55
78
38
16
-2
-28
2
22
55
75
28
27
-29
-60
-53
-32
0
-93
-69
36
26
8
-36
-110
-67
-45
-65
-16
-15
-72
-87
-91
-107
-53
-8
2
32
-25
-43
1
-41
-3
52
24
-4
-17
41
36
-25
24
90
48
-23
-2
16
-11
-47
-46
-25
4
26
19
30
12
-7
41
49
-1
-42
-26
43
-28
27
96
-40
-21
-10
-11
20
-37
-48
-28
-36
-39
-13
-10
32
77
21
-46
-19
38
34
50
66
1
-27
-24
-38
-2
-11
10
95
58
27
41
0
-32
-18
9
-3
-40
-20
-24
-43
38
-3
-5
71
21
28
33
33
24
-15
24
71
49
44
13
-60
-38
39
43
-30
-56
-8
38
51
38
36
14
-38
-73
-51
-8
-32
-51
-54
-35
-7
-34
-1
28
-48
-47
15
-23
-46
-15
-23
-31
7
27
31
2
-12
38
8
-18
-49
-53
-8
-27
51
-26
-92
18
-22
25
47
45
88
46
22
-49
-21
36
4
29
33
2
-2
79
133
57
15
10
40
45
26
44
8
6
30
57
2
-70
-17
-35
20
86
-9
-55
-54
3
3
19
62
2
4
-7
-1
21
-28
-38
-6
-33
-55
8
7
22
55
48
36
-59
-70
-30
-54
-160
-225
-115
-36
72
41
-140
-3
32
-50
-9
-70
0
75
21
-85
-145
34
79
-15
23
12
98
130
-1
63
35
-32
36
-62
-91
-15
76
64
-103
-59
19
41
77
8
-95
-78
-2
23
35
18
-18
-35
22
8
-76
-75
14
37
19
26
-10
2
29
10
3
86
76
31
67
11
25
73
-17
-97
-56
-5
-1
12
-19
-17
33
29
36
43
37
78
68
-2
-8
-27
-55
-7
11
29
9
-43
-40
-31
14
42
14
4
103
113
54
67
-19
0
60
-19
9
-33
-52
23
-5
-43
-70
-10
-27
-64
43
33
-24
30
42
9
-21
-65
-73
-67
-56
-32
9
12
-47
-29
7
-7
-13
-62
-48
-1
12
4
-69
-30
-24
-49
-38
-25
34
23
48
63
7
-15
-20
-46
-27
3
-38
-14
-1
15
11
-79
-25
11
16
59
30
51
-5
-58
45
66
-17
-11
2
-24
20
-25
-119
-27
-9
-20
11
-79
21
84
62
86
-16
23
85
-8
4
70
100
67
13
17
-7
-17
-30
24
11
-1
47
19
59
5
-4
46
4
-36
-15
27
-70
-86
25
-2
-46
10
30
0
0
16
-1
27
1
-53
-13
-63
-88
-16
52
55
52
62
1
10
12
22
-6
-74
-6
54
-15
-89
-21
3
-16
-66
-46
10
-10
25
2
50
109
57
-1
-48
-21
6
28
13
-25
-36
-67
-29
12
-48
-15
48
-18
-50
-33
6
48
-13
-37
-67
-47
21
27
43
5
-67
-34
35
-14
-32
-43
-7
106
27
-6
31
1
72
46
-46
-91
-33
94
42
-44
0
21
47
28
10
118
66
-23
-23
-19
-5
-21
-61
-51
0
-25
-16
-16
-18
38
21
-34
-51
32
60
-4
-54
-53
24
-1
-36
0
-24
81
94
-9
-32
-66
35
35
19
31
-43
12
34
20
59
69
41
-24
-61
4
22
-15
48
15
-113
-27
100
32
-28
19
21
1
-50
-49
40
66
44
-15
-50
-36
-39
-22
-12
-54
-7
80
60
-9
-52
32
57
6
-2
53
104
-67
-158
2
80
-65
-183
-126
9
71
11
-2
25
16
0
-3
44
67
46
36
-51
-121
-59
18
50
-20
-30
75
22
-5
16
-37
41
8
-13
83
40
50
-27
-74
-25
-76
41
40
-23
38
0
0
27
52
-47
-151
-60
-45
-65
-52
-73
-32
15
-9
-3
-3
1
50
31
3
-41
-24
25
2
-44
-95
-39
-2
-31
-88
-67
86
27
-101
-60
11
60
65
58
28
1
46
9
39
68
-57
15
79
69
35
-61
36
69
-20
-9
61
93
57
50
39
28
12
-5
4
-6
39
37
-29
76
62
-1
86
-19
-54
-53
-123
-14
4
-70
-12
23
53
-16
-99
-22
1
13
-52
-65
65
12
-72
-26
52
94
8
-56
-8
24
33
46
22
18
-13
-73
-11
52
33
39
104
78
-20
-11
-23
-57
-6
63
29
-75
-30
69
-4
-106
-57
-52
-12
76
25
-45
-73
-16
50
53
-9
-69
-80
-53
34
24
-44
-55
-13
-32
-73
20
29
-44
11
56
29
46
25
-59
-66
-30
-12
-22
-18
75
14
-62
39
51
-83
-77
65
-23
-93
-37
-9
-29
-108
-84
-18
2
-1
6
8
14
24
-8
-62
-26
25
-36
-39
29
56
26
32
11
-24
64
48
7
-18
-44
4
42
40
-14
45
63
80
39
-68
36
75
44
-39
-20
52
-37
1
-9
-21
71
74
86
6
-25
27
-24
-3
27
-5
-24
13
70
23
-27
19
71
-5
-14
56
-14
-19
12
-11
-16
-8
15
22
14
-15
-24
30
42
-31
-50
-5
35
38
0
31
10
-69
-36
35
38
-78
-53
80
-2
41
94
-126
-7
144
-19
0
-55
-102
-34
-31
20
14
38
75
-24
-83
0
6
-34
4
-52
-97
11
-10
-57
-36
-15
115
44
-58
0
-56
-40
1
19
62
65
80
0
-62
-61
-9
25
-3
-14
-27
-17
-22
-25
33
9
-9
49
-31
-48
-17
-49
14
-32
-66
-4
21
-30
-123
9
57
-79
-16
44
-88
-60
110
75
-13
-14
44
13
22
33
-63
-23
-53
-68
-42
-22
5
59
46
-60
46
6
0
101
5
3
-22
-30
59
54
36
-3
-19
62
48
-72
-36
-18
-26
45
8
100
82
12
98
-4
54
100
16
65
18
6
33
43
92
28
-54
-35
41
46
-24
7
21
8
4
43
100
52
9
-70
-91
-13
10
-20
-36
-61
-57
-43
-60
-75
18
104
-5
-18
16
13
-33
-107
-35
-7
-56
20
-5
-32
72
-31
-11
66
-52
-9
13
-45
-71
-14
61
21
29
4
-22
-45
-9
69
-60
-31
48
-27
-39
-61
0
-24
3
133
30
-15
51
-16
-124
-29
37
-134
-116
45
-33
-89
-8
-13
-2
77
87
-24
-134
28
69
-110
-36
110
17
-73
65
98
-51
-59
108
54
-138
33
109
-24
37
44
17
-66
-105
10
-48
-10
100
-49
-28
73
61
49
17
80
34
-76
6
57
-94
-19
120
-11
21
92
-8
-39
5
17
46
2
-56
4
-47
-39
-2
-115
12
126
25
37
67
108
143
-48
-78
25
-100
-103
24
4
-23
11
13
-75
-52
-36
-108
-41
-71
4
38
-118
42
70
-58
14
-73
-95
-23
12
1
-158
-25
69
-65
57
108
-12
8
148
102
-46
96
162
-36
-39
6
-31
-32
24
143
27
-81
7
-37
-11
67
16
35
136
158
16
-13
95
-26
-90
23
33
-8
-142
-48
63
-62
104
155
-38
-48
-56
-87
-131
-78
-6
-74
-38
-25
-106
6
37
-95
-15
27
111
140
16
41
-110
-123
7
-44
19
24
15
98
33
20
37
-50
-107
-70
15
-88
-51
89
-24
53
60
-64
24
20
80
33
-38
134
-38
-158
15
-74
-80
23
8
68
17
-23
23
-116
15
137
-100
28
88
-19
3
-82
31
-19
-77
93
-9
-42
26
0
9
41
19
-25
0
34
36
0
38
0
-67
-42
1
61
-12
-44
25
-20
-62
14
32
-38
21
71
-18
0
38
10
11
27
92
20
-13
90
1
-60
-15
30
-7
-46
-10
-55
-2
35
-16
56
38
-52
-9
-2
-44
-12
-31
-2
17
4
-28
-56
10
-13
40
1
-29
-15
-90
37
-44
-121
3
-76
34
35
-90
20
-44
-46
-51
-102
-30
-4
89
-19
-35
116
29
40
52
18
96
72
-6
10
34
15
9
49
44
-18
41
65
-23
-13
7
67
57
4
30
-5
6
0
-24
-48
1
53
-48
16
49
47
90
20
30
0
-48
36
40
5
86
59
0
42
73
20
-90
61
14
-135
15
-52
-87
-6
32
-28
-103
9
-2
-41
89
85
-58
-77
-27
-19
14
93
64
-55
-42
22
-69
-82
4
-91
-84
98
57
-83
-88
-80
1
-7
-26
83
-86
-40
124
-27
-72
-36
9
24
3
38
-6
-130
-26
28
-65
-30
5
-9
-47
8
48
-52
-50
86
76
-44
49
60
-36
12
7
-43
-65
-34
33
33
-8
17
-4
-87
-35
-10
-22
104
89
-77
-62
67
10
-102
-20
69
-2
0
115
53
-2
-4
56
57
28
122
96
83
30
24
42
0
90
66
-59
-31
96
-9
-168
-69
42
24
-10
67
-43
-121
34
5
-35
41
-2
-98
-36
-25
1
-13
-53
42
-19
-16
2
-91
-144
-73
60
-34
-28
71
-40
-109
7
19
-73
-13
54
74
-61
-4
155
-63
1
85
-124
-19
49
64
28
-79
122
65
-47
140
53
-39
5
-8
-40
-149
-26
134
-149
-106
106
-58
35
91
69
42
-43
105
-12
-93
62
-12
-23
32
-39
-12
-13
-5
77
-83
-58
26
-126
-56
53
70
-23
-93
10
-48
-17
125
-87
-90
174
111
-3
-19
60
66
-114
26
45
-154
29
111
67
80
25
79
-23
-94
152
39
-129
81
92
-11
-82
-43
38
-193
-23
143
-203
65
157
-102
73
-68
-72
-30
-44
295
-6
-142
164
-68
-42
28
-58
89
-42
-13
116
-118
-2
-27
-199
35
-9
96
79
-151
65
-158
-191
185
-78
-35
100
-138
-30
-45
28
83
-159
129
70
-178
139
-28
-66
119
-60
122
25
-125
182
-99
-79
123
-107
57
-85
-140
171
-31
73
85
-137
183
8
-69
128
-128
67
105
-71
83
-119
-20
108
-136
139
34
-105
148
-116
47
129
-135
144
-77
-74
198
-131
76
53
-141
78
-117
30
99
-113
198
61
-127
92
-119
-72
129
-132
-22
58
-90
104
4
0
77
-123
126
67
-147
138
-5
-66
84
-43
28
0
-75
7
-98
-25
77
-89
-25
-30
-19
63
-140
-33
76
-37
33
-13
-30
-3
-53
28
-32
-38
117
-18
-78
3
-39
-36
-85
-20
86
-43
8
67
-36
-64
-104
-51
50
80
108
5
-54
116
54
-99
19
22
16
57
-57
-11
-45
7
81
-105
46
109
-8
-3
-47
35
71
51
79
-89
-84
47
-78
-124
-49
-38
-19
9
-21
45
98
15
-17
-44
34
143
35
-28
56
27
33
-3
-19
11
-51
72
10
-111
-3
16
13
-1
-6
16
8
-33
-1
23
-50
-35
-34
-21
80
93
73
30
56
68
-32
31
53
-44
-3
47
-14
-17
-11
-18
33
-5
19
76
-31
-58
-31
-19
133
130
61
15
-55
83
-9
-3
66
-170
39
72
-56
72
-72
6
54
-154
27
-39
-159
101
16
-5
-6
-34
87
-80
-27
89
-58
29
36
-114
-71
-96
-22
-11
-123
104
20
-99
65
-88
-46
-8
-97
10
-149
-41
46
-142
54
18
-75
69
-25
-9
37
-77
55
-70
-114
172
-16
0
141
24
72
6
2
-7
-147
27
25
-103
108
132
27
-59
-75
100
-26
-19
122
-57
-29
31
-30
21
-8
49
63
-38
119
52
-58
106
22
-39
0
-9
11
-72
48
125
-74
-12
61
27
60
5
24
5
-51
73
29
-73
47
-34
-70
76
-44
-83
-23
44
54
-83
-21
-42
-114
24
-85
-89
49
-27
9
-50
-45
92
-13
-12
37
-48
96
88
-12
77
-3
75
34
-100
62
-28
-37
14
-82
15
-81
-33
89
-121
35
84
-50
81
-11
-3
82
-58
49
34
-36
152
-17
-19
60
-73
73
26
-22
128
24
34
60
-50
54
-31
-125
56
17
21
7
-34
142
-11
-16
67
-120
41
-2
-143
67
2
-32
59
-28
36
-19
-102
88
29
-26
-47
-123
-5
-78
8
83
-135
-29
4
-99
37
10
-47
-29
-96
-18
-68
-35
126
7
22
16
-81
63
52
-4
94
-22
24
100
-72
-8
9
67
133
32
23
-48
-16
22
-75
-81
27
62
77
88
13
51
-22
5
107
-61
-22
47
29
105
-38
-129
-58
-89
-48
-98
-103
63
-10
-16
55
-28
-34
-19
2
-12
-42
48
107
15
-10
35
-52
-114
-65
44
96
55
35
-2
-24
-5
35
52
25
-40
-52
-2
-49
-21
-34
-34
40
-13
39
29
-58
5
-25
-90
-62
-53
21
54
-28
-69
-47
-22
3
14
-20
-8
-33
-35
-1
-37
-14
49
54
-1
-13
25
33
-31
23
36
-2
28
-13
39
70
48
18
-2
48
31
7
27
53
18
11
41
14
66
81
45
6
38
99
61
78
8
-24
48
-107
-144
-30
-91
-46
-31
-59
0
-78
23
81
-74
-45
-64
-6
51
-51
22
61
-52
-78
-60
-19
-6
-63
64
20
-57
95
-31
-116
-110
-156
-93
-70
-17
49
-5
6
-5
-85
39
-24
-83
-55
-124
20
57
60
56
-101
-91
-95
-170
-32
-47
-125
-7
-68
-102
-38
-17
59
-2
4
29
-88
43
137
109
157
86
57
109
116
126
100
70
38
-85
-70
33
27
71
5
-59
-79
-137
-10
16
-16
-27
-153
-57
66
57
125
56
-78
-70
-104
-74
5
-65
-75
-168
-198
-4
-33
-36
-48
-154
-94
-115
-174
-159
-155
-245
-348
-283
-100
-51
-32
98
83
63
74
117
214
135
84
107
98
187
246
310
308
194
141
75
117
191
138
108
30
-31
14
21
87
106
24
83
111
31
151
231
207
250
106
38
-4
-129
-46
-14
27
113
127
125
206
378
543
622
514
402
208
136
323
623
977
1044
760
348
238
316
299
102
-618
-1647
-2337
-2327
-1723
-1141
-1103
-1544
-2233
-2626
-2291
-1545
-923
-906
-1417
-1856
-1511
-285
901
1385
978
211
-27
602
1693
2470
2463
1563
396
-186
15
612
661
-165
-1304
-2036
-1743
-670
301
396
-454
-1419
-1697
-1022
222
1053
1051
644
366
711
1584
2394
2597
2031
1245
855
1117
1723
1907
1408
399
-686
-1068
-909
-750
-715
-1095
-1449
-1437
-1228
-822
-503
-492
-660
-767
-586
-3
740
1255
1328
1227
1239
1352
1539
1506
1342
1268
1117
1012
941
825
668
300
-69
-188
-156
-142
-132
-199
-304
-218
-66
-9
-84
-273
-425
-477
-335
59
501
735
718
681
801
1185
1797
2084
1858
1387
785
573
1009
1733
2254
2212
1771
1197
961
1035
932
276
-1522
-3948
-5646
-5454
-3693
-2191
-2231
-3727
-5397
-6095
-5389
-3780
-2528
-2458
-3333
-3963
-3273
-1023
1644
2807
1737
-333
-1429
-265
2567
4832
4853
2643
-66
-1478
-1147
-66
58
-1345
-3661
-5473
-5324
-3134
-527
301
-1276
-3831
-5067
-3596
-359
2168
2734
1726
830
1606
3530
5333
5924
4961
3249
1895
1662
2707
3968
3895
1999
-613
-2176
-2060
-834
-45
-721
-2131
-2976
-2381
-736
652
1026
447
-278
-381
544
2365
4236
5275
4836
3715
3164
3622
4481
4536
3429
1566
267
189
787
1200
602
-751
-2306
-3407
-3449
-2727
-1937
-1725
-2150
-2432
-1957
-813
360
638
-122
-1140
-1417
-470
911
1715
1589
840
243
74
248
373
21
-687
-1119
-809
25
908
1311
916
-12
-702
-672
-1
638
743
551
395
702
1400
1889
1628
630
-368
-789
-444
92
367
389
66
-155
-211
-254
-154
58
416
774
1018
1279
1488
1606
1717
1789
1935
2137
2149
1883
1339
841
576
-205
-2165
-5050
-7585
-8263
-6993
-5454
-5378
-6717
-8257
-8558
-7297
-5413
-3732
-3157
-3635
-4204
-3882
-1892
1012
3010
2944
1510
700
2136
5155
7385
6993
4017
575
-1296
-1224
-262
-11
-1300
-3577
-5572
-6028
-4545
-2194
-887
-1611
-3477
-4259
-2442
1151
4425
5435
4446
3309
3336
4683
6242
6892
6177
4782
3591
3206
3729
4176
3466
1259
-1498
-3351
-3163
-1594
-518
-631
-1822
-2896
-2717
-1570
-324
360
383
473
1289
2729
4522
5914
6312
5596
4362
3793
4019
4347
4022
2652
1006
-60
-314
-96
-353
-1310
-2575
-3500
-3355
-2417
-1405
-764
-812
-1165
-1186
-860
-408
-216
-588
-1159
-1496
-1316
-688
-82
285
322
194
95
225
611
796
484
-155
-461
-182
291
549
441
329
390
606
919
1113
1060
858
547
94
-99
31
229
84
-645
-1402
-1562
-777
348
930
803
322
140
321
654
1147
1819
2619
3327
3606
3492
3198
2231
-300
-4707
-9392
-11445
-9718
-6009
-3488
-3884
-6311
-8711
-9435
-8341
-6423
-4959
-4844
-5763
-6384
-5295
-2177
1116
2079
279
-2119
-2061
1445
6214
8944
7871
4193
740
-504
260
1299
792
-1773
-4923
-6562
-5076
-978
2848
3452
475
-3169
-4036
-1090
3402
6242
6142
4317
3195
4012
5992
7512
7432
5666
3421
2009
2259
3810
4700
3520
397
-2775
-3838
-2473
-85
1284
727
-965
-2186
-1920
-428
976
1266
544
-302
-29
1693
4279
6325
6784
5745
4086
3098
2937
3251
3142
1974
274
-1081
-1285
-762
-607
-1655
-3780
-5773
-6270
-4876
-2368
102
1373
1230
358
-460
-735
-453
-307
-851
-1618
-1653
-268
1607
2242
1256
-444
-1405
-917
151
729
156
-1137
-2042
-2097
-1395
-496
258
211
-663
-1295
-1176
-24
1477
1988
1424
803
1100
2132
2757
2158
702
-388
-388
207
446
192
-153
-301
-268
-228
-68
229
478
564
843
1835
3489
4867
4774
3341
1569
138
-1381
-4029
-7409
-9348
-8004
-4223
-995
-904
-4058
-8303
-11219
-11348
-9004
-5741
-3304
-2939
-3801
-4078
-2840
-553
608
-597
-2865
-3562
-731
4484
8709
9382
6059
1174
-2243
-3164
-2174
-1177
-1752
-3594
-5051
-4372
-1222
2528
3939
1720
-2297
-4766
-3359
1154
5823
8097
7297
5211
3951
4143
5277
6259
6018
4634
3270
3082
4258
5838
6142
3956
193
-3138
-4537
-3758
-2186
-1344
-1581
-2399
-2643
-1593
247
1884
2444
1842
1210
1546
2906
4923
6459
6711
5655
3801
2145
1349
1209
1023
570
-183
-692
-634
-603
-745
-1405
-2452
-3011
-2976
-2353
-1290
-241
535
517
-324
-1269
-1616
-1397
-1079
-934
-1001
-878
-433
21
12
-635
-1386
-1685
-1568
-1370
-1235
-1092
-692
-222
-148
-411
-530
-415
-525
-851
-1328
-1408
-533
585
1334
1362
959
707
212
-628
-1470
-1820
-1268
-72
1144
1890
2168
2041
1358
184
-1006
-1535
-1027
41
1086
2069
3004
3864
4354
4265
3588
2580
1454
-186
-2505
-5185
-6654
-5631
-3043
-1035
-1582
-4487
-8173
-10851
-11241
-9438
-6518
-3933
-2829
-3472
-4474
-4238
-2785
-1197
-529
-711
-393
1482
4817
7882
8844
7216
3843
722
-961
-1162
-820
-1161
-2538
-4009
-4202
-2649
32
1734
847
-1840
-4429
-4851
-2325
1685
5027
6302
5683
4566
4210
4976
6469
7949
8365
7512
6375
5603
5471
5467
4473
2255
-592
-2790
-3356
-2505
-1344
-1345
-2530
-3970
-4990
-4731
-3444
-1958
-593
407
1252
2197
3582
5262
6462
6798
6228
5203
4560
4761
5235
4939
3388
985
-1197
-2433
-2798
-2937
-3416
-4192
-4903
-5339
-5207
-4166
-2610
-1287
-718
-1218
-1905
-1695
-911
-309
-358
-590
-467
-8
576
856
900
697
139
-785
-1752
-2068
-1789
-1582
-1944
-2654
-2931
-2448
-1845
-1672
-1942
-2244
-1943
-1001
158
1126
1737
2015
1916
1345
597
11
-264
-200
-89
213
784
1315
1616
1245
286
-240
190
1347
2302
2330
2107
2386
3169
3938
4103
3742
3336
3116
3113
3175
2979
2072
-290
-4043
-7497
-8696
-7389
-5178
-3980
-4671
-6342
-7733
-8271
-7740
-6718
-5925
-5935
-6639
-6592
-4891
-1790
1537
3567
4160
4147
4446
5411
6573
7144
6271
4091
1580
-84
-355
-72
-262
-1565
-3606
-5318
-6085
-5391
-3640
-1978
-1235
-1452
-1604
-700
1380
3622
4943
5276
5060
4999
5702
6953
8193
8943
8504
6995
5193
3517
2119
777
-599
-1885
-3009
-3577
-3322
-2429
-1797
-2293
-3777
-5398
-6287
-5971
-4399
-2235
-9
1958
3364
4280
4967
5866
6789
6990
6169
4913
4051
4034
4414
4330
3605
2248
559
-1030
-2255
-2915
-3270
-3810
-4594
-5185
-4874
-3187
-932
517
439
-923
-2232
-2381
-1475
-452
-69
-368
-942
-1053
-443
543
1330
1228
170
-1467
-2879
-3304
-2655
-1652
-1228
-1317
-1344
-776
224
806
650
-193
-929
-781
-13
1037
1820
1742
992
15
-904
-1337
-1187
-923
-919
-898
-342
848
2117
2697
2534
2057
1793
2195
3057
3747
4031
3958
3725
3536
3382
3104
2545
1869
1448
1552
2058
2545
2187
287
-3115
-6965
-9486
-9737
-8377
-7190
-7237
-7956
-8253
-7636
-6473
-5307
-4544
-4549
-5268
-5899
-5468
-3463
-537
1963
3333
3761
4081
4811
5787
6301
5662
3952
1751
-180
-1231
-1204
-629
-452
-1042
-1977
-2768
-2858
-1818
-439
220
-23
-578
-552
540
2181
3332
3677
3335
2670
2208
2121
2874
4366
5427
5326
4211
3110
2659
2406
1766
502
-871
-1813
-1900
-1009
331
1498
1790
1100
-301
-1974
-3268
-3841
-3348
-1866
-199
1184
2343
3453
4439
4843
4393
3221
2131
1678
1579
1828
2455
3230
3667
3305
2443
1579
1046
681
-144
-1420
-2372
-2489
-1818
-812
-126
-258
-1248
-2801
-4454
-5677
-6141
-5843
-5303
-4847
-4346
-3610
-2408
-1011
-131
-24
-299
-544
-297
394
992
1621
2508
3514
4372
4539
3997
3017
1569
-157
-1714
-2773
-3001
-2367
-1639
-1303
-1402
-1626
-1671
-1595
-1427
-1265
-763
41
754
1329
1881
2814
4167
5335
5416
4528
3550
3079
3039
2969
2906
2685
2171
1368
465
-10
43
330
362
-83
-800
-1592
-2437
-3496
-5028
-6824
-8168
-8233
-6903
-5207
-4113
-4007
-4611
-4906
-4538
-3651
-2664
-2146
-2317
-3090
-3836
-3765
-2367
-384
1049
1448
1197
1403
2150
3062
3661
3454
2630
1486
542
395
940
1467
1467
826
83
-84
339
1067
1548
1310
303
-858
-1315
-902
14
713
640
165
113
756
1939
3258
4072
4160
3523
2423
1735
1832
2366
2776
2537
2255
2396
2633
2952
2753
1760
308
-1278
-2335
-2604
-2030
-988
-92
601
1148
1551
1803
1887
1742
1333
936
841
977
1402
1929
2096
2160
2354
2377
2003
1383
758
437
495
345
-300
-1143
-2007
-2952
-3981
-4977
-5715
-6151
-6647
-7114
-7161
-6493
-4962
-3423
-2403
-1804
-1455
-856
-177
410
1059
1771
2473
2914
3226
3634
3897
3922
3654
2878
2009
1127
92
-700
-1201
-1329
-1169
-834
-356
-14
133
5
-115
-92
-37
197
446
881
1654
2283
2589
2561
2447
2513
2412
2160
1961
1770
1513
974
423
238
242
227
-11
-246
-265
-118
0
-177
-296
-285
-344
-703
-1337
-2087
-3273
-4804
-6082
-6362
-5565
-4421
-3756
-3899
-4304
-4437
-4112
-3422
-2654
-2105
-2258
-3186
-4041
-3880
-2688
-1168
-116
305
761
1699
2871
3992
4811
4864
4142
3057
2173
1879
1862
1517
728
-208
-822
-711
-245
398
1063
977
160
-941
-1745
-1759
-1115
-313
386
985
1407
1669
1903
2521
3274
3555
3081
2188
1800
2077
2836
3693
4076
4013
3487
2511
1731
1508
1611
1427
699
-63
-433
-353
-215
-303
-580
-826
-776
-502
-69
626
1160
892
57
-667
-860
-464
147
560
661
564
396
378
386
206
-120
-897
-1942
-2672
-3064
-3414
-3696
-3905
-4117
-4015
-3692
-3147
-2458
-2118
-2217
-2658
-2876
-2436
-1569
-680
-60
419
793
1278
2021
2852
3666
3949
3462
2477
1537
1208
1386
1747
1974
1863
1791
1790
1943
2239
2180
1725
884
39
-530
-860
-1000
-1190
-1148
-946
-852
-470
178
744
955
632
235
121
282
628
988
1369
1728
2123
2412
2336
2035
1584
978
349
-284
-748
-777
-595
-438
-399
-730
-1548
-2788
-4325
-5817
-6398
-5908
-4745
-3589
-3305
-3519
-3808
-3850
-3349
-2643
-2116
-2024
-2356
-2965
-3355
-3024
-2026
-886
-232
5
425
1337
2638
3867
4470
4131
3085
1921
1015
549
250
-124
-408
-635
-551
8
817
1466
1468
663
-580
-1385
-1426
-798
-25
334
558
725
922
1497
2405
3435
4180
4206
3669
3121
2978
3116
3238
3176
2899
2570
2389
2401
2313
2006
1137
-314
-1643
-2545
-2787
-2511
-2151
-1845
-1758
-1853
-1788
-1338
-506
451
946
899
898
1130
1489
1930
2096
1858
1587
1339
1088
1008
1084
1041
675
-149
-1167
-1992
-2601
-2916
-3154
-3455
-3573
-3536
-3359
-3002
-2790
-2655
-2378
-2050
-1742
-1362
-698
38
642
1102
1412
1771
2166
2442
2552
2341
1926
1688
1660
1723
1729
1591
1294
838
370
-233
-868
-1306
-1615
-1734
-1757
-1544
-1053
-632
-346
-151
120
710
1246
1407
1276
1019
947
1213
1651
1969
2289
2529
2529
2337
2003
1696
1367
962
413
-64
-299
-400
-383
-476
-739
-1106
-1359
-1207
-680
-101
261
97
-974
-2646
-4380
-5463
-5452
-4793
-4140
-3938
-4144
-4111
-3451
-2262
-1077
-568
-817
-2021
-3532
-4194
-3643
-2184
-854
-99
325
759
1530
2639
3613
3810
3102
1842
561
-333
-699
-775
-961
-1340
-1781
-1798
-1180
-303
346
598
485
168
-39
-19
326
680
911
1164
1524
2107
2944
4075
5020
5379
5237
4685
3935
3226
2672
2303
1958
1640
1437
1320
1311
1317
1186
779
-38
-1206
-2311
-3004
-3122
-2626
-1651
-659
1
449
890
1571
2383
2874
2875
2525
1972
1462
1183
1177
1387
1490
1467
1245
833
465
228
118
-410
-1500
-2700
-3768
-4322
-4398
-4261
-3963
-3649
-3343
-3101
-2819
-2372
-1812
-1365
-1253
-1321
-1323
-1170
-771
-90
703
1498
2048
1968
1449
888
431
85
-120
-170
-336
-575
-767
-668
-202
141
338
273
-81
-367
-606
-788
-525
44
667
1288
1700
2059
2449
2705
2635
2262
1901
1652
1447
1273
1150
1279
1753
2019
1875
1577
1159
581
-82
-541
-739
-869
-1012
-1110
-1094
-996
-857
-689
-580
-360
-75
51
128
-23
-696
-1924
-3326
-3910
-3383
-2469
-1899
-2045
-2301
-2261
-2060
-1692
-1394
-1325
-1844
-3120
-4378
-4814
-4095
-2699
-1620
-1069
-536
246
1210
2152
2787
2878
2058
708
-521
-1270
-1341
-1020
-501
-240
-219
-158
-41
434
962
1070
623
-201
-673
-573
-132
420
909
1462
2020
2468
2805
3196
3875
4403
4336
3863
3367
3038
2786
2463
1986
1750
1772
1619
1362
1108
727
206
-468
-1227
-1788
-2219
-2408
-2012
-1166
-97
872
1569
2285
2944
3058
2677
2120
1624
1309
987
785
995
1407
1688
1681
1314
680
64
-612
-1498
-2412
-3265
-3722
-3783
-3634
-3201
-2835
-2613
-2456
-2524
-2567
-2499
-2514
-2411
-2099
-1629
-995
-335
457
1312
1859
2064
2008
1734
1402
800
-168
-878
-1069
-1040
-1006
-1100
-1233
-1108
-938
-829
-653
-463
-282
-292
-378
-407
-142
475
1202
1848
2356
2797
2956
2949
2779
2357
1906
1364
839
437
201
235
444
615
741
640
98
-572
-1148
-1577
-1825
-1888
-1782
-1481
-951
-271
460
1176
1660
1752
1373
828
700
1004
1481
1542
1045
281
-831
-1978
-2581
-2491
-2306
-2593
-3371
-4315
-4681
-4384
-3930
-3282
-2789
-2743
-2886
-3173
-3091
-2217
-1086
-224
203
281
666
1404
2027
2500
2646
2386
1677
640
-185
-628
-706
-688
-960
-1265
-1330
-1076
-722
-331
161
309
163
-39
48
615
1150
1629
1937
2140
2448
2757
3438
4417
5147
5225
4653
3787
3050
2525
1909
1316
837
423
64
-254
-424
-436
-401
-617
-1190
-1772
-2120
-2199
-1902
-1259
-331
829
1844
2621
3168
3369
3292
2843
2236
1655
1137
790
377
38
-116
-284
-576
-916
-1156
-1522
-2103
-2956
-3809
-4070
-3830
-3375
-2717
-1969
-1351
-1028
-987
-1237
-1370
-1304
-1437
-1489
-1336
-955
-101
899
1563
1842
1805
1370
662
73
-334
-688
-1063
-1473
-1780
-1723
-1174
-407
185
536
630
294
-87
-188
41
661
1264
1761
2178
2331
2468
2716
2605
2204
1610
704
56
-132
-31
339
663
844
918
773
415
-127
-560
-930
-1424
-1903
-2124
-1759
-889
42
768
1278
1547
1600
1395
1134
914
789
799
808
1017
1638
2242
2310
1732
352
-1547
-3511
-4923
-5354
-5259
-5064
-4945
-4799
-4144
-2986
-1809
-890
-486
-858
-1710
-2621
-3000
-2365
-1218
-191
444
780
1376
2283
2913
3001
2463
1341
-120
-1577
-2489
-2548
-2124
-1805
-1782
-1967
-1890
-1391
-716
-90
113
52
-129
-239
251
1162
2100
2870
3351
3689
4021
4337
4677
4907
4733
4120
3056
1933
1302
933
420
-261
-886
-1210
-1293
-1176
-742
-352
-388
-634
-1083
-1455
-1281
-839
-50
1063
1988
2929
3697
4140
4484
4412
3892
2845
1488
392
-270
-362
-192
-58
150
107
-335
-982
-1588
-2015
-2427
-2950
-3431
-3444
-2822
-1812
-922
-280
195
387
148
-430
-1022
-1429
-1522
-1443
-1232
-624
317
1020
994
607
4
-699
-1282
-1992
-2532
-2780
-2778
-2439
-1783
-864
152
1015
1471
1600
1451
1008
330
-96
19
584
1258
1660
1923
1907
1868
1676
1218
864
245
-563
-1234
-1241
-625
177
932
1088
965
552
-81
-463
-830
-1031
-1250
-1640
-1650
-1058
119
1310
1974
2240
2005
1402
701
74
-185
-53
281
599
1110
1923
2537
2572
1805
187
-1794
-3740
-5192
-5693
-5094
-3656
-2337
-1484
-951
-558
-211
-202
-407
-887
-1587
-2317
-2919
-2615
-1419
1
1065
1477
1552
1437
1125
544
-257
-933
-1500
-1991
-2275
-2303
-2022
-1731
-1761
-1998
-2211
-2015
-1421
-792
-16
735
1345
2163
2946
3476
3920
3879
3591
3318
2932
2715
2549
2566
2681
2631
2350
1709
1033
537
43
-658
-1392
-1780
-1693
-1099
-235
543
1145
1490
1494
1137
767
751
961
1266
1495
1765
2234
2592
2802
2729
2225
1534
697
-173
-948
-1494
-1597
-1539
-1387
-1084
-891
-842
-974
-1207
-1353
-1403
-1333
-1180
-816
-203
381
716
784
671
321
-379
-1237
-1796
-1999
-1881
-1528
-1151
-673
-41
422
346
-265
-1158
-1909
-2295
-2388
-2232
-1758
-1169
-564
202
882
1364
1516
1178
662
47
-512
-611
-330
266
861
1151
1474
1597
1327
828
93
-500
-769
-678
-266
305
918
1525
2077
2193
1815
1097
241
-579
-1314
-1799
-1922
-1740
-1190
-306
633
1546
2121
2208
1790
835
-139
-836
-1005
-567
-91
391
1062
1726
2187
2301
1874
892
-407
-1777
-3105
-4113
-4193
-3429
-2321
-1375
-978
-1017
-1192
-1151
-1105
-1156
-1225
-1319
-1296
-1228
-895
-222
598
1198
1169
504
-345
-823
-1038
-1046
-1039
-1271
-1457
-1542
-1684
-1954
-2325
-2654
-2727
-2488
-1912
-933
227
1429
2486
3079
3379
3429
3196
3011
2695
2140
1753
1641
1809
2202
2601
2721
2459
1902
1013
31
-801
-1112
-866
-597
-345
-67
308
864
1345
1618
1572
1094
573
186
56
457
1198
1986
2452
2460
2131
1606
1018
246
-586
-1273
-1716
-1813
-1613
-1081
-306
187
349
372
4
-678
-1338
-1710
-1572
-960
-237
401
965
1448
1649
1221
340
-581
-1359
-2064
-2651
-2738
-2295
-1563
-726
-164
39
72
-121
-620
-1217
-1678
-1885
-1760
-1348
-619
157
847
1348
1439
1204
607
-134
-778
-1129
-931
-531
-58
552
1053
1262
1131
824
437
63
-331
-687
-719
-375
254
850
1350
1820
2119
2172
1788
1122
455
-177
-657
-811
-717
-475
-129
192
496
707
775
667
406
46
-283
-527
-731
-618
-110
442
769
1001
1177
1232
1285
1062
437
-301
-1054
-1707
-2280
-2684
-2582
-1988
-1421
-1235
-1385
-1566
-1433
-1162
-977
-735
-457
-358
-436
-629
-769
-753
-828
-1014
-1200
-1388
-1437
-1216
-841
-575
-569
-732
-1081
-1423
-1548
-1683
-1778
-1742
-1555
-1163
-626
166
1166
2054
2603
2737
2533
2292
2176
1905
1527
1373
1453
1715
1919
1835
1600
1382
1001
486
74
-160
-99
84
287
593
939
1319
1781
2028
1899
1512
949
452
223
329
732
1168
1478
1770
1765
1367
910
312
-261
-582
-667
-385
-55
222
468
399
206
-144
-606
-974
-1339
-1489
-1268
-810
-239
301
688
812
657
241
-519
-1384
-2111
-2573
-2698
-2495
-1730
-686
170
574
418
66
-422
-1103
-1798
-2097
-1948
-1653
-1120
-577
-77
247
143
-122
-663
-1171
-1369
-1441
-1165
-726
-4
816
1224
1369
1208
882
584
361
292
298
278
414
752
1193
1687
1997
2081
1893
1493
943
380
109
94
194
253
223
92
-20
16
80
167
425
805
1020
1022
986
1013
1045
972
637
83
-316
-322
-206
-73
252
505
620
443
-44
-480
-912
-1289
-1604
-1965
-2208
-2121
-1710
-1254
-1002
-942
-909
-1003
-1249
-1383
-1434
-1320
-1142
-1042
-966
-1025
-1197
-1507
-1779
-1861
-1840
-1721
-1309
-778
-468
-274
-296
-438
-678
-1021
-1276
-1384
-1192
-773
-223
436
1270
2032
2280
2138
1804
1455
1200
1075
1090
1155
1394
1673
1803
1837
1779
1590
1210
666
197
5
23
339
881
1371
1848
2109
2087
2032
1711
1104
548
235
340
657
1009
1307
1358
1197
855
452
172
75
57
60
77
144
342
541
566
302
-158
-622
-1140
-1590
-1680
-1213
-531
-47
236
351
404
326
18
-423
-978
-1430
-1707
-1839
-1519
-987
-508
-219
-359
-776
-1219
-1544
-1738
-1938
-2020
-1931
-1814
-1548
-1158
-782
-480
-360
-464
-623
-805
-881
-688
-392
-62
100
143
456
856
1090
1123
991
790
689
692
591
586
814
1149
1326
1179
988
916
911
922
766
551
539
622
602
476
318
213
261
390
503
638
855
1203
1468
1425
1255
1083
866
675
406
-98
-409
-355
-263
-88
50
52
78
133
192
167
70
-45
-164
-398
-897
-1246
-1292
-1165
-881
-818
-973
-1086
-1044
-1036
-1144
-1231
-1253
-1341
-1669
-2129
-2586
-2695
-2307
-1868
-1562
-1291
-1006
-595
-318
-316
-406
-584
-858
-1108
-1254
-1213
-966
-510
63
382
507
503
465
610
680
728
827
951
1178
1388
1566
1714
1873
1804
1442
1019
699
766
1024
1166
1276
1503
1662
1727
1742
1528
1355
1183
923
716
644
775
873
864
827
784
685
616
631
648
669
651
692
656
602
689
691
458
201
28
-166
-437
-645
-585
-539
-444
-337
-325
-260
-192
-228
-415
-574
-651
-582
-431
-387
-337
-362
-618
-864
-1014
-1236
-1438
-1535
-1627
-1667
-1569
-1434
-1351
-1345
-1364
-1341
-1390
-1401
-1349
-1254
-991
-742
-521
-264
-69
137
231
300
538
684
716
682
524
373
355
454
532
514
465
457
437
488
536
470
547
663
676
706
736
779
828
859
843
794
868
938
930
975
924
932
1026
998
943
786
611
498
311
236
91
-60
-50
-179
-276
-268
-241
-119
3
97
230
361
497
545
453
229
-151
-589
-969
-1205
-1287
-1190
-883
-715
-867
-1068
-1288
-1496
-1582
-1664
-1752
-1823
-1995
-2070
-2010
-1941
-1614
-1258
-1185
-1191
-1167
-1030
-821
-627
-447
-310
-184
-143
-177
-189
-254
-350
-361
-518
-617
-327
109
587
913
1050
1180
1312
1355
1310
1266
1234
1250
1269
1234
1278
1632
2037
2195
2103
1684
1312
1153
966
949
923
822
846
785
701
623
501
419
315
290
282
379
736
962
1147
1234
1083
849
629
445
47
-268
-359
-334
-241
-143
70
191
201
93
-150
-423
-677
-767
-883
-953
-929
-825
-561
-426
-405
-464
-766
-1027
-1021
-1086
-1216
-1231
-1180
-1147
-1184
-1244
-1251
-1166
-1107
-1130
-1245
-1364
-1248
-953
-661
-410
-262
-190
-157
-236
-354
-348
-242
-31
154
131
245
456
641
875
876
706
521
321
157
68
114
317
584
719
738
767
804
886
961
947
809
549
395
404
522
674
763
772
728
659
485
442
477
391
368
307
274
335
309
273
234
90
-169
-398
-476
-430
-217
67
351
572
640
645
492
296
77
-277
-662
-1109
-1463
-1542
-1324
-967
-726
-728
-747
-675
-844
-1149
-1394
-1628
-1746
-1874
-1999
-1922
-1721
-1434
-1115
-933
-797
-496
-264
-178
-168
-297
-457
-561
-640
-678
-662
-698
-663
-545
-402
-219
-35
322
692
823
937
1144
1378
1561
1646
1554
1294
1126
1086
1060
1094
1317
1598
1733
1746
1620
1422
1347
1391
1296
1012
750
560
405
429
432
432
636
737
830
918
903
910
837
761
678
613
732
772
765
789
588
385
191
-72
-205
-363
-568
-761
-804
-749
-827
-835
-746
-691
-730
-854
-964
-962
-874
-718
-667
-763
-752
-730
-716
-747
-857
-885
-1041
-1254
-1271
-1252
-1141
-1008
-1009
-882
-800
-827
-768
-777
-752
-704
-687
-666
-575
-350
-137
6
108
242
213
176
217
173
252
237
246
462
489
500
627
679
630
524
421
393
500
596
748
771
697
746
714
627
479
373
286
343
507
593
778
953
1147
1182
855
624
484
277
122
-109
-246
-179
-106
61
242
424
640
661
537
356
162
22
-17
-6
-10
-103
-238
-347
-537
-666
-807
-902
-833
-861
-872
-874
-920
-778
-790
-978
-1158
-1440
-1628
-1742
-1764
-1658
-1552
-1416
-1136
-925
-795
-508
-316
-307
-377
-454
-550
-693
-716
-729
-621
-421
-323
-115
65
209
449
645
696
562
447
530
682
858
964
970
983
966
1002
1131
1326
1539
1678
1670
1622
1571
1469
1313
1169
1037
836
736
709
666
674
720
773
851
877
830
786
784
782
673
604
539
527
594
538
511
450
307
129
-57
-154
-355
-506
-550
-676
-714
-776
-831
-778
-776
-855
-915
-882
-775
-556
-411
-389
-425
-474
-549
-750
-933
-1109
-1190
-1292
-1362
-1331
-1328
-1093
-871
-788
-790
-922
-1012
-1042
-1002
-965
-789
-500
-334
-176
-59
128
357
397
389
320
249
299
367
364
379
396
411
481
459
381
411
454
456
486
423
425
484
548
748
766
734
746
726
720
683
685
780
950
1042
1027
949
934
824
597
474
272
153
191
156
99
56
105
196
284
282
151
166
226
182
135
146
83
-12
-188
-546
-690
-700
-671
-492
-429
-447
-517
-686
-757
-855
-1050
-1202
-1423
-1722
-1885
-1850
-1714
-1458
-1224
-1130
-1028
-972
-925
-774
-661
-690
-761
-888
-1023
-1050
-1002
-833
-678
-528
-373
-319
-248
-110
155
354
383
415
405
380
418
441
441
451
440
511
664
951
1315
1588
1758
1742
1733
1750
1653
1523
1407
1389
1337
1115
1064
1098
1036
1014
976
991
998
903
860
899
925
914
902
885
777
730
814
812
789
704
495
370
254
108
-67
-221
-325
-502
-610
-676
-747
-857
-951
-954
-975
-965
-930
-848
-746
-665
-676
-821
-902
-1012
-1150
-1258
-1324
-1335
-1500
-1517
-1459
-1430
-1221
-1077
-993
-856
-751
-741
-604
-499
-512
-486
-498
-399
-312
-229
-55
40
126
246
315
313
305
320
339
363
400
499
523
538
634
684
666
583
614
623
655
756
782
870
922
948
1013
1044
1037
927
754
685
671
619
602
645
736
802
827
875
805
647
496
309
86
-110
-185
-187
-50
139
170
190
290
232
77
-117
-411
-541
-587
-674
-697
-668
-652
-786
-902
-937
-1086
-1124
-1052
-1154
-1301
-1460
-1635
-1633
-1509
-1405
-1339
-1358
-1379
-1362
-1287
-1145
-1075
-997
-932
-918
-870
-759
-551
-373
-342
-348
-252
-183
-94
106
219
257
320
284
271
349
431
598
712
757
767
879
1115
1203
1277
1307
1357
1486
1486
1558
1620
1665
1724
1679
1593
1371
1202
1112
1000
994
919
767
724
770
823
846
853
901
865
714
684
632
614
678
494
371
273
61
38
-36
-191
-301
-449
-545
-624
-704
-767
-917
-1002
-1055
-1135
-1201
-1201
-1143
-1070
-970
-963
-868
-830
-820
-842
-1000
-1017
-1133
-1220
-1208
-1274
-1111
-920
-861
-729
-682
-636
-595
-639
-630
-570
-505
-422
-307
-260
-136
-21
37
54
-34
51
200
274
406
521
574
582
546
581
607
669
685
520
397
333
396
486
555
608
599
663
680
700
775
751
705
677
567
531
588
642
691
678
580
380
348
393
378
405
304
240
235
173
135
20
-107
-182
-345
-525
-607
-610
-528
-493
-408
-439
-724
-855
-941
-1010
-986
-940
-972
-1158
-1304
-1379
-1237
-1071
-1055
-1108
-1160
-1060
-1005
-887
-721
-633
-620
-742
-839
-893
-863
-723
-644
-635
-546
-391
-52
330
538
702
693
650
696
670
562
471
496
555
572
563
653
879
1039
1100
1171
1190
1204
1229
1186
1217
1379
1460
1442
1389
1287
1155
1096
1107
1002
873
728
611
577
615
664
691
701
601
485
366
311
276
216
212
139
40
-17
8
81
64
28
-126
-358
-436
-472
-612
-758
-818
-899
-936
-842
-878
-880
-839
-862
-750
-699
-746
-759
-824
-880
-851
-868
-814
-746
-801
-725
-641
-550
-363
-305
-253
-221
-253
-210
-137
-51
-67
-172
-212
-159
-76
-45
81
253
312
345
425
549
607
543
536
581
521
512
415
286
346
372
457
495
402
372
396
365
342
361
236
127
22
-80
-50
-34
69
291
291
122
92
104
60
21
-155
-306
-351
-459
-432
-333
-317
-268
-329
-478
-596
-686
-702
-730
-688
-657
-620
-597
-637
-647
-718
-786
-761
-773
-916
-951
-914
-852
-734
-575
-300
-171
-61
47
2
52
152
127
2
-98
-105
12
140
188
245
286
347
408
506
681
858
955
935
957
1035
1098
1166
1220
1218
1115
1058
1101
1117
1063
924
775
711
614
551
606
578
572
498
405
482
481
492
474
406
414
312
207
162
175
160
108
163
115
-60
-167
-289
-401
-378
-413
-465
-438
-450
-439
-361
-303
-203
-170
-228
-290
-289
-250
-397
-537
-578
-614
-619
-596
-546
-512
-554
-602
-631
-667
-583
-507
-408
-331
-369
-317
-314
-327
-318
-252
-197
-204
-133
-119
-57
-9
1
6
-16
58
104
136
135
158
147
86
179
291
367
519
617
636
555
421
495
547
426
294
270
355
435
513
438
334
331
265
241
154
40
48
31
29
-29
-131
-101
-92
-118
-106
-167
-285
-439
-563
-575
-659
-694
-607
-707
-768
-794
-839
-779
-743
-713
-771
-871
-926
-903
-807
-747
-735
-622
-522
-552
-533
-450
-421
-368
-382
-550
-443
-302
-168
44
19
75
159
156
220
294
406
526
550
616
712
733
822
954
1016
1066
1098
992
879
780
745
804
780
734
752
826
845
880
914
894
916
832
757
740
712
731
620
496
404
220
109
90
8
-90
-165
-301
-336
-387
-358
-277
-306
-294
-442
-506
-423
-441
-395
-323
-293
-326
-436
-449
-417
-427
-437
-505
-557
-661
-762
-674
-668
-683
-545
-434
-459
-498
-403
-365
-348
-251
-164
-154
-217
-174
-50
-58
-93
-6
26
3
34
22
108
153
33
84
200
219
270
354
364
379
385
321
369
488
504
502
386
224
197
151
266
403
427
445
375
330
256
232
210
218
232
211
216
9
-90
-128
-197
-191
-281
-253
-219
-308
-341
-322
-331
-310
-365
-470
-417
-511
-566
-535
-654
-715
-677
-553
-488
-491
-596
-635
-602
-681
-645
-652
-669
-664
-726
-767
-799
-699
-575
-466
-441
-499
-385
-269
-216
-155
-87
30
63
-6
-24
-27
-95
-131
-87
74
257
330
421
562
615
631
699
706
652
638
613
515
544
655
729
917
945
943
1110
1072
994
931
783
774
788
781
763
642
591
602
579
544
458
371
321
193
150
159
83
149
208
127
91
82
73
-3
-129
-221
-384
-501
-500
-462
-458
-485
-500
-567
-555
-547
-563
-494
-517
-514
-507
-541
-565
-566
-460
-377
-373
-393
-420
-427
-437
-389
-294
-319
-332
-267
-249
-279
-236
-157
-104
55
121
139
217
264
372
442
414
344
262
295
376
374
372
455
439
400
495
487
564
658
535
454
389
357
399
394
398
446
376
259
206
155
179
73
-74
-55
-135
-222
-246
-285
-267
-279
-306
-372
-398
-435
-547
-604
-625
-598
-670
-702
-650
-657
-670
-644
-572
-618
-665
-638
-658
-640
-650
-653
-639
-667
-691
-678
-501
-433
-431
-383
-411
-287
-172
-103
-79
-111
-82
-52
27
105
135
141
251
330
331
456
507
460
467
454
462
407
351
506
548
524
636
707
788
843
786
777
805
805
769
699
680
650
625
666
692
676
605
561
545
472
327
177
234
232
161
239
199
221
211
170
187
63
-45
-149
-198
-233
-320
-354
-340
-404
-382
-334
-419
-413
-385
-423
-379
-288
-410
-550
-515
-536
-484
-466
-482
-385
-419
-498
-486
-420
-337
-318
-299
-272
-282
-209
-136
-138
-132
-98
-9
42
-13
-11
47
38
68
176
212
231
266
209
207
252
213
255
287
285
407
476
475
517
541
562
590
638
675
567
554
534
365
297
297
404
481
413
350
271
177
145
182
162
111
117
56
-50
-84
-115
-217
-273
-358
-383
-378
-536
-577
-610
-602
-523
-600
-637
-679
-735
-796
-867
-882
-931
-884
-823
-879
-822
-759
-769
-787
-737
-677
-694
-535
-488
-590
-526
-475
-377
-293
-240
-126
-108
-35
88
76
140
274
342
336
336
442
496
456
435
534
643
626
603
684
725
736
795
807
821
836
785
773
779
709
730
780
731
735
674
580
520
426
383
326
252
240
255
230
191
93
45
46
0
111
101
15
2
-118
-179
-289
-366
-382
-414
-349
-403
-485
-504
-536
-489
-460
-496
-435
-397
-444
-490
-549
-542
-525
-426
-381
-401
-309
-311
-347
-303
-285
-318
-267
-211
-189
-181
-193
-130
-150
-121
-46
-91
-42
-7
-22
26
10
50
104
108
134
157
106
83
96
95
153
180
243
248
292
405
354
298
288
335
356
317
344
294
237
238
211
229
208
181
221
191
123
85
46
61
162
225
152
76
82
79
-1
-51
-77
-162
-210
-276
-390
-369
-295
-251
-313
-363
-336
-408
-444
-487
-510
-582
-585
-489
-505
-459
-489
-434
-347
-392
-320
-347
-363
-363
-346
-257
-253
-300
-255
-126
-105
-5
5
-7
18
-30
56
118
181
208
297
408
333
330
407
451
437
438
378
343
375
364
464
468
425
427
393
439
434
366
395
358
320
333
271
259
209
217
248
218
249
206
216
229
157
186
119
121
133
-23
-1
18
55
83
-10
-18
-4
30
86
46
10
-6
-35
-55
-81
-93
-107
-97
-107
-42
-61
-122
-56
-92
-144
-185
-203
-201
-156
-152
-240
-198
-217
-220
-142
-151
-86
-119
-232
-224
-240
-224
-235
-286
-243
-219
-252
-320
-318
-305
-294
-238
-217
-202
-246
-235
-234
-250
-212
-269
-242
-218
-295
-295
-260
-227
-243
-224
-195
-255
-248
-131
-131
-171
-52
-52
-55
25
0
-53
-129
-105
-71
-82
-7
7
17
107
141
177
222
257
267
248
222
230
243
227
274
298
353
364
357
376
432
456
363
385
400
402
399
348
322
341
370
375
347
298
325
353
383
386
292
167
189
285
268
193
178
183
120
141
110
56
74
-15
-54
-40
-76
-96
-83
-19
-42
-136
-80
-86
-204
-175
-118
-199
-232
-214
-286
-307
-234
-186
-218
-257
-297
-349
-353
-345
-317
-272
-316
-272
-205
-281
-236
-169
-157
-103
-73
-62
-142
-187
-193
-179
-110
-93
-71
-61
-21
-19
-79
-24
20
37
17
66
158
119
125
126
145
153
131
205
171
100
127
133
142
105
106
160
112
90
54
-18
36
16
-17
56
41
56
151
106
57
85
72
76
23
-9
-18
-78
-45
-44
-35
-46
-29
21
-130
-190
-82
-46
-82
-83
-46
-24
-46
-47
-12
-52
-48
-14
38
4
-139
-97
-79
-163
-195
-134
-33
-60
-107
-53
-70
-93
-61
-72
-61
-86
-69
-56
-102
-96
-143
-105
-52
-110
-47
-72
-102
-24
32
105
57
92
132
65
84
88
77
142
202
216
253
262
225
218
198
215
225
241
236
178
212
299
367
329
329
379
322
335
289
190
182
180
194
170
202
180
146
187
92
56
39
28
65
-17
-49
-22
-66
-86
-61
-93
-111
-143
-172
-122
-161
-294
-306
-196
-183
-213
-229
-289
-266
-254
-291
-270
-269
-292
-318
-299
-287
-325
-306
-308
-268
-261
-254
-217
-267
-226
-197
-182
-214
-234
-139
-167
-209
-182
-175
-182
-137
-97
-102
-23
1
-55
-43
-38
-20
-34
-68
-28
13
43
89
127
153
116
58
111
143
88
107
141
150
142
80
189
219
108
200
203
133
148
189
178
164
259
273
251
198
183
230
125
120
201
195
155
67
106
144
121
126
104
141
129
55
71
145
136
70
128
132
78
130
128
78
42
39
47
-2
31
88
-13
-44
-11
-62
-68
-97
-80
-51
-66
-13
14
-35
-121
-80
-44
-84
-60
-106
-176
-178
-190
-176
-138
-106
-111
-124
-127
-119
-100
-108
-101
-124
-75
-54
-109
-76
-74
-45
-28
-49
-87
-106
-93
-74
-8
2
42
75
59
53
-64
-79
13
-35
-29
-7
27
73
41
64
75
22
27
38
-18
-67
-124
-140
-59
9
-61
-64
16
-1
-17
-82
-111
-80
-59
10
17
6
77
65
-11
-18
-88
-68
-1
-81
-70
-41
0
31
-37
11
48
15
46
56
33
21
44
72
98
97
102
166
131
33
-8
-45
-1
9
-69
-39
-18
14
85
26
-23
6
3
-8
-49
-79
-50
-67
-116
-81
-46
-71
-29
-76
-123
-54
-38
-7
-62
-108
-95
-109
-74
-78
-45
-13
-28
-12
12
0
-68
-64
31
53
38
48
6
75
83
40
52
26
111
132
66
68
110
131
127
124
133
137
121
127
135
141
104
50
60
130
111
26
120
178
117
131
181
168
118
96
60
-24
-30
105
87
54
106
101
179
113
57
101
35
7
-21
-22
-73
-116
-40
38
69
25
41
40
-23
-98
-70
-24
-58
-65
-52
-53
-63
-85
-62
-15
-100
-107
-106
-141
-88
-132
-108
-89
-134
-56
-38
-97
-128
-137
-107
-78
-113
-113
-93
-82
-42
-35
-40
-92
-114
-101
-120
-95
-73
-63
-81
-71
13
12
-44
-36
38
-4
-102
-54
-33
-6
-15
-53
39
58
50
88
97
36
7
38
29
22
-36
7
57
56
126
123
99
64
67
32
38
76
-6
43
106
76
89
51
26
28
-4
-5
-15
-4
0
-31
20
46
29
41
53
31
-2
-9
-39
-76
-111
-163
-101
-60
-106
1
61
17
38
16
-48
-41
-18
-24
-1
-28
-20
46
41
43
58
51
72
83
60
52
41
19
47
89
94
79
129
157
98
148
179
90
72
89
58
86
140
125
110
124
96
59
53
28
-8
-22
26
55
29
41
36
12
30
-14
-28
48
14
-12
37
-34
-75
-6
-32
-71
-73
-32
-9
-53
-57
-88
-60
-23
-72
-16
-19
-25
-6
-48
3
2
-40
-80
-67
-18
-3
-1
-23
14
-19
-33
27
-49
-124
-40
24
-6
-55
-97
-36
24
4
-23
-10
11
-75
-121
-102
-115
-111
-136
-111
-33
-40
-67
-73
-97
-130
-122
-143
-129
-43
-87
-84
0
-1
-22
-41
-63
-110
-157
-146
-92
-113
-130
-72
7
50
57
95
86
-8
-21
80
-9
-80
4
3
60
139
176
115
80
79
87
92
-48
-20
102
98
99
130
129
105
151
198
131
91
133
106
49
32
36
76
125
117
103
160
122
67
51
-21
44
94
31
42
83
37
-6
6
-20
11
33
13
25
32
12
-81
-103
-3
-22
-89
-20
-25
-33
-20
-63
-118
-83
-22
-117
-136
-111
-113
-96
-18
-37
-95
-50
-86
-94
-106
-130
-126
-101
-55
-62
-74
-34
-5
-65
-50
0
-85
-126
-94
-101
-55
-32
-14
62
32
-26
-19
-3
-45
-76
-25
-24
-16
58
51
-7
33
59
-4
-49
-62
-40
-33
-2
59
95
160
186
42
-45
22
46
-2
-35
-19
41
80
79
87
104
125
79
36
50
1
-44
-63
-30
82
169
137
14
0
77
117
56
-18
-21
1
1
-30
4
-18
-79
15
33
-70
-20
17
-58
-38
66
38
-52
-37
-19
33
-18
-80
-13
6
-4
-48
-28
-1
-3
9
-12
-60
-51
-10
-37
16
37
0
-6
-35
17
15
-59
-45
-1
-2
0
23
25
-49
-97
-37
-111
-49
2
-141
-74
-2
13
-21
-99
-83
6
-5
-109
-106
-76
-9
-42
-115
-37
44
-6
-78
-55
-68
-20
2
-13
-8
-1
68
35
0
52
41
26
42
-13
30
110
88
84
76
148
172
90
74
36
13
1
72
134
56
82
142
160
111
58
75
71
48
41
26
-58
-6
69
30
109
87
-18
97
43
-24
4
-68
-7
-21
-9
-23
-118
14
32
-17
30
-7
-33
-53
-98
-89
-20
29
-39
-90
-51
25
-18
-80
-23
-81
-97
-42
-80
-79
-23
-50
-52
5
12
-15
-83
-88
-16
-37
-103
-36
-75
-114
-3
47
30
-32
-19
34
-25
-76
-22
-41
-57
-24
0
13
-11
30
63
37
35
-8
-49
-1
23
-19
2
49
53
41
19
36
-10
-25
-14
-41
37
-2
-82
7
37
2
35
18
-27
2
-17
-18
-35
-100
-35
37
17
-28
-20
-17
-44
-58
-75
-59
-49
-73
-40
3
-14
18
42
33
35
-25
-19
-20
-1
-2
-78
-19
5
-18
23
18
-21
-5
47
78
4
-54
11
38
44
37
8
16
11
51
83
53
-32
-27
41
14
-39
-56
64
59
2
77
25
7
14
53
102
13
37
30
28
77
15
49
10
-29
87
67
8
3
-15
31
78
85
72
19
41
79
24
40
-8
-40
77
76
5
11
49
24
-13
18
16
4
15
-39
-64
-59
-7
26
37
47
-26
1
-1
-76
-12
-6
-59
-17
10
-76
-76
9
-46
-53
-1
-30
-36
-3
-23
-40
-55
-30
46
4
-8
-36
-67
16
-17
-46
-34
-68
-49
-18
7
53
28
-47
-2
7
-82
-22
-17
-69
-28
-15
29
-25
-95
-9
-44
-62
13
-17
-48
-38
-36
-99
-46
13
-9
0
-26
-38
-48
-108
-96
28
-10
-82
-4
32
0
-49
-82
-34
20
31
-14
2
1
-45
53
22
25
73
4
47
35
-39
-2
19
9
15
51
74
29
39
84
92
75
52
52
97
84
27
4
-30
15
52
65
90
42
43
68
60
52
31
-13
-25
59
82
-1
-2
56
62
43
45
59
18
-46
-28
5
-52
-65
23
54
19
25
31
5
-32
-77
-50
-29
-43
-5
20
-23
-32
2
-2
-76
-51
56
-48
-124
-72
-81
-31
36
-6
-68
-53
18
23
-74
-82
-48
-17
5
-37
-17
-19
-16
53
53
2
-30
-25
4
26
-9
20
76
-26
-17
48
2
12
15
34
50
7
25
60
34
27
49
51
64
11
-32
-31
2
36
-12
-39
-34
1
25
-25
-32
25
-22
-71
-8
31
22
40
-2
-79
-10
-23
-58
-79
-56
41
-8
-16
-19
-20
-83
-99
32
43
43
4
-13
18
35
22
-9
-7
-7
5
-8
4
37
43
2
33
85
-51
-15
59
-43
-6
23
34
57
29
35
73
93
32
41
40
-59
-41
17
2
38
51
8
16
37
-17
-33
19
59
42
15
47
14
41
55
-40
-13
-11
-59
-13
-12
-39
-1
5
-19
-16
9
-7
-15
15
-3
5
-64
-129
-78
-124
-45
24
-47
-2
17
-29
-104
-92
-38
-26
-39
-43
24
-43
-83
-40
-94
-68
-28
-10
11
-22
-18
-33
-21
-14
-33
2
22
6
-3
28
-9
-29
36
29
22
7
16
15
-36
56
51
-5
20
19
75
9
-60
13
13
26
45
45
93
85
58
35
16
14
-17
-56
-36
-10
-17
26
-4
-46
66
92
41
54
50
37
15
-25
-17
37
4
25
-7
-54
53
-5
-22
4
13
50
-23
3
16
6
55
-37
-31
81
53
8
-29
-8
27
-22
25
8
-33
21
34
-1
-44
-12
-87
-112
-13
45
57
-3
-8
21
11
19
60
0
-5
30
-40
-36
-34
-38
-46
-66
12
37
-4
-19
-7
39
53
31
19
29
48
26
-44
-31
46
-13
0
47
-55
-18
32
-20
-17
7
13
16
47
47
-9
-56
-48
-13
-25
-24
4
2
-6
-8
8
-5
-17
-6
-76
-128
-31
23
-36
-18
-38
-35
6
-80
-3
31
-23
48
-1
-59
-50
-31
-34
-18
2
32
50
-43
18
0
-22
80
5
42
50
-7
-13
-28
39
49
-15
29
31
1
58
0
29
72
-16
-3
88
112
38
17
40
-48
-68
-3
-2
-43
-34
39
40
46
16
-6
44
31
48
21
-55
12
25
3
9
-79
-26
16
9
10
-60
29
35
-39
-18
-44
1
-26
27
113
24
26
-45
-25
23
-51
-28
-36
-19
-13
-61
-4
20
-19
-40
-34
-16
-16
16
-10
-22
5
-2
8
-8
-23
-6
-46
-58
6
-3
-22
-34
-72
-52
-6
32
3
-26
17
57
23
24
31
-65
-34
31
0
-10
-37
-17
-7
-17
22
53
17
2
10
-3
48
23
-28
17
31
-2
25
34
-9
-15
-34
-11
22
-4
-36
11
127
55
-2
22
-4
45
38
13
-3
-42
1
6
6
23
4
31
55
-24
0
52
-31
36
40
14
69
-1
-3
49
16
24
49
-38
-65
-23
-27
-20
-27
40
95
-28
-70
38
94
46
-72
-67
20
42
0
-20
26
-5
-34
-62
-4
44
-85
-54
3
-6
-12
-28
32
14
38
72
49
-4
-67
-61
-11
53
-45
-43
-8
-72
-27
-4
51
81
49
-29
-91
0
36
-4
3
14
49
4
-64
-24
-14
-1
19
-23
-7
-31
-45
34
-10
-2
49
17
7
-24
-21
18
30
22
-60
-75
8
18
-16
-48
-2
52
18
-46
-81
11
75
2
-19
-17
-47
9
63
30
31
7
-31
-83
-118
2
2
-40
20
7
17
12
36
36
10
23
-17
54
36
-73
-51
-39
12
44
0
-18
7
61
-17
-10
83
-17
-40
0
19
93
84
65
-11
-41
34
-7
-3
-17
-38
33
26
53
64
13
32
-4
-10
28
-17
-8
29
23
35
17
18
34
3
1
22
30
12
-31
-9
-19
-33
27
0
4
88
32
-26
-23
-2
13
-47
-21
18
21
16
1
-15
-37
-9
-24
-24
-10
0
2
-31
-14
20
-27
-32
30
-16
-69
-53
-63
-25
18
-7
-43
-34
-9
7
15
9
38
-5
-46
-5
-73
-102
10
-3
12
30
-11
0
-43
7
16
-15
45
33
0
-23
-14
48
24
-28
47
79
-6
-85
0
36
-29
-8
-38
-1
43
29
18
42
47
-11
17
-16
-40
21
-7
-36
22
61
0
-40
25
28
-7
14
-69
-32
54
-40
-15
30
42
76
39
-11
-18
11
22
0
-29
-31
25
68
10
0
41
10
-5
22
9
-40
9
15
3
83
-11
-73
-17
24
110
45
-36
22
0
-54
-79
-80
15
94
58
48
28
-74
-79
-38
-36
16
13
-41
0
10
-29
0
12
5
28
9
20
-58
-86
21
17
6
21
-29
-43
-24
-7
37
-3
-12
-49
-39
54
-27
11
86
28
20
8
-9
16
-15
-78
-24
19
-3
-16
11
10
9
15
3
38
4
-41
43
19
-58
72
4
-55
78
12
1
34
-21
-75
-60
6
15
38
20
16
26
-53
-55
-2
48
72
-9
-13
9
-58
-15
-2
-16
16
-5
34
31
-76
-127
-8
80
17
29
-23
-57
35
25
-3
-36
-11
74
6
-44
-74
-80
20
12
20
54
29
-10
-23
-23
-39
12
38
10
-10
-5
2
9
-71
-54
61
18
10
0
-30
10
-44
-55
45
62
35
-3
-26
34
24
-52
-36
-63
-63
53
-5
11
67
18
57
-12
-23
-15
-39
32
40
-8
-30
-6
57
56
-65
-18
56
65
45
-61
-40
-24
-44
31
59
23
40
46
16
-14
-2
12
7
-35
-77
15
81
27
-44
18
49
-30
21
11
-102
-57
13
21
80
41
-14
-14
-4
54
6
-39
-13
-19
-23
9
-49
-94
57
44
12
8
-15
56
9
8
19
-57
-77
13
13
24
-7
-64
66
15
-65
-49
-18
-3
27
66
-12
-24
-52
-38
-14
2
54
-34
-1
25
-57
-42
-3
6
39
34
-7
-7
-39
-10
-41
-76
23
19
11
18
16
44
-5
20
-33
-40
120
40
-14
0
-36
2
-25
-25
12
33
50
-40
-15
0
-21
66
-11
31
88
29
28
-70
-7
55
12
-24
-68
-7
15
-38
-44
82
67
-1
6
-64
-3
1
-31
54
21
-38
8
44
29
19
-6
-1
10
0
17
-26
-56
-51
-46
-19
16
18
-12
69
100
37
-36
-63
-18
-17
26
30
12
34
-12
-38
-59
-69
0
-14
-2
29
-61
-40
39
52
9
-49
8
49
38
-26
-49
25
-40
2
24
-72
-25
-20
-4
16
5
42
0
-15
16
-46
-28
5
-17
58
64
10
23
40
-3
-63
-56
39
67
18
-4
-42
-18
43
39
-37
-37
-2
22
42
-42
8
81
38
67
38
-49
-34
-1
17
3
-11
24
0
-4
-25
-26
56
-3
-48
31
37
-16
22
-5
0
55
-29
-16
9
9
95
58
-44
-44
-28
-23
-43
-28
8
34
68
-12
-19
-24
-77
18
10
-10
33
-29
43
55
10
63
-36
-15
36
-32
-72
-105
-63
-2
16
-23
12
36
0
33
-4
-30
-43
21
62
-1
56
20
-17
-10
-73
-46
-20
-56
-31
-8
-8
35
33
-31
-9
4
-2
49
13
1
10
18
-11
-55
-9
-17
21
44
7
51
16
-89
-73
-23
-43
-7
24
-10
28
51
42
62
19
29
30
-36
-6
-4
-37
-62
-67
56
91
-34
-45
14
40
20
-32
-1
13
-21
-5
34
0
-3
36
1
32
32
-20
-40
-36
1
-36
-47
6
-2
15
74
-3
-51
60
10
-84
-54
-81
9
67
-7
54
47
23
18
-54
-38
-21
-54
-45
0
-7
11
16
11
39
-50
-10
25
-86
-70
55
86
-8
-17
39
33
-27
-30
-25
-14
36
-13
-37
-26
-31
0
9
-25
21
58
-27
-7
32
-26
-49
20
23
-7
16
7
15
34
-33
-51
-41
-41
-11
-2
7
-41
34
60
-26
40
69
-8
-63
-50
3
17
-36
-47
1
7
9
70
52
-23
-14
21
42
-40
-105
-73
-69
39
74
28
67
29
11
36
-4
-2
-39
-96
-35
14
-10
-14
58
62
-8
-12
56
18
-70
-38
-12
-37
-3
46
-5
-30
27
48
21
5
-36
-29
12
-39
-21
57
9
3
42
12
-42
-64
25
17
-50
-34
-16
23
63
30
-33
-16
66
102
16
-61
-60
-13
7
-9
-10
-14
25
-39
-59
35
27
50
63
-7
0
38
-66
-96
-27
14
43
18
51
41
-24
8
-30
-79
-10
25
-11
-20
-10
-8
31
18
-6
-43
-61
21
0
-1
115
62
-36
-15
-8
11
-46
-83
-48
-56
25
81
10
-28
20
-31
-13
109
11
-53
8
-22
-43
0
-4
11
12
-3
67
64
-6
-55
-105
-50
1
-21
33
0
16
40
-31
72
36
-49
4
33
1
-72
3
57
-10
-68
-9
69
-5
-47
0
-20
-29
22
-8
25
40
-27
15
23
21
12
15
51
-78
-55
45
-30
-7
-33
11
48
-59
25
28
-20
6
2
0
19
-9
-28
6
-17
15
36
51
30
-31
-6
7
-16
-80
-73
20
14
-10
13
84
37
-73
18
-15
-39
50
26
28
-8
-7
-11
-41
0
5
1
-10
26
27
-41
-47
-17
37
35
-13
-18
-16
-6
8
11
26
13
-13
14
10
49
23
-73
-20
4
-12
-34
-60
-43
1
26
1
65
61
-53
-26
63
20
-36
0
9
-33
-16
12
-13
8
-14
-35
-16
7
18
-31
-41
-17
15
26
19
17
-2
9
6
-2
20
-6
-19
-22
-20
10
-32
-65
-6
3
-3
37
19
41
-5
-35
10
-64
-57
28
53
79
42
-19
-31
-39
-19
-23
-38
-13
14
16
2
-19
-27
41
32
5
24
-11
-27
0
3
-31
32
36
-13
8
-24
-25
-31
-24
59
37
-65
-66
33
76
17
-17
9
-20
-18
25
-4
16
-6
-31
53
-23
-35
24
-48
-7
14
26
44
-16
-36
-22
26
-18
-12
45
-16
17
44
-25
0
-17
-45
19
-26
-33
5
48
42
-35
27
0
-22
14
-13
-28
-14
-21
-41
10
15
24
58
21
23
16
-49
-7
3
-75
-59
-33
57
78
-22
-42
-44
22
86
26
-37
-17
10
-18
-29
10
16
-19
-31
15
67
62
-25
-72
-40
-37
1
-26
-48
18
11
58
54
46
47
-51
17
12
-66
27
-33
-101
-58
-33
60
62
-3
2
14
-9
3
66
17
-19
6
6
-52
-69
6
-39
-4
53
22
48
23
-68
-48
20
-2
-4
1
14
17
48
10
-65
-3
-5
-41
-33
-11
-6
41
79
16
-4
-1
13
-13
-32
-21
-5
22
-30
-3
29
-45
-55
-38
36
74
-30
-3
92
67
-23
-63
4
15
-30
-64
-40
23
-19
-1
35
34
15
-43
9
33
-17
-23
-13
6
0
-37
-17
3
12
34
39
96
19
-122
-35
24
-45
-60
-43
0
70
11
-63
25
53
-4
33
34
7
-1
-29
-19
-30
-33
-48
-14
39
52
56
1
-24
-21
-39
-48
-79
-27
49
30
63
48
18
60
11
-16
-2
-6
-58
-103
-80
-47
39
12
-12
53
60
79
35
-14
-34
-39
0
4
-22
-7
-13
-45
16
35
12
12
-22
-16
-21
-27
0
-14
-23
-2
71
95
12
8
7
-44
-11
-14
-36
-21
-41
-43
-18
3
10
8
-3
68
76
35
34
-36
-19
-8
-20
-19
-45
10
0
-41
-34
-24
-12
-11
21
41
92
91
-24
-39
3
1
-5
-33
-1
3
-38
10
23
-49
-67
-17
3
15
16
58
48
0
28
59
48
-43
-54
-21
4
-50
-21
24
-80
0
15
-19
19
5
27
88
87
2
4
22
-56
-72
-68
-50
18
-6
63
80
12
30
-21
-32
-25
-29
-7
-15
-38
-11
49
82
37
34
43
-10
21
-6
-74
-54
-19
-48
-74
24
5
30
101
-11
-6
87
55
-15
0
-2
-20
-29
-47
-21
25
-19
-30
8
28
63
9
-42
-59
31
79
-37
-19
22
-7
44
56
24
-13
-19
-3
-40
-34
-51
34
79
-39
-45
-4
15
14
28
38
26
9
-30
22
48
-30
-10
16
-27
2
21
0
-24
-22
11
6
8
-24
-37
25
30
47
18
-16
14
1
22
40
34
34
-10
-48
-64
-49
-18
-64
-2
56
4
99
111
19
58
3
-119
-92
-30
-15
0
1
44
85
59
47
-17
-49
31
8
-33
-30
-52
-57
10
39
-6
-2
31
77
39
42
86
-27
-83
-77
-66
-13
36
43
23
84
29
-15
2
-28
0
14
0
-75
-81
-14
10
50
48
27
86
96
2
-35
-3
-16
-24
-56
-99
3
1
27
107
43
42
0
-76
-60
-30
-29
5
36
50
60
44
43
30
22
-11
-44
-55
-20
-13
-46
0
-29
-73
34
108
36
10
52
80
12
-69
-21
-60
-7
68
0
16
8
-37
-27
17
22
16
-21
-40
60
8
-24
0
-75
0
89
51
17
-12
21
64
-18
-22
-22
-37
-23
-12
-15
-57
1
56
76
24
8
83
-37
-91
37
5
-14
-9
-32
44
16
-23
17
26
21
11
-22
-29
-15
-21
19
0
0
51
9
6
32
37
23
-22
-48
-72
-60
33
61
-34
-19
2
-15
71
83
82
24
-40
-26
0
-40
-103
-41
11
44
20
-2
1
24
40
-19
21
9
-43
9
-9
-14
65
56
1
8
-11
-23
-29
-7
20
-33
-52
-62
-39
50
25
9
72
78
61
-18
-75
30
56
-33
-54
-47
16
45
-19
-38
-10
-12
0
40
-35
-12
19
-89
17
63
37
96
51
4
11
5
-74
-49
-13
-20
-48
-66
44
4
-16
19
2
47
-4
-6
30
11
60
14
-16
75
-21
-67
-14
-79
-68
34
74
-36
-55
39
50
23
-5
1
-5
-6
-3
0
1
10
5
-34
-13
28
22
-19
0
30
12
-14
0
25
-44
-46
14
-37
-31
22
15
27
31
-25
39
78
-43
-10
-4
-36
25
-19
-49
23
17
49
10
-69
17
-47
-59
22
-2
55
71
-20
1
72
-5
-37
-40
-76
-16
25
-4
23
86
6
-26
60
11
-72
-71
0
24
3
23
-16
7
12
-42
-38
-41
22
92
102
59
18
-25
-80
-82
-48
-20
18
42
5
42
13
-28
21
-9
-45
-8
21
20
19
8
-19
0
43
44
-34
-60
7
7
35
42
7
-9
-118
-47
88
14
-12
-26
-48
10
-7
17
112
70
8
-16
12
12
-41
-7
-47
-55
19
-55
-39
49
1
15
20
48
81
-11
-8
-19
11
25
-45
-29
-1
19
-28
-3
11
-22
-1
-1
55
51
47
4
-92
-3
5
-72
-77
8
121
72
12
-13
-26
-31
-8
71
13
-8
-14
-45
-12
-4
35
4
-38
19
20
-22
-8
-21
-23
20
49
67
10
-5
33
-12
-35
-38
-1
0
-24
-15
-28
17
35
23
-6
31
39
-53
31
15
-57
23
-9
-35
-5
-9
-7
13
58
40
47
53
-33
-87
-54
-11
-3
-31
-11
5
-33
35
75
80
54
0
0
-31
-44
-70
-106
-37
48
80
90
16
-37
30
61
-4
-63
-103
-65
19
26
45
35
-38
-47
14
55
85
63
22
0
-60
-95
-88
-16
-8
-18
53
69
64
21
-69
-44
24
18
-4
-15
-31
11
65
76
14
-37
-30
-68
-25
-22
-42
9
-15
-39
7
102
96
10
29
44
17
5
-50
-66
-91
-115
-44
1
8
21
67
92
92
56
-11
-39
-25
-29
-36
8
-22
-60
-25
-13
47
38
-11
38
-5
15
18
-44
-19
-60
-4
27
-26
22
46
33
24
18
53
-7
-65
7
-21
-67
-85
-78
16
-28
49
122
-30
9
57
35
88
49
-29
-66
-50
-10
-41
-131
-75
47
-3
23
73
21
72
14
-2
40
-56
3
30
-80
-51
-1
-9
-13
-1
3
32
74
-1
-7
-2
-41
9
-22
-29
14
-13
14
6
19
51
-62
-51
7
-30
-7
46
28
5
21
-4
4
-16
0
48
12
-27
-109
-61
17
13
49
14
20
8
-63
-33
-14
27
49
41
50
-20
-3
29
-25
-55
-66
-31
67
17
-86
-30
-30
4
76
34
27
0
-19
27
12
46
33
-35
-28
-50
-13
1
-55
-41
-52
-51
33
85
80
14
19
46
-31
-4
20
-64
-26
22
-23
15
42
17
-49
-123
-85
67
54
-46
55
22
-4
38
-16
50
63
28
-4
-51
-32
-44
-14
-37
-75
-15
-41
10
96
36
6
42
37
44
51
-40
-93
-69
-15
0
-22
0
18
-19
-26
50
100
139
48
-87
-87
-75
-61
-34
-54
-30
66
12
-13
85
98
56
-15
8
17
-19
-37
-69
-9
-30
-4
39
-26
-41
13
21
-36
-24
-4
-7
41
77
-7
-3
78
37
31
8
-44
-73
-30
4
-62
-28
-56
-39
77
69
30
-3
-24
-32
18
43
27
18
24
-7
-52
-44
-9
58
41
-21
-11
1
-20
35
-9
-65
-20
-89
-16
38
12
53
0
46
102
36
-7
-53
-40
19
-6
-16
-10
-11
28
-32
-20
-9
-73
38
27
-66
10
11
-5
57
63
21
0
22
27
3
-33
-38
-4
-48
-12
20
-57
31
27
-60
3
-3
41
73
-39
-91
-30
35
42
65
51
-14
-26
-2
6
0
-12
4
8
-11
-20
-35
-50
-60
-32
-7
48
82
66
-4
-19
12
0
54
-22
-45
2
-12
0
-5
42
0
-35
0
-9
-1
-43
-18
28
-77
-50
104
41
-6
-11
-20
69
20
27
47
-35
-12
-42
-26
46
16
-34
-70
-20
20
-13
-25
-81
-15
91
23
41
7
9
63
-22
-1
14
27
24
-25
4
-27
-34
-10
-19
-25
-77
-89
-9
11
51
79
38
68
4
-26
14
-31
-6
22
40
60
8
-31
-40
-40
-27
-61
-56
-12
-16
21
30
-24
-22
18
46
40
5
32
87
60
27
7
-34
-33
-25
-75
-102
-78
-30
34
64
20
-29
-31
-39
23
59
27
28
53
92
23
-52
19
69
-56
-115
-20
19
-1
-63
-73
-57
-30
39
9
-17
25
60
72
26
24
72
48
2
-64
-80
-18
-27
-22
57
18
-80
-69
-12
75
38
-93
-18
13
-71
-6
50
55
74
54
31
-4
-2
13
19
8
-63
-41
-73
-67
-19
-46
-1
-31
57
77
-53
25
57
15
-29
-33
87
41
0
91
-1
-31
-62
-106
-28
-64
-27
17
1
15
25
39
-9
-2
2
-2
12
-22
25
0
-12
46
21
28
1
-40
-30
-29
31
17
-70
-44
-38
-19
18
-37
-6
50
15
-2
19
28
42
50
5
24
26
-55
-44
-9
-53
-83
-45
45
78
0
-34
-65
-87
-10
19
46
89
75
15
39
60
-52
-63
-35
-6
23
-37
-22
-39
-27
-26
-119
-31
59
57
45
63
65
-15
-2
4
-42
-12
-26
-62
-6
38
4
27
63
22
-46
-48
-19
-46
-11
-27
-9
21
11
65
-4
-30
-9
6
36
23
52
21
24
37
-79
-55
-9
-92
-60
-3
32
74
27
-23
-37
-39
-17
5
26
22
26
44
12
-74
-86
31
63
11
-38
-27
26
-9
3
0
-54
-28
-45
-44
-22
-42
24
90
73
85
10
-63
29
15
-33
-7
-1
-22
10
70
12
-58
-77
25
20
-58
-20
-4
15
55
32
-31
37
46
33
52
9
-18
-47
30
-42
-98
-15
1
7
-33
6
4
-23
8
-4
-24
-46
14
62
3
30
-5
-31
25
1
69
-4
-109
-89
-71
74
53
-32
-8
40
48
-57
-38
-24
33
94
-8
22
21
-40
3
57
54
32
-19
-68
-55
-6
5
4
62
58
42
-10
-13
-3
-52
16
1
-8
37
-1
-11
-34
-24
-38
-18
89
28
16
52
-52
-41
6
8
-23
0
-12
-91
-12
-33
-23
34
-79
-47
24
47
97
48
40
53
9
-32
-41
-3
-5
-1
-39
-55
-12
16
6
-20
0
-25
-2
83
99
34
50
67
17
32
31
-7
-108
-76
13
-16
12
7
-20
-25
-111
26
166
52
30
5
-33
-20
-13
-2
-18
-19
20
11
-35
-31
-4
-21
-38
-1
-30
-64
23
44
14
28
-17
0
32
3
-21
-42
25
37
10
9
-36
-17
-1
27
12
-23
6
41
79
-26
-57
17
4
3
-10
110
124
-19
26
-1
-56
-57
-53
35
56
17
-30
-16
70
43
-9
-8
-13
-75
-11
98
-10
-18
25
-41
-95
-54
-11
19
76
48
15
-3
-11
-71
-38
9
-54
-12
-8
0
51
-1
-15
9
23
-21
-29
16
9
30
22
-27
2
46
43
3
-14
0
56
90
4
-71
-110
-64
22
64
99
61
14
65
35
-13
-9
-54
-35
-29
-41
40
38
31
81
-21
-88
-37
25
17
-31
22
-22
-29
-1
-47
-11
-32
54
57
-28
-15
-61
12
-8
-14
47
-21
7
6
-57
-69
14
49
-21
-24
34
46
7
5
16
-19
-32
29
76
93
-7
-81
39
25
-74
-26
32
-12
-8
47
58
16
-29
39
38
4
10
-43
11
38
-49
-22
13
12
27
-37
-43
-25
-46
9
5
11
59
8
-37
-31
-37
-7
77
49
-54
-77
-48
-67
-2
78
1
-17
-7
-25
10
-24
53
100
-30
-4
-30
-5
27
-89
-53
26
127
73
-82
-19
-14
-17
39
12
5
27
56
11
-18
36
25
-49
-51
32
35
-3
-9
-47
-108
-46
76
95
47
11
35
-9
-32
-31
-54
22
-12
-25
-28
-24
18
-14
0
1
-18
-44
-22
34
38
-17
0
18
0
11
20
12
-79
-66
58
9
0
27
-32
-14
-5
-5
-23
2
79
32
-3
5
-5
33
36
5
9
6
-52
-8
50
-23
-9
-11
-27
3
14
17
-6
33
3
-30
4
-26
-2
7
5
61
11
-83
-25
0
-27
22
-27
-36
-7
-40
26
49
-33
-46
-29
16
45
-22
-38
-1
15
25
-1
17
44
7
15
-36
-65
10
-27
-13
49
-25
-10
29
26
31
0
44
24
-43
40
33
-42
-19
54
41
-35
-30
-6
15
-19
-8
-1
-31
41
17
-49
-6
12
9
-15
-27
43
14
-16
-12
-35
15
9
-10
-22
-42
-38
-5
-1
-36
5
-4
-9
5
26
61
10
-2
-27
-40
17
11
1
-14
-9
-2
-11
2
-6
35
33
41
47
-21
-38
-13
-10
-18
-7
18
87
35
-19
-18
-15
10
-10
42
-13
-65
-18
5
9
28
79
-5
-31
-50
-75
17
20
9
44
-24
-74
-29
15
40
-10
-33
-54
8
-1
-32
83
-5
24
69
-24
4
-74
-65
-31
-47
35
9
25
44
15
40
-1
-43
11
15
-35
-5
53
46
24
-8
-45
24
8
-58
-1
25
41
-7
-42
-11
-43
4
53
26
6
-34
-1
-6
15
78
-5
-8
-31
9
27
-120
-49
58
-10
-108
0
78
-18
-50
-40
51
51
18
44
47
30
-35
-41
-37
-51
-33
-24
-20
-3
30
72
42
-21
-49
-36
-7
41
50
10
12
11
3
10
24
-7
-49
25
20
-34
60
41
-29
-54
-59
-47
-44
92
70
5
27
-76
-10
49
44
63
-43
-1
33
-38
-53
-53
3
-15
-65
11
53
-30
-38
-8
-30
-4
30
53
40
88
71
-28
-20
-67
-106
-87
-33
21
31
15
14
53
27
-1
-50
-16
75
32
-6
8
-8
2
10
-66
-14
81
23
-19
-6
7
-9
-49
36
71
-32
-20
12
17
-3
-1
-8
-46
28
-8
-44
27
85
98
-23
-58
-24
-70
-30
42
5
-23
-49
-34
0
-26
42
90
1
-16
-4
-7
-1
-21
17
13
32
57
-6
-107
-146
-4
60
-3
6
-9
-3
84
37
-15
47
69
-6
-54
-33
5
31
-24
2
15
-28
8
-47
-49
29
30
48
32
-42
-14
13
49
75
2
-21
-38
-6
11
-2
-3
-32
-14
-86
-57
53
4
-19
28
33
65
96
-26
-67
-33
-62
17
30
-35
-18
-14
-3
29
38
-49
-68
2
71
66
-55
2
37
-47
-1
0
-53
-13
22
23
10
11
59
39
48
20
-40
-64
-72
-16
-25
-2
27
8
6
13
67
69
-21
-66
26
74
44
-6
-36
-30
-48
-16
-91
-58
44
-5
54
65
18
2
-41
0
58
50
19
-6
-28
-93
-97
3
-51
-72
53
69
64
47
35
46
-51
-60
21
3
-45
-53
-15
0
1
-20
14
88
42
29
30
-39
-29
-1
-22
-1
-39
-27
44
-5
-25
26
78
42
34
76
-22
-67
-37
-64
-37
-22
-11
11
4
34
64
67
60
-10
-64
-10
-25
0
19
-48
-36
-20
34
-14
-41
43
29
14
-43
-25
54
-9
-57
7
38
13
49
13
-31
-35
-28
46
28
-25
-48
-48
-31
35
57
16
-18
-69
29
67
24
64
49
-18
-55
-8
25
-32
-52
-3
-8
21
23
-54
-10
47
61
51
52
20
-57
-48
-61
-47
4
13
64
19
-48
48
13
-12
55
-16
0
-14
-63
-24
-54
5
60
13
39
1
-50
-39
-26
36
26
-27
22
43
42
29
-25
-62
-58
55
35
-50
-41
-22
54
51
0
-14
-21
-3
-20
-21
27
26
24
61
4
32
28
-8
15
-78
-1
32
-35
-36
-51
-29
-48
1
63
93
75
6
-4
9
49
24
-71
-81
12
7
-33
-23
-29
-2
15
20
-16
0
71
-4
-21
15
-12
9
22
-2
-56
-7
19
-24
4
-34
-9
59
49
84
18
-100
-40
-36
-67
34
-13
4
62
23
62
-1
-30
11
50
26
-16
-27
-95
-25
45
22
26
33
10
12
-24
-56
15
-14
-6
24
39
73
-31
-54
-7
25
38
-42
-38
18
14
-26
-31
32
13
11
51
19
-38
-63
-41
-34
28
20
6
67
10
-44
-22
6
24
-9
6
26
-56
-23
44
10
8
-19
-17
38
24
-10
-18
12
30
-12
19
50
-56
-102
-15
14
6
55
71
78
2
-32
2
10
28
-16
-42
-41
-59
-44
20
18
14
25
26
46
-22
-57
-12
43
87
1
-59
-13
-7
45
23
-29
-13
-45
-44
-43
-60
6
36
31
90
-15
-32
66
-18
-12
11
53
5
-37
62
9
-30
-88
-67
-19
-19
54
36
18
23
3
52
35
-47
0
71
16
-65
-31
3
-42
-26
8
28
84
84
23
-51
-110
-31
61
-13
-62
-13
-26
-11
11
63
67
-15
32
67
26
-18
-62
-81
-54
-1
10
-1
-9
-28
-31
53
40
-15
71
22
-15
32
-42
-69
9
26
-38
4
67
-18
-6
0
9
85
-23
-19
-19
-70
-47
-25
-4
21
155
122
0
-17
-65
-72
-39
12
33
-15
-30
28
18
-59
9
54
97
70
-79
-45
-56
-59
4
-16
-12
-33
25
137
33
-46
5
-14
16
-12
-54
20
10
10
1
-45
-25
-23
-18
-17
19
41
6
56
71
-19
-39
-22
-3
-13
-10
26
28
23
-61
-36
0
-34
52
21
2
33
-29
2
37
3
0
2
-5
-15
-30
7
19
-21
-3
21
40
-1
-26
-17
-33
26
-36
-50
47
8
60
36
-31
30
-29
-56
-7
-3
21
-5
-39
-6
-8
29
25
-30
17
34
25
-23
-57
45
10
-51
4
38
59
-24
-29
19
-53
-39
-12
-3
14
13
39
37
57
46
-12
-80
-47
18
45
29
-27
-15
-18
-19
-57
-14
31
-46
26
41
-8
109
59
-59
-20
-12
-18
-2
48
17
-78
-91
-46
48
-3
-36
62
31
24
40
-34
-39
39
27
-9
9
-42
-70
16
35
-7
53
23
-44
-4
-24
-40
0
21
11
-6
-5
81
36
-51
37
17
-27
-39
-86
-45
8
52
80
58
41
36
-28
-39
-48
-87
-27
-24
-33
13
25
54
115
35
-66
-35
14
24
24
-51
-81
15
21
38
12
-49
-47
-40
10
40
-4
-4
33
58
37
-63
-57
-25
-26
7
22
76
63
-9
-10
-11
-15
-25
-61
-49
-14
7
-8
9
67
36
67
51
-16
-12
-77
-35
23
-7
-19
-51
13
48
19
64
-1
-10
-23
-78
17
5
-36
6
-21
-15
23
6
52
52
-13
10
26
-25
0
-14
-100
-59
-23
-29
27
62
22
1
17
47
36
-11
-48
-44
4
-30
-34
31
31
15
19
-13
6
67
-21
-46
-67
-32
77
10
-42
-65
27
46
-5
83
93
32
-54
-27
-27
-83
-20
-73
-38
70
16
44
34
39
54
-56
2
22
-66
-36
-51
-38
20
-28
16
77
14
-2
-11
0
17
31
12
-65
-25
-47
-49
83
26
-29
30
-2
-38
-47
34
33
-13
45
3
35
-4
-9
33
0
-10
-53
10
35
11
-28
-79
1
10
-1
38
15
5
1
27
-7
11
28
-37
5
0
-6
-26
-31
42
-26
-56
4
-31
-30
14
-8
5
32
33
38
8
16
19
-29
12
29
-63
-50
-14
-23
22
13
-21
-26
33
6
-99
18
52
35
151
49
17
61
-1
-38
-101
-84
-49
-68
-61
34
60
60
84
-59
14
75
-39
8
24
13
-44
-29
35
0
-25
-27
-12
-8
-4
0
-22
-69
-51
-3
11
29
74
16
-27
34
35
36
25
-17
-53
-29
9
-53
-5
63
8
-32
-63
-6
19
10
67
70
22
-59
-41
67
38
0
6
-25
21
3
-42
-5
13
28
-20
-47
-66
-50
12
-9
7
19
21
30
13
113
17
-107
20
-52
-107
-7
-20
22
59
54
9
-32
-13
-26
6
-4
36
1
-25
32
-57
4
45
4
16
14
38
-21
-24
40
51
6
-44
-35
-11
0
0
4
-24
-56
-47
-5
49
58
-13
-26
10
79
117
-15
-54
-16
-93
-55
-18
-42
11
26
81
31
-77
-10
3
35
39
-37
-11
2
-10
29
44
3
10
-2
-40
-64
-64
26
-4
-72
42
103
77
37
-52
-51
-8
-13
7
14
-36
-69
-17
28
30
10
21
-3
-11
41
61
57
-24
-27
20
13
-22
-84
-76
-31
-34
16
53
39
41
26
17
6
22
-12
-23
14
5
0
-21
-57
-42
-27
-53
-43
62
73
-7
-13
-5
28
-37
-21
40
42
92
7
-39
-89
-105
23
4
1
57
37
9
-32
22
1
-66
11
43
30
-30
-53
-4
37
48
-33
-39
15
41
13
27
48
10
0
-67
-51
1
-30
-19
-21
10
84
19
0
28
-25
-47
-52
11
34
-5
28
3
-22
28
-3
-3
42
9
-7
-43
-73
-40
-73
-73
34
-1
1
65
39
82
64
55
4
-47
-13
-21
-13
-37
-55
-77
-28
40
26
42
35
14
4
48
82
-10
-12
17
-33
-42
-98
-42
16
31
84
29
57
-7
-69
2
-63
-28
31
-36
-34
22
21
-44
-11
39
32
101
-26
-108
50
-16
-20
-12
-49
31
0
-4
38
-38
-40
77
32
2
25
-17
-5
12
3
-50
-67
-3
1
-51
-4
37
75
88
-21
-2
7
-37
-20
-62
6
100
10
-86
-56
4
52
43
39
35
-77
-78
-20
-24
29
77
56
17
10
4
-26
3
-66
-78
60
37
20
-7
-50
-10
9
19
-37
-36
-11
-28
-4
24
15
-19
47
-17
-49
65
14
38
22
-40
21
-43
-55
13
-13
