22
18
-2
-35
-34
-33
-12
-22
-23
-55
-54
26
8
0
69
51
3
33
0
-41
17
35
43
-22
-55
6
-53
-67
-23
-48
-32
-48
-46
4
-42
-48
8
-28
5
-25
-69
27
-8
27
41
-2
-10
-99
-48
42
4
48
64
23
16
-47
29
99
40
60
59
54
100
76
72
79
91
61
32
-6
-94
-64
-18
24
3
-34
-53
-58
-19
-47
-52
-42
-52
-2
48
25
29
28
7
5
46
26
-49
18
-43
-59
-15
-77
68
81
-1
-19
-19
41
-10
-2
19
-29
-50
-32
5
10
15
19
-10
-28
-6
-12
18
42
25
58
-28
-23
25
-72
-11
-10
-95
9
79
-9
-58
-71
-79
-20
63
88
55
23
-23
46
24
-33
22
-21
-36
-25
21
36
-4
20
-55
-11
89
42
61
64
36
-35
-77
-71
23
79
-6
-12
-41
40
5
-64
37
11
34
24
40
85
53
9
24
98
5
-9
9
-39
-23
-41
1
-59
-106
16
34
8
-3
11
-3
-11
-30
-62
-38
-101
-44
48
-38
-89
-73
-84
-48
22
17
22
35
-9
16
82
84
40
-28
-50
-4
43
28
2
44
60
-1
-8
31
5
2
3
-42
-87
-81
2
89
75
20
40
-48
-55
30
47
127
78
25
20
28
56
-29
-72
-59
-58
-56
-23
-56
-116
-29
56
96
50
75
65
-69
-9
-11
-29
51
12
1
13
-23
-32
1
66
44
-10
10
-28
-31
49
20
-35
-85
-91
-58
-59
7
-2
11
26
41
98
23
-20
-120
-110
34
-16
-79
-77
-14
108
89
29
47
62
18
-30
-17
-6
17
57
37
-48
-26
7
-63
-4
6
-20
-22
-48
43
-9
-45
2
-25
38
8
-55
-15
-10
22
10
-26
-55
-65
-43
-58
-1
44
0
-12
32
-4
-22
19
-22
-6
-52
-19
94
40
75
10
-86
-44
-90
-51
27
-3
-21
-48
-43
-54
-91
13
38
11
54
-25
-78
-32
14
45
0
-17
10
16
33
41
79
92
-11
-78
-87
-54
63
74
25
8
-29
51
79
67
44
-68
-24
39
68
83
25
55
2
-70
-17
25
68
47
71
88
22
23
49
81
41
-32
-24
7
27
-3
14
35
33
75
63
33
17
-47
-11
67
12
33
58
44
34
-2
-3
58
56
37
26
-28
-12
-25
17
98
81
75
100
56
-12
-26
9
33
15
-2
-12
-33
-58
-40
-25
-4
-1
-53
-104
-107
-24
-10
-138
-177
-50
-47
-128
-40
-40
-131
-122
-123
-58
-30
-51
-23
-32
-67
-91
-64
-28
-17
-17
-41
1
41
-45
-55
-62
-89
-41
-41
-44
-50
-50
-12
15
17
57
39
-17
6
53
37
-59
-24
79
87
48
61
93
12
-24
22
-35
-18
53
2
7
29
-14
-15
17
-3
-11
0
6
39
2
-1
-22
-12
80
67
52
0
-83
-43
24
0
10
37
-64
-40
41
3
-4
50
22
-44
-28
-41
47
84
32
15
-44
40
55
11
-13
-116
-56
16
18
103
91
6
-46
-54
-18
-27
-4
50
74
34
57
58
37
50
-15
53
88
15
32
25
41
37
29
25
0
48
63
83
62
0
71
30
-73
-28
0
-9
19
59
14
-14
-5
14
1
-13
17
-5
12
-4
50
146
85
18
-8
-3
-18
-36
-9
40
65
-10
-17
63
27
9
-19
-10
4
-123
-48
0
-51
14
-40
-51
46
19
-43
-65
-84
-83
-42
-35
-86
-59
-73
-95
14
18
-39
-37
-9
-8
-86
-35
-51
-118
-19
46
57
-47
-32
66
-14
43
80
-14
21
-3
-38
0
-6
40
43
-108
-101
83
42
-59
-66
-32
-23
-35
-36
-66
-28
-35
-47
3
-25
-61
16
-3
31
101
13
42
-8
-12
79
24
35
50
2
34
44
23
56
60
6
-27
42
46
43
83
31
27
43
-9
9
22
-25
-22
-36
-27
9
16
53
-10
-78
2
12
28
-17
-73
-70
-95
-2
59
38
-12
-46
-2
-52
-47
48
-15
1
15
-42
-35
-46
-21
-112
-91
4
-60
49
61
-43
-10
-37
-37
-8
30
46
19
38
36
26
21
2
15
41
44
55
72
50
31
43
63
134
32
-123
-23
-55
-25
74
-24
42
40
-26
29
-53
-84
-76
-86
2
25
38
45
23
45
69
28
-71
-27
22
34
109
56
-9
13
-35
-44
-6
-33
0
48
49
38
-27
0
88
76
35
45
66
24
18
-29
-74
-41
-11
-33
-48
57
38
-28
-10
-65
-87
-18
37
49
40
12
-53
-57
-19
7
54
-11
-34
35
44
27
-39
-12
23
-23
-19
-74
-136
-78
-71
-40
43
-1
-76
-119
-43
-44
-60
-4
-30
16
14
-45
-68
-63
-70
-24
-19
-33
34
-33
-11
86
6
6
-1
-43
18
-17
-29
-21
36
103
-23
-93
-89
-46
37
17
-21
-14
-22
-68
-54
-3
-44
-40
-34
-50
23
-10
-46
-18
-46
-7
30
-10
14
20
-31
21
30
32
-2
-72
-75
-61
8
-7
-10
24
11
31
72
85
34
25
63
85
47
-3
68
127
99
98
65
44
38
-12
-2
8
33
11
-19
19
-75
-74
41
-16
2
48
9
10
11
62
17
-30
58
-10
-100
8
93
71
38
-4
-4
48
20
15
62
38
34
32
83
95
57
52
0
-23
-8
54
12
20
56
2
24
-10
-24
-12
-19
-25
-27
43
32
22
81
40
29
47
-5
-18
-30
-11
-18
-29
57
-26
-94
17
44
-11
-69
23
62
-5
31
-57
-99
-6
23
11
-46
-58
-71
-39
20
-21
-14
5
-113
-88
12
-73
-113
-64
37
44
-19
-22
-11
29
14
-22
-117
-151
-79
-93
-52
-77
-100
-65
-108
-66
-13
2
-7
-29
-14
-51
-37
29
50
67
-54
-3
82
-20
-11
10
31
-32
-62
24
42
19
16
55
-91
-100
-21
-66
47
-36
-39
68
8
46
4
-54
14
14
-7
30
31
-1
4
16
52
95
62
73
123
103
67
53
81
135
77
11
36
14
0
54
71
27
24
17
18
26
4
-9
-76
-22
53
5
25
34
32
90
127
77
46
62
52
58
51
35
-33
5
42
-1
69
108
81
2
4
90
24
-21
65
25
-6
48
-52
-4
49
-87
-62
-46
21
41
-88
-39
46
-65
-106
-16
-49
-27
-8
-12
14
-30
16
100
2
-60
-77
-69
7
-16
-35
-85
-33
62
15
-26
-71
-11
65
-72
-139
-54
-59
-18
5
-103
-38
85
-16
-99
-76
-6
40
0
45
13
-107
-55
-31
-23
-79
-107
-15
-25
14
52
46
26
-7
-41
-48
44
32
-16
27
11
-40
-1
95
29
-61
-49
-14
107
41
6
44
-10
89
104
37
9
64
36
-22
47
6
-41
-9
10
29
75
34
-46
-28
-19
-61
19
80
13
41
59
56
114
94
62
57
1
30
85
85
65
-14
-42
22
72
4
25
92
45
98
62
-30
52
48
59
61
-52
-49
-61
-81
-63
-74
-3
-32
-130
-54
-4
-22
17
16
5
-36
-96
21
68
-5
-3
-72
4
87
-46
-60
-41
-17
2
-49
-15
-54
-127
-51
-1
5
-27
-26
-44
-77
-33
-94
-111
-64
-12
31
-51
-95
-74
-58
-11
-56
-97
-22
19
-53
-82
-28
-58
-24
-21
-61
23
6
24
-4
-66
-49
-75
36
37
-15
-34
-66
38
14
-29
-59
-46
70
51
15
0
-3
31
28
53
37
-18
52
69
13
32
-28
-81
-81
-36
-18
-16
128
130
-10
23
128
52
-12
75
60
41
76
53
64
77
45
-7
-36
-49
-15
25
36
84
115
75
20
-24
12
107
75
6
17
-3
-3
24
-15
-17
12
10
4
29
12
-45
14
-30
-62
67
14
-18
8
-25
5
15
0
3
-32
-62
-88
-85
-34
-54
-78
-29
-38
-6
29
-17
8
33
27
-34
-22
77
52
0
-35
8
38
15
30
-22
-35
4
-23
-12
3
-18
-77
-45
29
-1
-17
4
29
16
18
30
-46
-17
45
-34
-72
-24
29
4
-6
-3
-21
-47
-116
-89
5
13
-36
-80
-47
-16
-51
7
-40
-19
125
26
-4
51
11
10
0
20
49
37
36
23
98
106
-41
-69
26
71
104
61
-37
-31
62
87
23
78
97
10
-26
-18
23
37
0
14
-59
-89
5
-61
-69
40
70
54
3
-43
-27
-9
19
2
-24
16
24
25
7
-41
-88
-51
-2
-38
-10
19
4
-8
-34
29
53
-9
-32
-16
41
57
-10
-8
-41
-73
-34
8
100
20
-9
47
-16
-10
-8
-19
-4
14
10
-1
1
-8
-20
-42
5
66
35
30
23
-28
40
48
-67
-61
-3
23
75
55
10
-11
-44
-1
11
42
75
-60
-72
28
50
58
90
37
-73
-3
5
-33
-56
-98
23
21
-44
-6
-11
-3
-52
-132
-31
48
-9
-50
-66
-1
48
119
66
-18
51
-41
-60
15
28
46
-6
-25
23
34
20
7
29
13
20
43
-15
51
33
21
64
-20
70
34
-70
-7
42
33
-26
-10
-38
18
118
31
-13
11
35
8
5
-20
-1
-34
-97
60
13
-39
15
-20
-18
-51
-54
2
-35
-117
-50
-23
6
26
-26
48
0
-90
-70
-11
-15
-55
0
-44
-54
16
-47
-28
42
-8
-13
-25
-1
-7
-87
5
0
-43
96
77
-5
24
58
7
-95
-106
-83
-34
-37
-17
0
42
78
-133
-83
16
-48
21
-8
-28
16
90
106
51
-21
-108
-16
16
-35
2
8
-29
-16
-49
-63
8
-16
9
8
11
38
-14
35
76
30
85
145
39
28
16
-49
41
84
4
-43
12
52
-48
-21
15
-99
60
77
-48
6
-11
133
130
7
18
-31
-6
-19
-38
57
69
42
56
56
20
10
51
-36
1
56
-66
-17
12
-18
-54
-20
67
-56
-42
18
-56
8
16
-17
-14
18
53
-15
-21
-47
-64
39
80
45
17
16
-44
-35
9
-42
-79
-125
-25
78
32
29
-29
-62
-58
-136
-30
22
-120
-114
-7
-44
-100
-56
-70
-13
33
-33
-11
-32
-32
-48
-89
16
-17
-56
17
-29
-41
-23
-11
43
37
24
-68
-69
33
-43
-28
10
-3
58
114
60
0
110
98
-11
-3
8
69
91
6
-12
-7
7
36
52
73
19
-17
30
23
33
81
62
-15
-13
85
19
-26
54
-18
43
103
7
-16
10
8
-64
0
-31
-39
127
39
-15
59
41
5
48
64
-87
-49
35
-35
-7
113
50
22
95
-63
-39
59
44
111
113
43
-22
-33
-18
-19
-29
37
4
-42
52
-2
-117
-29
45
-92
-39
67
-90
-128
28
18
-18
139
13
-148
-62
-41
4
-22
-55
-68
-89
-11
-52
-27
36
-17
-2
3
60
49
-67
-75
-40
4
2
-107
-76
74
-21
-75
11
4
22
13
33
-18
-8
28
-158
-73
-7
-107
-53
-120
-94
-10
-16
-49
-134
-44
-37
-81
41
13
-23
-29
-48
-75
-103
-33
-36
-69
-11
-40
-68
25
8
-35
14
2
31
79
68
-16
-52
99
38
16
108
46
19
1
66
56
20
89
80
68
78
25
50
117
-54
-89
55
-48
73
169
20
28
34
100
-14
-48
79
20
131
162
30
0
7
14
-20
23
5
-42
35
43
41
50
12
6
96
40
12
108
110
93
-73
-12
94
21
90
22
-28
46
51
-20
-83
7
17
-1
54
14
-2
41
-67
-74
78
-41
-13
-14
-42
103
0
-27
-27
-24
40
-136
-164
11
-103
-100
22
-119
-81
-19
-10
-80
-90
-19
-81
43
-56
-144
-32
-27
-49
-157
-88
-23
4
29
-77
-89
-87
-47
-63
26
77
-100
-65
-33
-18
-59
-56
56
2
57
81
5
14
12
-53
-91
-37
-25
19
98
34
-47
86
79
-39
-42
-96
-58
-41
0
74
43
-48
-19
111
35
32
-1
-55
-2
-44
-31
24
148
177
14
3
163
45
-43
134
-13
10
153
-8
14
85
39
21
106
158
17
19
167
-37
-127
140
53
69
235
-39
-81
74
-22
-29
102
141
-94
-103
146
-31
-113
7
-81
-134
13
6
-158
0
51
-125
-32
69
-90
-127
69
-15
-127
103
-23
-170
154
65
-159
98
106
-81
17
72
-76
-139
118
-55
-270
111
-37
-132
205
12
-173
-17
-32
-135
-45
62
-84
-71
149
-55
-111
129
-76
-88
105
-35
-141
-58
73
-52
-57
88
-110
-112
100
-77
-153
96
28
-80
103
62
-76
-15
0
-74
-29
38
-21
82
110
-17
-31
58
-1
-163
20
-36
-146
47
-6
-37
-8
63
62
-20
109
-12
-74
117
-11
-1
111
-42
-6
26
13
68
44
89
14
58
24
-191
51
142
43
118
57
16
30
39
24
-17
36
111
22
15
88
15
-11
85
80
12
121
-20
-142
36
23
11
25
75
170
64
112
51
-38
172
58
-56
47
26
-118
-86
76
-48
-138
75
16
-94
182
34
-214
59
79
-185
-136
50
-49
-135
44
-73
-186
82
14
-206
-48
39
-263
-130
207
-169
-166
137
-148
-225
114
69
-183
92
100
-227
-12
86
-151
-62
174
-102
-213
149
-59
-225
151
68
-143
130
48
-227
-75
102
-87
-127
304
48
-195
310
55
-253
114
96
-136
-65
216
-94
-195
369
-19
-106
374
74
-163
25
139
-266
-80
289
-338
0
395
-224
-27
353
44
-100
270
97
-330
128
155
-248
154
216
-246
2
321
-129
-211
314
-42
-280
234
28
-195
94
28
-162
25
71
-219
-27
223
-66
-60
258
71
-186
165
40
-299
99
80
-81
50
45
-7
-87
168
122
-186
113
118
-226
0
113
-101
-5
217
48
-197
196
111
-299
247
143
-358
148
159
-258
15
159
-70
-171
152
95
-284
271
83
-431
199
140
-339
-19
248
-224
-194
307
-199
-241
247
-136
-258
22
6
-233
16
215
-371
-48
137
-381
41
54
-149
26
-15
11
-195
-19
48
-75
177
-31
3
39
-166
177
62
-168
150
-33
-149
29
-18
-88
-79
164
-41
-101
263
-58
-98
208
-9
-206
130
293
-287
43
332
-354
215
314
-365
93
226
53
-91
131
212
-340
294
163
-454
325
49
-261
261
81
34
-4
67
85
-76
377
76
-80
339
46
19
79
90
96
12
189
13
52
172
-49
84
-62
52
48
-214
264
-91
-188
129
-281
4
-58
-117
207
-107
165
39
-171
233
-196
10
163
-188
90
-120
19
-29
-192
305
-210
-137
168
-390
65
122
-157
100
-65
-47
-156
-70
21
-232
115
-189
-163
269
-239
-123
-41
-170
-42
-113
26
-227
-9
191
-346
220
142
-376
221
35
-218
-55
37
-42
-202
333
-96
-377
429
-207
-276
386
-168
-178
184
94
-195
-50
280
-344
-99
345
-382
27
294
-283
1
182
-76
-152
144
-9
-257
307
191
-28
226
-49
-138
4
67
100
74
143
105
86
49
-33
151
-19
-5
401
-86
-35
328
-267
-66
270
-78
-73
185
145
-192
145
325
-394
86
404
-406
120
216
-372
24
205
94
-120
208
186
-447
367
159
-568
314
24
-263
249
81
25
-19
138
-9
-249
262
12
-161
117
-145
-11
10
-104
52
-92
75
3
-143
220
-15
-31
-2
-175
139
-50
20
37
-151
225
-166
-123
253
-160
-93
-51
-64
-12
-146
15
-203
-26
278
-277
-9
117
-185
114
-92
-53
54
-55
77
-219
26
108
-271
191
30
-336
76
83
-81
-28
164
21
-214
206
-13
-319
241
23
-300
292
173
-357
113
197
-258
13
216
-66
-66
316
-4
-308
344
44
-333
289
71
-249
194
139
-291
29
381
-53
-32
311
-152
-251
280
71
-257
162
179
-334
-45
291
-224
-103
340
-38
-164
140
103
-124
111
182
-150
100
156
-214
99
290
-69
-55
89
53
-184
-4
289
-253
-48
350
-207
-59
154
-123
-101
9
32
-176
51
198
-234
30
136
-184
49
-37
-213
-11
41
-99
-128
59
-51
-75
92
37
-72
-131
4
39
-64
-4
78
5
-165
-39
17
-339
1
191
-380
37
248
-297
-43
138
-194
-164
76
-62
-221
151
56
-343
208
159
-401
68
150
-311
37
236
-269
-43
319
-225
-266
259
-17
-276
157
63
-238
149
119
-187
130
171
-115
29
99
-14
-3
41
64
-71
13
99
-71
66
217
109
95
97
116
101
139
189
-42
89
221
-100
90
277
-49
-29
220
-70
-227
173
-32
-182
238
93
-139
150
161
-250
71
348
-208
29
321
-140
36
267
-65
-98
151
14
-207
33
97
-134
42
185
-114
-43
159
-142
-89
178
-47
-135
72
14
-153
-46
122
-21
-84
134
3
-65
151
-17
-112
61
-5
-86
-49
92
43
-109
176
5
-197
82
-115
-126
11
-93
-114
-80
31
-142
-121
129
-90
-77
17
-122
-56
-111
-40
51
-75
-30
-122
-52
-31
-302
-126
-125
-144
2
-223
-41
76
-72
-38
-175
-34
-68
-113
107
-122
3
26
-137
178
33
5
37
-134
179
-98
-145
176
-177
163
185
-191
121
37
-12
-58
35
156
-254
135
132
-231
246
-35
-217
40
-9
15
-67
180
64
-102
363
35
-97
266
22
-40
72
195
43
-23
293
-73
-13
273
-80
66
13
-45
93
-97
219
111
-118
218
16
-1
131
36
28
-73
156
102
-106
221
61
-83
206
26
-71
147
94
-114
20
216
-53
-14
259
-60
-97
150
-86
-171
97
25
-177
111
128
-147
64
96
-138
-36
82
-36
-75
98
-113
-306
70
-90
-236
104
-14
-115
-47
35
-66
-192
69
-111
-117
107
-120
-117
-52
-82
-121
-71
76
-101
-115
-26
-194
-96
-51
-126
-17
-33
-73
-68
22
-16
-183
-48
-135
-131
121
-75
-111
-75
-141
-45
-95
-12
7
-17
156
-25
33
188
-149
-17
43
-147
69
61
-2
78
62
9
-69
100
84
-129
116
70
-4
262
73
-17
20
-29
-7
-26
109
19
-3
76
-108
-7
106
35
48
47
60
64
73
64
-32
-10
71
34
7
19
83
98
68
121
86
20
156
110
-38
92
117
9
-4
99
17
-84
172
60
-27
199
-96
-137
152
28
-27
-29
19
-7
-70
167
-35
-100
180
-33
-5
79
-67
-31
-39
0
-28
-115
-28
-55
-76
37
-44
-6
15
-127
-95
-65
7
-70
-127
-34
-114
-130
-76
16
0
-124
-29
-65
-135
-68
-133
-27
26
-110
-88
-64
-30
-21
-59
4
-77
-154
4
-22
-77
12
-50
-124
-74
-54
-87
-116
-142
-107
-68
-133
-92
13
-24
-24
-89
-120
15
7
-46
-17
26
41
55
63
31
24
2
88
131
79
91
112
97
46
124
178
80
64
101
73
112
58
23
117
30
40
78
89
151
33
48
135
71
152
222
160
216
186
163
150
73
78
18
147
109
-5
144
67
87
97
99
228
103
172
149
52
242
138
165
226
88
274
271
218
343
192
139
92
31
141
71
33
-14
-52
25
21
118
-21
-192
-68
-231
-262
-162
-227
-189
-253
-242
-286
-278
-47
-111
-212
-234
-348
-256
-195
-326
-326
-289
-325
-487
-548
-550
-631
-562
-539
-546
-504
-596
-759
-773
-783
-931
-923
-688
-521
-436
-367
-488
-519
-334
-231
-209
-272
-244
-188
-160
-83
-110
1
32
-61
-49
-85
-20
139
268
204
12
-46
-19
60
62
15
51
156
425
553
432
549
667
688
855
819
822
913
931
992
850
948
1159
1160
1253
976
744
801
756
800
813
873
824
807
881
688
699
862
855
938
950
767
745
864
847
660
672
844
732
852
947
591
517
373
99
-73
-89
199
184
248
284
-91
-128
-85
-103
86
137
150
237
353
421
94
-424
-1221
-2367
-2955
-2853
-2192
-1266
-990
-1346
-2125
-2971
-3337
-3577
-3549
-3085
-2816
-2612
-2218
-1642
-999
-590
-614
-1127
-1473
-1182
-377
755
1799
2067
1320
359
-359
-930
-1030
-866
-948
-1080
-1069
-957
-669
-319
-643
-1738
-2568
-2674
-2090
-741
565
1129
1273
1134
883
961
1513
2128
2419
2523
2325
2120
2528
2990
2740
1866
687
-319
-464
37
296
307
278
-373
-1306
-1782
-1956
-1631
-913
-438
-224
183
953
1605
2015
2151
1733
1459
1626
1836
2230
2614
2703
2570
2257
1749
1146
888
961
712
282
126
261
763
936
263
-430
-731
-496
21
355
703
995
1400
1608
1314
1005
985
1480
1863
1742
1568
1549
1972
2277
1677
854
545
859
1257
1155
777
339
347
417
183
136
173
514
788
781
1026
1729
2312
958
-2552
-6383
-8041
-5979
-2362
-464
-1036
-2816
-4458
-5630
-6483
-6764
-6242
-5179
-4463
-4593
-4250
-2585
-338
829
-692
-3880
-5597
-3832
318
3911
4921
3369
1074
-571
-1953
-3123
-3644
-3870
-4329
-5161
-5367
-3657
-514
1322
-628
-5152
-8396
-7308
-2416
2475
4438
3771
2721
2897
3878
4740
5312
5649
5727
5052
3770
3603
5005
6225
5000
900
-3292
-4479
-2540
-51
641
-535
-2009
-2517
-2311
-2238
-2231
-1891
-875
383
1242
2616
4839
6786
7005
4994
2507
1910
3648
5560
5713
4366
2827
2319
2534
2033
492
-1085
-1914
-2024
-1656
-971
-252
510
855
21
-1224
-1590
-685
660
1385
1643
2052
2887
3537
3007
1949
1418
1637
2265
2490
2309
2199
2401
2374
1605
763
635
1018
1168
559
-404
-493
224
674
60
-1048
-1212
-333
744
956
285
-191
-175
-16
21
-56
158
658
1015
1217
1716
2543
2199
-805
-6144
-10746
-10829
-6542
-1638
-67
-2211
-5432
-7775
-8822
-9356
-9360
-8235
-6835
-6155
-5946
-5197
-2818
133
748
-1925
-5826
-7073
-3634
2001
5864
5675
2517
-728
-2938
-4216
-4691
-4468
-3936
-3933
-4480
-4202
-1662
1938
3219
409
-4186
-5989
-2851
3009
7189
7523
5376
3514
3410
4286
5016
5375
5537
4973
3343
1550
1133
2587
3732
2076
-2032
-5426
-5011
-1250
2511
3697
2484
885
243
556
1348
2230
3297
4446
5073
5203
5746
6881
7373
6119
3391
936
698
2448
3843
3210
1313
-128
-449
-108
-127
-842
-1434
-1387
-852
69
1342
2551
3202
2976
1788
573
599
1655
2524
2457
1654
1126
1243
1208
469
-522
-755
-257
-10
-77
-3
594
1259
849
-298
-786
-151
613
549
-111
-532
-195
514
813
520
152
-52
-335
-606
-748
-668
-94
600
615
-56
-551
-312
197
409
412
1285
2792
1996
-3193
-10800
-15104
-12412
-5423
-179
-464
-4378
-7645
-9016
-9621
-10247
-10178
-8516
-6206
-5097
-5213
-4264
-1112
2238
2435
-1304
-5551
-5857
-831
5700
8555
6328
1525
-2313
-4323
-5414
-5995
-5908
-5430
-5902
-7107
-6624
-2768
2236
3512
-687
-6079
-6470
-296
7629
11261
9489
6029
4782
5954
7251
7415
6896
6459
5700
3888
1983
1884
3660
4444
1627
-3763
-7523
-6146
-979
3385
3962
1759
-276
-550
428
1504
2537
3941
5666
7106
7822
8187
8508
8011
5758
2459
320
1058
3552
4838
3654
1108
-756
-872
-276
-343
-1152
-1990
-2136
-1323
335
2150
3233
3228
2317
1143
546
1050
2261
3193
2811
1159
-275
-566
-197
-231
-1099
-2018
-1833
-734
184
477
362
223
51
-274
-456
9
659
632
-217
-1288
-1347
-168
1226
1598
526
-974
-1818
-1992
-1912
-1942
-2180
-2025
-1513
-1354
-1764
-2333
-2285
-1626
-839
-113
945
2768
2989
-1427
-9573
-16195
-15452
-7577
668
2817
-910
-5340
-7508
-8529
-9929
-10800
-9587
-6957
-5381
-5402
-4528
-1217
2612
3245
-763
-6261
-8148
-3820
4245
10255
10336
5348
-634
-4231
-5162
-5052
-4843
-4613
-4920
-5844
-5522
-1687
4369
7370
3558
-3949
-7350
-2820
5571
11058
10864
7693
5607
5666
6116
5967
5847
6082
5989
4586
2531
1974
3724
5298
3310
-2383
-7748
-8092
-3015
3316
6119
4200
776
-853
-221
1421
2783
3981
5746
7491
8278
8501
8923
9188
7726
3932
-271
-2084
-546
2386
3720
2511
163
-1601
-2089
-2076
-2429
-3076
-3040
-1551
711
2446
2827
2202
1517
1201
1049
864
1240
2324
3044
2517
901
-549
-801
-299
-174
-794
-1558
-1815
-1514
-1038
-705
-635
-902
-1340
-1496
-1076
-209
652
750
-135
-982
-909
-135
225
-771
-2373
-3237
-2892
-2064
-1517
-1108
-960
-1205
-1841
-2468
-2329
-1465
-471
161
191
-48
473
2545
4787
3065
-4709
-14194
-17638
-11795
-2235
2391
-424
-5762
-9007
-10746
-12722
-13867
-11869
-7327
-4253
-4454
-5240
-3153
1649
5049
3803
-1257
-5617
-4376
3079
11558
14523
9843
1462
-4326
-5444
-4558
-4303
-4826
-5665
-7087
-7843
-5276
1232
7155
6677
14
-6232
-5329
2332
10421
13788
12158
8743
6564
6341
7309
8621
9355
8731
6472
3427
1653
2421
4444
4134
-540
-6781
-9276
-5502
1280
5444
4717
1397
-797
-375
1710
4180
6160
7150
7093
6609
6592
7585
9070
9270
6779
2145
-1936
-2733
-428
1777
1205
-1363
-3260
-3488
-3260
-3512
-3428
-2050
-246
342
57
420
1688
2724
2435
1201
257
140
492
870
825
-71
-1730
-3130
-3275
-2358
-1503
-1529
-2266
-3098
-3349
-2953
-2282
-1575
-1027
-690
-258
440
1091
1243
992
770
534
-61
-1041
-1658
-1524
-1243
-1535
-2492
-3275
-3305
-2707
-1912
-1655
-1852
-2003
-2020
-2062
-2237
-1768
-333
1158
1688
1591
2581
4614
4379
-1329
-10476
-16125
-13431
-5380
345
-16
-3546
-5954
-6978
-8672
-10898
-10961
-7623
-3879
-2705
-3490
-3087
385
4569
5862
3209
-858
-2249
910
6476
10177
9434
5165
358
-3196
-5732
-7086
-6356
-4214
-2923
-3357
-3154
770
6827
9005
4071
-3617
-5970
-524
7290
11397
10948
9487
9444
9165
6844
4006
3460
5456
6825
4870
889
-1260
442
3252
2699
-1794
-6494
-7141
-3105
1982
4661
4776
3815
2953
2443
2115
2562
4013
5363
5424
4519
4580
6528
8623
7919
3440
-2257
-5306
-4082
-742
1307
838
-790
-1793
-2047
-2262
-2400
-2033
-1075
-329
-373
-246
1156
3496
4936
4017
1133
-1582
-2470
-1784
-686
-545
-1391
-2199
-2063
-1074
-194
-384
-2034
-4132
-5534
-5442
-3714
-1569
12
645
411
-51
-345
-230
183
155
-938
-2661
-3730
-2971
-702
837
-59
-2616
-4581
-4493
-2861
-1469
-1525
-2679
-3692
-3668
-2421
-641
562
663
-183
-1051
-1030
66
2198
4761
6397
5185
260
-6355
-10734
-10103
-6072
-2745
-2472
-4019
-4759
-4580
-5111
-6896
-8305
-7480
-5315
-4176
-4081
-2981
198
3852
5068
3332
919
120
1477
3927
6103
6955
5826
3170
433
-1548
-2452
-2039
-997
-362
-819
-1737
-1208
1491
4257
4140
1148
-1381
-600
2709
5803
7172
7548
7777
7301
6081
5156
5779
7310
7265
4796
1566
38
982
2973
3782
2255
-632
-2788
-2640
-443
2057
3156
2546
1223
-56
-823
-544
726
2189
2746
2493
2770
4226
5832
5795
3541
456
-1578
-1863
-784
707
1516
949
-950
-2976
-3890
-3522
-2611
-1933
-1297
-638
-348
-629
-1198
-1342
-1252
-1769
-3120
-4268
-3688
-1516
431
854
15
-1216
-2081
-2225
-1861
-1474
-1731
-2690
-3389
-2871
-1533
-550
-354
-282
291
586
-200
-1412
-2149
-2057
-1631
-1636
-1684
-1028
213
1107
865
-329
-1850
-3131
-3601
-3046
-1623
117
1536
2280
2062
1020
-453
-1601
-1747
-1128
40
1483
2957
4678
5844
4947
883
-5708
-11304
-12296
-8425
-2819
946
1959
1481
99
-2632
-6203
-8449
-7886
-5843
-4490
-3938
-2523
597
3809
4904
3321
156
-2687
-3433
-1111
3338
7390
8512
6413
3279
703
-1026
-2144
-2649
-2583
-2152
-886
1650
4971
6995
5407
929
-3037
-3682
-1420
1279
3293
4909
5918
5452
3614
2080
2372
4120
5066
3818
1772
1111
2661
4923
5705
4562
2566
999
212
216
980
1901
2191
1195
-781
-2572
-3099
-2294
-1100
-422
-441
-553
51
1434
2713
3005
2044
802
404
860
1479
1621
1660
1767
1280
-25
-1541
-2137
-1462
-639
-947
-2176
-2931
-2577
-1789
-1490
-2126
-3299
-4206
-4452
-4015
-3105
-2180
-1478
-928
-419
105
237
-209
-655
-521
252
1028
1162
896
664
465
146
-372
-741
-832
-1078
-1745
-2850
-3670
-3321
-2000
-348
573
196
-622
-1071
-950
-695
-502
24
827
1590
1706
1187
855
864
940
679
236
272
667
881
1023
1687
2773
2770
12
-4505
-7738
-7832
-5120
-1973
-135
693
706
-347
-2595
-5099
-5993
-4968
-3564
-3482
-4748
-5249
-3401
23
2492
2320
507
-849
-275
1625
3278
3973
3762
3329
2611
1926
2175
3261
4391
4096
1858
-785
-1487
309
2611
2977
939
-1303
-1730
-558
341
-172
-1127
-1372
-1146
-899
-93
2183
5518
7586
6733
4071
2436
3156
4928
5883
5404
4288
3420
2985
2699
2567
2293
859
-1958
-5168
-7260
-7188
-5458
-3395
-1956
-1593
-1790
-1804
-1131
252
1407
1648
1220
857
1201
2361
3755
4792
5098
4270
2420
489
-388
-235
-75
-852
-2309
-3089
-2854
-2477
-2833
-3849
-4781
-5471
-5939
-5796
-4601
-2641
-694
535
966
1293
1824
2185
2093
1861
1985
2542
2962
3136
3209
3096
2833
2024
465
-1638
-3492
-4342
-4144
-3064
-1777
-787
-106
13
-550
-1607
-2531
-2504
-1523
-129
1031
1473
1523
1819
2145
1845
778
-281
-386
364
1306
1626
1358
1426
2182
2999
2748
1050
-1544
-3797
-4428
-3697
-2677
-2126
-1981
-1599
-1426
-2328
-3920
-4840
-4208
-3175
-3889
-6223
-7869
-7221
-5022
-3207
-2304
-1611
-537
768
1786
2731
3837
4483
4023
2501
1100
1309
3187
5585
6817
6005
3988
2345
2064
2302
1346
-958
-3200
-4057
-3673
-3271
-3087
-2496
-1480
-847
-1249
-1798
-905
1678
4153
5037
4753
4517
5377
6717
7394
7250
6353
5356
4764
4349
4095
3725
2884
1207
-1472
-4008
-5271
-5052
-4144
-3816
-4214
-4512
-3921
-2471
-1016
-150
139
28
-303
-539
-125
945
2211
3190
3573
3648
3730
3633
3226
2701
1788
388
-1144
-2246
-2558
-2436
-2273
-2241
-2330
-2754
-3508
-4201
-4327
-3636
-2602
-1724
-1097
-438
238
657
842
868
937
1242
1854
2739
3571
4033
3646
2260
363
-1267
-1838
-1268
-53
1170
1763
1371
400
-480
-1117
-1579
-2224
-2989
-3312
-2980
-2054
-939
-105
0
-710
-1812
-2548
-2329
-1130
386
1367
1792
2044
2551
3206
3482
3510
3717
3996
3824
2804
974
-557
-1206
-1556
-2093
-2929
-3453
-3131
-2496
-2725
-3778
-4906
-5846
-6523
-7401
-8283
-8498
-7963
-6583
-4597
-2691
-1288
-378
374
1334
2342
2880
2961
2998
3434
3918
4016
4176
4163
3858
3379
2566
1802
1258
701
-89
-952
-1596
-2135
-2625
-2936
-2872
-2405
-2022
-1915
-1607
-554
1222
2745
3310
3223
2997
3052
3355
3819
4645
5411
5692
5342
4728
4514
4518
4263
3378
1953
481
-569
-1012
-1199
-1330
-1504
-1653
-1434
-1106
-966
-1152
-1436
-1411
-1100
-817
-702
-296
370
914
1149
1314
1964
2863
3375
3258
2869
2578
2298
1596
438
-507
-999
-1164
-1043
-826
-581
-474
-778
-1489
-2438
-3259
-3516
-3337
-3119
-3134
-3235
-2770
-1601
-267
682
1015
847
645
471
240
276
603
911
805
174
-223
232
1126
1724
1349
333
-475
-1043
-1391
-1797
-2399
-2567
-2242
-1917
-1863
-1895
-1541
-803
-317
-413
-661
-688
-467
-154
160
658
1435
1996
2072
2126
2406
2945
3162
2872
2400
1551
613
-399
-1174
-1282
-1390
-1717
-2062
-2171
-2050
-2345
-3180
-3949
-4410
-5160
-6636
-8142
-8521
-7571
-5980
-4538
-3643
-2749
-1383
43
951
1540
2207
2965
3493
3471
3029
2746
3142
3660
3875
3604
2932
2709
2931
3062
2630
1498
393
-424
-964
-1368
-1789
-1743
-1336
-715
-194
-35
389
1277
2280
2691
2373
2104
2248
2644
2854
2498
2110
2212
2655
3204
3595
3965
4103
3430
1827
-140
-1712
-2610
-2849
-2735
-2285
-1369
-162
1132
1857
1731
1067
57
-594
-669
-498
-86
421
964
1325
1479
1614
1788
1827
1326
531
64
-50
100
191
-112
-396
-566
-687
-679
-654
-593
-502
-647
-1146
-1632
-1754
-1700
-1698
-1908
-2438
-2665
-2294
-1614
-1026
-980
-1226
-1389
-1451
-1376
-1322
-1312
-950
-494
-245
0
362
958
1546
1901
1863
1434
1077
801
394
-31
-463
-698
-601
-345
-140
-273
-760
-1385
-1883
-2201
-2112
-1497
-754
-113
304
778
1543
2426
3077
3210
3205
3423
3733
3755
3137
2173
1262
407
-358
-1254
-2092
-2516
-2825
-3192
-3912
-4829
-5440
-5902
-6429
-7308
-8154
-8458
-8047
-6861
-5514
-4278
-3148
-2066
-908
451
1975
3095
3508
3441
3185
2968
2893
2850
2887
2985
2892
2786
3064
3711
4301
4393
3710
2573
1642
901
60
-862
-1352
-1030
-281
495
1111
1508
1777
1825
1548
1090
725
678
937
1212
1274
1106
817
704
957
1465
1914
2167
2395
2597
2573
2097
1285
638
311
61
-172
-6
896
2081
2638
2191
1252
478
-174
-976
-1722
-2143
-1966
-1355
-631
79
816
1531
1813
1663
996
317
-21
-118
128
280
128
-179
-289
-192
-199
-638
-1534
-2369
-3067
-3635
-3857
-3845
-3719
-3724
-3829
-3910
-3876
-3599
-3169
-2341
-1293
-356
302
668
1060
1535
1899
2011
2062
2054
1968
1997
2114
2206
2098
1665
1067
341
-519
-1168
-1517
-1643
-1572
-1469
-1333
-1079
-768
-429
-246
-144
183
593
1005
1365
1836
2391
2954
3603
3941
4076
4143
3852
3164
2002
665
-393
-1316
-1964
-2425
-2948
-3355
-3587
-3648
-3647
-3845
-4344
-5082
-6241
-7459
-8294
-8502
-7808
-6765
-5765
-4790
-3797
-2516
-1142
61
1154
2051
2540
2635
2658
2651
2782
3142
3341
3467
3692
4191
4904
5451
5723
5406
4558
3316
1932
967
198
-613
-1237
-1501
-1479
-1120
-387
453
1389
1826
1365
727
186
2
20
-23
42
285
979
1919
2859
3691
4175
4162
3511
2551
1712
1101
729
541
427
339
446
763
1318
1704
1450
702
-192
-732
-1026
-1208
-1368
-1513
-1395
-1239
-765
21
781
1421
1559
1288
824
416
114
-260
-595
-981
-1471
-1771
-1754
-1597
-1644
-1961
-2444
-3040
-3482
-3756
-3900
-3893
-3821
-3720
-3620
-3414
-2935
-2129
-1220
-509
-16
380
916
1526
1939
2094
2116
2129
2013
1873
1873
2118
2390
2413
2160
1592
1165
898
563
257
50
43
-96
-387
-573
-428
-14
354
618
698
869
1209
1379
1303
1328
1441
1581
1936
2292
2737
3232
3588
3602
2909
1475
-341
-1840
-2739
-3292
-3851
-4492
-4770
-4436
-3914
-3736
-4026
-4621
-5386
-6353
-7456
-8280
-8384
-7756
-6828
-5916
-4871
-3257
-1143
1034
2874
3956
4385
4449
4192
3739
3363
3054
2760
2508
2402
2681
3416
4380
4958
4833
4102
2878
1528
466
-381
-1155
-1846
-2315
-2320
-1888
-1038
-41
771
1325
1568
1593
1470
1088
626
156
-276
-267
106
773
1706
2545
3157
3590
3735
3398
2666
1693
789
134
-410
-738
-705
-113
737
1354
1727
1766
1341
699
-8
-767
-1268
-1500
-1569
-1490
-1071
-314
522
1342
1736
1795
1719
1428
1100
624
-11
-571
-1124
-1638
-2014
-2294
-2278
-2122
-2125
-2199
-2436
-2759
-2929
-3080
-3272
-3387
-3493
-3242
-2516
-1589
-697
-24
704
1525
2380
2846
2784
2708
2528
2218
1871
1545
1562
1766
1928
1994
1884
1723
1442
1024
501
-111
-484
-556
-607
-588
-368
-95
195
502
696
672
521
570
707
753
719
500
382
630
955
1235
1546
1829
2022
1729
662
-916
-2491
-3591
-4261
-4682
-4851
-4692
-4190
-3521
-2954
-2632
-2715
-3325
-4220
-5205
-6133
-6728
-6803
-6202
-5124
-3882
-2446
-819
903
2379
3230
3455
3280
2831
2327
1895
1472
1213
1048
942
945
1224
1893
2567
2868
2739
2274
1520
785
268
-137
-486
-700
-661
-337
377
1393
2330
3006
3364
3283
3001
2711
2420
2189
1811
1441
1377
1487
1731
2121
2424
2502
2281
1743
1071
266
-562
-1238
-1748
-1937
-1704
-980
226
1295
1949
2288
2248
2031
1639
992
125
-731
-1061
-912
-633
-171
467
1061
1387
1349
955
333
-315
-1077
-1917
-2535
-2983
-3233
-3250
-3185
-2980
-2750
-2569
-2288
-2105
-2048
-1892
-1801
-1648
-1354
-1050
-596
-115
299
681
1007
1311
1578
1653
1494
1333
1200
1106
1103
957
769
711
695
835
993
1026
926
744
567
443
428
316
194
171
198
438
747
1128
1428
1401
1341
1168
944
649
271
104
31
182
432
666
1053
1411
1678
1740
1483
957
80
-1090
-2424
-3805
-4748
-5164
-5169
-4768
-4266
-3609
-2939
-2581
-2682
-3179
-3884
-4701
-5436
-6016
-6094
-5541
-4486
-3019
-1439
186
1690
2812
3253
3227
2939
2179
1166
56
-929
-1578
-1759
-1571
-1163
-554
29
663
1156
1356
1461
1465
1353
1211
1261
1512
1976
2575
3213
3939
4470
4717
4787
4627
4355
3897
3151
2158
1204
617
272
98
27
131
374
568
519
322
164
-121
-489
-743
-899
-762
-157
586
1414
2353
3162
3621
3631
3343
2971
2296
1307
271
-709
-1368
-1750
-1790
-1507
-1053
-400
49
206
260
150
-182
-885
-1758
-2405
-2880
-3096
-2966
-2685
-2297
-1824
-1457
-1275
-1149
-1009
-896
-931
-1066
-1157
-1083
-838
-629
-370
40
429
739
1089
1391
1495
1457
1261
1051
901
700
530
397
336
504
643
590
507
398
345
261
180
189
104
84
245
421
663
862
953
996
988
995
917
762
690
592
291
94
-58
-108
247
521
779
1093
1145
1103
881
357
-406
-1617
-3132
-4548
-5604
-5834
-5380
-4747
-3972
-3338
-2829
-2330
-2222
-2506
-3067
-3769
-4383
-4828
-4877
-4315
-3084
-1406
85
1240
2245
3013
3354
2962
2085
970
-341
-1431
-2122
-2267
-1985
-1445
-773
-84
590
1098
1604
2043
2175
2128
2001
2046
2554
3267
3880
4249
4463
4654
4808
4624
4039
3275
2438
1675
693
-172
-581
-736
-694
-784
-814
-547
-131
263
521
663
718
828
918
917
1044
1319
1681
2148
2544
2846
3162
3331
3302
2907
2060
1058
-90
-1177
-1991
-2566
-2851
-2729
-2200
-1427
-619
15
546
813
762
512
-71
-687
-1107
-1505
-1740
-1845
-1773
-1470
-1162
-950
-1004
-1167
-1322
-1611
-1866
-2058
-2103
-2004
-1841
-1388
-900
-324
282
738
1127
1188
1157
1026
796
654
390
179
49
11
151
254
334
342
187
57
-81
-141
-107
-106
-15
79
160
390
661
884
1144
1357
1549
1616
1456
1278
1047
866
713
345
-4
-178
-166
-83
-24
200
446
625
717
600
268
-369
-1252
-2225
-3248
-4169
-4650
-4576
-3907
-2890
-2090
-1563
-1255
-1206
-1484
-2108
-2979
-3821
-4248
-4390
-4069
-3128
-1868
-476
615
1308
1628
1450
1052
537
-222
-1028
-1660
-1910
-1659
-1150
-455
458
1302
1885
2164
2252
2290
2229
2217
2214
2265
2467
2853
3336
3653
3688
3370
3005
2559
1929
1240
630
363
174
-45
-112
-29
272
669
1000
1129
1190
1343
1520
1648
1649
1614
1568
1402
1155
904
686
699
771
824
860
821
837
721
377
-134
-728
-1296
-1750
-1979
-1932
-1640
-1177
-529
259
969
1447
1657
1517
1078
441
-481
-1413
-2099
-2600
-2908
-3001
-2741
-2279
-1852
-1434
-1204
-1165
-1216
-1255
-1194
-1222
-1102
-863
-518
115
680
1211
1604
1771
1772
1542
1223
680
155
-214
-533
-673
-729
-568
-287
-88
86
232
398
511
457
362
348
462
702
926
1207
1406
1499
1672
1635
1518
1331
962
628
307
47
-176
-361
-330
-250
-284
-335
-314
-220
-104
61
209
208
169
79
-172
-556
-950
-1441
-2098
-2712
-3302
-3508
-3211
-2849
-2623
-2575
-2610
-2661
-2748
-3035
-3437
-3638
-3564
-3357
-2900
-2193
-1340
-313
474
869
1029
988
923
715
179
-268
-367
-265
-55
105
264
512
653
701
665
611
691
813
973
1251
1531
1855
2258
2550
2709
2604
2443
2332
2165
2122
1967
1845
1896
1928
1935
1685
1315
1098
903
652
393
280
356
559
746
871
931
858
878
857
599
357
457
704
898
1235
1587
1787
1875
1802
1433
978
536
44
-457
-829
-881
-740
-517
-275
-146
-213
-532
-786
-1071
-1559
-2021
-2319
-2408
-2378
-2064
-1640
-1224
-762
-601
-653
-698
-884
-1015
-1004
-1037
-936
-696
-430
-109
161
360
480
393
116
-215
-523
-746
-842
-761
-683
-505
-148
205
627
929
1149
1344
1334
1218
1033
801
625
468
354
332
343
549
835
949
867
645
453
301
88
-162
-246
-126
156
515
755
937
1065
1067
821
357
-163
-768
-1180
-1307
-1111
-736
-394
24
155
71
-119
-659
-1363
-2273
-3259
-3937
-4081
-3668
-2922
-2061
-1273
-752
-535
-545
-930
-1551
-2070
-2341
-2382
-2202
-1739
-1053
-198
439
644
547
198
-160
-558
-922
-1112
-1128
-765
-189
242
592
938
1033
884
473
17
-111
-32
361
964
1476
2116
2733
3057
3206
3048
2638
2218
1706
1431
1357
1372
1610
1750
1766
1497
1086
742
352
47
-243
-309
45
546
1135
1625
1839
1881
1750
1344
788
440
337
326
439
811
1271
1650
1870
1616
1016
326
-464
-1200
-1776
-2062
-2002
-1757
-1354
-948
-687
-439
-358
-501
-729
-970
-1009
-1021
-894
-519
-280
33
189
9
-210
-610
-1025
-1382
-1619
-1655
-1538
-1174
-778
-396
-96
65
148
65
37
-31
-4
204
352
669
1063
1284
1412
1392
1166
918
628
259
-85
-242
-286
-205
-136
-196
-127
-41
-10
68
167
227
282
404
671
920
1154
1369
1482
1429
1186
919
635
355
-51
-523
-888
-1204
-1575
-1892
-1966
-1793
-1515
-1259
-894
-528
-166
165
159
-52
-464
-845
-1170
-1617
-1762
-1653
-1318
-893
-739
-812
-1061
-1418
-1898
-2569
-3130
-3369
-3304
-2831
-2306
-1816
-1177
-581
-238
-224
-299
-474
-552
-373
-170
108
470
897
1126
933
513
-13
-531
-959
-1338
-1438
-1034
-311
719
1817
2520
2927
3126
3083
2902
2595
2229
2168
2358
2552
2808
3089
3346
3213
2673
1942
994
231
-288
-563
-564
-327
329
1019
1506
1675
1623
1490
1168
809
416
258
474
870
1330
1770
2056
2003
1623
997
133
-802
-1491
-2029
-2364
-2395
-2155
-1619
-1078
-701
-466
-372
-404
-486
-569
-625
-540
-349
-85
171
386
546
488
294
-62
-640
-1138
-1456
-1747
-1903
-1863
-1689
-1411
-1194
-970
-741
-587
-413
-254
-130
91
252
374
580
738
849
878
860
702
492
325
122
-32
-133
-239
-391
-446
-517
-477
-310
-175
-24
205
440
561
835
974
964
879
636
514
384
258
195
135
206
277
191
67
-101
-388
-748
-1099
-1375
-1426
-1221
-916
-499
-117
263
692
896
868
610
234
-187
-696
-1130
-1516
-1669
-1476
-1274
-1201
-1230
-1317
-1458
-1678
-2025
-2305
-2331
-2170
-1936
-1636
-1246
-794
-382
-240
-327
-470
-538
-462
-401
-355
-226
-41
104
158
209
50
-228
-322
-367
-397
-197
341
1048
1713
2141
2368
2570
2619
2493
2251
1909
1726
1741
1805
1902
1987
2062
2028
1772
1365
808
327
54
-100
10
216
470
873
1212
1375
1316
1096
884
573
220
-3
-118
27
354
627
704
676
543
213
-180
-699
-1154
-1403
-1545
-1403
-1101
-760
-295
78
228
193
31
-124
-205
-322
-351
-196
23
242
431
559
490
244
-226
-792
-1300
-1733
-1917
-1882
-1735
-1451
-1003
-549
-138
252
461
480
439
314
187
141
152
166
271
499
581
616
630
533
412
219
13
-133
-254
-370
-388
-140
61
176
358
335
337
360
272
260
257
286
319
385
630
750
740
651
456
262
-59
-345
-629
-860
-903
-903
-815
-684
-534
-451
-468
-512
-555
-614
-545
-320
-214
-32
220
377
463
377
5
-493
-914
-1459
-1984
-2113
-2037
-1917
-1688
-1504
-1214
-1019
-1120
-1220
-1398
-1495
-1630
-1782
-1586
-1298
-937
-558
-249
-42
60
119
87
60
18
-20
-29
-62
-118
-78
-45
-133
-227
-270
-225
-72
136
471
979
1361
1650
1913
2016
2080
1989
1849
1767
1657
1649
1696
1823
1917
1942
1977
1793
1464
1158
897
625
465
520
513
606
762
769
733
609
358
245
205
79
120
243
416
630
793
860
801
528
308
135
-124
-168
-214
-204
-125
-134
-94
-102
-134
-252
-466
-616
-544
-395
-304
-146
1
101
27
-10
-163
-487
-708
-957
-960
-912
-870
-552
-307
-242
-284
-493
-721
-898
-1130
-1306
-1380
-1254
-923
-617
-334
-110
13
90
59
-144
-275
-276
-141
155
346
503
716
800
683
397
87
-157
-437
-630
-590
-427
-187
128
364
484
556
525
478
363
117
-4
-11
-27
159
354
274
295
314
229
119
-113
-257
-368
-512
-624
-784
-753
-586
-578
-470
-350
-298
-42
138
209
213
77
-38
-290
-661
-956
-1093
-1055
-992
-977
-899
-711
-617
-691
-842
-1065
-1326
-1477
-1504
-1519
-1329
-1002
-708
-375
-150
-56
4
-43
-255
-440
-535
-550
-536
-468
-218
0
200
303
271
239
29
-13
232
331
537
966
1233
1618
1960
1999
2034
1927
1749
1506
1243
1152
1206
1285
1297
1369
1411
1400
1298
1104
885
659
507
436
470
504
605
850
972
1028
1101
1061
1000
882
729
667
640
535
456
438
406
452
306
38
-47
-149
-264
-397
-589
-583
-514
-480
-385
-317
-160
-31
2
-37
-140
-322
-556
-696
-897
-1143
-1300
-1255
-1175
-1188
-1132
-1015
-888
-902
-977
-1008
-1048
-1014
-904
-784
-699
-516
-315
-194
-8
-8
-64
-28
-155
-212
-201
-166
-40
53
125
196
345
479
528
496
448
411
419
487
423
398
463
508
495
395
293
228
226
134
58
93
54
1
-88
-194
-201
-221
-261
-326
-397
-298
-214
-219
-109
-56
-95
-129
-173
-208
-174
-104
-74
8
66
100
120
37
-18
-209
-497
-553
-590
-623
-569
-482
-381
-313
-265
-358
-460
-548
-677
-828
-1081
-1246
-1335
-1433
-1508
-1483
-1415
-1454
-1385
-1275
-1179
-970
-764
-538
-364
-252
-213
-191
-133
-130
-87
-72
7
233
476
725
992
1215
1346
1345
1235
1249
1244
1175
1171
1187
1340
1559
1729
1816
1936
1982
1842
1775
1697
1526
1393
1362
1391
1396
1365
1312
1279
1226
1107
910
774
723
659
654
692
649
556
469
387
319
98
-64
-140
-214
-167
-213
-215
-207
-239
-222
-342
-418
-513
-621
-581
-606
-651
-693
-644
-642
-820
-900
-1084
-1286
-1402
-1527
-1527
-1541
-1438
-1265
-1250
-1156
-1088
-1085
-1075
-1098
-1010
-945
-884
-729
-562
-364
-148
-32
9
6
-91
-123
-126
-135
-102
-30
101
246
354
400
402
366
327
291
173
163
258
292
449
604
702
783
821
846
740
586
467
318
236
210
127
68
143
232
215
202
183
232
255
224
296
311
340
410
513
600
619
661
663
663
590
404
282
199
-7
-208
-381
-473
-584
-776
-854
-1007
-1102
-1134
-1133
-1075
-1142
-1110
-1081
-1161
-1284
-1397
-1395
-1388
-1416
-1458
-1370
-1257
-1286
-1190
-1103
-1096
-998
-1028
-1006
-957
-1010
-914
-729
-553
-351
-139
131
457
674
844
958
1018
1159
1275
1256
1268
1376
1326
1373
1500
1451
1490
1624
1683
1607
1540
1492
1483
1454
1336
1270
1281
1335
1310
1271
1303
1275
1126
1068
1014
841
731
568
454
392
202
135
64
-42
-56
-195
-249
-211
-239
-178
-207
-222
-111
-158
-212
-203
-259
-318
-399
-444
-463
-576
-597
-604
-645
-656
-746
-834
-925
-966
-1008
-1097
-1037
-916
-886
-867
-757
-588
-512
-525
-540
-570
-570
-544
-537
-494
-413
-378
-305
-208
-158
-61
-86
-91
-47
-143
-158
-101
-96
-17
94
171
261
346
397
356
337
301
278
369
405
508
609
657
733
710
674
588
518
514
477
433
437
519
527
519
581
624
647
541
425
348
227
238
226
205
254
289
309
230
120
5
-187
-403
-590
-730
-791
-821
-862
-894
-862
-878
-1008
-1112
-1234
-1378
-1534
-1685
-1804
-1900
-1903
-1794
-1641
-1506
-1331
-1164
-1065
-995
-988
-985
-962
-998
-892
-820
-844
-663
-461
-327
-150
-7
67
198
309
459
624
659
873
1095
1195
1392
1487
1581
1660
1583
1547
1538
1522
1543
1521
1587
1678
1659
1701
1701
1571
1516
1443
1264
1074
991
966
876
795
691
623
548
485
433
373
312
316
382
288
238
211
82
19
-146
-334
-287
-357
-437
-364
-359
-374
-411
-367
-360
-465
-539
-634
-689
-696
-752
-709
-642
-599
-554
-568
-558
-592
-675
-767
-801
-696
-588
-553
-529
-469
-402
-361
-465
-568
-580
-679
-640
-462
-338
-236
-60
43
58
181
155
30
-85
-181
-155
-134
-50
100
275
454
510
507
505
482
369
269
328
302
422
595
635
732
717
748
667
525
396
298
276
168
255
374
426
441
448
470
440
411
251
102
29
-13
-53
-124
-201
-286
-407
-523
-619
-739
-843
-877
-871
-940
-956
-1020
-1069
-1097
-1256
-1322
-1448
-1570
-1555
-1577
-1607
-1540
-1290
-1167
-1148
-965
-831
-740
-744
-757
-696
-757
-773
-685
-576
-500
-405
-170
3
135
296
445
637
711
711
768
887
1030
1062
1137
1312
1425
1502
1544
1568
1549
1567
1578
1473
1372
1321
1276
1235
1219
1165
1140
1115
1127
1141
1069
1020
921
824
781
665
521
484
484
378
249
198
147
50
31
-77
-180
-185
-278
-277
-369
-421
-368
-393
-341
-345
-317
-273
-324
-354
-388
-390
-377
-433
-491
-506
-492
-480
-491
-466
-437
-495
-480
-474
-563
-600
-593
-636
-608
-537
-502
-382
-372
-336
-195
-155
-167
-207
-221
-198
-224
-192
-138
-182
-129
-105
-178
-147
-179
-180
-96
-109
-37
153
280
370
446
472
521
529
433
365
355
346
338
321
388
467
502
533
515
474
403
364
279
108
86
71
100
164
25
-11
27
-29
-154
-344
-397
-402
-652
-771
-646
-744
-892
-954
-1055
-1078
-1127
-1249
-1335
-1440
-1475
-1452
-1545
-1571
-1550
-1551
-1477
-1418
-1314
-1251
-1156
-983
-816
-658
-499
-316
-240
-246
-227
-97
-25
-43
63
211
414
605
709
855
1005
1098
1111
1150
1280
1359
1366
1387
1509
1621
1699
1775
1791
1798
1801
1754
1643
1629
1499
1331
1304
1240
1162
1059
1006
935
863
790
688
689
651
519
444
388
360
267
185
162
80
39
-71
-108
-125
-273
-250
-219
-258
-305
-332
-268
-319
-406
-415
-452
-505
-599
-620
-543
-582
-577
-465
-470
-469
-463
-527
-521
-557
-622
-606
-604
-617
-594
-542
-488
-478
-487
-494
-497
-542
-565
-519
-504
-528
-435
-272
-269
-131
15
-33
-22
-45
-65
-44
-165
-240
-121
-106
-57
56
85
190
335
364
364
450
514
491
392
394
415
351
376
356
313
353
356
385
420
348
282
336
329
243
166
71
17
-122
-242
-239
-336
-419
-423
-472
-563
-657
-715
-788
-928
-1074
-1103
-1149
-1219
-1248
-1253
-1228
-1257
-1240
-1210
-1176
-1129
-1106
-1097
-1114
-1086
-993
-945
-915
-799
-739
-655
-424
-307
-213
-28
65
186
311
373
468
510
528
651
759
770
918
1086
1095
1206
1314
1337
1400
1329
1269
1318
1302
1315
1262
1246
1327
1275
1282
1253
1128
1116
1008
851
784
678
626
598
487
458
475
414
414
414
364
266
147
140
33
-52
-47
-64
-90
-133
-62
-45
-53
-17
-44
-59
-16
-31
-58
-54
-145
-196
-161
-160
-284
-314
-239
-264
-284
-320
-306
-314
-309
-187
-225
-274
-242
-300
-283
-303
-381
-324
-400
-423
-329
-374
-340
-387
-410
-335
-334
-276
-292
-241
-169
-190
-56
1
-28
39
106
123
131
182
125
146
177
160
279
255
338
354
273
426
335
207
235
158
124
77
-27
-116
-123
-139
-170
-193
-300
-355
-412
-488
-549
-656
-786
-891
-933
-999
-1069
-1082
-1128
-1211
-1269
-1243
-1194
-1173
-1219
-1266
-1215
-1215
-1191
-1100
-1090
-1099
-937
-776
-722
-617
-398
-275
-295
-118
11
46
124
184
235
313
437
600
769
819
899
1020
1057
1166
1279
1216
1290
1381
1338
1373
1384
1397
1370
1219
1190
1225
1201
1202
1118
1074
1112
1003
920
920
738
612
529
337
298
271
190
177
143
136
152
77
43
-1
-149
-213
-243
-227
-149
-225
-220
-123
-180
-120
-116
-213
-162
-246
-276
-204
-217
-124
-122
-100
0
-2
61
68
59
2
-91
-102
-233
-252
-272
-357
-352
-431
-479
-463
-416
-404
-492
-469
-456
-460
-348
-390
-454
-475
-397
-324
-355
-254
-248
-295
-260
-143
-97
-150
-76
-45
-11
41
105
221
188
213
316
305
290
335
388
321
316
409
405
459
479
463
493
376
295
272
133
54
-18
-180
-269
-218
-265
-348
-414
-566
-578
-638
-708
-795
-870
-835
-921
-879
-861
-915
-862
-921
-992
-932
-919
-958
-904
-862
-821
-745
-728
-613
-534
-578
-470
-424
-410
-277
-154
2
69
152
308
444
565
575
610
672
742
792
817
921
974
1024
1083
1049
1112
1137
1106
1106
996
1035
1095
1037
1021
1015
1012
925
838
826
748
642
585
484
449
431
423
401
252
247
224
204
168
-24
-10
-71
-197
-103
-152
-204
-155
-233
-244
-169
-205
-281
-243
-182
-172
-148
-144
-110
-150
-186
-165
-256
-268
-258
-323
-297
-258
-288
-334
-306
-262
-276
-299
-338
-387
-375
-364
-407
-401
-437
-460
-373
-382
-398
-326
-353
-374
-287
-243
-200
-144
-118
-60
-93
-45
6
5
36
28
101
99
185
213
118
142
156
181
151
166
153
89
125
92
111
117
10
12
2
-137
-153
-141
-316
-428
-430
-456
-430
-462
-603
-560
-503
-572
-591
-594
-579
-632
-730
-621
-619
-781
-717
-652
-590
-515
-543
-436
-393
-386
-321
-315
-301
-264
-152
-114
-74
77
143
183
285
396
473
479
518
613
645
619
654
767
797
839
938
957
961
949
892
950
996
853
883
947
876
895
860
840
805
764
767
727
713
631
605
583
529
495
402
381
335
218
142
95
30
20
-13
-5
31
-27
18
-36
-73
-66
-200
-193
-142
-202
-212
-183
-198
-218
-208
-157
-194
-204
-204
-228
-218
-337
-355
-291
-338
-328
-347
-330
-262
-298
-333
-310
-299
-333
-320
-308
-322
-405
-493
-461
-469
-468
-435
-427
-399
-444
-468
-334
-378
-517
-453
-426
-406
-376
-380
-325
-358
-384
-300
-266
-271
-298
-345
-283
-242
-315
-301
-256
-201
-173
-218
-215
-244
-253
-293
-410
-370
-319
-288
-227
-231
-206
-175
-151
-133
-124
-127
-153
-161
-231
-236
-149
-136
-110
-89
-39
8
74
111
19
18
74
186
198
189
258
238
356
373
338
442
473
520
523
533
640
632
554
604
692
644
646
750
754
787
800
796
917
940
871
854
885
846
748
702
672
660
669
613
632
604
491
528
503
387
314
343
359
265
208
173
189
161
32
40
87
27
-64
-130
-132
-142
-168
-146
-240
-267
-186
-256
-269
-283
-346
-323
-245
-278
-392
-359
-371
-386
-364
-464
-453
-419
-425
-382
-385
-413
-452
-470
-452
-454
-558
-623
-615
-678
-723
-739
-720
-763
-796
-731
-657
-628
-738
-730
-687
-739
-667
-634
-660
-622
-626
-603
-509
-513
-573
-480
-379
-405
-364
-369
-346
-232
-208
-144
-109
-45
62
61
116
152
145
192
239
307
301
300
334
345
384
427
447
447
440
474
501
468
532
505
432
478
445
465
488
415
429
429
452
457
413
480
463
424
474
453
391
395
396
348
401
399
339
424
428
399
435
374
351
399
396
350
299
366
395
388
437
447
496
457
442
475
496
502
409
388
383
381
427
364
284
260
265
245
167
127
107
91
48
71
53
-36
-21
-105
-195
-227
-284
-309
-398
-463
-473
-464
-464
-494
-487
-527
-587
-564
-596
-665
-688
-756
-789
-761
-743
-732
-774
-779
-754
-758
-738
-844
-825
-742
-849
-782
-668
-688
-735
-740
-654
-622
-651
-682
-717
-666
-663
-652
-572
-631
-614
-474
-448
-464
-497
-464
-349
-395
-337
-227
-245
-193
-137
-69
-58
-42
-15
-3
91
117
134
193
235
309
380
416
463
513
545
563
592
661
707
717
785
893
942
924
941
1002
960
959
993
936
965
1009
1022
986
949
984
1037
1002
898
902
874
754
725
736
690
630
598
616
671
588
463
452
445
399
306
300
255
130
120
141
105
41
19
30
31
26
-38
-77
-23
-102
-169
-108
-156
-208
-209
-185
-181
-167
-179
-255
-198
-197
-203
-276
-354
-337
-449
-459
-456
-503
-546
-604
-489
-446
-557
-583
-553
-541
-573
-598
-648
-663
-729
-741
-752
-863
-807
-766
-818
-806
-755
-790
-783
-760
-752
-714
-708
-729
-745
-643
-647
-696
-674
-705
-653
-623
-589
-489
-520
-566
-450
-345
-274
-275
-395
-334
-250
-236
-249
-270
-198
-161
-81
-71
-1
98
62
99
128
223
275
273
302
277
332
420
426
445
531
559
529
533
605
662
660
683
731
768
800
830
861
847
801
857
899
904
938
963
892
892
992
990
1000
986
920
937
916
907
854
767
804
830
808
781
842
828
713
675
623
607
571
475
475
420
366
320
215
171
65
22
47
8
-30
-98
-148
-155
-153
-219
-290
-340
-380
-431
-511
-528
-608
-665
-618
-638
-641
-595
-660
-751
-781
-810
-786
-763
-822
-863
-792
-756
-786
-769
-847
-911
-874
-870
-828
-866
-860
-824
-876
-864
-859
-819
-769
-736
-770
-744
-616
-626
-706
-632
-520
-610
-610
-472
-477
-567
-584
-498
-449
-445
-335
-202
-167
-175
-180
-51
4
-26
35
11
13
59
112
186
201
154
215
389
358
323
368
401
417
324
464
582
481
480
560
601
604
649
645
616
555
566
631
625
672
668
643
722
710
693
657
624
709
678
668
705
710
673
690
682
629
755
696
643
703
644
669
648
634
626
629
654
599
567
549
569
506
431
451
400
335
353
322
237
198
195
155
52
75
76
-29
-13
-47
-126
-177
-248
-281
-332
-336
-394
-478
-526
-564
-571
-626
-666
-713
-677
-618
-627
-634
-686
-729
-752
-731
-762
-777
-718
-743
-746
-759
-713
-704
-775
-778
-692
-626
-723
-661
-609
-649
-626
-609
-534
-567
-551
-455
-520
-540
-499
-538
-432
-368
-420
-337
-347
-351
-269
-305
-342
-327
-306
-225
-140
-105
-91
-125
-105
-106
-38
115
5
-15
74
49
117
150
133
143
201
251
273
355
364
347
412
473
468
490
555
552
525
513
560
619
626
571
588
653
603
637
746
788
751
680
720
760
695
721
780
668
637
666
620
623
573
497
521
582
566
552
472
390
420
349
364
398
340
391
251
124
195
142
129
108
42
25
19
8
-48
-59
-101
-185
-212
-197
-155
-192
-262
-272
-303
-268
-280
-351
-341
-425
-443
-379
-421
-474
-509
-490
-483
-491
-460
-464
-453
-568
-597
-480
-533
-574
-530
-481
-491
-543
-517
-440
-508
-620
-563
-513
-542
-573
-542
-455
-467
-523
-534
-459
-421
-440
-384
-388
-345
-324
-403
-351
-268
-207
-234
-229
-182
-205
-136
-169
-213
-144
-101
-12
26
36
93
122
170
192
236
246
234
248
231
264
281
295
271
252
342
330
339
415
390
416
426
421
408
402
428
405
409
330
369
457
336
301
383
383
390
415
470
504
388
378
345
340
396
290
322
378
343
337
328
310
294
303
356
363
272
309
314
201
206
194
164
177
202
239
184
65
122
112
-22
22
47
31
-32
-71
-76
-66
-135
-267
-133
-88
-151
-155
-206
-203
-250
-256
-216
-226
-233
-287
-293
-285
-332
-372
-369
-352
-388
-334
-321
-305
-296
-375
-296
-284
-337
-356
-291
-239
-336
-313
-307
-336
-334
-326
-283
-350
-325
-238
-294
-303
-217
-200
-237
-177
-187
-245
-220
-253
-224
-209
-252
-146
-113
-205
-138
-21
-55
-78
-6
0
-68
-30
-24
-44
82
97
49
124
141
136
187
183
162
199
213
203
259
273
218
274
277
251
343
345
321
323
354
396
370
323
340
385
335
316
370
362
328
373
301
268
357
358
340
287
314
315
255
219
216
250
192
206
226
229
233
94
104
136
77
153
95
11
52
-40
-63
-39
-88
-64
-60
-73
-127
-194
-151
-135
-201
-204
-163
-199
-226
-245
-243
-203
-211
-257
-268
-224
-242
-277
-283
-275
-239
-205
-238
-291
-286
-286
-286
-311
-265
-232
-298
-271
-227
-237
-238
-175
-140
-205
-203
-185
-253
-201
-235
-300
-259
-281
-232
-235
-233
-233
-261
-164
-135
-163
-138
-117
-129
-107
-140
-105
-59
-197
-202
-145
-110
-73
-93
-110
-77
-12
-11
-12
38
35
56
104
91
70
44
54
69
108
176
196
202
180
195
248
231
283
308
222
242
282
266
315
312
270
327
347
372
401
385
365
348
359
363
344
314
289
234
247
298
286
281
222
204
263
307
314
295
251
188
211
199
198
156
49
85
54
61
95
63
87
45
25
75
117
84
40
-13
-34
33
-60
-120
-80
-151
-137
-52
-96
-157
-122
-178
-224
-219
-249
-199
-186
-240
-287
-284
-263
-315
-345
-302
-270
-315
-330
-348
-374
-328
-341
-375
-339
-282
-300
-309
-292
-310
-313
-285
-250
-224
-214
-287
-268
-208
-243
-228
-230
-184
-139
-174
-124
-76
-47
-41
-102
-61
-69
-105
14
3
-51
-54
-60
-5
-29
-44
53
91
55
31
65
114
88
77
38
108
211
142
86
63
94
136
155
154
146
203
140
92
190
231
238
225
267
296
245
204
247
288
217
265
297
235
243
243
287
288
287
366
352
318
362
288
245
271
231
293
309
225
195
226
222
252
251
207
215
150
140
171
155
103
36
34
81
91
18
36
45
-36
-9
-29
-75
-30
-121
-130
-60
-148
-145
-185
-232
-173
-186
-150
-162
-187
-160
-227
-225
-240
-308
-317
-323
-304
-319
-387
-356
-275
-279
-267
-289
-316
-264
-263
-228
-276
-334
-309
-361
-344
-302
-296
-282
-306
-315
-269
-229
-256
-268
-207
-155
-131
-145
-117
-143
-219
-132
-54
-60
-87
-73
-80
-127
-84
-79
-73
-10
6
24
17
41
141
115
74
149
186
208
173
113
172
178
121
213
255
174
206
234
256
270
272
340
304
271
286
318
325
272
253
279
348
298
317
328
246
289
266
263
249
186
237
266
212
207
246
212
193
226
216
204
214
161
110
119
113
140
153
107
109
152
102
36
63
100
96
65
74
16
-23
-38
-60
-51
-105
-42
-14
-50
-95
-166
-84
-127
-186
-140
-144
-169
-235
-242
-207
-263
-284
-216
-226
-262
-222
-218
-259
-285
-309
-258
-254
-292
-332
-321
-270
-302
-229
-259
-273
-195
-216
-204
-260
-293
-268
-247
-259
-243
-201
-250
-233
-190
-168
-166
-158
-151
-163
-110
-95
-113
-113
-107
-96
-47
-32
-66
-79
-70
15
54
54
91
110
105
77
115
133
121
158
168
150
145
191
174
134
193
205
216
266
238
245
219
196
302
265
243
264
195
190
165
212
230
195
194
168
232
232
180
218
220
212
244
195
192
176
76
84
109
121
123
106
111
138
132
86
141
162
89
81
70
91
51
0
5
-9
33
7
-16
-1
-4
-15
-6
27
0
-9
7
-54
-60
-47
-134
-125
-63
-99
-115
-78
-99
-103
-112
-147
-136
-148
-168
-168
-164
-151
-152
-187
-191
-172
-174
-180
-214
-200
-153
-208
-253
-175
-194
-223
-218
-224
-163
-158
-183
-171
-113
-168
-182
-113
-162
-138
-142
-145
-87
-123
-119
-90
-83
-77
-52
-50
-96
-91
-69
-28
1
17
-27
-27
61
46
27
-10
-15
36
35
51
1
-5
33
35
95
67
61
101
100
109
174
209
140
121
76
139
183
66
83
162
164
82
103
160
169
188
181
224
229
153
137
215
200
129
154
163
118
94
109
105
81
125
136
140
132
5
50
127
58
82
102
73
60
26
24
1
-34
9
-5
-37
-6
-22
3
-15
-26
0
-19
14
-37
-23
0
-54
-58
-78
-34
-74
-48
-6
-90
-44
-23
-73
-71
-55
-71
-52
-48
-110
-78
-99
-112
-115
-154
-87
-55
-44
-77
-125
-157
-142
-111
-130
-124
-96
-122
-174
-115
-87
-111
-160
-145
-19
-14
-69
-86
-141
-127
-88
-95
-74
-122
-78
-53
-102
-51
-48
-32
-13
-13
-20
-36
-57
-92
-33
-41
-83
-61
-92
-85
-34
0
-54
-89
34
65
-20
-13
10
-60
-14
73
-1
-12
-8
-60
-27
6
31
80
78
-7
60
128
56
97
116
137
177
83
74
96
81
91
22
99
190
153
148
89
76
199
230
141
149
170
150
188
161
120
213
192
59
117
166
203
157
69
197
222
171
123
98
122
109
162
146
67
63
109
104
87
113
117
83
29
38
44
-21
-19
1
-52
-48
-41
-37
-83
-110
-53
-36
62
7
-116
-95
-65
-68
-141
-130
-102
-133
-123
-162
-183
-131
-111
-138
-174
-137
-105
-156
-143
-90
-135
-156
-105
-123
-167
-200
-230
-238
-167
-127
-189
-188
-180
-213
-154
-112
-139
-151
-166
-146
-141
-99
-101
-191
-185
-134
-119
-156
-158
-118
-64
-28
-9
13
-55
-89
-35
24
-17
-78
-64
-40
14
-30
-77
16
6
6
76
26
74
80
39
126
93
89
93
-17
-11
8
36
94
86
114
118
82
133
171
110
90
160
205
168
169
160
132
115
102
136
189
238
159
121
211
209
192
201
175
170
171
114
101
171
149
122
139
87
85
139
91
62
97
99
159
174
58
51
107
44
-1
15
13
-21
-68
-59
-11
27
63
71
8
1
73
53
36
-2
-1
57
-8
-52
-82
-108
-70
-88
-90
-91
-58
18
-33
3
16
-82
-50
-65
-90
-75
-56
-64
-105
-112
-153
-136
-142
-158
-81
-113
-33
4
-61
-66
-145
-89
-51
-81
-88
-160
-110
-60
-90
-72
-51
-1
-70
-92
16
-56
-81
-18
-50
-36
-55
-78
-65
-72
-102
-158
-110
-51
-43
-47
-50
24
12
-38
-47
-25
22
-9
-86
-104
-27
-35
-89
-85
-117
-89
40
80
52
-28
-4
115
88
66
7
-2
-20
-39
21
-1
7
9
46
82
53
57
38
92
77
33
78
70
50
8
24
75
25
-43
-11
22
69
84
104
135
157
183
63
37
34
-14
45
84
42
4
-16
-11
70
63
22
47
132
174
93
87
69
16
0
-2
0
-73
-38
-14
-3
15
-69
21
45
-20
0
15
90
45
-50
-13
19
32
27
-77
-80
-37
-38
-33
-65
8
44
39
71
56
64
72
-8
-31
3
-20
-10
-87
-56
47
-6
-15
-7
-20
5
26
33
45
54
43
-22
-63
-20
-17
-62
-45
-7
10
-46
-74
-3
49
39
2
34
7
-10
15
42
92
7
-11
14
-28
-22
-41
-65
13
109
98
7
36
63
-47
15
55
13
-21
-42
30
16
13
-45
-26
33
-69
-20
-1
-30
-3
-22
-4
-9
-15
-39
-80
-31
1
-26
-62
-66
-56
-56
-27
-28
-54
-45
-77
-45
6
-34
-25
-32
-24
-3
-65
-79
-37
-46
-97
-67
-16
-62
-63
-42
-26
-28
-99
-64
-39
-82
-77
-58
-19
-35
-90
-40
-43
-134
-109
-39
5
13
-71
-65
-3
-56
-35
-40
-78
-48
-70
-34
24
20
5
-8
42
38
-2
-13
32
88
35
78
42
7
39
-20
28
20
18
48
36
42
35
38
57
102
102
120
85
37
57
56
90
96
40
29
64
11
4
47
57
126
114
73
108
154
100
37
74
43
59
183
100
22
65
32
28
-1
60
90
-15
49
135
50
37
130
35
2
49
-12
1
-46
-78
-15
-11
-5
50
42
39
47
-15
22
33
26
63
2
-44
-62
-23
6
-87
-79
-49
-59
59
50
-2
1
-43
-36
-67
-30
22
-4
-29
-78
-55
-80
-114
-105
-153
-112
-39
-34
-60
-77
-12
-3
-39
-4
-31
-53
-85
-128
-110
-58
16
-4
-22
-45
-107
-41
36
15
-34
-49
15
4
-82
-43
-70
-110
-35
-20
-20
-37
-46
-3
-5
-2
-9
-22
14
1
-32
8
14
13
-39
-56
-21
-47
15
3
28
69
43
73
46
81
110
95
66
15
18
17
-53
-49
36
53
68
12
37
101
3
-10
9
16
100
65
12
61
-6
-46
-34
-40
-1
63
96
58
62
56
31
51
46
2
42
87
101
62
-27
-15
-11
-19
-30
7
54
-15
4
59
49
34
36
10
-31
-55
-5
26
-81
-98
-85
-46
-30
-96
-12
0
-17
19
-24
19
75
45
-3
-12
75
33
-40
-35
-67
18
-16
-48
45
14
0
-101
-43
66
-20
19
-11
-26
3
-71
-47
-70
-124
-94
-99
-84
-36
-39
-46
-64
-61
26
-13
-56
-6
-18
-52
-51
20
-2
-47
-7
-5
-3
22
3
23
11
24
85
29
63
22
-3
76
-49
0
85
-38
-27
-6
-41
-63
-16
16
-69
-48
46
80
38
-6
44
87
71
75
-11
-39
54
63
36
-12
62
67
67
120
-16
0
37
90
173
96
111
104
116
111
12
36
-11
22
85
22
22
-75
-82
-4
-2
26
27
6
27
63
52
22
19
7
17
45
-15
-49
-17
-3
46
2
-18
39
25
7
-21
-2
64
36
-2
-1
-20
-2
-19
-96
-32
-31
-115
-72
-50
-7
-23
-45
-8
-57
-72
-85
-104
-48
-34
-95
-94
-88
-43
-17
-59
-38
-67
-7
41
-37
-10
-5
-49
12
10
-37
-64
-126
-4
21
-38
12
-43
-49
-84
-41
-13
-51
-42
-76
-37
-59
3
-14
-104
6
2
-59
-62
-24
13
1
0
11
41
-7
-55
0
-12
0
96
82
55
17
-4
48
63
84
42
15
46
45
58
34
-1
14
29
40
71
-20
-57
2
29
106
10
-50
24
55
65
-16
-1
28
59
102
10
37
54
38
60
19
62
57
0
32
39
38
54
20
13
34
48
37
22
4
53
57
-26
39
2
-99
-8
20
-48
-76
-29
40
-3
-62
-37
-12
0
-27
-49
-34
-34
-23
0
14
17
-7
-77
-52
-8
-44
28
60
-31
-35
1
-32
-49
-98
-42
48
-73
-27
19
-49
-22
-91
-51
42
40
9
-77
-71
-14
22
-42
-118
-53
-31
-18
-2
-23
8
23
28
8
-11
43
57
27
12
18
21
2
0
-16
20
51
22
33
10
25
55
17
-10
7
47
74
0
-28
5
20
38
-2
17
5
-9
81
16
-37
24
-15
38
60
4
66
48
18
46
-33
-53
3
9
40
45
-29
-34
19
30
0
-65
13
29
-53
-38
-53
14
14
-65
-64
-29
-31
-73
-92
-131
-47
6
-90
-86
-23
-28
-14
-10
3
7
-25
-28
-43
-24
-43
-61
-6
22
-66
-92
-29
12
75
-22
-20
23
-35
43
16
-8
21
5
50
18
-22
-11
-21
-17
-9
-38
-32
-4
57
61
-34
44
43
-9
69
31
-44
6
81
70
26
-35
-56
62
116
80
43
-6
7
-21
17
45
12
33
64
91
11
-19
30
19
6
34
60
39
0
0
31
8
4
72
38
-24
-4
11
34
23
-36
3
73
49
45
10
-41
-12
-7
-20
-49
-27
47
37
30
40
-37
-67
-37
-48
-3
-29
-71
-13
-51
-72
-27
-19
-58
-62
0
-3
25
-24
-38
24
-30
33
-23
-63
25
-15
-1
-30
-49
-7
27
22
1
35
72
43
10
33
-1
9
24
-51
-27
-12
-66
-54
-26
32
58
-23
-79
8
0
-49
8
-45
-58
-33
-41
-40
-59
-29
17
45
-13
-26
-24
-82
38
57
9
76
0
4
12
-67
-36
-3
15
-32
-18
2
-12
66
11
30
63
26
-17
-118
-20
14
-45
-25
-23
10
-35
-88
-32
20
40
-7
-5
18
-20
-34
-32
30
52
3
30
55
-37
-90
-4
31
47
18
-38
20
88
36
-38
-29
-4
-25
-18
37
-53
-32
0
-24
55
26
24
0
-13
34
-33
-69
9
22
-3
-9
8
88
27
-33
-9
-33
30
56
80
87
14
8
-11
38
73
39
8
-36
12
3
-2
27
-41
-18
39
40
57
0
-61
-20
-31
-9
75
43
-47
-86
-27
35
57
38
-16
-15
7
30
32
-19
-81
4
95
32
-2
-11
-25
-6
10
12
-12
8
29
-93
-57
131
105
-63
-149
24
89
-89
-152
-93
-12
-2
-12
-15
23
-10
-78
16
21
-28
-43
-46
17
-2
17
21
-62
-3
-44
-77
33
-1
-16
17
-8
13
41
32
-18
-34
32
-20
-45
-24
-62
21
-6
-83
39
19
-12
46
-18
-4
6
-35
-90
-21
80
-19
-26
32
47
-15
-30
20
11
47
53
78
27
-25
20
-9
26
47
40
52
24
29
-11
-43
61
111
45
44
53
77
61
-9
1
0
-39
-13
21
10
37
61
-10
29
94
1
23
59
-21
1
-10
-22
16
-48
-17
38
7
-21
-3
-21
-62
-11
48
-3
-29
21
7
-9
-5
9
-4
-26
-53
-57
-56
-78
-44
6
58
11
0
5
-18
-5
-11
38
-10
-20
-27
-81
74
59
-15
1
-61
-12
11
-53
-77
-60
19
53
9
-13
5
25
24
7
-21
-21
-22
6
-50
-87
-33
21
75
-30
-64
-33
-43
42
4
-67
-15
35
88
33
-8
46
13
-40
-44
-21
-22
4
18
-76
-47
48
25
47
26
-53
24
41
4
-16
-28
52
6
-31
25
-6
1
0
-4
32
18
-14
-79
-48
35
38
17
15
45
62
34
-57
-46
-50
-56
87
-34
-53
63
-15
10
22
22
-7
-100
-11
57
3
-9
-8
43
27
-48
22
72
27
-2
-47
-25
12
-3
22
65
83
54
63
79
23
-3
-23
-30
7
-1
65
76
-15
70
45
-39
28
19
-11
-33
22
48
21
49
-9
12
-27
-30
93
0
2
-16
-80
-10
-24
16
8
-13
32
10
-1
38
-12
-111
-33
18
2
18
34
34
-32
-3
5
-93
-63
-34
-66
-18
-27
-54
-13
27
29
-15
8
15
0
33
-32
-98
-46
25
-6
-89
-45
8
1
-2
0
-41
-59
-11
13
-4
32
78
31
30
-32
-61
-33
-67
-67
-68
-39
-15
-23
6
-17
-3
52
49
46
-5
-26
-76
-61
19
-2
-3
-5
7
10
13
56
11
-45
-40
-2
77
71
12
3
84
121
64
14
-44
-24
-1
-33
-63
16
80
15
87
39
-32
69
-22
-35
-4
-43
-3
-20
17
27
4
44
-9
11
80
-34
-98
-65
-37
5
31
56
23
12
77
42
-41
-15
42
-7
-58
5
47
3
-35
7
40
30
8
-44
-76
-70
-49
-19
6
35
43
47
58
12
0
-45
-112
-25
56
-2
-96
-27
36
49
80
45
66
30
4
-24
-69
28
6
15
131
99
54
47
7
-22
-91
-34
15
-42
26
-60
-42
107
21
68
58
-46
-24
-43
-15
-46
-81
18
33
45
66
10
8
46
-45
-78
-14
-42
37
60
-5
47
88
94
86
24
-22
-12
-38
-47
-59
-52
-25
-7
69
31
16
15
-50
-40
-89
-151
-54
46
-41
-74
7
36
48
-40
-53
-41
-89
-94
-111
7
45
-14
-23
49
79
-10
-32
-21
-1
-1
-46
-54
30
30
21
53
10
48
32
-73
-50
-70
-147
-56
22
50
100
8
28
33
-35
73
-22
-96
-57
0
77
-13
41
44
-39
71
79
13
-42
-6
103
28
-23
90
171
64
27
72
51
-11
-120
-30
-31
-66
35
35
74
119
108
32
-48
-46
3
-5
-98
-70
-33
-35
91
70
-17
33
-10
10
-13
-69
17
-34
0
123
95
42
36
35
3
33
-34
-102
-54
-49
11
38
-16
38
139
79
-20
-10
-20
-110
-115
-71
-98
-30
12
2
48
16
-5
-14
-62
-37
-78
-98
-18
-15
14
-27
8
89
70
62
-31
-61
-17
-83
-76
-38
0
114
111
62
54
80
52
-31
-56
-93
-71
-31
-39
19
40
65
57
74
93
-2
-33
-37
-30
-22
-24
-24
21
11
25
146
67
-59
-14
-30
-97
-47
-14
44
68
65
137
33
27
77
-17
-50
-74
-78
-54
-39
-71
-29
69
88
122
58
33
58
-12
-67
-95
-26
-14
-30
21
-31
-4
63
-6
-28
-20
8
31
-22
-9
13
29
24
18
8
0
33
-27
-120
-122
-31
-25
-22
22
-5
46
41
11
86
45
-27
-8
-23
-76
-79
-67
-60
-9
-16
5
31
11
74
13
-51
14
36
21
-18
-79
-48
62
31
-8
-26
-55
32
13
-72
-35
35
11
15
62
36
39
33
33
17
-2
1
-3
-72
-75
25
21
2
13
24
50
4
-23
67
-1
-60
18
10
33
-5
-80
-56
1
-36
-43
-18
-74
-14
-40
-8
85
0
1
13
19
8
-14
-12
-13
7
-50
-23
-15
-39
10
0
-29
21
66
14
2
-1
33
65
49
13
-49
-38
-31
-28
-86
-91
-18
-20
-8
-6
40
74
67
-20
-102
17
-33
-50
-33
-81
24
13
5
8
0
0
8
96
56
-53
2
3
0
57
28
58
7
43
37
-79
-75
-1
100
-15
-2
90
66
101
54
38
-19
-44
-18
-89
-89
-70
-21
25
22
21
56
121
101
35
14
5
-3
-8
-36
-66
-57
0
39
21
18
-21
-50
-4
15
73
68
7
21
32
24
4
6
-26
-35
-43
-106
-97
-91
-68
45
99
57
72
50
39
-1
-79
-34
2
26
-41
-71
-49
-18
24
30
42
5
6
7
-18
-3
4
12
42
11
-77
-34
76
-8
-80
-3
-3
-62
-49
-29
9
54
74
46
-51
-77
-68
-38
12
62
26
-38
-27
-29
16
23
14
34
43
-4
-56
-13
-56
-45
54
90
45
-8
-7
-4
15
3
-14
-36
-8
-17
-28
28
6
61
70
-64
-26
45
-50
8
38
-50
-4
-31
-7
10
9
36
-10
8
-4
-25
-37
-2
96
28
3
29
-43
20
2
-82
-39
29
11
-104
-7
72
4
88
106
68
29
-57
2
-27
-44
72
-23
-75
48
29
-37
0
50
44
36
28
13
15
10
-29
-45
23
30
2
16
-48
-108
-68
10
17
-68
-23
70
55
22
-17
-43
-7
37
-25
-68
-13
-18
-44
-30
36
56
30
-14
-34
58
39
-11
-11
-33
-6
9
8
21
-18
-15
33
-20
-32
-16
-54
-18
35
40
-11
-3
19
-32
16
-14
-32
57
-60
-100
-20
-37
29
39
-1
53
47
21
-2
22
85
34
3
-32
-24
30
-23
-9
5
18
11
-56
22
25
32
68
29
76
30
7
14
-29
-25
-24
-7
-43
-52
-46
-27
-7
33
113
52
41
36
31
37
-58
-4
42
-18
-25
-51
-37
-8
22
16
-2
33
-1
6
12
3
27
-32
-31
10
24
0
-74
-83
3
28
-42
3
-17
-95
-29
53
44
-19
-18
28
58
3
-6
46
-32
-54
16
17
-1
-23
-11
-1
11
30
28
26
4
19
0
-37
-2
24
-14
-36
-6
31
0
-100
-38
53
-31
-54
32
45
-68
-48
-3
0
88
32
-3
-5
-13
-38
-92
-32
19
62
55
2
19
11
18
63
8
-33
-58
20
6
-112
0
13
4
32
0
56
51
-18
-34
-27
-37
-74
-82
-54
25
45
14
34
23
-29
-37
39
15
-41
2
31
-5
-51
-47
-17
6
-24
41
75
-19
37
56
-3
19
27
22
-20
-46
-41
-47
-15
-4
-17
-7
50
70
24
23
60
1
-55
-3
-6
-62
16
71
20
29
-1
20
28
-46
11
12
-53
-14
21
47
52
14
20
0
71
63
-55
-12
-56
-41
-17
-4
35
-33
15
6
-68
-12
16
-45
10
32
4
44
17
9
5
-32
-18
-18
-90
-42
20
-35
-45
45
71
39
53
51
28
-27
-28
-26
-80
-30
4
-28
-13
54
64
1
-6
32
13
-29
-47
-37
24
-32
-87
-45
6
59
-11
-43
-4
11
76
33
-20
50
-3
-63
-24
-16
-22
12
35
-35
-53
-19
-33
-5
60
108
120
80
-9
-51
4
-2
-55
-57
-28
-22
-43
-7
-3
-34
31
125
78
38
39
-101
-106
23
-18
-44
-25
8
22
22
79
52
-41
-55
-19
-60
-67
-22
36
33
-11
10
97
132
27
-6
-11
-45
-48
-76
-79
-34
-47
-26
53
64
37
5
32
76
47
-56
-38
49
-23
-59
-79
-74
6
8
-16
-27
23
48
61
42
34
83
4
-10
30
-42
-103
-103
-31
21
-22
39
99
34
35
36
-16
2
0
10
25
-18
-20
-107
-124
7
19
16
69
53
-23
-8
15
-34
-36
-28
21
44
-36
-93
-26
58
0
-62
30
76
2
1
-22
-57
-14
-32
10
60
-12
-38
21
31
-16
15
-19
-9
43
-18
0
-9
-34
49
7
-29
-14
-61
-51
16
76
39
15
3
5
59
32
-31
-34
-24
-30
-48
-29
57
13
-4
52
35
70
-2
-47
38
77
24
-46
-88
-71
-8
9
64
25
5
90
65
-6
-48
3
34
-38
-31
0
-56
-25
10
-21
13
53
59
84
42
1
22
-37
-47
-105
-98
14
-18
55
98
40
37
-55
-56
29
51
0
-71
-65
-40
-17
31
-7
-59
55
96
64
-8
-83
-16
-18
-21
-36
-26
-3
-93
40
90
-25
-45
-63
35
-1
-83
-3
44
69
30
1
1
11
8
-13
64
-26
-110
-20
-11
23
20
-37
23
18
-22
38
20
34
40
-61
-1
81
-16
-17
59
-35
-38
37
37
58
-33
-91
-95
-60
35
-5
28
57
-34
-35
-30
0
53
64
78
11
50
47
-90
-60
-61
-80
0
24
15
5
-15
0
-10
4
49
7
12
15
-46
-20
14
57
45
-58
-54
21
61
38
-57
-49
2
-11
-30
-78
-11
2
-21
20
37
41
-48
-28
58
62
49
21
-26
-32
-6
-52
-9
-5
9
48
-32
-23
24
22
22
6
-75
-44
54
-45
-37
39
53
86
-23
18
62
-39
-52
-7
30
9
23
37
-9
-10
12
-43
-93
-26
-7
-17
14
-7
20
55
36
18
86
102
-7
-10
0
-14
-29
-51
-29
-62
-86
-57
-9
59
12
-47
-25
10
41
59
7
-20
43
4
26
55
-89
-31
56
14
20
-35
-33
-100
-135
-18
11
34
-1
-10
41
17
92
135
38
8
-71
-84
-8
39
36
-25
-3
1
22
-14
-55
3
-47
-14
-8
-77
-28
26
68
57
24
65
53
4
48
36
-3
4
3
-30
-52
-18
-17
-53
-132
-116
39
74
54
31
-17
36
145
118
-38
-24
35
15
2
-77
-71
-32
-36
37
64
-25
-35
13
-49
-50
15
-13
-19
32
42
1
-42
17
83
33
-16
10
-32
-75
33
39
-8
-34
-78
-34
-45
-41
34
-12
-20
5
-35
-24
6
47
37
14
64
36
-18
10
6
-17
-2
-11
-8
-31
-90
-88
-28
7
-7
10
-7
1
-4
0
50
68
55
18
72
-26
-86
17
17
39
52
3
-39
-87
-95
-16
-10
-1
19
-20
31
-2
15
155
151
62
-4
20
-1
-77
-70
-26
52
65
-39
-85
-73
-39
74
56
3
51
7
-44
3
14
21
45
-16
31
25
-60
33
49
-8
-20
-5
66
25
-74
-8
25
30
19
-58
-43
-47
-13
16
19
30
-33
7
36
23
55
56
18
5
5
-28
-8
-42
-75
-69
-79
7
42
-60
-40
19
-29
-14
79
76
2
44
85
42
2
22
-3
-74
9
-71
-124
-34
-62
14
-4
2
65
-29
7
44
39
72
-11
-46
-4
-3
-10
-38
-25
5
-62
-36
36
21
56
9
-41
-49
-44
56
-2
-66
39
30
-40
-48
-9
37
31
61
55
2
14
28
-11
-20
51
-18
-84
-52
-37
-20
-51
-44
8
38
-11
-8
53
4
-61
16
19
35
119
20
3
-35
-20
44
-17
-20
-98
-104
-9
-24
-71
-38
32
58
51
103
113
76
76
-37
-13
48
-53
-50
-64
-74
-24
-2
-15
23
72
33
13
38
21
-9
19
-14
-14
3
-69
-37
69
101
91
41
18
29
6
-24
17
28
-25
-19
-59
-20
26
-33
40
33
-10
7
-23
76
62
21
67
-22
-1
-19
-59
7
29
-15
-57
-6
-3
-17
-36
-38
13
-20
-69
-26
53
36
14
41
36
-15
-16
70
43
-12
-50
-107
-96
-87
-64
-19
-36
-5
46
42
59
53
8
-74
-29
25
-69
-69
-111
-94
-54
-116
-22
16
100
111
5
53
-16
-49
45
33
-92
-148
-122
-87
-1
30
103
54
-9
74
42
-20
-26
19
50
40
1
0
49
-4
-41
-16
-3
-18
-30
26
34
-6
-24
32
66
87
61
6
24
-15
16
-12
-65
41
53
17
62
73
44
12
-7
-5
-7
42
111
64
35
35
-22
-44
-1
61
7
-60
-49
56
118
80
76
-9
-7
40
21
19
-32
-23
-18
-62
-19
-33
-49
-15
-42
-3
16
23
75
42
28
37
15
-26
-7
-5
-82
-63
-53
-55
-28
-6
29
36
49
24
-73
-107
-9
7
-32
-29
-25
-12
-19
-17
-8
-47
-110
-60
-13
-23
1
35
17
-33
-22
-27
-38
-79
-92
-60
-92
4
33
-28
15
8
28
36
10
14
35
34
-15
-4
30
-15
-60
9
17
-78
-49
6
-62
-49
7
-13
59
97
84
119
60
7
-7
-56
-65
-39
3
-8
-38
-3
3
-4
52
111
60
-64
-54
94
95
72
78
-24
12
87
54
69
7
11
62
-10
74
126
14
-46
-58
-8
44
7
-20
-14
13
56
46
36
2
35
68
7
17
-11
-60
-4
15
-71
-24
26
-8
-16
-16
49
9
-33
-10
39
35
15
81
13
-38
-29
-32
48
10
-28
-25
-27
85
49
-55
-79
-82
-87
-64
-39
-54
-50
-47
-26
37
25
-57
-23
8
32
34
-96
-63
22
-76
-83
-53
-34
59
-13
-71
2
-17
26
79
0
-1
-11
-86
-24
17
7
55
48
25
27
15
-41
-79
-96
-94
-38
-30
-33
9
29
39
41
-1
-13
7
-24
20
73
19
-3
-45
-60
-5
69
72
61
46
12
25
15
28
38
15
43
40
11
18
-31
-14
34
15
39
26
-47
-38
51
78
49
64
22
-54
-57
-38
-31
-27
6
-86
-78
48
47
78
62
31
10
17
64
54
56
41
-61
-82
-12
-33
0
44
47
10
-15
-1
-10
18
-44
-66
0
17
2
-1
0
17
-21
-81
-28
0
-10
-25
-28
-40
-89
-44
25
4
-80
-48
57
-7
4
38
21
73
46
2
-54
-52
-39
-25
17
25
16
-30
-44
-33
-40
15
100
42
-40
-22
-46
-92
-39
-13
-43
-17
43
15
-43
17
26
-28
5
12
-3
50
72
-17
-31
-4
-28
-17
-52
-30
19
7
21
59
104
51
43
113
59
3
3
-11
-33
-53
-114
-87
-18
-31
-44
-4
35
15
74
95
43
10
-29
4
-43
-23
29
-54
-39
-38
-31
-42
-23
81
68
37
-40
0
79
4
25
-16
-31
87
32
-45
-107
-99
17
60
20
-26
-27
-49
4
-12
-33
53
11
-15
-23
-19
-63
-64
-38
-104
-37
0
48
42
-31
24
-22
-30
8
-1
6
-14
13
103
43
-60
-34
8
13
-52
-46
-31
-61
-33
54
102
20
18
68
48
17
-44
-17
-9
-36
24
2
-65
-42
18
44
45
26
-26
-62
-24
22
68
23
-71
0
92
136
88
6
9
0
16
-7
-18
0
-29
-25
-15
-3
-12
27
60
51
110
75
2
-12
-4
28
-36
-27
33
-2
-6
5
1
-13
-29
-37
-17
22
-6
15
42
12
-4
-3
83
33
-32
4
-34
-12
-39
-71
29
21
-27
-12
8
64
13
-57
-20
-17
-33
16
-6
-55
-33
-19
0
3
43
15
-57
4
-5
-29
45
-53
-116
13
29
-27
-48
9
7
-87
-32
-27
-14
69
14
1
19
55
40
-25
-28
-30
-7
-18
-28
-38
-54
-25
-10
-3
15
51
20
-45
34
105
35
-50
-20
37
2
4
6
-19
21
-57
-124
-73
6
145
77
-23
12
9
4
-39
12
100
29
23
26
-61
-89
0
57
-6
1
-4
-18
43
40
28
19
-13
46
38
2
39
3
5
-19
-35
-10
21
34
-35
37
37
-51
-1
16
47
44
23
0
-41
-28
-23
24
-10
-62
1
3
7
16
-18
36
75
-16
-20
44
-5
-33
-27
-1
64
41
11
-12
-68
-34
44
27
3
23
90
46
-74
-15
-18
-2
34
-35
46
45
-33
-1
-37
-25
43
31
-35
-55
79
47
-77
-46
-46
7
31
-6
15
4
20
24
9
48
13
-9
-8
8
-2
-15
-13
-15
1
-30
7
0
3
17
35
43
-52
19
98
11
-13
-26
-26
-31
-79
