-69
-29
-37
-31
-44
-33
-47
-74
-37
-8
20
31
77
40
-58
-50
-129
-92
27
24
4
-2
121
141
65
13
-112
-148
-98
-37
-33
-15
-34
-14
74
12
2
-3
-29
15
11
-23
-17
17
43
107
127
106
125
74
18
-54
-142
-93
-68
24
136
105
46
10
69
71
-42
-17
51
-29
-37
0
28
118
153
138
80
37
13
-2
23
26
-15
14
35
-28
-47
-20
23
54
26
-19
-41
-47
-93
-148
-100
-58
-43
10
76
54
21
38
-47
-119
-113
-100
-68
-23
44
64
5
-41
-63
26
3
-58
-80
-172
-137
-164
-149
-16
47
69
139
89
-3
-6
-18
23
21
35
23
-13
10
-46
-25
126
133
71
83
74
74
45
-21
-65
-64
-26
-34
-15
-14
-30
32
76
44
40
16
-36
-1
-67
-91
12
-25
-100
1
-8
-40
38
-88
-104
-44
-59
-36
-70
44
55
3
75
35
16
15
-20
42
64
-32
30
95
47
55
90
103
40
15
-36
-93
-20
-35
-74
-22
30
33
-5
29
73
54
46
33
-33
-44
-15
2
-15
-17
6
32
65
-1
39
88
5
25
-44
-37
50
-49
13
62
61
84
81
105
14
31
63
1
-35
-64
-49
-16
8
94
104
15
52
21
-55
20
-49
-62
13
-18
0
-15
-25
-23
70
60
-97
-35
1
-63
-35
-95
-133
-80
-59
27
34
48
89
-52
-57
19
-19
-1
-8
-20
33
19
-15
-12
20
24
-44
-83
-100
-90
-102
-75
31
53
16
21
83
57
-11
-26
-28
-23
-58
0
54
48
18
-18
83
67
-23
-21
-96
-92
-29
-66
-15
0
-41
17
62
52
46
-2
-49
-88
-112
16
-20
-125
-31
47
51
60
76
27
12
-1
-5
-3
22
53
-3
11
25
-30
-13
3
-106
-70
22
7
34
-50
-52
26
19
73
8
1
42
-18
-35
-79
-75
-67
-51
-25
0
68
66
67
73
27
-21
11
0
-76
-27
-7
5
66
82
40
0
-8
-33
35
36
-3
23
30
21
21
69
108
138
51
48
94
18
36
-9
-111
-35
19
-35
2
51
61
34
-23
-76
-94
4
83
46
21
27
10
-29
-65
-9
48
27
46
8
-69
2
60
29
41
-4
-66
-38
-12
23
10
-27
6
-61
-114
7
-55
-66
33
-5
-22
-52
-28
-89
-99
-42
-84
-35
-24
15
57
51
90
-19
-39
32
-47
-120
-87
-17
-9
5
18
-2
35
90
63
-23
-64
-26
-14
-28
-8
48
48
7
34
43
37
-11
-25
12
38
50
-21
-16
-3
38
99
35
-5
-1
-31
-71
-30
-58
-42
43
25
15
-68
-73
-25
-47
-14
19
44
-37
-51
-19
-75
12
51
0
10
16
71
89
59
32
-7
39
-15
8
97
15
26
38
9
13
29
3
-3
31
-32
-10
50
0
-3
-6
17
29
-6
27
26
3
21
-49
-119
-26
-3
9
15
-42
-7
15
18
26
48
35
-30
15
65
37
10
15
40
-47
-104
-25
-17
-16
5
-46
-24
-19
-42
61
58
-36
-17
-15
-16
12
-67
-87
18
30
-81
-91
-34
-42
8
45
38
3
-17
-1
-47
-11
47
-18
-27
79
36
1
25
-46
16
59
26
44
18
-9
16
5
-14
26
81
59
-15
-37
-37
-11
-54
-98
-19
36
8
-42
-58
-5
55
25
1
-2
-40
-29
2
34
-6
-1
13
-24
66
-3
-86
6
7
21
28
-12
-12
-27
-43
63
41
-13
91
23
-81
-76
-24
-37
-29
34
56
56
21
22
22
61
39
12
-11
-48
17
-24
1
22
0
81
24
24
79
-14
-26
37
9
-27
-11
-13
-15
-18
-8
24
-5
-7
33
63
31
-40
-24
2
-4
-28
-53
-37
-42
20
4
-65
18
-39
-39
10
17
88
75
53
4
-5
-6
-24
-31
-20
-27
-31
-7
-19
-11
-50
-70
-72
-115
-91
-36
-31
-86
-72
13
12
-35
-37
7
74
25
0
43
-9
-28
-35
-4
3
-17
60
51
29
69
103
101
25
0
-24
-106
-72
-53
-86
11
23
13
50
-9
5
74
0
-28
51
23
46
49
25
53
67
114
41
-51
5
52
38
59
39
27
5
-76
-1
80
32
4
-43
-18
60
24
39
76
-1
2
32
-35
-25
15
-36
-42
41
102
108
56
47
77
1
-5
20
-108
-149
-91
-2
-16
-58
-19
-19
-18
-86
-22
14
-82
-44
-31
-27
1
-36
-2
42
-9
10
31
-2
-32
-69
-91
-107
-25
37
-33
6
56
49
38
-24
-1
-19
-50
19
7
-39
-51
-27
5
5
-24
-66
-30
2
30
34
-12
-21
-31
9
-4
-35
-29
-36
-31
-47
-78
-68
29
63
31
4
48
63
16
-2
-43
19
45
-2
-35
-41
4
3
-7
-7
-52
-89
-8
59
29
10
-16
-35
-3
52
58
23
40
-7
8
77
1
63
111
32
45
12
9
9
-8
54
12
7
63
25
-23
21
51
36
107
96
22
18
-46
-62
48
48
14
55
30
-32
7
5
-13
-38
-34
4
-26
47
66
44
-18
-108
-44
13
-38
-20
5
-45
-11
-48
-83
-21
1
-10
-37
27
9
-105
-60
40
59
12
25
10
-79
12
86
54
55
-6
2
-34
-115
-66
-25
-58
-22
23
-14
8
-35
-46
26
48
60
4
-43
10
11
-25
34
25
20
17
-41
-29
-42
72
112
12
-43
-100
-66
-12
53
60
18
46
76
6
-13
-23
-63
-13
-5
-60
-49
-50
-16
56
-52
-57
4
-34
3
-28
-28
22
6
36
16
-33
-15
-10
0
10
-24
1
41
27
56
28
-19
-13
6
52
-13
14
25
-90
-35
-22
-17
-12
-27
85
20
1
13
-33
28
-43
-30
32
-1
-1
-12
-8
11
-5
1
-14
40
96
76
89
48
63
67
18
62
35
-43
7
8
-15
0
-15
57
51
1
62
84
77
31
-23
31
16
-4
20
13
65
-51
-113
-6
-53
-55
1
-30
-11
28
-107
-109
42
-14
-100
-71
5
-34
-40
12
-8
11
-79
-99
-26
-26
30
0
-21
-3
-3
-9
-34
-20
26
37
-18
-22
0
0
-29
27
46
-19
-14
16
56
-3
32
43
2
73
37
62
65
0
-17
9
30
-27
-22
-15
9
-29
11
86
-14
-24
-27
5
17
-51
-34
-48
4
55
-19
-71
-60
-54
-26
-21
-104
-5
77
22
-16
11
49
-66
-18
32
2
74
-12
-29
7
-56
-32
-2
26
33
35
33
24
4
-22
44
69
18
-25
-6
69
2
-20
3
-66
33
52
-35
20
117
102
-18
-16
75
58
4
-19
-89
-97
-72
3
97
24
19
62
41
15
-6
17
0
48
79
24
12
-74
-64
18
-29
-99
-45
25
-15
6
35
30
26
6
-38
-39
7
-54
-52
-9
-22
11
66
63
19
-21
-79
-80
32
50
10
-37
-27
15
-74
-81
-33
-19
2
7
-10
-11
-22
-18
34
11
-12
-44
-3
59
-34
-76
-18
-7
29
23
-43
-35
-44
22
28
-7
56
18
19
25
3
57
35
-44
-46
0
27
51
27
26
66
-28
-47
-6
-34
6
-23
31
45
20
88
-29
-73
-6
36
84
33
15
21
-51
45
85
-37
-54
-61
-35
-50
-66
-1
14
-17
-25
13
7
0
-16
-11
39
0
-64
-52
4
-4
-19
11
12
-12
-18
35
-27
-69
-29
-60
-25
25
46
-5
4
27
21
65
-47
10
97
-32
-40
-51
-102
-54
-44
-63
-60
-46
-9
38
37
-22
14
-4
-27
30
-29
1
45
4
-29
-75
-25
18
9
54
79
32
-40
-70
15
47
47
59
24
39
8
1
29
59
72
-5
-26
-6
9
12
18
6
8
33
43
15
-8
30
21
45
57
32
-23
-85
-27
2
19
49
-19
15
14
-25
51
8
0
-23
-59
81
78
12
16
-52
-26
-25
-54
20
51
50
36
0
-82
-73
13
-31
-7
51
-18
-17
28
73
51
46
127
43
-54
-81
-74
36
81
22
7
3
102
154
-40
-145
-81
-26
9
18
-9
-3
-33
-99
-67
-37
6
9
-14
25
-1
-1
4
-39
-63
16
55
-12
-30
16
40
-7
-21
-75
-7
86
-36
-64
-17
60
22
-66
30
19
-55
-7
39
32
18
-26
-74
-93
-74
-32
-77
-52
-6
-27
49
36
41
70
50
47
8
10
-6
-33
-6
64
96
29
-15
-15
54
45
-27
-7
-32
9
-22
-77
35
32
-11
-5
-6
11
-11
-34
-65
-57
25
-34
-36
53
-30
-52
13
-78
-73
71
15
-43
29
39
2
13
109
67
-25
17
-38
-41
0
-56
-44
-58
38
66
2
48
4
20
-2
-27
51
31
-19
21
-24
-31
45
-26
-10
17
-6
27
-12
-17
1
2
44
46
6
-8
-7
-9
-34
-46
5
55
53
7
-50
-114
-22
126
60
-16
-40
-29
-9
5
0
-12
11
30
57
26
12
-44
-79
-12
-9
10
10
-32
-16
-33
-27
61
15
-58
-9
19
36
84
73
36
44
-2
-26
0
-14
-34
-39
17
13
-20
3
-21
8
7
-21
35
26
-32
5
74
34
52
58
20
81
-51
-128
22
34
-15
-11
-40
-52
1
3
-67
-58
-6
-1
-5
5
38
19
14
-20
-29
21
-43
-24
33
-1
63
123
73
-49
-117
-86
-54
-16
-14
-12
7
73
57
-25
-11
-35
11
56
-18
1
70
53
-63
-72
-36
-14
63
15
8
37
-21
-8
-7
-20
-18
-28
32
51
59
-6
-67
52
0
-34
1
-28
23
19
-16
-42
-8
12
-23
32
111
44
-58
-76
-78
23
49
17
97
6
-78
-14
-9
-18
-15
29
49
18
-26
-32
15
-45
-35
-2
-35
24
-19
-103
-5
17
-54
-15
-39
-74
-53
-41
19
21
-6
-24
8
37
-24
-49
-24
-6
78
92
22
12
-23
12
17
-2
-17
-5
32
-33
8
-2
-43
24
-16
17
9
-56
47
31
-73
-24
31
33
56
22
-23
25
54
13
18
5
-74
-6
69
11
0
12
58
88
23
16
36
8
23
45
8
-44
38
54
6
-22
-98
40
57
-41
-7
-32
-1
45
78
64
15
-25
-3
62
0
-56
-95
-76
-20
-72
-82
-56
-42
28
0
-20
-1
-45
4
3
43
103
88
30
-32
71
0
-86
-45
-90
-75
27
67
25
49
53
21
11
-28
13
17
-53
-32
-62
-33
44
-8
11
68
56
32
41
0
-67
-74
-79
-52
-53
-18
-22
-41
47
70
15
-19
22
23
21
-9
-13
30
25
80
23
13
22
-43
10
-11
-65
-33
31
27
-30
-5
17
12
-8
-92
-83
35
35
-8
31
-37
-114
-58
-5
-31
-47
4
16
31
-25
-72
3
-6
-29
-36
-24
-6
-13
34
30
19
32
-8
0
-5
-40
18
53
-9
-52
17
55
-11
-41
-54
23
119
-13
-80
19
70
92
81
38
57
75
25
20
10
-18
7
9
1
8
-18
-15
9
-9
-26
-6
45
67
48
35
41
62
59
14
-58
-77
-64
-63
-34
-13
-30
1
32
14
-8
-27
-9
-22
-13
17
65
40
-36
-20
-33
-4
31
-45
-60
16
29
-35
-70
-41
3
26
31
-18
-2
13
9
112
-14
-91
-18
-87
-11
-13
-62
-9
-45
-24
16
-7
-38
-84
-67
27
39
33
19
2
24
-11
-23
-18
-32
37
82
64
60
79
59
12
0
-30
-7
-15
-3
22
-11
30
56
62
8
-52
-38
-59
-6
25
66
62
-57
1
-4
-2
44
-43
-19
-15
-11
35
0
-2
47
77
15
-12
37
9
37
32
-34
27
31
-5
-10
-19
-28
6
44
-29
-25
-61
-59
0
-70
-42
-87
-132
-36
29
-46
-139
-10
59
14
-9
-72
-54
33
44
-16
2
-2
-39
51
-7
-29
51
45
67
20
23
43
40
19
-83
-59
-35
-75
-81
-74
-63
-49
-14
18
72
30
40
89
-39
-18
80
-1
-2
58
36
53
37
-50
-58
-34
-22
33
55
3
-60
2
116
45
25
4
-40
6
18
88
44
33
98
19
36
69
20
75
89
47
36
38
-19
-45
40
-19
-129
-98
0
10
-16
16
11
-27
-17
-9
-43
-26
-48
-25
72
-22
-97
-23
-18
-37
11
-12
-61
0
25
-2
7
39
47
49
30
18
29
0
17
21
-53
-23
14
3
41
82
44
9
13
-113
-85
21
-47
-21
-9
-53
-52
-31
-14
-70
-91
-92
-57
-31
-44
-14
39
3
-59
40
109
59
14
24
18
-48
-29
-15
-46
3
11
-5
-23
-60
15
21
11
17
8
79
69
109
70
-14
16
-2
89
129
6
6
4
-47
-19
19
0
-45
-22
9
37
75
30
14
-50
-61
39
-43
-41
-17
1
41
-98
-26
36
-67
-43
-16
-1
2
-38
-65
-47
-32
-2
6
-32
29
70
-42
-77
4
11
0
10
25
62
33
-8
16
-7
-1
18
-22
11
-31
-28
8
-59
-8
1
44
48
41
129
39
60
77
32
-5
-96
3
52
65
96
49
92
151
37
-18
-27
-47
109
94
-9
-6
-17
-9
-21
8
10
-65
-39
-12
-8
25
-52
-53
-21
-115
-3
68
-57
0
35
4
37
-25
-60
-14
46
27
-93
-91
-19
-100
-79
35
-49
-43
48
29
23
47
-26
-9
73
-7
-8
-41
-95
-19
-33
-52
-80
-87
-9
-41
-53
5
-48
-44
56
102
53
-26
11
-6
10
30
14
114
57
0
35
58
-12
-21
55
0
17
-22
-23
19
-63
-7
42
33
112
9
-46
50
10
-1
-21
-19
-27
-86
-53
-34
-10
34
3
-6
9
4
49
61
6
-17
-27
-25
-8
0
10
13
0
49
48
-12
-3
-46
-117
-82
24
20
-24
-14
6
18
-4
-3
-1
-19
-51
-56
1
31
19
30
34
31
26
-19
-12
23
-1
37
83
105
52
-36
-10
-39
-19
31
-11
6
-4
18
69
-17
-20
78
28
-18
38
16
-20
34
22
2
-5
-94
-136
-79
3
-24
33
88
28
0
-30
-23
-99
-109
-53
-86
-13
-12
-85
0
23
-21
65
138
52
11
90
79
63
59
-4
0
-14
-16
10
-23
-44
4
47
-13
-56
-60
-80
-35
-30
-10
21
-22
2
-22
-43
1
14
-30
-48
12
11
21
-16
-74
-88
-40
41
-2
-18
15
-19
-38
8
122
68
-71
4
49
33
-1
-3
29
62
51
-43
-51
-38
6
47
67
82
71
32
-28
26
36
-24
19
-31
-39
17
-75
-26
-14
-32
56
39
43
47
50
60
88
132
41
-59
-53
-25
-24
-25
-14
20
15
-66
-63
51
107
12
-50
-56
-40
19
20
2
10
-51
-93
-10
-8
-64
-39
-20
3
6
0
-8
-69
-120
-105
-31
-46
-68
-23
6
-15
-65
-12
19
39
32
-36
73
89
28
0
-79
55
140
-13
-15
28
-5
0
-69
-9
30
-12
3
-16
13
18
26
21
56
114
82
35
27
26
17
116
69
10
31
-26
10
37
-2
-53
-44
-59
-60
-35
-75
-34
-10
-46
1
45
-32
-66
16
-6
-52
-34
-14
-16
-87
-46
-10
2
59
37
40
64
69
63
35
-7
26
56
52
50
35
23
0
84
87
0
35
40
7
21
13
29
30
-57
-33
39
11
46
0
-1
115
68
-10
-20
-29
-38
-46
-59
-43
-51
-99
-45
-87
-95
38
-19
-49
42
61
7
6
34
-27
-99
-129
-89
23
15
-27
11
-41
-43
49
10
-18
-13
-20
18
32
4
-65
-71
8
11
-3
8
-12
-35
21
30
-62
-57
-10
27
19
3
-5
-44
-25
-30
-20
4
54
40
-12
-4
-18
-19
-20
0
-31
-36
35
58
61
-4
-39
59
56
10
47
18
5
50
54
71
71
-16
-57
-23
19
59
-2
-24
58
105
89
-15
-69
-9
27
36
78
-19
-51
33
28
58
-38
-41
45
18
7
-34
17
-6
11
44
-84
-13
18
1
43
21
29
41
66
31
81
52
-48
72
59
-17
-23
3
14
-133
-131
-53
-113
-77
-38
-30
-21
-37
-20
1
31
-7
-21
-33
-35
20
-13
26
0
-83
-52
-51
-7
27
30
5
-4
34
10
-36
-23
17
-15
-65
-52
-43
-6
-15
9
5
-37
41
-13
-53
0
7
13
-57
-49
-2
17
107
38
0
74
25
66
64
-52
20
3
-74
9
78
94
53
24
-18
-24
30
11
4
-8
-35
3
-27
-6
37
53
72
-9
6
0
-24
53
60
26
-34
-56
-1
-38
-78
-19
-10
-33
-10
30
16
-31
-46
-37
-89
-55
32
35
91
39
-25
11
-24
-2
11
16
-9
-41
72
12
-47
43
12
-18
82
62
-26
27
22
3
21
14
-4
-29
-4
66
-40
-107
-57
-146
-74
31
3
-28
-88
-31
61
28
45
2
-76
5
30
41
98
89
11
3
20
-20
18
48
17
-59
-62
36
97
39
-78
-53
48
51
-16
-47
-17
11
-3
20
14
-9
-26
-86
-42
27
-22
-95
-50
20
39
45
1
-42
-76
-51
0
8
-9
-47
-31
20
40
17
48
13
-48
28
23
31
21
-99
-35
22
-49
-2
-7
-19
78
53
27
28
-2
20
32
23
70
82
51
16
-47
-27
11
2
34
74
36
-17
-13
-10
-12
19
18
45
54
9
8
-15
-14
-27
-45
-28
4
4
-101
-70
-67
-125
-74
-68
-38
19
17
13
-36
-14
89
59
25
-15
-39
10
-20
-26
45
5
15
65
13
50
31
11
23
-33
2
12
-16
-25
-27
-21
-11
-43
-39
86
57
12
-31
-97
-2
4
-2
-45
-24
60
-15
-35
-55
-46
-39
-45
-15
16
48
-17
38
64
56
93
77
-14
-55
42
27
33
-23
19
116
-27
-33
58
3
-35
34
-6
-99
-24
10
-35
15
-3
36
109
43
-59
-172
-115
-35
46
74
2
27
22
20
36
30
36
-30
35
63
-39
56
72
6
73
-1
-64
77
28
-74
-17
18
18
-41
-81
-71
-26
-38
-39
26
40
56
-32
-110
10
-29
-39
49
-58
-48
-12
5
-2
-69
-43
4
32
-59
-35
29
10
-15
-73
-90
-82
7
14
1
18
11
7
-47
34
73
60
16
25
92
-16
48
-32
-77
69
-80
-32
35
65
98
-28
67
111
35
36
11
2
9
20
-48
-59
45
-18
-21
27
-6
22
-52
-34
98
28
-50
24
96
40
53
63
-34
26
13
-84
4
20
14
-25
-27
28
-52
-25
-85
-83
-6
-75
-26
-24
-86
-78
-37
12
16
47
9
-46
-28
-30
-49
13
38
-84
-6
-31
-115
67
-4
-5
76
22
89
63
21
0
-47
33
81
33
1
2
-19
-47
0
-62
-4
83
-12
14
15
48
35
-6
-10
-122
-3
-3
-39
22
-35
64
30
-48
81
124
-23
9
82
-76
-43
-25
-109
-19
50
-24
-7
125
26
-6
34
-15
4
-23
-1
-85
-95
57
24
-13
13
9
-22
24
94
30
13
46
-29
-23
44
-84
-107
31
24
-9
-16
9
-63
-9
44
-45
56
-6
-62
17
-6
-15
-48
-5
15
-35
-31
-9
100
114
20
61
13
0
36
-85
-78
20
-44
-123
-56
8
-31
-11
18
-8
93
52
-97
1
-1
-65
43
-4
-88
36
8
-97
18
34
-1
88
85
1
-19
32
-35
-59
76
32
45
123
66
32
68
-18
-82
42
-55
-87
45
30
37
89
63
5
27
-49
-88
13
-48
12
112
-52
-25
123
-8
-122
5
16
-46
18
-22
-20
105
21
-121
21
11
-113
30
115
28
-75
-28
-52
-16
28
-178
-47
75
-56
-47
-3
-12
-21
-27
-93
-49
14
-88
-45
90
-5
-79
-43
-76
1
32
-57
-31
-68
-87
-63
24
32
-15
14
-16
112
28
-57
24
-83
-10
-2
-26
60
42
102
10
-62
67
67
43
100
91
34
6
12
0
7
61
-25
39
-45
-130
82
-72
-100
2
66
49
44
104
-74
94
137
-111
-34
73
-33
5
73
-75
-1
34
-3
31
100
101
-38
136
104
-19
40
46
89
6
65
-78
-68
60
-87
26
-10
52
-37
-139
56
-83
-48
77
113
-24
-21
-21
-153
105
76
-49
-61
55
-51
-102
195
-118
-70
128
-47
-104
14
125
-102
106
24
-176
-4
-132
-257
-190
211
63
-57
124
-47
19
-44
49
-44
-1
166
-166
-21
50
-7
-135
-4
39
-150
137
-28
-69
-4
-96
-172
-32
163
-164
32
-35
-135
95
-11
-22
-78
116
40
22
121
7
4
18
96
-188
-43
135
53
116
24
86
-39
130
-35
-203
187
-68
-122
9
114
-98
-59
203
-205
-24
44
-77
-32
76
55
-94
224
-28
-79
54
5
-34
-71
148
-238
20
145
-218
-50
0
23
-137
179
75
-120
262
49
-89
-85
25
-64
-14
169
-108
75
135
-25
-106
41
174
-7
120
67
-64
-10
157
18
-79
264
21
-48
87
-32
-54
-11
57
-140
53
53
-110
103
-15
-70
-42
35
-56
-78
42
-92
-25
34
64
33
46
64
-65
-71
-115
48
-43
-153
75
-22
-4
-22
-20
16
20
51
-57
1
-27
24
-11
65
71
-105
90
-99
-140
-7
39
3
-126
117
-14
-48
48
-21
-75
-3
121
-120
74
-5
-253
-66
6
-16
-174
149
19
-230
113
36
-57
85
125
-196
53
202
-252
-27
72
-57
-72
151
69
-176
199
-28
-132
51
22
-19
-10
259
-136
-142
131
-57
-69
98
261
-105
46
220
-121
101
194
-98
-148
256
10
-237
169
22
-113
143
259
-105
12
278
-103
-64
89
2
-135
176
215
-233
170
269
-181
-15
280
-106
-124
336
-114
-194
238
-91
-282
254
226
-238
198
169
-322
-44
184
-122
-107
314
-113
-164
313
-29
-136
202
136
-190
136
117
-312
21
1
-256
-46
69
-193
-87
127
-203
-75
75
-122
-99
49
-56
-149
149
-103
-187
59
-88
-91
32
87
-109
43
124
-179
-47
33
-73
-94
-9
-79
-97
30
-118
-39
52
-67
-66
29
28
-53
9
-84
-167
-52
2
-61
-4
71
-35
112
36
-147
21
4
-34
0
38
24
30
113
78
2
-20
0
-20
-17
-4
56
97
0
-19
17
6
7
8
8
84
164
74
43
168
39
-20
155
116
53
94
46
-100
-70
23
-52
23
136
4
-56
160
108
-72
131
87
-75
120
66
-170
29
97
-181
44
204
-149
-50
191
-85
-135
167
31
-144
118
71
-124
75
52
-187
-38
114
-151
-16
175
-233
-156
152
-47
-122
120
93
-94
-16
-114
-227
90
90
-187
-29
77
-111
-46
28
-134
-68
90
32
35
11
-115
-60
-32
-38
45
40
-75
-23
-22
-217
-6
146
-68
-23
35
-183
-163
-12
-207
-190
25
-132
-195
39
-39
-230
132
149
-193
136
148
-190
64
221
-88
36
274
-24
67
272
-15
-80
239
43
-201
276
163
-139
175
115
-141
73
233
-27
33
223
26
63
202
-54
-108
117
-119
-147
218
35
-121
109
37
-169
75
120
-129
74
76
-121
-55
47
-17
-28
103
-90
-95
69
-72
-70
82
-20
-121
106
120
23
37
-49
-49
6
30
-132
-64
18
-73
129
27
-148
-46
-6
-70
-28
42
-59
75
95
-98
-36
42
-108
-145
65
-57
-129
26
-97
-178
-15
-94
-301
-83
-143
-269
-15
-34
-176
-114
45
-127
-92
65
-138
-71
-42
-21
-12
-64
-47
-105
53
-45
-139
-4
-71
-135
-90
-52
-186
-83
-66
-176
-25
-94
-117
25
-23
-175
-116
-60
-158
-100
-111
-82
12
-17
-80
37
206
18
51
210
113
106
200
148
100
312
176
71
201
72
50
138
192
36
158
287
14
108
202
69
58
170
36
-5
218
63
44
220
93
-24
86
86
-120
48
134
-90
6
129
-79
-75
101
-86
34
176
5
46
54
116
165
259
210
-33
81
158
67
107
240
152
72
248
97
50
137
-21
-27
43
-70
-117
46
-23
-111
-51
-31
7
15
55
-30
-60
29
16
139
160
25
36
180
255
245
269
64
-65
-43
-43
-42
-29
113
43
-34
-145
-375
-332
-253
-228
-230
-256
-365
-417
-279
-160
-222
-378
-336
-292
-231
-53
-96
-66
146
208
181
235
201
-99
-461
-786
-993
-928
-633
-451
-461
-641
-1161
-1659
-1777
-1619
-1465
-1312
-1120
-1178
-1205
-970
-1015
-1074
-765
-669
-630
-160
276
541
966
1071
680
315
256
211
333
703
412
35
80
67
18
-34
-152
-445
-436
-479
-671
-228
350
499
362
335
152
116
631
890
1115
1476
1534
1524
1760
1819
1592
1519
1378
1134
1176
1341
1154
961
798
380
227
375
413
468
578
582
583
662
727
916
1326
1495
1499
1617
1685
1777
1992
2046
1810
1808
1990
1983
1936
1715
1298
1138
1215
1070
743
407
152
136
253
144
74
311
335
187
-167
-655
-821
-738
-512
-397
-252
39
466
707
-242
-2496
-4969
-6177
-5618
-3885
-2307
-1733
-1863
-3019
-5053
-6795
-7348
-6268
-4281
-2780
-2534
-2745
-2643
-2253
-1617
-1770
-2847
-3384
-2399
-449
1471
2789
2847
2004
820
-683
-1836
-1812
-918
-65
307
-152
-773
-495
225
196
-853
-2189
-2938
-2075
123
1969
2727
2585
1776
766
251
404
1140
2423
3453
3485
2962
2761
2900
2931
2231
511
-949
-1193
-309
854
1328
852
-341
-1220
-1679
-1681
-1063
-345
371
804
1097
1697
2578
3328
3331
2655
1762
1305
1754
2929
4105
4462
3942
2841
1889
1250
658
385
180
-36
61
254
211
121
-284
-1078
-1558
-1468
-854
-47
704
1090
1054
1048
957
788
966
1456
1898
2250
2445
2233
1952
1734
1078
171
-85
314
699
898
518
-218
-268
279
498
181
-266
-683
-523
220
741
982
1354
1664
1655
1454
956
517
593
957
873
548
946
1788
2151
480
-4039
-8973
-10720
-8209
-3946
-1246
-1532
-3781
-6277
-8680
-10762
-11110
-8655
-4897
-2436
-2416
-3790
-4079
-2530
-1256
-2384
-5217
-6682
-4365
642
4856
5678
3295
173
-2034
-3454
-4243
-4105
-2652
-760
-279
-1419
-2402
-1510
501
1209
-909
-4208
-5014
-1740
3799
7336
6837
4242
2070
1370
1671
2405
3502
5184
6543
6447
5342
4488
4555
4489
2811
-479
-2967
-2506
241
2974
3313
1190
-1462
-2568
-1781
-483
505
1119
1481
1907
2586
3122
3696
4425
4383
3396
2069
1357
2362
4421
5371
4385
2434
984
842
1418
1430
686
-45
-644
-1008
-1001
-819
-592
-451
-418
-616
-540
106
819
1466
1873
2016
2139
2437
2714
2728
2746
2512
2117
2006
1991
1926
1457
478
-363
-288
458
720
117
-1045
-1859
-1505
-619
-416
-1094
-1609
-1206
25
1280
1548
1001
736
1008
1121
589
-218
-126
962
1383
275
-1066
-797
893
942
-3383
-10475
-15024
-13204
-6903
-1566
-810
-3655
-6972
-9593
-11659
-12663
-10902
-5944
-961
380
-2114
-4818
-4123
-903
518
-2276
-6738
-7525
-2441
4475
7467
4837
-534
-4521
-5846
-5985
-5807
-4703
-2209
-84
-636
-3077
-4216
-1716
2348
3211
-289
-4202
-3336
3051
9876
11646
8046
3398
1507
2382
3792
4626
5430
6537
6856
5403
3258
2449
3264
3560
1409
-2290
-4195
-2040
2576
5712
4686
823
-2200
-1915
1032
3985
5305
5146
4857
5089
5332
5433
5710
5920
5272
3588
1664
1171
2833
4900
5049
3029
355
-1104
-775
12
34
-898
-1976
-2352
-2069
-1322
-461
-59
59
106
79
332
724
1010
1177
1200
1168
1360
1687
1782
1642
1084
191
-383
-408
-217
-242
-702
-1234
-1309
-921
-552
-690
-1266
-1728
-1793
-1741
-1765
-1588
-1024
-330
-29
-292
-499
-109
692
1243
1062
348
-142
112
506
354
-252
-777
-327
481
195
-991
-1747
-1133
-760
-3422
-8961
-13127
-11793
-6058
-1344
-1836
-6086
-9809
-11257
-11462
-11174
-8791
-3605
1241
1386
-3452
-7949
-7172
-1946
2032
736
-3536
-5034
-998
5250
8190
5492
-216
-4467
-5507
-4758
-3787
-2238
399
2363
1063
-2948
-5595
-3450
1993
4966
2415
-2150
-2524
3473
10886
13039
8621
2507
80
1941
5106
7066
7913
8550
8195
5745
2167
-12
668
2464
2293
-371
-2738
-1662
2481
5824
5046
634
-3546
-3851
-327
3886
6045
5813
4939
4846
5319
5558
5377
5104
4672
3752
2533
1960
2869
4613
5373
3860
461
-2957
-4272
-3088
-1131
-265
-910
-1775
-1814
-1280
-794
-999
-1347
-1029
-131
903
1553
1812
1708
1465
1202
660
71
-268
-37
612
831
56
-1281
-2036
-1974
-1868
-2250
-2617
-2278
-1282
-682
-1210
-1850
-1648
-798
-312
-370
-204
478
993
394
-666
-1019
-420
333
104
-849
-1317
-887
19
466
-203
-1477
-2145
-1935
-1758
-1763
-1280
577
2511
658
-6698
-15634
-18601
-12327
-2151
3195
724
-5260
-9633
-11628
-12717
-11799
-6699
1048
5207
1660
-5956
-9508
-5225
1802
3827
-1031
-6336
-4887
3089
10577
10772
3981
-3854
-7627
-7069
-5205
-3199
18
3812
4863
977
-4687
-5716
166
7289
8034
1844
-3542
-383
9807
17606
15980
7204
-511
-1789
1638
5146
6790
7693
8156
6583
2466
-1480
-1315
2441
4753
2090
-3177
-4876
-30
7301
10145
5900
-1274
-5144
-3386
1902
6595
8279
7597
5860
4296
3409
3162
3516
3859
3510
1994
143
-152
1543
3387
2642
-1096
-5007
-5681
-2783
350
946
-690
-2365
-2742
-2168
-1416
-699
138
698
732
537
649
1056
1009
171
-843
-1361
-1569
-1589
-1467
-1462
-1688
-2224
-2756
-2903
-2763
-2786
-3147
-3196
-2270
-435
1151
1126
-273
-1928
-2299
-742
1243
1701
104
-1854
-2340
-1341
-388
-595
-1444
-1774
-1205
-464
-101
-94
-275
-581
-1101
-1745
-2115
-1763
-493
854
1037
330
448
2823
5075
1747
-8560
-18973
-19822
-9562
2745
7161
2669
-4335
-8874
-11317
-12802
-10985
-3833
4646
7168
1403
-6118
-6820
-524
5233
3728
-3527
-8048
-3907
6183
13683
12718
4806
-3600
-7447
-6999
-4802
-1917
1957
5615
5561
619
-4544
-3692
3337
9463
7676
-19
-3902
1867
12702
18220
13414
3392
-3332
-3189
258
2965
4766
6728
8204
6386
1397
-2338
-1329
2956
4966
2108
-2066
-2044
3283
8645
8435
2464
-4231
-6274
-3116
1776
4988
5490
4438
2972
1635
961
1355
2366
2685
1413
-940
-2418
-1454
1332
3558
2936
-487
-4119
-5191
-3223
-344
785
-650
-2819
-3711
-3105
-1938
-1007
-160
579
517
-613
-1837
-2093
-1556
-1116
-1422
-1977
-2093
-1790
-1335
-1043
-1174
-1644
-2087
-2280
-1827
-953
-538
-800
-1161
-1066
-942
-919
-579
166
838
598
-656
-2029
-2372
-1666
-889
-659
-542
38
766
990
311
-705
-986
-329
492
706
379
220
829
1546
1066
-430
-1337
-660
949
2191
2987
4147
4736
1752
-6211
-14820
-16422
-8571
2192
6886
3272
-3429
-8083
-10517
-11984
-11001
-5453
2199
5529
1766
-4327
-5731
-1341
3107
2202
-2647
-5160
-1373
6392
11953
11215
5425
-845
-4100
-4178
-2959
-1078
2023
5203
5620
1924
-2686
-2975
1888
6499
5210
-1008
-4918
-1063
7533
12775
9977
2320
-3321
-3646
-580
2575
4953
6987
7964
6315
2424
-194
1378
5807
8062
5138
-295
-3154
-1179
2627
3545
253
-4537
-7135
-5856
-2264
819
2165
2003
1432
1019
687
750
1148
1832
2289
1795
994
1181
2738
4293
3837
876
-2931
-4911
-3932
-1327
449
-156
-2178
-3687
-3868
-3188
-2541
-2137
-1799
-1866
-2686
-3727
-4018
-2903
-998
391
752
95
-727
-731
79
983
1086
334
-379
-425
-106
-162
-1001
-1762
-1819
-1496
-1221
-1368
-1196
-402
-17
-321
-978
-1296
-875
-119
617
1428
2200
2432
2056
1134
320
147
353
724
982
1107
1080
697
127
-570
-1359
-1531
-504
1269
2972
4437
5833
6259
3414
-3771
-11473
-13331
-7299
1671
6099
3847
-1438
-6141
-9768
-12781
-12956
-8019
-673
2707
-477
-5539
-6319
-2127
1989
1465
-2582
-5043
-2456
3882
9654
11373
8912
4495
646
-1543
-2245
-1124
1718
4669
4925
1303
-2946
-3381
438
3868
2219
-3422
-7080
-4590
1926
6850
6876
3602
384
-1210
-1472
-432
2790
7626
10951
9877
5472
2160
2928
5989
6767
3228
-1762
-3736
-1856
560
398
-2518
-5885
-7815
-8305
-7371
-4875
-1407
1396
2107
1124
100
642
2669
4688
5310
4109
2357
1977
3696
5959
6106
3281
-605
-3051
-3501
-3008
-2587
-2162
-1675
-2208
-4020
-5669
-5439
-3373
-1444
-1235
-2224
-2613
-1918
-665
646
1523
1860
1335
284
183
1582
3380
3930
2901
1287
-37
-730
-1016
-1149
-1240
-1350
-1594
-1805
-1896
-2105
-2282
-2284
-1735
-730
-38
628
1796
3181
3934
3338
1694
244
-95
409
855
808
530
402
538
428
-538
-2159
-3236
-2635
-611
1294
1859
1697
2165
3293
3927
3307
2882
4584
6899
5911
25
-6900
-8922
-5056
-288
592
-2000
-4683
-6185
-8352
-11536
-12335
-8369
-2542
-489
-3850
-7987
-7561
-2703
1582
1683
-930
-2513
-791
3332
7469
9899
9846
7705
4187
208
-2784
-3108
-534
2445
2546
-1401
-6179
-6871
-2963
977
150
-4873
-8377
-6332
-642
3986
5307
4566
3802
3096
1973
1662
3990
8479
11382
10076
5931
2977
3970
6975
7972
4752
-982
-5376
-6340
-4446
-1988
-932
-1554
-3342
-5303
-6522
-6290
-4320
-1560
576
1339
1427
2109
3812
5750
6554
5528
3417
1958
2389
4582
6836
7156
5163
1772
-1532
-3625
-4186
-3588
-2976
-3137
-4055
-5041
-5154
-4103
-2682
-2027
-2309
-2920
-3163
-2514
-708
1731
3602
3866
2493
809
370
1401
2817
3410
2648
1110
-404
-1081
-787
-336
-490
-1763
-3310
-3783
-2704
-721
761
885
-185
-1384
-1803
-1418
-475
565
1168
953
-80
-1225
-1361
-90
1403
1619
583
-394
-102
1288
2206
1911
1119
767
1100
1664
2263
2912
3486
3560
2828
1504
265
240
1633
3167
2958
-67
-4378
-6943
-6496
-4753
-4148
-4743
-5066
-4860
-5684
-8209
-9610
-7364
-3425
-2003
-4792
-8354
-8126
-4109
273
2073
1736
1667
2414
3214
3541
3729
4300
4508
3500
1631
84
-86
1018
2028
1393
-1566
-5161
-6042
-3004
1487
3315
1301
-1643
-2421
-769
1344
2343
2574
2999
3124
2360
1643
2715
5800
8505
8043
4536
1127
490
2554
4734
4648
2341
-537
-2235
-2419
-2013
-1684
-1804
-2288
-2570
-2543
-2127
-1271
-331
465
692
390
357
1277
3210
4969
5340
4291
2698
1911
2235
2955
3384
3189
2728
2241
1362
-110
-1767
-2983
-3521
-3672
-3613
-3246
-2415
-1077
169
515
-116
-1203
-1927
-1891
-1342
-809
-719
-899
-825
-325
-110
-542
-1381
-2110
-2148
-1864
-1524
-895
-19
900
1155
481
-393
-572
249
1167
1332
751
-53
-433
-463
-661
-908
-936
-935
-1202
-1607
-1730
-1284
-486
-80
-135
-164
-64
257
732
1132
1578
1965
2159
2541
3190
3707
3628
2609
1324
644
739
1176
1391
1306
1072
905
815
682
239
-731
-2234
-3933
-5084
-5505
-5424
-4973
-4286
-3519
-3329
-3891
-4365
-4061
-3003
-1962
-1685
-2001
-2253
-2072
-1745
-1583
-1447
-1232
-906
-536
-93
477
1087
1544
1621
1239
589
209
289
655
909
934
946
1074
1423
1788
2175
2459
2304
1754
1127
846
994
1316
1335
1088
1174
1273
933
425
212
771
1511
1523
904
321
548
1094
1240
1162
1024
1141
1420
1643
1761
1752
1613
1180
572
60
-163
-58
635
1775
2618
2744
2105
1455
1273
1147
839
363
546
1595
2466
2548
1867
1329
1288
907
-34
-791
-738
-46
274
-213
-862
-1195
-1040
-862
-1100
-1696
-2426
-3032
-3560
-3964
-4309
-4580
-4654
-4513
-4022
-3172
-2405
-1989
-1680
-1536
-1319
-928
-528
40
650
1328
1851
1867
1479
887
428
378
592
698
652
584
520
298
-386
-1092
-1082
-514
159
358
155
366
987
1506
1304
538
234
555
1040
1149
714
399
552
1037
1422
1362
1283
1314
1129
352
-827
-1352
-841
-70
-6
-707
-1344
-1345
-790
-234
-133
-361
-641
-1013
-1421
-1601
-1351
-500
564
1242
1201
767
669
848
883
346
-413
-529
-255
13
53
-220
-211
148
391
264
-173
-778
-1607
-2327
-2704
-2783
-2735
-2664
-2118
-956
198
495
-72
-871
-1310
-1099
-659
-271
367
1059
1131
497
-102
363
1837
2855
2662
1748
1090
1063
1299
1423
1113
740
535
412
494
928
1631
1905
1586
922
222
18
342
763
978
1023
874
913
1445
1940
1822
846
-572
-1408
-1166
-361
364
809
853
518
-123
-910
-1228
-785
-180
-298
-1118
-1604
-1033
13
434
-255
-1345
-1777
-1422
-767
-242
110
234
5
-576
-1174
-1303
-1032
-764
-707
-719
-578
-190
235
611
764
464
-91
-605
-778
-737
-751
-888
-961
-748
-425
-66
142
210
393
495
460
192
-74
-29
87
313
591
1061
1564
1682
1366
674
111
-54
66
215
304
398
566
709
609
462
315
191
130
-23
-220
-447
-626
-604
-200
458
784
592
177
-219
-414
-552
-852
-999
-1018
-1007
-942
-889
-562
-243
-206
-285
-332
-175
179
445
475
329
262
505
970
1447
1562
1114
333
-297
-480
-379
-394
-644
-857
-967
-939
-581
-21
282
-15
-850
-1674
-1929
-1917
-2030
-2138
-1963
-1488
-1059
-810
-660
-474
-259
-220
-395
-378
43
668
1164
1324
1228
847
429
402
702
1050
1211
1175
1320
1663
1803
1719
1312
695
240
-258
-548
-255
394
994
1157
1001
663
361
121
-127
-60
99
42
-262
-675
-634
-269
-239
-507
-674
-423
-90
-109
-367
-621
-539
-336
-445
-755
-936
-722
-274
-109
-226
-436
-532
-329
-46
274
553
687
856
1107
1354
1514
1569
1647
1578
1205
870
658
557
730
876
680
457
370
248
152
-119
-509
-814
-1051
-996
-749
-584
-619
-790
-938
-861
-455
-89
7
-83
-123
-28
-134
-337
-210
274
649
661
442
350
628
922
670
0
-198
252
829
919
485
210
314
470
251
-341
-728
-622
-341
-208
-400
-684
-812
-835
-738
-539
-223
-18
-38
-325
-664
-729
-523
-155
-54
-438
-1066
-1344
-960
-103
595
688
436
223
419
609
473
363
309
232
-44
-426
-484
-184
113
55
-315
-610
-591
-618
-1001
-1433
-1653
-1597
-1442
-1528
-1657
-1540
-1340
-1138
-1092
-1142
-787
-208
300
587
682
705
579
556
503
568
807
994
1062
801
582
594
527
439
515
755
1063
1133
965
688
390
261
124
-69
-168
-117
119
341
549
786
901
877
696
420
193
137
83
-23
-236
-447
-388
-135
218
332
180
-72
-107
94
214
425
387
176
94
150
426
676
830
834
715
672
696
809
962
1042
881
550
418
534
726
735
391
-146
-486
-534
-411
-186
-70
-59
-104
-262
-416
-446
-339
-280
-486
-826
-1008
-984
-811
-550
-400
-356
-339
-318
-148
54
85
-8
-236
-510
-604
-434
-159
-57
-57
-118
-222
-199
-12
344
586
452
120
-204
-376
-316
-115
138
347
302
-24
-268
-132
81
-8
-290
-419
-226
5
7
-161
-298
-257
-215
-283
-231
82
466
725
685
347
153
284
510
644
461
154
246
506
356
-292
-1048
-1486
-1657
-1659
-1648
-1758
-1567
-1215
-1100
-1185
-1492
-1675
-1648
-1770
-1927
-1924
-1716
-1347
-944
-553
-181
143
417
646
799
900
983
1039
977
908
782
654
616
693
970
1049
1068
1168
1256
1288
1057
834
702
606
446
156
22
113
411
531
258
14
29
290
464
452
527
678
866
994
857
829
1059
931
488
110
-79
-19
67
139
237
492
548
274
146
31
123
181
-83
-218
-154
-20
-36
-101
15
343
598
546
448
372
292
154
-58
-130
-89
-91
-221
-325
-246
-131
-31
70
166
112
-91
-191
-271
-528
-963
-1294
-1323
-1113
-806
-631
-573
-580
-501
-318
-251
-118
73
247
340
189
68
100
224
280
233
245
346
493
544
465
262
40
-201
-387
-384
-338
-352
-392
-390
-331
-283
-354
-462
-599
-646
-478
-237
-11
210
450
806
1050
1006
862
735
833
924
958
934
841
940
841
595
441
426
682
866
728
214
-534
-1245
-1617
-1716
-1827
-1924
-2022
-2036
-1988
-1969
-2012
-1940
-1811
-1887
-2120
-2410
-2447
-2028
-1417
-1176
-1250
-1232
-895
-278
109
269
520
870
1089
1189
1347
1534
1736
1718
1471
1289
1206
1087
943
830
570
320
218
182
334
381
217
-85
-377
-274
-200
-261
-263
-216
28
280
479
566
644
843
1006
1055
1017
904
790
847
905
989
1007
757
505
472
540
513
340
185
234
221
79
15
103
243
274
0
-304
-216
52
322
504
666
800
925
1037
1030
922
695
465
185
62
80
93
146
-17
-270
-433
-564
-688
-745
-838
-1134
-1364
-1453
-1428
-1184
-1011
-1025
-999
-894
-718
-483
-356
-257
-196
-134
74
193
328
498
624
543
265
190
273
441
435
294
160
-73
-109
-55
-71
-51
-101
-292
-463
-574
-564
-527
-694
-777
-641
-363
-186
-112
67
271
493
535
541
662
860
1126
1247
1313
1408
1478
1439
1396
1233
1029
923
816
739
493
233
97
81
-41
-604
-1403
-2137
-2557
-2840
-3188
-3163
-2797
-2513
-2562
-2708
-2565
-2286
-2097
-1984
-1895
-1761
-1511
-1175
-851
-525
19
479
649
810
940
1175
1422
1425
1447
1535
1475
1329
1264
1267
1077
812
524
140
34
-11
-170
-179
-61
-11
-135
-213
-190
20
187
38
-85
-104
38
327
567
836
1200
1468
1601
1677
1721
1826
1843
1595
1169
813
741
760
699
579
314
110
-24
-216
-294
-362
-369
-397
-440
-357
-251
43
234
260
384
472
552
699
884
1165
1416
1445
1552
1631
1535
1352
815
227
-172
-578
-916
-1095
-1226
-1208
-1155
-1372
-1669
-1848
-1861
-1966
-2233
-2394
-2395
-2207
-1876
-1463
-982
-527
-219
41
296
576
880
952
935
1066
1247
1431
1456
1324
1235
1027
623
231
-53
-174
-232
-395
-588
-687
-620
-414
-255
-234
-278
-310
-314
-506
-690
-547
-297
-11
294
702
1109
1279
1343
1361
1426
1476
1393
1268
1113
891
635
458
348
293
146
-66
-198
-421
-547
-481
-494
-480
-365
-371
-509
-686
-894
-1166
-1676
-2238
-2503
-2395
-1975
-1671
-1546
-1347
-1204
-1085
-1164
-1459
-1558
-1528
-1563
-1565
-1413
-1103
-672
-317
-141
-23
48
256
567
723
858
850
677
633
631
483
182
-132
-322
-328
-304
-300
-155
167
492
666
851
1067
1174
1162
1050
911
893
938
1038
1300
1608
1977
2341
2446
2484
2387
1983
1497
946
451
111
-136
-362
-419
-308
-262
-232
-342
-501
-502
-519
-399
-91
147
430
753
1109
1471
1544
1511
1552
1497
1352
1217
1227
1323
1379
1378
1120
844
685
365
-195
-991
-1645
-1966
-2140
-2272
-2317
-2133
-1800
-1529
-1351
-1173
-988
-943
-1000
-1154
-1203
-955
-802
-630
-339
-146
-16
-15
-155
-272
-270
-381
-519
-564
-485
-214
-60
-39
11
0
-130
-273
-419
-480
-412
-169
280
699
1143
1505
1724
1889
1816
1629
1398
1067
670
222
-139
-76
249
383
446
375
259
256
200
41
-93
-197
-338
-422
-587
-649
-437
-227
-182
-235
-215
-166
-15
195
379
507
493
627
641
371
144
-196
-757
-1547
-2351
-2730
-2567
-2131
-1843
-1744
-1533
-1255
-1136
-1278
-1363
-1148
-962
-980
-1330
-1509
-1099
-668
-547
-683
-741
-577
-415
-454
-562
-402
-124
-130
-294
-361
-332
-214
-205
-297
-290
-147
143
492
851
1282
1754
2031
2175
2331
2299
2159
1830
1423
1236
1107
1037
1094
1252
1523
1705
1624
1451
1216
978
697
292
-9
-180
-104
104
283
540
738
769
677
565
491
419
369
381
537
787
1018
1186
1272
1301
1066
620
238
112
164
100
43
152
464
710
683
437
194
58
-278
-801
-1240
-1362
-1153
-932
-930
-902
-588
-251
-364
-864
-1299
-1473
-1483
-1697
-1923
-1748
-1462
-1228
-1143
-1065
-748
-555
-732
-961
-924
-657
-335
-191
-167
34
233
254
267
228
98
-52
-248
-315
-73
350
763
1031
1192
1289
1414
1484
1296
963
565
334
207
98
212
420
677
945
1021
943
799
469
136
-118
-467
-627
-593
-543
-427
-409
-418
-352
-220
-105
-282
-503
-442
-114
275
572
807
1139
1418
1274
868
439
19
-783
-1916
-2659
-2744
-2277
-1769
-1493
-1273
-957
-750
-917
-1387
-1723
-1546
-1547
-1869
-1958
-1598
-873
-415
-359
-453
-380
-160
-47
-257
-499
-326
-124
12
-54
-77
-28
-219
-490
-825
-868
-748
-549
-75
637
1372
1892
2311
2351
2119
1844
1466
1154
931
872
934
1150
1522
1888
2143
2162
2053
1654
1111
775
554
413
288
279
381
443
478
393
56
-476
-801
-797
-753
-605
-184
483
1174
1593
1688
1605
1467
1048
320
-368
-700
-679
-419
-92
149
508
795
795
601
161
-272
-469
-705
-997
-943
-629
-302
-80
-63
-15
-54
-305
-658
-1050
-1110
-926
-589
-198
-82
42
97
-147
-564
-1074
-1346
-1573
-1787
-1692
-1306
-541
97
441
672
667
614
323
-107
-382
-566
-584
-535
-333
31
453
864
1041
1016
908
754
601
528
506
511
588
620
573
514
386
185
48
-56
-169
-139
70
311
456
558
633
564
440
214
-66
-202
-299
-291
-294
-349
-245
-45
175
310
357
503
719
786
664
478
216
-167
-643
-1343
-2032
-2343
-2462
-2452
-2271
-1852
-1379
-1116
-955
-1014
-1104
-1089
-1174
-1423
-1781
-1907
-1751
-1556
-1396
-1269
-1085
-869
-817
-784
-679
-645
-541
-475
-498
-621
-802
-751
-733
-784
-718
-363
111
447
914
1469
2087
2532
2550
2398
2247
2110
1905
1618
1438
1390
1385
1387
1368
1464
1682
1752
1588
1345
1258
1299
1275
1129
993
984
823
518
268
-36
-222
-330
-422
-353
-57
497
937
1267
1492
1501
1485
1297
935
442
-75
-244
-236
-121
134
342
708
996
968
893
660
407
123
-403
-746
-887
-822
-703
-805
-713
-522
-472
-438
-433
-471
-470
-393
-356
-392
-421
-403
-520
-803
-1104
-1379
-1582
-1805
-1958
-1916
-1713
-1310
-913
-676
-443
-324
-308
-392
-567
-743
-857
-798
-736
-579
-397
-146
259
503
579
596
845
1032
924
845
800
789
599
345
107
-142
-96
-46
-98
-2
236
482
583
547
514
559
497
336
121
-125
-164
-64
-10
0
21
138
201
215
310
424
669
900
917
842
674
490
173
-512
-1273
-1904
-2225
-2206
-2079
-1731
-1181
-527
-94
-38
-60
-222
-445
-760
-1165
-1375
-1554
-1635
-1512
-1381
-1206
-1007
-819
-872
-1075
-1203
-1322
-1251
-1175
-1052
-878
-879
-874
-806
-629
-431
-244
-44
194
600
1182
1798
2182
2349
2370
2203
1955
1667
1392
1151
946
861
840
979
1225
1444
1639
1612
1477
1354
1280
1309
1322
1223
1069
1039
1048
876
562
332
242
148
119
227
473
804
1039
1099
1125
1113
847
447
18
-330
-456
-377
-254
-22
415
837
1172
1257
1166
1012
671
167
-261
-512
-643
-687
-734
-715
-618
-519
-471
-560
-648
-697
-693
-613
-638
-575
-475
-498
-584
-781
-930
-1196
-1506
-1654
-1821
-1983
-1891
-1627
-1346
-945
-718
-641
-552
-509
-559
-794
-941
-922
-864
-787
-445
26
512
1012
1255
1386
1395
1428
1323
1015
637
300
225
45
-21
19
65
240
255
280
313
330
331
190
135
157
228
324
284
197
149
96
-44
-293
-331
-280
-332
-291
-161
143
506
695
737
676
595
401
92
-311
-826
-1256
-1502
-1534
-1357
-1039
-739
-473
-314
-271
-288
-388
-493
-745
-1127
-1351
-1491
-1595
-1564
-1511
-1381
-1328
-1241
-960
-773
-577
-415
-325
-235
-297
-434
-473
-471
-558
-624
-552
-378
-50
342
750
1174
1591
1942
2027
1963
1825
1583
1418
1263
1178
1213
1240
1275
1334
1457
1597
1735
1706
1571
1439
1357
1412
1391
1330
1111
811
613
248
-25
-206
-433
-527
-532
-345
-51
254
564
678
641
454
240
74
-132
-367
-534
-480
-321
-71
93
259
489
565
615
461
266
164
69
-91
-434
-525
-519
-581
-578
-737
-748
-563
-517
-475
-470
-380
-157
-83
-189
-285
-297
-411
-620
-946
-1084
-1058
-1260
-1377
-1308
-1141
-939
-774
-636
-534
-395
-296
-339
-457
-447
-390
-402
-335
-231
1
392
718
939
1115
1295
1407
1373
1282
1153
940
744
427
153
12
-91
-95
-145
-114
-31
136
375
411
405
394
357
326
220
141
82
15
50
62
34
78
102
45
-66
-63
14
19
-9
-64
-88
-186
-330
-503
-742
-946
-1162
-1274
-1249
-1088
-900
-726
-459
-283
-233
-283
-421
-457
-558
-930
-1309
-1560
-1708
-1737
-1767
-1740
-1568
-1384
-1270
-1118
-890
-711
-631
-649
-664
-685
-678
-611
-704
-660
-420
-136
254
562
861
1134
1346
1377
1285
1259
1212
1229
1153
1047
1170
1315
1502
1577
1537
1687
1803
1785
1748
1710
1780
2031
2056
1903
1845
1775
1627
1316
874
556
477
322
166
164
183
361
629
667
525
394
223
-35
-273
-408
-385
-388
-412
-250
-25
257
473
552
469
325
248
142
41
-119
-259
-376
-525
-565
-626
-716
-684
-684
-760
-814
-746
-698
-686
-630
-669
-680
-718
-832
-964
-1075
-1155
-1255
-1214
-1180
-1170
-1059
-1015
-932
-875
-856
-807
-791
-724
-786
-800
-643
-503
-285
-189
-133
84
242
384
464
567
672
621
673
695
637
644
555
371
149
112
206
172
213
284
407
609
673
713
695
659
579
435
376
322
367
427
473
536
540
645
638
516
439
349
313
144
-42
-61
-106
-244
-399
-481
-529
-461
-397
-359
-290
-256
-167
-117
-73
-169
-371
-526
-695
-861
-1171
-1458
-1660
-1882
-2055
-2061
-1985
-1878
-1627
-1484
-1381
-1177
-995
-871
-941
-1067
-1047
-1054
-1097
-1032
-860
-642
-311
50
404
734
859
930
827
597
473
424
404
385
466
619
945
1228
1421
1665
1782
1879
1844
1772
1795
1845
1843
1689
1602
1537
1526
1481
1295
1123
949
868
801
707
651
690
767
772
739
661
543
414
278
130
2
-80
-126
-171
-156
-12
178
381
494
518
515
532
477
273
116
-61
-208
-358
-549
-582
-620
-514
-367
-449
-488
-437
-403
-442
-623
-807
-865
-959
-1108
-1143
-1081
-1000
-914
-897
-839
-714
-635
-676
-731
-674
-703
-638
-535
-566
-579
-553
-400
-360
-375
-391
-500
-388
-309
-302
-190
-84
93
301
351
307
411
435
322
266
191
190
172
171
310
467
621
636
553
531
477
400
325
164
30
-60
-5
115
136
190
186
226
283
294
320
286
303
290
191
151
135
121
6
-168
-249
-348
-397
-475
-571
-527
-469
-499
-540
-562
-685
-760
-817
-951
-1046
-1089
-1096
-1102
-1066
-958
-885
-771
-679
-659
-643
-658
-639
-656
-703
-736
-706
-641
-636
-489
-286
-206
-143
-108
-37
106
239
326
366
454
589
751
892
1041
1164
1191
1255
1266
1266
1272
1246
1254
1217
1222
1233
1297
1333
1190
1040
889
765
736
708
521
448
505
584
674
585
605
577
540
539
370
370
406
255
170
147
60
153
143
-68
-162
-124
39
45
-19
60
95
30
-21
-10
-82
-192
-253
-319
-379
-387
-313
-232
-280
-385
-408
-481
-550
-628
-750
-707
-710
-706
-678
-653
-526
-446
-449
-471
-411
-393
-420
-452
-487
-423
-366
-358
-295
-229
-157
-155
-163
-96
-72
-59
-79
-98
-102
-86
28
28
49
172
153
214
299
312
326
316
302
310
357
307
321
303
261
310
183
156
184
24
-80
-130
-141
-106
-73
-14
-8
60
129
96
144
103
-8
-95
-208
-273
-283
-243
-294
-364
-363
-425
-441
-410
-509
-674
-707
-744
-796
-807
-921
-866
-814
-864
-770
-802
-828
-816
-806
-709
-643
-465
-271
-236
-186
-38
51
61
-18
-104
-89
-123
-58
141
220
294
435
604
666
740
804
730
774
785
775
835
890
981
989
1012
1155
1160
1142
1136
1094
1106
1063
1002
949
887
806
694
519
448
381
240
180
110
139
188
137
130
136
115
143
90
-10
-40
-34
-40
-78
-98
-105
-110
-131
-185
-201
-199
-254
-269
-265
-242
-163
-202
-236
-271
-331
-346
-446
-465
-454
-448
-440
-424
-240
-204
-256
-109
-84
-174
-198
-269
-345
-396
-459
-452
-424
-449
-377
-239
-226
-239
-118
-135
-191
-171
-287
-265
-125
-106
-90
-13
64
130
208
301
319
340
369
323
226
210
319
255
239
257
228
322
338
314
269
263
326
289
236
215
201
166
163
177
111
63
59
36
-5
38
22
-104
-132
-247
-283
-256
-376
-382
-464
-542
-567
-656
-731
-851
-838
-842
-928
-896
-893
-935
-938
-939
-888
-871
-935
-967
-1006
-998
-922
-870
-854
-786
-694
-638
-562
-494
-417
-349
-272
-148
-23
121
223
325
412
435
477
547
612
653
679
666
744
877
950
1020
1015
1033
1041
984
984
947
1006
1079
1116
1157
1156
1175
1224
1235
1117
1059
998
933
834
720
683
576
520
456
273
226
133
-27
-38
-164
-208
-189
-237
-224
-268
-253
-209
-225
-185
-195
-294
-309
-248
-276
-389
-468
-492
-506
-504
-488
-476
-384
-378
-442
-401
-404
-431
-467
-593
-613
-553
-495
-444
-376
-311
-285
-189
-106
-83
-138
-137
-161
-240
-214
-170
-171
-150
-102
-104
-81
-64
-61
-50
-80
-44
8
-7
41
106
73
120
209
221
270
251
233
268
241
275
362
350
309
315
259
238
235
261
293
286
253
250
331
207
176
278
143
87
118
48
77
70
-29
8
-7
-37
-94
-237
-303
-452
-589
-625
-724
-745
-757
-832
-813
-808
-777
-768
-866
-902
-971
-1043
-993
-987
-1024
-1019
-904
-800
-821
-749
-712
-781
-737
-659
-637
-581
-535
-422
-238
-181
-18
193
276
374
382
446
627
662
695
794
892
982
1022
1064
1120
1130
1097
1142
1156
1076
1100
1153
1157
1144
1100
1102
1084
987
962
955
874
737
681
627
554
541
418
366
309
241
267
144
81
23
-50
-63
-203
-198
-198
-314
-356
-370
-296
-217
-254
-256
-184
-150
-200
-280
-215
-201
-289
-276
-213
-187
-245
-237
-190
-237
-219
-160
-176
-159
-160
-192
-135
-101
-110
-61
-99
-144
-146
-217
-210
-151
-133
-191
-136
-54
-75
-14
-34
0
7
-76
-78
-178
-169
-142
-254
-220
-147
-110
-67
-65
-12
31
64
102
43
16
4
-11
-57
-125
-62
-46
-136
-93
-76
-136
-63
-31
-81
-96
-88
-74
-111
-115
-134
-228
-233
-297
-394
-351
-344
-424
-408
-346
-373
-400
-374
-344
-399
-448
-433
-465
-466
-504
-605
-541
-463
-542
-558
-489
-492
-449
-327
-310
-323
-230
-164
-167
-159
-105
-60
12
61
78
234
271
308
416
408
521
637
642
646
685
753
784
790
863
879
870
898
876
878
866
934
925
849
904
872
852
843
727
655
614
538
491
476
422
405
371
298
289
248
192
83
-31
-29
-101
-96
-118
-217
-189
-219
-218
-223
-267
-278
-393
-379
-329
-397
-336
-288
-276
-251
-222
-163
-192
-192
-174
-221
-240
-200
-154
-144
-172
-148
-7
-7
-39
29
10
12
-3
-29
-7
-31
16
25
-78
-97
-31
-11
-79
-58
-63
-87
-12
-46
-48
-7
-46
-100
-96
-109
-213
-201
-170
-192
-162
-127
-12
2
-68
-59
-94
-90
-88
-140
-163
-160
-133
-143
-154
-66
15
-3
-41
-58
-98
-61
-48
-110
-148
-106
-93
-193
-194
-212
-312
-336
-375
-408
-373
-372
-430
-443
-344
-284
-348
-408
-416
-460
-564
-615
-614
-611
-605
-647
-617
-453
-419
-451
-386
-341
-279
-296
-321
-240
-250
-218
-146
-103
26
102
164
249
300
393
425
420
519
612
630
630
701
793
801
849
853
831
850
799
791
793
775
785
760
758
754
734
724
611
458
421
415
278
208
239
191
219
267
265
249
205
194
118
79
100
-25
-102
-116
-150
-136
-107
-92
-120
-158
-159
-108
-156
-225
-183
-170
-181
-178
-184
-208
-135
-146
-164
-80
-65
2
-69
-118
-17
12
-26
-124
-104
-55
-144
-155
-158
-180
-163
-189
-173
-177
-221
-250
-204
-192
-258
-203
-144
-168
-177
-166
-166
-164
-188
-252
-202
-162
-202
-195
-207
-170
-95
-87
-67
-65
-58
-81
-131
-115
-114
-100
-127
-109
-19
-29
-43
-20
9
18
-8
-67
-65
-67
-159
-142
-164
-180
-144
-196
-175
-201
-219
-207
-266
-247
-236
-270
-270
-276
-290
-314
-313
-301
-330
-367
-353
-336
-381
-348
-327
-333
-260
-226
-190
-142
-119
-94
-31
28
5
47
119
139
167
158
172
279
320
322
356
381
431
433
391
430
495
449
429
478
464
476
467
449
446
350
424
498
359
376
474
469
473
427
419
477
415
307
250
256
212
151
147
130
154
186
192
155
87
76
43
-28
-47
-48
-18
-25
-107
-74
49
93
85
43
40
45
-4
19
-49
-108
-68
-98
-89
-73
-134
-166
-138
-194
-199
-142
-170
-227
-210
-195
-216
-147
-113
-148
-191
-188
-122
-164
-242
-193
-145
-193
-216
-170
-191
-161
-159
-225
-154
-178
-226
-139
-170
-170
-142
-167
-41
-2
-103
-65
1
-37
-30
-40
-44
-53
-136
-128
-89
-57
-57
-100
-47
-52
-1
45
-40
-5
-64
-61
-33
-90
-71
-118
-79
-56
-36
26
-44
-43
-32
-18
-66
-137
-93
-133
-214
-242
-184
-179
-209
-175
-131
-140
-105
-32
-96
-100
-52
-55
-70
-107
-59
-16
-57
-20
52
94
134
135
118
117
121
119
136
168
139
160
188
226
303
236
225
314
315
274
290
308
296
298
348
346
331
303
219
193
126
173
183
108
149
192
222
259
271
192
146
171
94
-16
0
5
-43
5
60
87
124
101
89
84
66
-5
-34
13
-91
-33
67
-2
83
48
-7
35
-86
-106
-115
-172
-146
-202
-154
-73
-130
-80
-25
-81
-171
-151
-119
-248
-269
-181
-222
-205
-98
-112
-121
-136
-151
-166
-238
-197
-211
-266
-173
-135
-127
-16
52
24
28
39
34
-37
-81
-32
-85
-40
87
104
135
172
247
270
158
182
217
81
63
58
21
86
52
85
162
81
96
111
40
-34
-37
14
-57
-97
-83
-46
-29
-67
-104
-59
-33
-137
-123
-66
-25
-111
-137
-27
-15
-1
-78
-116
-85
-149
-136
-109
-151
-79
-49
-81
15
58
22
20
-33
-49
3
-7
-52
-107
-57
0
-26
49
60
3
30
44
22
25
39
2
36
17
6
56
12
-10
-35
-19
-1
-33
-25
40
54
19
52
110
103
36
63
50
-27
-32
-45
1
0
-20
106
80
74
163
129
148
88
38
133
77
17
41
52
83
91
51
71
124
69
37
24
41
59
11
56
71
45
54
7
27
16
-4
-28
-82
-33
-21
-7
6
-44
-75
-54
-74
-129
-127
-244
-293
-231
-226
-145
-155
-157
-69
-104
-88
-34
-53
-127
-176
-140
-112
-84
-121
-141
-81
-22
21
-17
37
64
-46
-9
94
77
103
101
54
160
161
151
152
117
212
167
159
174
137
239
163
108
205
181
139
101
105
81
73
80
27
28
19
46
24
-75
-70
1
-15
-87
-74
-50
-75
-46
-63
-62
-24
-91
-69
-58
-59
-41
-96
-92
-123
-84
-43
-144
-100
-82
-147
-103
-66
-37
-63
-108
-38
-29
-34
-21
-100
-104
-64
-86
-72
-58
-76
-66
-11
-19
-56
9
27
-42
-88
-54
0
-66
-131
-88
19
-25
-84
27
0
-23
7
-1
-24
-34
19
-37
-66
14
20
-16
27
64
60
58
17
59
92
42
44
89
71
63
95
66
89
79
39
78
92
66
45
55
70
113
54
60
85
-20
24
27
-27
-27
8
5
-30
106
65
-6
64
20
40
25
-46
-22
-51
-55
-5
0
27
17
13
8
-5
35
-24
-84
-30
-25
3
34
57
103
74
126
179
117
65
48
43
43
19
0
43
91
39
50
95
76
77
-8
-32
-39
-36
5
-85
-61
13
18
26
-13
-11
20
-51
-92
-73
-107
-76
-63
-107
-73
1
9
-83
-40
-31
-119
-106
-107
-116
-130
-99
-43
-39
-35
0
6
-25
-22
-54
-63
-81
-84
-5
-58
-48
40
40
53
48
12
6
-38
-101
-29
-41
-97
-50
-48
-4
42
33
38
-10
-50
-37
-31
-51
-76
-83
-84
5
90
77
68
39
33
99
58
-13
10
-44
-61
5
39
79
76
58
61
98
105
76
81
4
-53
80
114
62
71
79
117
110
86
52
15
3
-40
-69
-4
8
8
50
12
53
98
40
28
-13
-29
-44
-106
-38
0
-37
12
39
16
20
-20
4
-39
-127
-88
-103
-93
-31
-27
-23
23
51
69
73
33
32
-34
-78
13
21
-12
-28
22
79
27
60
113
55
39
42
16
55
33
-4
34
-13
35
81
28
77
56
16
75
97
43
35
8
4
-3
-126
-62
-16
-120
-70
-102
-131
-35
-48
-67
-88
-107
-50
-48
-72
-61
-71
-55
-62
-69
-61
-58
-45
-152
-178
-90
-68
-75
-131
-93
-41
-31
0
-25
-24
-99
-72
-9
-87
-71
-60
-43
-24
-4
8
22
24
-43
-37
-46
-76
-76
-122
-134
-17
-17
-35
41
8
73
109
56
43
26
53
3
8
55
-10
-9
84
102
53
91
80
36
73
104
114
67
73
135
126
121
149
162
81
95
124
45
89
58
23
35
54
115
61
26
25
23
27
-33
-25
4
-17
0
-23
17
37
-9
17
25
-50
-107
-42
-41
-93
-100
-94
0
-22
-51
11
-40
-40
-35
-49
-9
-28
-8
-24
-7
42
14
83
20
-58
-17
-23
23
-59
-91
10
5
38
53
-5
42
29
-34
28
-35
-68
20
-4
-15
43
58
93
78
-21
21
42
-48
-96
-94
-68
-31
-44
-37
52
52
64
54
39
24
-35
2
-42
-85
-51
-36
-11
-18
-45
2
41
-38
-59
-26
-52
-65
-87
-11
33
-16
1
50
34
-13
36
-47
-103
-28
-96
-76
-46
-88
-39
-36
6
15
-13
-24
-65
-20
-27
-26
25
10
10
25
50
69
33
-23
-89
-62
-24
-120
-127
-71
-72
-35
-15
8
79
93
-18
-31
89
109
22
-4
32
89
64
21
111
107
43
14
27
85
64
16
13
8
54
87
70
94
40
27
105
111
81
96
90
56
75
39
60
89
-33
-72
-44
-32
-16
-45
-44
-56
-39
53
-4
-38
24
-23
-53
-48
-24
-39
-46
-22
-70
-67
15
-14
-82
-88
-105
-46
-79
-118
-32
-67
-57
8
-13
21
0
-1
78
0
-55
34
63
17
15
58
58
17
-30
-42
-10
-25
-56
-102
-78
68
36
25
120
50
124
129
29
56
-12
-67
-77
-53
12
-12
-43
-24
6
29
29
-5
-58
-37
-50
-71
-24
-36
21
26
8
85
52
44
19
-19
1
1
9
3
-18
20
49
15
26
-28
11
-4
-80
16
-39
-19
80
98
125
92
111
153
78
-2
34
25
-72
-64
-53
-45
21
2
9
38
11
23
1
5
6
-76
-19
-2
0
-3
-64
34
2
-55
-37
-25
-34
-76
-19
-39
5
78
11
17
11
1
38
-44
-75
-33
-5
2
-33
3
54
104
103
44
37
35
-13
-61
-24
23
-45
-97
-11
61
1
6
55
-53
-20
48
-23
11
-35
-56
39
43
34
19
-22
-63
-90
-96
-59
-52
-103
-80
-34
40
73
47
69
66
53
-34
-30
-3
-127
-92
-8
-65
-75
-5
39
8
-19
-28
-9
41
-13
-28
4
-7
39
51
27
44
63
-42
-72
-11
-40
-13
17
-41
18
81
62
123
43
26
50
-27
-22
-46
-31
-13
4
62
71
89
137
121
68
56
34
3
-8
-26
-57
-65
-27
-4
40
50
12
9
20
38
7
21
48
5
-21
-21
33
9
-46
-39
-87
-94
-55
-72
-117
-84
-17
24
17
7
76
46
-40
-21
-12
-39
-56
-138
-105
-1
-50
-59
40
88
44
21
20
27
8
-61
-39
-17
-41
-24
-11
39
51
55
85
58
70
51
29
0
-5
37
-10
20
72
36
28
0
4
78
-25
-52
18
-53
6
30
17
71
65
74
41
46
46
-39
-74
-37
-66
-108
-12
2
-8
-16
6
102
22
-4
-16
-36
-22
-110
-42
-37
-40
15
9
43
20
38
66
-5
-63
-40
-27
14
-40
-69
20
0
48
50
6
19
-21
-37
-95
-19
14
-39
17
4
60
77
58
68
-61
-63
-13
-107
-110
-141
-123
-25
-12
35
27
81
89
-5
58
18
-76
31
13
-80
-31
25
60
20
21
71
21
-38
-38
-69
-10
62
6
26
47
91
133
72
11
-21
3
-44
-69
-64
-92
-9
23
24
96
111
51
-8
-69
-53
-41
-119
-85
-95
-124
-29
-30
28
52
-14
40
-44
-84
-47
-101
-60
-56
-55
6
29
-1
16
28
-22
-27
-16
21
-14
-78
-77
39
81
52
106
4
7
39
-54
-11
31
0
-15
35
87
78
109
72
48
91
22
15
-53
-104
-66
-86
42
106
-5
14
102
69
67
70
18
37
-28
-48
-12
-15
-10
-86
47
62
-39
14
-56
-26
-17
-24
50
19
46
8
4
75
88
60
-38
6
15
-41
-54
-77
-20
14
13
15
21
-2
3
64
31
14
64
47
-23
6
69
35
16
-3
-7
20
-48
-55
-51
-79
-25
-4
38
-15
-75
29
15
-7
35
-12
-26
-55
-74
-43
-26
-51
-48
-30
-54
-6
-12
-43
-12
2
20
21
1
0
-60
-36
33
-31
-22
-5
-19
29
32
11
54
124
83
46
74
28
33
13
-14
18
39
3
-33
39
16
-4
104
72
-15
9
49
18
4
-6
-9
32
-31
24
55
-79
-19
34
-25
-50
-33
-11
-29
-85
-133
-15
60
-49
-63
-24
-15
0
1
22
-36
-57
-1
-16
-13
-59
-30
13
-28
2
-9
47
65
-45
-7
25
37
75
-2
-67
17
74
20
40
33
12
34
35
36
-8
-20
40
28
-68
8
68
30
4
-54
64
33
-39
15
-55
-92
-37
9
-34
-44
3
-18
-1
35
-6
10
-23
-44
-26
-66
-34
-6
-40
-80
-30
50
24
-18
-40
-13
-1
-3
32
-14
-23
-1
8
45
36
41
-18
-3
38
-10
-11
19
-6
-45
6
39
65
1
-50
51
51
35
6
-37
47
23
-44
-14
14
7
-54
-43
-14
-31
-37
-12
-18
-23
33
69
0
-57
51
46
-40
-91
-75
-32
-54
-59
-71
22
23
39
99
52
63
6
14
10
-93
-64
-38
-72
-44
22
29
63
124
36
61
114
32
10
-11
-22
24
30
43
56
54
77
69
70
23
-31
-33
0
29
-3
-2
101
104
56
114
96
23
-14
-51
-119
-134
-77
-73
-104
-44
12
13
44
43
2
-66
-79
-38
-121
-150
-100
-105
-93
-47
31
14
-9
15
-24
-30
-5
-20
-18
-9
-33
-31
33
72
34
-13
-43
29
40
-37
-16
-6
37
57
54
91
69
58
25
-20
-33
-43
-38
-37
-59
-80
-9
65
57
31
17
69
48
-23
2
-17
-1
14
-3
-14
-3
68
43
-33
-65
-8
9
-37
-12
-17
-20
33
19
59
98
-17
-28
-27
-93
-49
-60
-119
-64
-60
-75
20
59
9
-30
-10
47
-5
-34
-21
-68
-51
3
34
40
41
21
53
67
48
48
8
48
53
0
20
55
57
67
64
22
0
30
-2
-102
-47
22
-26
-72
-4
75
54
19
-13
8
18
-11
-96
-110
-104
-129
-7
-2
-20
29
18
39
18
3
31
-46
-69
-15
-17
-39
-18
96
62
18
81
34
25
-62
-73
-20
-47
-12
-41
4
32
31
25
-45
11
4
-42
-53
-107
-25
12
5
111
99
38
21
11
37
11
-76
-84
1
20
-14
13
55
106
72
27
104
48
20
-11
-55
39
26
22
28
-37
-40
-8
-17
-46
-48
-43
-71
-29
-14
-47
-3
-39
32
-13
-89
16
-37
-49
-96
-41
51
-24
-13
-18
0
42
65
45
31
36
36
32
-5
60
76
-2
-25
57
129
19
-27
51
51
47
29
7
20
12
24
20
51
39
-45
-37
-36
-40
-36
-41
-44
-34
-6
-27
65
58
-50
8
19
18
-35
-56
-30
-62
-1
22
-34
-47
35
-11
-46
32
55
78
27
-13
15
79
1
-62
-37
-80
-68
-76
-43
23
-29
-11
53
70
57
29
32
-50
-33
43
12
26
-31
-57
40
-26
-48
54
-41
-81
1
52
116
74
55
69
75
93
21
3
-31
-95
-41
-56
-83
28
5
-81
1
-3
-9
18
-44
0
5
-32
31
-24
-72
-29
-71
-47
-20
-74
-29
-1
-2
3
-13
64
71
45
-16
-59
44
25
10
36
26
57
10
-21
-21
38
70
15
35
72
92
45
23
51
-8
-44
-57
-72
-46
-106
-38
49
22
104
112
66
-30
-39
27
-42
-34
-15
-11
33
-27
22
86
13
1
-48
-38
-75
-78
-1
-33
37
113
87
102
69
-8
17
-13
-44
-60
-105
-70
-56
-24
-20
-14
32
74
78
-30
-41
20
-8
-18
-35
-26
0
-30
2
14
12
75
56
-16
5
38
-29
-50
5
1
39
64
26
72
32
23
22
-36
-33
-90
-37
3
-23
27
47
95
111
47
17
-22
-81
-89
-96
-75
-26
-47
-46
28
52
26
-30
-84
-17
0
-38
-34
-13
48
61
72
43
-1
-1
-40
-95
-139
-77
-43
-19
26
39
107
105
42
40
66
25
2
-44
-17
10
0
24
1
42
15
3
-3
-10
-30
-99
3
30
-7
68
41
-15
94
91
0
7
-7
-8
-57
-61
-52
-78
-57
11
59
25
38
50
57
38
-39
-17
-27
-79
-45
-37
0
-26
2
85
4
41
19
-51
-51
-81
-67
-85
-21
24
-31
-14
24
35
-19
-35
-14
-57
-19
3
-42
-2
26
76
58
5
24
31
50
-53
-82
-7
35
37
4
16
29
69
42
52
68
-3
-5
13
15
-4
-13
6
-23
-36
29
58
-30
-31
6
-49
-10
-4
-36
6
-25
-24
19
23
29
-13
-57
-25
10
-16
-37
-31
-11
19
56
70
68
60
-20
-44
-8
-50
-65
-3
-6
-46
4
47
59
67
42
8
-7
32
19
-48
-65
-7
47
33
24
-38
-20
-10
-86
-27
4
19
40
-15
28
65
48
50
48
17
-60
-39
-44
-53
-13
-27
-6
35
33
-29
7
34
-38
3
28
9
-12
-32
-4
-29
-28
4
18
0
-59
-43
12
2
-5
35
-6
-19
12
6
16
4
50
32
28
46
-19
-43
-4
13
-26
-32
-17
29
41
52
20
7
64
12
-25
-23
-53
-41
-24
-14
26
-23
0
15
-70
-14
-35
-54
-6
-89
-69
23
31
20
-25
-9
24
-55
-31
0
-58
-85
8
42
-59
-1
37
9
4
12
12
-16
6
11
0
-8
-13
40
16
-42
26
56
39
32
73
47
14
52
-22
-8
-28
-57
-3
-11
18
17
32
46
75
70
-37
-4
4
-14
17
-14
14
40
4
-15
13
33
-9
-96
-102
-27
-15
-27
1
34
54
53
17
16
26
-47
-71
-34
8
9
-62
-23
-14
-8
24
-21
-1
-36
-70
-4
-34
-29
48
36
9
4
-17
-29
7
-15
-72
-25
-25
-21
8
-50
-49
-27
21
-2
-25
48
11
6
0
-28
50
56
-37
-48
-17
-23
9
20
0
38
85
54
52
55
-3
17
-24
-28
54
25
0
8
66
44
-9
99
65
-20
46
21
-20
-17
2
29
32
41
11
25
35
-7
-8
22
21
0
0
-30
-7
28
-13
-44
-1
68
66
-5
-62
-5
12
-20
-3
-55
-65
-13
-53
-94
15
14
-47
-2
-80
4
35
-83
-57
-83
-25
-19
-12
15
-66
-4
12
0
-34
-51
-23
-109
-46
12
-36
3
33
46
82
50
74
111
22
-60
-60
-17
-11
-33
-31
40
73
38
75
58
-8
54
56
-51
-36
17
-25
-5
28
81
123
52
69
12
-81
-52
-25
-29
-89
10
79
12
70
60
58
110
58
-35
-45
-30
-111
-84
-29
-2
44
10
47
28
-30
-43
-60
13
-32
-101
-25
-39
-30
5
4
54
8
-46
15
-24
-117
-74
-73
-73
14
-3
-16
26
25
51
68
51
41
12
-53
-39
0
-31
-21
-15
-10
52
104
60
10
8
16
37
-42
-71
-64
-32
37
-4
22
66
45
46
65
21
-44
-13
-42
-48
-47
-36
32
33
32
37
92
39
-24
36
4
3
19
-27
-29
-26
13
57
-13
-14
19
13
31
-7
37
16
-33
57
16
-33
-20
-35
-26
6
22
23
13
-12
8
40
-7
-65
12
9
-81
-15
48
61
18
22
104
25
-39
6
-4
-62
-82
-1
20
34
53
12
79
45
-46
-5
-52
-79
-75
-112
-27
17
-6
23
9
32
80
35
-34
-35
-9
-76
-93
2
67
-7
-75
10
33
-8
-39
-25
0
22
49
-2
-3
37
1
-4
24
11
34
-6
-79
-9
20
3
65
-2
-19
22
-28
-1
-25
-31
49
50
-7
19
22
-37
-12
-4
4
-23
-33
20
-24
-3
28
0
35
58
10
-37
11
23
-33
-22
16
60
-8
-92
11
25
-5
11
-17
21
19
0
-29
-17
0
-52
-3
8
-10
34
28
20
66
39
27
23
-89
-75
0
-27
0
40
53
74
68
39
0
2
-18
-25
-84
-78
26
-15
14
40
83
131
-13
-49
-41
-94
-82
-32
-10
9
38
36
26
9
23
-49
-87
-46
-109
-111
-66
-56
-16
41
76
77
40
11
-24
-62
22
49
6
2
-40
8
69
-20
-40
14
-3
-15
-8
-6
18
42
26
56
47
50
44
-41
24
7
18
109
47
-14
-24
-9
10
8
-37
-54
-14
-18
-10
20
16
51
60
-42
-35
89
10
-66
-44
-76
27
29
-79
-44
-29
-7
17
6
16
22
-52
3
61
-27
-10
-57
-110
-55
-3
19
31
57
24
-4
31
46
-65
-74
16
5
14
-17
9
40
43
90
50
39
-30
-60
-36
-68
-29
30
93
71
52
90
18
0
13
-30
-11
-46
-61
-20
-20
-22
27
70
0
-29
6
-1
-23
-27
-24
-11
16
-3
-41
-40
-40
-41
-16
-9
-64
-63
-20
5
36
-18
-23
16
-16
-43
-66
-5
32
0
15
35
45
14
-16
1
8
3
28
14
-4
-16
4
74
42
28
-6
-40
65
29
-44
6
26
56
28
27
83
24
4
50
6
7
19
-7
-35
-61
7
-14
-43
-44
-56
14
23
32
39
34
50
-22
1
53
-43
-63
-13
-2
-12
-11
-1
-2
-11
-17
-26
-13
-7
-42
-11
16
20
18
-22
51
59
-24
5
17
-1
-33
-28
33
-11
2
86
12
-46
-31
-26
-9
-16
1
79
72
37
48
11
2
0
-12
4
-61
-52
-9
-40
-45
-44
3
60
-9
-21
-20
-124
-39
-15
-64
-8
66
67
9
22
-49
-24
43
-41
-78
-24
21
-4
-27
-32
37
63
83
103
7
17
29
15
0
0
67
57
32
36
55
47
5
15
12
-30
-9
-42
-67
-23
-15
25
68
34
42
52
-11
37
23
-63
-52
-94
-44
10
-55
-32
19
52
17
-24
-49
-90
-61
-79
-77
-23
-15
-50
-39
29
5
9
-16
-49
-6
-61
-58
-42
-34
5
42
65
44
92
27
-18
42
-17
-14
-6
-22
64
79
17
53
70
41
57
35
70
33
-38
7
26
2
-16
-11
18
47
21
-14
7
-35
-84
-12
-2
24
28
0
5
-7
-23
-6
17
-27
-35
-37
12
-36
-52
1
-63
3
58
17
-23
-12
-18
-97
-102
-14
21
3
6
8
32
34
13
-35
-27
15
-22
-31
-25
-17
21
-6
-8
96
71
42
104
37
-34
-14
-15
-3
81
69
9
2
4
35
10
-69
-68
-44
-56
13
-1
-65
-44
-47
-12
23
78
25
-77
-50
-89
-26
20
-71
-18
-42
-34
88
2
-15
-41
-42
59
28
6
-25
8
15
16
53
20
43
69
10
5
62
8
6
-1
-19
5
-9
48
2
-22
94
-2
-40
43
3
37
58
26
3
17
32
3
-7
-14
-10
-12
-33
-49
-40
-25
-41
-46
18
-16
-36
25
-50
-44
-35
-83
-23
-51
-70
-30
-41
-5
-18
-100
-50
17
-47
-86
-38
1
16
-10
-21
68
94
81
100
54
21
7
13
-21
-46
-21
11
95
19
-41
91
102
75
66
-10
7
-18
-60
-5
19
52
36
22
70
53
7
-8
-7
-36
-71
-51
-53
-77
-47
-20
34
114
37
-2
-16
-59
-42
-44
-59
-39
15
-51
-36
35
4
-3
-9
49
-20
-128
-98
-67
-41
-73
2
-3
11
102
24
61
28
0
42
5
-3
-13
9
27
44
47
92
69
-3
34
-17
-56
-27
-29
-26
-35
-16
10
39
54
74
95
32
-22
-74
-42
-13
-50
-38
-72
12
48
-32
2
7
-39
-58
-46
-10
-30
-91
-67
-42
10
112
129
96
31
58
79
-6
-42
-35
-42
-54
-61
-67
-14
47
1
-17
85
86
0
0
-15
-31
-51
1
66
56
136
94
-2
77
47
-17
-52
-103
-102
-128
-106
-37
32
-6
38
170
75
50
27
-8
4
-119
-96
-9
-41
-27
-20
-25
26
12
-35
-31
-75
-65
-54
-50
8
13
43
44
32
57
17
-9
37
-40
-75
-1
-12
16
35
85
118
61
31
11
8
-34
-58
-28
-17
-6
6
8
24
56
59
64
51
6
-3
-49
-54
-35
-3
71
42
39
10
-22
14
18
-15
-63
-51
-82
-81
-27
-47
38
130
103
79
48
60
12
-79
-46
-58
-63
-29
-64
-114
-104
3
97
106
20
-54
-63
-30
-16
-60
-14
95
107
75
75
57
92
37
-24
13
-44
-95
-109
-134
-100
10
58
49
71
58
9
4
-2
-18
-40
-20
-15
-15
15
-3
-18
17
62
-41
-73
-56
-60
-42
-52
59
54
3
96
99
58
52
87
41
-72
-54
-12
-1
23
6
-28
-3
44
58
-13
-55
-38
-38
-42
-1
41
-19
-75
13
106
58
36
-3
-45
-7
1
19
4
-22
-22
5
88
38
-19
-1
-2
-15
-34
-27
-73
-50
-26
-26
6
-14
0
54
21
-13
28
-30
-84
-22
30
21
8
-11
-18
52
47
-18
-12
52
22
21
38
-26
35
60
20
16
80
64
-23
2
-40
-46
-24
-7
37
-33
-17
4
-45
-57
-8
64
-50
-49
28
-4
64
33
-68
-56
32
10
-49
56
24
-62
19
23
52
45
-80
-38
11
-7
-95
-108
-4
-7
-27
-2
81
50
-9
19
-34
-21
36
-31
-40
71
71
24
23
8
22
50
1
-79
-22
29
11
10
33
32
70
86
7
54
15
-40
-34
-54
-48
-47
-9
-38
-4
40
-10
-18
-36
-42
-3
-19
-51
-21
10
35
56
59
-21
-24
63
52
0
-44
-20
-20
-68
-41
-44
-52
-30
-16
14
32
-8
-101
-25
27
4
60
6
-22
8
1
1
-31
-6
32
52
70
5
2
27
13
75
113
19
12
68
13
-20
-32
49
84
36
26
-48
-14
-17
-94
-35
-35
-28
-40
-82
-13
11
0
-3
9
3
49
4
-141
-61
-33
-42
64
84
27
-16
29
52
58
0
-86
-19
33
19
-8
-52
17
104
45
26
28
-42
-9
13
-84
-77
-8
34
35
13
52
37
2
-2
-9
-4
-33
-68
-24
10
14
37
46
66
34
45
47
-5
13
-38
-69
-44
4
53
-61
-103
52
57
-18
13
-6
-13
17
-21
-2
-13
-25
-2
-21
5
-31
-24
-45
-67
7
-22
-3
-35
-24
40
-35
6
19
-44
-18
27
27
-47
-60
38
60
15
31
32
58
96
42
13
1
26
52
17
30
35
18
0
15
49
7
-23
-25
-62
-77
-14
-6
-38
28
27
-17
44
39
-40
-86
-83
-32
-59
-103
-111
-102
-30
18
57
67
29
22
51
69
12
4
32
45
51
-24
-9
26
-18
32
50
-30
-66
-77
-13
-19
-58
-5
-31
30
4
-41
33
-63
-33
40
5
-7
-62
-46
-46
0
42
6
76
88
66
95
48
-12
23
92
9
-11
53
35
87
-9
8
137
16
33
50
-27
-53
-102
-99
-88
-47
0
-12
-29
11
-44
-108
-51
-80
-44
-46
-65
-4
-78
-2
91
16
49
60
15
25
7
-18
-35
5
66
46
26
44
53
45
42
42
45
15
-24
4
22
9
0
-14
-7
13
3
-35
6
10
-26
30
-9
-53
-16
-14
9
-20
-18
7
-35
-50
3
44
3
-11
26
-8
-19
37
-13
41
52
-5
46
-45
-70
-37
-77
-57
-87
-22
44
-23
42
60
-33
28
119
63
-28
-40
-4
-23
-51
-25
14
-8
-3
72
12
11
20
-51
18
45
32
70
22
10
49
-13
6
27
-15
12
-29
-45
-5
-26
-52
-32
-17
42
40
-65
2
32
40
11
-92
2
33
-42
-15
-15
-61
-18
6
-49
13
51
-17
-2
-9
10
-35
-42
53
3
30
37
28
49
-17
-38
-32
25
-14
-54
4
-24
-12
23
26
62
72
44
7
-72
-45
-12
-50
-42
-29
6
52
25
0
64
66
3
-30
-2
-20
-75
-77
-35
30
5
15
81
93
31
-9
4
-4
-9
-16
-31
-81
-1
70
53
59
74
104
-33
-71
-6
-76
-71
-68
-90
-31
17
64
47
7
28
56
35
-51
-41
-54
-123
-40
62
101
30
-30
-2
51
-2
-99
-27
-52
-26
6
-44
-16
30
137
140
90
46
36
54
-26
-34
-6
-12
48
22
7
38
-52
-8
60
-24
-2
49
5
-72
-94
-12
29
3
-16
-1
21
-43
-100
-69
-73
-78
-79
-108
-57
-12
-46
-2
27
40
67
35
67
32
-72
-25
43
71
59
36
89
73
77
106
77
63
47
51
-68
-86
15
0
36
34
53
65
-52
-114
-91
-46
-27
-33
2
-31
-89
-43
-29
-74
-42
-15
-24
22
-41
-134
-126
1
31
-35
94
76
0
58
20
8
73
32
53
109
20
4
63
73
-38
-82
19
58
33
44
9
-20
23
-15
16
-10
-45
44
7
-12
-15
-32
-27
-54
-60
-49
-55
-45
-4
-46
-47
5
-11
-45
15
17
-32
-4
50
63
-62
-23
37
13
54
57
35
37
30
-23
28
19
-44
62
54
13
26
-13
10
33
40
19
-31
7
-12
-79
-30
40
-35
-130
-87
-17
-22
-31
45
10
0
29
-47
-60
-72
-70
-11
59
47
13
-6
-22
56
87
50
49
-18
-48
32
10
-6
37
5
16
92
109
-21
-78
16
44
11
-93
-76
38
19
-11
17
32
-9
-41
-71
-160
-79
69
-59
-61
35
-77
-45
27
20
19
5
44
12
36
23
-85
-40
14
16
115
118
-33
24
110
62
-28
-24
68
26
-4
-5
2
-9
-32
23
48
55
73
11
-75
-92
-143
-128
-73
-80
-50
-53
-22
-7
-53
-36
-31
-8
38
-58
-50
20
-46
6
35
72
122
10
21
69
43
11
-6
23
57
39
20
71
81
115
99
-17
-24
5
-27
-7
31
-17
-78
-107
-42
17
-55
-46
37
16
-36
-47
-55
-90
-86
-55
-18
15
-22
-21
-31
-12
77
70
88
63
-62
-40
-11
-20
10
-3
-30
-23
40
-3
-4
50
13
57
41
-56
1
38
6
-5
-20
65
52
5
-25
-50
-38
-11
27
-9
18
43
-8
11
70
3
-37
-24
-39
23
17
-19
-54
-65
31
18
-6
20
7
-32
-24
2
-78
-68
3
-11
17
68
31
-1
22
0
-11
-38
-61
-9
17
8
17
54
73
68
11
-34
-16
-26
-12
-1
-56
-80
-35
-2
-4
36
40
96
108
-52
-53
-14
-59
9
-1
-35
56
74
27
39
18
-38
7
36
16
29
3
-6
-30
-18
36
25
46
-10
-26
8
-4
-15
-121
-102
15
13
-36
-29
-11
-7
-10
-15
-8
-22
-38
-46
-79
-80
-62
-44
8
27
17
-6
4
75
62
19
45
41
16
12
-17
-45
4
34
66
54
-12
20
0
66
81
2
56
27
62
129
66
0
-18
39
0
-106
-55
8
-66
-61
-5
-74
-3
-4
-53
-19
1
13
-8
-17
-93
-92
-85
-57
18
-17
-47
-45
-22
32
7
-4
-46
-5
92
9
17
10
15
53
-5
-4
34
40
50
92
3
-7
22
0
68
25
18
33
43
87
-28
-62
-20
-54
-16
38
9
-12
-12
-11
51
-9
-43
24
-43
-37
-36
-46
-26
-85
-26
-24
-24
18
-34
0
0
-65
-69
-35
-15
-6
-11
38
59
0
36
46
7
23
6
16
80
14
-9
24
0
72
56
6
25
66
105
32
-58
-71
37
28
-36
-2
-79
-36
70
-13
-29
-4
-4
-6
-30
10
-17
-49
-56
-36
11
60
56
-7
-23
35
132
5
-108
-7
12
0
17
-4
-11
23
58
51
-15
-8
24
8
-25
-56
-62
-68
-34
-19
-11
-56
-68
-9
45
54
-29
5
17
34
-6
-115
-15
-10
15
98
37
-10
42
27
-23
67
94
49
-2
-49
-14
44
2
10
45
48
119
27
-62
-9
-55
-55
24
-8
15
36
-29
-34
-1
-10
-38
-18
-37
-44
-22
-49
-8
22
1
-11
-42
18
17
-32
-26
-64
-30
55
18
38
65
-25
5
-6
-18
-14
-54
5
24
22
46
75
84
110
98
34
4
-19
-36
-76
-70
-51
8
52
15
-4
27
62
11
1
26
2
-18
-20
-28
-28
-25
-49
-25
0
-27
1
9
-25
-13
0
-8
-37
-14
-14
-9
5
18
22
-21
-2
53
63
19
21
-65
-59
51
-51
-55
-10
-3
61
13
-36
47
93
-19
-43
28
-51
-28
57
49
104
30
9
43
-17
-2
-66
-29
38
-18
23
15
-46
0
45
71
83
13
-37
-28
21
22
-15
-5
-10
0
-5
-61
-83
-20
11
-7
49
22
-16
20
-18
-9
21
-18
-46
-52
-58
-63
5
41
-20
-20
17
91
65
-56
-67
-1
17
-3
56
-22
-64
23
-11
-52
-30
22
18
23
83
89
113
61
-15
7
1
-22
28
13
-38
-10
-45
4
43
28
16
-40
36
49
20
8
-82
-80
-19
38
4
-11
19
-61
-74
-1
-21
-43
32
0
-65
17
34
-24
14
-30
-11
89
41
23
-32
-35
42
52
-5
-55
-22
-6
17
32
-12
4
31
0
-11
-4
37
16
-18
14
-4
-27
-34
-56
-44
-37
-15
24
-2
-46
24
73
52
111
82
-42
-65
-6
-7
12
39
-22
-61
-58
0
39
36
-6
-1
119
97
9
-36
-78
-18
45
-26
-29
-10
-47
-76
-121
60
64
-54
70
27
-5
37
-64
-57
15
-43
-50
12
16
1
1
13
-22
-53
27
63
36
29
1
-6
8
26
-25
-72
-9
19
31
9
-23
49
50
-9
29
56
39
49
26
-28
-32
-1
18
33
-15
-30
-30
-31
16
10
-19
-40
-28
5
66
32
-53
-38
-32
-16
-1
-18
-41
-71
-60
9
40
37
-35
-61
-27
-51
-9
0
21
39
11
-4
9
41
-18
42
-3
-37
100
1
8
50
16
29
6
55
19
-13
-35
-37
11
33
32
-33
7
56
-3
-26
14
17
-18
-33
-24
-1
-30
-53
32
30
-60
-21
-14
-49
-2
-22
-21
-22
-46
26
-5
1
56
-11
-21
18
70
59
55
35
0
40
-41
4
34
-45
3
-14
-25
15
20
-10
14
9
-29
3
-34
-62
14
55
-7
-68
-54
35
69
-35
-89
-4
48
25
-78
-122
-46
-45
17
44
11
38
25
20
15
28
81
70
24
42
-18
12
59
0
-2
-34
-37
-50
-2
32
-12
-24
-41
51
76
-5
26
71
66
17
-76
-93
-32
-31
-15
-14
-69
35
73
-47
-65
