33
-51
21
112
28
-32
-52
-6
-31
-65
2
7
20
35
20
10
14
-22
-54
6
27
0
-34
-14
38
-26
-22
76
13
5
74
50
61
11
-19
0
-1
46
39
-48
-36
19
-26
-14
17
-23
-14
-7
22
-13
-95
-23
-5
-44
-17
3
10
0
-41
-35
62
9
-83
10
33
23
42
21
69
5
-95
-5
21
10
-25
-54
36
23
49
-25
-100
-17
-60
-15
-1
-46
32
58
69
-2
-87
11
-8
-8
45
-1
-6
-70
-58
44
35
-43
-14
45
-19
-13
19
27
54
28
16
3
59
79
40
47
32
13
-23
-33
-18
-11
-20
12
39
-9
18
53
12
39
69
-12
-39
1
4
-15
-48
22
95
83
113
63
20
23
-26
3
36
-42
-106
-50
-30
10
86
93
68
44
78
32
0
-11
-15
-39
-82
-31
0
25
-54
-2
108
7
-56
-38
13
12
0
0
29
61
-22
-27
-51
-47
11
-12
-4
-20
-38
-71
-64
-65
-56
-67
-86
-21
-68
-79
-45
-42
6
33
67
29
-55
-39
-78
-97
-31
-17
-62
-51
3
-52
-24
13
-42
-5
10
-14
-25
-50
17
31
-62
-45
20
10
-57
-72
-67
-40
-15
-5
0
-12
37
136
136
52
31
11
55
28
-17
-5
-27
-43
13
145
110
153
141
-32
-27
-24
0
0
-65
2
15
-25
61
87
42
2
-14
-17
-34
-7
70
161
83
-24
0
38
71
103
117
75
28
-23
-16
21
-2
8
13
-16
-30
1
10
39
62
20
6
-17
55
31
-111
-95
8
59
28
79
34
17
105
66
41
19
30
89
66
-21
-34
-26
-77
-99
-47
20
29
34
35
43
82
28
8
19
20
69
21
-93
-80
-23
-8
49
1
-31
-7
-50
-42
13
28
2
-21
-44
-54
-16
3
-74
-73
-51
-74
-33
-34
-3
25
-27
-80
-99
-55
-53
-35
15
-3
15
-2
-89
-74
-49
-81
-85
-80
-41
-92
-108
-19
-50
-32
-4
-12
-55
-41
-20
-153
-109
-29
-15
-26
-57
-71
-57
27
-17
-43
30
83
1
-34
14
-45
-52
-68
-56
0
-31
-9
15
-34
-20
5
-30
-3
61
38
13
27
1
-53
-99
-95
-41
-53
-111
-15
104
71
22
-60
-22
18
-21
-17
-69
-22
-35
-72
-42
-37
40
19
32
80
-5
29
76
98
75
15
53
11
-29
0
13
-39
0
35
21
47
28
49
52
59
82
102
29
-28
-43
-68
22
12
3
70
74
45
-22
45
84
11
-17
32
89
23
10
56
66
44
5
18
82
53
-2
-5
29
84
69
81
39
0
64
62
48
37
2
-32
-32
-29
0
71
92
80
14
13
65
17
34
43
-3
-29
-104
-27
36
27
52
14
-3
33
44
-35
-30
16
-46
-60
6
36
7
-68
-105
-53
15
4
-3
44
7
-6
-33
-56
-36
-80
-39
-6
-50
-99
-84
-73
-81
-50
-48
53
56
-83
-50
-57
-76
-2
-3
-12
-13
-13
2
36
23
2
-36
-28
-5
-68
32
69
-71
-77
-52
-92
-23
21
-17
-109
-89
33
48
48
-12
12
24
-35
1
-31
-1
16
13
28
15
41
43
118
69
-45
-41
-39
-19
-25
19
90
19
-90
-105
5
99
4
-25
10
-28
40
33
-16
38
57
99
17
-91
11
-2
-74
11
13
-3
-46
-49
26
-59
-46
34
33
70
43
-12
33
21
-19
37
49
65
22
-87
-75
-54
-79
-16
81
74
36
12
14
66
59
39
43
29
3
25
56
-10
19
70
0
-2
19
-35
-17
9
6
50
29
-16
-64
-55
-15
14
63
7
28
25
1
-19
-77
52
-11
-59
11
-21
16
-28
-7
44
13
120
149
82
63
37
-17
1
60
-25
-51
-38
-64
-15
-26
-31
4
4
33
26
-4
20
-7
-72
-44
-13
-10
1
-5
5
-24
-43
16
-14
-21
62
18
-14
26
0
7
13
-70
-81
-81
-71
17
9
-2
17
-12
36
18
-58
-63
-41
2
-6
13
0
-22
39
48
43
-30
22
76
-63
-56
-23
22
102
17
-11
8
-22
11
30
10
28
-14
-88
-78
-46
-34
-16
-11
4
6
-6
23
66
51
22
54
-5
6
-2
-55
26
-17
16
47
29
72
19
-20
13
-2
-31
0
-67
-22
32
-37
-40
-53
22
7
-57
-9
31
-27
-79
-9
16
87
12
-66
-4
-42
27
57
20
41
-29
-39
39
-6
-85
7
69
14
12
-25
-63
-21
79
73
-21
-18
11
42
-5
-37
17
41
-11
-93
-68
-40
-17
24
-3
-43
-41
40
36
-2
94
77
7
56
11
-2
94
62
42
-16
-55
-10
0
29
-4
34
30
-11
65
46
-20
-11
-12
-45
-49
-36
30
53
31
84
35
-43
-27
2
-9
-68
-36
-30
-24
-32
-34
59
-1
16
98
47
3
-16
53
-3
-70
-17
-10
6
-62
-142
-111
-69
-81
-109
-73
-21
28
39
-5
40
19
-28
30
16
41
-9
-32
3
-34
51
85
18
60
132
44
57
98
11
-23
-57
10
75
74
96
56
-17
5
40
2
-40
-35
18
12
-32
-21
63
50
-35
-28
-68
-53
14
-55
-97
-72
-78
-74
-85
-101
-98
-15
25
-12
0
-24
-29
-23
5
17
-78
-72
-34
-8
-29
-66
4
-20
-12
19
18
7
-57
-23
-6
-26
-47
2
56
34
32
-12
-3
45
48
90
24
-27
27
-15
-57
-102
-153
-5
96
-32
-70
25
-23
-76
6
18
-22
24
25
-29
13
50
-13
-24
23
3
-9
-22
-29
-32
-23
30
67
99
18
-48
-4
23
18
37
57
33
60
64
48
-1
-91
28
55
28
43
-21
34
0
16
67
17
19
13
23
1
-22
-11
-17
14
58
68
14
-3
60
27
45
37
-65
-45
21
45
25
2
-33
-40
-22
0
67
28
-10
-17
2
25
19
63
6
4
30
17
-37
-94
-25
-83
-50
-12
-28
36
28
93
11
-57
5
-44
-14
2
-63
-79
-27
43
37
-19
-24
0
-49
-46
30
32
9
-7
-6
-14
13
72
64
-17
-39
-11
-15
-36
-61
-50
-22
-45
-61
-1
-8
-17
52
64
31
13
-50
-43
29
5
21
3
13
71
7
27
19
32
38
-26
43
-4
-54
-7
-7
-6
-36
-22
17
36
68
-27
-78
-8
45
27
-24
34
68
74
50
-16
-46
-118
-58
31
-70
-131
-58
-38
-42
-23
-40
-29
0
-35
-30
7
-14
-30
-75
-40
-43
-39
50
22
19
1
42
55
24
51
-5
-17
-29
-29
9
-2
-26
-25
-14
11
52
4
-45
-27
-15
26
72
63
17
-37
-53
-1
70
80
107
133
33
-74
-57
21
15
29
37
14
-26
-18
13
-20
44
42
68
148
73
36
82
84
50
14
-18
-22
-23
-10
27
65
34
53
104
37
14
4
34
93
21
-46
0
-49
-42
15
-40
-7
46
64
-7
-30
-12
-63
-76
-92
-19
-12
-63
-16
-24
-51
-27
-54
-29
68
27
-24
0
-20
20
40
11
1
-24
-12
-38
-54
-57
-36
2
-50
-27
19
-17
-42
-56
-45
-30
4
5
-52
-26
7
-5
-24
-71
-71
-30
-11
-24
-81
1
101
-19
-36
89
39
-46
-39
27
55
21
46
80
93
77
61
27
4
34
-6
0
37
16
43
37
-8
9
18
23
-8
-55
-36
52
78
-14
-10
25
1
68
112
46
47
64
60
44
10
-21
-7
-1
-16
4
-13
2
13
24
24
-48
-57
-55
-80
-81
-15
79
44
-16
-43
-74
-6
-32
-5
55
-64
-3
56
24
-1
0
62
30
25
-15
-47
-11
-70
-32
9
-18
48
63
1
-40
-26
32
74
-13
-23
6
-76
-20
-17
-64
-45
-72
-55
-14
10
26
-23
-9
53
41
42
-31
-37
-24
-59
-9
-22
-98
-61
4
-29
-53
-52
27
0
-71
-33
42
89
44
30
22
46
-5
6
92
42
23
60
50
-12
15
30
35
-19
-77
0
5
-18
-22
41
79
41
69
96
6
7
69
29
1
-46
-21
7
32
63
-16
-67
6
37
-40
5
17
0
13
-34
-19
-26
-73
-16
51
39
-1
-106
-53
-11
-54
-43
-96
-19
-9
-36
10
-51
-22
-22
27
78
34
39
-31
-23
-11
-78
-44
-7
-9
-3
-16
-47
-5
18
-76
-40
23
-45
-34
-35
-72
-78
-94
-109
-77
-2
-13
-14
18
-23
-57
-74
-31
41
57
32
4
24
10
11
56
46
51
22
13
41
-3
-14
17
48
0
-36
21
47
60
51
50
29
8
57
38
-30
-16
36
7
0
44
74
87
-12
-78
-10
19
-23
-25
1
25
36
21
12
20
47
103
77
-13
-1
-16
-37
21
72
46
6
-15
-85
-148
-71
74
60
12
7
-31
-12
35
-21
-71
-53
-8
5
5
-15
-120
-63
3
-9
-11
-90
-92
-56
46
56
4
20
-61
-40
-30
-75
0
-17
-33
50
68
19
2
5
45
0
-21
-7
-61
-9
-56
-64
14
-28
-16
-6
-2
-43
-73
16
50
52
1
-50
12
-2
-51
-22
-49
22
90
5
-32
-76
-73
37
93
67
4
-25
72
66
-55
-30
-6
37
68
30
94
62
34
78
20
42
53
-43
23
88
-35
-83
-78
6
48
-56
-13
2
-61
-29
4
-20
-66
-22
-4
-25
13
-9
-36
-34
10
20
-13
-13
-1
44
8
-36
-43
-32
15
-26
-57
-47
-23
-9
-65
-71
-1
-2
6
11
-78
-83
-44
41
81
2
5
51
46
36
113
128
51
26
11
-4
-9
-13
-21
-9
-14
-40
-21
5
16
-2
-75
-35
40
-6
-30
-41
-30
-10
33
62
79
90
63
72
12
-16
26
34
-22
-49
12
28
3
-14
-4
46
0
-59
19
4
-100
-63
-11
4
52
-7
-47
-41
-63
-15
-46
-41
53
44
2
-40
-8
25
33
46
8
44
47
25
40
7
-6
-16
26
23
5
34
-40
0
69
63
78
28
-47
-24
33
-22
19
77
-7
-17
-11
-8
61
18
-4
56
-4
0
49
-32
-11
81
86
57
49
106
70
-15
13
4
-13
2
46
-32
-141
-33
-14
-68
-42
-23
61
99
-20
-71
-14
-18
-62
-104
-128
-21
64
-27
-37
29
-6
-1
-20
-29
19
-11
-27
-49
-29
2
-69
-65
-5
28
77
40
66
50
2
16
-68
-32
21
0
69
69
-41
-36
1
73
117
48
-21
-53
-52
-51
-17
-27
7
32
69
91
-32
-34
-14
-5
63
-15
-56
11
58
66
-14
-96
-112
-77
21
61
12
-12
17
40
-4
5
-3
-40
30
40
-13
22
37
1
17
-13
-9
69
34
13
48
0
9
23
-60
-88
-82
-38
-19
-8
46
25
47
64
21
-34
-62
-12
-33
-39
-30
-57
-15
12
39
34
-13
-9
-20
-4
10
-13
-8
-19
26
32
-48
-11
-26
-12
97
51
28
8
14
75
-21
-56
48
12
-52
50
85
21
36
108
74
-40
-56
-17
17
2
40
76
34
-67
-72
24
-59
-42
24
6
40
-5
-9
-13
-34
39
36
-7
-20
-7
52
41
-24
-10
55
47
-29
-38
24
47
-24
-26
77
53
-13
-35
-93
-9
9
-62
22
-7
-3
-27
-65
53
17
-11
-41
-95
-49
-32
-33
3
38
-32
-78
-44
-55
-28
-28
-59
31
47
-73
-100
-62
-14
21
-19
-62
-19
25
12
36
-27
-41
31
14
28
-18
13
30
-18
96
50
-38
-35
-29
-14
-65
-8
49
67
34
-61
-31
17
54
35
-56
-46
99
124
24
-7
-38
13
59
-16
27
70
7
63
68
43
66
16
-27
-46
13
65
0
-6
26
21
41
12
-72
-78
-70
-32
71
0
-21
41
-48
-57
13
-21
-15
-39
-80
-16
-33
-40
-23
1
33
0
-63
-114
-49
-24
-37
35
68
19
16
28
11
16
-39
-82
-43
-17
22
20
-25
8
-12
-68
0
80
65
-1
6
18
-31
-6
-2
-22
11
29
51
7
-63
-42
-69
-84
40
42
25
48
-35
-58
-32
-4
-21
19
28
7
40
-46
-19
89
90
102
-22
-89
13
9
-62
-34
24
-16
58
98
30
8
-48
-27
24
49
16
-30
-29
-75
-92
-43
53
23
-60
-50
-62
-9
42
-30
6
114
34
-23
-27
-25
35
-37
-77
-55
-22
63
-1
-55
-19
19
26
1
13
-42
31
54
-41
32
-15
-78
-15
-6
-23
-59
-11
57
46
53
8
18
34
-25
-13
5
29
68
57
33
39
-33
-56
36
81
46
5
-40
-81
21
11
-76
47
84
39
20
-2
63
72
-11
-56
16
67
16
-10
-15
13
46
26
15
65
45
-30
8
24
2
20
11
-29
-66
17
29
0
55
12
31
37
-25
40
-1
-62
-13
-43
-20
-15
-77
-29
42
24
-32
-16
-20
-30
-18
-67
-29
5
-50
-38
-50
-123
-176
-102
11
-12
-41
-66
-82
-39
-24
-28
-7
-20
-60
-51
4
79
115
36
-48
15
-9
-58
7
57
63
3
11
50
31
-28
-97
-78
29
16
-11
16
4
71
60
56
43
-34
52
52
67
152
88
15
5
-27
-67
22
6
-45
-6
-8
-11
-87
-73
-69
-121
-26
-24
-58
7
10
-7
9
6
43
70
9
1
59
82
95
104
20
-64
-23
0
12
37
18
32
30
60
74
34
26
-29
31
110
39
-13
-62
-52
11
22
-4
24
-23
-45
48
91
-5
-61
-74
-207
-33
76
-58
-28
23
-27
19
27
-153
53
207
34
53
118
92
45
70
11
-56
29
30
-34
70
52
-25
87
75
43
28
-56
-35
-25
-30
-95
-113
-46
-123
-91
23
22
-11
-49
-128
-152
-8
1
-107
-46
-73
-150
-106
-140
-23
38
-38
45
-56
-178
-93
-14
35
14
-6
33
12
18
48
23
83
124
102
123
126
93
82
158
142
82
73
-48
-64
65
28
0
-8
-58
-13
15
16
-53
-118
-108
-82
-31
-30
-52
-48
-29
-85
-139
10
79
1
3
56
64
14
22
38
4
-41
0
55
54
50
70
88
39
52
71
115
100
54
80
76
126
69
56
106
69
63
8
-16
-37
-27
-6
-81
-61
-49
-107
-127
-101
-29
-41
-84
-121
-161
-173
-150
-38
42
17
-14
-31
-40
-97
-66
-16
-58
-32
-42
-14
64
28
54
77
29
81
39
-1
12
-19
53
72
0
-5
4
31
30
-12
1
-4
-39
-47
-34
-29
-28
-2
6
-7
-36
-27
2
-40
-60
2
0
-42
-78
-36
46
-39
-112
-19
47
24
-15
-27
-33
0
52
40
39
33
-32
-12
75
62
19
15
0
-5
65
78
-7
70
102
54
110
133
90
63
98
39
43
75
-14
20
68
27
36
32
-23
-78
-129
-124
-68
-49
-22
-17
-86
-39
-43
-76
39
-8
-52
-34
-135
-51
27
-33
-1
43
0
-71
-32
54
71
27
19
-12
-1
62
35
7
-7
-55
-20
31
0
58
15
-53
22
7
1
58
60
22
-19
-5
2
-81
-65
-22
-38
4
-21
-69
-34
-55
-42
-14
-1
30
-45
-96
-76
-55
-25
0
53
75
86
33
-39
25
6
-29
-13
7
17
7
76
39
-14
31
37
41
54
33
26
-1
-23
-13
11
17
22
-12
-89
0
21
-65
26
-37
-82
16
-73
-53
24
21
-35
-69
0
-28
2
68
13
82
49
-63
11
-45
-15
102
54
36
-12
-35
0
41
46
20
66
43
-13
-3
-42
-62
-11
42
32
9
8
-63
-61
-30
-84
-82
-69
-1
16
-10
31
-13
-43
-34
-40
-42
25
65
3
19
-58
-24
136
27
40
23
-101
-7
-16
-3
111
143
99
0
32
57
-9
56
81
26
-46
-68
42
-40
-66
-36
-92
73
13
-47
16
-17
49
-5
-50
-11
4
-30
-65
22
-7
-14
-7
-97
-40
-12
-12
-2
15
69
4
-8
32
-44
-58
-22
-16
51
7
-72
23
35
-40
61
102
47
15
-12
-10
30
93
38
45
88
22
25
1
-35
29
72
56
68
70
-20
-67
-47
-55
-22
-8
-59
-53
-33
30
48
-2
-23
-8
15
-40
-30
-45
-16
14
-61
-58
-53
4
36
16
-3
-70
-44
-35
-122
-81
13
-51
-31
97
71
-24
-8
51
83
85
17
21
101
31
-88
27
85
-51
-50
5
12
17
-3
-17
-60
4
0
-74
60
23
44
177
34
5
90
17
54
94
8
11
-20
-39
17
22
-24
-6
39
43
19
-26
-25
-1
13
25
15
-43
-6
39
-25
-35
-14
-5
-7
1
71
96
-46
-95
-8
26
-1
-86
-13
25
-13
3
-2
36
-27
-18
73
0
-25
-76
-83
0
-5
21
54
3
-28
-44
-65
-23
18
32
3
-33
-81
-56
1
-42
44
105
-22
-41
-53
17
144
37
-38
32
58
45
70
70
21
92
39
-92
-13
-39
-107
-23
30
-1
-8
-2
-5
0
43
3
-34
83
55
-22
-33
-56
-41
-59
-62
-33
37
-10
-106
-56
-29
2
-28
-80
-12
30
11
-51
-69
6
4
-68
2
70
50
94
47
-10
25
-1
-2
48
-8
-36
41
-15
-128
-46
125
27
-28
48
-11
73
119
24
-46
6
25
-91
-4
-75
-91
71
1
62
114
0
8
115
87
21
25
-25
-44
39
-11
-120
-2
4
16
74
-50
-6
107
61
-5
-5
18
13
-9
-86
-23
40
-25
38
18
-38
27
-27
-81
11
39
4
-30
-19
51
63
-8
-71
-57
8
15
-45
7
22
-20
30
62
5
-31
-15
-67
-1
18
-88
32
97
-72
-46
-1
-58
67
11
-117
-46
63
-45
-142
22
21
50
22
-174
-86
16
-88
-73
6
-57
-50
48
-16
-53
12
-2
35
45
-5
-20
-3
-35
-46
-22
-6
5
42
150
37
50
99
6
113
15
-39
110
65
-14
28
33
-27
28
53
-27
-12
9
-63
43
-11
-210
-66
41
25
2
21
14
4
34
-59
-22
53
-36
-21
74
-27
1
160
-38
-56
146
-75
-114
100
19
6
49
-68
-147
-2
100
29
53
-28
-4
104
-16
-77
14
79
21
-21
-85
-166
-44
31
-157
-114
31
-16
8
-18
-35
4
-21
-82
-59
8
-29
-42
29
-15
-41
110
63
5
133
20
-10
34
1
64
50
7
9
67
-3
-9
24
-65
16
36
9
14
0
-39
-82
6
-7
-18
27
-38
-21
21
39
-56
-39
75
-47
-31
-105
-126
11
-50
11
9
-8
-25
14
119
7
9
15
8
53
54
-14
2
98
-7
-18
-63
32
127
-69
16
48
-73
6
36
-18
-32
11
-17
-33
153
76
-43
112
34
-51
67
47
72
81
-117
-54
35
38
-8
-73
129
53
-12
32
-144
9
88
-73
-45
-47
-24
75
79
33
22
6
-100
-10
10
-54
155
48
-86
53
-82
-164
65
33
-116
10
5
-58
107
73
-137
-8
126
-37
52
143
-113
-64
120
-61
-126
43
-64
-87
114
72
-68
30
83
-161
0
142
-173
0
171
-119
-1
151
-76
-80
69
-73
-111
94
-52
-54
59
-25
11
-38
-51
24
4
-61
-67
-90
-90
47
4
-40
127
93
-78
-32
38
-51
57
208
-76
-117
248
-42
-199
237
-37
-98
268
-15
-190
57
165
-99
110
278
-250
58
224
-181
105
235
-74
-127
30
-5
-34
187
37
-160
147
11
-155
135
-4
-163
36
75
11
33
53
-29
-109
115
71
-106
-29
-45
77
-10
-15
148
-85
70
94
-194
12
-2
-131
75
113
-59
-80
161
71
-226
77
-15
-277
198
-83
-233
178
-128
-123
28
14
74
-93
99
160
-103
-16
-25
15
6
-20
127
-143
28
113
-230
113
-15
-175
202
28
-100
-109
-20
-69
-141
344
-3
-206
459
-34
-232
374
-58
-162
182
40
-73
-52
174
-216
-153
389
-319
-39
395
-314
32
196
-231
-154
100
29
-307
159
147
-387
296
201
-307
223
110
-131
142
178
-7
-119
211
1
-244
368
-53
-264
369
-185
-212
265
-41
-54
56
108
-152
-70
353
-203
77
384
-357
100
239
-317
-78
40
-90
-72
104
-3
-278
107
-22
-427
261
100
-282
210
-44
-117
76
6
-126
-139
244
-199
-109
410
-272
-46
182
-224
182
126
-99
42
-11
-1
-132
87
170
-226
209
-49
-219
399
-213
-58
274
-231
12
78
48
24
80
165
-370
192
336
-445
260
86
-351
352
14
-217
109
94
-129
-77
290
-298
-165
577
-368
-198
356
-465
103
331
-255
29
62
-5
-214
42
125
-330
340
-23
-441
368
-161
-206
164
-186
-1
-67
16
58
-184
250
-42
-201
289
-197
-59
187
-148
21
-63
172
-9
-251
359
-225
-34
392
-444
143
204
-299
172
57
-143
-189
208
65
-498
393
53
-405
581
-184
-290
540
-165
-149
193
-8
-115
8
235
-317
58
369
-502
270
240
-426
412
-4
-183
129
-222
101
-1
-59
48
-120
211
-117
-155
169
-273
39
41
-245
227
-110
-48
205
-156
217
53
-150
157
-26
105
-56
-61
135
-194
315
89
-158
393
-301
-9
363
-250
191
94
-208
20
-47
70
-78
121
201
-235
219
-60
-163
344
-231
52
188
-315
132
95
-197
70
43
-156
-52
80
-37
-54
133
-279
-121
368
-291
12
291
-278
87
116
-240
-91
127
-66
-128
234
-131
-234
275
-124
-104
260
-241
-60
207
-127
88
67
-171
19
-28
-91
3
46
-86
-2
185
-239
-9
118
-443
27
39
-474
107
180
-326
-19
166
-288
51
334
-568
10
592
-540
72
513
-488
101
486
-397
-89
496
-253
-238
467
-257
-260
648
-207
-302
609
-153
-178
508
-106
-240
360
-13
-371
347
161
-300
471
144
-363
418
19
-345
329
-95
-314
219
40
-156
167
166
-259
133
279
-422
116
256
-326
168
119
-307
-23
155
-142
1
394
-180
-186
427
-183
-250
303
-231
-159
302
-29
-203
-4
51
-333
-53
281
-363
-40
201
-381
26
217
-95
-74
-4
-71
-273
195
187
-372
254
249
-328
190
107
-417
2
268
-148
-169
361
-117
-323
475
-236
-265
538
-224
-182
388
-77
-136
332
12
-443
223
290
-435
234
227
-499
364
243
-401
201
149
-303
54
301
-324
-77
453
-400
-43
641
-333
-40
589
-397
-230
589
-250
-355
537
-144
-481
462
5
-560
509
143
-596
489
266
-539
255
368
-499
27
374
-544
-43
560
-397
-182
534
-384
-227
522
-282
-162
472
-254
-240
462
-101
-326
252
-52
-275
225
-8
-246
180
-48
-235
164
-10
-167
148
-50
-179
133
50
-73
141
76
-135
36
24
-171
144
159
-192
138
209
-159
43
94
-159
11
248
-97
-211
224
-47
-277
147
-39
-310
226
100
-423
118
79
-471
14
260
-246
4
370
-286
-120
369
-195
19
428
-152
-101
353
-145
-373
266
48
-325
272
127
-284
222
40
-367
111
39
-250
95
161
-189
-76
175
-138
-93
140
-102
-42
115
9
-12
38
66
-4
15
96
-85
-65
135
-18
-41
86
-10
-95
-14
67
-67
3
113
-99
52
194
-73
51
130
-79
102
145
-56
101
97
-176
-21
122
-49
158
289
-89
-25
135
-112
58
161
-51
61
102
-46
-40
80
-83
-133
87
-100
-66
0
-196
88
98
-132
9
-13
-76
29
-26
-24
119
62
-20
72
-19
-167
99
0
-233
125
-13
-257
140
60
-241
48
8
-322
-13
65
-276
83
121
-323
79
175
-205
68
89
-194
-5
46
-106
-30
56
-88
-12
182
-72
1
81
-239
39
116
-140
191
80
-170
189
117
-126
149
131
-220
144
157
-413
81
230
-338
117
244
-312
72
289
-313
-55
412
-221
-183
382
-224
-265
339
-153
-182
473
43
-163
349
52
-277
130
134
-275
78
243
-225
44
262
-180
-45
217
-113
-39
234
30
-65
113
-19
-152
166
39
-251
53
90
-111
13
122
-59
4
270
-20
-93
212
-20
-134
89
-97
-183
64
86
-82
-34
134
-29
15
181
-40
-28
19
-166
-86
12
-77
-60
20
33
-8
11
-23
-71
29
14
-20
11
-13
-5
-94
-74
-13
-123
-29
-24
-151
-78
-24
-72
-45
-14
8
45
-34
-77
-6
33
-32
-90
-73
-57
10
70
22
4
-30
-109
-44
-36
-37
79
22
-86
-32
43
5
-2
34
2
105
85
-130
-16
45
-165
70
122
-131
67
36
-187
-31
50
-28
38
98
-136
-198
104
-55
-117
202
-12
-113
118
-70
-124
154
114
-57
3
17
-178
-3
188
8
69
75
-111
-48
93
100
49
80
-26
-153
62
143
91
230
70
-144
111
103
-25
178
151
-56
-141
-26
-59
-59
302
59
-133
183
-100
-111
269
112
-17
47
-107
-243
57
276
-7
20
-12
-434
-168
151
-41
67
182
-49
-159
-28
-95
-137
152
10
-180
168
100
-37
185
1
-231
-91
-52
-103
129
274
-42
-76
65
-331
-208
135
-260
-200
62
-159
-129
70
-10
-177
39
71
-170
283
389
88
358
253
24
190
152
65
105
41
-113
-66
71
-52
7
-32
-316
-183
-143
-112
42
-190
-293
-231
-294
-89
209
416
438
338
211
-6
247
502
377
479
389
259
404
270
-44
-362
-789
-1167
-1129
-860
-617
-492
-718
-1254
-1691
-1990
-2118
-1711
-1455
-1290
-1055
-1113
-936
-844
-834
-674
-774
-714
-369
89
545
879
1071
666
202
87
-158
13
487
493
580
674
396
270
242
-42
-231
-269
-412
-284
78
345
424
399
171
-5
201
418
767
1184
1189
1127
1154
1081
1100
1070
876
620
484
517
496
678
710
455
311
46
8
111
88
64
-6
117
232
396
817
1100
1047
919
874
920
1296
1844
2045
1962
1872
1509
1167
1269
1242
1040
978
765
529
786
1030
834
656
175
-600
-748
-525
-321
189
504
330
73
-61
-198
-348
-381
-660
-766
-168
489
984
1131
272
-1517
-3494
-4767
-4681
-3318
-1833
-1207
-1534
-2506
-3724
-4849
-5165
-4810
-4273
-3404
-2583
-1943
-1143
-609
-820
-1475
-2402
-3080
-2490
-610
1432
2711
2898
1793
127
-1028
-1751
-1904
-1372
-988
-851
-612
-410
-238
-187
-655
-1618
-2575
-2813
-1916
35
1974
2727
2563
1720
729
432
468
813
1560
2132
2630
3196
3338
3046
2559
1375
-124
-907
-1107
-598
542
1157
854
250
-485
-1007
-699
-264
37
672
1306
1957
2860
3352
3108
2730
2243
1612
1564
1958
2317
2953
3296
2800
2169
1575
859
337
90
-333
-670
-588
-645
-643
-591
-934
-1212
-1217
-1221
-728
89
523
1013
1353
1316
1490
1652
1604
1678
1701
1546
1444
1450
1380
1298
1288
852
348
285
195
538
1164
891
156
-504
-1004
-720
85
631
809
1084
1366
1419
1695
1887
1887
1919
1391
336
-347
-44
996
1520
48
-3544
-7152
-8348
-7078
-4799
-3271
-3365
-4283
-5642
-7152
-8070
-7625
-5837
-4192
-3591
-4048
-4457
-3282
-968
504
-210
-2291
-3715
-2785
-105
2043
2561
1353
-594
-2130
-3114
-3583
-3295
-2425
-2062
-2515
-3223
-3255
-1780
340
1234
233
-1396
-1799
21
3084
5054
5055
4102
3084
2614
3039
3767
4466
4896
4617
3712
2727
2478
2850
2832
1642
-575
-2317
-2373
-1153
-71
-23
-884
-2018
-2070
-809
656
2028
2943
2877
2558
2445
2490
3117
3916
4065
3416
2628
2344
2719
3541
3731
2844
1838
1046
556
647
562
8
-429
-801
-1044
-916
-617
-521
-450
-43
446
1224
2154
2710
3005
3071
3098
3066
2990
2861
2419
1952
1596
1521
1883
2400
2500
1863
761
-166
-183
380
839
552
-476
-1025
-885
-433
-79
-370
-879
-1079
-757
96
1377
2709
3248
2420
366
-1767
-2317
-1076
-106
-1437
-5124
-8913
-9861
-7632
-4803
-3797
-5051
-7372
-9351
-10399
-10203
-8496
-5556
-2804
-2350
-4360
-6374
-6167
-3653
-1067
-1020
-2943
-3838
-1925
1614
3702
2454
-1055
-4244
-5583
-5545
-5102
-4077
-2536
-1288
-1239
-2832
-4210
-3297
-814
1100
1063
-70
153
3001
6628
7994
6623
4017
2177
2312
3341
4099
4808
5664
6111
5605
4209
2755
2096
2056
1480
25
-912
-381
1352
3025
2988
1330
-294
-586
524
2296
3851
4747
5148
5250
5054
4750
4504
4055
3328
2672
2292
2507
3257
3696
3327
2323
1048
256
307
544
598
400
-141
-801
-1117
-920
-452
19
61
-162
-86
227
687
1093
1232
1195
1301
1787
2202
2276
2063
1485
927
517
103
62
291
621
1232
1606
1237
459
-329
-732
-418
12
-131
-661
-1092
-1142
-718
-214
-180
-415
-451
-266
187
902
1603
2278
2181
351
-2320
-3675
-2711
-615
-163
-3797
-9778
-13450
-12386
-7864
-3579
-2565
-4568
-7489
-10000
-11443
-11081
-8377
-4348
-1485
-1698
-4414
-6143
-4202
-320
1473
-720
-4680
-5835
-2213
2825
4923
2690
-1937
-5441
-6539
-6101
-4987
-3182
-773
564
-261
-2113
-2611
-132
3606
4890
2615
-375
-183
3701
8034
9109
6159
2295
605
1477
3335
4691
5202
5100
4594
3215
1612
1194
1930
2767
2106
102
-1062
110
3113
5257
4565
1821
-515
-184
2645
5650
6855
5901
3914
2380
1984
2621
3541
3983
3691
2844
2187
2246
2843
3584
3725
2781
1367
506
844
2018
2706
1864
81
-1088
-961
148
1152
1285
907
566
508
512
144
-459
-586
-13
723
1185
1184
672
220
26
-130
180
858
1158
848
12
-659
-149
1014
1318
95
-1965
-3159
-2261
-143
900
89
-1426
-2063
-1222
-24
458
356
482
909
1003
997
1581
2856
3320
1091
-2887
-5390
-3992
-377
189
-5027
-12722
-16352
-12964
-6209
-2252
-3565
-7258
-10036
-11201
-11485
-10823
-7798
-2931
-27
-1735
-5902
-7499
-4026
1229
2282
-2313
-7041
-6084
233
5890
5390
-700
-6664
-8196
-6433
-4572
-3746
-2541
-172
1277
-249
-3004
-3046
858
5564
6411
2918
8
1990
7574
11354
9479
4152
921
2017
5181
6954
6414
5438
5421
5238
3325
934
367
2020
3771
3064
368
-1046
610
3433
4419
2500
-132
-444
2029
5036
6325
5844
4616
3789
3509
3329
3619
4456
5464
5713
4554
3034
2447
2995
3543
2952
1528
212
-166
438
970
512
-802
-1989
-2285
-1701
-928
-445
-44
390
680
544
33
-275
67
663
953
939
780
780
842
626
102
-453
-443
-92
-117
-682
-1521
-1861
-1256
-311
-365
-1509
-2570
-2328
-746
406
-37
-1887
-3193
-2464
-323
1578
1684
834
402
493
704
652
847
1837
2533
994
-2582
-5143
-4175
-1257
-1014
-6186
-13624
-16761
-12710
-5303
-1179
-2831
-7119
-10132
-10946
-10918
-10263
-7495
-2640
939
-23
-4557
-7580
-5254
-53
2308
-655
-5077
-5051
312
6177
6740
1491
-4553
-7239
-6349
-4419
-3225
-1835
447
1844
448
-2495
-3515
-320
4860
7048
4453
851
1522
6780
11901
11985
7029
2179
1584
4457
7498
8389
7591
6714
5635
3552
1245
627
1841
3289
2869
165
-1856
-811
2470
4836
3937
851
-1151
228
3977
6926
7210
5550
3967
3889
4697
5017
4616
4194
4254
4441
4006
3085
2459
2239
1508
-272
-2154
-2605
-1083
559
132
-2139
-4177
-4290
-2846
-1389
-833
-627
-88
660
1166
909
361
174
356
910
1301
1252
820
16
-758
-1345
-1921
-2341
-2331
-2022
-1716
-1979
-2860
-3292
-2575
-1132
-96
-415
-1651
-2408
-1915
-715
41
-39
-591
-891
-462
174
585
706
547
377
160
-149
-222
493
1804
2277
525
-3278
-6412
-5691
-1653
1393
-787
-7756
-13683
-13179
-7284
-2037
-1567
-4899
-8163
-9421
-9775
-9855
-8249
-3980
322
444
-3924
-7897
-6411
-193
4333
2553
-3137
-6049
-2346
4571
7906
4657
-1561
-5441
-5348
-3502
-2613
-2325
-854
1294
1619
-857
-3438
-2265
2636
6648
5885
1884
217
4107
10425
13280
10461
5285
2760
4132
6639
7745
7408
7073
6748
4841
1533
-600
127
2337
3050
842
-1901
-1542
1973
5308
5370
2396
-315
-215
2441
5415
6887
6898
5874
4594
3750
3599
4465
5822
6340
4961
2474
756
620
1190
970
-646
-2654
-3447
-2988
-2328
-2503
-3588
-4386
-4000
-2618
-1088
-82
407
695
888
951
844
768
920
1095
956
399
-359
-1071
-1644
-2305
-3123
-3617
-3260
-2226
-1205
-1121
-2152
-3132
-3044
-1791
-365
84
-476
-1187
-1324
-776
137
874
797
-262
-1455
-1775
-931
454
1058
227
-1372
-2538
-2405
-1318
-122
722
842
-94
-1949
-3535
-3217
-985
924
-503
-5765
-10919
-11561
-7198
-1886
-412
-3316
-7097
-8910
-8999
-8567
-7632
-5106
-1432
345
-1646
-5063
-5845
-2537
1882
2787
-482
-3642
-2381
2772
6994
6279
1327
-3459
-4959
-4151
-3351
-2911
-1509
999
2539
1002
-2157
-2875
511
5233
6840
4560
2197
3760
8517
11960
11232
7387
4114
3755
5284
6502
6639
6516
6438
5486
3098
305
-759
566
2397
2465
529
-1061
-255
2470
4738
4452
2297
626
863
2691
4621
5395
5068
4536
4357
4124
3379
2418
1793
1785
1704
872
-155
-469
-24
106
-1226
-3540
-4991
-4515
-2654
-818
-107
-584
-1576
-2092
-1627
-552
461
739
449
254
264
222
-106
-430
-519
-888
-1985
-3139
-3125
-2057
-1134
-1338
-2468
-3072
-2305
-987
-366
-575
-1028
-988
-268
444
608
86
-888
-1645
-1610
-876
-116
23
-469
-1232
-1689
-1352
-582
-27
35
-259
-265
347
1433
2480
2505
1278
-773
-2463
-2157
92
2142
924
-4198
-9752
-11377
-8168
-3777
-2358
-4345
-7201
-8979
-9638
-9555
-8041
-4526
-1017
-354
-2775
-5244
-4260
-153
3427
3410
345
-2018
-939
2650
5337
4718
1233
-2550
-4387
-4493
-3750
-2559
-823
1199
1581
-320
-2407
-1703
2309
6283
6862
4304
2279
3873
8211
11533
11210
8062
4872
3582
4021
5123
6116
6585
5991
3907
1098
-803
-584
1175
2332
1503
-657
-1748
-255
2667
4604
3999
1868
465
863
2594
4337
4963
4402
3315
2578
2506
2698
2721
2162
918
-672
-1659
-1293
107
1385
1094
-1000
-3550
-4889
-4079
-2029
-627
-560
-1299
-1921
-1927
-1345
-543
-98
-248
-874
-1320
-1005
-191
504
432
-629
-1984
-2840
-2725
-1840
-1172
-1231
-1780
-2251
-2035
-1117
-85
327
-86
-768
-1140
-732
377
1255
1273
462
-596
-1141
-943
-346
52
-120
-660
-1056
-990
-540
-135
43
132
272
685
1265
1574
1500
1120
649
191
-428
-948
-976
-552
-235
-1156
-4041
-7619
-9353
-8306
-5871
-4311
-4413
-4996
-5400
-6196
-7649
-8398
-6489
-2322
511
-743
-4222
-5603
-2684
1910
3882
1937
-1541
-2968
-1530
821
2366
2672
1891
290
-1856
-3662
-3387
-506
3160
4423
1917
-1860
-2698
1371
7076
9357
6405
1405
-250
2783
7186
9154
7980
5742
4032
2971
2561
3293
5014
6267
5146
1827
-629
374
3912
6345
5070
1309
-1386
-783
2216
4591
4561
2552
317
-589
-177
957
1839
1936
1334
37
-1018
-880
437
1959
2134
845
-791
-1555
-921
234
858
730
286
55
-80
-595
-1290
-1901
-2129
-1853
-1693
-1785
-1822
-1609
-1312
-1427
-2051
-2905
-3433
-3126
-2184
-1186
-537
-492
-996
-1531
-1680
-1464
-914
-75
701
998
594
114
310
1082
1830
1537
88
-1257
-1322
-322
552
486
-645
-1875
-2303
-2007
-1237
-555
-434
-754
-1058
-756
157
1064
1457
1302
884
696
925
1405
2069
2425
1702
-142
-1993
-2565
-1477
220
441
-1939
-5542
-7552
-6639
-4208
-2802
-3640
-5347
-5931
-5232
-4629
-4925
-4968
-3672
-2255
-2721
-4787
-5708
-3401
520
2335
739
-1970
-2509
-363
2164
2840
1843
1065
1317
2054
2140
1612
1564
2321
3077
2615
1176
417
1740
4277
5264
3504
649
-500
1114
3578
4428
3324
1769
1060
1127
1417
2097
3506
5114
5601
4175
2274
2165
4145
6354
6635
4667
2239
1406
2131
2758
2272
663
-998
-1790
-2113
-2057
-1501
-790
-581
-1328
-2427
-2797
-1682
180
1312
1166
312
-118
325
1329
2208
2385
1979
1319
764
558
496
505
459
55
-840
-2000
-2753
-2787
-2312
-2053
-2559
-3291
-3765
-3714
-3185
-2612
-2089
-1806
-1677
-1353
-618
444
1293
1600
1505
1317
1467
1849
2255
2628
2483
1834
877
45
-206
-303
-629
-1209
-1719
-1891
-2087
-2395
-2285
-1573
-693
-388
-824
-1048
-506
340
748
654
648
853
1075
1047
899
1128
1706
1881
980
-515
-1459
-1259
-104
1069
838
-1057
-3159
-3861
-2915
-1599
-1524
-2815
-4124
-4715
-4856
-5008
-5021
-4264
-3361
-3830
-5855
-7622
-7093
-4272
-1510
-978
-2137
-2861
-1990
-43
1418
1688
1521
1596
2283
3297
4009
4519
4920
5106
4838
3711
2379
1776
2233
3201
3079
1434
-560
-1275
-525
286
114
-999
-1660
-915
546
1594
1798
2132
3288
4556
5065
4710
4547
5299
6391
6686
5692
4181
3208
2966
2805
2104
864
-401
-1306
-1823
-2080
-2240
-2343
-2177
-1930
-1977
-2219
-2458
-2175
-1176
-95
379
109
-208
215
1261
2140
2172
1550
1075
1111
1608
1941
1848
1393
533
-395
-1213
-1676
-1707
-1477
-1418
-1928
-2749
-3218
-2959
-2366
-1946
-1927
-2180
-2132
-1517
-715
-78
376
607
761
979
1149
1180
1075
999
1109
1366
1399
1193
1015
703
253
-249
-531
-253
70
-23
-562
-1274
-1353
-1044
-1030
-1389
-2031
-2286
-2047
-1816
-1655
-1488
-1222
-959
-808
-515
239
1231
2047
2469
2406
2283
2281
2354
2535
2579
2303
1609
320
-1160
-2130
-2495
-2589
-2928
-3539
-4225
-4805
-5265
-5833
-6065
-5701
-5203
-5158
-5722
-6089
-5336
-3548
-1870
-1179
-1291
-1441
-983
247
1950
3429
4126
3935
3212
2679
2579
2683
2962
3187
2938
2038
823
295
862
1668
1446
-251
-2045
-2219
-696
1071
1587
878
233
461
1249
2063
2740
3547
4194
4001
3233
2691
3268
4603
5122
4174
2310
994
1165
2052
2432
1804
432
-667
-792
-424
-261
-688
-1531
-2031
-2029
-1881
-1576
-1175
-785
-584
-748
-821
-202
917
1845
1947
1287
760
1028
1909
2608
2422
1596
917
656
545
357
-28
-498
-817
-1021
-1198
-1370
-1557
-1704
-1848
-2156
-2250
-2066
-1824
-1590
-1551
-1417
-1036
-533
-84
200
296
151
191
591
1152
1483
1265
763
572
961
1284
1054
394
-144
-300
-373
-659
-1153
-1481
-1607
-1688
-1854
-1965
-1778
-1432
-1257
-1175
-1057
-759
-50
672
1172
1381
1372
1640
2210
2736
2946
2604
1952
1454
1321
1474
1588
1417
661
-482
-1653
-2532
-2732
-2792
-3199
-3842
-4500
-4923
-5228
-5489
-5451
-5130
-4964
-5145
-5571
-5711
-4889
-3493
-2336
-1932
-2033
-1709
-712
493
1449
1994
2275
2446
2559
2557
2447
2476
2712
2900
2766
2163
1378
1148
1628
2123
1900
903
-75
-304
221
932
1221
1057
940
1173
1528
1752
2002
2559
3241
3638
3454
3135
3215
3553
3755
3230
2157
1280
1072
1350
1298
774
-45
-785
-1120
-1043
-758
-775
-965
-1182
-1276
-1144
-941
-644
-273
158
471
563
607
929
1463
1729
1688
1391
1220
1520
1767
1688
1203
457
125
158
186
98
-246
-738
-1115
-1279
-1283
-1319
-1477
-1771
-2193
-2494
-2656
-2596
-2293
-2119
-2053
-1863
-1534
-1086
-698
-495
-413
-428
-401
-146
233
581
715
490
277
239
273
374
233
-131
-520
-781
-766
-630
-626
-761
-952
-1164
-1046
-713
-364
-47
-45
15
344
757
1239
1578
1744
1766
1850
2126
2538
2928
3048
2815
2204
1643
1472
1587
1687
1455
681
-640
-1856
-2409
-2517
-2602
-3148
-4116
-4867
-5157
-5298
-5509
-5638
-5490
-5210
-5293
-5590
-5428
-4427
-2901
-1809
-1570
-1681
-1276
-54
1266
1899
1991
2081
2352
2464
2154
1887
1987
2340
2591
2204
1333
745
602
904
1348
1240
716
276
224
545
975
1337
1525
1472
1436
1591
1761
2056
2628
3190
3235
2783
2315
2250
2638
2879
2493
1712
1064
981
1184
1189
944
491
26
-428
-818
-951
-791
-492
-441
-545
-554
-445
-95
189
212
325
593
975
1405
1753
2097
2273
2124
1863
1683
1593
1467
1273
1147
1016
692
97
-549
-994
-1255
-1497
-1964
-2357
-2634
-2871
-2871
-3000
-3225
-3436
-3612
-3575
-3390
-3043
-2397
-1627
-1130
-782
-498
-243
85
427
859
1211
1245
988
869
1040
1217
1178
777
265
-3
-103
-251
-439
-625
-669
-750
-881
-856
-637
-139
307
605
636
541
819
1224
1816
2504
2719
2633
2502
2581
3087
3458
3189
2524
1971
1849
1785
1325
773
302
-320
-1382
-2894
-4018
-4140
-3873
-4052
-4904
-5894
-6258
-6045
-5803
-5712
-5523
-5178
-4948
-5016
-5035
-4494
-3481
-2497
-1815
-1244
-617
231
1167
1780
2090
2184
2149
2137
2215
2245
2093
1847
1708
1703
1501
1051
604
504
780
908
473
-178
-288
277
1027
1249
1058
1160
1664
2302
2552
2807
3461
4069
4458
4060
3179
2873
3219
3583
3253
2395
1533
1007
796
605
393
-74
-545
-833
-1130
-1297
-1268
-971
-649
-559
-556
-454
-56
608
1220
1517
1418
1293
1469
1933
2511
2798
2700
2426
2160
1942
1593
1117
665
101
-617
-1232
-1659
-1956
-2161
-2461
-2971
-3478
-3845
-3987
-3964
-3969
-3915
-3689
-3378
-3000
-2554
-2186
-1787
-1251
-676
-112
270
501
849
1248
1620
1769
1534
1258
1155
1222
1215
1145
1005
696
280
-195
-516
-496
-213
-61
-208
-501
-473
53
775
1449
1759
1794
1755
1851
2198
2626
3083
3401
3380
3030
2844
2939
2936
2704
2041
1222
528
40
-294
-689
-1074
-1561
-2292
-3475
-4861
-5818
-6120
-5956
-5853
-6034
-6385
-6463
-6064
-5498
-5020
-4711
-4323
-3828
-3398
-3097
-2764
-1814
-461
479
895
873
887
1413
2062
2479
2409
1906
1342
892
665
550
569
567
468
218
-270
-502
-356
266
907
925
610
337
645
1575
2513
2871
2705
2608
2865
3350
3845
4196
4287
4161
3692
3060
2839
2847
2684
2226
1359
502
46
-81
-70
-343
-761
-1080
-1361
-1308
-924
-464
-173
-71
12
325
962
1505
1852
2002
2082
2327
2572
2719
2734
2691
2468
1983
1385
917
620
194
-536
-1477
-2204
-2683
-3006
-3112
-3238
-3493
-3659
-3728
-3602
-3164
-2894
-2790
-2766
-2708
-2344
-1921
-1468
-1098
-730
-194
282
698
944
1114
1278
1214
1097
934
818
794
663
536
435
416
406
300
121
-107
-254
-198
2
287
607
698
634
871
1424
2036
2388
2200
1818
1701
1851
1977
2042
2083
2072
1896
1483
1241
1296
1392
1196
550
-255
-745
-751
-675
-748
-1101
-1676
-2626
-3848
-4597
-4615
-4270
-4337
-4956
-5519
-5422
-4928
-4655
-4721
-4678
-4259
-3808
-3535
-3398
-2750
-1470
-378
56
-36
105
746
1392
1668
1531
1270
1075
852
470
100
-16
35
2
-103
-238
-333
-162
300
1025
1609
1615
1334
1307
1936
2942
3436
3312
3135
3216
3648
3980
4034
4152
4205
4083
3554
2715
2269
2201
1946
1196
158
-556
-794
-785
-839
-1144
-1386
-1388
-1253
-1032
-727
-342
62
298
439
649
1031
1637
2131
2325
2289
2148
2048
2018
1979
1722
1241
687
227
-112
-485
-959
-1491
-1869
-2141
-2463
-2745
-2899
-2754
-2451
-2247
-2198
-2166
-1939
-1555
-1316
-1380
-1402
-1223
-890
-548
-380
-222
81
481
805
888
726
542
578
706
742
660
351
120
19
-54
124
246
318
328
95
-50
10
215
484
631
598
579
702
935
1139
1325
1465
1350
1130
1067
1140
1259
1339
1267
1118
997
910
844
809
831
744
252
-331
-609
-672
-791
-1154
-1477
-1632
-2071
-3064
-4223
-4943
-4780
-4291
-4431
-5048
-5407
-5081
-4462
-4268
-4267
-3995
-3309
-2582
-2547
-2803
-2271
-879
331
761
556
443
852
1281
1424
1212
860
669
395
52
-40
81
197
242
143
-98
-76
372
1254
2274
2802
2743
2520
2851
3818
4618
4698
4295
4053
4182
4310
4119
3595
3253
3264
2910
2061
1204
816
928
732
-131
-948
-1262
-1213
-1044
-976
-946
-758
-359
-73
27
241
662
1123
1481
1628
1564
1570
1654
1764
1843
1750
1405
809
195
-165
-238
-433
-848
-1170
-1466
-1807
-2054
-2126
-2066
-2052
-2095
-2147
-2184
-1942
-1376
-803
-564
-737
-973
-1038
-1015
-945
-868
-895
-1030
-1228
-1313
-1121
-644
-192
-215
-516
-746
-560
-98
305
483
307
258
357
454
563
715
947
866
553
340
344
689
1108
1219
1173
1098
1042
1250
1392
1312
1181
1052
1025
983
1039
1025
976
1160
1315
1319
1125
854
747
905
1021
821
369
-133
-346
-366
-624
-1027
-1266
-1498
-2149
-3465
-4864
-5387
-4868
-4291
-4319
-4653
-4821
-4371
-3804
-3695
-3743
-3382
-2566
-1975
-1842
-1652
-857
254
849
697
99
-256
-61
145
59
-399
-922
-1048
-876
-697
-548
-375
-161
159
392
600
961
1431
2238
3165
3649
3656
3544
3780
4206
4262
3890
3401
3125
3144
3101
2738
2184
1849
1781
1428
722
106
-76
31
167
25
-294
-358
-194
205
538
587
628
736
914
1125
1140
1206
1393
1567
1770
1727
1555
1366
1246
1222
921
355
-83
-177
-161
-318
-547
-774
-850
-787
-816
-1053
-1232
-1159
-1045
-948
-963
-924
-709
-425
-231
-233
-470
-724
-951
-1236
-1339
-1548
-1895
-1915
-1727
-1496
-1403
-1405
-1326
-1239
-1067
-1044
-1093
-823
-372
43
147
143
470
855
1065
871
553
546
680
856
839
723
692
617
616
564
482
619
646
473
181
-8
209
504
798
1025
1148
1235
1332
1582
1769
1761
1505
1302
1225
1148
1182
940
493
96
-301
-737
-1286
-1715
-1978
-2272
-3036
-4205
-4913
-4712
-4018
-3717
-3938
-4095
-3737
-3128
-2947
-3063
-2961
-2245
-1353
-1170
-1396
-1266
-571
124
93
-661
-1229
-1219
-1071
-1050
-1274
-1276
-850
-354
-70
-113
-136
179
543
719
893
1053
1387
2124
2989
3602
3646
3318
3203
3329
3322
2994
2420
2062
2160
2246
1940
1396
1265
1698
1836
1235
442
131
589
1177
1177
940
910
1298
1612
1369
982
853
1048
1128
833
566
761
1290
1621
1562
1320
1171
1044
822
593
318
23
-124
-170
-136
1
-33
-158
-302
-559
-788
-1046
-1234
-1216
-1053
-788
-692
-674
-478
-322
-377
-691
-1130
-1413
-1599
-1940
-2339
-2522
-2297
-1866
-1625
-1549
-1460
-1258
-929
-677
-659
-609
-319
113
467
603
796
987
1141
1086
701
432
365
441
482
307
80
63
245
514
685
724
831
889
875
818
847
997
1098
1296
1491
1543
1642
1823
1887
1664
1097
512
284
339
416
225
-201
-453
-520
-625
-948
-1457
-1727
-1856
-2360
-3378
-4417
-4759
-4173
-3406
-3338
-3670
-3815
-3560
-3299
-3497
-3792
-3592
-2728
-2062
-2207
-2482
-2255
-1431
-602
-595
-1191
-1536
-1280
-775
-470
-437
-359
88
537
642
561
578
893
1277
1477
1437
1404
1676
2391
3265
3641
3467
3035
2904
3245
3453
3278
2874
2727
2926
2928
2622
2314
2355
2567
2370
1690
934
683
1024
1287
1043
628
471
663
932
812
546
471
497
507
316
57
33
296
642
840
825
760
758
767
650
366
46
-79
-78
-144
-214
-271
-291
-413
-584
-799
-1161
-1394
-1410
-1296
-1219
-1188
-1102
-1043
-884
-770
-849
-1039
-1402
-1570
-1544
-1604
-1573
-1401
-1177
-887
-712
-674
-535
-352
-246
-249
-421
-397
74
506
664
678
699
812
814
617
374
309
418
421
300
262
461
764
906
894
865
1027
1248
1338
1284
1085
1119
1246
1289
1289
1204
1192
1150
1107
959
728
503
388
555
541
366
171
-73
-186
-399
-763
-1164
-1513
-1645
-1877
-2675
-3818
-4469
-4345
-3905
-3708
-4037
-4318
-4090
-3762
-3726
-3901
-3717
-2949
-2340
-2394
-2645
-2438
-1607
-771
-570
-943
-1254
-1075
-750
-577
-639
-666
-315
4
209
331
357
712
1145
1292
1343
1377
1554
2141
2814
3165
3178
3110
3280
3539
3670
3442
2952
2743
2756
2744
2582
2330
2287
2456
2521
1996
1317
1019
1018
1196
996
478
331
552
787
746
426
340
483
470
250
-99
-174
188
558
700
711
689
789
844
581
307
143
-21
-147
-286
-251
-130
-112
-164
-329
-462
-627
-810
-905
-949
-941
-948
-852
-656
-400
-211
-314
-595
-876
-974
-1084
-1362
-1523
-1443
-1236
-1090
-1070
-987
-726
-491
-459
-564
-638
-527
-269
-112
-77
-30
120
359
403
213
59
51
102
26
-165
-226
-143
78
302
350
450
747
1038
1101
921
729
783
920
1137
1260
1191
1358
1576
1594
1458
1149
890
736
570
397
140
-190
-386
-421
-504
-745
-1034
-1165
-1267
-1707
-2555
-3288
-3599
-3370
-2941
-3039
-3290
-3405
-3309
-3052
-3128
-3395
-3294
-2772
-2418
-2491
-2661
-2430
-1753
-1132
-929
-1081
-1251
-990
-518
-365
-452
-447
-135
297
467
374
374
685
1132
1259
1082
1006
1213
1847
2454
2623
2644
2737
2982
3237
3318
3226
3022
2814
2719
2649
2390
2330
2545
2563
2419
1965
1442
1189
1094
1090
872
477
270
330
568
680
545
467
433
376
112
-363
-466
-183
155
263
168
253
511
743
580
127
-146
-146
-91
-98
-59
38
261
349
235
62
-82
-122
-262
-490
-663
-714
-591
-414
-315
-299
-407
-602
-758
-927
-1066
-1162
-1301
-1344
-1115
-729
-519
-551
-601
-471
-393
-570
-790
-823
-641
-461
-409
-422
-334
-113
-50
-177
-350
-442
-339
-244
-275
-267
-100
170
402
471
557
710
833
886
711
559
515
522
581
630
738
833
840
812
766
604
524
447
362
397
264
183
137
-43
-156
-293
-506
-751
-954
-1180
-1698
-2322
-2735
-2701
-2491
-2523
-2561
-2516
-2396
-2221
-2253
-2464
-2597
-2414
-2064
-2013
-2159
-2307
-2137
-1585
-1275
-1278
-1347
-1254
-983
-752
-687
-713
-546
-65
343
399
475
728
1124
1497
1546
1423
1382
1552
1907
2117
2139
2146
2327
2638
2818
2867
2744
2623
2613
2650
2694
2684
2799
2929
3023
2933
2544
2212
1883
1662
1529
1185
827
519
487
647
499
321
282
273
226
-89
-347
-280
-54
226
287
257
401
471
455
339
106
-58
-186
-253
-283
-238
-137
-211
-407
-522
-602
-725
-876
-1060
-1096
-1012
-935
-883
-916
-855
-707
-685
-908
-1127
-1144
-1172
-1151
-1194
-1225
-1069
-917
-794
-739
-717
-702
-619
-602
-591
-596
-563
-239
-116
-87
40
117
293
290
188
115
48
173
289
409
485
461
498
730
1073
1178
1123
1199
1317
1272
1197
1145
1033
1072
1154
986
841
773
647
485
289
52
-41
-18
-94
-149
-320
-570
-727
-945
-1155
-1292
-1350
-1477
-1788
-2051
-2116
-2181
-2208
-2153
-2256
-2357
-2515
-2758
-2869
-2930
-2859
-2691
-2679
-2654
-2499
-2260
-1880
-1552
-1363
-1201
-1097
-993
-777
-523
-395
-205
75
263
495
725
859
1029
1329
1389
1302
1375
1380
1531
1737
1915
2147
2263
2451
2697
2976
3166
3138
3073
2991
2884
2805
2732
2672
2590
2391
2135
1747
1378
1218
1094
984
742
512
455
366
433
511
506
527
431
349
314
237
190
182
157
128
17
-132
-238
-327
-435
-707
-967
-987
-901
-740
-728
-839
-756
-597
-489
-418
-518
-716
-782
-742
-688
-752
-818
-844
-932
-948
-982
-1133
-1194
-1092
-1073
-1205
-1266
-1235
-1061
-771
-573
-404
-359
-337
-240
-271
-246
-213
-206
-113
-77
-55
-122
-166
-42
88
128
126
302
485
652
803
929
1205
1365
1483
1586
1579
1597
1530
1330
1138
985
815
698
551
432
396
238
-19
-282
-466
-530
-475
-510
-737
-857
-902
-1074
-1180
-1285
-1518
-1649
-1847
-2227
-2464
-2686
-2906
-2980
-3105
-3116
-3121
-3134
-2920
-2747
-2631
-2469
-2200
-1865
-1620
-1372
-1188
-973
-685
-425
-216
-127
-95
-45
72
139
173
329
549
742
912
1194
1522
1857
2194
2417
2521
2670
2925
3059
3067
3054
3053
3062
2970
2870
2739
2561
2417
2079
1819
1666
1506
1481
1429
1365
1234
1157
1173
1123
1175
1158
959
786
605
433
236
-18
-183
-295
-423
-476
-641
-792
-754
-737
-683
-581
-561
-423
-196
-161
-158
-218
-286
-293
-443
-680
-834
-860
-928
-1114
-1269
-1333
-1291
-1189
-1148
-1245
-1303
-1214
-1034
-903
-881
-742
-527
-368
-308
-268
-244
-230
-184
-290
-442
-685
-732
-504
-427
-309
-296
-376
-302
-76
259
484
665
826
1059
1249
1267
1289
1202
1263
1331
1079
827
649
615
747
585
249
13
-149
-145
-269
-412
-490
-511
-347
-360
-534
-574
-525
-657
-905
-1254
-1625
-1886
-2135
-2237
-2364
-2535
-2648
-2740
-2691
-2680
-2639
-2419
-2341
-2205
-1964
-1851
-1641
-1365
-1150
-918
-717
-739
-710
-565
-480
-248
-68
22
141
280
521
777
1005
1174
1401
1590
1764
1976
2126
2354
2502
2558
2545
2466
2430
2417
2354
2256
2211
2098
1939
1892
1965
2002
1956
1887
1849
1833
1823
1739
1638
1612
1516
1497
1315
1025
896
689
500
303
118
-8
-83
-156
-264
-248
-103
-102
-254
-233
-184
-246
-327
-370
-416
-516
-617
-681
-765
-802
-724
-732
-842
-937
-980
-959
-905
-829
-816
-883
-834
-744
-777
-793
-753
-701
-649
-629
-589
-457
-310
-261
-258
-210
-194
-256
-262
-256
-182
-125
-103
108
235
279
358
391
403
415
493
568
568
574
579
614
611
569
565
549
502
341
176
-12
-141
-215
-367
-359
-418
-604
-756
-972
-1093
-1171
-1293
-1314
-1375
-1448
-1462
-1536
-1619
-1634
-1541
-1538
-1651
-1725
-1708
-1631
-1622
-1619
-1658
-1719
-1682
-1607
-1485
-1298
-1123
-975
-798
-681
-575
-290
3
243
369
449
575
668
918
1122
1190
1223
1249
1444
1499
1420
1494
1623
1867
1926
1904
2035
2073
2192
2226
2108
1973
1818
1738
1649
1550
1479
1373
1240
1132
1008
867
719
771
793
659
687
617
588
612
504
522
481
439
399
276
223
49
-21
-34
-139
-217
-381
-507
-573
-632
-606
-615
-745
-709
-501
-402
-305
-229
-244
-222
-183
-162
-261
-368
-357
-398
-375
-361
-383
-347
-393
-388
-326
-242
-182
-242
-282
-213
-70
18
91
218
237
271
301
347
388
385
419
293
230
256
213
217
208
109
-89
-293
-413
-480
-521
-512
-513
-506
-493
-545
-598
-570
-549
-677
-771
-771
-832
-968
-1094
-1169
-1253
-1337
-1470
-1608
-1739
-1908
-1997
-2075
-2057
-1776
-1610
-1534
-1318
-1179
-1012
-861
-769
-709
-713
-585
-557
-620
-590
-535
-336
-256
-280
-130
-2
95
337
527
638
882
1092
1303
1534
1631
1725
1793
1834
1824
1669
1656
1682
1574
1535
1423
1339
1278
1160
1226
1284
1298
1343
1299
1375
1492
1465
1382
1341
1292
1163
1019
863
710
514
390
285
123
16
-161
-271
-221
-218
-212
-161
-107
-46
16
77
141
104
86
124
-54
-232
-366
-488
-515
-568
-736
-915
-900
-918
-938
-910
-910
-770
-619
-514
-475
-416
-252
-146
-81
-116
-140
-138
-84
53
-1
-87
-110
-30
-22
-177
-157
-64
50
198
307
379
436
568
744
876
841
674
550
491
408
336
321
205
97
69
7
-71
-118
-205
-355
-460
-529
-622
-625
-514
-526
-691
-829
-943
-1112
-1266
-1412
-1569
-1639
-1731
-1784
-1794
-1905
-1912
-1848
-1813
-1803
-1789
-1719
-1589
-1443
-1356
-1190
-1012
-828
-738
-741
-606
-536
-458
-301
-207
-120
72
333
487
562
642
714
787
1008
1206
1351
1539
1597
1726
1918
1968
1972
1915
1823
1794
1681
1602
1660
1616
1570
1606
1573
1506
1480
1479
1496
1420
1279
1261
1230
1136
1053
871
673
550
405
258
139
146
129
10
-26
-52
-5
10
-100
-121
-196
-300
-298
-389
-444
-476
-495
-475
-617
-785
-830
-874
-935
-908
-776
-693
-700
-632
-561
-507
-516
-456
-419
-556
-473
-478
-609
-574
-643
-679
-653
-727
-691
-479
-372
-302
-164
-102
-6
42
18
5
-75
-109
-113
-108
-197
-222
-42
91
169
102
123
154
52
11
-74
-46
-11
-33
-10
-79
-144
-108
-57
-94
-198
-311
-383
-418
-441
-528
-619
-639
-649
-663
-757
-811
-827
-811
-662
-569
-541
-564
-674
-690
-683
-722
-780
-887
-818
-638
-587
-475
-331
-258
-121
-34
-5
117
234
242
210
238
281
363
521
641
716
754
837
917
933
962
1043
1213
1327
1354
1381
1337
1243
1279
1327
1239
1223
1234
1224
1193
1123
1062
1037
1022
945
862
810
763
641
633
700
658
653
684
726
682
564
482
307
146
-23
-184
-228
-311
-408
-505
-516
-461
-402
-349
-339
-278
-252
-256
-313
-380
-320
-361
-495
-532
-528
-546
-565
-553
-556
-499
-453
-423
-414
-514
-545
-561
-592
-548
-496
-419
-398
-345
-243
-268
-251
-241
-308
-366
-459
-479
-563
-641
-598
-654
-557
-424
-432
-353
-370
-367
-353
-405
-477
-523
-445
-569
-713
-790
-876
-877
-898
-850
-763
-713
-697
-667
-666
-726
-759
-828
-863
-851
-842
-781
-682
-561
-398
-220
-116
-37
125
134
92
134
77
138
111
102
273
365
488
622
668
676
767
846
983
1135
1133
1181
1206
1178
1227
1289
1266
1184
1211
1267
1270
1233
1182
1212
1200
1163
1106
989
922
913
898
925
929
903
1003
1038
945
882
817
712
567
422
343
301
252
137
27
10
-25
-83
-43
-20
-114
-198
-263
-269
-247
-319
-349
-334
-405
-511
-570
-590
-656
-650
-569
-542
-524
-598
-616
-617
-636
-697
-790
-708
-698
-584
-435
-519
-489
-415
-404
-358
-405
-404
-359
-430
-460
-481
-470
-396
-297
-212
-216
-218
-224
-190
-178
-203
-179
-178
-189
-218
-306
-349
-356
-405
-418
-373
-385
-393
-351
-355
-352
-418
-467
-520
-683
-729
-700
-711
-724
-719
-674
-621
-580
-562
-529
-574
-665
-653
-575
-548
-579
-503
-390
-308
-242
-277
-210
-126
-146
-32
-6
47
139
101
226
360
514
652
675
736
821
960
1018
1084
1174
1213
1269
1229
1214
1236
1272
1298
1312
1394
1390
1444
1415
1342
1368
1307
1339
1337
1249
1214
1295
1308
1175
1107
1009
927
855
706
623
555
471
438
401
414
397
363
365
305
279
162
-20
-57
-94
-186
-273
-404
-460
-466
-595
-751
-793
-785
-853
-886
-902
-909
-890
-919
-888
-920
-978
-927
-901
-949
-997
-1013
-1037
-1065
-1119
-1152
-1176
-1174
-1200
-1189
-1060
-1055
-963
-859
-816
-666
-669
-687
-563
-538
-577
-582
-601
-540
-465
-429
-347
-300
-293
-192
-92
-107
-91
-62
-100
-58
-19
-66
-1
163
176
167
209
131
197
247
193
218
200
185
220
193
127
202
228
231
277
189
184
228
196
180
209
321
371
348
322
315
406
383
320
339
309
329
354
341
379
446
441
356
450
629
610
595
616
608
630
634
605
629
671
614
618
641
661
660
583
631
702
689
678
665
628
606
559
599
714
644
626
655
644
624
558
522
453
398
278
160
118
55
29
3
-10
-11
-64
-99
-140
-181
-183
-341
-428
-407
-565
-592
-599
-689
-725
-806
-777
-810
-869
-926
-1017
-1024
-1082
-1171
-1222
-1196
-1198
-1207
-1190
-1205
-1177
-1135
-1100
-1130
-1105
-1007
-1031
-1035
-1124
-1130
-980
-954
-874
-794
-736
-596
-563
-514
-410
-468
-407
-260
-251
-269
-174
-66
-54
59
84
109
274
304
324
338
383
457
483
524
553
601
669
672
631
753
841
779
829
909
994
1036
940
896
883
889
886
824
841
865
870
894
909
886
883
909
864
810
764
749
688
577
575
555
489
459
367
275
270
231
248
229
200
262
193
117
52
-31
-91
-167
-179
-194
-209
-210
-228
-197
-136
-102
-149
-162
-136
-176
-251
-278
-237
-207
-186
-142
-184
-209
-174
-262
-274
-218
-201
-231
-254
-165
-206
-186
-90
-121
-63
15
18
60
99
26
-81
-166
-256
-338
-445
-506
-551
-623
-604
-561
-485
-363
-290
-329
-359
-361
-468
-559
-606
-651
-596
-622
-659
-663
-729
-712
-749
-735
-756
-798
-735
-784
-775
-676
-552
-438
-375
-344
-327
-273
-297
-331
-304
-314
-295
-250
-230
-179
-132
-116
-114
-16
106
206
339
364
435
536
516
571
617
630
611
486
496
522
445
469
473
527
668
719
720
697
665
709
760
787
842
820
775
771
782
768
667
574
587
598
570
531
478
490
472
480
547
579
609
488
406
442
406
400
309
244
223
136
96
26
-54
-198
-158
-61
-159
-170
-186
-211
-188
-176
-215
-241
-245
-325
-329
-377
-450
-467
-620
-631
-541
-653
-667
-640
-641
-533
-454
-335
-264
-276
-248
-305
-372
-458
-539
-538
-582
-585
-565
-545
-511
-450
-407
-430
-367
-311
-328
-289
-253
-201
-149
-129
-49
-7
-36
-99
-177
-299
-343
-367
-411
-345
-308
-242
-195
-126
3
2
-18
47
154
182
99
80
56
-36
-23
-76
-115
-80
-185
-177
-57
-71
25
118
109
240
285
323
323
248
266
263
278
276
257
271
266
202
175
197
155
189
276
266
286
451
544
484
500
594
623
561
503
452
384
378
324
308
325
266
311
274
229
317
377
368
301
381
449
371
379
294
238
231
166
222
173
88
39
67
84
42
115
71
-13
62
100
89
69
32
87
80
50
37
-77
-175
-257
-321
-313
-310
-327
-287
-279
-314
-257
-215
-218
-275
-333
-305
-311
-331
-387
-476
-462
-459
-551
-570
-548
-611
-669
-647
-567
-548
-498
-404
-408
-336
-271
-277
-347
-419
-395
-389
-355
-352
-359
-358
-293
-266
-326
-227
-182
-192
-184
-172
-59
-16
9
124
160
133
210
184
93
83
35
30
67
78
66
114
171
215
247
284
375
351
378
420
386
418
383
374
362
297
293
268
214
189
210
248
275
267
398
452
424
494
436
448
394
346
388
320
286
208
138
144
152
96
88
109
51
96
148
57
55
134
104
149
174
123
97
35
4
-46
-76
-134
-169
-189
-220
-163
-96
-64
-71
62
129
97
124
121
71
5
-64
-101
-58
-150
-165
-164
-202
-92
-185
-193
-75
-122
-138
-139
-81
-29
-51
-64
4
36
-83
-77
-116
-250
-248
-297
-416
-434
-354
-364
-397
-345
-271
-217
-191
-145
-134
-161
-150
-151
-194
-232
-264
-292
-288
-312
-307
-397
-396
-324
-370
-234
-184
-166
-79
-84
-43
0
23
45
-5
-43
-5
-27
-21
-10
-31
15
28
40
40
25
36
83
141
143
172
240
292
295
271
314
260
137
108
71
90
106
82
105
126
138
170
191
192
202
143
120
204
226
152
184
229
199
212
130
93
101
62
80
84
110
173
155
162
218
254
256
197
151
97
135
171
161
164
156
184
157
167
162
51
84
104
8
55
93
80
56
69
96
51
96
98
21
-18
-5
-29
-126
-189
-245
-183
-170
-231
-204
-195
-151
-117
-87
-7
23
-34
-122
-174
-199
-257
-274
-293
-315
-328
-344
-336
-341
-279
-291
-313
-254
-246
-254
-244
-242
-198
-153
-134
-144
-223
-209
-233
-318
-273
-272
-283
-281
-248
-220
-250
-133
-85
-127
-44
-15
22
117
101
50
-14
-5
27
-50
-2
-8
-79
-19
7
52
180
250
264
337
295
207
241
199
166
163
139
140
129
130
97
95
131
128
138
80
96
182
179
159
135
202
256
235
195
168
129
71
89
13
-49
39
39
24
103
76
60
105
70
106
159
181
194
90
33
129
173
99
93
118
79
20
26
82
19
7
140
152
118
131
89
160
145
54
114
114
40
-26
0
4
-35
-79
-60
-16
-71
-41
-17
-84
-127
-103
-11
47
48
8
-90
-117
-123
-167
-182
-196
-217
-270
-279
-284
-278
-208
-220
-215
-129
-161
-190
-228
-259
-212
-193
-136
-127
-97
-154
-289
-202
-149
-226
-176
-201
-272
-203
-211
-184
-76
-120
-148
-91
-27
-55
-116
-58
-25
-57
-78
-12
44
57
7
-21
33
19
39
81
66
121
104
18
95
146
158
172
127
136
138
152
154
185
267
283
302
317
306
247
227
247
225
209
173
135
78
118
196
181
185
184
175
155
143
109
54
89
119
107
80
75
141
73
64
107
42
42
-30
-22
91
40
-1
6
-61
-47
38
46
22
-1
-18
-73
-62
16
-78
-119
-10
-34
-91
-53
-3
-31
-3
47
17
-18
-70
-86
-123
-153
-168
-108
-26
-30
16
57
49
-48
-123
-81
-47
-123
-148
-130
-137
-72
-74
-38
8
-3
-24
0
-5
-61
-85
-142
-86
-7
-7
-110
-166
-160
-216
-169
-99
-86
-92
-89
-74
-71
-83
-23
-30
-106
-143
-128
-95
-112
-83
-47
-24
-34
-43
-18
-58
-113
-104
-63
-43
-18
-2
-4
22
28
54
83
128
104
54
102
55
127
153
51
112
176
168
154
149
93
91
123
108
105
118
192
112
67
196
194
175
182
123
103
86
28
34
39
10
65
133
129
152
147
105
164
122
56
82
8
-21
24
-19
1
30
-36
5
22
69
125
78
119
67
1
84
67
20
-35
-59
-6
-34
-37
-25
34
30
-50
-24
-38
-111
-199
-179
-77
-59
-85
-41
-5
-25
39
1
-87
-75
-80
-197
-224
-146
-234
-263
-230
-196
-116
-116
-104
-104
-143
-64
-10
-65
-119
-120
-96
-152
-230
-203
-182
-192
-143
-56
13
-19
-79
-86
-66
-20
-10
-42
-58
-70
18
8
-55
41
40
-20
-10
29
-2
-3
42
139
199
147
151
137
116
141
137
81
44
64
77
100
127
147
139
122
212
192
157
177
118
154
164
228
213
72
71
54
54
50
30
70
77
85
94
87
17
-18
23
11
21
30
0
-45
-56
-3
33
44
66
28
-21
-7
-148
-205
-137
-113
-39
-61
-101
-105
-142
-94
-59
-72
-53
-74
-66
-74
-71
-25
-40
-55
-37
19
45
-112
-192
-140
-140
-124
-117
-81
-31
-38
-68
-16
2
-9
-21
-56
-12
-43
-65
-52
-32
-1
0
-15
-56
-111
-158
-104
-78
-57
-62
-20
32
-49
-29
13
19
18
44
79
-16
-105
-65
-31
-8
32
17
-38
-80
-83
-109
-44
68
82
108
111
84
49
1
-6
-36
0
42
-11
31
37
-21
-31
41
110
105
92
40
44
25
1
86
99
123
165
131
148
135
122
119
69
104
139
85
14
-20
-30
-24
42
108
138
141
157
204
156
126
133
97
61
-21
-31
-12
-36
41
68
-22
18
62
-33
-66
-19
-23
-61
-69
-75
-65
-12
-15
-46
-11
-6
-8
-61
-90
-70
-131
-76
-66
-115
-62
-112
-137
-122
-94
-27
-50
-17
-42
-108
-55
-132
-163
-97
-105
-123
-132
-48
-20
-56
-31
-44
-9
41
16
12
-73
-159
-122
-66
-14
36
30
19
-12
-48
47
28
12
68
-25
-33
-15
9
20
-48
23
119
151
56
10
1
-106
-36
-22
17
54
-27
72
71
76
145
154
136
91
63
-20
27
31
-59
45
74
47
107
90
56
51
39
71
122
57
68
72
24
83
19
42
105
36
-7
-44
-68
-74
-49
-4
-24
-47
-25
-50
-76
-71
48
163
110
85
92
36
-12
-3
-4
-80
-83
-45
-106
-186
-142
-109
-60
-3
48
77
-20
22
2
-61
74
143
80
43
33
2
-27
-26
-32
-48
-73
-115
-69
-119
-164
-120
-94
-6
22
73
74
0
32
26
18
-13
-73
-52
-140
-197
-176
-173
-71
-73
-86
-53
-51
18
-57
-111
3
15
1
-15
-47
-35
-35
-22
2
48
25
-64
-67
-97
-130
-61
-24
17
-17
-67
11
53
56
55
70
81
97
48
-10
-14
-37
15
68
124
148
96
67
22
65
121
120
117
94
62
53
89
94
87
91
133
113
99
110
13
0
30
95
162
138
68
-11
-24
3
11
32
157
132
44
66
20
21
9
-7
42
72
29
-5
29
-19
27
134
115
92
-24
-121
-168
-227
-158
-121
-112
-64
-66
-58
-57
-40
1
18
37
65
30
-28
-78
-84
-58
-44
-69
-113
-105
-196
-204
-112
-77
32
14
8
64
12
16
-12
-74
-23
46
4
-77
-106
-81
-91
-100
-33
-24
-73
-60
-57
-99
-54
29
106
45
28
89
26
-34
-66
6
19
-27
-26
-55
-112
-99
-55
-50
-51
-8
59
47
33
46
56
41
-22
-15
-30
-113
-120
-134
-104
-22
-24
3
42
25
55
90
89
22
51
113
59
114
142
52
12
29
8
-51
-40
-19
-46
-58
-18
68
102
95
165
148
98
164
136
48
40
94
139
77
-18
4
-8
-62
-28
6
63
75
49
59
66
81
103
91
65
128
103
62
75
6
31
39
9
74
-62
-165
-92
-112
-152
-133
25
96
31
74
111
54
20
-11
29
48
-41
11
-46
-115
-49
-102
-102
-81
-100
-131
-133
-120
-113
-64
-6
39
40
23
-24
-49
-23
-55
-62
-54
-69
-64
-103
-86
-50
-64
-61
-78
-35
-8
-63
-64
-29
14
35
21
-26
-57
-67
-90
-50
-21
31
95
35
-19
27
27
-61
-43
-24
8
23
-69
-14
-44
-78
20
14
51
30
-40
0
1
5
64
116
163
132
41
6
-23
-89
-90
-76
-28
1
-80
-84
-118
-73
54
33
51
58
99
118
70
67
72
130
66
-38
-94
-103
-127
-140
-49
20
136
89
25
57
40
105
55
57
191
139
93
85
15
12
-2
-7
-4
-45
-111
-151
-94
16
115
153
177
148
132
81
6
14
-33
-5
79
99
82
-59
-94
-48
-105
-59
-46
-54
-9
-71
-62
122
118
76
130
-13
-31
-45
-126
-81
-80
-56
-32
-28
-43
-76
-73
-68
-38
24
-3
31
92
15
-28
-26
-55
-59
-48
-194
-208
-85
-112
-37
74
85
58
46
61
-32
-100
-70
-35
-41
-60
-23
3
17
-43
-108
-111
-62
-42
-70
-39
6
88
72
23
77
66
39
35
-12
-20
10
5
8
-8
-48
-33
-54
-69
0
-39
-29
59
24
76
122
158
194
85
39
16
10
65
3
-15
-1
-4
46
7
-60
-123
-138
-64
8
80
148
188
133
89
144
125
15
0
-39
-93
-7
-62
-118
-62
-109
-38
65
49
55
14
17
14
54
165
131
126
88
-40
-72
-128
-191
-136
-54
-36
-24
-18
-51
46
26
-10
103
88
22
10
-20
-61
18
23
81
95
-26
-47
-110
-107
-86
-36
66
23
-13
20
-2
-50
1
13
46
117
6
-40
-40
-114
-94
-33
-12
17
12
-94
-107
-26
5
19
1
54
67
-31
-79
-96
-74
-82
-56
5
-37
-18
-8
-71
-26
35
105
85
63
49
-42
-19
-8
8
12
-9
-25
-82
-89
-85
-20
19
5
80
72
24
88
121
122
168
204
182
126
24
-93
-129
-135
-68
-29
-10
-4
-36
-7
38
132
149
148
202
133
84
51
10
67
44
71
118
31
-43
-126
-177
-114
-30
-13
19
39
31
48
84
82
69
135
146
59
45
-10
-117
-108
-31
-26
-121
-135
-152
-164
-85
-28
14
63
120
103
76
69
17
4
-9
-6
56
0
-98
-75
-100
-123
-42
-80
-178
-129
-62
-53
16
27
25
133
114
88
93
-37
-92
-89
-94
-70
-74
-61
-96
-102
-58
-73
-15
2
6
64
61
64
70
65
33
1
23
-28
-97
-70
-69
-104
-57
-15
-17
52
17
-84
-44
-56
-33
85
99
77
29
-6
20
16
2
-14
-61
-147
-132
35
-12
-94
-11
34
83
63
67
100
-7
-20
39
6
71
33
-92
-89
-96
0
30
-23
1
1
16
33
81
79
37
58
48
31
49
62
32
10
-9
8
4
-62
-50
-7
-11
22
134
153
98
86
48
-8
4
4
19
47
-20
27
37
-27
14
-18
22
31
-68
-5
17
42
30
22
135
42
9
15
-72
-52
-131
-111
6
-15
29
42
4
-5
-94
-85
-28
-47
-49
-17
-11
-13
13
23
35
8
-51
-60
-36
-76
-111
-74
-37
20
34
4
0
16
-18
-76
-12
69
71
0
-28
-27
-52
-26
-37
-42
-26
-46
-14
20
-1
-17
36
97
56
32
35
82
62
14
15
6
41
-64
-117
-40
-37
-27
-23
-13
81
78
54
90
22
75
50
-48
24
-14
-35
-15
27
73
21
-15
-63
-34
-85
-74
17
-14
78
90
37
87
115
76
9
43
62
3
-35
-21
-38
-89
-60
-45
2
43
19
41
-2
9
82
50
45
6
-2
25
-21
34
7
-61
-23
-26
20
46
8
-19
-24
-13
15
35
57
57
8
36
21
15
58
-36
-100
-38
-8
-22
-36
-79
-33
-45
-74
28
6
9
64
28
32
76
52
-31
-85
-125
-123
-53
-23
-37
0
-22
9
55
12
27
3
-33
-19
-8
0
9
-40
-52
-8
9
16
-26
-69
-51
-8
-11
-24
18
40
-9
43
73
13
19
-46
-19
38
-4
60
18
-45
-6
-35
-47
-63
14
66
44
138
108
74
84
6
4
-24
-26
-22
-117
-59
0
-24
-4
-3
111
129
26
40
37
52
49
42
61
-15
-47
-1
-13
-43
-44
-52
-38
-3
49
55
18
27
-20
14
76
30
17
58
43
34
93
49
-16
-110
-140
-73
-82
-72
-75
-37
-1
38
151
165
130
63
23
16
-47
-51
-86
-49
-14
-74
-36
-36
-83
-111
-79
-25
4
23
17
31
-2
6
107
85
42
20
-46
-49
-94
-147
-113
-117
-100
3
-18
-29
23
-8
30
44
41
78
27
-26
-32
-45
-42
-67
-77
20
-13
-54
50
38
-44
-23
-3
19
67
-3
-11
15
-26
10
2
45
46
-27
13
9
12
26
-4
13
8
4
7
-10
-13
-25
8
10
16
32
5
-20
-13
11
19
30
-7
-18
-6
-8
20
93
24
-14
60
33
-19
-71
-28
29
41
-6
-24
33
5
4
-4
-26
1
-8
-18
0
-17
21
69
19
79
74
-8
12
-65
-74
-26
-32
0
-7
-33
14
31
7
32
11
38
29
0
63
-17
-23
18
11
2
-74
-54
-4
-49
-62
6
-30
-16
44
20
40
-71
-94
5
-17
-16
8
39
29
25
27
30
-27
-108
-63
-58
-36
-13
-76
-29
-5
-24
55
83
10
-13
-8
-51
-24
-8
-13
-2
-21
4
-46
-33
16
-40
-32
1
27
2
11
35
-35
-3
23
-13
24
16
-28
-61
-29
15
40
27
-26
12
29
52
35
7
46
15
17
2
-27
-40
-76
-61
-12
42
17
1
111
113
-9
-7
41
33
-14
12
91
-7
-35
-4
-68
26
45
-38
-24
8
-3
-31
16
1
14
68
89
69
-24
17
40
-6
-28
27
97
-36
-66
-52
-95
8
-11
-54
42
39
37
79
33
91
139
-26
-49
-3
-15
13
-79
-75
6
-13
-44
-65
-62
-30
52
26
74
101
-42
47
81
-12
15
16
-22
-44
-51
-53
-52
-84
4
68
-18
-23
-26
-38
23
51
9
37
17
-43
-14
-7
25
28
-31
-6
-53
-43
14
-115
-95
8
57
78
-33
-26
63
84
91
38
15
-2
-51
-71
-119
-56
32
5
56
61
-6
-13
-13
-10
-19
14
7
0
44
-16
-4
24
-35
-23
-51
-44
-11
-40
13
-7
-27
103
67
-21
11
-19
-11
29
-11
-21
-42
-5
34
-26
-48
-45
-14
-16
-62
0
67
54
22
-21
7
29
-45
-53
-36
-11
23
-6
32
47
-34
-43
40
42
0
30
6
-8
17
45
25
-19
13
0
-51
-6
45
7
8
3
17
67
0
-42
-71
-52
52
102
98
61
35
28
-22
-67
-57
-54
-53
-50
-74
59
128
40
95
90
37
12
-40
-55
-64
-58
-18
44
6
43
32
-132
-91
-49
-10
64
26
32
23
22
33
46
47
-86
-94
-35
-42
-5
8
17
-11
5
71
35
-59
-120
-101
-27
56
53
44
42
18
20
16
33
-62
-74
-19
-90
1
-11
-40
63
-21
-54
31
36
-33
-11
72
40
39
80
26
-6
-26
-54
-14
-16
-13
-3
-63
-30
-16
-7
51
11
-15
-7
1
32
42
8
-13
30
20
-10
-16
-48
-92
-52
61
75
37
-7
-24
12
-16
-38
-1
-1
17
20
-1
34
8
-53
-66
11
59
-10
-26
-38
-14
35
4
-46
-4
61
11
-14
5
43
34
5
17
0
-2
-53
-84
-37
-12
-14
-12
44
80
64
100
31
-7
69
-55
-99
-39
-28
1
-40
5
16
-19
-38
-80
-15
-1
61
80
0
19
9
37
15
-59
-17
18
26
-26
-73
-7
28
2
-32
-19
32
19
-18
-3
26
37
52
30
22
-10
-103
-56
4
-28
-52
-30
-5
-6
-10
8
58
14
-21
41
18
0
61
64
-14
-52
19
43
-31
-73
-71
-66
47
61
10
56
11
35
-20
-62
31
15
1
3
-16
52
74
-50
-35
-13
-41
-17
-19
36
59
16
0
51
31
19
23
-93
-87
-86
-18
90
13
-14
0
24
-21
-40
18
15
-47
-15
87
38
11
13
11
-18
-55
65
29
-95
-53
-66
-28
48
40
13
-17
48
-1
-55
24
-1
26
100
-3
-14
55
-22
-31
-70
-81
15
21
35
22
4
-32
-45
-30
-22
4
-35
-10
29
43
107
63
14
12
1
13
-22
-34
-27
-32
3
48
0
0
13
-10
41
10
40
34
-38
49
14
-10
-11
-72
11
6
-20
-39
-66
1
18
101
102
-7
21
26
-10
7
-3
-36
-32
-13
1
44
18
-65
-49
40
44
22
-6
-56
7
24
-4
15
-9
-22
0
3
21
34
11
36
43
28
-39
-48
16
-16
-53
-49
-34
-9
-19
-19
6
16
30
44
47
23
16
-39
-43
-42
-42
37
14
-51
-5
41
14
-24
-36
-16
-25
32
60
-65
-57
54
14
24
71
-3
-16
3
-41
-93
-27
30
17
51
39
50
20
-6
17
5
34
31
-13
-31
-65
-73
-59
2
55
-22
20
21
-47
11
24
72
47
-14
47
-3
-70
-18
-4
-35
10
44
76
45
-67
-23
25
15
-1
-28
-37
-9
8
1
33
35
20
24
-1
-28
-19
-12
-14
-15
-4
20
-13
-6
64
16
-4
38
10
-16
-56
-43
-11
-20
6
47
34
-22
-32
-24
-64
-48
43
20
-22
78
102
23
54
30
-47
4
-33
-82
-34
-33
-5
13
28
18
38
57
-75
-32
73
-2
-11
18
-29
-17
8
-50
12
89
48
-18
-62
-20
33
-3
-43
17
28
33
-18
-78
-35
-60
21
93
14
53
7
-55
41
-69
-95
49
14
37
11
-35
87
14
-72
32
-9
-64
-11
-23
7
63
52
49
-1
-69
-15
1
-80
-60
-64
-33
-10
5
108
35
8
45
11
31
-10
-23
7
-59
-14
13
-50
-31
-52
-33
-9
10
102
111
-37
-81
-2
-3
21
8
-9
-40
-43
42
2
5
47
7
38
13
-52
-25
-37
-81
-21
2
0
65
72
-17
-67
-24
-4
33
35
-10
11
16
-32
-16
28
-19
-38
-17
-7
2
35
27
-40
-4
20
-21
45
86
-1
-49
-31
13
12
-38
-40
-18
-9
-20
49
43
-38
18
14
-36
7
100
19
-86
5
34
7
-44
-28
22
36
3
-30
41
-25
-45
-48
-74
74
57
7
37
28
2
-83
-55
-24
-10
46
41
56
32
43
0
-36
38
-38
-25
-9
-77
-8
14
-66
-87
39
51
1
52
7
34
35
-52
-2
-4
-61
4
34
15
83
59
-15
-38
-58
-48
-57
-30
-33
-87
-31
50
74
47
16
53
81
0
-32
38
7
-29
-9
-52
-46
-13
-78
-79
-1
67
49
-9
16
8
13
41
40
22
0
-3
-32
-44
-40
-44
-2
20
13
-12
-21
3
-2
13
-27
-9
77
2
24
19
-2
81
12
-40
-55
-59
-4
-13
-33
-4
-17
-21
9
22
54
47
36
28
-20
1
6
-44
-70
-39
20
16
-7
60
30
-58
6
51
26
-51
-21
38
-1
22
35
-25
-9
-19
-83
-4
48
47
-22
-58
16
40
34
42
30
-14
16
34
6
0
-25
-46
-13
-3
-70
-17
-11
-99
-28
36
6
14
64
110
110
58
75
92
-44
-118
-115
-114
-78
-56
4
17
25
53
7
-8
20
28
36
53
47
59
22
-44
-23
-48
-52
-57
-10
60
-27
-24
3
-66
-11
55
32
58
5
-39
1
44
34
-16
31
50
27
2
-12
-61
-110
-87
-61
33
28
-35
37
68
51
37
18
14
7
21
24
89
12
-56
-7
-113
-82
3
-53
-16
19
-28
-11
-12
-37
25
124
135
52
5
-15
5
19
-47
-79
-61
-7
15
-33
-59
-20
-1
59
100
-1
-52
-30
-6
13
44
39
-29
-37
-25
11
29
8
56
-9
4
53
-64
-75
-31
17
21
-63
32
72
-32
2
6
-31
-15
61
46
-72
-57
2
29
-13
-36
35
72
64
44
16
-11
12
-65
-136
-2
-31
-2
69
-50
11
25
48
93
-74
-38
22
-40
0
16
54
79
0
-24
-20
-46
-8
42
-43
-54
-2
-31
-30
-37
4
65
62
62
72
-5
-85
-43
37
40
-4
-10
-14
-30
-36
-55
15
39
-18
17
-2
-40
3
45
31
26
54
56
-16
-79
-34
-1
-10
-48
-48
-37
7
70
-10
7
31
21
73
-14
4
41
-75
-21
-16
-65
-6
-39
0
35
49
69
12
5
-28
-12
18
-25
-10
-32
-11
45
0
-8
-16
-3
-30
-66
-1
8
80
67
-1
52
14
-4
-31
-30
-29
-59
14
-20
-63
-25
-16
-23
65
125
40
11
-1
19
36
-48
-37
-66
-88
36
41
19
-9
-101
-17
85
33
23
21
15
-1
-33
1
-2
2
5
48
101
-29
-75
-64
-115
-2
48
-46
16
105
34
-12
-22
-32
49
98
-27
-68
5
-9
13
16
-12
19
28
-39
-65
4
19
-32
-36
2
47
-34
-6
87
-1
53
55
-33
12
28
-25
-64
-57
9
36
4
7
2
-15
-44
-53
37
29
-2
33
-31
23
32
-14
18
-34
34
59
-5
12
-21
-28
-69
-42
4
-1
63
-5
-35
9
37
35
9
13
-8
-23
15
0
-43
4
-11
-30
-9
-4
25
43
29
21
24
6
-2
-5
-26
3
-38
-56
-1
-23
-2
8
0
13
34
3
9
84
27
-61
-16
24
10
-16
-60
-47
-6
39
56
-16
10
28
-68
-13
-21
-7
21
-51
45
29
44
31
-67
47
12
10
68
2
32
-21
-50
-58
-173
-85
39
-4
28
100
55
69
56
2
-25
-31
25
-12
-26
58
36
-60
-102
-60
14
-51
-9
65
18
31
26
54
4
-20
36
30
12
-2
-50
-52
-38
-80
2
40
22
65
63
11
-25
-22
1
-13
-57
7
10
-14
-1
-18
24
35
22
-4
-38
-16
40
43
-5
-11
16
60
46
-7
-83
-67
-30
7
68
13
-10
-22
9
48
21
0
45
51
-40
-46
-43
-61
-12
-14
3
32
-1
20
0
-11
5
27
45
12
0
-19
-30
-60
-19
48
47
-2
-49
29
20
-9
-9
-23
13
-18
33
70
28
11
-10
25
16
-49
-45
16
31
37
29
-23
-47
-52
-28
8
5
-41
-36
-26
11
16
-54
-6
51
107
79
-26
-14
-19
-21
-17
-32
-9
13
33
13
-29
-65
-74
-26
32
37
4
17
73
104
100
27
-42
8
23
-42
-69
-90
-37
-11
-59
36
78
-8
-27
2
16
-2
-15
27
-31
-106
4
13
-24
35
8
-36
16
38
40
47
-16
-3
4
-27
-35
-56
-33
-2
3
28
33
19
69
4
-39
33
54
35
-25
21
25
-56
6
12
-30
-35
-28
7
-10
-47
-39
-18
-59
-23
1
-23
64
102
37
5
-9
-43
-12
16
-31
-15
28
-11
-21
12
-25
-77
-21
54
58
-4
-22
61
68
18
27
-3
34
88
-43
-88
-34
13
14
-37
48
43
-45
-53
-56
-11
-37
-31
31
30
23
-35
-1
13
-5
39
7
-19
-28
-38
-51
7
39
-12
70
66
10
32
-105
-58
11
-26
58
-7
9
75
-31
-27
62
97
63
-47
-14
47
6
-18
-35
-25
-28
-2
8
-36
-42
-33
-57
-27
16
0
7
17
-16
15
53
8
17
-5
-39
-7
1
40
-15
-45
45
2
-22
-2
-39
-57
-27
44
52
39
37
35
85
107
0
-70
-42
-2
41
21
-8
-40
-47
6
18
-83
-128
-38
18
64
28
-28
41
13
-10
27
-22
8
0
-51
17
9
-30
-17
-54
-40
48
-13
-54
18
32
50
51
16
41
32
8
59
44
-39
-33
-9
-8
10
-32
-18
50
-1
-29
0
-39
-16
-13
-25
25
3
0
50
12
-3
7
-50
-1
-26
-74
-66
-80
19
28
39
66
13
48
34
-5
15
-50
-40
-14
-28
28
20
8
-10
5
89
84
19
7
18
23
-26
-63
1
-19
-32
-11
-6
-17
-41
-25
-43
24
40
31
57
10
17
16
-43
-25
12
-65
-66
-24
-34
-44
-23
62
61
61
36
-20
-2
-21
-27
7
5
36
90
7
-10
46
-3
-29
10
17
37
-14
-53
-14
-21
-32
-69
-2
97
30
-52
-20
10
6
18
31
44
35
5
-36
-38
-8
-28
-46
-56
-50
25
-30
-59
-41
-9
114
78
41
31
-9
5
68
88
36
-3
-5
-5
-82
-118
-69
22
53
-3
-6
-29
-21
7
21
9
35
93
22
5
0
15
1
-43
-4
-72
-27
15
-94
-62
17
23
3
6
-2
-12
12
44
116
73
-58
-14
-23
-45
16
12
69
25
-26
29
2
-20
-31
14
35
12
17
-27
-20
-14
-24
48
8
-52
24
26
-18
-51
17
51
13
50
-27
-67
6
59
-9
-35
17
-15
-25
-22
-28
9
19
-14
53
50
-21
-7
17
114
60
-31
74
25
-43
26
-25
-42
-17
-47
7
-21
-59
-7
3
-11
42
79
22
2
-4
23
44
57
9
-58
-30
-47
-25
-25
-136
-53
42
0
92
57
-46
39
56
33
-9
19
52
-65
-39
44
45
-2
-49
12
48
-4
-34
-50
-48
-12
-14
-37
46
110
1
-29
10
23
-23
-82
5
11
-10
-2
-70
-8
16
-16
-25
-59
10
53
56
-26
-78
18
24
4
7
11
-8
-7
56
-16
-47
-13
-15
3
-9
-6
-30
-37
14
57
32
-45
-20
25
29
53
-13
-103
-76
-37
17
25
-54
-82
-44
29
82
-8
-51
-31
-2
60
24
29
-11
9
53
-66
-8
52
-78
-92
-44
2
71
-5
-49
-1
19
92
51
-14
24
-5
-12
-35
-50
-21
-27
40
35
10
-17
-58
-40
-56
0
35
24
39
3
4
22
5
-57
-64
-5
-22
45
54
39
60
-12
6
6
-4
11
-49
-74
36
84
15
37
29
-24
-8
4
-56
-28
33
59
37
31
31
-48
16
-6
-85
-4
51
80
68
-13
-47
-46
-55
-8
17
-14
13
41
5
60
78
15
37
-47
-57
-13
-16
120
34
-29
23
-17
61
12
-51
-3
3
12
-14
9
26
-24
12
42
10
27
8
-15
-51
-38
57
35
41
28
-46
-16
-57
-4
75
-7
-32
-51
-77
4
25
-19
24
90
60
-4
15
66
24
-61
-19
38
-8
-29
-28
-58
-8
-15
-48
-11
-32
-26
41
68
59
110
-15
-103
44
-6
-90
-31
21
40
-6
-16
-24
-44
-18
-95
-62
47
44
3
-49
48
71
-21
23
3
-31
-23
-16
80
29
-45
-5
-35
-34
-48
-23
17
-44
-2
36
-33
-49
45
108
27
-71
-45
22
-15
-18
25
21
-29
-86
-5
6
-37
50
54
-9
-14
-33
-24
-15
-28
-25
-7
99
89
-15
-7
-26
-15
18
15
18
-18
-3
46
-30
-38
40
-14
-27
-17
-57
-4
24
17
37
39
37
-16
39
36
-6
37
-84
-45
46
31
-31
-84
-51
-56
59
97
63
28
-11
89
45
-43
-44
-7
25
22
7
-6
68
29
0
13
-38
-19
-33
-55
6
5
-21
52
91
34
15
49
15
12
10
-62
-46
1
-33
-43
43
56
-54
-77
13
41
72
84
3
4
3
-27
29
27
-12
3
-10
-2
11
-40
2
26
-19
29
14
-13
17
-12
-26
-2
2
4
-33
26
64
-12
-2
1
-8
-52
-53
2
24
17
-20
-26
-33
-22
-16
47
84
33
11
-9
-7
-30
10
15
-30
12
29
-26
-55
22
-2
-43
44
39
-7
-6
-15
0
1
-1
33
-29
-59
-25
-9
25
-18
-19
25
39
0
-62
-51
13
33
-24
-41
3
41
-11
-16
5
-25
40
60
39
13
-43
-21
0
-32
30
77
-15
-38
-73
-12
50
-28
63
50
-31
4
-15
0
-23
-1
27
-61
-32
19
-47
-38
33
61
49
-17
-36
-38
-58
-36
14
38
16
44
18
-13
10
36
62
20
0
-54
-69
-35
-17
39
30
39
37
25
2
18
65
-34
-52
1
0
-10
