19
-2
-12
-19
38
-26
-46
29
-20
-24
-28
-9
8
-46
-24
9
-23
-29
-43
-73
15
-42
-134
-35
12
-31
-45
8
3
53
49
-28
70
41
-84
-40
-16
-30
-45
-75
-32
-94
-117
-8
-57
-48
74
14
-26
48
32
14
20
78
111
53
59
18
-35
12
13
18
26
-4
31
79
25
-57
-70
-23
8
-20
-48
-48
-17
51
108
89
59
64
-23
-81
-22
-13
5
-2
-42
-1
2
55
95
10
35
61
0
-16
-39
-25
58
87
57
20
-17
1
26
87
31
-55
27
9
30
24
10
31
-3
45
62
11
-75
-73
-27
-25
-29
-39
-31
-33
-4
17
2
15
8
0
34
16
-7
16
23
23
-11
-55
-33
32
-17
-79
-13
10
-35
-87
-55
-28
-35
-55
-87
-72
-25
-12
15
41
37
38
4
-50
-71
-40
-17
4
-1
10
12
-16
11
33
44
26
-36
-61
-78
-89
-82
-56
-31
-47
-20
-44
-78
8
4
-19
43
50
-3
-58
0
39
-13
9
-8
-30
49
45
29
7
-99
-67
-38
-62
8
16
26
31
-4
10
53
95
98
24
-15
53
96
131
100
42
33
-3
12
-27
-19
72
50
44
87
81
13
17
18
-2
75
87
39
29
18
-5
-50
-128
-163
-83
6
-15
-42
56
94
50
-2
-18
25
21
50
4
2
32
-6
22
-14
-8
40
15
58
43
-19
9
-8
-10
26
-56
-66
106
57
-5
-12
-97
-12
-26
-83
-64
-56
-18
-14
-16
45
36
-53
-52
-6
19
-36
-66
-66
-102
-55
0
11
-34
-22
4
-50
-38
-23
-2
48
26
-14
54
21
-20
6
29
82
-7
-23
-48
-74
-18
-6
53
41
23
-1
6
-6
-93
-66
-84
-65
-11
-48
-21
10
-27
5
7
-9
40
-48
-21
12
-56
32
43
13
26
-7
-75
-92
-19
-9
11
31
-18
-20
6
43
63
-9
-35
15
-47
-47
-5
-17
-38
-24
81
52
58
105
64
35
-21
0
50
69
55
3
-22
-10
-5
58
95
26
-35
4
30
-52
14
45
-21
68
87
15
12
-28
-38
51
75
36
-49
-95
-43
-3
-28
-29
0
2
26
36
71
33
3
8
-113
-66
56
31
7
-65
-28
73
49
64
44
-6
-37
-42
16
9
52
94
59
49
23
29
27
-29
-36
41
57
21
28
3
11
9
17
14
7
56
24
8
16
-1
-64
-67
-17
-55
9
63
34
0
-51
-42
-29
-46
-4
-8
-78
-112
-114
-11
45
57
5
-59
-51
-79
-43
-7
-41
-8
89
55
-60
-97
-70
-1
-56
-86
33
0
-98
-45
-10
-42
-62
-103
-102
-85
-95
-103
-93
-32
-20
-100
-21
51
-33
-43
-42
-15
-37
-63
6
1
58
10
-26
75
28
62
121
98
111
108
109
80
19
49
122
77
34
69
108
130
94
29
12
-2
-23
30
62
21
26
12
45
68
-40
17
8
-101
-34
-11
-12
24
-8
-71
-70
-51
38
57
4
-5
7
104
94
63
47
-38
9
37
-49
0
23
-55
5
77
83
54
4
11
7
-15
-6
-39
30
100
-6
-32
-2
5
8
-62
-92
-70
-27
58
34
-64
-118
-81
-15
-32
-129
-93
-16
-91
-80
-122
-137
-77
-148
-112
-58
-20
43
20
27
-30
-55
-34
-93
-10
57
51
13
-14
70
64
80
128
89
93
77
25
44
60
85
142
55
-2
-13
-28
30
73
114
49
-33
43
-7
-66
22
-14
9
5
-52
-15
9
16
-44
-73
-62
-93
-97
-76
-157
-183
-78
-102
-96
0
-14
-39
-87
-96
-61
-96
-81
-54
-18
57
24
-51
-62
-40
16
41
68
73
73
96
85
122
134
99
97
113
161
204
175
111
122
94
54
125
125
127
144
75
117
144
94
166
149
84
140
81
74
93
-4
-29
-49
-40
-42
-34
33
13
-28
-58
-97
-125
-120
-143
-164
-96
-79
-127
-98
-75
-149
-146
-101
-95
-120
-199
-197
-126
-128
-167
-151
-181
-182
-128
-127
-115
-73
-44
-81
-124
-113
-92
-117
-81
-14
-3
-23
21
59
23
23
4
-8
-19
-18
15
97
110
33
60
62
25
67
87
101
95
69
62
72
137
195
190
153
157
148
129
124
110
139
95
72
84
75
112
82
85
108
103
74
42
78
32
8
33
54
62
0
-49
-28
-15
-90
-44
20
-82
-105
-40
-35
-41
-37
-93
-187
-183
-90
-25
8
16
-43
-93
-56
3
-34
-68
-29
-74
-138
-95
-43
-50
-35
18
-4
-32
-33
-75
-56
-24
5
50
51
15
41
29
7
58
41
65
42
-6
0
11
28
21
60
23
0
73
122
109
31
-22
-49
-23
13
70
125
54
11
8
-13
-55
-40
54
12
-11
54
54
43
35
28
-1
-71
-22
9
-5
80
90
43
9
-48
-82
-2
8
-25
30
-35
-61
-41
-91
-80
-11
0
-96
-110
-92
-141
-114
-91
-115
-90
-28
-77
-73
-8
-69
-57
-73
-77
-38
-79
-12
11
11
45
24
32
-4
34
113
93
91
91
108
107
8
-6
47
98
141
164
132
94
160
122
80
154
114
110
136
64
80
70
27
51
117
80
-70
-72
-15
9
-27
-12
6
-69
-9
-8
-88
-98
-156
-140
-46
-104
-129
-66
-132
-126
-56
-54
-65
-35
-72
-86
-33
-97
-50
-47
-84
-35
-66
-4
-2
-52
-33
-59
-41
-11
-10
6
76
100
15
-34
22
108
75
27
7
5
55
42
15
27
0
29
87
31
73
105
64
31
5
15
-17
-7
23
55
83
56
64
12
-36
21
33
39
-19
-23
-1
-31
9
45
19
-36
-48
-4
41
12
-8
-11
-5
0
-27
-1
27
36
43
9
-33
-37
6
-3
-47
-46
-88
-16
40
-7
69
54
-51
-74
-13
-48
-145
-85
-14
16
82
123
127
1
-34
38
-56
-33
14
-23
31
-5
52
118
-14
-14
33
-13
47
40
-49
19
15
-2
26
-17
-3
18
22
57
64
36
-19
-19
28
61
26
-21
-14
-91
-59
-7
-13
-25
-41
35
24
13
4
-92
-85
-48
-80
-19
5
-52
-74
-76
-24
-24
-43
-18
-1
-10
-38
-2
25
-33
-111
-144
-130
-147
-127
-11
-18
-3
37
37
75
16
40
42
-37
-18
44
80
60
61
41
20
63
80
67
59
64
49
56
109
108
54
98
60
-23
-82
-167
-13
-19
-33
98
-19
12
67
13
26
-14
22
72
26
28
6
16
52
15
41
15
-46
34
33
-38
-15
15
55
34
3
-33
-22
51
67
82
-4
80
133
22
-11
-83
23
75
52
67
48
73
9
1
-2
5
18
23
42
-117
-75
21
-52
-29
19
9
4
-10
-69
-19
-26
-25
60
-17
-32
-6
-50
-39
-28
-85
-146
-57
16
-25
-2
-11
-142
-140
-61
-94
-69
-7
10
-13
-34
-39
-48
-33
15
79
51
4
-39
-35
49
64
8
-58
-31
89
81
7
0
-9
69
96
-5
-17
-11
0
18
-33
-27
-2
-15
5
21
42
95
61
-9
-2
0
25
3
-79
-55
20
61
13
12
35
-19
-52
-81
-95
-55
10
11
-26
-58
-23
50
-1
-21
46
31
-56
-107
-4
41
-33
-28
-33
12
30
-30
31
4
-24
47
63
88
61
75
148
101
13
31
94
96
85
77
48
-4
-44
-27
-18
-8
20
3
-13
-32
-63
-17
9
-26
-58
-57
-35
-54
-61
-44
-40
-41
-39
-22
-32
-56
-61
-8
51
32
72
68
-3
13
16
-47
-69
8
81
62
29
0
39
29
-20
4
27
65
63
28
-2
-35
-43
-22
5
44
-1
48
9
-103
35
40
71
116
47
45
29
28
-32
-13
35
14
-16
0
28
-44
-12
3
-50
-40
-19
-24
-6
-8
-81
-82
-68
-81
-76
-49
-60
-57
-8
-23
-52
-34
34
46
-34
-132
-83
31
-6
-62
-11
53
48
30
22
34
19
-23
17
81
87
86
50
15
-38
-52
42
36
-2
6
25
50
78
80
20
-12
13
26
37
61
64
-2
0
11
-41
31
34
4
13
-1
4
34
45
-41
-20
-13
-51
0
-45
-112
-47
-4
-87
-71
-11
12
74
0
-117
-89
-23
-5
-13
-26
-43
-30
-13
8
4
-72
-31
15
-56
-49
0
19
31
70
9
2
114
24
59
102
12
1
-81
-33
-39
-48
55
12
-24
-14
38
26
-14
-35
-58
-13
-15
-77
-50
37
-62
-33
3
-68
28
29
36
8
-20
31
9
51
-17
-89
36
-8
-58
11
-10
2
-45
1
94
13
40
52
8
70
29
15
81
24
-32
-39
-33
-21
48
51
-17
10
-3
10
34
-25
-12
42
29
8
14
-12
-8
22
0
-4
-18
-6
62
19
-4
40
31
57
48
-11
13
15
-1
50
86
37
10
-21
-29
19
-14
-30
-10
24
36
-34
-36
0
36
39
-59
-38
9
12
50
56
46
-25
-49
4
49
51
3
0
12
-78
-95
-20
-1
-9
-54
-3
-7
-45
-21
-45
-23
-57
-92
-10
38
4
8
-39
-39
-12
-40
21
-10
-9
-28
-58
9
65
39
-82
-65
-22
-28
-2
-7
-57
-69
-83
-33
36
1
-14
-60
-54
8
23
28
4
-12
-34
0
68
67
67
47
47
52
6
-8
60
30
-13
91
39
-40
-30
63
87
33
14
-5
78
2
-3
36
-59
0
11
-15
-18
-55
7
66
48
36
58
75
25
-15
-24
-50
-94
-102
-48
-48
-64
-64
-73
7
35
-53
-32
76
65
-23
-9
26
-51
-44
32
-36
-11
-19
-84
20
22
-6
4
-22
-16
18
14
-34
-73
-47
-19
-9
43
73
27
62
75
10
18
21
53
5
-55
22
51
4
-26
25
25
-8
-20
-33
48
60
0
-36
-7
16
-60
-99
-40
41
50
41
12
-45
-114
-71
16
11
2
-14
-16
55
54
-12
-25
-104
-51
61
44
16
1
13
14
44
9
-14
92
79
0
37
26
-40
18
65
13
-42
-66
1
7
-60
-7
86
7
-76
25
69
42
41
6
-31
-6
12
8
-1
-60
13
46
-44
-36
-11
36
51
-16
-46
-45
-47
-24
26
11
26
53
33
70
25
-38
-29
-32
-27
-27
-44
-2
-8
33
94
8
44
41
1
-25
0
78
-29
-26
43
36
65
18
-83
-40
-19
-48
-16
-100
-71
8
1
1
-27
27
19
-6
-10
-2
36
-45
-48
-21
-64
-32
-20
-25
-33
-80
-53
35
28
14
-50
-102
-3
-6
-37
-51
-1
57
-31
3
34
56
32
-26
43
27
30
43
9
48
86
54
23
50
68
60
79
56
4
-22
-85
-83
9
-6
-17
-6
-29
5
-7
36
30
-30
36
13
-41
-45
-54
49
18
-55
5
-37
-40
-32
-97
-108
-28
-12
1
51
-52
-113
-117
-35
77
72
111
23
-35
-3
19
39
6
76
61
20
38
42
13
-38
-14
42
67
30
5
-17
-29
-75
-29
26
6
16
-13
7
2
9
45
53
39
-78
-69
32
-2
24
70
60
0
-75
-70
-33
-35
-42
-8
-76
-54
-15
-89
-34
-57
-94
-15
-14
8
47
63
94
9
-59
-58
-82
-27
13
18
6
-21
-9
65
68
-44
-20
53
74
60
-36
-60
18
88
64
5
-4
28
33
-54
-13
26
-26
-29
-47
-13
-27
-89
-56
-24
15
76
28
-6
20
-42
-17
55
0
-14
16
48
54
23
103
113
42
58
31
18
-24
-95
5
52
-12
42
37
-18
-38
-56
35
43
-18
-7
21
65
22
24
40
-22
-29
-44
-30
-86
-135
7
93
57
-23
-70
-14
2
-70
-64
26
47
35
-12
-22
-5
-22
25
51
32
6
-13
-42
-62
10
-3
-24
47
17
46
17
-75
-34
-60
-25
7
-59
-55
-29
-15
-16
28
54
47
29
42
67
-37
-50
12
-21
1
0
-30
-21
-96
-60
3
-43
-30
-34
-53
-41
-14
-26
-79
-66
-10
59
3
-124
-128
-32
16
2
-7
0
59
101
55
-44
-53
-20
-33
-24
-39
7
44
3
64
49
22
6
-125
-127
-65
-23
-30
-44
17
51
56
23
45
54
4
29
49
45
26
-23
81
170
102
53
36
93
95
125
110
20
53
15
5
73
66
-45
-41
38
25
-3
-4
-9
8
46
60
8
-67
-11
3
-34
-41
40
58
39
119
61
37
68
55
20
-45
-7
67
25
-31
-16
16
21
-16
-31
-42
-22
50
36
-12
-3
1
4
46
-15
-63
-29
-54
36
109
3
-38
16
46
3
-57
-53
-20
-27
-40
-16
22
55
32
50
11
-57
-16
0
-26
-63
-85
-81
-86
-123
-128
-137
-126
-56
-78
-66
2
-22
-31
24
6
-79
-76
-35
-46
3
7
-67
-37
-4
-14
-28
-23
-61
-101
-84
-101
-5
22
-57
-28
-14
0
-26
-65
-14
13
-27
19
-4
5
89
13
19
2
-14
27
-18
-51
37
64
8
57
13
-17
52
57
30
28
22
7
21
26
92
94
117
148
-36
-88
-2
68
99
11
18
78
72
38
-24
-19
28
6
-57
23
22
-96
-15
44
69
64
42
89
-1
13
70
75
107
36
26
44
68
50
-2
-21
-28
68
52
-13
29
-10
-54
11
13
-16
33
22
-6
11
-2
-17
3
-23
-32
-1
-19
54
73
-28
23
43
-19
-35
-20
44
10
20
46
-20
-29
-66
-59
-6
20
42
-25
-40
18
35
-10
-82
-24
-35
-81
4
-43
17
38
-34
6
-98
-60
52
-39
-49
-6
-34
-40
-86
-95
-70
-10
28
5
25
-11
-59
-37
-13
-65
-68
16
-9
-37
17
-33
-82
-27
-11
-44
-48
-47
-91
-55
9
10
27
-44
-76
-3
-4
-5
13
28
6
-26
16
28
62
66
-25
9
80
42
62
89
35
62
12
-1
135
103
92
41
-19
27
-73
-48
-24
-5
101
29
35
17
12
64
-31
32
78
13
10
-13
18
1
-5
5
-22
-38
-39
-83
-159
-78
-1
12
50
38
-33
-20
23
-36
-14
-5
-22
8
-4
-62
-87
58
89
-10
55
65
-10
1
-38
-71
-6
-2
-9
21
-11
-21
-6
-59
-18
74
4
-102
-71
-44
-64
-88
-82
34
0
-57
35
75
100
89
80
57
29
74
54
-11
-5
-49
-77
-9
44
60
32
21
41
24
21
27
33
7
-12
43
9
-22
-15
-18
-19
-3
37
20
34
-7
-19
13
1
28
-24
-16
21
16
10
-53
-10
33
9
15
-16
-35
-47
-60
35
44
-17
27
-20
-15
26
-22
-51
-78
-14
29
40
-17
-72
23
43
22
20
33
62
0
-22
15
48
31
-40
-83
-125
-96
-37
32
47
-31
-23
27
11
15
-18
-55
-3
-39
-95
-52
-40
-2
80
56
69
40
-26
-9
-18
-40
-38
11
-26
-37
24
38
23
31
-17
-92
14
61
17
2
15
89
33
17
90
81
33
8
15
-33
-7
17
-32
-61
9
29
2
11
-22
54
10
-54
-71
-83
22
3
-31
-2
-16
-35
-18
-15
-40
-15
1
3
-19
-9
15
-63
-83
-20
-17
-50
-47
-110
-135
-41
-53
-94
-79
-62
2
39
20
32
32
-5
-36
3
70
29
-48
25
7
16
116
0
-47
-20
60
110
18
13
30
-12
-31
-14
-25
14
-8
-44
11
-37
-69
-5
47
57
67
11
-56
-8
71
31
-40
69
92
41
56
-13
15
53
42
69
46
25
-5
-9
-23
-7
38
4
43
36
11
85
51
25
-3
-17
0
-38
-25
22
77
101
50
6
39
57
53
9
-19
0
-59
-24
-3
-21
-9
-72
-20
0
-10
5
-40
-17
-16
-6
-7
3
49
-10
-34
-32
-6
23
-40
-23
13
-69
-65
-22
-95
-28
44
-19
-24
6
-9
-5
68
61
45
100
42
-50
7
-36
-122
1
36
-17
46
54
34
74
20
57
99
12
-15
-43
-41
-38
-1
26
-7
-8
16
-21
-41
4
-21
-33
-5
32
29
38
95
34
-10
8
34
97
-35
-109
8
0
-7
26
50
31
-18
-13
31
17
-63
-38
-4
-24
-13
35
117
12
11
83
-27
-1
-2
-30
-18
-28
-56
-61
-38
-44
43
-8
-82
-20
-49
-43
19
-4
-27
-77
-65
19
-2
-48
-26
-22
-19
52
40
7
16
29
-22
-97
-48
-63
-21
42
-2
-7
-24
-22
15
9
22
70
29
-35
-36
-19
-9
44
21
-42
51
38
-55
-65
-40
58
55
0
51
37
-3
10
-4
1
-6
15
92
29
7
109
80
52
31
51
83
43
121
85
13
18
-8
55
49
20
21
15
75
80
65
22
-15
-3
30
102
13
-115
-56
-9
-1
7
-16
-65
-51
8
22
27
-9
30
-33
-129
-44
0
45
42
-40
-63
-5
4
-8
-40
-65
-6
-32
25
-18
-70
63
30
19
26
-9
-37
-55
-1
-11
-39
-16
0
-21
-28
22
48
16
-47
-30
-47
-71
-6
-32
-42
22
89
47
-36
21
39
-48
-11
1
-26
16
-37
-21
39
31
-27
-24
15
-32
5
-25
-10
49
-40
14
52
34
39
-30
-29
-37
0
2
-37
47
36
56
77
29
60
-15
-18
82
77
72
0
14
112
42
-20
-14
-2
37
35
-10
-45
-20
37
21
42
11
-18
42
59
16
-15
9
-50
25
42
-24
6
-69
-21
-15
-77
-43
-20
1
12
2
-39
-37
10
26
17
-41
-34
12
-11
35
-4
-81
-66
-115
-97
-54
-68
-22
3
-9
39
60
23
29
63
35
-9
45
0
-74
-20
-50
-64
-11
45
27
23
75
50
52
-2
0
44
0
37
46
0
-16
-2
-24
-67
-13
-4
-1
38
-6
-6
-43
-64
14
13
-4
-49
-35
4
41
82
10
-22
-48
-12
43
-18
-31
-23
-53
-6
4
-30
-26
19
50
-38
-38
67
60
-26
-38
-18
-24
-94
-52
101
25
-13
-4
-51
25
-12
-21
-5
-95
-69
-58
-43
-66
-65
-47
-76
12
26
59
68
33
42
48
67
6
2
35
2
-59
-60
-12
-12
6
71
59
29
47
77
101
55
6
-19
-29
-53
-49
47
68
24
30
-15
3
98
60
62
26
-30
46
18
17
21
-76
-67
-23
-38
-20
13
18
0
-10
18
52
118
139
53
45
57
-5
9
40
89
62
-51
-18
48
84
93
58
26
43
52
35
81
1
-67
10
-27
-39
14
-10
24
-24
-125
-120
-93
-13
-69
-144
-70
-86
-118
-97
-83
-83
-77
-33
-47
-77
-78
-89
-50
-53
-135
-148
-112
-92
-32
-7
0
15
-46
-95
-103
-73
-59
-84
-17
-1
-18
-38
-74
21
22
23
92
21
-27
13
-24
-93
-59
11
72
86
0
12
65
32
29
30
78
72
-1
11
57
83
73
54
36
50
67
36
-3
85
117
44
58
49
68
31
-50
-1
91
121
96
110
64
74
125
-5
36
88
41
128
93
113
148
85
165
129
87
98
77
103
41
54
61
76
151
61
-4
73
94
37
11
-12
-34
-18
-60
-61
-62
-131
-61
-93
-180
-200
-248
-233
-203
-216
-259
-243
-291
-325
-323
-346
-249
-166
-209
-256
-302
-264
-180
-100
-76
-219
-199
-145
-117
-65
-130
-59
-42
-26
63
-49
-78
27
-3
17
96
103
129
97
92
119
101
164
184
165
194
172
151
150
124
149
185
206
211
126
100
122
96
140
213
188
131
127
151
196
146
67
30
14
15
13
55
1
-8
17
-24
16
24
-41
-85
-64
-38
-43
-58
-58
-40
-48
-27
-54
-131
-101
-63
-83
-115
-110
-112
-156
-136
-123
-123
-103
-89
-89
-38
12
6
-23
-84
-46
-33
6
115
21
-56
-22
-1
25
1
32
77
21
-20
4
84
148
141
125
64
77
62
-61
19
29
-49
15
11
-7
20
24
15
-29
8
51
-53
-33
-29
-63
-42
-63
41
23
-31
-15
-57
-62
-99
-86
-41
-9
32
5
5
52
63
49
31
5
11
-27
-30
26
-34
-67
28
61
0
50
7
-18
77
80
93
4
12
40
-49
-28
14
18
32
5
4
-1
-11
31
5
7
-37
-65
57
66
-6
12
2
25
56
29
48
-31
-74
11
-13
21
34
-38
-8
11
7
22
40
50
19
-29
-51
-60
-98
-126
-79
-76
-125
-113
-55
-74
-147
-80
-7
-29
-73
-73
-89
-54
35
-18
-62
-53
-13
4
-7
7
55
119
55
38
111
112
124
138
127
83
29
-13
-41
21
57
35
64
71
59
31
20
41
25
9
14
70
14
15
69
-25
-61
-74
-59
-36
-2
89
41
-60
-33
93
134
29
22
78
60
3
3
29
47
54
36
49
17
21
78
98
99
89
64
83
95
29
50
34
4
-18
-67
23
-2
-46
-31
-100
-113
-80
-19
18
-64
-176
-200
-123
-73
-137
-158
-112
-113
-81
-116
-122
-45
-56
53
17
-103
-35
-73
-79
-52
-33
9
-36
-28
46
83
126
132
48
-22
-22
20
47
25
34
66
72
89
85
81
27
0
5
3
40
0
16
38
8
-27
-66
-54
5
-8
-78
25
77
-24
-65
-74
-61
-21
-9
-41
-65
-52
-23
-6
-20
-67
-44
55
6
-34
34
-33
-23
34
0
3
31
39
50
52
66
97
43
12
13
31
60
25
45
103
69
68
71
100
163
90
51
55
44
65
84
153
111
-7
17
27
6
7
66
62
-12
37
40
-6
-42
-64
-9
-33
-35
-37
-130
-143
-133
-75
-7
-60
-104
-78
-98
-139
-130
-127
-170
-179
-134
-104
-21
-65
-119
-72
-101
-53
-31
-72
-20
-40
-79
7
44
-11
-15
30
69
122
80
11
21
47
51
9
49
103
74
100
104
56
23
-32
-40
-47
27
98
51
44
-2
-24
-1
-4
0
-35
-15
10
0
29
-17
-2
28
-28
32
140
123
93
69
7
-8
-37
-23
-9
71
133
82
98
62
90
130
98
96
101
32
37
86
-22
-1
36
-37
-52
-70
-52
-8
-22
-36
-72
-150
-160
-145
-103
-75
-124
-93
-116
-136
-111
-138
-100
-158
-192
-158
-166
-95
-79
-85
-122
-111
27
-4
-106
-92
-54
17
30
-20
23
-5
22
122
85
128
123
80
96
79
113
114
44
54
70
60
119
69
10
106
41
-38
66
79
90
9
-43
124
114
13
25
47
67
120
110
89
101
50
8
-15
-1
29
20
25
39
23
100
98
-29
3
48
13
3
-17
11
3
-16
11
-52
-61
-49
-106
-120
-12
31
-47
-99
-99
-61
-94
-88
-93
-103
-45
4
41
-21
-31
21
-14
2
108
96
70
112
80
41
36
99
116
9
0
62
48
2
3
38
1
-57
-31
-33
-15
-26
-80
-35
-54
-79
-34
-3
-73
-154
-80
-73
-101
-50
-73
-85
-91
-105
-95
-37
-8
-95
-88
3
82
82
15
63
148
91
23
103
132
118
134
77
52
26
46
73
48
151
127
2
27
114
119
12
-25
-42
-27
5
-33
-83
-128
-54
-75
-154
-159
-95
-19
-124
-102
-66
-56
14
20
40
-34
-30
36
-12
-40
53
45
-49
25
25
38
69
7
38
39
64
74
-7
24
102
70
29
15
-28
-86
-67
-42
-71
-27
6
4
3
-50
-36
-1
9
76
12
-29
-20
-77
6
51
50
73
2
-82
-34
69
34
55
102
64
84
76
73
80
31
44
15
-5
59
-9
0
72
43
46
-2
5
119
90
37
9
-81
-75
-51
-55
-31
-58
-100
-100
-94
-90
-97
-85
-93
-143
-91
-71
-53
33
4
26
23
-39
3
-20
-25
52
6
-16
40
-12
-29
-66
-141
-59
29
-5
-29
-26
-72
-69
-56
-45
-1
-66
-119
-108
-38
24
-44
-26
-7
-83
-35
8
-62
-17
81
0
0
55
-10
-2
58
22
-37
7
65
137
145
137
134
73
70
55
66
104
61
54
91
43
24
35
42
74
33
-46
-22
23
45
43
-2
21
-64
-77
-23
-112
-46
20
-25
-32
-21
-39
-49
-5
-59
-128
-26
-2
-61
-18
-42
-48
-57
-69
64
48
-1
45
-27
-14
43
15
37
11
26
114
62
-10
-57
-32
-8
-50
-47
-72
-59
-86
-73
-45
-60
17
-4
-16
-8
-49
-52
-54
-14
8
-23
-6
17
49
50
-18
-10
63
76
35
68
89
41
7
37
119
72
24
89
50
6
-4
-1
38
-12
0
-82
-144
-2
22
22
13
-33
-83
-77
19
-44
-125
-90
-82
-64
-34
-33
-53
-36
21
-5
-42
-9
-26
48
7
-26
104
14
-21
29
27
-19
-63
22
40
-1
30
57
-95
-32
144
47
19
38
0
-42
41
112
40
49
58
2
-8
13
9
-14
-54
-66
-17
46
34
-1
36
-1
-43
55
60
3
53
0
-32
-8
-55
-52
-22
-28
22
52
21
14
-7
51
81
2
-45
6
-30
-66
-13
-39
45
-19
-121
21
33
66
92
-20
3
-17
29
136
26
-5
53
26
11
51
55
6
-2
46
14
-55
52
27
-83
-28
-138
-153
1
-59
-86
39
22
-88
12
10
-90
50
52
-21
21
54
-51
-100
-41
-87
-32
3
-32
0
99
45
-27
106
68
-53
27
43
-6
47
2
-17
86
78
1
-32
-29
8
5
-10
12
-17
-4
48
118
103
-75
-37
29
-77
-4
131
21
-22
118
-11
-201
-43
-5
0
-2
-157
-15
7
-74
-43
13
60
2
36
0
-62
66
102
-2
20
95
64
59
18
-90
54
148
7
32
50
-5
76
75
33
-11
-36
98
13
-66
-56
-154
41
98
-5
130
8
-180
6
46
-59
36
18
-10
27
-11
-2
44
102
47
-40
37
88
-1
48
130
-5
-50
12
-30
-54
-26
0
-10
-89
-102
-36
-50
-35
86
5
-68
34
-23
-113
-81
-10
3
-66
-94
-18
-25
-75
-37
-64
-82
-40
-10
-16
18
1
-21
-7
15
121
31
-21
10
-25
1
-42
-18
14
-11
64
66
91
68
-86
17
6
-94
41
-49
-111
-7
-19
31
48
-2
-29
36
75
-62
-7
51
-55
15
11
-40
21
50
33
27
73
37
34
10
-36
-18
49
58
-6
10
-40
-26
19
-98
-100
46
41
24
99
112
66
21
31
-25
13
85
-42
3
33
-42
-77
-39
45
-27
6
-70
-58
75
-43
52
3
-82
55
57
19
-64
-26
-20
-83
19
24
54
91
-38
-79
-30
34
37
-49
-13
-44
-106
-102
-125
50
103
25
89
51
-15
-39
0
-76
-140
-14
-59
17
72
-120
-101
34
52
-11
41
21
-127
-39
50
44
100
72
-13
-41
43
49
-94
-49
-26
-62
38
2
38
20
-54
57
16
-4
9
-18
37
24
35
43
-18
-6
42
56
-59
-75
12
22
-4
-48
-2
-17
-120
-28
12
-66
6
-60
-61
72
16
-49
-81
-51
16
8
-8
-8
-6
59
95
81
52
26
123
113
-53
-15
-11
-119
64
64
-65
11
-9
19
-37
-80
21
-77
37
119
-85
6
-15
-167
-40
32
11
3
18
73
88
-13
-2
79
-28
-7
72
-38
-15
79
-67
-71
49
-21
-24
23
-12
-52
-46
-3
20
-22
-29
31
11
-91
-22
66
-26
-39
-13
-53
12
54
48
35
33
63
5
-16
-55
-44
-12
-57
-66
24
44
-67
73
83
-102
42
85
-24
8
-88
-121
-11
-86
-52
68
-34
-20
14
-25
4
-25
52
45
-33
-7
27
135
120
-65
-18
120
-37
58
176
-42
23
72
-93
0
141
2
-37
14
-103
-27
32
15
80
61
-22
-95
76
106
-71
-7
-66
-105
80
-14
-96
41
42
-29
92
146
-100
-67
121
-85
-109
19
-41
23
109
-20
-40
127
-7
-25
116
19
48
98
23
-19
85
1
-187
73
75
-142
58
7
-191
-3
17
-164
37
119
-97
-18
161
-57
-185
111
10
-88
161
-8
-173
64
53
-176
23
132
-188
-39
164
-162
-100
95
-99
-68
78
77
70
106
-11
-195
-45
-31
-165
20
2
-105
111
39
-159
24
62
-83
-40
46
-27
-34
114
-90
-185
90
16
-40
71
49
33
43
30
-85
-60
62
-32
21
73
-30
67
47
18
-9
-96
110
73
-103
43
44
-13
86
48
-89
-3
84
-93
-40
158
-72
0
266
-65
-48
190
-64
-120
164
45
-233
87
120
-194
168
188
-207
77
195
-236
-47
233
-236
-90
222
-223
-44
281
-134
-103
272
-16
-159
226
22
-207
201
72
-193
229
185
-207
-3
99
-124
8
115
-248
-22
292
-172
-70
215
-51
-37
140
-12
-64
84
0
-24
82
-39
-136
-37
12
17
-1
-76
32
73
-94
-55
61
-52
-34
122
-126
-60
101
-164
-35
138
-139
-164
144
-43
-124
78
-129
-132
161
26
-156
119
24
-166
181
66
-252
73
85
-153
88
145
-75
-40
78
-13
-141
4
0
-94
94
-60
-59
111
-100
-150
-39
-35
0
108
41
31
88
-5
71
63
-153
-22
99
-107
-140
142
104
-55
125
-37
-193
89
38
-109
46
-8
-92
83
34
-172
107
212
-158
15
228
-132
-29
225
-110
-88
175
35
-131
89
160
-111
89
59
-201
131
135
-210
53
263
-134
-61
356
23
-184
268
6
-341
191
163
-275
104
236
-238
52
253
-260
-52
280
-158
-93
269
-166
-221
333
24
-193
380
97
-250
248
99
-332
57
199
-232
43
256
-350
-72
355
-230
-67
323
-171
-210
183
-193
-360
260
-1
-458
224
132
-479
88
173
-414
-47
241
-250
-82
240
-170
-79
295
-111
-222
243
-22
-249
249
124
-294
99
189
-274
39
194
-273
66
310
-166
-47
189
-192
-50
309
-89
-150
222
-135
-320
252
108
-277
234
196
-270
181
123
-432
46
246
-274
43
258
-318
2
394
-278
-103
408
-269
-161
407
-252
-284
402
-47
-324
367
105
-397
285
186
-416
218
268
-359
207
369
-501
14
512
-351
16
466
-401
-135
491
-130
-277
437
90
-411
413
138
-568
304
206
-427
289
263
-391
84
377
-207
-117
312
-176
-205
346
-46
-217
214
-23
-275
111
149
-262
34
260
-267
-19
295
-258
-142
279
-9
-235
116
143
-302
49
252
-314
-27
247
-293
-95
370
-99
-248
362
21
-511
244
169
-523
196
328
-453
59
463
-352
-50
530
-323
-220
664
-160
-515
530
-111
-696
484
184
-693
204
278
-627
60
480
-528
-168
576
-383
-251
667
-250
-429
628
-36
-577
473
156
-617
349
439
-488
128
440
-526
-175
524
-403
-424
648
-120
-480
640
128
-525
400
242
-587
124
373
-599
-155
570
-428
-242
686
-250
-272
631
-161
-385
549
-63
-575
401
169
-532
325
369
-522
104
383
-447
-38
509
-193
-49
503
-173
-131
441
-77
-157
314
-95
-127
318
-50
-75
340
43
-150
80
-61
-140
101
-62
-185
103
-71
-167
145
-72
-233
192
29
-327
146
148
-204
206
193
-309
68
192
-310
-5
209
-269
-131
250
-168
-293
254
-36
-321
319
37
-444
161
211
-296
-49
144
-239
-59
290
-175
-277
299
3
-346
324
156
-427
284
276
-448
66
357
-284
-106
335
-295
-249
493
-84
-376
488
223
-350
330
252
-514
224
366
-581
74
407
-493
27
576
-377
-281
553
-190
-371
550
-92
-546
369
98
-620
165
302
-572
137
466
-446
-1
339
-322
-137
272
-135
-205
270
60
-328
96
210
-210
-8
200
-185
-118
367
97
-243
168
207
-211
44
289
-181
-12
466
-132
-237
446
-12
-374
357
122
-465
252
373
-446
-3
374
-436
-47
511
-388
-284
502
-215
-382
518
-6
-453
368
88
-530
359
316
-582
116
354
-392
77
326
-373
-84
363
-240
-213
363
-110
-243
285
-63
-266
224
50
-241
112
58
-190
2
-34
-75
-40
-122
43
89
-55
-31
83
13
-25
54
-82
-153
55
21
-172
120
143
-131
189
151
-302
6
69
-357
144
259
-292
59
268
-185
-114
225
-35
-200
205
19
-242
337
33
-463
245
151
-328
268
167
-399
115
219
-331
-38
237
-217
-62
370
-67
-174
396
18
-231
451
30
-345
395
118
-339
176
13
-402
108
199
-242
81
320
-256
-115
440
-191
-246
435
-87
-325
278
-45
-373
217
42
-307
234
91
-300
154
203
-247
-129
164
-93
-146
331
-30
-303
352
38
-274
294
81
-207
202
91
-232
39
131
-138
-123
189
77
-225
164
189
-238
169
113
-369
140
146
-291
106
109
-254
19
133
-106
-55
152
1
-156
192
21
-314
161
99
-331
165
177
-285
180
63
-374
189
101
-320
173
90
-265
101
92
-216
-2
203
-144
-94
322
-97
-172
350
-148
-221
368
-263
-314
494
-237
-426
543
-126
-410
502
-47
-433
370
122
-361
232
243
-446
121
502
-431
-43
524
-367
-127
536
-253
-192
505
-192
-244
444
-136
-238
408
48
-146
163
21
-150
47
175
-92
43
198
-200
-71
185
-103
-81
104
-66
-8
-58
-151
94
-100
9
258
-184
5
180
-305
-23
209
-203
-61
199
-77
-119
76
21
-85
59
89
-251
32
289
-200
111
269
-394
42
281
-340
14
194
-167
21
153
-12
-11
110
-12
-72
24
113
29
-84
98
-38
-102
119
-106
-23
126
-97
27
-13
-78
105
-109
-18
166
-198
23
113
-349
118
231
-332
-24
107
-264
-80
194
-29
-23
187
-1
-182
-14
94
-138
113
231
-236
114
157
-321
131
115
-272
141
94
-151
116
-10
-133
0
-64
-89
-62
47
-11
-87
120
34
-44
102
-10
-30
150
-5
-26
153
-97
-82
112
-192
-65
178
-116
-6
136
-94
-38
113
-68
-127
119
28
-155
199
187
-233
84
200
-257
33
201
-233
52
229
-189
-16
174
-193
-88
255
17
-111
193
135
-189
91
89
-277
106
96
-357
-13
234
-158
-77
177
-222
-187
242
-39
-154
346
147
-220
229
159
-327
77
250
-251
76
369
-200
-96
218
-252
-252
265
-74
-262
338
-2
-358
214
41
-359
88
128
-291
54
307
-193
-58
306
-253
-244
273
-137
-229
223
-87
-270
231
97
-368
51
180
-365
-66
217
-208
-15
239
-144
-85
262
5
-199
134
1
-223
195
50
-265
98
133
-104
136
208
-90
-11
53
-58
-31
-29
-27
-93
-17
3
-141
46
53
-203
-63
134
2
-4
53
-9
43
41
32
40
-3
77
14
-90
69
29
-48
122
55
-20
130
27
-28
79
-6
76
151
3
14
69
141
101
5
40
16
40
53
-10
59
121
0
43
95
-81
18
77
-114
-14
36
-53
54
36
-24
113
146
59
99
136
78
47
107
74
-47
158
105
-117
170
85
-152
202
168
-134
136
123
-174
-2
33
-170
22
198
-19
-66
77
-110
-248
48
-94
-434
-60
-101
-429
-114
-194
-499
-261
-330
-563
-386
-465
-644
-534
-444
-462
-456
-371
-387
-518
-448
-351
-438
-362
-198
-274
-265
-88
-158
-174
3
36
-72
30
178
-55
69
396
151
203
435
149
270
595
246
230
666
488
438
768
626
398
552
651
455
553
731
560
662
836
562
537
731
544
635
847
606
652
813
644
715
769
596
560
592
562
426
384
426
381
315
233
121
32
-142
-404
-461
-559
-616
-468
-693
-979
-1009
-1252
-1377
-1241
-1356
-1362
-1152
-1187
-1179
-1041
-1016
-985
-917
-848
-781
-609
-249
-95
-55
85
-22
-56
93
34
109
305
278
270
396
385
297
213
-33
-262
-318
-212
24
40
-49
-137
-390
-460
-460
-441
-347
-338
-179
1
95
244
234
115
99
48
136
376
474
660
748
561
507
436
283
310
194
73
182
185
261
434
284
-106
-465
-675
-590
-343
-161
22
144
179
122
34
106
-31
-122
0
22
375
802
824
736
518
113
82
267
348
672
949
885
900
1063
1074
902
781
747
757
1249
1816
2156
2513
2415
2068
1891
1865
1804
1832
2059
2109
2121
2168
1888
1433
801
-282
-1134
-1475
-1589
-1435
-1311
-1584
-2208
-2890
-3629
-4258
-4441
-4473
-4435
-3964
-3517
-2994
-2206
-2175
-2381
-2376
-2565
-2304
-1425
-368
457
1000
1255
1166
1076
953
583
303
263
268
514
1040
1068
594
20
-940
-1732
-1920
-2029
-1843
-1299
-1052
-1034
-985
-982
-1152
-1286
-1288
-1280
-759
59
602
1121
1399
1134
791
715
570
572
925
1150
1266
1401
1270
934
685
189
-371
-364
-81
247
768
1124
974
772
700
550
701
1098
1429
1800
2303
2609
2614
2645
2377
1777
1499
1392
1286
1514
1627
1306
937
414
-451
-1118
-1477
-2004
-2123
-1837
-1797
-1777
-1782
-1930
-2177
-2300
-2318
-2154
-1465
-691
-276
109
519
539
476
682
809
1086
1606
1847
2102
2419
2230
1668
1279
997
714
852
1244
1409
1589
1704
1368
1104
1070
882
871
1354
1966
2500
3011
3237
3117
2793
2391
1970
1690
1696
1787
2067
2296
1788
693
-513
-1763
-2892
-3600
-3900
-3967
-3885
-3890
-4233
-4849
-5436
-6055
-6618
-6664
-6207
-5279
-4054
-2867
-2157
-1996
-1937
-2028
-1961
-1396
-741
24
1084
1848
2010
2039
1717
865
36
-427
-620
-376
270
525
366
-62
-1007
-1853
-2105
-2163
-1841
-1077
-465
30
472
627
519
363
185
62
463
1254
2009
2500
2490
2102
1425
784
302
-42
-141
-90
88
229
176
-115
-575
-1019
-1338
-1397
-1031
-251
521
1119
1612
1754
1826
1999
2053
2171
2533
2967
3333
3761
3849
3325
2613
1953
1427
1262
1253
825
106
-504
-1132
-1463
-1447
-1445
-1424
-1468
-1529
-1617
-1391
-956
-718
-393
-32
427
1140
1954
2623
2890
2735
2501
2644
3109
3589
4046
4272
4151
3844
3442
3103
2691
2133
1948
2139
2308
2552
2760
2513
1733
701
-319
-1018
-904
-317
56
301
-66
-1329
-2667
-4072
-5366
-5639
-5127
-4426
-3838
-3680
-4092
-4902
-5729
-6575
-7092
-6707
-5726
-4444
-2992
-1848
-1291
-1169
-1787
-2818
-3075
-2526
-1420
-15
986
1287
981
318
-716
-1862
-2639
-3163
-3126
-2345
-1420
-636
-346
-1030
-2426
-3660
-4205
-3745
-2261
-639
578
1340
1576
1427
1156
1001
884
1004
1569
2289
3124
3765
3699
2894
1668
553
-56
-167
68
435
700
840
709
392
184
44
-23
242
908
1807
2915
3806
4213
4313
4028
3743
3810
4116
4493
4807
4930
4410
3435
2378
1178
287
-27
-200
-436
-728
-1256
-2122
-2943
-3505
-3792
-3494
-2931
-2516
-1911
-1248
-933
-673
-454
-224
402
1263
2090
2837
3450
3588
3452
3335
3107
3007
3061
3171
3380
3585
3413
2941
2373
1538
898
869
1352
2078
2731
2999
2734
2351
1721
873
211
-173
117
887
1667
2011
1488
-211
-2758
-5069
-6382
-6033
-4584
-3355
-3154
-3935
-5054
-6149
-6852
-7449
-7955
-7723
-6796
-5163
-3141
-1590
-823
-1345
-2949
-4371
-4523
-2991
-816
749
1092
369
-511
-1174
-1863
-2647
-3393
-3964
-3834
-2820
-1587
-598
-353
-1376
-3133
-4182
-3727
-2053
175
1543
1613
1347
1207
1540
2115
2270
2022
1726
1776
2287
3086
3553
2962
1484
-169
-1276
-1236
-413
288
340
-170
-669
-759
-324
168
246
145
292
962
2154
3531
4408
4403
3975
3755
4002
4766
5377
5166
4477
3694
3394
3726
3941
3603
2614
1115
-86
-339
0
561
705
-90
-1192
-1995
-2164
-1659
-1110
-930
-933
-710
-10
852
1441
1648
1455
1289
1499
2082
2869
3325
3277
2826
2197
1864
1888
1977
1876
1837
2033
2345
2721
2764
2265
1356
668
575
1011
1931
2857
3628
4254
4208
3122
1311
-584
-1658
-1248
378
2288
3246
2076
-1526
-6300
-10125
-11099
-9174
-6377
-4643
-4775
-5903
-6865
-7643
-8635
-9861
-10675
-10342
-8377
-5074
-1375
1450
1769
-759
-4428
-6768
-6185
-2940
692
2355
2045
949
-124
-951
-2138
-4159
-6144
-6826
-5579
-2763
440
2454
1836
-1141
-4711
-6459
-4791
-914
2665
4351
4055
3015
2477
2642
2835
2489
1663
1226
1964
3485
4969
5240
3587
671
-2061
-3288
-2710
-838
899
1431
1050
454
260
617
951
784
676
1159
2461
4619
6522
7130
6510
5239
3995
3566
4101
4908
5469
5647
5268
4356
3451
2490
1257
213
-604
-1001
-466
416
660
46
-1167
-2241
-2493
-1974
-1297
-486
440
1010
1454
1825
1975
1997
2045
2129
2333
2961
3700
4121
4082
3315
2211
1471
1158
1173
1346
1554
1537
1312
1241
1064
608
-166
-1005
-1084
-201
1007
2075
2941
3485
3457
2410
370
-1632
-2151
-850
978
2355
3009
2389
-161
-4885
-10297
-13322
-11834
-7522
-4273
-3732
-4860
-5927
-6858
-8780
-11383
-12727
-11442
-8509
-5578
-2815
30
2208
1728
-2416
-7709
-9970
-7334
-1959
2239
3148
1848
322
-1266
-3599
-6328
-8057
-7729
-5725
-3109
-630
1599
2951
1821
-1917
-5765
-6633
-3428
1825
5810
6704
5357
3864
3093
2889
2728
2382
2386
3124
4392
5751
6637
6258
4271
1097
-2003
-3355
-2201
470
2802
3641
3016
1821
1005
708
434
359
913
2202
4249
6318
7397
6938
5122
3029
2007
2737
4606
6223
7004
6998
6078
4414
2436
818
95
-36
44
410
1401
2674
2742
993
-1651
-3335
-3074
-1581
15
990
1587
1935
1701
1021
240
-270
-32
761
1824
3089
4204
4782
4107
2096
-89
-1173
-621
996
2420
2817
2208
1192
392
-99
-716
-1572
-2034
-1406
225
1775
2478
2511
2421
1990
407
-2119
-3825
-3098
-490
2065
3102
2944
2076
-514
-5975
-12629
-15920
-13450
-7640
-3237
-2911
-4855
-6171
-7151
-9528
-12812
-14365
-12389
-8404
-5102
-2758
-16
2614
2320
-2461
-8890
-11744
-8473
-1698
3417
4543
3160
1430
-179
-2665
-5768
-7615
-7094
-4932
-2399
88
2450
3802
2569
-1415
-5643
-6674
-3484
1840
5934
6755
5112
2923
1709
1775
2227
2330
2160
2589
3972
5554
6563
6276
4569
2177
-125
-1412
-961
988
3281
4420
3856
2510
1798
2047
2240
1882
1735
2721
4880
6912
7253
5902
4127
3230
3524
4370
5475
6623
7248
6846
5374
3702
2764
2400
2030
1461
1200
1745
2477
2650
1677
-272
-1945
-2515
-1766
-193
1028
1163
585
59
-103
-69
-192
-291
-144
414
1573
2999
4170
4299
2940
864
-599
-749
422
1934
2530
2001
790
-200
-486
-550
-956
-2067
-3262
-3281
-1918
72
1601
1838
1089
144
-746
-1916
-3137
-3273
-2076
-201
1401
2293
2571
1452
-2548
-9406
-15441
-16410
-11940
-5992
-3125
-3952
-5752
-6969
-8559
-11217
-13726
-13747
-11169
-8157
-5676
-2884
687
2876
786
-5014
-10071
-10250
-5518
248
3319
3436
2450
1469
-71
-2540
-5008
-6123
-5370
-3700
-1719
775
3372
4582
3070
-572
-3585
-3234
-13
3572
5617
5576
4567
3951
4016
4280
4323
4102
3889
4138
5079
6330
7141
6761
5018
2709
626
-376
119
1466
2801
3165
2629
1925
1569
1753
2003
2049
2164
2983
4500
5805
5967
5041
4122
4044
4673
5167
5440
5949
6648
6753
5694
4133
3177
2864
2195
1143
636
1332
2379
2063
387
-1458
-2426
-2372
-1797
-929
-158
126
-124
-712
-1017
-786
-455
-316
-140
467
1558
2739
3458
3371
2375
948
15
242
1164
1777
1466
259
-974
-1496
-1157
-683
-762
-1541
-2841
-3615
-3219
-1543
365
1185
1009
413
195
8
-1149
-2790
-3453
-2525
-718
697
1214
1176
-375
-4870
-11357
-15940
-15178
-10550
-6681
-6313
-7736
-7823
-6911
-7702
-10794
-13405
-12992
-10411
-8330
-6902
-3761
1019
3845
1868
-3295
-6846
-5751
-1858
953
1602
1540
1977
2509
1891
71
-1768
-2689
-3077
-3595
-3638
-2335
274
2685
3375
2341
883
537
1184
2048
2283
1798
1910
3291
5626
7748
8536
7889
6666
5586
4659
4078
4090
4816
5639
5425
4148
2934
2579
2527
1793
448
-633
-593
653
2367
4046
5271
5490
4838
3844
3402
3936
4682
5073
5324
5962
6705
7174
7342
7193
6802
5562
3451
1537
654
945
1518
1444
696
-257
-1221
-2250
-3298
-4145
-4390
-3848
-2771
-1720
-1001
-462
-96
-104
-401
-591
-408
335
1552
2463
2898
3053
2989
2910
2570
1988
1124
152
-526
-931
-1180
-1549
-1906
-2031
-2103
-2316
-2695
-3019
-2988
-2646
-2139
-1490
-777
-37
627
1213
1596
1149
-236
-1897
-2870
-2538
-1526
-663
-192
-36
-925
-4016
-8659
-12256
-12861
-11148
-9332
-8734
-8241
-6911
-5729
-6139
-8123
-9836
-10108
-9660
-9581
-9272
-7123
-3006
788
1749
63
-2039
-2869
-2653
-2593
-2684
-1833
124
1924
2431
2006
1631
1437
434
-1640
-3339
-3404
-1745
490
2013
2811
3324
3572
3372
3007
2874
2722
2452
2414
3216
5108
7374
8879
9086
8411
7273
5911
4881
4647
5238
5790
5262
3938
2773
2403
2658
2825
2683
2348
2304
2533
2606
2675
2861
3153
3541
3830
4040
4624
5520
6243
6351
5684
4926
4571
4556
4830
4957
4736
4244
3533
2830
1944
658
-839
-2039
-2707
-3142
-3384
-3378
-3037
-2462
-2186
-2473
-2960
-2937
-2383
-1913
-1856
-1835
-1381
-637
-107
-50
0
388
881
1008
527
-192
-727
-1048
-1237
-1218
-1184
-1372
-1783
-2355
-2694
-2824
-2935
-2921
-2898
-2656
-2331
-2168
-1769
-1133
-742
-1088
-2157
-3240
-3500
-2995
-2102
-1289
-1052
-1236
-1851
-2447
-2645
-2730
-2718
-2648
-2593
-2454
-2470
-2899
-3487
-3772
-3726
-3962
-4793
-5775
-6166
-5649
-4960
-4826
-5073
-5060
-4549
-4456
-5362
-6348
-6200
-4847
-3546
-3204
-3315
-2615
-1070
-3
161
-70
62
818
1397
1264
1118
1709
2671
3262
3240
3088
3583
4429
4730
4254
3531
3415
3921
4487
4897
5001
4898
4765
4539
4389
4542
5057
5309
5132
4774
4304
4030
3778
3665
3821
3978
4158
4283
4197
3935
3539
3021
2532
2450
2827
3400
3966
4133
4043
3866
3430
2789
2195
2034
2135
2333
2643
2845
2971
2792
2034
1076
228
-247
-401
-838
-1316
-1383
-1179
-860
-705
-628
-568
-664
-935
-1517
-2024
-2286
-2392
-2443
-2690
-2738
-2547
-2381
-2367
-2782
-3324
-3635
-3746
-3727
-3685
-3629
-3478
-3280
-3211
-3166
-3001
-2738
-2528
-2511
-2442
-2128
-1569
-983
-587
-438
-698
-1189
-1554
-1704
-1840
-1942
-1813
-1670
-1635
-1610
-1628
-1567
-1523
-1726
-1852
-1538
-804
-126
-28
-402
-702
-673
-697
-877
-894
-623
-285
-306
-501
-322
215
650
374
-628
-1668
-2140
-2132
-1846
-1450
-1112
-689
-452
-600
-882
-1085
-1342
-1827
-2247
-2396
-2082
-1307
-653
-453
-928
-1708
-2214
-2241
-1579
-686
38
507
759
1267
2045
2703
2988
2883
2839
2996
3436
4245
5175
6062
6332
5772
4896
4216
4283
4781
5005
4790
4142
3489
3105
2850
2667
2615
2652
2814
3022
3027
2903
2753
2722
2670
2174
1536
1312
1703
2246
2249
1804
1289
1093
1046
598
-230
-732
-678
-736
-1221
-1933
-2206
-1814
-1446
-1485
-1770
-1751
-1290
-1005
-1160
-1578
-1598
-1145
-720
-499
-531
-448
-326
-519
-868
-1122
-1175
-1161
-1323
-1734
-2085
-2127
-2033
-1966
-1915
-2031
-2561
-3367
-3969
-3988
-3377
-2755
-2478
-2438
-2538
-2571
-2766
-3083
-3138
-2903
-2444
-1976
-1668
-1392
-1117
-1022
-985
-900
-710
-317
115
464
613
522
512
669
760
754
474
-30
-450
-538
-108
451
722
727
545
320
205
289
652
1133
1470
1652
1622
1703
1955
2108
2346
2435
2317
2149
2097
2330
2490
2265
1673
845
270
96
-155
-524
-906
-1059
-967
-961
-1092
-1198
-1011
-824
-1073
-1671
-2096
-1885
-1347
-935
-781
-629
-197
291
395
64
-168
-60
182
238
132
285
604
955
1214
1233
1200
1150
1215
1391
1506
1640
1732
1851
2113
2349
2601
2846
2938
2800
2291
1661
1289
1308
1672
1905
1779
1532
1077
572
168
-189
-377
-553
-709
-823
-902
-881
-922
-1124
-1472
-1766
-1954
-1985
-1875
-1950
-2035
-2031
-1842
-1646
-1544
-1252
-1176
-1099
-988
-973
-729
-491
-337
-506
-866
-954
-861
-525
-54
128
-57
-386
-671
-819
-893
-946
-974
-1055
-1163
-1281
-1387
-1293
-975
-822
-983
-1257
-1451
-1427
-1273
-1207
-1209
-1151
-1058
-858
-737
-723
-615
-528
-573
-672
-548
-161
304
720
947
974
1008
1104
1217
1378
1575
1796
1889
1868
1887
1887
1860
1856
1852
1942
2085
2158
2233
2216
2035
1822
1585
1378
1277
1324
1446
1425
1407
1507
1712
1769
1452
1145
931
949
1042
900
920
1122
1322
1346
869
191
-156
-235
-341
-775
-1312
-1319
-948
-911
-1361
-1891
-2080
-2016
-2202
-2748
-3307
-3334
-2942
-2681
-2729
-2802
-2469
-1907
-1746
-1979
-1999
-1551
-954
-740
-828
-909
-800
-570
-522
-501
-381
-219
13
302
436
541
757
811
802
770
675
703
884
1120
1331
1271
987
700
576
735
779
587
369
250
207
91
-124
-407
-603
-753
-956
-1202
-1313
-979
-539
-451
-604
-793
-748
-529
-359
-199
-72
63
138
-64
-338
-294
-46
296
503
577
857
1017
909
672
426
422
586
726
866
1002
1135
1068
783
424
243
434
557
456
352
277
371
534
324
42
-129
-413
-530
-715
-851
-534
-263
-177
-305
-546
-532
-326
-71
26
28
18
63
240
404
614
799
1003
1226
1289
1368
1539
1776
1978
1963
1731
1500
1502
1622
1657
1485
1242
1208
1173
966
650
384
389
610
795
714
625
643
719
610
246
126
340
588
635
502
299
180
186
117
-170
-460
-598
-706
-828
-1080
-1371
-1552
-1712
-2043
-2413
-2746
-3036
-3124
-3108
-3020
-3057
-3095
-2974
-2849
-2753
-2893
-3069
-3138
-3100
-2869
-2665
-2471
-2229
-1899
-1591
-1397
-1290
-1243
-918
-606
-521
-391
-374
-293
-23
207
228
173
270
529
941
1209
1381
1494
1490
1591
1421
1077
1065
1376
1732
1855
1714
1474
1361
1402
1463
1430
1395
1387
1329
1238
1123
1010
865
767
585
245
39
98
376
714
930
923
893
915
1042
1267
1257
1145
1055
1019
1180
1412
1661
1800
1751
1590
1372
1191
1193
1328
1207
805
396
109
80
155
214
209
-70
-333
-435
-434
-256
-168
-238
-333
-418
-313
-210
-305
-384
-550
-703
-750
-786
-726
-629
-587
-627
-759
-847
-761
-682
-718
-822
-917
-803
-601
-507
-393
-329
-311
-191
-170
-140
34
343
622
614
552
543
433
340
310
257
228
180
91
19
-117
-313
-383
-466
-516
-464
-469
-309
-20
46
-54
-128
-38
145
98
-116
-251
-212
-173
-155
-64
6
54
64
-154
-720
-1250
-1505
-1677
-1829
-2181
-2461
-2474
-2556
-2569
-2600
-2557
-2333
-2143
-1959
-1944
-2029
-2048
-2020
-1866
-1782
-1821
-1791
-1491
-996
-529
-26
313
576
871
977
993
939
876
963
1103
1154
1243
1463
1755
2129
2315
2224
2217
2334
2406
2408
2249
1982
1838
1670
1435
1323
1279
1382
1565
1664
1702
1678
1691
1714
1608
1328
1027
772
637
531
380
280
121
207
415
545
629
612
704
664
480
228
-52
-140
8
183
169
251
394
503
603
580
590
599
504
316
-31
-368
-434
-396
-525
-626
-725
-774
-602
-523
-553
-579
-605
-637
-851
-1172
-1279
-1214
-1152
-1054
-1094
-1133
-1037
-996
-947
-1017
-1130
-1114
-1132
-1118
-1060
-1106
-1004
-777
-587
-517
-621
-537
-348
-232
-216
-273
-193
-25
226
293
164
200
351
589
701
561
400
350
342
200
133
182
230
379
457
516
581
587
716
803
682
657
739
654
619
690
619
469
267
134
229
310
180
85
70
50
-123
-744
-1520
-2082
-2347
-2463
-2699
-2877
-2695
-2232
-1876
-1883
-2015
-1911
-1576
-1460
-1768
-2097
-2145
-1719
-1275
-1112
-871
-495
153
870
1367
1651
1762
1848
1835
1622
1258
1088
1228
1464
1687
1659
1637
1930
2381
2656
2591
2327
2019
1916
1864
1576
1068
647
643
783
908
968
1010
1307
1655
1689
1271
831
668
639
386
-193
-619
-777
-617
-411
-475
-414
-194
-56
-10
-201
-553
-692
-644
-550
-621
-876
-882
-617
-302
-92
-23
147
427
537
430
139
-91
-137
-242
-353
-564
-791
-728
-616
-556
-658
-956
-1095
-1037
-955
-900
-964
-990
-897
-847
-800
-851
-936
-751
-462
-351
-358
-369
-169
97
141
36
-79
-30
171
332
399
445
488
504
545
527
450
428
367
517
726
735
780
926
1123
1193
1137
982
947
1013
986
949
714
597
877
1129
1196
1215
1246
1442
1699
1819
1758
1477
1321
1344
1353
1065
533
236
176
270
352
268
76
4
-31
-575
-1659
-2689
-3133
-3093
-3154
-3653
-4105
-3900
-3194
-2662
-2707
-2950
-2930
-2647
-2530
-2987
-3531
-3411
-2587
-1725
-1535
-1669
-1360
-380
667
902
590
268
383
698
509
29
-306
5
672
905
662
419
805
1431
1664
1370
767
741
1212
1515
1366
787
564
951
1507
1740
1513
1546
1913
2194
2056
1342
730
617
749
702
189
-382
-374
58
317
93
-219
-161
137
492
336
-169
-308
-10
483
526
223
212
686
1319
1521
1234
945
1099
1427
1375
866
324
248
484
458
118
-264
-204
63
-30
-333
-811
-1009
-922
-1052
-1270
-1495
-1559
-1388
-1213
-1089
-962
-764
-486
-264
-230
-257
-381
-564
-542
-516
-471
-343
-239
-92
145
407
508
370
117
44
112
87
-132
-349
-150
346
833
989
894
1131
1544
1742
1510
1065
1007
1284
1555
1494
1198
1134
1405
1751
1608
1169
1072
1373
1786
1889
1763
1597
1604
1818
1751
1299
666
137
-18
4
-239
-660
-812
-652
-507
-972
-2297
-3802
-4621
-4550
-4372
-4879
-5542
-5275
-3964
-2838
-2741
-3219
-3279
-2416
-1767
-2476
-3684
-3784
-2281
-672
-540
-1233
-1302
-180
1016
584
-1013
-1912
-1557
-793
-907
-1765
-1797
-630
832
1339
666
205
900
1993
2248
1621
1053
1529
2807
3601
3387
2707
2513
2889
3088
2592
1550
940
1179
1645
1554
702
40
280
928
953
22
-890
-738
201
737
358
-243
23
1110
1770
1394
580
488
1260
1623
952
-4
-117
733
1423
1105
336
53
600
1322
1155
365
44
395
811
629
-48
-334
44
533
467
-75
-361
-170
171
129
-368
-918
-1247
-1244
-1234
-1444
-1698
-1702
-1327
-808
-430
-349
-376
-194
-80
-226
-454
-781
-871
-571
-225
-101
-159
-152
35
280
150
-317
-704
-761
-436
-105
-36
-74
104
615
1152
1162
692
503
848
1281
1367
1219
1241
1567
1970
2018
1527
898
669
730
682
388
88
331
1076
1758
2072
1843
1459
1278
1133
854
-5
-996
-1351
-1225
-821
-659
-933
-924
-515
-480
-1683
-4115
-6084
-6241
-5378
-4956
-5352
-5461
-4103
-1913
-953
-1817
-2845
-2562
-1622
-1855
-3534
-4591
-3308
-750
570
-353
-1574
-984
579
899
-881
-2898
-2758
-1183
-258
-694
-1123
166
2238
3091
2295
1304
1582
2897
3712
3281
2672
3110
4519
5442
5170
4212
3414
3098
2753
2068
1145
610
804
1351
1679
1360
896
892
1277
1500
909
-211
-796
-276
724
1217
1106
1203
1968
2651
2268
998
18
48
280
-278
-1281
-1528
-530
582
791
231
-346
-194
159
-212
-1121
-1606
-1114
-400
-147
-53
320
1018
1466
1062
128
-508
-804
-946
-1217
-1718
-1848
-1681
-1556
-1460
-1355
-1224
-1256
-1521
-1710
-1567
-1214
-900
-793
-601
-231
8
28
-67
-98
-122
-244
-446
-644
-773
-676
-541
-719
-822
-725
-571
-484
-541
-439
-222
143
554
939
1494
1761
1783
1815
1802
1943
2048
1979
1819
1809
1914
1794
1461
1127
1038
963
674
302
125
355
756
1015
848
480
450
631
859
782
332
-54
-420
-515
-449
-535
-625
-617
-597
-1368
-3002
-4706
-5490
-4852
-3963
-3834
-4197
-3959
-2636
-1362
-1304
-2345
-3054
-2707
-2287
-2742
-3588
-3020
-840
966
884
-515
-1076
-146
625
-295
-2217
-2884
-1530
72
341
-45
420
1877
2738
1956
701
566
1697
2874
2970
2492
2813
4060
5115
5062
3920
2751
2041
1475
921
318
306
965
1743
2176
1818
1356
1199
1122
992
269
-772
-1318
-1088
-188
734
1158
1312
1544
1690
1280
245
-699
-927
-761
-731
-1078
-1072
-169
777
1132
569
-400
-803
-778
-781
-956
-969
-428
331
741
792
805
868
771
262
-390
-754
-783
-554
-415
-332
-179
-237
-431
-690
-903
-1064
-1527
-1985
-2001
-1558
-866
-441
-253
-99
79
135
-299
-937
-1185
-945
-704
-744
-806
-492
46
342
127
-373
-508
-355
-196
-191
-247
55
588
1073
1386
1697
2006
1994
1753
1318
1154
1229
1266
1436
1578
1956
2178
2040
1808
1426
1112
704
87
-239
-78
288
679
978
1267
1587
1608
1201
685
323
-47
-733
-1568
-1878
-1143
-99
192
18
-135
-395
-1502
-3703
-5588
-5882
-4877
-4139
-4389
-4349
-2933
-936
-310
-1496
-2793
-2823
-2146
-2516
-3885
-4117
-2177
230
881
-194
-979
-181
736
-85
-2138
-3107
-1781
173
564
-316
-430
845
2038
1691
333
-118
867
1987
2115
1770
2402
4027
5227
4957
3511
2158
1367
809
215
-337
-294
483
1324
1906
2250
2206
1884
1471
902
114
-813
-1376
-1114
-191
844
1351
1485
1599
1657
1424
563
-464
-909
-725
-386
-408
-412
269
1121
1443
1099
382
-19
-147
-178
-57
132
586
1164
1467
1440
1264
963
503
50
-169
-182
-203
-305
-227
150
490
375
-128
-517
-704
-921
-1422
-2056
-1984
-1241
-636
-477
-698
-717
-277
-258
-989
-1726
-1894
-1521
-1175
-1098
-967
-542
-63
29
-256
-476
-389
-185
-217
-503
-547
-94
482
844
1060
1222
1306
1108
758
752
983
1252
1408
1443
1778
2233
2420
2303
2010
1714
1282
543
-145
-208
165
566
858
942
1059
1067
576
-18
-307
-441
-814
-1561
-1979
-1279
-82
497
420
200
102
-446
-2369
-4879
-6055
-5313
-4129
-4192
-4699
-3930
-1829
-420
-1398
-3250
-3630
-2533
-1952
-3129
-4213
-2868
105
1796
866
-737
-665
540
483
-1661
-3588
-2864
-404
1020
296
-562
449
2188
2415
690
-832
-293
1431
2482
2283
2419
3973
5644
5737
4246
2754
2148
1831
986
-240
-801
-136
1187
2043
2135
1995
1748
1418
786
-207
-906
-1046
-739
-96
596
1220
1727
1989
1923
1358
441
-449
-910
-767
-479
-238
71
383
915
1123
660
134
-458
-889
-987
-879
-585
39
844
1357
1549
1491
1305
1110
857
554
284
165
284
400
529
667
556
59
-439
-815
-1313
-1649
-1908
-1966
-1744
-1513
-1340
-1218
-868
-450
-376
-606
-994
-1186
-1153
-1023
-806
-586
-164
30
-68
-198
-504
-533
-568
-893
-1260
-1567
-1327
-868
-549
-237
77
397
678
912
1028
1293
1655
1728
1646
1642
1858
2097
2110
2031
1885
1675
1375
694
-3
-136
95
116
-266
-462
-15
509
587
250
68
591
1121
835
-99
-615
11
901
991
482
238
396
2
-1889
-4383
-5548
-5042
-4182
-4386
-5056
-4381
-2435
-1160
-1692
-2816
-2714
-1547
-1035
-1931
-2855
-2004
133
1403
871
-168
-115
611
252
-1505
-2944
-2626
-1224
-537
-972
-1165
-162
1234
1569
757
231
818
1897
2338
2130
2412
3334
4358
4869
4380
3601
3045
2394
1503
595
181
293
612
1034
1373
1569
1563
1272
884
517
6
-629
-833
-574
145
1004
1393
1542
1529
1362
1008
267
-408
-562
-424
-283
-259
-227
74
570
642
64
-673
-1069
-1031
-864
-787
-652
-238
284
744
945
943
1017
1026
883
492
221
280
333
324
116
-63
-48
-212
-622
-1130
-1447
-1499
-1635
-1612
-1432
-1055
-503
-259
-284
-465
-460
-386
-477
-745
-939
-549
23
156
-101
-295
-139
-3
-354
-1067
-1575
-1775
-1709
-1383
-1116
-633
141
755
982
877
874
1149
1452
1562
1563
1569
1702
1930
1954
1776
1443
1034
680
239
-119
-165
-132
-127
-22
236
558
692
479
337
534
733
650
180
-61
365
907
1135
967
801
784
58
-1777
-3852
-4792
-4396
-3842
-4132
-4527
-3839
-2321
-1293
-1684
-2410
-2276
-1511
-1332
-2358
-2991
-1881
-16
912
449
-150
254
878
185
-1685
-2878
-2469
-1341
-1075
-1666
-1377
78
1366
1336
412
304
1209
1876
1752
1433
2138
3610
4357
4054
3379
3169
3245
2706
1478
334
103
580
880
735
704
1167
1576
1295
629
253
224
210
-79
-357
56
1033
1686
1556
1142
941
981
853
105
-708
-849
-670
-539
-620
-659
-212
291
301
-320
-898
-675
-191
-176
-508
-616
-92
520
814
825
696
834
949
662
230
118
495
856
720
193
-181
-264
-466
-1042
-1594
-1627
-1417
-1257
-1283
-1225
-782
-283
-3
-46
-304
-466
-653
-840
-748
-585
-351
-114
-72
-95
0
51
-120
-389
-743
-967
-1041
-1040
-814
-463
-170
-37
74
299
631
876
977
1091
1358
1778
2058
2150
2005
1693
1494
1335
1035
575
165
-7
76
210
201
183
261
303
223
58
-116
-51
44
-221
-585
-545
135
881
1061
834
611
388
-423
-1886
-3115
-3503
-3214
-2992
-3245
-3322
-2742
-1890
-1642
-2207
-2498
-1958
-1340
-1459
-2202
-2438
-1549
-308
83
-366
-507
140
648
55
-1014
-1372
-767
-149
-504
-1250
-1149
-180
499
149
-498
-291
774
1629
1588
1313
1730
2582
3082
2704
1989
1869
1968
1855
1329
860
1006
1387
1595
1236
905
1078
1216
1113
605
54
-157
-186
-135
-126
90
392
483
547
692
824
771
522
233
267
433
433
302
144
245
306
231
-36
-226
33
206
-11
-447
-627
-347
77
149
-86
-22
427
875
830
459
487
902
1242
1174
857
682
671
666
326
-352
-896
-1107
-1164
-1181
-1291
-1273
-910
-588
-571
-746
-930
-1000
-968
-1003
-1126
-1117
-766
-188
298
506
484
335
203
-31
-410
-721
-943
-943
-753
-757
-848
-664
-423
-217
-50
76
261
482
652
739
867
1142
1486
1597
1597
1647
1599
1380
1069
881
765
655
453
157
11
149
256
80
-154
-275
-226
-263
-477
-482
-250
160
638
775
702
503
163
-270
-957
-1681
-2185
-2312
-2061
-1733
-1685
-1802
-1894
-1912
-1816
-1924
-2082
-2016
-1926
-1909
-1895
-1823
-1585
-1131
-849
-838
-805
-721
-513
-359
-364
-318
-326
-419
-571
-739
-730
-565
-443
-285
56
515
972
1330
1649
1868
1934
1846
1652
1577
1589
1569
1512
1421
1437
1677
1932
2104
2258
2187
1834
1491
1201
895
676
488
322
347
549
750
767
717
857
1074
1105
725
343
359
464
376
11
-264
-92
328
435
-15
-366
-277
-176
-348
-793
-1007
-729
-258
-75
-391
-519
-207
167
266
95
84
344
486
322
145
69
183
374
223
-324
-785
-852
-810
-808
-940
-1003
-735
-529
-461
-486
-729
-886
-1007
-1093
-929
-757
-465
-33
240
416
446
284
90
-48
-216
-485
-749
-996
-937
-691
-658
-690
-556
-122
228
256
118
3
282
747
842
751
829
1171
1478
1334
977
915
1148
1291
1164
866
813
1050
1233
1024
460
110
42
91
-163
-579
-506
-103
404
712
826
964
1043
855
213
-669
-1284
-1414
-1510
-1671
-1693
-1549
-1280
-1108
-1140
-1349
-1567
-1626
-1680
-2070
-2496
-2542
-2315
-2002
-1732
-1556
-1398
-1163
-1095
-1121
-1069
-803
-387
-359
-572
-775
-821
-505
-197
-144
-80
60
264
548
640
844
1170
1278
1262
1148
1231
1385
1313
1186
1189
1357
1683
2001
2121
2142
2089
2086
1936
1578
1290
1011
809
582
360
387
674
868
798
652
643
785
779
573
174
-110
-140
-159
-189
-150
0
162
106
-136
-166
-125
-191
-284
-505
-596
-473
-398
-460
-538
-490
-331
42
338
302
296
469
616
599
530
424
260
25
-226
-406
-449
-384
-366
-255
-113
-56
45
118
12
-244
-490
-672
-742
-734
-740
-661
-424
-100
202
316
194
34
-157
-384
-607
-891
-1104
-1203
-1194
-1117
-943
-631
-329
-165
-233
-302
-175
18
181
204
213
368
549
591
524
475
417
423
334
249
377
461
491
461
338
294
333
369
232
-26
-116
-112
9
331
534
578
712
868
907
888
688
293
-89
-462
-836
-1117
-1219
-1059
-812
-767
-808
-894
-701
-417
-479
-645
-971
-1053
-867
-920
-1014
-928
-719
-511
-589
-824
-866
-711
-462
-332
-317
-255
-152
-231
-471
-583
-498
-361
-263
-171
40
427
730
817
773
770
838
832
784
576
373
453
524
543
643
849
1126
1129
818
528
508
539
493
494
356
406
582
605
626
397
304
452
447
334
18
-108
35
39
-87
-85
118
333
330
-9
-355
-379
-146
26
-2
-70
8
221
328
229
144
179
276
349
310
318
419
509
460
265
111
56
39
58
-49
-233
-289
-262
-137
-6
90
190
183
102
60
-77
-317
-441
-347
-250
-245
-322
-436
-386
-172
-182
-423
-477
-430
-380
-417
-546
-684
-681
-451
-334
-336
-414
-461
-237
-95
-150
-287
-257
46
186
154
-63
-257
-170
-126
-203
-304
-294
-149
-11
2
-135
-43
230
287
97
-168
-147
-38
-75
-276
-525
-432
-4
271
167
34
56
89
70
-27
-140
-212
-311
-507
-644
-499
-239
28
180
209
242
194
232
265
225
162
146
234
264
326
267
124
29
-27
171
355
361
463
593
623
562
528
616
682
574
352
252
340
499
470
303
190
157
164
38
-26
-6
-13
-52
-234
-370
-365
-313
-208
-141
-83
-115
-182
-255
-382
-414
-346
-190
-167
-230
-258
-339
-308
-272
-356
-396
-424
-436
-394
-287
-166
-132
24
194
249
264
199
137
52
5
25
57
117
200
284
244
72
19
49
78
155
194
206
320
446
453
485
485
427
426
423
339
219
171
151
287
329
290
434
388
273
131
-81
-70
-9
-29
-82
-94
-44
30
157
277
356
410
426
299
140
24
-153
-245
-304
-325
-222
-245
-251
-189
-249
-193
-205
-300
-249
-160
-142
-291
-417
-390
-278
-318
-465
-471
-289
-80
-158
-444
-532
-492
-477
-404
-516
-665
-683
-741
-862
-990
-897
-599
-374
-306
-330
-311
-202
-227
-365
-484
-479
-360
-374
-446
-434
-371
-228
-105
-134
-86
86
166
154
50
87
300
346
305
302
362
546
605
562
613
708
866
1068
1071
876
803
787
775
683
549
551
513
513
524
483
569
685
660
540
422
410
488
538
497
430
432
347
285
287
183
155
85
-120
-230
-327
-309
-223
-350
-521
-522
-473
-532
-608
-619
-530
-437
-463
-437
-357
-205
-80
-139
-249
-347
-264
-166
-330
-503
-573
-514
-489
-623
-697
-672
-531
-467
-506
-496
-429
-212
8
33
77
256
484
540
385
254
201
329
418
375
378
430
490
418
241
68
68
178
213
193
161
219
339
503
622
683
816
888
785
664
581
529
588
593
572
419
191
138
9
-156
-237
-316
-371
-276
-159
-273
-347
-384
-337
-85
-79
-97
-59
-105
-77
-264
-375
-337
-319
-257
-409
-529
-581
-569
-399
-465
-641
-686
-681
-639
-656
-739
-720
-604
-475
-384
-264
-116
-97
-58
-9
-62
38
165
141
156
29
-195
-237
-159
-57
-27
35
144
162
141
180
249
282
285
313
361
348
320
365
447
527
609
705
702
630
622
561
544
505
342
317
301
287
252
275
370
289
286
308
345
456
390
353
311
184
221
330
332
342
294
142
148
128
65
-11
-140
-138
-83
-37
-91
-238
-272
-309
-426
-483
-412
-383
-391
-393
-415
-329
-269
-275
-347
-461
-505
-574
-671
-718
-718
-699
-662
-673
-695
-588
-483
-502
-455
-377
-341
-339
-359
-334
-301
-210
-199
-200
-61
77
134
125
122
76
109
172
103
66
69
88
184
206
244
369
455
494
475
432
417
379
264
233
200
193
240
128
73
136
192
155
150
212
196
258
262
190
129
3
-43
-6
-47
-59
-15
-88
-80
-34
-114
-168
-140
-226
-312
-245
-104
-15
-45
37
121
145
155
186
275
256
164
170
201
118
120
72
-80
6
32
29
97
46
65
92
134
271
403
429
447
526
491
408
324
227
212
233
166
106
95
129
137
57
-48
-44
45
-74
-223
-246
-220
-149
-138
-139
-89
-34
18
16
-38
-73
-171
-239
-252
-238
-134
-164
-196
-165
-255
-351
-351
-364
-439
-381
-380
-363
-236
-189
-66
-28
-58
-41
-89
-97
-64
-105
-135
-106
-56
58
153
181
92
-32
-91
-204
-280
-213
-191
-210
-179
-159
-23
94
46
40
0
-35
-10
4
59
79
133
102
68
179
197
200
192
97
133
146
85
94
39
59
99
10
-23
32
88
112
95
103
140
181
236
232
185
173
193
168
95
-23
-49
27
42
79
0
-91
-62
-42
-59
-160
-202
-237
-343
-371
-273
-157
-43
79
123
59
-14
7
-87
-150
-152
-266
-277
-230
-165
-187
-266
-256
-130
-52
-84
-91
-111
-109
-55
50
116
170
306
344
234
174
211
257
249
241
171
69
171
177
75
118
193
267
352
373
292
262
320
374
329
343
450
461
375
245
104
59
137
111
65
38
-36
22
28
-67
-76
-50
-114
-76
-54
-131
-56
-50
-110
-148
-133
-129
-236
-330
-413
-450
-480
-477
-424
-405
-357
-316
-330
-329
-377
-415
-288
-284
-339
-214
-137
-120
-134
-150
-151
-174
-128
-182
-297
-266
-233
-245
-192
-147
-94
0
3
0
-6
-47
21
90
109
129
192
353
414
335
244
244
308
295
165
28
-30
-19
8
0
54
110
215
264
247
265
269
335
322
325
349
371
380
293
217
127
78
5
-42
-6
-41
58
135
61
91
124
191
191
135
85
69
165
100
60
96
79
166
122
65
14
-113
-166
-217
-196
-134
-50
-53
-58
-62
-50
62
63
85
27
-35
32
-71
-178
-127
-129
-146
-201
-294
-217
-143
-147
-144
-208
-203
-43
16
23
55
-9
10
78
47
0
-36
0
103
70
-33
-24
-43
-132
-175
-217
-262
-281
-264
-230
-121
35
74
105
140
132
89
31
15
-26
-83
-173
-179
-190
-232
-145
-191
-292
-280
-288
-303
-332
-299
-182
-149
-158
-134
-40
33
-21
-33
-26
17
60
46
34
-58
-38
3
-44
-24
-15
-108
-125
-15
-46
-27
105
99
192
280
265
390
444
420
411
336
288
257
221
250
198
173
209
195
193
158
207
246
239
260
246
265
313
339
330
288
282
271
237
218
247
222
115
87
56
117
113
44
95
53
-86
-77
-4
-61
-162
-257
-140
-97
-135
-62
-156
-180
-142
-191
-222
-198
-234
-247
-168
-221
-245
-276
-344
-263
-244
-251
-271
-342
-336
-364
-357
-311
-332
-292
-252
-322
-276
-236
-304
-206
-181
-193
-178
-227
-104
-85
-128
-76
-60
-54
-35
-89
-178
-101
-103
-149
-82
-87
-60
-3
30
94
110
187
243
277
343
223
200
286
200
177
172
139
186
200
220
224
152
204
271
227
234
194
200
166
134
254
252
239
289
263
176
106
85
30
39
145
178
168
117
88
141
100
46
53
14
10
10
3
46
5
-38
27
73
-3
-41
32
-16
-93
-109
-69
-10
-47
-75
-87
-90
-56
-25
-106
-124
-81
-106
-45
-80
-165
-133
-153
-195
-238
-233
-170
-242
-262
-219
-224
-191
-134
-59
-50
-86
-116
-58
-45
-123
-141
-156
-36
-28
-166
-88
-64
-123
-79
-86
-94
-21
-11
5
39
51
89
143
243
185
106
137
92
122
173
113
130
181
203
200
135
136
109
116
111
37
119
63
5
134
135
135
136
142
211
123
39
57
2
-62
-60
-92
-125
-91
-94
-158
-159
-113
-93
-77
-69
-126
-127
-98
-136
-172
-204
-167
-138
-233
-327
-315
-292
-286
-233
-244
-224
-181
-182
-151
-167
-131
-122
-102
-57
-33
-8
-28
45
69
-23
-4
28
-107
-87
-64
-148
-12
36
88
181
182
222
259
261
248
305
334
289
199
178
226
269
261
164
222
250
206
256
233
262
309
266
276
305
326
354
231
177
351
278
194
276
271
306
281
189
150
99
34
6
-38
-4
-22
-52
74
87
107
160
129
100
43
-13
-60
-122
-198
-229
-261
-271
-269
-356
-356
-287
-315
-309
-315
-310
-246
-260
-210
-224
-290
-215
-266
-325
-268
-314
-379
-375
-357
-297
-265
-325
-318
-296
-339
-324
-304
-282
-228
-243
-246
-190
-130
-77
-44
39
66
69
20
-6
42
5
-13
-54
-70
-66
-131
-112
-90
-80
46
152
219
198
201
252
279
307
229
204
202
149
149
168
169
180
203
192
160
147
151
135
156
132
138
265
240
229
254
205
195
208
253
197
188
205
213
294
266
168
138
187
95
32
40
34
65
0
41
97
76
129
157
156
78
84
99
10
15
-9
-17
18
-16
-81
-121
-49
-45
-59
-38
-68
-57
-79
-76
-109
-203
-234
-230
-244
-279
-258
-236
-224
-238
-213
-83
-106
-125
-80
-176
-211
-171
-224
-259
-210
-200
-218
-234
-186
-102
-131
-138
-72
-98
-143
-174
-242
-158
-93
-80
-48
-42
59
10
5
148
107
36
112
157
3
-27
27
-55
-70
-35
-53
-75
-83
16
116
118
173
210
300
303
187
226
187
80
87
19
-62
-15
83
134
125
154
189
150
132
158
190
119
105
145
71
80
120
133
103
117
191
89
44
137
119
128
147
76
85
77
-23
-11
-1
-94
-154
-147
-76
-17
1
9
27
70
58
-36
-71
-71
-129
-189
-263
-272
-213
-198
-175
-60
-29
-43
65
64
-67
-123
-139
-260
-323
-310
-342
-295
-264
-208
-97
-58
13
37
-12
0
33
28
9
-52
-116
-128
-147
-150
-84
-4
-22
56
131
80
106
100
111
61
-9
15
-66
-108
-45
41
157
259
271
253
290
266
272
209
34
-22
-63
-77
14
52
41
92
120
97
116
116
40
-16
-46
-82
-75
-28
28
32
113
195
104
84
64
-79
-150
-186
-193
-157
-97
-50
-55
-41
-24
36
23
-12
-42
-120
-128
-132
-88
-91
-63
26
43
44
16
74
84
27
36
-8
-98
-106
-70
-50
-50
-68
-21
-30
-48
45
84
121
127
186
145
52
109
11
7
51
-7
6
48
86
42
107
214
229
173
127
141
27
24
19
-48
20
49
138
221
212
194
189
187
108
49
69
-4
-21
61
38
98
134
116
165
110
8
-45
-48
-110
-216
-222
-126
-43
-46
7
87
-4
-103
-71
-65
-115
-165
-154
-219
-264
-186
-128
-33
-76
-125
-173
-202
-172
-270
-264
-326
-430
-362
-251
-124
-97
-27
1
-70
-29
-41
-92
-155
-253
-244
-189
-167
-153
-81
7
44
120
135
46
-4
-45
-96
-78
-49
7
0
-39
91
143
210
268
226
308
307
299
297
183
153
175
97
66
82
43
80
91
141
216
231
252
175
167
161
123
129
101
148
118
96
169
198
247
205
158
95
28
-41
-153
-130
-134
-215
-191
-79
-5
46
87
95
87
70
41
-29
-23
-34
-101
-167
-157
-21
-35
-92
-94
-79
-33
-179
-234
-135
-166
-161
-168
-129
15
8
-28
83
49
-22
-23
-84
-11
-5
-50
-82
-95
-74
-81
-17
9
63
55
0
1
21
76
48
-31
35
139
-6
-38
95
-13
-67
10
-55
41
77
-49
75
131
61
81
155
176
70
18
16
37
57
-44
-83
0
11
-44
-35
-65
-135
-92
-85
-82
35
114
109
130
161
134
-2
-111
-95
-97
-90
-149
-151
-96
-150
-18
-14
-45
40
-76
-177
-157
-101
-198
-82
44
-175
-5
142
-84
-53
34
-106
-118
-49
-149
-99
-2
-44
53
112
55
69
18
-4
-26
-165
-183
-231
-186
-33
-33
132
291
274
341
376
303
189
73
13
-22
-29
-39
-71
-24
5
32
57
99
241
133
-17
173
161
114
309
208
156
196
90
55
0
-62
-36
-39
-55
60
67
13
42
27
9
-35
-3
57
-17
-69
37
111
22
54
66
18
-38
-139
-123
-220
-216
-158
-180
-110
-25
35
67
102
-17
1
96
-98
-117
-106
-239
-240
-212
-240
-184
23
-28
-18
57
-72
8
-43
-126
-100
-105
38
-29
-131
1
-34
-178
-94
33
-43
-171
-161
-104
-49
-88
-77
257
145
-166
136
66
-289
-153
-56
-205
-175
-9
6
24
70
3
24
179
138
114
150
-52
-218
-220
-151
-46
-98
-68
83
-2
82
207
63
88
185
148
77
188
217
-53
-55
41
49
40
-79
14
125
-4
-43
81
82
126
214
200
262
179
4
67
92
-13
41
76
30
123
117
-49
-70
7
2
45
224
230
85
31
-71
-64
52
29
-42
-26
-18
-108
-121
-27
42
63
116
79
52
40
-129
-108
22
-20
-118
-36
-31
-184
-203
-187
-97
-60
-125
56
135
-135
-224
-51
-150
-249
-36
17
-43
-48
-5
28
42
-47
-141
-103
-182
-257
-241
-207
-213
-188
-35
33
74
67
63
-5
-142
18
-40
-208
62
102
-95
-58
-94
-109
-98
-149
41
131
85
72
204
247
-27
-56
72
45
13
-26
-47
-37
-129
-79
156
175
164
326
267
105
140
52
-63
35
110
83
117
137
5
75
149
64
138
119
94
53
-133
-185
-118
-40
53
136
188
222
153
116
60
17
98
-17
-19
20
-24
3
-120
-101
-74
-118
-118
-157
-33
-34
-181
-62
14
82
163
96
157
46
-65
-27
-121
-127
-170
-235
-105
-15
32
60
39
55
5
-61
-61
-96
-108
-184
-170
-14
-31
50
161
122
196
84
-92
-27
-25
-87
-129
-12
114
-7
35
125
21
-5
-135
-141
-3
-19
-63
31
116
-22
38
129
68
-21
-138
-100
-57
-48
-8
166
249
114
62
122
9
-246
-191
-180
-184
-3
-56
39
88
-48
124
112
-15
70
48
-4
-27
-114
-111
27
18
36
157
-97
-174
29
-91
-45
27
4
133
135
174
190
81
-48
-105
-61
-197
-192
-45
-168
-104
130
77
-36
118
209
154
187
14
-42
-9
-117
-54
26
187
205
106
55
-81
-235
-408
-263
-133
-52
119
90
168
151
109
145
189
158
-69
-109
-74
-125
-179
-64
49
97
198
132
80
-9
-202
-196
-112
-42
58
87
82
37
39
45
-94
-170
-4
84
-21
46
113
78
152
140
87
137
43
-64
-25
-116
-192
-245
-214
4
55
75
90
-55
-90
2
-6
10
98
59
180
287
169
97
9
-25
-144
-242
-117
-170
-310
-232
-95
-36
-5
148
260
186
52
-64
-57
-86
-144
-26
25
-30
29
56
-50
-134
-56
-20
-89
-30
13
-76
-101
-53
-30
0
2
-72
-90
-33
-89
-132
-42
-11
38
60
63
105
63
-9
-18
64
88
-43
-78
65
-57
-180
-15
5
-3
48
41
96
89
66
69
-42
-6
63
-2
44
96
25
63
151
154
183
122
56
114
85
9
8
-44
-36
-48
-75
48
39
-43
-34
21
114
120
137
167
142
153
47
2
31
-56
-14
33
-74
-58
-2
-141
-145
5
63
105
21
-57
-23
-33
-41
-23
-42
-53
-110
-148
-53
-73
-51
-1
-7
67
53
44
76
-59
-140
-40
-135
-192
-166
-184
-99
-110
-153
-90
-32
-61
22
27
13
148
85
-13
-6
29
78
74
-11
-98
-153
-240
-273
-158
-73
-54
16
165
233
189
185
109
-3
-29
-21
-37
-55
-99
-81
29
65
37
32
38
81
86
28
-3
28
71
62
150
191
96
25
-105
-205
-186
-206
-99
25
64
232
247
200
177
170
136
-8
-69
-111
-67
-72
-78
-57
-100
-65
25
193
179
-8
30
76
-29
-32
55
133
121
17
10
33
-135
-225
-74
-66
11
148
91
113
114
56
16
-39
-139
-96
0
-116
-158
-93
-41
-3
108
165
139
146
16
-90
-177
-248
-184
-106
-70
162
210
-5
-15
-120
-121
-79
-115
35
34
-71
-52
-17
-44
-22
9
10
37
-45
-147
-91
-74
-109
38
121
144
218
150
-25
-156
-202
-257
-208
-74
52
28
-14
60
31
49
113
177
176
151
187
20
-153
-99
-70
-72
104
145
-27
-124
-148
-72
-52
-16
148
204
199
216
170
69
-39
-83
-24
52
57
35
-15
-56
-43
24
66
5
120
172
59
-10
-208
-274
-122
-24
88
197
121
-38
-124
-195
-131
63
158
157
183
191
61
-62
-102
-98
-103
-146
-134
-133
-139
-183
-231
-196
-55
112
189
282
238
30
-34
-12
-72
-22
75
36
-36
-17
-127
-274
-222
-228
-71
200
123
129
124
-97
-71
-74
-45
71
7
45
50
-96
-156
-158
-45
23
175
293
150
115
-7
-56
-89
-129
17
24
89
31
-156
-130
-179
-155
27
-6
79
193
59
53
84
76
63
77
182
230
161
-31
-112
-102
-229
-179
-1
-37
5
11
-74
-55
-106
-5
208
238
147
184
165
-55
-103
-114
-149
-48
-17
31
144
82
-56
-25
80
41
15
81
5
-93
-131
-174
-100
8
-4
36
151
30
-73
2
-67
-88
54
123
162
230
185
31
-81
-150
-175
-89
-89
-166
-62
-54
-112
15
67
55
241
261
35
-23
-154
-361
-304
-122
24
207
234
118
173
119
-3
0
-17
-62
-95
-105
-147
-163
-207
-164
-45
-16
61
156
125
-10
-110
-146
-6
170
223
349
332
107
-122
-304
-321
-260
-193
-113
18
90
36
-60
41
201
136
193
247
147
-7
-236
-292
-279
-303
-112
166
274
205
137
109
2
-26
53
138
208
136
-60
-219
-285
-403
-405
-76
136
121
137
95
10
3
48
147
231
213
127
78
-79
-341
-333
-243
-247
-75
158
204
123
-1
-63
-7
-39
41
257
142
25
9
-218
-277
-159
-135
-2
128
157
226
69
-41
-59
-40
190
216
190
106
-137
-308
-363
-264
-99
109
247
230
207
120
25
-31
-38
118
159
0
-29
-57
-251
-254
-154
-74
101
182
167
154
152
57
-10
75
105
164
110
-61
-212
-433
-485
-370
-133
176
259
224
177
164
154
28
89
119
31
-3
-112
-225
-355
-328
-124
43
105
130
119
-8
-97
-42
71
97
101
182
205
52
-178
-333
-410
-214
-90
-55
176
142
160
165
30
201
241
135
130
26
-124
-271
-401
-374
-214
-18
97
162
178
84
65
57
138
221
234
210
36
-75
-228
-293
-277
-301
-91
83
195
300
192
107
112
61
20
-6
-11
-61
-240
-261
-174
-160
-69
75
179
157
145
182
111
55
73
71
50
-2
-81
-160
-222
-347
-345
-175
-68
53
167
272
337
294
158
54
-60
-254
-217
-154
-218
-152
-79
-79
-37
59
169
164
200
273
147
71
11
-85
-162
-161
-120
-130
-164
-195
-172
-167
-61
91
219
374
419
389
268
68
-6
-80
-154
-147
-168
-209
-272
-243
-110
-5
-5
148
364
324
350
392
186
-65
-152
-188
-206
-260
-305
-195
-131
-22
174
304
380
371
349
259
-5
-155
-198
-356
-388
-226
-141
-159
-116
52
102
1
128
277
208
228
241
120
57
-58
-129
-52
-222
-323
-188
-288
-325
-100
99
202
306
271
241
180
-61
-27
-69
-258
-179
-185
-243
-89
-5
-58
-4
114
208
187
115
211
213
-34
-124
-49
-223
-279
-108
-141
-235
-222
-104
-5
102
257
368
367
206
148
114
-130
-264
-213
-180
-125
-124
-148
-102
-71
-21
161
239
211
303
200
10
11
-140
-329
-194
-106
-90
-47
-68
74
145
139
309
330
213
144
58
24
-104
-225
-218
-239
-186
-146
-54
53
4
69
165
144
193
278
278
171
42
-72
-165
-211
-211
-123
-144
-162
10
180
186
172
203
71
20
15
-40
6
-97
-175
-69
-52
-83
-26
-23
-62
0
105
119
91
76
43
64
33
-41
-28
-52
-158
-180
-123
-197
-164
29
129
192
192
153
57
-166
-187
-10
-51
-57
-19
-43
24
-14
11
73
54
131
135
76
16
-103
-183
-231
-195
-103
-125
-83
-19
-5
45
66
145
220
236
279
272
72
-122
-197
-224
-152
-143
-151
-111
-67
13
84
90
125
238
212
164
155
75
-57
-231
-224
-161
-135
-53
35
52
17
122
141
74
98
113
79
-63
-136
-44
-78
-98
15
-5
53
64
-4
31
-53
-13
25
-60
38
84
54
71
21
-62
-99
-128
-113
-20
5
18
41
42
73
19
-10
31
-93
-157
-154
-180
-61
-51
-54
113
146
154
201
159
189
93
-57
-53
-83
-89
-66
-125
-241
-210
-190
-183
16
133
187
278
253
180
198
88
-59
-114
-221
-241
-207
-179
-24
42
39
154
170
108
151
153
62
-56
-92
2
0
26
4
-32
-26
-151
-91
-42
-79
0
157
253
132
161
146
-71
-168
-152
-128
-236
-254
-29
95
52
129
232
154
133
107
10
-85
-176
-110
-56
-29
38
42
9
20
5
-56
-56
0
59
17
-54
-1
26
-56
-93
-76
-49
-124
-110
108
97
39
92
66
92
34
-37
-4
-104
-137
12
56
-35
32
77
0
-90
-133
-12
-71
-65
141
85
47
104
117
122
-61
-111
8
-109
-209
-12
81
-45
3
57
15
-82
-85
19
-61
-33
91
158
175
176
229
122
-90
-185
-83
-82
-189
-107
0
-7
-17
36
74
-1
0
104
53
-46
-24
116
-12
-24
171
-14
-161
-186
-186
-140
-152
7
278
305
267
334
241
34
-113
-194
-193
-280
-301
-141
-133
-178
-109
74
136
109
302
316
108
162
201
93
-20
-145
-82
-159
-301
-261
-238
-253
-142
177
248
247
351
260
130
-44
-103
-92
-212
-130
80
46
-59
-9
4
-26
17
133
119
0
40
38
18
-41
-128
-76
-103
-219
-180
-47
-29
17
161
274
315
288
297
188
-101
-265
-295
-239
-236
-165
-27
-87
-43
40
92
95
68
140
133
95
112
82
-97
-191
-194
-198
-176
-175
-140
-57
37
119
317
394
303
239
154
-15
-186
-222
-231
-272
-332
-239
-118
-72
33
76
94
76
172
280
247
280
196
86
-65
-234
-225
-255
-296
-183
28
99
105
165
129
94
134
111
115
-9
-195
-61
-71
-147
-36
16
126
128
41
29
-89
-124
-6
50
75
98
137
29
-132
-101
-101
-140
-50
104
178
91
68
37
-123
-129
-3
44
44
43
39
55
-33
-144
-90
-28
-16
28
78
66
10
-30
-13
75
59
45
40
-202
-292
-165
-135
-87
26
194
285
233
133
51
-110
-202
-7
11
1
133
137
-19
-142
-85
-65
-94
-68
35
68
30
25
3
30
13
27
57
-30
-58
-30
32
-16
-8
149
71
-4
43
5
-97
-158
-74
76
124
157
239
140
-26
-81
-110
-139
-261
-154
126
60
9
44
-36
-60
-66
25
111
58
76
152
143
40
12
49
-88
-159
-98
-145
-161
-174
-39
185
153
151
202
54
-75
-138
-204
-195
-74
93
119
116
66
10
22
-141
-73
76
-18
160
201
27
0
-116
-203
-219
-175
-105
-57
-60
-36
172
203
187
254
190
56
-121
-155
-216
-243
-106
6
153
152
128
98
-110
-145
-125
-98
33
74
149
130
24
-23
-88
-208
-266
-121
19
45
113
239
206
219
205
85
56
-96
-191
-158
-290
-321
-108
0
33
104
156
110
67
48
58
68
47
134
77
-29
-61
-171
-301
-249
-66
21
130
287
311
216
139
50
-70
-133
-218
-243
-146
-90
-36
-42
14
120
115
155
151
98
2
-53
-25
-55
33
52
-102
-96
-51
-75
-138
-97
111
169
194
312
286
91
-59
-116
-232
-317
-253
-145
-108
-58
34
29
95
133
114
217
237
179
98
-1
-44
-61
-140
-227
-227
-168
-131
-132
-4
99
109
225
285
290
196
21
-115
-234
-286
-303
-127
27
9
87
118
54
57
120
163
142
28
-2
-12
-94
-168
-193
-133
-183
-94
65
25
54
140
194
185
175
179
42
-91
-116
-159
-213
-174
-106
0
117
77
80
146
69
23
76
-8
-84
-9
-74
-172
-113
-159
-156
-6
38
102
158
139
154
217
182
94
34
-49
-153
-173
-208
-259
-196
-101
21
28
85
187
144
98
48
7
-35
-45
39
28
-37
-91
-152
-78
-40
32
83
43
75
58
71
46
-10
5
-46
-103
-98
-117
-136
-141
-88
95
193
194
212
128
130
88
-125
-142
-123
-188
-188
-69
16
-14
52
53
6
67
126
135
155
124
-60
-173
-173
-168
-92
-8
25
47
41
62
173
232
197
188
124
-51
-199
-270
-360
-372
-190
-49
41
206
205
151
207
200
118
56
136
74
-50
-26
-83
-227
-247
-160
-114
-24
-50
17
128
89
213
188
145
170
-19
-163
-232
-263
-222
-110
-31
92
227
179
189
195
